-0.017434 0.276535 0.321713 -0.00905634 0.431332 0.289332 0.722409 0.365248 -0.195257 -0.301735 -0.0768929 0.2024 
-0.0110182 0.232399 -0.120323 0.1742 0.558855 0.102615 0.488445 0.0243609 -0.573287 -0.0384055 -0.024937 0.0909673 
-0.140469 -0.0459535 0.10509 -0.065742 -0.316522 0.461957 -0.0938708 0.0565752 -0.540745 0.10566 -0.306822 0.291974 
-0.0566417 -0.0661238 0.0658285 -0.173499 -0.0285053 -0.0793883 -0.175932 -0.192396 -0.204564 0.731232 -0.628307 0.297425 
-0.0784042 0.0928129 -0.113422 -0.514386 -0.0944801 -0.61521 -0.353567 0.263156 -0.548183 0.123546 -0.403238 0.038372 
0.0549049 0.0671138 0.153093 -0.35333 0.261384 0.502401 -0.097885 0.281876 0.345935 -0.170839 0.254248 0.0234341 
0.195693 -0.249132 -0.081884 -0.0832761 0.21108 0.00504187 -0.413748 0.551473 0.764536 -0.1412 0.290706 -0.180667 
-0.0395869 -0.201947 -0.0300304 0.286236 0.151472 0.0399816 0.155976 0.0578795 0.0937013 -0.268605 0.185714 -0.0136416 
0.0457966 -0.0583627 -0.158818 0.257675 0.509723 0.00921138 -0.260783 -0.0553056 0.0891549 -0.618205 0.660442 -0.213351 
0.124638 0.127412 -0.477678 0.333114 0.299495 0.123687 0.302451 0.263586 -0.216841 0.106083 0.318697 -0.152212 
0.0192547 0.403079 0.209916 -0.0336672 -0.139171 0.171604 -0.883435 -0.185062 -0.421654 0.287744 -0.356009 -0.0751699 
-0.0201335 0.0683942 0.209709 -0.111473 0.0744721 0.205712 -0.360557 0.417751 -0.425179 -0.100585 0.34228 0.0230918 
-0.0428872 -0.00392793 -0.226611 -0.753449 0.568862 -0.200063 -0.469871 -0.185021 -0.85949 -0.325761 0.304966 -0.183639 
0.0114072 0.200177 0.251431 0.499905 -0.170179 -0.868336 -0.728471 -0.567558 0.380363 0.583909 0.0527683 -0.303425 
0.047991 0.13226 0.189994 0.885452 0.253986 -0.736299 -0.0680527 -0.175358 -0.139268 0.688434 -0.268068 -0.130616 
0.0539446 0.118587 -0.0825555 0.162726 -0.178603 -0.540092 0.193214 0.443943 -0.653878 0.162529 -0.226965 -0.171318 
0.0549228 -0.154596 0.302158 0.590302 -0.0879807 0.0367264 1.16884 0.332127 -0.429694 -0.366507 -0.095948 -0.107779 
0.349255 0.389674 0.867045 0.037375 0.0663216 0.0309618 -0.484787 -0.42407 -0.0146037 -0.738893 0.0990609 0.0257183 
1.13491 1.03722 0.902203 0.332878 -0.162763 -0.130947 -0.126853 1.36966 -0.253221 -0.833799 -0.233225 -0.190915 
1.51352 1.44889 0.867723 0.419233 0.214432 -0.809818 0.271881 1.02673 0.606918 -0.39968 0.0466549 -0.120718 
1.50781 1.22096 1.43234 0.16396 0.144184 0.0247279 0.536455 0.835135 0.774558 -0.322912 -0.204093 -0.166713 
1.48228 0.568906 0.970005 0.034839 0.261617 -0.63342 0.232311 0.772941 0.603412 -0.322701 -0.134144 -0.047032 
1.5063 0.459436 0.755407 -0.221983 -0.0644612 -0.439478 -0.425055 0.171757 0.332527 0.347882 -0.0949764 -0.0177998 
1.48286 0.586652 0.537423 -0.256841 0.565936 -0.831177 -0.33239 0.180837 0.536316 -0.155753 -0.403355 -0.0593019 
1.59718 1.08932 0.507356 0.412095 0.570473 -0.66921 0.287905 -0.123248 1.44016 -0.507552 -0.270439 -0.153278 
1.5125 1.34921 0.580586 0.352149 0.457816 0.704754 0.391315 1.21504 1.66004 -1.19145 -0.182204 -0.19922 
1.53833 1.28821 0.752598 -0.543563 0.179634 0.464571 0.266563 0.85549 1.29862 -1.11971 0.00372677 -0.160857 
1.75533 1.16545 0.921308 -0.248918 0.478258 -0.173215 0.79366 0.661319 1.04108 -0.155408 0.0151396 -0.0132875 
1.59824 1.04832 1.21335 0.281112 -0.189719 -0.768711 0.980794 0.711032 0.470043 -0.143698 0.227615 0.0419437 
1.63743 0.91271 0.883467 0.0517946 -0.311221 -0.954473 0.885998 0.495713 0.865161 -0.516392 0.29728 0.172703 
1.63604 0.697561 0.811429 -0.0437611 -0.615213 -0.476212 1.0751 0.0531612 1.56597 -0.106828 0.181895 0.115332 
1.60878 0.696094 0.729511 0.518904 0.147806 -0.502843 0.579448 0.610074 1.10895 -0.424015 0.256567 0.177698 
1.5719 0.824436 0.739767 -0.387202 0.308389 -0.664685 0.348792 0.935201 0.475247 -0.123655 -0.213617 -0.00574914 
1.54744 0.742661 0.247055 -0.466048 0.627938 -0.724417 -0.686316 -0.416135 0.905576 0.437371 -0.0100236 -0.0712335 
1.66157 0.0292481 0.457309 -0.408393 -0.215149 -1.09742 -0.311666 0.0831744 0.243614 -0.157793 0.0865598 0.0716557 
1.70611 0.468011 0.571886 0.277992 0.4362 -0.630836 0.868307 1.02104 -0.0840249 -0.261381 -0.513606 -0.147104 
1.68088 0.716015 1.29215 -0.249476 0.78101 -0.288142 0.0449587 0.277133 0.438944 -0.0372679 -0.149822 -0.0510104 
1.78305 0.952939 1.40403 0.466618 0.46666 -0.45196 -0.310614 0.73538 -0.048434 -0.30262 0.182945 0.0515034 
1.78147 0.870678 1.16119 0.657866 0.674838 0.00319338 0.272909 0.74887 0.393963 -0.680578 0.368382 0.258991 
1.73554 0.643165 1.0059 0.628151 0.895621 -0.344925 0.561296 0.719569 0.25069 -0.913482 0.311912 0.334357 
1.73207 0.564629 0.326408 -0.106778 0.245853 -0.874039 -0.0419372 0.290277 -0.212198 -0.950464 -0.370375 -0.0664424 
1.59713 0.501876 0.259435 0.402908 0.952518 -0.595565 -0.110597 0.210993 0.156327 -0.428249 -0.577662 -0.249956 
1.58634 1.11084 0.794989 0.217745 1.95154 0.366959 0.63409 0.218691 0.786938 0.0781903 -0.316629 -0.149434 
1.60876 1.05281 1.06836 0.282519 0.843188 -0.453141 0.0364996 -0.0696615 0.261899 -0.509067 0.00695012 0.103645 
1.73893 0.494461 0.841719 0.215629 -0.23112 -1.43274 0.267095 -0.240316 0.561948 -0.385389 -0.243139 0.0922772 
1.75265 0.719643 0.690417 -0.010999 -0.234629 -1.21674 0.145567 -0.456333 0.326819 -0.726471 0.0477872 0.240013 
1.74513 0.848759 0.901254 0.243503 0.304263 -0.125824 -0.613869 -0.313957 0.565446 -0.939814 0.03399 0.300632 
1.57107 0.991406 1.37111 0.189086 0.857421 -0.141724 0.0451716 0.0831819 0.530892 0.158433 0.464694 0.229244 
1.64333 1.05325 1.44065 -0.0542692 1.13937 -0.589456 -0.944081 1.00225 1.25109 0.262185 0.282653 0.0493457 
1.79202 1.14144 1.22917 -0.00590416 0.923449 -0.85972 -0.101211 0.132989 0.741773 -1.1145 0.0433557 0.275798 
1.74941 0.855499 0.446203 0.0212004 0.721488 -0.279533 -0.0665971 0.136085 1.27288 -0.666158 -0.061876 0.0536949 
1.7217 1.07545 0.759356 -0.102181 0.497507 -0.839456 0.331472 0.521405 1.20143 -0.0909087 -0.165496 -0.0647836 
1.72868 1.17032 1.32864 0.14792 0.416185 -1.31295 0.812537 0.711803 0.51743 0.198529 -0.133155 -0.00590309 
1.66008 1.12918 0.786052 0.123313 0.502564 -0.993987 1.6719 0.0499428 0.226558 -0.146254 -0.049582 0.0460748 
1.69124 0.97575 0.614081 0.182142 0.0942464 -0.16623 1.26473 0.0628828 0.0570934 -0.695466 0.185043 0.128114 
1.71213 0.881825 0.467453 0.233476 0.941855 -0.524028 0.45224 0.169538 0.0647894 -0.491244 -0.0377366 0.0471066 
1.8046 1.02523 0.697325 -0.165651 0.705432 -0.685276 0.527996 -0.000507405 0.975411 -0.392627 -0.15487 0.103297 
1.66892 0.812616 0.949713 -0.183204 0.139098 -0.495799 0.611267 -0.563885 0.888209 -0.24853 -0.227763 0.0899454 
1.65806 1.02469 0.539991 -0.348725 0.424361 -0.557923 0.283004 -0.154165 0.828839 -0.20593 0.0114134 0.0866228 
1.6317 0.952007 0.732086 -0.0458553 0.553003 -0.681406 0.342914 -0.182005 0.967745 -0.441076 0.181058 0.149782 
1.62118 1.07074 0.780504 0.641065 0.028583 -1.05367 1.13738 -0.187012 1.51684 -0.489706 -0.0138337 0.0212803 
1.37059 0.041172 0.745213 0.495823 0.358918 -1.68032 0.867222 -0.321273 0.888347 0.143507 -0.431105 0.00703217 
1.42978 0.0532751 0.605726 -0.0862079 -0.0445293 -1.42272 0.423053 -0.497766 0.0910381 -0.224559 -0.447319 0.131926 
1.57892 0.346765 0.795254 -0.102653 -0.00152835 -1.66886 -0.060658 -0.0422737 0.131508 -0.0926302 0.0193935 0.175802 
1.60889 0.822652 0.425216 0.197712 -0.225307 -1.81668 0.763154 -0.399888 1.03371 -0.090893 0.163032 0.149512 
1.70834 1.05438 0.686962 0.752185 0.425679 -1.10062 -0.198059 -0.537423 1.07338 -0.714915 0.483928 0.369233 
1.56399 1.18952 0.798229 0.0523206 0.687624 -1.35109 0.0672043 -0.236755 0.384065 -0.464281 0.189344 0.241098 
1.56717 0.976747 0.615613 0.018346 -0.0592231 -0.199711 0.145053 0.338391 0.00584428 -0.501058 -0.208014 -0.0915031 
1.59812 0.892557 1.47462 0.312209 0.654894 -0.319029 0.62806 -0.140894 0.476378 -0.552489 -0.349529 -0.0462148 
1.54364 1.4067 1.14583 0.357914 1.04396 -0.138771 0.241097 -0.988421 -0.0888178 0.313793 -0.0732721 -0.0722404 
1.39135 1.16878 0.882764 0.676027 0.474803 -1.2272 1.06793 0.497336 0.543031 -0.0372952 0.163355 0.0475636 
1.43329 1.47499 0.78926 0.457907 -0.0666718 -0.616669 0.602974 -0.107061 0.118602 -0.321689 -0.053543 -0.0946845 
1.71475 0.857548 1.11267 0.293095 0.133075 -0.837066 0.255246 -0.0187456 0.851102 -0.363318 -0.144062 0.0110811 
1.66392 0.663534 0.646562 -0.122052 -0.0314138 -1.00619 0.957694 -0.261532 0.339439 -0.380408 -0.0715321 -0.0121783 
1.66052 0.742138 0.638995 -0.442227 0.339097 -0.980165 0.29365 -1.29378 0.723654 0.223786 0.122123 0.104524 
1.81478 0.704136 1.02115 0.977656 0.430443 -0.561679 0.326318 -1.54742 0.959747 0.0340911 0.165151 0.0976667 
1.77195 0.627357 1.08255 1.03759 0.77367 0.0298075 0.555945 -0.247056 -0.072624 -0.074844 0.307814 0.12315 
1.86944 0.630821 1.17479 0.14314 -0.0309154 0.0901797 0.835387 -0.20677 0.0818457 -0.286759 0.0963302 0.169958 
1.92076 0.69551 0.85111 -0.108227 -0.0610823 -0.571104 -0.14742 0.384187 0.644574 -0.726228 -0.0403066 0.257019 
1.92155 0.934685 0.864234 -0.00354403 0.619057 0.0183565 0.361039 -0.477556 0.669084 -0.638545 -0.0254407 0.261897 
1.91076 0.897711 1.48851 0.538581 0.94244 -0.0940381 0.573874 0.0169397 0.921016 -0.315674 0.134098 0.322275 
1.86825 0.8353 1.34237 0.0626194 0.683217 -0.327469 0.593505 -0.00889559 0.214943 0.541616 0.295559 0.101494 
1.77948 0.766787 0.915156 0.346413 0.415205 0.0191833 0.925885 0.255029 0.444385 -0.0288707 -0.367289 -0.18043 
1.76035 0.869056 0.677658 -0.274662 0.634646 -0.540846 0.0457082 0.0519819 0.430543 -0.221325 -0.315552 -0.170797 
1.98747 1.15026 1.34088 -0.1656 0.315795 0.108673 -0.108448 0.267419 0.754306 -0.559629 0.0200593 0.130838 
1.85033 1.02154 1.60924 -0.27819 0.634022 0.0436641 -0.112777 -0.118325 0.165552 -0.424473 -0.0465175 0.0167273 
1.70734 0.85199 0.941279 -0.183297 0.156483 -0.352389 -0.281621 -0.263327 0.85236 -0.106682 -0.00437236 -0.057394 
1.87144 0.606158 0.449169 -0.345016 0.557992 -0.407515 0.272935 0.461661 0.412961 -0.331546 -0.229504 -0.119208 
1.84553 0.731485 0.51518 0.0551998 0.751578 -0.437897 -0.259514 -0.0421491 0.44557 -0.182989 -0.267424 -0.0625671 
1.70791 0.566028 0.60772 -0.214247 0.398614 -0.217527 -0.378981 -0.326151 0.171453 -0.142076 -0.0320236 0.0996851 
1.66821 0.455976 0.144249 -0.416075 -0.189055 -0.144349 -0.110805 -0.133734 0.659601 -0.334337 -0.0287538 -0.0183073 
1.81078 0.944802 0.345434 0.573188 -0.555265 -0.358723 0.386682 -0.35744 0.679338 -0.536831 0.0974286 0.131203 
1.82365 0.690843 1.05523 0.626554 -0.364052 0.0754234 0.115239 -0.63542 1.10988 -0.180792 -0.132011 0.10759 
1.77273 0.820368 1.16001 0.140349 -0.134348 0.152061 1.24558 -0.0834362 0.409262 -0.344408 -0.172069 -0.0612764 
1.66621 1.16953 1.19849 -0.256733 0.597444 0.15201 0.507689 -0.684113 -0.0500894 -0.416122 -0.103627 0.00153934 
1.77317 1.24293 0.646409 0.548694 0.0812382 -0.505514 0.275444 -0.989895 -0.158063 -0.447717 0.200718 0.0953719 
1.75544 0.912049 0.0763814 -0.252503 -0.59079 -0.57162 0.826923 0.289321 0.629626 -0.868666 -0.276281 -0.0831006 
1.74281 0.729315 0.223478 -0.304478 -0.585212 -0.700725 0.543435 -0.0405108 0.719604 -0.955315 -0.372385 -0.0742208 
1.67283 1.00828 0.717249 0.0513523 0.107999 -0.52608 0.7377 -0.951868 0.321248 -0.372379 -0.0418367 0.0473059 
1.77898 1.06655 1.28751 0.572947 0.165922 -0.471105 0.84159 -0.527082 0.724575 -0.236953 -0.12329 0.0128444 
2.05164 0.78645 1.3517 0.683926 0.195204 -0.397186 1.02385 -0.101167 0.100789 -0.202426 -0.114306 0.0633789 
1.80902 0.949131 0.751697 0.0432841 1.12446 -0.156959 1.04585 0.302673 0.0106448 -0.421812 -0.000601552 0.166954 
1.7458 1.02223 0.774273 0.432756 1.15917 -0.695402 0.147143 -0.218638 0.567935 -0.49546 0.337805 0.242092 
1.92039 0.649083 0.664558 0.83632 0.379015 -1.32098 0.834468 -0.168544 0.633814 -0.282816 0.00229643 0.108215 
1.87111 1.02332 0.854843 0.106706 0.363998 -0.831888 0.0176497 -0.47793 0.539088 -0.606399 -0.127166 0.102148 
1.72674 0.790059 0.315466 0.267204 0.261851 -1.24587 -0.323312 -0.872464 -0.0732209 -0.775808 -0.0804191 0.013464 
1.80524 1.00925 0.531317 0.0482797 0.423891 -1.17441 0.959277 0.341618 0.340081 -0.138303 0.134266 0.149916 
1.82151 1.02748 0.408376 -0.0605572 0.450216 -0.435479 0.975646 0.579872 0.146861 0.0799593 0.279535 0.14883 
1.68514 1.161 1.07049 0.291949 -0.142599 -0.893521 0.47916 0.314105 0.314237 -0.190984 0.463136 0.244739 
1.83325 0.666815 1.27879 0.406092 0.139344 -0.284834 0.667006 0.591505 0.287841 -0.0904149 -0.146876 -0.0582386 
1.81138 0.765622 1.1233 0.23031 0.212305 -0.774413 0.332442 0.11069 0.288544 0.523363 -0.0175476 -0.00833277 
1.86683 1.06874 0.762267 -0.00194812 0.0309007 -0.927936 0.482924 -0.547061 0.333501 0.289595 -0.219024 -0.125945 
1.85202 0.945699 0.786174 0.296065 0.0839826 -0.909431 -0.246339 -0.640521 0.627399 -0.0625506 -0.11225 -0.0306437 
1.83123 1.1669 0.828418 0.0581929 -0.180254 0.31776 0.387603 -0.312832 0.939736 -0.432624 -0.0692367 -0.0214495 
1.81536 1.44742 1.25274 0.0907581 0.910618 0.234205 -0.459456 -0.9274 0.151197 -0.363289 0.0591301 0.000734748 
1.70568 0.929374 1.48342 0.052034 0.236361 -0.983419 0.0604245 -0.875411 0.170105 -0.183197 0.150642 0.292852 
1.82682 0.84518 1.27933 0.641174 -0.413672 -0.999908 0.665 -0.246063 0.358217 -0.0314167 0.224292 0.164537 
1.85022 1.14597 1.01684 -0.525681 -0.0213923 -0.727889 0.938785 -0.195548 1.00601 -0.11478 -0.0535589 0.159624 
1.95797 0.782921 1.09035 -0.063925 0.54175 -0.811976 0.754932 0.0203502 0.854888 -0.200644 -0.0554006 0.260144 
1.76923 0.708215 0.580592 -0.398169 0.0508119 -1.02453 1.04491 0.213417 0.772433 -0.439676 -0.0557164 0.122969 
1.80534 0.773855 0.843074 -0.193847 0.123434 -0.770534 0.396839 -0.535185 0.533567 -0.345055 -0.282946 0.0731548 
1.81875 0.820627 0.727634 0.812415 0.792824 -0.243866 -0.507827 -0.740645 0.441971 -0.0542852 -0.162437 -0.0392745 
1.96633 0.852388 0.50833 0.576941 -0.150105 -0.38573 -0.33009 -0.301222 0.820456 0.29227 -0.106337 -0.13502 
1.83203 0.71203 0.60577 0.284599 -0.167937 -0.152964 0.220447 0.372233 0.683287 0.617214 0.228869 0.00132742 
1.82096 0.570775 0.464139 -0.177547 -0.0960163 -0.014188 0.293124 0.102972 0.995355 0.0184256 0.0144048 0.0472048 
1.83006 0.375204 0.577267 -0.779002 0.049681 -1.06148 0.602127 0.174357 0.260826 -0.204005 -0.0771692 0.149532 
1.73434 0.576891 1.19975 -0.292475 0.216521 -1.28088 1.56708 -0.0402262 0.428903 -0.0806511 0.154501 0.390946 
1.83915 0.740836 0.530595 0.010532 -0.0529807 -1.04854 1.16008 -0.415135 0.0956625 -0.219945 0.0741727 0.176214 
1.67341 0.836703 0.645787 -0.17259 0.140222 -0.1687 0.986731 -0.347258 0.100491 -0.495214 -0.0048941 0.11449 
1.77641 1.02478 0.811196 0.371741 -0.517137 -0.340816 0.253855 -0.628321 1.06745 -0.480515 0.158316 0.225451 
1.95709 0.709823 0.747651 0.15123 0.480256 -0.776493 0.291755 -0.261024 0.760624 -0.0937279 -0.187205 0.128122 
1.90223 0.64935 1.01219 -0.22645 0.5425 -0.522918 -0.0955489 -0.103911 -0.104329 0.487706 0.30725 0.12585 
1.89702 0.679224 0.0981391 0.502122 0.950951 -0.781385 0.736158 0.279179 0.127679 0.00982885 0.14831 0.146231 
1.68989 0.676976 0.22123 0.351379 0.542903 -0.885043 0.390626 0.353553 0.127415 -0.159707 0.351783 0.244443 
1.7461 0.823918 1.42422 0.673278 0.0250577 -1.3279 -0.00656708 -0.284255 0.0949338 0.419106 0.263138 0.104294 
1.883 0.781097 0.7097 0.406492 0.620977 -1.46874 -0.146894 -0.33798 0.222479 0.130504 0.167915 0.124874 
1.88026 0.478204 0.978902 -0.317262 0.800069 -1.10323 0.0873521 0.121487 0.0855165 0.0925676 0.0499368 0.0848619 
1.80179 0.620635 0.958717 -0.425304 0.182556 -0.368696 0.766655 -0.72621 0.14642 -0.559406 -0.180202 0.149239 
1.8113 1.20868 1.09518 -0.0869662 -0.447649 -0.905504 -0.0134112 -1.17555 1.16268 -0.157429 -0.136268 0.0467738 
1.83508 1.33428 0.964369 -0.0629051 -0.197004 -1.39426 0.447939 -0.562047 1.50635 -0.452365 -0.441077 -0.140647 
1.87764 0.735458 0.859899 0.329811 0.377609 -0.775071 0.512095 0.654549 0.749628 -0.830215 -0.46133 0.0190299 
1.87087 0.846792 0.975618 0.584558 0.485015 -0.198509 0.151518 0.36443 0.706087 -0.682161 -0.217539 0.0626003 
1.90293 1.00578 1.36073 1.33568 0.247798 0.306968 0.41702 -0.593937 1.16935 -1.00567 -0.584277 -0.025247 
1.84809 0.877862 1.40278 0.396646 -0.00425591 -0.387322 1.14969 0.120928 0.307592 -1.22604 -0.274638 0.148685 
1.76147 0.782039 0.803327 0.122446 0.373445 -0.822869 0.738449 -0.197393 -0.0422864 -0.939437 -0.053002 0.220403 
1.88387 0.860703 0.829972 -0.0678553 -0.688041 -0.0934199 -0.0126031 -0.226958 0.327475 -0.324463 -0.184472 -0.0173189 
1.83976 0.970367 0.992703 -0.362524 -0.392866 0.0214452 0.784638 0.454829 0.595174 -0.365466 -0.180583 -0.0659459 
1.66591 1.23531 0.798888 -0.0331715 0.56592 -0.836092 0.651479 0.808673 0.185276 -0.149515 -0.073355 -0.0955527 
1.8626 0.638534 0.766846 0.157052 0.559914 -1.66805 0.223909 0.515477 1.0523 0.260062 0.150583 0.259252 
1.71111 0.664503 0.405178 0.716106 -0.448812 -0.299583 0.0972506 0.096463 0.903984 0.235785 0.0347374 -0.0281907 
