1 0 0 0 0 

0.8 0.2 0 0 0 
0 0.8 0.2 0 0 
0 0 0.8 0.2 0 
0 0 0 0.8 0.2 
0 0 0 0 1 


3.33067e-016 1e-040 0.244699 8.35587e-009 1e-040 1e-040 1e-040 1e-040 0.140666 0.225536 1e-040 4.31355e-009 0.0969723 0.0171799 0.256032 1e-040 0.0045036 1e-040 1e-040 1e-040 1e-040 0.00186607 1e-040 1e-040 1e-040 1e-040 0.012509 3.63408e-005 1.24331e-010 1e-040 4.1412e-009 1.03188e-007 
1e-040 -4.44089e-016 0.32687 1.73591e-007 1e-040 1e-040 1e-040 1e-040 0.112906 0.12192 1e-040 9.21119e-008 0.194196 0.0472446 0.0948562 1e-040 0.0191403 1e-040 1e-040 1e-040 1e-040 0.00990454 1e-040 1e-040 1e-040 1e-040 0.0725103 0.000449145 2.95286e-009 1e-040 8.47672e-008 1.89502e-006 
1e-040 1e-040 0.270641 1.78368e-006 1e-040 1e-040 1e-040 1e-040 0.0964007 0.0409602 1e-040 9.72651e-007 0.174168 0.0590558 0.0836045 1e-040 0.0382806 1e-040 1e-040 1e-040 1e-040 0.0253171 1e-040 1e-040 1e-040 1e-040 0.20881 0.00274093 3.46961e-008 1e-040 8.59972e-007 1.71827e-005 
1e-040 1e-040 0.188359 1.20862e-005 1e-040 1e-040 1e-040 1e-040 0.0992859 0.0102416 1e-040 6.77179e-006 0.092563 0.0442919 0.0623207 1e-040 0.0478507 1e-040 1e-040 1e-040 1e-040 0.0419588 1e-040 1e-040 1e-040 1e-040 0.401979 0.011022 2.68895e-007 1e-040 5.7685e-006 0.000102554 
1e-040 1e-040 0.0334536 0.0869559 1e-040 1e-040 1e-040 1e-040 0.0413366 0.0870149 1e-040 0.0695649 0.0105261 0.0274882 0.0218777 1e-040 0.00392282 1e-040 1e-040 1e-040 1e-040 0.0226502 1e-040 1e-040 1e-040 1e-040 0.187139 0.216772 0.00869564 1e-040 0.113043 0.0695599 


3.1895e-208

15 10 9 3 3 10 15 13 13 3 13 14 3 3 3 9 9 17 15 27 27 22 27 27 27 27 27 27 27 27 27 27 27 27 27 27 27 27 27 27 27 22 27 27 27 28 27 28 28 28 28 28 28 28 28 28 28 28 28 28 28 28 28 28 22 28 28 28 28 28 28 32 32 32 32 28 32 32 32 32 31 4 4 4 12 12 12 12 4 4 4 31 31 10 10 29 10 10 10 10 10 10 31 31 12 12 4 12 9 9 31 31 14 12 31 31 31 31 31 4 15 10 31 4 15 9 3 9 10 14 14 13 3 4 3 9 
1 2 3 4 5 5 5 5 5 5 5 5 5 5 5 5 5 5 5 5 5 5 5 5 5 5 5 5 5 5 5 5 5 5 5 5 5 5 5 5 5 5 5 5 5 5 5 5 5 5 5 5 5 5 5 5 5 5 5 5 5 5 5 5 5 5 5 5 5 5 5 5 5 5 5 5 5 5 5 5 5 5 5 5 5 5 5 5 5 5 5 5 5 5 5 5 5 5 5 5 5 5 5 5 5 5 5 5 5 5 5 5 5 5 5 5 5 5 5 5 5 5 5 5 5 5 5 5 5 5 5 5 5 5 5 5 