1 0 0 0 0 

0.8 0.2 0 0 0 
0 0.8 0.2 0 0 
0 0 0.8 0.2 0 
0 0 0 0.8 0.2 
0 0 0 0 1 


7.77156e-016 0.00879609 0.575858 9.03398e-009 1e-040 1e-040 1e-040 1e-040 1.84288e-007 1.15718e-007 8.54395e-012 2.2848e-006 0.296931 0.0268438 1.15792e-005 0.00204727 0.0524288 1e-040 1e-040 1e-040 1e-040 1e-040 0.000594706 1e-040 1e-040 0.0210533 1e-040 1e-040 0.0109951 1e-040 6.65645e-006 0.00443091 
1e-040 0.0307863 0.372177 1.73676e-007 1e-040 1e-040 1e-040 1e-040 2.99205e-006 1.95133e-006 2.28551e-010 2.91417e-005 0.281527 0.0604018 0.000133932 0.0151062 0.0786432 1e-040 1e-040 1e-040 1e-040 1e-040 0.00455723 1e-040 1e-040 0.0968223 1e-040 1e-040 0.0357341 1e-040 9.18037e-005 0.0239845 
1e-040 0.0500278 0.294924 1.65266e-006 1e-040 1e-040 1e-040 1e-040 2.40591e-005 1.62102e-005 3.0283e-009 0.000182248 0.140081 0.0604268 0.000759832 0.0554286 0.049152 1e-040 1e-040 1e-040 1e-040 1e-040 0.0169486 1e-040 1e-040 0.215459 1e-040 1e-040 0.0536012 1e-040 0.000624884 0.0623422 
1e-040 0.0500278 0.195586 1.03858e-005 1e-040 1e-040 1e-040 1e-040 0.000127906 8.84377e-005 2.64976e-008 0.000744981 0.0556467 0.0353755 0.00281931 0.135595 0.016384 1e-040 1e-040 1e-040 1e-040 1e-040 0.0407567 1e-040 1e-040 0.311291 1e-040 1e-040 0.0491344 1e-040 0.00280072 0.103611 
1e-040 0.00284727 0.0359177 0.0660372 1e-040 1e-040 1e-040 1e-040 0.103766 0.0565987 0.00943396 0.0565586 0.0483874 0.114007 0.0469941 0.17886 0.00016 1e-040 1e-040 1e-040 1e-040 1e-040 0.0253369 1e-040 1e-040 0.0544988 1e-040 1e-040 0.00238373 1e-040 0.179079 0.0191336 


1.12221e-194

3 3 13 3 13 13 17 3 3 14 13 3 3 29 2 3 26 26 26 26 32 26 26 32 32 16 26 26 16 23 16 16 23 23 16 16 16 16 16 16 26 16 16 16 16 15 16 16 16 16 15 12 31 31 31 16 16 31 31 31 31 14 3 9 31 31 31 10 10 31 31 31 31 9 15 13 4 3 9 13 13 9 14 31 31 12 9 14 31 9 14 9 9 9 4 4 14 31 4 4 12 14 31 9 14 10 4 11 13 15 10 12 12 12 4 14 13 10 15 3 14 14 14 14 9 10 10 
1 2 3 4 5 5 5 5 5 5 5 5 5 5 5 5 5 5 5 5 5 5 5 5 5 5 5 5 5 5 5 5 5 5 5 5 5 5 5 5 5 5 5 5 5 5 5 5 5 5 5 5 5 5 5 5 5 5 5 5 5 5 5 5 5 5 5 5 5 5 5 5 5 5 5 5 5 5 5 5 5 5 5 5 5 5 5 5 5 5 5 5 5 5 5 5 5 5 5 5 5 5 5 5 5 5 5 5 5 5 5 5 5 5 5 5 5 5 5 5 5 5 5 5 5 5 5 