1 0 0 0 0 

0.8 0.2 0 0 0 
0 0.833333 0.166667 0 0 
0 0 0.909091 0.0909091 0 
0 0 0 0.908341 0.0916591 
0 0 0 0 1 


0.2 1e-040 1e-040 1e-040 1e-040 1e-040 1e-040 1e-040 4.15267e-112 0.2 1e-040 1e-040 1e-040 0.4 1e-040 1e-040 1e-040 1e-040 1e-040 1e-040 1e-040 1e-040 1e-040 1e-040 1e-040 1e-040 1e-040 1e-040 0.2 1e-040 1e-040 1e-040 
0.166667 1e-040 1e-040 1e-040 1e-040 1e-040 1e-040 1e-040 0.666667 2.7601e-014 1e-040 1e-040 7.42602e-054 0.166667 1e-040 1e-040 1e-040 1e-040 1e-040 1e-040 1e-040 1e-040 1e-040 1e-040 1e-040 1e-040 1e-040 1e-040 2.94629e-188 1e-040 1e-040 1e-040 
3.9812e-047 1e-040 1e-040 1e-040 1e-040 1e-040 1e-040 1e-040 7.13249e-133 1e-040 1e-040 1e-040 0.272727 1e-040 1e-040 1e-040 3.67257e-169 1.65058e-065 0.727273 1e-040 1e-040 1e-040 1e-040 1e-040 1e-040 1e-040 1e-040 1e-040 1e-040 1e-040 1e-040 1e-040 
1e-040 1e-040 1e-040 1.11022e-016 1e-040 1e-040 1e-040 1e-040 1e-040 1e-040 1e-040 1e-040 1e-040 1e-040 1e-040 1e-040 0.816682 0.183318 2.28674e-182 1e-040 7.18534e-182 1e-040 1e-040 1e-040 1e-040 1e-040 1e-040 1e-040 7.17389e-073 1e-040 1e-040 1e-040 
0.0240703 1e-040 0.084246 0.0601757 -2.22045e-016 1e-040 1e-040 1e-040 0.120351 0.216633 1e-040 0.0120351 0.0240703 0.0722108 0.0361054 1e-040 0.061259 7.59552e-172 1e-040 1e-040 0.0361054 1e-040 1e-040 1e-040 0.0120351 1e-040 1e-040 1e-040 0.168492 0.0120351 0.0601757 1e-040 


1.52828e-102

1 14 14 29 10 9 9 9 14 9 1 13 13 13 19 19 19 19 19 19 19 19 18 18 17 17 17 17 17 17 17 17 17 29 21 21 30 21 29 29 17 17 29 29 29 17 17 17 25 15 3 3 10 29 29 29 29 29 29 29 29 31 31 10 10 12 10 10 4 4 9 10 4 15 1 3 14 14 14 10 10 31 31 31 15 4 10 10 10 14 14 10 10 10 9 14 4 9 9 3 13 13 10 10 3 3 3 10 10 9 9 9 1 9 9 9 9 
1 1 1 1 1 2 2 2 2 2 2 3 3 3 3 3 3 3 3 3 3 3 4 4 4 4 4 4 4 4 4 4 4 5 5 5 5 5 5 5 5 5 5 5 5 5 5 5 5 5 5 5 5 5 5 5 5 5 5 5 5 5 5 5 5 5 5 5 5 5 5 5 5 5 5 5 5 5 5 5 5 5 5 5 5 5 5 5 5 5 5 5 5 5 5 5 5 5 5 5 5 5 5 5 5 5 5 5 5 5 5 5 5 5 5 5 5 