1 0 0 0 0 

0.8 0.2 0 0 0 
0 0.8 0.2 0 0 
0 0 0.8 0.2 0 
0 0 0 0.8 0.2 
0 0 0 0 1 


5.55112e-016 5.5214e-009 0.289088 9.32534e-009 1e-040 1e-040 1e-040 1e-040 0.292915 5.75635e-010 1e-040 5.53548e-008 0.169943 0.16 1.1114e-009 1e-040 0.0109888 1e-040 1e-040 1e-040 1e-040 1.07778e-008 1e-040 1e-040 0.065536 1e-040 0.0114944 2.34269e-005 1.25947e-006 2.84561e-006 1.75257e-010 7.22978e-006 
1e-040 1.07667e-007 0.504806 1.85502e-007 1e-040 1e-040 1e-040 1e-040 0.117654 1.33181e-008 1e-040 9.90403e-007 0.1374 0.04 2.47561e-008 1e-040 0.0490442 1e-040 1e-040 1e-040 1e-040 2.15158e-007 1e-040 1e-040 0.08192 1e-040 0.0687397 0.000278564 1.8457e-005 3.97682e-005 4.21327e-009 9.72244e-005 
1e-040 1.0363e-006 0.502046 1.82845e-006 1e-040 1e-040 1e-040 1e-040 0.0843212 1.52696e-007 1e-040 8.77619e-006 0.0630502 7.58472e-008 2.7321e-007 1e-040 0.103538 1e-040 1e-040 1e-040 1e-040 2.12093e-006 1e-040 1e-040 0.04096 1e-040 0.203395 0.00162272 0.000133277 0.000273582 5.01362e-008 0.00064569 
1e-040 6.56322e-006 0.363692 1.19112e-005 1e-040 1e-040 1e-040 1e-040 0.0542544 1.15689e-006 1e-040 5.13787e-005 0.0229376 6.03634e-007 1.99225e-006 1e-040 0.137427 1e-040 1e-040 1e-040 1e-040 1.37629e-005 1e-040 1e-040 0.01024 1e-040 0.400494 0.0061722 0.00063236 0.00123532 3.93702e-007 0.00282667 
1e-040 0.00970836 0.0359402 0.0679605 1e-040 1e-040 1e-040 1e-040 0.0315949 0.0582524 1e-040 0.0582495 0.0488674 0.0582524 0.0582523 1e-040 0.0145147 1e-040 1e-040 1e-040 1e-040 0.0291254 1e-040 1e-040 6.52427e-005 1e-040 0.219217 0.0481506 0.0485056 0.0484684 0.0194175 0.145457 


3.67725e-190

9 14 13 3 9 25 3 13 3 3 3 3 3 9 3 3 3 17 17 17 27 27 27 27 27 27 27 27 27 27 27 27 27 27 27 27 27 27 27 27 27 27 27 27 27 27 28 28 28 28 28 32 32 32 30 30 32 29 29 30 30 32 32 32 32 29 29 32 30 12 32 32 32 32 32 32 12 4 2 22 22 22 12 12 4 29 12 15 12 4 10 15 4 4 14 31 10 10 4 31 14 14 15 14 15 15 15 10 10 14 14 3 9 9 10 9 4 13 13 13 13 13 3 3 
1 2 3 4 5 5 5 5 5 5 5 5 5 5 5 5 5 5 5 5 5 5 5 5 5 5 5 5 5 5 5 5 5 5 5 5 5 5 5 5 5 5 5 5 5 5 5 5 5 5 5 5 5 5 5 5 5 5 5 5 5 5 5 5 5 5 5 5 5 5 5 5 5 5 5 5 5 5 5 5 5 5 5 5 5 5 5 5 5 5 5 5 5 5 5 5 5 5 5 5 5 5 5 5 5 5 5 5 5 5 5 5 5 5 5 5 5 5 5 5 5 5 5 5 