1 0 0 0 0 

0.811754 0.188246 0 0 0 
0 0.839162 0.160838 0 0 
0 0 0.93536 0.0646397 0 
0 0 0 0.97134 0.0286598 
0 0 0 0 1 


0.247016 1e-040 0.376492 1e-040 1e-040 1e-040 1e-040 1e-040 1e-040 1e-040 1e-040 1e-040 0.376492 1e-040 3.48799e-079 1e-040 1e-040 1e-040 1e-040 1e-040 1e-040 1e-040 1e-040 1e-040 1e-040 1e-040 1e-040 1e-040 1e-040 1e-040 1e-040 1e-040 
1 1.11022e-016 -7.75921e-030 1e-040 1e-040 1e-040 1e-040 1e-040 1e-040 1e-040 1e-040 1e-040 1.17389e-153 1e-040 2.36699e-016 1e-040 1.79292e-161 1e-040 1e-040 1e-040 1e-040 1e-040 1e-040 1e-040 1e-040 1e-040 1e-040 1e-040 1e-040 1e-040 1e-040 1e-040 
0.288963 1e-040 -2.29771e-063 1e-040 1e-040 1e-040 1e-040 1e-040 0.0646397 0.129279 0.0646397 1e-040 0.0646397 1e-040 0.193919 1e-040 0.129279 1e-040 1e-040 1e-040 1e-040 1e-040 1e-040 1e-040 0.0646397 1e-040 7.98405e-034 1e-040 1e-040 1e-040 1e-040 1e-040 
1e-040 1e-040 1e-040 1e-040 1e-040 1e-040 1e-040 1e-040 1e-040 1e-040 1e-040 1e-040 1e-040 1e-040 2.46339e-045 1e-040 1e-040 1e-040 1e-040 1e-040 1e-040 0.0573196 1e-040 1e-040 1e-040 1e-040 0.171959 0.315258 8.79908e-148 1e-040 1e-040 0.455464 
1e-040 1e-040 0.0832086 0.0416043 -2.22045e-016 1e-040 1e-040 1e-040 0.0693405 0.0277362 1e-040 0.208021 0.0138681 0.0970767 1e-040 1e-040 1e-040 1e-040 1e-040 1e-040 1e-040 1e-040 1e-040 1e-040 1e-040 1e-040 1e-040 4.08023e-135 0.0277362 0.0416043 0.346702 0.0431012 


2.59184e-102

3 1 13 13 3 1 1 1 1 1 1 1 15 15 13 17 17 25 9 10 1 1 1 1 10 11 15 27 27 27 22 27 27 28 28 27 32 28 28 28 22 28 28 28 32 32 28 28 32 28 32 32 32 32 32 32 32 32 32 32 32 32 29 29 30 30 30 12 31 31 14 14 12 12 32 32 32 31 31 31 31 31 31 12 31 12 31 12 12 31 31 12 12 12 14 10 31 31 31 31 31 4 9 12 12 14 9 13 3 3 31 31 12 12 10 31 31 31 31 31 14 4 9 3 3 3 14 9 14 3 31 12 4 9 9 
1 1 1 1 1 2 2 2 2 2 2 2 3 3 3 3 3 3 3 3 3 3 3 3 3 3 3 4 4 4 4 4 4 4 4 4 4 4 4 4 4 4 4 4 4 4 4 4 4 4 4 4 4 4 4 4 4 4 4 4 4 4 5 5 5 5 5 5 5 5 5 5 5 5 5 5 5 5 5 5 5 5 5 5 5 5 5 5 5 5 5 5 5 5 5 5 5 5 5 5 5 5 5 5 5 5 5 5 5 5 5 5 5 5 5 5 5 5 5 5 5 5 5 5 5 5 5 5 5 5 5 5 5 5 5 