1 0 0 0 0 

0.8 0.2 0 0 0 
0 0.8 0.2 0 0 
0 0 0.8 0.2 0 
0 0 0 0.8 0.2 
0 0 0 0 1 


0.493912 0.0521547 1.20039e-005 3.26087e-008 0.00311048 0.00830455 0.0324576 1e-040 1.0333e-006 3.97358e-007 1.06799e-011 1e-040 0.344242 2.51904e-009 3.53667e-007 1e-040 0.00026855 1e-040 1e-040 1e-040 1e-040 1e-040 1e-040 1e-040 0.065536 1e-040 1e-040 1e-040 1e-040 1e-040 2.42834e-010 1e-040 
0.139999 0.134843 0.00014287 6.3005e-007 0.0155988 0.0368883 0.115427 1e-040 1.53389e-005 5.91693e-006 2.83018e-010 1e-040 0.472636 5.26623e-008 5.96461e-006 1e-040 0.0025178 1e-040 1e-040 1e-040 1e-040 1e-040 1e-040 1e-040 0.08192 1e-040 1e-040 1e-040 1e-040 1e-040 5.58517e-009 1e-040 
0.114085 0.18647 0.000838007 6.03533e-006 0.0385436 0.0784896 0.19203 1e-040 0.000112046 4.34237e-005 3.71461e-009 1e-040 0.336748 5.45766e-007 4.96105e-005 1e-040 0.0116241 1e-040 1e-040 1e-040 1e-040 1e-040 1e-040 1e-040 0.04096 1e-040 1e-040 1e-040 1e-040 1e-040 6.35313e-008 1e-040 
0.201809 0.203176 0.00323688 3.82282e-005 0.0639286 0.107699 0.198448 1e-040 0.000536999 0.000209529 3.21933e-008 1e-040 0.17505 3.74042e-006 0.000271296 1e-040 0.0353529 1e-040 1e-040 1e-040 1e-040 1e-040 1e-040 1e-040 0.01024 1e-040 1e-040 1e-040 1e-040 1e-040 4.76485e-007 1e-040 
0.0589715 0.104875 0.122442 0.141507 0.0225858 0.0173877 0.0123414 1e-040 0.0754403 0.0377236 0.00943396 1e-040 0.116572 0.0660375 0.0754563 1e-040 0.129728 1e-040 1e-040 1e-040 1e-040 1e-040 1e-040 1e-040 6.33962e-005 1e-040 1e-040 1e-040 1e-040 1e-040 0.00943394 1e-040 


1.12221e-194

1 1 1 13 13 25 13 13 2 13 13 13 2 7 7 7 7 6 6 5 2 2 1 1 1 1 1 1 2 1 2 6 1 5 5 17 17 17 17 2 2 13 13 13 17 2 3 17 3 17 2 17 17 17 17 17 17 17 9 10 9 9 3 3 3 15 15 3 15 15 15 15 15 4 10 3 3 3 3 4 4 4 14 4 4 9 9 10 9 4 4 4 31 4 4 4 14 14 4 3 14 14 15 4 9 10 11 4 2 2 14 2 2 13 9 13 13 3 14 13 13 13 3 13 13 13 13 
1 2 3 4 5 5 5 5 5 5 5 5 5 5 5 5 5 5 5 5 5 5 5 5 5 5 5 5 5 5 5 5 5 5 5 5 5 5 5 5 5 5 5 5 5 5 5 5 5 5 5 5 5 5 5 5 5 5 5 5 5 5 5 5 5 5 5 5 5 5 5 5 5 5 5 5 5 5 5 5 5 5 5 5 5 5 5 5 5 5 5 5 5 5 5 5 5 5 5 5 5 5 5 5 5 5 5 5 5 5 5 5 5 5 5 5 5 5 5 5 5 5 5 5 5 5 5 