1 0 0 0 0 

0.8 0.2 0 0 0 
0 0.8 0.2 0 0 
0 0 0.8 0.2 0 
0 0 0 0.8 0.2 
0 0 0 0 1 


0.151519 0.0268435 0.149475 1.26571e-010 1e-040 1e-040 1e-040 1e-040 0.16 0.0437504 1.46295e-006 4.07082e-009 0.38432 3.88703e-008 2.92394e-009 6.42775e-008 8.62718e-009 1e-040 1e-040 1e-040 1e-040 1.85202e-007 1e-040 1e-040 0.041943 0.024739 0.00019807 8.84976e-005 0.0112704 0.00583979 9.86668e-007 1.03768e-005 
0.227672 0.060398 0.117687 3.01613e-009 1e-040 1e-040 1e-040 1e-040 0.04 0.150007 1.93953e-005 8.3904e-008 0.15872 7.07381e-007 5.96446e-008 1.07665e-006 1.63916e-007 1e-040 1e-040 1e-040 1e-040 3.04513e-006 1e-040 1e-040 0.0734005 0.0769658 0.00153505 0.000959917 0.055687 0.0367937 1.47997e-005 0.000134681 
0.148833 0.060398 0.068398 3.55819e-008 1e-040 1e-040 1e-040 1e-040 1.25685e-007 0.248043 0.000126187 8.54221e-007 0.0499218 6.35474e-006 6.01879e-007 8.88235e-006 1.53672e-006 1e-040 1e-040 1e-040 1e-040 2.46801e-005 1e-040 1e-040 0.0550515 0.110295 0.00575642 0.00509847 0.132756 0.114309 0.000109681 0.000861014 
0.0559879 0.0352322 0.0402653 2.77088e-007 1e-040 1e-040 1e-040 1e-040 9.77152e-007 0.266015 0.00053711 5.72687e-006 0.0067318 3.75768e-005 4.0073e-006 4.81127e-005 9.47642e-006 1e-040 1e-040 1e-040 1e-040 0.000131467 1e-040 1e-040 0.0229455 0.0963791 0.0139114 0.0176746 0.204672 0.235259 0.000535871 0.00361551 
0.0568219 0.00080039 0.0104755 0.0186916 1.11022e-016 1e-040 1e-040 1e-040 0.0467289 0.0977656 0.0186596 0.0186913 0.0934723 0.0747643 0.0560745 0.00934308 0.00934527 1e-040 1e-040 1e-040 1e-040 0.0373757 1e-040 1e-040 0.00965699 0.00428137 0.00834575 0.0736532 0.0558698 0.159243 0.0653897 0.0745504 


3.50689e-196

13 9 3 13 13 1 1 25 1 2 3 10 26 26 10 10 10 10 29 29 29 29 30 30 30 30 10 30 29 30 29 27 30 30 30 30 30 30 30 30 30 28 28 28 28 28 28 28 28 32 32 30 30 11 32 32 32 32 31 31 32 30 32 29 29 22 22 16 30 31 31 31 14 14 31 31 17 25 13 22 13 15 12 12 11 10 14 1 1 1 1 13 10 9 9 4 10 15 10 10 9 9 9 13 14 14 15 13 13 15 22 13 10 4 13 1 15 14 1 10 10 14 13 13 14 3 15 3 
1 2 3 4 5 5 5 5 5 5 5 5 5 5 5 5 5 5 5 5 5 5 5 5 5 5 5 5 5 5 5 5 5 5 5 5 5 5 5 5 5 5 5 5 5 5 5 5 5 5 5 5 5 5 5 5 5 5 5 5 5 5 5 5 5 5 5 5 5 5 5 5 5 5 5 5 5 5 5 5 5 5 5 5 5 5 5 5 5 5 5 5 5 5 5 5 5 5 5 5 5 5 5 5 5 5 5 5 5 5 5 5 5 5 5 5 5 5 5 5 5 5 5 5 5 5 5 5 