1 0 0 0 0 

0.8 0.2 0 0 0 
0 0.8 0.2 0 0 
0 0 0.8 0.2 0 
0 0 0 0.8 0.2 
0 0 0 0 1 


0.00703687 0.103395 0.167936 3.14318e-009 0.211114 1e-040 1e-040 1e-040 1.94267e-010 0.00865412 0.00230451 0.00553906 0.288 0.2 1.11862e-008 4.07407e-011 1e-040 1e-040 1e-040 1e-040 1e-040 0.00227483 1e-040 1e-040 1.06799e-011 2.26156e-009 1e-040 4.15384e-005 0.00360288 1e-040 3.32546e-006 9.77002e-005 
0.0263883 0.135607 0.15872 6.6703e-008 0.457065 1e-040 1e-040 1e-040 4.51671e-009 0.0403541 0.0143182 0.0286027 0.104 2.57572e-007 2.24764e-007 1.01852e-009 1e-040 1e-040 1e-040 1e-040 1e-040 0.0172108 1e-040 1e-040 2.83018e-010 4.63621e-008 1e-040 0.000394615 0.016213 1e-040 4.8361e-005 0.00107719 
0.0461795 0.091118 0.0601601 6.99917e-007 0.48492 1e-040 1e-040 1e-040 5.19421e-008 0.0898739 0.0427374 0.0708328 0.00800001 2.46741e-006 2.23307e-006 1.26042e-008 1e-040 1e-040 1e-040 1e-040 1e-040 0.0637141 1e-040 1e-040 3.71461e-009 4.69416e-007 1e-040 0.00182509 0.0344525 1e-040 0.000347615 0.00583293 
0.0500278 0.0453853 0.0118405 4.8413e-006 0.343871 1e-040 1e-040 1e-040 3.93894e-007 0.127259 0.0815789 0.112103 1.22016e-007 1.56308e-005 1.46293e-005 1.02934e-007 1e-040 1e-040 1e-040 1e-040 1e-040 0.154148 1e-040 1e-040 3.21933e-008 3.12944e-006 1e-040 0.00547528 0.0459367 1e-040 0.00164742 0.0206889 
0.00359018 0.00124973 0.0102726 0.030612 0.0154607 1e-040 1e-040 1e-040 0.0102041 0.0374418 0.0234215 0.0909654 0.0714286 0.0918358 0.10204 0.0102041 1e-040 1e-040 1e-040 1e-040 1e-040 0.151156 1e-040 1e-040 0.0102041 0.0102039 1e-040 0.00980936 0.00509158 1e-040 0.183569 0.13124 


1.23388e-182

14 13 13 3 2 3 5 5 5 5 2 5 5 5 5 1 5 10 29 12 10 10 12 12 11 11 11 22 22 22 22 22 22 22 22 22 22 22 28 22 22 32 32 32 32 32 32 32 32 32 32 22 22 32 31 32 22 31 31 32 31 12 31 31 31 31 31 12 12 12 31 31 31 31 31 14 12 12 12 15 15 15 26 4 14 31 31 4 4 14 14 15 3 9 10 14 31 10 14 14 16 15 15 15 13 15 25 15 13 13 13 15 13 14 14 13 13 31 26 
1 2 3 4 5 5 5 5 5 5 5 5 5 5 5 5 5 5 5 5 5 5 5 5 5 5 5 5 5 5 5 5 5 5 5 5 5 5 5 5 5 5 5 5 5 5 5 5 5 5 5 5 5 5 5 5 5 5 5 5 5 5 5 5 5 5 5 5 5 5 5 5 5 5 5 5 5 5 5 5 5 5 5 5 5 5 5 5 5 5 5 5 5 5 5 5 5 5 5 5 5 5 5 5 5 5 5 5 5 5 5 5 5 5 5 5 5 5 5 