1 0 0 0 0 

0.75 0.25 0 0 0 
0 0.666667 0.333333 0 0 
0 0 0.955222 0.0447778 0 
0 0 0 0.953745 0.0462549 
0 0 0 0 1 


1e-040 1e-040 0.75 1e-040 1e-040 1e-040 1e-040 1e-040 0.25 1e-040 1e-040 1e-040 6.94337e-035 1e-040 1e-040 1e-040 1e-040 1e-040 1e-040 1e-040 1e-040 1e-040 1e-040 1e-040 1e-040 1e-040 1e-040 1e-040 1e-040 1e-040 1e-040 1e-040 
1e-040 1e-040 3.72146e-039 1e-040 1e-040 1e-040 1e-040 1e-040 4.37978e-226 1e-040 1e-040 1e-040 0.666667 1e-040 1e-040 1e-040 1e-040 1e-040 1e-040 1e-040 1e-040 1e-040 1e-040 1e-040 0.333333 1e-040 2.22442e-058 1e-040 1e-040 1e-040 1e-040 1e-040 
1e-040 1e-040 3.66126e-247 1e-040 1e-040 1e-040 1e-040 1e-040 7.32252e-247 1e-040 1e-040 1e-040 1e-040 1e-040 1e-040 1e-040 1e-040 1e-040 1e-040 1e-040 1e-040 1e-040 1e-040 1e-040 1.42573e-067 1e-040 1 4.97328e-126 1e-040 1.13037e-088 1e-040 1e-040 
1e-040 1e-040 3.78204e-247 -2.22045e-016 1e-040 1e-040 1e-040 1e-040 1e-040 1e-040 -7.28239e-043 9.24479e-016 1.51282e-246 1e-040 1e-040 9.92882e-158 1e-040 1e-040 1e-040 1e-040 1e-040 1e-040 1e-040 1e-040 7.56408e-247 1e-040 0.400914 0.367812 1e-040 0.231275 1e-040 1e-040 
0.0338707 1e-040 0.0169353 0.203224 -4.44089e-016 1e-040 1e-040 1e-040 0.118547 0.101612 0.0169353 0.050806 0.0338707 0.0169353 1e-040 0.0846766 1e-040 1e-040 1e-040 1e-040 1e-040 0.0338707 1e-040 1e-040 1e-040 1e-040 1e-040 0.017751 1e-040 3.60845e-221 0.050806 0.220159 


1.79358e-077

3 3 9 3 13 13 25 27 27 27 27 27 27 27 27 27 27 27 27 27 27 27 27 27 27 27 27 27 27 27 30 28 27 27 27 27 27 28 30 30 28 30 28 28 28 28 27 27 27 30 28 12 11 16 28 22 32 32 22 32 32 32 32 32 32 32 32 32 32 32 31 16 16 16 31 16 12 4 4 10 4 4 4 13 1 4 4 4 10 4 4 9 10 10 12 4 31 10 10 9 9 4 3 9 14 9 9 9 13 1 1 
1 1 1 1 2 2 2 3 3 3 3 3 3 3 3 3 3 3 3 3 3 3 3 3 3 3 3 3 3 3 4 4 4 4 4 4 4 4 4 4 4 4 4 4 4 4 4 4 4 4 4 5 5 5 5 5 5 5 5 5 5 5 5 5 5 5 5 5 5 5 5 5 5 5 5 5 5 5 5 5 5 5 5 5 5 5 5 5 5 5 5 5 5 5 5 5 5 5 5 5 5 5 5 5 5 5 5 5 5 5 5 