1 0 0 0 0 

0.8 0.2 0 0 0 
0 0.8 0.2 0 0 
0 0 0.8 0.2 0 
0 0 0 0.8 0.2 
0 0 0 0 1 


0.281044 0.513983 3.42312e-007 0.128 1e-040 1e-040 1e-040 1e-040 2.93094e-010 4.41712e-009 1e-040 2.08426e-009 0.0101333 3.21007e-009 3.01152e-007 1.44203e-006 1e-040 0.0524288 1e-040 1e-040 1e-040 1e-040 0.0112295 0.00317912 5.51941e-007 1e-040 1e-040 1e-040 1e-040 1e-040 1e-040 1e-040 
0.478668 0.254164 5.47652e-006 0.064001 1e-040 1e-040 1e-040 1e-040 6.95551e-009 8.72381e-008 1e-040 4.45221e-008 0.0416608 6.6081e-008 5.03474e-006 2.06712e-005 1e-040 0.0786432 1e-040 1e-040 1e-040 1e-040 0.065286 0.017537 8.34236e-006 1e-040 1e-040 1e-040 1e-040 1e-040 1e-040 1e-040 
0.435564 0.189893 4.32045e-005 0.00800875 1e-040 1e-040 1e-040 1e-040 8.17088e-008 8.50571e-007 1e-040 4.69971e-007 0.0805211 6.73302e-007 4.16428e-005 0.0001461 1e-040 0.049152 1e-040 1e-040 1e-040 1e-040 0.189218 0.0473482 6.20147e-005 1e-040 1e-040 1e-040 1e-040 1e-040 1e-040 1e-040 
0.298207 0.133211 0.000224117 5.00655e-005 1e-040 1e-040 1e-040 1e-040 6.33501e-007 5.45783e-006 1e-040 3.26827e-006 0.0972067 4.52818e-006 0.000227282 0.000679243 1e-040 0.016384 1e-040 1e-040 1e-040 1e-040 0.369644 0.0838499 0.000302244 1e-040 1e-040 1e-040 1e-040 1e-040 1e-040 1e-040 
0.0178207 0.00632266 0.0697516 0.104648 1e-040 1e-040 1e-040 1e-040 0.0348837 0.0116275 1e-040 0.0232556 0.079679 0.0348834 0.104635 0.0580903 1e-040 0.000197209 1e-040 1e-040 1e-040 1e-040 0.381664 0.0376794 0.034862 1e-040 1e-040 1e-040 1e-040 1e-040 1e-040 1e-040 


1.42257e-164

2 2 4 2 1 1 18 1 1 2 1 1 2 2 1 1 13 13 1 23 24 23 23 23 23 23 23 24 24 23 23 23 23 23 23 23 23 23 23 23 23 23 23 23 23 23 23 23 23 23 24 23 23 23 23 23 16 16 23 23 25 25 3 13 15 15 3 3 4 16 16 15 16 23 15 15 15 15 15 10 15 14 4 4 4 12 12 3 3 4 4 14 25 3 9 9 13 14 4 4 4 13 13 13 13 9 13 
1 2 3 4 5 5 5 5 5 5 5 5 5 5 5 5 5 5 5 5 5 5 5 5 5 5 5 5 5 5 5 5 5 5 5 5 5 5 5 5 5 5 5 5 5 5 5 5 5 5 5 5 5 5 5 5 5 5 5 5 5 5 5 5 5 5 5 5 5 5 5 5 5 5 5 5 5 5 5 5 5 5 5 5 5 5 5 5 5 5 5 5 5 5 5 5 5 5 5 5 5 5 5 5 5 5 5 