1 0 0 0 0 

0.8 0.2 0 0 0 
0 0.8 0.2 0 0 
0 0 0.8 0.2 0 
0 0 0 0.8 0.2 
0 0 0 0 1 


6.66134e-016 0.0214748 0.0943718 4.1147e-008 1e-040 1e-040 1e-040 1e-040 1.52268e-014 0.000101412 1e-040 0.000386856 0.709974 0.0109951 0.00812491 0.0204093 1.10631e-007 1e-040 1e-040 1e-040 6.96898e-006 1.00353e-005 1e-040 1e-040 0.128 0.000320592 1e-040 5.30802e-005 2.57361e-007 6.52287e-006 0.00575632 7.94876e-006 
1e-040 0.0536871 0.152044 7.09894e-007 1e-040 1e-040 1e-040 1e-040 5.35224e-013 0.000862002 1e-040 0.002708 0.52741 0.0357341 0.0335815 0.102456 1.97927e-006 1e-040 1e-040 1e-040 8.01433e-005 0.00011903 1e-040 1e-040 0.0640006 0.00297705 1e-040 0.000578432 4.10366e-006 9.09893e-005 0.0235647 0.000100986 
1e-040 0.060398 0.104202 6.03568e-006 1e-040 1e-040 1e-040 1e-040 9.34384e-012 0.00355576 1e-040 0.00913949 0.375775 0.0536012 0.0690674 0.250817 1.74644e-005 1e-040 1e-040 1e-040 0.000450806 0.000691114 1e-040 1e-040 0.00800575 0.0134868 1e-040 0.00308513 3.22113e-005 0.000624574 0.0464119 0.000631105 
1e-040 0.0402653 0.0393223 3.37143e-005 1e-040 1e-040 1e-040 1e-040 1.08019e-010 0.00948203 1e-040 0.0198023 0.223117 0.0491345 0.0966949 0.401604 0.000101317 1e-040 1e-040 1e-040 0.00165296 0.00261788 1e-040 1e-040 3.58768e-005 0.0397272 1e-040 0.0107355 0.000165917 0.00281249 0.0601058 0.00258837 
1e-040 0.000959317 0.0638913 0.0873 2.22045e-016 1e-040 1e-040 1e-040 0.031746 0.070873 1e-040 0.0304747 0.0144335 0.0416879 0.118751 0.0803458 0.0396777 1e-040 1e-040 1e-040 0.00784957 0.0157366 1e-040 1e-040 0.0555539 0.116805 1e-040 0.039109 0.015865 0.0792248 0.0422286 0.047487 


8.85265e-225

13 13 25 13 13 13 3 3 13 13 2 13 13 14 13 15 31 16 16 16 16 16 16 16 16 16 15 15 12 16 16 16 16 31 10 26 26 26 26 26 26 26 28 28 28 28 21 22 22 32 28 32 32 30 30 30 30 30 30 30 30 30 30 29 32 29 32 32 31 4 17 17 17 17 17 25 25 25 26 26 25 26 15 25 26 15 15 15 15 15 13 3 26 15 31 26 31 26 31 12 16 15 15 15 15 3 15 14 3 3 26 14 14 4 4 4 4 4 4 4 10 3 10 4 4 10 10 12 15 4 10 12 10 10 10 25 25 3 9 14 3 3 14 9 9 9 9 
1 2 3 4 5 5 5 5 5 5 5 5 5 5 5 5 5 5 5 5 5 5 5 5 5 5 5 5 5 5 5 5 5 5 5 5 5 5 5 5 5 5 5 5 5 5 5 5 5 5 5 5 5 5 5 5 5 5 5 5 5 5 5 5 5 5 5 5 5 5 5 5 5 5 5 5 5 5 5 5 5 5 5 5 5 5 5 5 5 5 5 5 5 5 5 5 5 5 5 5 5 5 5 5 5 5 5 5 5 5 5 5 5 5 5 5 5 5 5 5 5 5 5 5 5 5 5 5 5 5 5 5 5 5 5 5 5 5 5 5 5 5 5 5 5 5 5 