1 0 0 0 0 

0.8 0.2 0 0 0 
0 0.8 0.2 0 0 
0 0 0.8 0.2 0 
0 0 0 0.8 0.2 
0 0 0 0 1 


0.635058 0.128 3.37444e-007 6.08361e-009 1e-040 1e-040 1e-040 1e-040 6.29156e-008 9.99733e-008 1e-040 1e-040 0.0189298 4.37101e-010 0.00360288 1e-040 0.200001 1e-040 1e-040 1e-040 1e-040 1e-040 0.00281462 0.0115838 9.55799e-006 1e-040 1e-040 1e-040 1e-040 1e-040 1e-040 1e-040 
0.764495 0.064 5.328e-006 1.25183e-007 1e-040 1e-040 1e-040 1e-040 1.18901e-006 1.7368e-006 1e-040 1e-040 0.0724532 1.01019e-008 0.016213 1e-040 1.74202e-005 1e-040 1e-040 1e-040 1e-040 1e-040 0.0204866 0.0622027 0.000123813 1e-040 1e-040 1e-040 1e-040 1e-040 1e-040 1e-040 
0.590271 0.008 4.1555e-005 1.27262e-006 1e-040 1e-040 1e-040 1e-040 1.11111e-005 1.49157e-005 1e-040 1e-040 0.130589 1.15473e-007 0.0344526 1e-040 0.0001215 1e-040 1e-040 1e-040 1e-040 1e-040 0.0727519 0.162957 0.000787792 1e-040 1e-040 1e-040 1e-040 1e-040 1e-040 1e-040 
0.352553 2.68808e-008 0.000213525 8.52103e-006 1e-040 1e-040 1e-040 1e-040 6.84729e-005 8.44772e-005 1e-040 1e-040 0.147411 8.70379e-007 0.0459368 1e-040 0.000554995 1e-040 1e-040 1e-040 1e-040 1e-040 0.168157 0.281728 0.00328239 1e-040 1e-040 1e-040 1e-040 1e-040 1e-040 1e-040 
0.0977696 0.0210526 0.0526179 0.0315784 1e-040 1e-040 1e-040 1e-040 0.189469 0.0842052 1e-040 1e-040 0.0858219 0.0210526 0.0368313 1e-040 0.021016 1e-040 1e-040 1e-040 1e-040 1e-040 0.11241 0.183238 0.0629367 1e-040 1e-040 1e-040 1e-040 1e-040 1e-040 1e-040 


4.04317e-178

17 1 2 1 1 1 1 1 1 1 1 1 1 1 13 1 13 13 15 24 24 24 24 24 24 24 23 23 23 23 23 23 23 23 23 23 23 23 24 24 24 24 24 24 24 24 24 24 24 24 25 25 25 25 24 25 17 13 17 1 1 3 25 1 1 1 1 3 10 10 1 1 3 9 9 9 9 3 9 9 10 4 10 4 4 9 9 10 9 10 13 10 14 14 9 9 10 9 9 9 13 9 9 9 15 15 15 13 13 9 2 2 3 13 13 14 
1 2 3 4 5 5 5 5 5 5 5 5 5 5 5 5 5 5 5 5 5 5 5 5 5 5 5 5 5 5 5 5 5 5 5 5 5 5 5 5 5 5 5 5 5 5 5 5 5 5 5 5 5 5 5 5 5 5 5 5 5 5 5 5 5 5 5 5 5 5 5 5 5 5 5 5 5 5 5 5 5 5 5 5 5 5 5 5 5 5 5 5 5 5 5 5 5 5 5 5 5 5 5 5 5 5 5 5 5 5 5 5 5 5 5 5 