1 0 0 0 0 

0.8 0.2 0 0 0 
0 0.8 0.2 0 0 
0 0 0.8 0.2 0 
0 0 0 0.8 0.2 
0 0 0 0 1 


3.33067e-016 1e-040 6.36115e-009 0.00184386 1e-040 1e-040 1e-040 1e-040 0.790285 0.16302 0.00141728 1.89773e-010 1.73427e-011 9.65317e-012 5.67855e-008 0.0160497 5.79063e-007 8.03469e-008 1e-040 1e-040 1e-040 6.90175e-009 1e-040 1e-040 1.87167e-007 2.66438e-005 1e-040 1e-040 6.89623e-007 9.88926e-005 0.027257 4.78905e-007 
1e-040 -6.66134e-016 1.27935e-007 0.0119192 1e-040 1e-040 1e-040 1e-040 0.423283 0.383583 0.0106758 4.60168e-009 4.7522e-010 2.69471e-010 1.07898e-006 0.0527609 9.1528e-006 1.32572e-006 1e-040 1e-040 1e-040 1.32859e-007 1e-040 1e-040 3.21734e-006 0.000266889 1e-040 1e-040 1.02486e-005 0.00108655 0.116392 6.94412e-006 
1e-040 1e-040 1.27059e-006 0.0370816 1e-040 1e-040 1e-040 1e-040 0.148032 0.442443 0.0391094 5.5249e-008 6.45343e-009 3.73067e-009 1.0156e-005 0.0840756 7.12132e-005 1.07715e-005 1e-040 1e-040 1e-040 1.26216e-006 1e-040 1e-040 2.72786e-005 0.00130505 1e-040 1e-040 7.48768e-005 0.0058951 0.241812 4.94769e-005 
1e-040 1e-040 8.30738e-006 0.0739485 1e-040 1e-040 1e-040 1e-040 0.033344 0.357847 0.0929147 4.37912e-007 5.79046e-008 3.41546e-008 6.31645e-005 0.0883185 0.000363563 5.7448e-005 1e-040 1e-040 1e-040 7.88848e-006 1e-040 1e-040 0.000152085 0.00415565 1e-040 1e-040 0.00035849 0.0210701 0.327159 0.000230892 
1e-040 1e-040 0.0310074 0.0416747 3.33067e-016 1e-040 1e-040 1e-040 0.0544595 0.149345 0.0641815 0.0542635 0.0310077 0.0620155 0.17054 0.0216587 0.0309905 0.00774924 1e-040 1e-040 1e-040 0.00775158 1e-040 1e-040 0.0387526 0.0230328 1e-040 1e-040 0.0154867 0.12294 0.0654023 0.00774078 


2.70161e-229

9 9 9 9 9 9 9 10 10 10 10 10 16 10 31 10 31 31 10 31 16 31 31 31 31 4 4 4 11 11 11 11 11 10 10 10 11 11 10 30 26 10 10 30 30 30 30 30 30 30 30 30 30 30 30 30 30 30 32 29 29 4 17 17 17 17 18 25 25 25 26 26 15 25 25 15 15 22 15 15 3 3 10 10 15 15 15 15 15 15 15 16 16 15 15 15 12 12 11 15 15 15 15 15 10 10 12 15 13 13 14 14 13 13 9 14 11 10 10 31 31 3 15 14 9 9 3 9 9 10 14 14 9 12 12 4 14 10 31 4 12 12 10 9 10 10 10 14 31 10 
1 2 3 4 5 5 5 5 5 5 5 5 5 5 5 5 5 5 5 5 5 5 5 5 5 5 5 5 5 5 5 5 5 5 5 5 5 5 5 5 5 5 5 5 5 5 5 5 5 5 5 5 5 5 5 5 5 5 5 5 5 5 5 5 5 5 5 5 5 5 5 5 5 5 5 5 5 5 5 5 5 5 5 5 5 5 5 5 5 5 5 5 5 5 5 5 5 5 5 5 5 5 5 5 5 5 5 5 5 5 5 5 5 5 5 5 5 5 5 5 5 5 5 5 5 5 5 5 5 5 5 5 5 5 5 5 5 5 5 5 5 5 5 5 5 5 5 5 5 5 