1 0 0 0 0 

0.8 0.2 0 0 0 
0 0.8 0.2 0 0 
0 0 0.8 0.2 0 
0 0 0 0.8 0.2 
0 0 0 0 1 


3.33067e-016 1e-040 0.340429 0.0137439 1e-040 1e-040 1e-040 1e-040 0.08192 0.1024 1e-040 5.96221e-011 0.102341 0.265536 0.0386547 0.0201047 1.12793e-005 0.000619553 1e-040 1e-040 0.00035931 0.00705244 1e-040 1e-040 1e-040 2.54674e-008 1e-040 1.48158e-007 1e-040 2.63281e-008 0.0268281 2.3878e-009 
1e-040 -2.22045e-016 0.182643 0.0412317 1e-040 1e-040 1e-040 1e-040 0.08192 0.0768 1e-040 1.54976e-009 0.200907 0.08192 0.100932 0.0898798 0.000147033 0.00567021 1e-040 1e-040 0.00284469 0.0421922 1e-040 1e-040 1e-040 4.9168e-007 1e-040 2.47305e-006 1e-040 4.67323e-007 0.0929087 5.14276e-008 
1e-040 1e-040 0.057152 0.0566936 1e-040 1e-040 1e-040 1e-040 0.03072 0.0192 1e-040 1.997e-008 0.174168 0.04096 0.119454 0.191809 0.000941202 0.0254937 1e-040 1e-040 0.0109813 0.122589 1e-040 1e-040 1e-040 4.68574e-006 1e-040 2.03518e-005 1e-040 4.08908e-006 0.149809 5.47659e-007 
1e-040 1e-040 0.016384 0.0472448 1e-040 1e-040 1e-040 1e-040 0.00512 0.00160005 1e-040 1.70098e-007 0.0875299 0.01024 0.0845573 0.260428 0.00394371 0.0751564 1e-040 1e-040 0.0277251 0.230713 1e-040 1e-040 1e-040 2.93859e-005 1e-040 0.000110097 1e-040 2.35122e-005 0.149191 3.84445e-006 
1e-040 1e-040 0.0388912 0.0403522 2.22045e-016 1e-040 1e-040 1e-040 0.0387721 0.0930233 1e-040 0.0542636 0.00135866 0.0465637 0.0331939 0.0557279 0.0540681 0.127638 1e-040 1e-040 0.153414 0.11618 1e-040 1e-040 1e-040 0.0310064 1e-040 0.0232507 1e-040 0.00775085 0.0612893 0.0232556 


2.70161e-229

14 3 3 10 9 14 3 13 13 13 15 15 4 31 31 31 16 16 16 16 16 22 22 16 22 22 22 22 22 22 22 21 21 18 18 18 18 18 18 18 18 18 18 18 18 18 18 18 18 18 17 17 17 17 17 17 17 21 21 21 21 21 21 21 21 21 28 28 21 21 21 30 21 21 21 21 26 26 26 26 28 22 21 21 22 32 32 22 22 22 22 32 31 31 31 22 16 22 31 4 15 16 12 12 16 16 15 12 10 4 4 31 10 10 12 12 31 12 31 9 10 10 10 14 10 10 4 14 14 3 10 9 10 10 4 14 14 10 14 3 3 9 3 15 12 15 9 9 3 13 
1 2 3 4 5 5 5 5 5 5 5 5 5 5 5 5 5 5 5 5 5 5 5 5 5 5 5 5 5 5 5 5 5 5 5 5 5 5 5 5 5 5 5 5 5 5 5 5 5 5 5 5 5 5 5 5 5 5 5 5 5 5 5 5 5 5 5 5 5 5 5 5 5 5 5 5 5 5 5 5 5 5 5 5 5 5 5 5 5 5 5 5 5 5 5 5 5 5 5 5 5 5 5 5 5 5 5 5 5 5 5 5 5 5 5 5 5 5 5 5 5 5 5 5 5 5 5 5 5 5 5 5 5 5 5 5 5 5 5 5 5 5 5 5 5 5 5 5 5 5 