1 0 0 0 0 

0.8 0.2 0 0 0 
0 0.8 0.2 0 0 
0 0 0.8 0.2 0 
0 0 0 0.8 0.2 
0 0 0 0 1 


0.025976 1e-040 0.2304 2.65846e-005 1e-040 1e-040 1e-040 1e-040 0.249004 0.00615644 0.0419955 0.00184467 0.406644 0.0268435 1.23131e-013 0.00230584 0.000870427 1e-040 1e-040 1e-040 2.32071e-008 1e-040 1.94267e-010 1e-040 1.55414e-010 0.00106508 1.60461e-007 2.26489e-007 1e-040 2.17922e-005 0.00684521 8.03078e-008 
0.078031 -2.22045e-016 0.1408 0.000265846 1e-040 1e-040 1e-040 1e-040 0.124842 0.0272452 0.0739147 0.00968454 0.422931 0.060398 3.87863e-012 0.0115292 0.00597209 1e-040 1e-040 1e-040 4.42725e-007 1e-040 4.51671e-009 1e-040 3.65222e-009 0.00696648 2.54228e-006 3.59736e-006 1e-040 0.00028155 0.037131 1.41505e-006 
0.109084 1e-040 0.0272 0.001296 1e-040 1e-040 1e-040 1e-040 0.165783 0.0629967 0.0575191 0.0242114 0.322384 0.060398 6.06037e-011 0.027382 0.0197478 1e-040 1e-040 1e-040 4.1688e-006 1e-040 5.19421e-008 1e-040 4.2457e-008 0.0220237 1.98529e-005 2.82268e-005 1e-040 0.00179393 0.0981161 1.2324e-005 
0.0943196 1e-040 0.0016 0.004104 1e-040 1e-040 1e-040 1e-040 0.164694 0.108937 0.0306662 0.0383349 0.217132 0.0352322 6.26238e-010 0.0410734 0.0419029 1e-040 1e-040 1e-040 2.58296e-005 1e-040 3.93894e-007 1e-040 3.25504e-007 0.0448455 0.000101907 0.000145946 1e-040 0.00752058 0.169292 7.07638e-005 
0.0113407 1e-040 0.00775194 0.12381 2.22045e-016 1e-040 1e-040 1e-040 0.0347161 0.10832 0.0153451 0.12116 0.00894997 0.0161678 0.00775194 0.0433221 0.0128491 1e-040 1e-040 1e-040 0.0232546 1e-040 0.00775192 1e-040 0.00775192 0.0901201 0.0154991 0.0232489 1e-040 0.177922 0.0809541 0.0620122 


2.70161e-229

9 13 3 3 13 13 13 11 9 14 13 1 13 9 1 13 10 13 9 31 16 12 31 31 31 26 9 17 17 26 9 31 31 10 10 10 10 10 11 10 4 10 10 10 11 10 10 31 30 30 30 30 30 30 30 30 30 30 30 30 30 30 28 27 30 30 30 30 30 32 32 30 30 28 28 21 26 21 21 26 27 32 30 32 32 26 26 26 30 26 26 26 26 23 25 16 32 26 16 32 12 16 32 12 12 31 12 12 16 16 31 31 31 12 12 12 4 12 12 4 10 10 12 12 12 12 15 4 4 3 1 12 4 4 4 4 31 9 14 14 4 4 4 4 9 10 4 4 4 4 
1 2 3 4 5 5 5 5 5 5 5 5 5 5 5 5 5 5 5 5 5 5 5 5 5 5 5 5 5 5 5 5 5 5 5 5 5 5 5 5 5 5 5 5 5 5 5 5 5 5 5 5 5 5 5 5 5 5 5 5 5 5 5 5 5 5 5 5 5 5 5 5 5 5 5 5 5 5 5 5 5 5 5 5 5 5 5 5 5 5 5 5 5 5 5 5 5 5 5 5 5 5 5 5 5 5 5 5 5 5 5 5 5 5 5 5 5 5 5 5 5 5 5 5 5 5 5 5 5 5 5 5 5 5 5 5 5 5 5 5 5 5 5 5 5 5 5 5 5 5 