1 0 0 0 0 

0.8 0.2 0 0 0 
0 0.8 0.2 0 0 
0 0 0.8 0.2 0 
0 0 0 0.8 0.2 
0 0 0 0 1 


0.0745484 0.101431 3.54468e-010 7.48717e-007 0.2 0.423954 0.0524288 0.0819204 4.06039e-008 1.28406e-006 1e-040 7.48289e-007 0.0656009 8.88909e-005 2.76405e-006 1e-040 1e-040 1e-040 1e-040 1e-040 1e-040 2.12676e-005 1e-040 1e-040 3.25926e-011 1e-040 1e-040 1e-040 1e-040 1e-040 1e-040 1e-040 
0.213032 0.294726 8.166e-009 1.10553e-005 1e-040 0.247909 0.0786432 0.0819257 7.75423e-007 2.02067e-005 1e-040 1.0476e-005 0.0825041 0.000963137 3.66482e-005 1e-040 1e-040 1e-040 1e-040 1e-040 1e-040 0.000217993 1e-040 1e-040 8.22963e-010 1e-040 1e-040 1e-040 1e-040 1e-040 1e-040 1e-040 
0.324707 0.459166 9.31279e-008 8.0693e-005 1e-040 0.0859203 0.049152 0.030761 7.31577e-006 0.000156924 1e-040 7.20228e-005 0.0435158 0.00513149 0.0002386 1e-040 1e-040 1e-040 1e-040 1e-040 1e-040 0.00108997 1e-040 1e-040 1.0287e-008 1e-040 1e-040 1e-040 1e-040 1e-040 1e-040 1e-040 
0.387281 0.518523 7.00992e-007 0.000388502 1e-040 0.0309601 0.016384 0.00531461 4.54605e-005 0.000802037 1e-040 0.000324103 0.0174821 0.0179356 0.00101687 1e-040 1e-040 1e-040 1e-040 1e-040 1e-040 0.00354239 1e-040 1e-040 8.4868e-008 1e-040 1e-040 1e-040 1e-040 1e-040 1e-040 1e-040 
0.216893 0.17025 0.0240963 0.060212 1e-040 0.000678092 0.000204337 0.0120529 0.0843341 0.180664 1e-040 0.0120237 0.0476444 0.131077 0.0360666 1e-040 1e-040 1e-040 1e-040 1e-040 1e-040 0.0117547 1e-040 1e-040 0.0120482 1e-040 1e-040 1e-040 1e-040 1e-040 1e-040 1e-040 


4.66146e-160

5 6 6 6 8 13 7 2 6 1 1 1 2 2 2 2 2 2 2 2 1 1 1 1 1 2 2 2 1 1 1 2 2 1 1 2 13 1 1 1 14 22 14 14 14 2 14 14 2 2 14 14 15 14 14 15 12 4 14 8 10 10 10 10 10 4 10 10 1 10 10 4 4 10 9 9 10 10 9 9 9 9 4 15 10 10 1 1 13 2 2 3 2 1 1 1 1 10 13 3 9 25 13 13 
1 2 3 4 5 5 5 5 5 5 5 5 5 5 5 5 5 5 5 5 5 5 5 5 5 5 5 5 5 5 5 5 5 5 5 5 5 5 5 5 5 5 5 5 5 5 5 5 5 5 5 5 5 5 5 5 5 5 5 5 5 5 5 5 5 5 5 5 5 5 5 5 5 5 5 5 5 5 5 5 5 5 5 5 5 5 5 5 5 5 5 5 5 5 5 5 5 5 5 5 5 5 5 5 