1 0 0 0 0 

0.8 0.2 0 0 0 
0 0.8 0.2 0 0 
0 0 0.8 0.2 0 
0 0 0 0.8 0.2 
0 0 0 0 1 


0.793537 1e-040 4.47839e-007 1e-040 1e-040 1e-040 1e-040 1e-040 2.00637e-007 2.39046e-007 1e-040 1e-040 0.151495 7.37603e-009 0.0268303 6.49037e-005 1e-040 1e-040 1e-040 1e-040 1e-040 1e-040 0.0136818 0.0107824 4.46015e-006 0.00360308 1e-040 1e-040 1e-040 1e-040 1.56928e-007 1e-040 
0.475185 -4.44089e-016 6.73783e-006 1e-040 1e-040 1e-040 1e-040 1e-040 3.45343e-006 3.94853e-006 1e-040 1e-040 0.291268 1.43411e-007 0.0929398 0.000584133 1e-040 1e-040 1e-040 1e-040 1e-040 1e-040 0.0696225 0.0541148 5.35218e-005 0.016216 1e-040 1e-040 1e-040 1e-040 2.47161e-006 1e-040 
0.222679 1e-040 4.99681e-005 1e-040 1e-040 1e-040 1e-040 1e-040 2.94416e-005 3.22055e-005 1e-040 1e-040 0.276305 1.37824e-006 0.150024 0.00255558 1e-040 1e-040 1e-040 1e-040 1e-040 1e-040 0.179388 0.134126 0.000314441 0.0344757 1e-040 1e-040 1e-040 1e-040 1.9155e-005 1e-040 
0.0819831 1e-040 0.000243592 2.22045e-016 1e-040 1e-040 1e-040 1e-040 0.000165862 0.000172973 1e-040 1e-040 0.173393 8.73007e-006 0.150176 0.00724082 1e-040 1e-040 1e-040 1e-040 1e-040 1e-040 0.317704 0.221557 0.00120536 0.0460527 1e-040 1e-040 1e-040 1e-040 9.73711e-005 1e-040 
0.0382083 1e-040 0.0487621 1e-040 1e-040 1e-040 1e-040 1e-040 0.231695 0.0609628 1e-040 1e-040 0.140704 0.0243896 0.0597579 0.0115582 1e-040 1e-040 1e-040 1e-040 1e-040 1e-040 0.232903 0.108501 0.0120989 0.0182715 1e-040 1e-040 1e-040 1e-040 0.0121879 1e-040 


1.49167e-158

1 1 1 1 1 13 1 1 13 1 13 13 13 15 15 15 23 24 26 24 23 23 23 24 24 23 24 24 23 23 23 23 23 24 23 23 16 23 23 24 23 23 23 23 24 23 24 24 25 23 13 13 23 23 15 1 1 13 15 3 15 15 26 31 10 9 10 3 13 13 9 9 9 10 10 13 9 14 13 13 9 10 9 9 9 1 9 13 13 14 9 9 3 3 9 9 9 9 9 9 9 13 3 
1 2 3 4 5 5 5 5 5 5 5 5 5 5 5 5 5 5 5 5 5 5 5 5 5 5 5 5 5 5 5 5 5 5 5 5 5 5 5 5 5 5 5 5 5 5 5 5 5 5 5 5 5 5 5 5 5 5 5 5 5 5 5 5 5 5 5 5 5 5 5 5 5 5 5 5 5 5 5 5 5 5 5 5 5 5 5 5 5 5 5 5 5 5 5 5 5 5 5 5 5 5 5 