1 0 0 0 0 

0.8 0.2 0 0 0 
0 0.8 0.2 0 0 
0 0 0.8 0.2 0 
0 0 0 0.8 0.2 
0 0 0 0 1 


0.307456 1e-040 0.12328 4.59425e-011 1e-040 1e-040 1e-040 1e-040 0.00562954 0.00648518 1e-040 0.00184467 0.499173 0.0045036 1.97582e-008 0.00203281 1e-040 5.39294e-006 8.70621e-006 0.000307809 3.06499e-007 0.00396868 0.00105269 1e-040 0.041945 1e-040 2.45199e-007 1e-040 1e-040 1e-040 0.00230584 1e-040 
0.20384 -6.66134e-016 0.279195 1.1734e-009 1e-040 1e-040 1e-040 1e-040 0.0225187 0.0299039 1e-040 0.00968454 0.302828 0.0191403 3.7828e-007 0.0122172 1e-040 7.17597e-005 0.000108507 0.00302492 4.59749e-006 0.0243707 0.00812839 1e-040 0.0734307 1e-040 3.73929e-006 1e-040 1e-040 1e-040 0.0115292 1e-040 
0.07168 1e-040 0.318415 1.48427e-008 1e-040 1e-040 1e-040 1e-040 0.0422274 0.0652572 1e-040 0.0242114 0.203013 0.0382807 3.58757e-006 0.0358905 1e-040 0.000468658 0.000662778 0.0145884 3.39065e-005 0.0720138 0.0305641 1e-040 0.0552793 1e-040 2.80447e-005 1e-040 1e-040 1e-040 0.0273819 1e-040 
0.01536 1e-040 0.245104 1.23971e-007 1e-040 1e-040 1e-040 1e-040 0.0492942 0.0895766 1e-040 0.0383346 0.118481 0.0478515 2.24817e-005 0.068886 1e-040 0.00200236 0.00264442 0.0460624 0.000163881 0.136349 0.0745794 1e-040 0.0240778 1e-040 0.000137886 1e-040 1e-040 1e-040 0.0410729 1e-040 
8.15686e-005 1e-040 0.0408826 0.0196078 1.11022e-016 1e-040 1e-040 1e-040 0.0725652 0.0396459 1e-040 0.0159767 0.0919855 0.092658 0.0686262 0.0235771 1e-040 0.0390908 0.0292439 0.143922 0.00979399 0.0374166 0.0532194 1e-040 0.176729 1e-040 0.00979559 1e-040 1e-040 1e-040 0.0351819 1e-040 


1.17672e-188

13 1 13 13 1 1 3 25 13 3 13 3 13 3 3 3 9 14 10 10 31 12 16 22 22 22 22 22 23 16 16 23 23 23 23 23 20 20 20 20 20 20 20 20 20 20 20 20 20 19 19 19 18 18 18 18 20 25 25 20 21 27 25 25 25 25 25 25 25 25 25 25 9 9 15 25 25 25 25 15 25 3 13 13 3 13 13 15 25 13 15 15 15 15 13 14 13 13 14 14 14 4 13 9 14 4 14 31 31 31 10 9 14 14 9 3 9 12 10 14 9 10 10 
1 2 3 4 5 5 5 5 5 5 5 5 5 5 5 5 5 5 5 5 5 5 5 5 5 5 5 5 5 5 5 5 5 5 5 5 5 5 5 5 5 5 5 5 5 5 5 5 5 5 5 5 5 5 5 5 5 5 5 5 5 5 5 5 5 5 5 5 5 5 5 5 5 5 5 5 5 5 5 5 5 5 5 5 5 5 5 5 5 5 5 5 5 5 5 5 5 5 5 5 5 5 5 5 5 5 5 5 5 5 5 5 5 5 5 5 5 5 5 5 5 5 5 