1 0 0 0 0 

0.8 0.2 0 0 0 
0 0.8 0.2 0 0 
0 0 0.8 0.2 0 
0 0 0 0.8 0.2 
0 0 0 0 1 


0.00224493 0.0282892 0.0612249 9.08548e-016 1e-040 1e-040 1e-040 0.00265633 0.065536 5.9932e-013 2.58225e-014 0.2 0.0666821 0.283373 0.288 1.06799e-011 1e-040 1e-040 1e-040 1e-040 0.00136004 1e-040 1e-040 1e-040 1e-040 1e-040 1e-040 4.11564e-005 0.000527487 2.12676e-005 1.60488e-008 4.38959e-005 
0.0152782 0.122428 0.10943 3.36163e-014 1e-040 1e-040 1e-040 0.014905 0.08192 1.78921e-011 8.58598e-013 4.54938e-008 0.150366 0.387159 0.104 2.83018e-010 1e-040 1e-040 1e-040 1e-040 0.00865138 1e-040 1e-040 1e-040 1e-040 1e-040 1e-040 0.000461526 0.00466658 0.000217993 3.3015e-007 0.000516409 
0.0506847 0.25414 0.0991798 6.17699e-013 1e-040 1e-040 1e-040 0.0399741 0.04096 2.64993e-010 1.41669e-011 4.77127e-007 0.165345 0.288492 0.008 3.71461e-009 1e-040 1e-040 1e-040 1e-040 0.0264453 1e-040 1e-040 1e-040 1e-040 1e-040 1e-040 0.00255294 0.020133 0.00108997 3.37074e-006 0.00299938 
0.109239 0.338221 0.0664118 7.51545e-012 1e-040 1e-040 1e-040 0.0681792 0.01024 2.59621e-009 1.54655e-010 3.30523e-006 0.119317 0.155869 1e-040 3.21933e-008 1e-040 1e-040 1e-040 1e-040 0.0517099 1e-040 1e-040 1e-040 1e-040 1e-040 1e-040 0.00929616 0.0564546 0.00354239 2.27806e-005 0.0114934 
0.0396338 0.033214 0.017975 0.00775194 2.22045e-016 1e-040 1e-040 0.0106312 0.0620676 0.0232558 0.00775194 0.0387595 0.0038097 0.0730662 1e-040 0.00775194 1e-040 1e-040 1e-040 1e-040 0.0120866 1e-040 1e-040 1e-040 1e-040 1e-040 1e-040 0.0615368 0.0588457 0.00756312 0.294573 0.239727 


2.70161e-229

12 15 15 14 14 9 3 13 14 14 14 14 13 13 3 2 2 2 2 2 2 2 8 8 1 21 21 2 1 1 1 1 1 29 29 29 29 29 29 29 29 30 28 28 32 32 32 32 32 32 28 28 28 28 28 28 32 32 32 32 32 32 32 32 32 32 32 32 32 32 32 32 32 32 32 32 32 31 32 32 32 32 31 12 31 31 31 31 31 31 31 31 12 31 31 31 31 12 31 31 31 31 31 31 12 31 16 31 31 31 31 31 31 31 31 31 31 31 31 10 31 31 14 9 9 31 31 12 31 14 14 14 9 11 14 14 9 9 14 10 10 14 14 3 3 9 9 9 4 10 
1 2 3 4 5 5 5 5 5 5 5 5 5 5 5 5 5 5 5 5 5 5 5 5 5 5 5 5 5 5 5 5 5 5 5 5 5 5 5 5 5 5 5 5 5 5 5 5 5 5 5 5 5 5 5 5 5 5 5 5 5 5 5 5 5 5 5 5 5 5 5 5 5 5 5 5 5 5 5 5 5 5 5 5 5 5 5 5 5 5 5 5 5 5 5 5 5 5 5 5 5 5 5 5 5 5 5 5 5 5 5 5 5 5 5 5 5 5 5 5 5 5 5 5 5 5 5 5 5 5 5 5 5 5 5 5 5 5 5 5 5 5 5 5 5 5 5 5 5 5 