1 0 0 0 0 

0.8 0.2 0 0 0 
0 0.8 0.2 0 0 
0 0 0.8 0.2 0 
0 0 0 0.8 0.2 
0 0 0 0 1 


0.784389 1e-040 0.00703691 3.03085e-008 1e-040 1e-040 1e-040 1e-040 1.05777e-007 4.74909e-007 1e-040 1e-040 0.180429 1.24231e-008 6.2631e-006 0.00450828 1e-040 1e-040 1e-040 1e-040 1e-040 1e-040 1e-040 0.0179928 9.35361e-007 0.00563624 1e-040 1e-040 1e-040 1e-040 1e-040 1e-040 
0.69026 -4.44089e-016 0.026389 5.48392e-007 1e-040 1e-040 1e-040 1e-040 1.7392e-006 7.7814e-006 1e-040 1e-040 0.142648 2.40526e-007 7.99352e-005 0.0191997 1e-040 1e-040 1e-040 1e-040 1e-040 1e-040 1e-040 0.0987998 1.28612e-005 0.0226006 1e-040 1e-040 1e-040 1e-040 1e-040 1e-040 
0.545034 1e-040 0.0461867 4.90674e-006 1e-040 1e-040 1e-040 1e-040 1.41186e-005 6.29149e-005 1e-040 1e-040 0.0571867 2.29845e-006 0.000501581 0.0386505 1e-040 1e-040 1e-040 1e-040 1e-040 1e-040 1e-040 0.269552 8.68132e-005 0.0427177 1e-040 1e-040 1e-040 1e-040 1e-040 1e-040 
0.33645 1e-040 0.0500725 2.89594e-005 1e-040 1e-040 1e-040 1e-040 7.54851e-005 0.000334683 1e-040 1e-040 0.0165536 1.44517e-005 0.00206338 0.0493558 1e-040 1e-040 1e-040 1e-040 1e-040 1e-040 1e-040 0.493461 0.000383425 0.0512065 1e-040 1e-040 1e-040 1e-040 1e-040 1e-040 
0.142085 1e-040 0.143623 0.0581375 1.11022e-016 1e-040 1e-040 1e-040 0.0348784 0.104628 1e-040 1e-040 0.0699525 0.0232548 0.0463575 0.0283887 1e-040 1e-040 1e-040 1e-040 1e-040 1e-040 1e-040 0.309314 0.0115998 0.0277813 1e-040 1e-040 1e-040 1e-040 1e-040 1e-040 


1.42257e-164

1 1 13 1 1 1 13 1 1 1 1 1 1 1 1 3 26 16 24 24 24 24 24 24 24 24 24 24 24 24 24 24 24 24 24 24 24 24 24 24 24 24 24 24 24 24 24 24 26 15 16 26 16 15 15 25 24 1 1 1 13 1 1 10 10 9 10 15 1 10 10 4 10 10 3 3 3 14 14 9 4 3 3 1 13 13 9 13 3 3 3 4 13 1 3 3 10 4 4 3 1 10 1 3 1 13 9 
1 2 3 4 5 5 5 5 5 5 5 5 5 5 5 5 5 5 5 5 5 5 5 5 5 5 5 5 5 5 5 5 5 5 5 5 5 5 5 5 5 5 5 5 5 5 5 5 5 5 5 5 5 5 5 5 5 5 5 5 5 5 5 5 5 5 5 5 5 5 5 5 5 5 5 5 5 5 5 5 5 5 5 5 5 5 5 5 5 5 5 5 5 5 5 5 5 5 5 5 5 5 5 5 5 5 5 