1 0 0 0 0 

0.8 0.2 0 0 0 
0 0.8 0.2 0 0 
0 0 0.8 0.2 0 
0 0 0 0.8 0.2 
0 0 0 0 1 


0.0160405 0.0440584 0.226216 0.00048357 1e-040 1e-040 1e-040 1e-040 7.77091e-012 4.00564e-010 1e-040 1.45904e-009 0.0171799 0.317965 0.36992 2.60741e-011 0.00343938 1e-040 1e-040 1e-040 1e-040 1e-040 1e-040 1e-040 0.00332041 3.79124e-008 2.95583e-005 2.03851e-005 0.00121105 0.000114294 6.40262e-008 1.81175e-006 
0.0721895 0.152458 0.331394 0.0032641 1e-040 1e-040 1e-040 1e-040 2.14312e-010 9.08293e-009 1e-040 3.31421e-008 0.0472446 0.160563 0.18592 6.64889e-010 0.0177916 1e-040 1e-040 1e-040 1e-040 1e-040 1e-040 1e-040 0.0178011 6.86636e-007 0.0003243 0.000259739 0.00958742 0.00117194 1.23991e-006 2.82005e-005 
0.157692 0.252552 0.253766 0.0106083 1e-040 1e-040 1e-040 1e-040 2.92994e-009 1.01959e-007 1e-040 3.73055e-007 0.0590558 0.090112 0.03872 8.39422e-009 0.0453891 1e-040 1e-040 1e-040 1e-040 1e-040 1e-040 1e-040 0.0455173 6.13233e-006 0.00174305 0.00162709 0.037106 0.00587597 1.18786e-005 0.000216513 
0.224624 0.270177 0.129395 0.0221008 1e-040 1e-040 1e-040 1e-040 2.64748e-008 7.55517e-007 1e-040 2.77463e-006 0.0442919 0.026624 0.00512 6.99518e-008 0.0770159 1e-040 1e-040 1e-040 1e-040 1e-040 1e-040 1e-040 0.0738446 3.60026e-005 0.00611739 0.00668082 0.0935993 0.0192011 7.50719e-005 0.00109326 
0.033157 0.0218525 0.0299649 0.0619792 1e-040 1e-040 1e-040 1e-040 0.0272727 0.0363636 1e-040 0.081818 0.0014649 0.027488 0.00910545 0.00909091 0.0207438 1e-040 1e-040 1e-040 1e-040 1e-040 1e-040 1e-040 0.0117962 0.0181799 0.0268994 0.0996096 0.0753862 0.0533471 0.227269 0.127212 


1.07022e-200

14 15 15 3 15 14 14 3 3 3 3 13 2 2 2 2 1 1 1 17 2 25 25 2 1 1 1 4 29 17 17 29 29 29 29 29 29 29 29 30 30 30 27 30 30 30 27 27 28 28 28 28 28 28 28 28 28 28 28 32 32 32 32 32 32 32 32 32 32 32 32 32 26 26 31 31 31 31 31 31 31 31 31 31 32 31 31 31 12 12 10 31 31 31 31 12 31 12 12 12 12 12 16 10 4 31 31 31 4 9 31 31 3 9 31 3 14 14 4 3 15 4 31 14 4 10 10 4 12 9 14 
1 2 3 4 5 5 5 5 5 5 5 5 5 5 5 5 5 5 5 5 5 5 5 5 5 5 5 5 5 5 5 5 5 5 5 5 5 5 5 5 5 5 5 5 5 5 5 5 5 5 5 5 5 5 5 5 5 5 5 5 5 5 5 5 5 5 5 5 5 5 5 5 5 5 5 5 5 5 5 5 5 5 5 5 5 5 5 5 5 5 5 5 5 5 5 5 5 5 5 5 5 5 5 5 5 5 5 5 5 5 5 5 5 5 5 5 5 5 5 5 5 5 5 5 5 5 5 5 5 5 5 