1 0 0 0 0 

0.8 0.2 0 0 0 
0 0.8 0.2 0 0 
0 0 0.8 0.2 0 
0 0 0 0.8 0.2 
0 0 0 0 1 


0.326466 0.0182475 0.200001 4.27252e-008 1e-040 1e-040 1e-040 1e-040 1.15273e-008 0.041943 1e-040 1e-040 0.00147574 0.288 2.47172e-007 6.90175e-009 0.117965 1e-040 1e-040 1e-040 1e-040 1e-040 0.00388182 0.00201814 1.15202e-006 6.04992e-007 1e-040 1e-040 1e-040 1e-040 5.5214e-009 1e-040 
0.553707 0.0603727 9.58029e-006 7.46912e-007 1e-040 1e-040 1e-040 1e-040 2.18385e-007 0.0734003 1e-040 1e-040 0.00811658 0.104 3.7815e-006 1.32859e-007 0.160563 1e-040 1e-040 1e-040 1e-040 1e-040 0.025311 0.0144883 1.72108e-005 8.65841e-006 1e-040 1e-040 1e-040 1e-040 1.07667e-007 1e-040 
0.597406 0.0949803 7.42713e-005 6.46595e-006 1e-040 1e-040 1e-040 1e-040 2.04458e-006 0.0550502 1e-040 1e-040 0.0213061 0.00800286 2.84915e-005 1.26216e-006 0.090112 1e-040 1e-040 1e-040 1e-040 1e-040 0.081425 0.0514163 0.000126678 6.09838e-005 1e-040 1e-040 1e-040 1e-040 1.0363e-006 1e-040 
0.52348 0.0951314 0.000379106 3.70188e-005 1e-040 1e-040 1e-040 1e-040 1.26146e-005 0.0229376 1e-040 1e-040 0.035511 1.84733e-005 0.000141008 7.88848e-006 0.026624 1e-040 1e-040 1e-040 1e-040 1e-040 0.173457 0.121362 0.000612521 0.000281992 1e-040 1e-040 1e-040 1e-040 6.56322e-006 1e-040 
0.0653711 0.0248256 0.102782 0.205605 1e-040 1e-040 1e-040 1e-040 0.0467283 0.028349 1e-040 1e-040 0.0342799 0.0654195 0.0373751 0.00934536 0.000221308 1e-040 1e-040 1e-040 1e-040 1e-040 0.126912 0.168725 0.0466936 0.0280209 1e-040 1e-040 1e-040 1e-040 0.00934543 1e-040 


3.50689e-196

3 14 14 1 1 17 17 10 1 1 1 1 2 1 1 1 1 2 1 1 1 1 13 23 23 23 24 24 24 24 23 23 23 23 23 23 23 24 24 24 24 24 24 24 24 24 23 23 23 23 24 23 24 24 24 24 24 26 25 25 3 15 25 3 1 1 25 3 3 4 1 3 2 2 25 9 14 16 31 3 26 26 14 14 15 14 14 9 13 15 4 4 3 4 4 4 4 4 4 15 4 4 4 4 4 4 4 4 3 4 4 4 4 4 13 9 3 10 10 10 9 9 13 3 14 14 3 9 
1 2 3 4 5 5 5 5 5 5 5 5 5 5 5 5 5 5 5 5 5 5 5 5 5 5 5 5 5 5 5 5 5 5 5 5 5 5 5 5 5 5 5 5 5 5 5 5 5 5 5 5 5 5 5 5 5 5 5 5 5 5 5 5 5 5 5 5 5 5 5 5 5 5 5 5 5 5 5 5 5 5 5 5 5 5 5 5 5 5 5 5 5 5 5 5 5 5 5 5 5 5 5 5 5 5 5 5 5 5 5 5 5 5 5 5 5 5 5 5 5 5 5 5 5 5 5 5 