1 0 0 0 0 

0.750032 0.249968 0 0 0 
0 0.827816 0.172184 0 0 
0 0 0.94503 0.05497 0 
0 0 0 0.916831 0.0831689 
0 0 0 0 1 


1e-040 0.000128174 0.249968 1e-040 1e-040 4.20988e-075 1.10765e-114 1e-040 1e-040 1e-040 1e-040 1e-040 0.499936 1e-040 1e-040 1e-040 1e-040 1e-040 1e-040 1e-040 1e-040 1e-040 1e-040 1e-040 0.249968 1e-040 1e-040 1e-040 1e-040 1e-040 1e-040 1e-040 
1e-040 0.344279 7.79336e-223 1e-040 9.38523e-036 0.311353 0.344368 1e-040 1e-040 1e-040 1e-040 1e-040 5.69042e-011 1e-040 1e-040 1e-040 1e-040 1e-040 1e-040 1e-040 1e-040 1e-040 1e-040 1e-040 1e-040 1e-040 1e-040 1e-040 1e-040 1e-040 1e-040 1e-040 
1e-040 2.18689e-151 0.05497 0.05497 0.32982 0.56024 2.26049e-021 1e-040 1e-040 1e-040 1e-040 1e-040 1e-040 1e-040 1e-040 1e-040 7.74183e-065 1e-040 1e-040 1e-040 2.78348e-206 1e-040 1e-040 1e-040 1e-040 1e-040 1e-040 1e-040 1.87662e-025 1e-040 1e-040 1e-040 
1e-040 1e-040 3.91359e-234 1e-040 1e-040 4.6002e-016 1e-040 1e-040 1e-040 1e-040 1e-040 1e-040 1e-040 1e-040 1e-040 1e-040 0.249507 1e-040 1e-040 1e-040 0.166338 1e-040 1e-040 1e-040 1e-040 1e-040 1e-040 1e-040 0.583113 1e-040 1e-040 0.00104265 
0.015879 1e-040 0.031758 1e-040 0.63516 1e-040 1e-040 1e-040 1e-040 0.031758 1e-040 1e-040 0.015879 0.031758 0.015879 1e-040 2.1089e-150 1e-040 1e-040 1e-040 2.50594e-018 1e-040 1e-040 1e-040 1e-040 1e-040 1e-040 1e-040 0.0633382 1e-040 1e-040 0.158591 


3.36898e-060

25 3 13 13 2 2 6 7 7 6 6 6 6 5 6 6 6 3 4 5 5 5 5 5 6 6 6 6 29 17 17 17 29 21 29 29 29 29 29 21 32 29 32 32 32 32 32 29 32 29 32 32 32 3 3 5 1 29 15 14 5 5 5 5 5 5 5 5 5 5 5 5 5 5 5 5 5 5 5 5 5 5 5 5 5 5 5 5 5 5 5 5 14 5 5 5 5 5 10 10 5 5 13 13 
1 1 1 1 2 2 2 2 2 3 3 3 3 3 3 3 3 3 3 3 3 3 3 3 3 3 3 3 4 4 4 4 4 4 4 4 4 4 4 4 5 5 5 5 5 5 5 5 5 5 5 5 5 5 5 5 5 5 5 5 5 5 5 5 5 5 5 5 5 5 5 5 5 5 5 5 5 5 5 5 5 5 5 5 5 5 5 5 5 5 5 5 5 5 5 5 5 5 5 5 5 5 5 5 