1 0 0 0 0 

0.719824 0.280176 0 0 0 
0 0.865425 0.134575 0 0 
0 0 0.916667 0.0833333 0 
0 0 0 0.875 0.125 
0 0 0 0 1 


1.00801e-052 0.719824 2.37584e-019 1e-040 1e-040 1e-040 1e-040 1e-040 1e-040 1e-040 1e-040 1e-040 1e-040 0.280176 1.91631e-208 1e-040 1e-040 1e-040 1e-040 1e-040 1e-040 1e-040 1e-040 1e-040 1e-040 1e-040 1e-040 1e-040 1e-040 1e-040 1e-040 1e-040 
0.269149 0.192552 0.269149 1e-040 1e-040 1e-040 1e-040 1e-040 1e-040 1e-040 1e-040 1e-040 0.134575 1e-040 0.134575 1e-040 1e-040 1e-040 1.49942e-073 1e-040 1e-040 1e-040 1e-040 1e-040 1e-040 1e-040 1e-040 1e-040 1e-040 1e-040 1e-040 1e-040 
1e-040 1e-040 1e-040 1e-040 1e-040 1e-040 1e-040 1e-040 1e-040 1e-040 1e-040 1e-040 1.8564e-015 1e-040 5.43989e-121 1e-040 -1.15275e-162 7.91168e-018 1 1e-040 1e-040 1e-040 1e-040 1e-040 1e-040 1e-040 1e-040 1e-040 1e-040 1e-040 1e-040 1e-040 
1e-040 1e-040 1e-040 1e-040 1e-040 1e-040 1e-040 1e-040 1e-040 1e-040 1e-040 1e-040 1e-040 1e-040 1e-040 1e-040 0.625 0.125 3.26646e-070 1e-040 3.52333e-042 1e-040 1e-040 1e-040 0.125 1e-040 0.125 1e-040 1e-040 1e-040 1e-040 1e-040 
0.0923077 0.0307692 0.153846 0.0615385 3.33067e-016 1e-040 1e-040 1e-040 0.0153846 0.0461538 1e-040 0.0307692 0.0307692 0.107692 0.0769231 1e-040 0.123077 1.18712e-162 1.29504e-202 1e-040 0.169231 1e-040 1e-040 1e-040 0.0307692 1e-040 4.16956e-051 1e-040 0.0153846 0.0153846 1e-040 1e-040 


2.24604e-085

14 2 2 2 3 1 1 2 3 15 13 19 19 19 19 19 19 19 19 19 19 19 19 18 17 17 17 17 17 25 27 21 30 21 21 21 21 21 21 21 17 21 17 17 17 21 21 17 25 17 29 3 17 3 3 3 3 3 3 14 14 14 14 25 17 1 1 2 3 1 2 1 1 4 10 4 15 3 13 1 13 15 4 14 10 12 3 9 15 15 14 4 14 12 10 15 10 
1 1 1 1 2 2 2 2 2 2 2 3 3 3 3 3 3 3 3 3 3 3 3 4 4 4 4 4 4 4 4 5 5 5 5 5 5 5 5 5 5 5 5 5 5 5 5 5 5 5 5 5 5 5 5 5 5 5 5 5 5 5 5 5 5 5 5 5 5 5 5 5 5 5 5 5 5 5 5 5 5 5 5 5 5 5 5 5 5 5 5 5 5 5 5 5 5 