1 0 0 0 0 

0.8 0.2 0 0 0 
0 0.8 0.2 0 0 
0 0 0.8 0.2 0 
0 0 0 0.8 0.2 
0 0 0 0 1 


5.55112e-016 1e-040 0.32221 4.3745e-012 1e-040 1e-040 1e-040 1e-040 0.370716 0.041943 1.43344e-012 3.71356e-008 2.09138e-012 0.18432 1e-040 1e-040 1e-040 1e-040 1e-040 1e-040 4.73905e-008 1.685e-008 1e-040 1e-040 1e-040 1e-040 0.0153029 0.000339492 1e-040 0.00686292 0.0582935 1.24973e-005 
1e-040 -2.22045e-016 0.272421 1.20299e-010 1e-040 1e-040 1e-040 1e-040 0.233165 0.0734003 4.12113e-011 7.08823e-007 6.23779e-011 0.15872 1e-040 1e-040 1e-040 1e-040 1e-040 1e-040 8.46448e-007 3.07512e-007 1e-040 1e-040 1e-040 1e-040 0.0835949 0.0031989 1e-040 0.0312557 0.144076 0.00016659 
1e-040 1e-040 0.308376 1.63907e-009 1e-040 1e-040 1e-040 1e-040 0.108016 0.0550505 5.87261e-010 6.68447e-006 9.22567e-010 0.0499201 1e-040 1e-040 1e-040 1e-040 1e-040 1e-040 7.45381e-006 2.76761e-006 1e-040 1e-040 1e-040 1e-040 0.22492 0.0147546 1e-040 0.0688223 0.169028 0.0010954 
1e-040 1e-040 0.241195 1.47516e-008 1e-040 1e-040 1e-040 1e-040 0.0545331 0.0229396 5.53004e-009 4.15236e-005 9.02078e-009 0.00672055 1e-040 1e-040 1e-040 1e-040 1e-040 1e-040 4.31398e-005 1.6375e-005 1e-040 1e-040 1e-040 1e-040 0.399429 0.0444297 1e-040 0.100097 0.125815 0.00473994 
1e-040 1e-040 0.0318348 0.00970874 -2.22045e-016 1e-040 1e-040 1e-040 0.0890083 0.0877023 0.00970874 0.0582501 0.038835 0.019433 1e-040 1e-040 1e-040 1e-040 1e-040 1e-040 0.019415 0.00970779 1e-040 1e-040 1e-040 1e-040 0.120231 0.0940426 1e-040 0.087037 0.160329 0.164757 


3.67725e-190

3 9 9 14 14 9 3 10 31 3 3 9 31 31 3 3 3 30 27 27 30 27 27 27 27 27 27 27 27 27 27 27 27 27 27 28 28 28 28 28 28 30 28 30 28 28 30 30 30 28 32 32 32 32 32 32 30 30 32 32 32 30 32 32 32 32 32 32 31 32 32 21 21 22 12 31 12 12 12 31 31 31 31 31 12 12 31 31 9 10 10 31 31 31 14 31 14 10 10 31 31 9 9 3 10 10 9 9 9 31 4 9 9 9 10 11 10 3 13 13 13 10 13 14 
1 2 3 4 5 5 5 5 5 5 5 5 5 5 5 5 5 5 5 5 5 5 5 5 5 5 5 5 5 5 5 5 5 5 5 5 5 5 5 5 5 5 5 5 5 5 5 5 5 5 5 5 5 5 5 5 5 5 5 5 5 5 5 5 5 5 5 5 5 5 5 5 5 5 5 5 5 5 5 5 5 5 5 5 5 5 5 5 5 5 5 5 5 5 5 5 5 5 5 5 5 5 5 5 5 5 5 5 5 5 5 5 5 5 5 5 5 5 5 5 5 5 5 5 