1 0 0 0 0 

0.833333 0.166667 0 0 0 
0 0.75 0.25 0 0 
0 0 0.888889 0.111111 0 
0 0 0 0.928571 0.0714286 
0 0 0 0 1 


0.166667 1e-040 1e-040 1e-040 1e-040 1e-040 1e-040 1e-040 0.166667 1.1868e-036 1e-040 1e-040 0.333333 0.333333 1e-040 1e-040 1e-040 1e-040 1e-040 1e-040 1e-040 1e-040 1e-040 1e-040 1e-040 1e-040 1e-040 1e-040 1e-040 1e-040 1e-040 1e-040 
7.10881e-122 1e-040 0.25 1e-040 1e-040 1e-040 1e-040 1e-040 1e-040 0.5 1e-040 0.25 1e-040 2.07093e-015 1e-040 -1.68147e-023 1e-040 1e-040 1e-040 1e-040 1e-040 7.77012e-130 1e-040 1e-040 1e-040 1e-040 1e-040 1e-040 1e-040 1e-040 1e-040 1e-040 
1e-040 1e-040 1e-040 1e-040 1e-040 1e-040 1e-040 1e-040 1e-040 -6.15841e-035 1e-040 3.04287e-233 1e-040 1e-040 1e-040 0.444444 1e-040 1e-040 1e-040 6.13995e-065 1e-040 0.555556 1e-040 1e-040 1e-040 1e-040 1e-040 1e-040 1e-040 1e-040 1e-040 1e-040 
1e-040 1e-040 1e-040 1e-040 1e-040 1e-040 1e-040 1e-040 1e-040 1e-040 1e-040 1e-040 1e-040 1e-040 1e-040 1e-040 1e-040 0.357143 1e-040 0.642857 1e-040 2.02305e-070 1e-040 1e-040 1.64349e-065 1e-040 1e-040 1e-040 1e-040 1e-040 1e-040 1e-040 
1e-040 1e-040 0.155172 0.0344828 1.11022e-016 1e-040 1e-040 1e-040 0.0172414 0.0344828 0.0172414 1e-040 0.0344828 0.103448 0.172414 1e-040 1e-040 2.66624e-104 1e-040 1e-040 0.0344828 1e-040 1e-040 1e-040 0.396552 1e-040 1e-040 1e-040 1e-040 1e-040 1e-040 1e-040 


5.28719e-064

13 9 14 13 1 14 10 3 12 10 16 16 16 16 22 22 22 22 22 20 20 20 20 20 20 20 20 20 18 18 18 18 18 25 25 25 25 25 25 25 25 25 25 25 25 21 25 25 21 25 25 15 25 15 25 25 25 25 25 3 3 3 25 15 14 9 14 15 13 13 15 15 15 15 3 3 3 15 15 14 14 3 10 14 3 4 14 4 10 3 11 14 
1 1 1 1 1 1 2 2 2 2 3 3 3 3 3 3 3 3 3 4 4 4 4 4 4 4 4 4 4 4 4 4 4 5 5 5 5 5 5 5 5 5 5 5 5 5 5 5 5 5 5 5 5 5 5 5 5 5 5 5 5 5 5 5 5 5 5 5 5 5 5 5 5 5 5 5 5 5 5 5 5 5 5 5 5 5 5 5 5 5 5 5 