1 0 0 0 0 

0.8 0.2 0 0 0 
0 0.8 0.2 0 0 
0 0 0.8 0.2 0 
0 0 0 0.8 0.2 
0 0 0 0 1 


4.44089e-016 1e-040 0.0879364 0.2 1e-040 1e-040 1e-040 1e-040 0.0468183 0.417244 1.08535e-013 8.3282e-013 1e-040 0.000309485 3.22523e-012 0.000299368 0.147989 1.11609e-005 1e-040 1e-040 3.63485e-006 0.000189851 1e-040 1e-040 0.000486425 0.0970379 1e-040 3.43929e-009 1e-040 1e-040 0.00167535 5.46813e-012 
1e-040 -2.22045e-016 0.107146 4.84343e-012 1e-040 1e-040 1e-040 1e-040 0.134582 0.241198 3.5629e-012 2.56076e-011 1e-040 0.00224377 9.22775e-011 0.00263631 0.280091 0.000152369 1e-040 1e-040 4.49951e-005 0.00194438 1e-040 1e-040 0.00329978 0.215289 1e-040 7.24732e-008 1e-040 1e-040 0.0113723 1.49006e-010 
1e-040 1e-040 0.0820807 7.51698e-011 1e-040 1e-040 1e-040 1e-040 0.182971 0.087598 5.804e-011 3.90974e-010 1e-040 0.00785318 1.30857e-009 0.0112896 0.252811 0.00102563 1e-040 1e-040 0.000274515 0.0097586 1e-040 1e-040 0.0108269 0.315635 1e-040 7.5599e-007 1e-040 1e-040 0.0378753 2.01159e-009 
1e-040 1e-040 0.0741803 7.71675e-010 1e-040 1e-040 1e-040 1e-040 0.161201 0.0368322 6.25542e-010 3.95224e-009 1e-040 0.0176697 1.22623e-008 0.0313234 0.156772 0.0045396 1e-040 1e-040 0.00110431 0.0319995 1e-040 1e-040 0.0229749 0.378824 1e-040 5.20654e-006 1e-040 1e-040 0.0825738 1.79367e-008 
1e-040 1e-040 0.00963785 0.0155039 1.11022e-016 1e-040 1e-040 1e-040 0.0183887 0.0161678 0.0232558 0.0620155 1e-040 0.0221676 0.0155039 0.0990097 0.0528038 0.131561 1e-040 1e-040 0.162735 0.145586 1e-040 1e-040 0.014047 0.0695044 1e-040 0.0620153 1e-040 1e-040 0.0723451 0.00775194 


2.70161e-229

4 10 10 10 3 26 17 17 17 10 9 17 9 9 26 26 3 26 26 17 26 26 26 26 31 26 9 25 3 14 31 31 31 31 16 16 16 16 22 22 22 22 22 22 22 22 22 22 22 21 25 18 18 18 18 18 18 18 18 18 18 18 18 18 18 18 18 18 17 17 17 17 17 21 17 21 21 21 21 21 21 21 21 28 28 21 21 21 21 21 21 21 26 26 21 21 21 28 28 21 22 22 22 22 22 28 28 28 28 32 26 22 16 22 15 15 22 26 16 16 12 16 31 31 12 4 16 31 12 12 11 16 11 11 16 16 12 16 14 12 12 31 12 31 9 10 14 10 4 4 
1 2 3 4 5 5 5 5 5 5 5 5 5 5 5 5 5 5 5 5 5 5 5 5 5 5 5 5 5 5 5 5 5 5 5 5 5 5 5 5 5 5 5 5 5 5 5 5 5 5 5 5 5 5 5 5 5 5 5 5 5 5 5 5 5 5 5 5 5 5 5 5 5 5 5 5 5 5 5 5 5 5 5 5 5 5 5 5 5 5 5 5 5 5 5 5 5 5 5 5 5 5 5 5 5 5 5 5 5 5 5 5 5 5 5 5 5 5 5 5 5 5 5 5 5 5 5 5 5 5 5 5 5 5 5 5 5 5 5 5 5 5 5 5 5 5 5 5 5 5 