1 0 0 0 0 

0.8 0.2 0 0 0 
0 0.8 0.2 0 0 
0 0 0.8 0.2 0 
0 0 0 0.8 0.2 
0 0 0 0 1 


0.128 0.1024 1.82688e-006 0.0419461 1e-040 1e-040 1e-040 1e-040 0.0748696 0.200006 0.0426766 3.99054e-005 0.165629 9.97586e-006 0.00818055 9.34613e-005 0.0524288 1e-040 1e-040 1e-040 1e-040 1e-040 0.000797753 0.00108803 0.147456 0.000794385 1e-040 1e-040 0.0335544 1e-040 2.68911e-005 1e-040 
0.064 0.0768 2.37494e-005 0.0734428 1e-040 1e-040 1e-040 1e-040 0.199571 8.04737e-005 0.152561 0.00041959 0.062518 0.000116007 0.0416109 0.000874902 0.0786432 1e-040 1e-040 1e-040 1e-040 1e-040 0.00581376 0.00719311 0.16384 0.00511187 1e-040 1e-040 0.0671089 1e-040 0.000270443 1e-040 
0.008 0.0192 0.000151402 0.0553388 1e-040 1e-040 1e-040 1e-040 0.255213 0.000520495 0.265554 0.00216572 0.0422213 0.000665472 0.106584 0.00398639 0.049152 1e-040 1e-040 1e-040 1e-040 1e-040 0.0205484 0.0228865 0.07168 0.0160828 1e-040 1e-040 0.0587203 1e-040 0.0013299 1e-040 
1e-040 0.0016 0.000630844 0.0242237 1e-040 1e-040 1e-040 1e-040 0.217427 0.00222581 0.304163 0.00733076 0.0492586 0.00251602 0.18655 0.0117791 0.016384 1e-040 1e-040 1e-040 1e-040 1e-040 0.0469539 0.046657 0.01536 0.0333114 1e-040 1e-040 0.0293602 1e-040 0.00426788 1e-040 
1e-040 1e-040 0.0129346 0.0782499 2.22045e-016 1e-040 1e-040 1e-040 0.15928 0.220595 0.0412367 0.0902626 0.018206 0.129655 0.107602 0.0248874 0.00022026 1e-040 1e-040 1e-040 1e-040 1e-040 0.0341485 0.0209205 0.000108052 0.0353701 1e-040 1e-040 0.00073093 1e-040 0.0255912 1e-040 


5.00521e-151

10 13 1 2 25 25 17 4 29 9 9 9 11 11 11 9 13 15 11 11 9 15 11 11 15 26 24 24 23 23 15 15 15 15 23 15 15 16 16 26 31 12 12 9 15 14 9 26 9 9 10 10 3 4 12 14 4 10 4 4 31 14 12 12 10 12 14 10 10 10 10 10 10 10 10 10 9 10 10 9 9 9 14 9 10 10 12 14 9 4 4 14 13 14 9 14 14 14 
1 2 3 4 5 5 5 5 5 5 5 5 5 5 5 5 5 5 5 5 5 5 5 5 5 5 5 5 5 5 5 5 5 5 5 5 5 5 5 5 5 5 5 5 5 5 5 5 5 5 5 5 5 5 5 5 5 5 5 5 5 5 5 5 5 5 5 5 5 5 5 5 5 5 5 5 5 5 5 5 5 5 5 5 5 5 5 5 5 5 5 5 5 5 5 5 5 5 