1 0 0 0 0 

0.833333 0.166667 0 0 0 
0 0.833333 0.166667 0 0 
0 0 0.71155 0.28845 0 
0 0 0 0.945989 0.0540114 
0 0 0 0 1 


1e-040 1e-040 0.333333 0.166667 1e-040 1e-040 1e-040 1e-040 1e-040 6.68525e-022 1e-040 3.79631e-122 0.408248 0.0917517 1e-040 1e-040 1e-040 1e-040 1e-040 1e-040 1e-040 1e-040 1e-040 1e-040 1e-040 1e-040 1e-040 1e-040 1e-040 1e-040 1e-040 1e-040 
1e-040 1e-040 1.02113e-237 7.82218e-014 1e-040 1e-040 1e-040 1e-040 1e-040 0.333333 1e-040 0.166667 0.0917517 0.408248 1e-040 1e-040 1e-040 1e-040 1e-040 1e-040 1e-040 1e-040 1e-040 1e-040 1e-040 1e-040 7.27996e-143 1e-040 2.28168e-019 1e-040 1e-040 1e-040 
1e-040 1e-040 2.22045e-016 1e-040 1e-040 1e-040 1e-040 1e-040 1e-040 1e-040 1e-040 4.40449e-131 1e-040 7.29568e-009 1e-040 1e-040 1e-040 1e-040 1e-040 1e-040 1e-040 1e-040 1e-040 1e-040 1e-040 1e-040 0.4231 3.73525e-245 0.5769 6.02141e-071 1e-040 1e-040 
1e-040 1e-040 1e-040 1e-040 1e-040 1e-040 1e-040 1e-040 1e-040 1e-040 1e-040 1e-040 4.80703e-101 1e-040 1e-040 1e-040 1e-040 1e-040 1e-040 1e-040 1e-040 1e-040 1e-040 1e-040 1e-040 1e-040 1 1.1144e-121 3.07489e-017 1.21396e-022 1e-040 1e-040 
1e-040 0.0169438 0.0169438 0.0677753 -4.44089e-016 1e-040 1e-040 1e-040 0.0169438 0.0508314 1e-040 0.0677753 1e-040 0.0169438 0.0508314 1e-040 1e-040 1e-040 1e-040 1e-040 0.0338876 0.0169438 1e-040 1e-040 1e-040 0.0508314 0.0172587 0.0677753 0.0847191 0.186382 0.0508314 0.186382 


3.32878e-079

13 13 3 3 4 14 13 10 14 10 12 14 29 27 29 27 27 27 27 27 27 27 27 27 27 27 27 27 27 27 27 27 27 27 30 30 30 30 27 28 28 28 28 30 30 32 30 32 21 30 30 30 32 32 32 32 32 29 32 32 29 29 22 32 32 29 4 2 29 21 15 12 12 12 31 26 26 26 14 4 4 15 12 15 10 10 30 3 10 31 31 9 4 14 
1 1 1 1 1 1 1 2 2 2 2 2 3 3 3 4 4 4 4 4 4 4 4 4 4 4 4 4 4 4 4 4 4 4 5 5 5 5 5 5 5 5 5 5 5 5 5 5 5 5 5 5 5 5 5 5 5 5 5 5 5 5 5 5 5 5 5 5 5 5 5 5 5 5 5 5 5 5 5 5 5 5 5 5 5 5 5 5 5 5 5 5 5 5 