1 0 0 0 0 

0.8 0.2 0 0 0 
0 0.8 0.2 0 0 
0 0 0.8 0.2 0 
0 0 0 0.8 0.2 
0 0 0 0 1 


7.77156e-016 1e-040 0.221906 5.72343e-012 1e-040 1e-040 1e-040 1e-040 0.0524288 9.33442e-013 1.65264e-014 1.41881e-012 0.611729 0.0726412 0.0237807 0.000386856 9.77507e-007 1.16853e-006 1.99062e-005 1e-040 1.36705e-005 0.00149026 1e-040 1e-040 0.0156011 1.88379e-007 1e-040 1e-040 1e-040 1e-040 1.5404e-010 1.43229e-010 
1e-040 -4.44089e-016 0.0728511 1.63924e-010 1e-040 1e-040 1e-040 1e-040 0.0786432 2.82413e-011 5.57766e-013 4.27851e-011 0.604442 0.112555 0.0652163 0.002708 1.54715e-005 1.71927e-005 0.000252795 1e-040 0.000147365 0.0120864 1e-040 1e-040 0.0510619 3.38714e-006 1e-040 1e-040 1e-040 1e-040 3.95076e-009 3.48922e-009 
1e-040 1e-040 0.126914 2.32902e-009 1e-040 1e-040 1e-040 1e-040 0.0491521 4.23894e-010 9.34258e-012 6.40201e-010 0.490129 0.104487 0.0877799 0.00913949 0.000120709 0.000124354 0.00157761 1e-040 0.000777244 0.0480354 1e-040 1e-040 0.0817324 3.01386e-005 1e-040 1e-040 1e-040 1e-040 5.02229e-008 4.20656e-008 
1e-040 1e-040 0.161742 2.18881e-008 1e-040 1e-040 1e-040 1e-040 0.0163848 4.20845e-009 1.03547e-010 6.33757e-009 0.401697 0.0950082 0.0813382 0.0198023 0.00061904 0.000589382 0.00644993 1e-040 0.0026763 0.12487 1e-040 1e-040 0.0886448 0.000176993 1e-040 1e-040 1e-040 1e-040 4.21929e-007 3.34595e-007 
1e-040 1e-040 0.0394026 0.0620155 3.33067e-016 1e-040 1e-040 1e-040 0.0621469 0.0232558 0.00775194 0.0387597 0.0500776 0.0548569 0.0210033 0.0142621 0.0929939 0.0232274 0.0771977 1e-040 0.0231157 0.116803 1e-040 1e-040 0.0218201 0.162783 1e-040 1e-040 1e-040 1e-040 0.0930232 0.0155039 


2.70161e-229

3 13 13 13 13 14 9 13 13 13 15 3 25 13 13 13 14 13 13 3 15 25 14 13 13 3 3 3 16 22 22 22 22 22 22 22 22 22 22 22 22 22 22 21 22 13 25 25 19 19 19 19 19 19 19 19 19 19 18 18 18 17 17 17 17 17 17 17 26 26 21 21 26 26 26 26 26 26 26 26 17 17 26 26 26 26 17 17 17 9 26 26 26 26 26 26 26 32 32 16 31 31 31 31 31 14 15 15 22 31 31 31 31 4 4 4 14 14 12 10 31 31 12 12 10 10 12 31 4 4 4 4 3 4 12 11 14 9 9 13 13 9 9 3 9 9 9 14 14 16 
1 2 3 4 5 5 5 5 5 5 5 5 5 5 5 5 5 5 5 5 5 5 5 5 5 5 5 5 5 5 5 5 5 5 5 5 5 5 5 5 5 5 5 5 5 5 5 5 5 5 5 5 5 5 5 5 5 5 5 5 5 5 5 5 5 5 5 5 5 5 5 5 5 5 5 5 5 5 5 5 5 5 5 5 5 5 5 5 5 5 5 5 5 5 5 5 5 5 5 5 5 5 5 5 5 5 5 5 5 5 5 5 5 5 5 5 5 5 5 5 5 5 5 5 5 5 5 5 5 5 5 5 5 5 5 5 5 5 5 5 5 5 5 5 5 5 5 5 5 5 