1 0 0 0 0 

0.851486 0.148514 0 0 0 
0 0.918478 0.0815219 0 0 
0 0 0.666667 0.333333 0 
0 0 0 0.9375 0.0625 
0 0 0 0 1 


1e-040 1.88213e-014 1e-040 1e-040 1e-040 1e-040 1e-040 1e-040 1e-040 1e-040 1e-040 1e-040 1e-040 1e-040 1e-040 1e-040 0.851486 1e-040 1e-040 1e-040 1e-040 1e-040 1e-040 1e-040 1.07797e-198 0.148514 1e-040 1e-040 1e-040 1e-040 1e-040 1e-040 
9.2331e-150 0.652175 0.0815219 1e-040 1e-040 1e-040 1e-040 1e-040 1e-040 1e-040 1e-040 1e-040 1e-040 1e-040 1e-040 1e-040 0.184781 1e-040 1e-040 1e-040 1e-040 1e-040 1e-040 1e-040 0.0815219 3.34987e-091 1e-040 1e-040 1e-040 1e-040 1e-040 1e-040 
0.666667 2.62041e-078 1e-040 1e-040 1e-040 1e-040 1e-040 1e-040 1e-040 1e-040 1e-040 1e-040 0.333333 1e-040 1e-040 1e-040 1e-040 1e-040 1.42739e-106 1e-040 1e-040 1e-040 1e-040 1e-040 1e-040 1e-040 1e-040 1e-040 1e-040 1e-040 1e-040 1e-040 
1.00352e-145 1e-040 1e-040 1e-040 1e-040 1e-040 1e-040 1e-040 1e-040 1e-040 1e-040 1e-040 4.75743e-106 1e-040 1e-040 1e-040 6.6088e-125 0.1875 0.8125 1e-040 1e-040 1e-040 1e-040 1e-040 1e-040 1e-040 1e-040 1e-040 1e-040 1e-040 1e-040 1e-040 
0.0581395 0.0232558 0.116279 0.0813953 3.33067e-016 1e-040 1e-040 1e-040 0.127907 0.0930233 1e-040 1e-040 0.0348837 0.0813953 0.0465116 1e-040 0.267442 1.58622e-219 1e-040 1e-040 0.0232558 1e-040 1e-040 1e-040 1e-040 0.0116279 1e-040 1e-040 0.0348837 1e-040 1e-040 1e-040 


1.66674e-102

17 17 17 17 26 17 17 2 17 2 2 25 2 3 17 2 2 2 2 1 1 13 19 19 19 19 19 19 19 19 19 19 19 19 19 18 18 18 17 17 17 17 17 17 17 21 17 21 17 17 17 17 17 17 17 29 17 17 17 3 26 9 17 17 17 17 9 3 17 3 14 29 29 14 14 9 13 15 3 3 4 4 1 1 4 9 4 14 9 14 4 15 9 9 3 9 13 3 9 9 15 13 2 2 1 1 14 9 3 10 10 14 4 4 10 1 3 3 15 10 10 10 10 10 13 
1 1 1 1 1 1 1 2 2 2 2 2 2 2 2 2 2 2 2 3 3 3 4 4 4 4 4 4 4 4 4 4 4 4 4 4 4 4 5 5 5 5 5 5 5 5 5 5 5 5 5 5 5 5 5 5 5 5 5 5 5 5 5 5 5 5 5 5 5 5 5 5 5 5 5 5 5 5 5 5 5 5 5 5 5 5 5 5 5 5 5 5 5 5 5 5 5 5 5 5 5 5 5 5 5 5 5 5 5 5 5 5 5 5 5 5 5 5 5 5 5 5 5 5 5 