1 0 0 0 0 

0.857143 0.142857 0 0 0 
0 0.666667 0.333333 0 0 
0 0 0.9 0.1 0 
0 0 0 0.833333 0.166667 
0 0 0 0 1 


2.22525e-016 6.37286e-107 0.714286 2.03984e-251 1e-040 1e-040 1e-040 1e-040 1e-040 1e-040 1e-040 1e-040 0.142857 1e-040 0.142857 1e-040 1e-040 1e-040 1e-040 1e-040 1e-040 1e-040 1e-040 1e-040 1e-040 1e-040 1e-040 1e-040 1e-040 1e-040 1e-040 1e-040 
1 1.23402e-014 1.889e-068 7.67032e-199 1e-040 1e-040 1e-040 1e-040 1e-040 1e-040 1e-040 1e-040 1e-040 1e-040 1e-040 1e-040 1e-040 1e-040 1e-040 1e-040 1e-040 1e-040 1e-040 1e-040 1e-040 1e-040 1e-040 1e-040 9.46954e-239 1e-040 1e-040 1e-040 
2.44926e-090 0.3 2.22045e-016 0.1 1e-040 1e-040 1e-040 1e-040 1e-040 2.2838e-218 1e-040 1e-040 1e-040 1e-040 1e-040 1e-040 1e-040 1e-040 1e-040 1e-040 1e-040 1e-040 1e-040 1e-040 1e-040 1e-040 1e-040 1e-040 0.6 1e-040 1e-040 1e-040 
0.833333 1e-040 1e-040 1e-040 1e-040 1e-040 1e-040 1e-040 2.71172e-059 0.166667 1e-040 1e-040 1e-040 1e-040 1e-040 1e-040 1e-040 1e-040 1e-040 1e-040 1e-040 1e-040 1e-040 1e-040 1e-040 1e-040 1e-040 1e-040 9.60335e-090 1e-040 1e-040 1e-040 
1e-040 0.0140845 0.0140845 0.0985915 2.22045e-016 1e-040 1e-040 1e-040 0.323944 0.366197 1e-040 1e-040 0.0422535 0.056338 0.0422535 1e-040 1e-040 1e-040 1e-040 1e-040 1e-040 1e-040 1e-040 1e-040 1e-040 0.0422535 1e-040 1e-040 1e-040 1e-040 1e-040 1e-040 


7.6198e-065

13 3 3 15 3 3 3 1 1 1 2 2 2 4 29 29 29 29 29 29 1 10 1 1 1 1 9 9 9 9 9 10 10 10 10 26 10 10 15 26 26 10 4 4 10 10 10 10 10 10 10 4 10 10 10 10 10 10 9 14 4 4 10 9 10 9 10 10 10 9 9 9 9 9 9 9 9 9 9 2 13 9 9 13 15 4 9 3 9 9 4 14 10 14 14 13 15 14 
1 1 1 1 1 1 1 2 2 2 3 3 3 3 3 3 3 3 3 3 4 4 4 4 4 4 5 5 5 5 5 5 5 5 5 5 5 5 5 5 5 5 5 5 5 5 5 5 5 5 5 5 5 5 5 5 5 5 5 5 5 5 5 5 5 5 5 5 5 5 5 5 5 5 5 5 5 5 5 5 5 5 5 5 5 5 5 5 5 5 5 5 5 5 5 5 5 5 