1 0 0 0 0 

0.776191 0.223809 0 0 0 
0 0.846905 0.153095 0 0 
0 0 0.8 0.2 0 
0 0 0 0.934842 0.0651583 
0 0 0 0 1 


1e-040 1e-040 1.32642e-022 1e-040 1e-040 1e-040 1e-040 1e-040 3.67417e-182 1e-040 1e-040 1e-040 0.552382 0.447618 1e-040 1e-040 1e-040 1e-040 1e-040 1e-040 1e-040 1e-040 1e-040 1e-040 1e-040 1e-040 1e-040 1e-040 1e-040 1e-040 1e-040 1e-040 
1e-040 -2.19174e-179 0.306189 1e-040 1e-040 1e-040 1e-040 1e-040 0.306189 0.153095 1e-040 1e-040 0.234526 1.2033e-073 1e-040 1e-040 1e-040 1e-040 1e-040 1e-040 6.68541e-007 1e-040 1e-040 1e-040 1e-040 1e-040 1e-040 1e-040 1e-040 1e-040 1e-040 1e-040 
1e-040 0.4 1e-040 1e-040 1e-040 1e-040 1e-040 1e-040 3.91932e-191 2.41828e-230 1e-040 1e-040 2.88855e-007 1e-040 1e-040 1e-040 2.59126e-020 1e-040 1e-040 1e-040 0.199999 1e-040 1e-040 1e-040 1e-040 1e-040 1e-040 1e-040 0.4 1e-040 1e-040 1e-040 
1e-040 1e-040 0.247043 0.0632264 1e-040 1e-040 1e-040 1e-040 0.240636 1e-040 1e-040 1e-040 1e-040 1e-040 3.04927e-087 1e-040 0.39095 1e-040 1e-040 1e-040 1e-040 1e-040 1e-040 1e-040 1e-040 0.0581081 1e-040 1e-040 1.00445e-039 1e-040 3.70916e-005 1e-040 
1e-040 1e-040 0.0641035 0.0766099 1.11022e-016 1e-040 1e-040 1e-040 0.0503696 0.0609266 1e-040 0.121853 0.045695 0.121853 0.198011 0.0304633 9.03407e-214 1e-040 1e-040 1e-040 1e-040 1e-040 1e-040 1e-040 1e-040 0.0778063 1e-040 1e-040 0.0152317 1e-040 0.137076 1e-040 


1.63307e-088

13 14 14 13 13 3 9 3 10 9 13 21 2 2 29 29 17 17 17 17 17 9 9 9 17 3 3 4 3 26 3 9 31 4 26 26 26 26 26 15 15 15 15 15 15 15 15 16 15 10 15 13 15 31 31 31 12 12 31 10 31 3 4 16 12 12 10 31 12 31 13 13 12 12 31 3 3 14 15 29 12 4 14 14 14 9 14 14 15 3 4 10 9 9 4 14 14 15 
1 1 1 1 1 2 2 2 2 2 2 3 3 3 3 3 4 4 4 4 4 4 4 4 4 4 4 4 4 4 4 4 5 5 5 5 5 5 5 5 5 5 5 5 5 5 5 5 5 5 5 5 5 5 5 5 5 5 5 5 5 5 5 5 5 5 5 5 5 5 5 5 5 5 5 5 5 5 5 5 5 5 5 5 5 5 5 5 5 5 5 5 5 5 5 5 5 5 