1 0 0 0 0 

0.908568 0.0914324 0 0 0 
0 0.679563 0.320437 0 0 
0 0 0.79401 0.20599 0 
0 0 0 0.950218 0.0497819 
0 0 0 0 1 


1.11022e-016 1e-040 0.457152 0.0914324 1e-040 1e-040 1e-040 1e-040 1e-040 1e-040 1e-040 1e-040 0.451416 1e-040 1e-040 1e-040 1e-040 1e-040 1e-040 1e-040 1e-040 1e-040 1e-040 1e-040 1.64977e-014 1e-040 1e-040 1e-040 1e-040 1e-040 1e-040 1e-040 
1e-040 1e-040 3.74694e-005 1.16128e-048 1e-040 1e-040 1e-040 1e-040 1e-040 1e-040 1e-040 1e-040 0.661004 1e-040 0.0185214 1e-040 1e-040 1e-040 1e-040 1e-040 1e-040 1.13665e-027 1e-040 1e-040 0.320437 1e-040 2.28507e-258 1e-040 1e-040 1e-040 1e-040 1e-040 
1e-040 1e-040 1.55469e-188 1e-040 1e-040 1e-040 1e-040 1e-040 1e-040 1e-040 1e-040 1e-040 5.32823e-006 1e-040 0.194084 1e-040 1e-040 1e-040 1e-040 1e-040 1e-040 0.805911 1e-040 1e-040 4.17707e-029 1e-040 1.94014e-011 1e-040 1.13696e-123 1e-040 1e-040 2.22045e-016 
1e-040 1e-040 1e-040 1.11022e-016 1e-040 1e-040 1e-040 1e-040 1e-040 1e-040 1e-040 1e-040 2.11364e-227 1e-040 1.42447e-082 1e-040 1e-040 1e-040 1e-040 1e-040 1e-040 0.0541439 1e-040 1e-040 1e-040 1e-040 0.896074 1e-040 0.0497819 1.55914e-013 1e-040 -7.98824e-132 
1e-040 1e-040 1e-040 0.0895522 -2.22045e-016 1e-040 1e-040 1e-040 0.0298507 0.104478 0.268657 0.0298507 1e-040 1e-040 1e-040 1e-040 1e-040 1e-040 1e-040 1e-040 1e-040 1e-040 1e-040 1e-040 1e-040 1e-040 2.45196e-023 1e-040 0.0149254 0.328358 0.0149254 0.119403 


2.19152e-067

13 13 3 4 13 13 3 3 3 3 13 13 25 13 15 22 22 22 22 27 27 29 22 27 27 27 27 27 27 27 27 27 27 27 27 27 27 27 27 30 30 30 30 30 30 30 30 30 30 32 32 30 30 30 30 30 30 30 30 30 29 30 30 30 32 32 32 32 32 32 31 9 11 11 11 11 11 11 11 11 10 11 11 11 12 12 4 4 10 10 4 10 10 11 11 4 4 10 10 11 11 11 11 11 9 4 11 
1 1 1 1 1 1 1 1 1 1 2 2 2 2 3 3 3 3 3 4 4 4 4 4 4 4 4 4 4 4 4 4 4 4 4 4 4 4 4 5 5 5 5 5 5 5 5 5 5 5 5 5 5 5 5 5 5 5 5 5 5 5 5 5 5 5 5 5 5 5 5 5 5 5 5 5 5 5 5 5 5 5 5 5 5 5 5 5 5 5 5 5 5 5 5 5 5 5 5 5 5 5 5 5 5 5 5 