1 0 0 0 0 

0.667917 0.332083 0 0 0 
0 0.84407 0.15593 0 0 
0 0 0.867996 0.132004 0 
0 0 0 0.940981 0.0590187 
0 0 0 0 1 


1e-040 1e-040 0.996156 1.51756e-136 1e-040 1e-040 1e-040 1e-040 1e-040 1e-040 1e-040 1e-040 7.99421e-032 0.003844 1.79129e-010 1e-040 1e-040 1e-040 1e-040 1e-040 1e-040 1e-040 1e-040 1e-040 1e-040 1e-040 1e-040 1e-040 1e-040 1e-040 4.04496e-173 1e-040 
1e-040 1e-040 4.4582e-005 0.0889695 1e-040 1e-040 1e-040 1e-040 1e-040 1.38759e-033 1e-040 1e-040 0.15593 0.465984 0.288555 3.22773e-082 1e-040 1e-040 1e-040 1e-040 1e-040 5.2213e-137 1e-040 1e-040 1e-040 1e-040 1e-040 1e-040 1e-040 1e-040 0.000516732 1e-040 
1e-040 1e-040 0.264006 0.0566858 1e-040 1e-040 1e-040 1e-040 1e-040 0.264007 1e-040 1e-040 7.62189e-123 5.85748e-015 0.151732 2.24459e-008 1e-040 1e-040 1e-040 1e-040 1e-040 1.27798e-059 1e-040 1e-040 1e-040 1e-040 1e-040 1e-040 1e-040 1e-040 0.263568 1e-040 
1e-040 1e-040 1.33787e-131 -2.99407e-178 1e-040 1e-040 1e-040 1e-040 1e-040 9.09863e-030 1e-040 1e-040 1.73037e-071 1.04629e-121 3.49102e-160 0.940974 1.07085e-063 1e-040 1e-040 1e-040 1e-040 0.0590187 1e-040 1e-040 1e-040 6.3877e-006 1e-040 1e-040 1e-040 1e-040 6.91953e-007 1.11022e-016 
1e-040 0.0467044 0.00934089 0.0560453 -2.22045e-016 1e-040 1e-040 1e-040 0.00934089 0.0653862 1e-040 0.0653862 1e-040 0.0280227 0.0186818 0.0472307 0.0280227 0.158795 0.00934089 1e-040 0.149454 0.0280227 1e-040 1e-040 0.00934089 0.130771 1e-040 0.0373635 1e-040 0.00934089 0.084068 0.00934089 


4.18545e-139

3 3 3 14 15 13 14 14 15 4 31 3 15 3 10 10 31 16 16 22 16 16 16 16 16 16 16 16 16 16 16 16 16 16 26 26 26 17 17 17 18 2 18 18 18 18 19 18 18 18 18 18 18 18 18 18 18 18 18 2 2 2 21 2 21 21 21 21 21 21 21 21 21 21 21 28 28 26 21 28 28 30 26 26 26 21 26 26 26 21 32 26 21 25 22 22 26 26 15 22 16 16 31 31 31 26 16 16 15 31 31 31 12 14 4 4 12 12 12 12 16 31 31 31 10 4 4 10 10 10 12 12 14 3 9 10 4 4 10 10 14 9 
1 1 1 2 2 2 2 2 2 2 3 3 3 3 3 3 3 4 4 4 4 4 4 4 4 4 4 4 4 4 4 4 4 4 5 5 5 5 5 5 5 5 5 5 5 5 5 5 5 5 5 5 5 5 5 5 5 5 5 5 5 5 5 5 5 5 5 5 5 5 5 5 5 5 5 5 5 5 5 5 5 5 5 5 5 5 5 5 5 5 5 5 5 5 5 5 5 5 5 5 5 5 5 5 5 5 5 5 5 5 5 5 5 5 5 5 5 5 5 5 5 5 5 5 5 5 5 5 5 5 5 5 5 5 5 5 5 5 5 5 5 5 