1 0 0 0 0 

0.8466 0.1534 0 0 0 
0 0.76551 0.23449 0 0 
0 0 0.802508 0.197492 0 
0 0 0 0.948488 0.0515115 
0 0 0 0 1 


2.22045e-016 1e-040 1e-040 1e-040 1e-040 1e-040 1e-040 1e-040 1e-040 1e-040 1.77976e-005 1e-040 0.00114097 5.14345e-010 1e-040 1e-040 1e-040 1e-040 1e-040 1e-040 0.303825 1.48972e-020 0.153391 1e-040 0.523607 0.0180184 5.00434e-015 1.13201e-098 1e-040 4.49783e-034 1e-040 1e-040 
1e-040 1e-040 1e-040 1e-040 1e-040 1e-040 1e-040 1e-040 1e-040 1e-040 0.32768 1e-040 0.22423 0.0678181 1e-040 1e-040 1e-040 1e-040 1e-040 1e-040 0.0318803 0.00017752 1.37749e-005 1e-040 0.137562 0.206586 0.00405214 2.95667e-030 1e-040 2.10811e-008 1e-040 3.41086e-086 
1e-040 1e-040 1.11022e-016 1e-040 1e-040 1e-040 1e-040 1e-040 1e-040 1e-040 0.118981 1e-040 0.00717241 0.140144 1e-040 1e-040 1e-040 1e-040 1e-040 1e-040 0.175699 0.289132 1e-040 1e-040 3.90625e-006 0.000303937 0.173505 2.91809e-006 1e-040 0.0950564 5.77993e-126 1.23237e-022 
1e-040 1e-040 1e-040 -7.40055e-220 1e-040 1e-040 1e-040 1e-040 1e-040 1e-040 4.37037e-007 1e-040 1.4961e-013 6.00111e-005 4.92178e-109 2.71213e-204 1e-040 1e-040 1e-040 1e-040 0.102703 0.0790818 1e-040 1e-040 3.24669e-024 1.6233e-018 0.0568752 0.311257 1e-040 0.43881 1.3885e-028 0.0112119 
1e-040 1e-040 0.102145 0.0340484 1e-040 1e-040 1e-040 1e-040 0.102145 0.0340484 3.34455e-055 1e-040 1.60299e-088 0.102145 0.0680968 0.0170242 1e-040 1e-040 1e-040 1e-040 0.0510726 0.0170242 1e-040 1e-040 7.66419e-112 0.0510726 8.84372e-007 0.0163009 1e-040 1.85354e-009 0.20429 0.200585 


1.44191e-102

25 23 21 21 25 25 25 26 13 11 11 14 21 27 22 22 30 30 30 22 21 30 30 21 30 28 28 28 30 30 30 27 28 28 28 32 28 32 32 32 32 32 32 32 32 32 32 32 31 31 31 22 31 26 21 26 31 31 14 15 15 14 31 31 31 31 16 14 4 14 9 9 10 31 21 21 15 31 10 3 9 9 9 3 15 3 14 14 3 26 3 3 4 9 13 
1 1 1 1 1 1 1 2 2 2 2 3 3 3 3 3 4 4 4 4 4 4 4 4 4 4 4 4 4 4 4 4 4 4 4 5 5 5 5 5 5 5 5 5 5 5 5 5 5 5 5 5 5 5 5 5 5 5 5 5 5 5 5 5 5 5 5 5 5 5 5 5 5 5 5 5 5 5 5 5 5 5 5 5 5 5 5 5 5 5 5 5 5 5 5 