1 0 0 0 0 

0.866549 0.133451 0 0 0 
0 0.745581 0.254419 0 0 
0 0 0.895574 0.104426 0 
0 0 0 0.947368 0.0526317 
0 0 0 0 1 


2.23193e-016 1e-040 1e-040 1e-040 1e-040 1e-040 1e-040 1e-040 1e-040 0.133451 1e-040 1e-040 0.667248 0.199301 1e-040 1e-040 1e-040 1e-040 1e-040 1e-040 1e-040 1e-040 1e-040 1e-040 1e-040 1e-040 1e-040 1e-040 1e-040 1e-040 1e-040 1e-040 
0.763258 1e-040 -3.2756e-043 1e-040 1e-040 1e-040 1e-040 1e-040 1e-040 3.07952e-005 1e-040 1e-040 1.03252e-005 0.236701 1e-040 3.22712e-185 1e-040 1e-040 1e-040 1e-040 1e-040 1e-040 1e-040 1e-040 1e-040 1e-040 1e-040 1e-040 1e-040 1e-040 6.47198e-146 1e-040 
1.51601e-020 1e-040 0.104426 1e-040 1e-040 1e-040 1e-040 1e-040 1e-040 0.208839 1e-040 1e-040 0.313278 0.269022 1e-040 9.84069e-006 1e-040 1e-040 1e-040 1e-040 1e-040 1e-040 8.59176e-143 1e-040 1e-040 1e-040 1e-040 1e-040 1e-040 1e-040 0.104425 1e-040 
1e-040 1e-040 1e-040 1e-040 1e-040 1e-040 1e-040 1e-040 1e-040 1e-040 1e-040 1e-040 1.85473e-064 1e-040 1e-040 0.15789 1e-040 1.9861e-093 2.26467e-006 0.421054 1e-040 1e-040 0.421054 1e-040 1e-040 1e-040 1e-040 1e-040 1e-040 1e-040 3.82551e-007 1e-040 
0.0277778 1e-040 0.0416667 0.0555556 2.22045e-016 1e-040 1e-040 1e-040 0.0555556 0.0138889 1e-040 0.0138889 0.152778 0.0555556 0.166667 1e-040 1e-040 0.0972223 0.055555 2.89755e-026 1e-040 1e-040 1.25166e-231 1e-040 0.263889 1e-040 1e-040 1e-040 1e-040 1e-040 1e-040 1e-040 


3.71141e-093

10 13 13 13 13 14 13 14 1 1 1 14 10 13 14 14 3 13 10 13 31 16 16 16 23 23 23 23 23 23 23 23 20 20 20 20 20 20 20 20 19 19 19 19 18 18 18 18 18 18 25 25 25 25 18 25 25 25 25 25 25 25 25 15 15 15 25 25 25 3 13 13 25 25 25 13 13 3 9 15 15 15 15 4 15 14 15 15 25 15 15 13 13 9 13 1 1 4 12 10 3 14 14 14 9 9 4 4 13 13 13 13 4 
1 1 1 1 1 1 1 2 2 2 2 3 3 3 3 3 3 3 3 3 3 4 4 4 4 4 4 4 4 4 4 4 4 4 4 4 4 4 4 4 5 5 5 5 5 5 5 5 5 5 5 5 5 5 5 5 5 5 5 5 5 5 5 5 5 5 5 5 5 5 5 5 5 5 5 5 5 5 5 5 5 5 5 5 5 5 5 5 5 5 5 5 5 5 5 5 5 5 5 5 5 5 5 5 5 5 5 5 5 5 5 5 5 