1 0 0 0 0 

0.8 0.2 0 0 0 
0 0.8 0.2 0 0 
0 0 0.8 0.2 0 
0 0 0 0.8 0.2 
0 0 0 0 1 


2.97422e-012 4.3745e-012 0.252582 0.0214748 1e-040 1e-040 1e-040 1e-040 1.29528e-008 0.46474 1e-040 0.00590872 0.0268436 0.193536 1.32884e-007 0.00450101 1e-040 2.57155e-005 6.27821e-005 0.000685943 1e-040 0.000944473 0.00298561 1e-040 1.75907e-005 1e-040 1e-040 1e-040 1e-040 1e-040 0.0256917 1e-040 
8.49234e-011 1.20298e-010 0.294539 0.0536871 1e-040 1e-040 1e-040 1e-040 2.52784e-007 0.276615 1e-040 0.0277422 0.0603982 0.14592 2.33606e-006 0.0245895 1e-040 0.000297175 0.000662742 0.00593423 1e-040 0.00566684 0.0202592 1e-040 0.00023195 1e-040 1e-040 1e-040 1e-040 1e-040 0.0834536 1e-040 
1.20246e-009 1.63907e-009 0.195292 0.0603983 1e-040 1e-040 1e-040 1e-040 2.43895e-006 0.262346 1e-040 0.0618344 0.0604004 0.0489607 2.03106e-005 0.0641854 1e-040 0.00168093 0.00341754 0.0250451 1e-040 0.0162922 0.066534 1e-040 0.00150863 1e-040 1e-040 1e-040 1e-040 1e-040 0.132082 1e-040 
1.12547e-008 1.47516e-008 0.123231 0.0402674 1e-040 1e-040 1e-040 1e-040 1.55151e-005 0.196528 1e-040 0.0870095 0.0352482 0.0102448 0.000116468 0.106514 1e-040 0.00620228 0.0114723 0.068735 1e-040 0.029869 0.1409 1e-040 0.00645656 1e-040 1e-040 1e-040 1e-040 1e-040 0.13719 1e-040 
0.0196078 0.00980392 0.0752135 0.0305967 1e-040 1e-040 1e-040 1e-040 0.0686266 0.0294005 1e-040 0.010662 0.157701 0.0588891 0.0784245 0.0196181 1e-040 0.0388134 0.0384502 0.0833137 1e-040 0.00721704 0.0573197 1e-040 0.20548 1e-040 1e-040 1e-040 1e-040 1e-040 0.0108619 1e-040 


1.17672e-188

10 10 14 3 3 14 3 10 10 13 4 31 10 10 3 3 31 10 12 31 12 16 16 16 22 23 23 23 23 23 23 23 20 20 20 20 20 20 20 20 20 19 19 19 19 18 18 18 18 25 25 25 25 25 25 25 25 25 25 25 25 25 25 25 25 25 25 15 3 25 3 15 15 25 25 15 13 9 9 15 14 15 15 13 3 4 15 13 13 13 3 9 3 9 13 13 13 10 4 4 14 14 14 3 9 9 13 13 13 13 2 3 13 1 9 14 14 13 1 10 13 13 13 
1 2 3 4 5 5 5 5 5 5 5 5 5 5 5 5 5 5 5 5 5 5 5 5 5 5 5 5 5 5 5 5 5 5 5 5 5 5 5 5 5 5 5 5 5 5 5 5 5 5 5 5 5 5 5 5 5 5 5 5 5 5 5 5 5 5 5 5 5 5 5 5 5 5 5 5 5 5 5 5 5 5 5 5 5 5 5 5 5 5 5 5 5 5 5 5 5 5 5 5 5 5 5 5 5 5 5 5 5 5 5 5 5 5 5 5 5 5 5 5 5 5 5 