1 0 0 0 0 

0.8 0.2 0 0 0 
0 0.8 0.2 0 0 
0 0 0.8 0.2 0 
0 0 0 0.8 0.2 
0 0 0 0 1 


0.182999 0.748283 3.03542e-010 1e-040 1e-040 1e-040 1e-040 1e-040 1.94876e-007 1e-040 1.32613e-006 1e-040 0.0462027 7.33065e-009 4.7253e-006 1e-040 1e-040 1e-040 1e-040 1e-040 1e-040 1e-040 0.0188847 0.00362415 1e-040 1e-040 1e-040 1e-040 1e-040 1e-040 1e-040 1e-040 
0.251156 0.47399 6.90558e-009 1e-040 1e-040 1e-040 1e-040 1e-040 3.23383e-006 1e-040 1.82558e-005 1e-040 0.156677 1.45209e-007 6.41436e-005 1e-040 1e-040 1e-040 1e-040 1e-040 1e-040 1e-040 0.101661 0.016431 1e-040 1e-040 1e-040 1e-040 1e-040 1e-040 1e-040 1e-040 
0.19387 0.24795 7.76878e-008 1e-040 1e-040 1e-040 1e-040 1e-040 2.65014e-005 1e-040 0.000123725 1e-040 0.248861 1.4211e-006 0.000429781 1e-040 1e-040 1e-040 1e-040 1e-040 1e-040 1e-040 0.273195 0.0355425 1e-040 1e-040 1e-040 1e-040 1e-040 1e-040 1e-040 1e-040 
0.109857 0.0963364 5.76185e-007 2.22045e-016 1e-040 1e-040 1e-040 1e-040 0.000143065 1e-040 0.00055051 1e-040 0.246369 9.16066e-006 0.00189716 1e-040 1e-040 1e-040 1e-040 1e-040 1e-040 1e-040 0.495358 0.0494792 1e-040 1e-040 1e-040 1e-040 1e-040 1e-040 1e-040 1e-040 
0.055264 0.00214363 0.0128205 1e-040 2.22045e-016 1e-040 1e-040 1e-040 0.076912 1e-040 0.0255965 1e-040 0.275762 0.0256403 0.140872 1e-040 1e-040 1e-040 1e-040 1e-040 1e-040 1e-040 0.366083 0.0189053 1e-040 1e-040 1e-040 1e-040 1e-040 1e-040 1e-040 1e-040 


1.56413e-152

2 2 2 1 2 2 2 1 2 2 1 1 13 13 13 13 13 23 24 23 23 23 23 23 23 23 23 23 23 23 23 23 23 23 23 23 23 23 23 23 23 24 23 23 23 23 23 23 23 23 23 23 15 15 11 15 1 1 13 13 1 13 15 11 15 9 9 15 13 15 15 15 13 13 13 15 9 13 14 15 13 9 9 14 13 13 13 13 13 13 9 3 13 13 13 13 13 1 9 
1 2 3 4 5 5 5 5 5 5 5 5 5 5 5 5 5 5 5 5 5 5 5 5 5 5 5 5 5 5 5 5 5 5 5 5 5 5 5 5 5 5 5 5 5 5 5 5 5 5 5 5 5 5 5 5 5 5 5 5 5 5 5 5 5 5 5 5 5 5 5 5 5 5 5 5 5 5 5 5 5 5 5 5 5 5 5 5 5 5 5 5 5 5 5 5 5 5 5 