1 0 0 0 0 

0.8 0.2 0 0 0 
0 0.8 0.2 0 0 
0 0 0.8 0.2 0 
0 0 0 0.8 0.2 
0 0 0 0 1 


0.918181 1e-040 1.15033e-006 8.42463e-008 1e-040 1e-040 1e-040 1e-040 4.78906e-007 4.29806e-008 1.15792e-009 5.92374e-010 0.0109951 8.10174e-008 0.00880074 0.000200454 1e-040 1e-040 1e-040 1e-040 1e-040 1e-040 0.0216338 0.0133432 0.0268435 1e-040 1e-040 1e-040 1e-040 1e-040 6.42936e-008 1e-040 
0.705961 -2.22045e-016 1.68673e-005 1.51055e-006 1e-040 1e-040 1e-040 1e-040 6.94416e-006 7.49467e-007 2.46058e-008 1.40453e-008 0.0357341 1.48744e-006 0.0308496 0.00156579 1e-040 1e-040 1e-040 1e-040 1e-040 1e-040 0.0923289 0.0731335 0.060398 1e-040 1e-040 1e-040 1e-040 1e-040 1.07708e-006 1e-040 
0.437991 1e-040 0.000121665 1.3425e-005 1e-040 1e-040 1e-040 1e-040 4.94774e-005 6.45908e-006 2.58361e-007 1.64812e-007 0.0536012 1.34962e-005 0.0504534 0.00595145 1e-040 1e-040 1e-040 1e-040 1e-040 1e-040 0.192371 0.19902 0.060398 1e-040 1e-040 1e-040 1e-040 1e-040 8.88815e-006 1e-040 
0.217638 1e-040 0.000575456 7.8893e-005 1e-040 1e-040 1e-040 1e-040 0.000230898 3.67095e-005 1.787e-006 1.27605e-006 0.0491344 8.06966e-005 0.0519133 0.014723 1e-040 1e-040 1e-040 1e-040 1e-040 1e-040 0.266914 0.363391 0.0352322 1e-040 1e-040 1e-040 1e-040 1e-040 4.8164e-005 1e-040 
0.0142959 1e-040 0.0446109 0.142853 1.11022e-016 1e-040 1e-040 1e-040 0.0178443 0.116069 0.00892848 0.0446428 0.00225603 0.133924 0.127589 0.0257839 1e-040 1e-040 1e-040 1e-040 1e-040 1e-040 0.0994086 0.176389 0.000764658 1e-040 1e-040 1e-040 1e-040 1e-040 0.0446403 1e-040 


1.04514e-203

1 1 1 1 1 1 1 1 1 25 1 1 1 13 15 23 23 23 24 23 24 24 24 24 24 23 23 24 24 24 24 16 23 24 24 24 24 24 24 24 23 24 23 24 23 24 24 24 24 23 23 16 15 15 23 23 15 3 9 1 3 3 15 15 15 16 15 31 4 10 15 14 14 14 15 4 4 4 14 14 14 14 4 4 10 11 4 4 4 14 15 15 10 12 12 4 12 12 12 10 10 10 4 15 4 10 10 31 31 4 4 10 4 15 14 9 15 14 10 4 31 3 14 14 31 10 3 14 10 14 14 10 10 
1 2 3 4 5 5 5 5 5 5 5 5 5 5 5 5 5 5 5 5 5 5 5 5 5 5 5 5 5 5 5 5 5 5 5 5 5 5 5 5 5 5 5 5 5 5 5 5 5 5 5 5 5 5 5 5 5 5 5 5 5 5 5 5 5 5 5 5 5 5 5 5 5 5 5 5 5 5 5 5 5 5 5 5 5 5 5 5 5 5 5 5 5 5 5 5 5 5 5 5 5 5 5 5 5 5 5 5 5 5 5 5 5 5 5 5 5 5 5 5 5 5 5 5 5 5 5 5 5 5 5 5 5 