1 0 0 0 0 

0.8 0.2 0 0 0 
0 0.8 0.2 0 0 
0 0 0.8 0.2 0 
0 0 0 0.8 0.2 
0 0 0 0 1 


5.55112e-016 1e-040 0.169283 1.18037e-011 1e-040 1e-040 1e-040 1e-040 0.136796 0.0986426 8.46152e-015 0.065536 1.71694e-013 0.47627 0.041943 0.00544548 3.45081e-006 0.000400971 1e-040 1e-040 0.000102002 0.00327083 1e-040 1e-040 3.77351e-007 1.01487e-008 2.45199e-007 1e-040 1e-040 1e-040 0.00230584 1.78918e-009 
1e-040 -4.44089e-016 0.234211 3.1648e-010 1e-040 1e-040 1e-040 1e-040 0.0947863 0.209296 2.91922e-013 0.08192 5.57914e-012 0.237211 0.0734003 0.0302563 4.90604e-005 0.00388609 1e-040 1e-040 0.000871954 0.0225727 1e-040 1e-040 5.96366e-006 1.97623e-007 3.73929e-006 1e-040 1e-040 1e-040 0.0115292 4.07944e-008 
1e-040 1e-040 0.203575 4.20938e-009 1e-040 1e-040 1e-040 1e-040 0.0580278 0.219845 4.99917e-012 0.04096 9.00179e-011 0.216457 0.0550502 0.0804776 0.000342903 0.0185371 1e-040 1e-040 0.00363868 0.0756296 1e-040 1e-040 4.64845e-005 1.90636e-006 2.80447e-005 1e-040 1e-040 1e-040 0.0273819 4.60292e-007 
1e-040 1e-040 0.155769 3.70374e-008 1e-040 1e-040 1e-040 1e-040 0.0500278 0.153028 5.66573e-011 0.01024 9.61568e-010 0.196549 0.0229376 0.136383 0.0015706 0.0581038 1e-040 1e-040 0.00993735 0.163989 1e-040 1e-040 0.000238321 1.21522e-005 0.000137886 1e-040 1e-040 1e-040 0.0410733 3.42662e-006 
1e-040 1e-040 0.0402001 0.0465116 2.22045e-016 1e-040 1e-040 1e-040 0.0100916 0.0123716 0.00775194 0.0465637 0.0465116 0.0881207 0.0312662 0.0367224 0.0464354 0.151902 1e-040 1e-040 0.154475 0.082734 1e-040 1e-040 0.0309965 0.0465111 0.00774535 1e-040 1e-040 1e-040 0.051074 0.0620154 


2.70161e-229

14 14 9 3 14 12 10 15 3 3 10 14 10 10 9 14 14 14 3 3 31 16 16 16 16 22 22 22 22 22 22 22 22 22 21 18 18 18 18 18 18 18 18 18 18 18 18 18 18 18 18 18 18 18 18 17 17 17 17 17 17 27 25 25 21 21 21 21 21 21 21 21 21 21 25 25 26 21 21 21 21 21 21 21 21 21 22 26 26 32 32 32 32 32 22 32 26 26 32 31 31 31 31 22 15 31 4 26 32 31 12 16 16 14 14 12 14 4 14 14 14 12 12 12 10 12 4 9 13 13 14 4 4 14 15 13 15 4 11 13 13 15 3 3 3 3 14 13 14 9 
1 2 3 4 5 5 5 5 5 5 5 5 5 5 5 5 5 5 5 5 5 5 5 5 5 5 5 5 5 5 5 5 5 5 5 5 5 5 5 5 5 5 5 5 5 5 5 5 5 5 5 5 5 5 5 5 5 5 5 5 5 5 5 5 5 5 5 5 5 5 5 5 5 5 5 5 5 5 5 5 5 5 5 5 5 5 5 5 5 5 5 5 5 5 5 5 5 5 5 5 5 5 5 5 5 5 5 5 5 5 5 5 5 5 5 5 5 5 5 5 5 5 5 5 5 5 5 5 5 5 5 5 5 5 5 5 5 5 5 5 5 5 5 5 5 5 5 5 5 5 