1 0 0 0 0 

0.867998 0.132002 0 0 0 
0 0.773978 0.226022 0 0 
0 0 0.5 0.5 0 
0 0 0 0.961538 0.0384615 
0 0 0 0 1 


1e-040 0.132002 0.396006 1e-040 1e-040 1e-040 1e-040 1e-040 0.132002 1e-040 1e-040 1e-040 0.33999 1e-040 1e-040 1e-040 1e-040 1e-040 1e-040 1e-040 1e-040 1e-040 1e-040 1e-040 1e-040 1e-040 1e-040 1e-040 1e-040 1e-040 1e-040 1e-040 
1e-040 2.41279e-013 1.16796e-089 1e-040 1e-040 1e-040 1e-040 1e-040 1e-040 4.9272e-082 1e-040 1e-040 1 1e-040 1e-040 1e-040 1e-040 1e-040 1e-040 1e-040 1e-040 1e-040 1e-040 1e-040 1e-040 1e-040 1e-040 1e-040 1e-040 1e-040 1e-040 1e-040 
1e-040 1e-040 1e-040 1e-040 1e-040 1e-040 1e-040 1e-040 1e-040 0.5 1e-040 1e-040 1.97925e-083 1e-040 1e-040 2.23515e-195 1e-040 1e-040 1e-040 1e-040 1e-040 1e-040 1e-040 1e-040 1e-040 1e-040 1e-040 1e-040 1e-040 1e-040 0.5 1e-040 
1e-040 1e-040 1e-040 1.11022e-016 1e-040 1e-040 1e-040 1e-040 1e-040 1e-040 1e-040 1e-040 1e-040 1e-040 1e-040 0.615385 1e-040 7.52013e-167 3.74745e-018 0.115385 1e-040 1e-040 0.192308 0.0769231 3.46819e-057 1e-040 1e-040 1e-040 1e-040 1e-040 1.45398e-080 1e-040 
1e-040 1e-040 0.025974 0.0779221 -2.22045e-016 1e-040 1e-040 1e-040 0.12987 0.0519481 1e-040 0.0649351 0.012987 0.0649351 0.0909091 0.0909091 0.0519481 0.038961 0.038961 4.30811e-131 1e-040 1e-040 2.32982e-170 3.14992e-209 0.103896 0.103896 1e-040 1e-040 1e-040 1e-040 0.0519481 1e-040 


7.93482e-110

13 9 13 3 3 3 2 13 13 13 13 13 10 31 16 16 16 16 16 16 16 16 16 16 16 16 16 16 16 16 23 23 23 23 24 20 20 24 23 20 19 25 19 19 25 18 18 18 17 17 17 25 17 26 26 26 25 25 25 25 13 26 25 15 26 26 15 3 3 26 15 16 16 16 26 16 16 15 15 15 16 16 31 31 14 10 31 10 10 12 12 12 31 9 9 12 12 4 14 9 4 14 9 15 4 9 9 14 4 9 10 9 4 9 4 14 9 14 
1 1 1 1 1 1 1 2 2 2 2 2 3 3 4 4 4 4 4 4 4 4 4 4 4 4 4 4 4 4 4 4 4 4 4 4 4 4 4 4 5 5 5 5 5 5 5 5 5 5 5 5 5 5 5 5 5 5 5 5 5 5 5 5 5 5 5 5 5 5 5 5 5 5 5 5 5 5 5 5 5 5 5 5 5 5 5 5 5 5 5 5 5 5 5 5 5 5 5 5 5 5 5 5 5 5 5 5 5 5 5 5 5 5 5 5 5 5 