1 0 0 0 0 

0.91666 0.0833404 0 0 0 
0 0.500168 0.499832 0 0 
0 0 0.834659 0.165341 0 
0 0 0 0.974332 0.0256683 
0 0 0 0 1 


0.166681 0.0833404 0.499958 1e-040 1e-040 1e-040 1e-040 1e-040 4.85151e-020 1e-040 1e-040 1e-040 0.250021 1e-040 1e-040 1e-040 1e-040 1e-040 1e-040 1e-040 1e-040 1e-040 1e-040 1e-040 1e-040 1e-040 1e-040 1e-040 1e-040 1e-040 1e-040 1e-040 
0.499659 1.23787e-009 0.000509029 1e-040 1e-040 1e-040 1e-040 1e-040 0.499832 1e-040 1e-040 1e-040 6.84717e-032 1e-040 1e-040 1e-040 1e-040 1e-040 1e-040 1e-040 1e-040 1e-040 1e-040 1e-040 1e-040 2.72871e-159 1e-040 1e-040 1e-040 1e-040 1e-040 1e-040 
5.71753e-005 0.661365 0.165341 1e-040 1e-040 1e-040 1e-040 1e-040 0.165341 1e-040 1e-040 1e-040 1.12597e-063 1e-040 1e-040 6.17386e-125 1e-040 1e-040 1e-040 1e-040 1e-040 1e-040 1e-040 1e-040 1e-040 0.00789547 1e-040 1e-040 1e-040 1e-040 1e-040 1e-040 
1e-040 1e-040 5.66972e-018 1e-040 1e-040 1e-040 1e-040 1e-040 4.24494e-196 1e-040 1e-040 0.0269342 1e-040 1.58253e-206 0.0513366 0.717609 1e-040 1e-040 1e-040 1e-040 1e-040 1e-040 0.0770049 1e-040 1e-040 0.127116 1e-040 1e-040 1e-040 1e-040 1.02699e-042 1e-040 
0.016951 1e-040 0.0339019 0.101706 1e-040 1e-040 1e-040 1e-040 0.0508529 0.0339019 0.016951 0.405987 0.016951 0.118657 0.0339019 0.01768 1e-040 1e-040 1e-040 1e-040 1e-040 1e-040 2.08441e-165 1e-040 1e-040 1e-040 1e-040 1e-040 1e-040 1e-040 0.152559 1e-040 


7.25033e-082

1 13 3 3 2 13 3 3 1 13 3 3 9 1 2 2 2 2 9 3 26 26 26 16 16 26 26 23 15 15 23 16 16 16 16 16 16 16 16 16 16 23 16 16 16 16 16 16 16 16 16 16 16 16 16 16 12 16 16 12 31 12 12 12 31 31 12 31 12 12 14 12 12 11 12 16 12 12 4 31 31 31 9 12 14 14 31 12 12 10 4 10 12 12 31 14 12 4 15 12 12 4 4 9 9 14 12 12 12 12 14 15 3 3 13 14 4 1 13 
1 1 1 1 1 1 1 1 1 1 1 1 2 2 3 3 3 3 3 3 4 4 4 4 4 4 4 4 4 4 4 4 4 4 4 4 4 4 4 4 4 4 4 4 4 4 4 4 4 4 4 4 4 4 4 4 4 4 4 5 5 5 5 5 5 5 5 5 5 5 5 5 5 5 5 5 5 5 5 5 5 5 5 5 5 5 5 5 5 5 5 5 5 5 5 5 5 5 5 5 5 5 5 5 5 5 5 5 5 5 5 5 5 5 5 5 5 5 5 