1 0 0 0 0 

0.8 0.2 0 0 0 
0 0.8 0.2 0 0 
0 0 0.8 0.2 0 
0 0 0 0.8 0.2 
0 0 0 0 1 


9.17844e-013 3.06499e-007 0.0768152 2.45612e-011 1e-040 1.53914e-013 1e-040 6.49037e-005 8.54395e-012 1.24331e-010 0.00980879 3.28428e-009 0.482829 0.244969 0.181011 0.00184467 1e-040 1e-040 1e-040 1e-040 3.83124e-007 0.00265681 5.1422e-008 1e-040 1.07583e-006 1e-040 1e-040 1e-040 4.3745e-012 1e-040 1e-040 1e-040 
2.68339e-011 4.59749e-006 0.192024 6.46821e-010 1e-040 4.80982e-012 1e-040 0.000584133 2.28551e-010 2.95286e-009 0.0572602 7.11981e-008 0.219443 0.275113 0.23095 0.00968455 1e-040 1e-040 1e-040 1e-040 5.65108e-006 0.0149119 8.74174e-007 1e-040 1.71955e-005 1e-040 1e-040 1e-040 1.20299e-010 1e-040 1e-040 1e-040 
3.89092e-010 3.39065e-005 0.245847 8.46265e-009 1e-040 7.45521e-011 1e-040 0.00255558 3.0283e-009 3.46961e-008 0.167635 7.63387e-007 0.0763543 0.31274 0.130414 0.0242115 1e-040 1e-040 1e-040 1e-040 4.09703e-005 0.0400236 7.32121e-006 1e-040 0.000135594 1e-040 1e-040 1e-040 1.63907e-009 1e-040 1e-040 1e-040 
3.7288e-009 0.000163881 0.216426 7.33712e-008 1e-040 7.64159e-010 1e-040 0.00724082 2.64976e-008 2.68895e-007 0.331664 5.39729e-006 0.0179987 0.274013 0.0448044 0.0383355 1e-040 1e-040 1e-040 1e-040 0.000194609 0.0684101 4.02667e-005 1e-040 0.000703344 1e-040 1e-040 1e-040 1.47516e-008 1e-040 1e-040 1e-040 
0.00892857 0.00891952 0.0477182 0.107143 1e-040 0.00892857 1e-040 0.00846226 0.00892857 0.00892856 0.224716 0.0446426 0.0626507 0.102373 0.179144 0.0234787 1e-040 1e-040 1e-040 1e-040 0.00891779 0.0211606 0.00892641 1e-040 0.107105 1e-040 1e-040 1e-040 0.00892857 1e-040 1e-040 1e-040 


1.04514e-203

13 14 13 13 15 15 13 3 15 14 14 14 3 3 14 14 3 3 14 11 11 16 22 22 11 11 11 11 11 11 11 11 11 11 11 11 8 11 11 11 11 11 11 11 14 14 14 14 11 11 11 11 11 11 11 14 14 14 22 21 2 25 25 25 25 25 25 25 23 25 25 15 15 15 25 25 25 13 13 15 15 15 15 15 15 12 12 12 15 15 15 12 16 16 12 10 3 13 15 15 15 15 15 4 15 13 13 9 14 15 29 14 14 3 4 13 13 1 3 15 4 4 4 4 4 6 3 4 4 4 4 4 4 
1 2 3 4 5 5 5 5 5 5 5 5 5 5 5 5 5 5 5 5 5 5 5 5 5 5 5 5 5 5 5 5 5 5 5 5 5 5 5 5 5 5 5 5 5 5 5 5 5 5 5 5 5 5 5 5 5 5 5 5 5 5 5 5 5 5 5 5 5 5 5 5 5 5 5 5 5 5 5 5 5 5 5 5 5 5 5 5 5 5 5 5 5 5 5 5 5 5 5 5 5 5 5 5 5 5 5 5 5 5 5 5 5 5 5 5 5 5 5 5 5 5 5 5 5 5 5 5 5 5 5 5 5 