1 0 0 0 0 

0.8 0.2 0 0 0 
0 0.8 0.2 0 0 
0 0 0.8 0.2 0 
0 0 0 0.8 0.2 
0 0 0 0 1 


1.14753e-012 1e-040 0.483863 5.20542e-009 1e-040 1e-040 1e-040 1e-040 0.216254 3.78191e-009 1e-040 1.20467e-008 9.65434e-011 0.0524288 1e-040 1e-040 0.128 1e-040 1e-040 1e-040 0.00879609 1e-040 1e-040 1e-040 1e-040 0.0335544 0.0766707 0.000421909 1.348e-008 9.45667e-006 3.11579e-008 1.11201e-006 
3.32557e-011 1e-040 0.19532 1.1219e-007 1e-040 1e-040 1e-040 1e-040 0.272805 7.7925e-008 1e-040 2.34884e-007 2.44665e-009 0.0786432 1e-040 1e-040 0.064 1e-040 1e-040 1e-040 0.0307863 1e-040 1e-040 1e-040 1e-040 0.0671089 0.28732 0.00388295 2.4938e-007 0.00011444 6.00637e-007 1.76936e-005 
4.78051e-010 1e-040 0.0857703 1.19754e-006 1e-040 1e-040 1e-040 1e-040 0.180956 7.94148e-007 1e-040 2.26449e-006 3.07159e-008 0.0491521 1e-040 1e-040 0.008 1e-040 1e-040 1e-040 0.0500278 1e-040 1e-040 1e-040 1e-040 0.0587203 0.548868 0.0176707 2.27559e-006 0.00068316 5.71728e-006 0.000139021 
4.54149e-009 1e-040 0.0280578 8.4415e-006 1e-040 1e-040 1e-040 1e-040 0.0873393 5.33795e-006 1e-040 1.43929e-005 2.54701e-007 0.016385 1e-040 1e-040 1e-040 1e-040 1e-040 1e-040 0.0500278 1e-040 1e-040 1e-040 1e-040 0.0293601 0.73217 0.0531791 1.36535e-005 0.00268413 3.58238e-005 0.00071921 
0.0102041 1e-040 0.0207647 0.112244 1e-040 1e-040 1e-040 1e-040 0.0736043 0.0612242 1e-040 0.0306114 0.0510204 0.0307852 1e-040 1e-040 1e-040 1e-040 1e-040 1e-040 0.0030797 1e-040 1e-040 1e-040 1e-040 0.000574302 0.181376 0.200247 0.0102033 0.0406382 0.0510183 0.122404 


1.23388e-182

3 3 17 9 3 9 14 3 26 9 9 27 27 27 21 27 27 27 27 27 27 27 27 27 27 27 27 27 27 27 27 27 27 28 28 27 27 28 28 27 28 27 28 28 28 28 30 28 28 28 28 28 28 28 30 30 27 28 28 30 32 32 28 28 32 32 32 32 32 32 32 32 32 32 29 31 12 31 31 31 31 10 12 4 4 12 10 9 4 14 4 4 4 4 9 4 4 3 14 9 13 13 9 13 3 10 10 4 9 14 9 4 10 9 10 13 1 13 13 
1 2 3 4 5 5 5 5 5 5 5 5 5 5 5 5 5 5 5 5 5 5 5 5 5 5 5 5 5 5 5 5 5 5 5 5 5 5 5 5 5 5 5 5 5 5 5 5 5 5 5 5 5 5 5 5 5 5 5 5 5 5 5 5 5 5 5 5 5 5 5 5 5 5 5 5 5 5 5 5 5 5 5 5 5 5 5 5 5 5 5 5 5 5 5 5 5 5 5 5 5 5 5 5 5 5 5 5 5 5 5 5 5 5 5 5 5 5 5 