1 0 0 0 0 

0.761307 0.238693 0 0 0 
0 0.886499 0.113501 0 0 
0 0 0.800003 0.199997 0 
0 0 0 0.952381 0.047619 
0 0 0 0 1 


1.11022e-016 1e-040 0.761307 1e-040 1e-040 1e-040 1e-040 1e-040 1e-040 1e-040 1e-040 1e-040 1e-040 0.238693 1e-040 1e-040 1e-040 1e-040 1e-040 1e-040 1e-040 1e-040 1e-040 1e-040 1e-040 1e-040 1e-040 1e-040 8.06828e-079 1e-040 3.6185e-008 1e-040 
1e-040 1e-040 0.318991 1e-040 1e-040 1e-040 1e-040 1e-040 1e-040 1e-040 1e-040 1e-040 2.57379e-019 0.113501 0.113501 1e-040 1e-040 1e-040 3.95027e-168 1e-040 1e-040 1e-040 1e-040 1e-040 4.04176e-128 1e-040 1e-040 1e-040 0.227003 1e-040 0.227003 1e-040 
1e-040 1e-040 1.26124e-005 1e-040 1e-040 1e-040 1e-040 1e-040 1e-040 1e-040 1e-040 1e-040 0.79999 9.20147e-080 7.31582e-119 1e-040 1e-040 1e-040 4.86028e-018 1e-040 1e-040 1e-040 1e-040 1e-040 0.199997 1e-040 1e-040 1e-040 2.9083e-158 1e-040 1.15615e-197 1e-040 
1e-040 1e-040 1e-040 1e-040 1e-040 1e-040 1e-040 1e-040 1e-040 1e-040 1e-040 1e-040 2.87729e-142 1e-040 1e-040 1e-040 1.39163e-012 0.047619 0.952381 1e-040 2.2657e-156 1e-040 1e-040 1e-040 4.94258e-013 1e-040 1e-040 1e-040 1e-040 1e-040 1e-040 1e-040 
1e-040 1e-040 0.0222222 0.144444 1e-040 1e-040 1e-040 1e-040 0.0555556 0.0777778 0.0111111 0.144444 1e-040 0.0777778 0.0222222 0.0222222 0.122222 4.37198e-015 1.16163e-175 1e-040 0.0555556 1e-040 1e-040 1e-040 0.0444444 1e-040 1e-040 1e-040 0.0222222 0.0333333 0.144444 1e-040 


4.16136e-112

14 3 3 3 3 31 29 31 29 15 14 3 3 13 13 13 13 25 19 19 19 19 19 19 19 19 19 19 19 19 19 19 19 19 19 19 19 19 18 17 17 17 17 17 17 25 25 25 17 17 21 21 21 21 21 25 17 17 17 30 30 30 15 12 31 31 31 31 29 14 14 14 12 4 31 31 12 31 29 31 12 12 4 4 11 4 14 4 4 12 14 9 9 9 31 12 16 31 31 12 31 12 10 10 12 10 14 16 12 12 4 4 4 12 31 9 10 10 14 10 4 4 4 3 9 10 15 3 4 4 
1 1 1 1 1 2 2 2 2 2 2 2 2 3 3 3 3 3 4 4 4 4 4 4 4 4 4 4 4 4 4 4 4 4 4 4 4 4 4 5 5 5 5 5 5 5 5 5 5 5 5 5 5 5 5 5 5 5 5 5 5 5 5 5 5 5 5 5 5 5 5 5 5 5 5 5 5 5 5 5 5 5 5 5 5 5 5 5 5 5 5 5 5 5 5 5 5 5 5 5 5 5 5 5 5 5 5 5 5 5 5 5 5 5 5 5 5 5 5 5 5 5 5 5 5 5 5 5 5 5 