1 0 0 0 0 

0.8 0.2 0 0 0 
0 0.8 0.2 0 0 
0 0 0.8 0.2 0 
0 0 0 0.8 0.2 
0 0 0 0 1 


3.01058e-013 1e-040 0.509322 0.0356398 1e-040 1e-040 1e-040 1e-040 0.00562954 0.0442184 1e-040 7.09968e-009 0.201943 0.16047 0.0376388 0.00184467 1e-040 5.49532e-005 6.48663e-005 0.000659359 4.30514e-007 1e-040 0.00250204 1e-040 1.21336e-005 1.6546e-007 1e-040 1e-040 1e-040 1e-040 1e-040 1e-040 
9.16871e-012 -2.22045e-016 0.345675 0.0911863 1e-040 1e-040 1e-040 1e-040 0.0225188 0.14905 1e-040 1.48282e-007 0.1134 0.153421 0.0909448 0.00968454 1e-040 0.000622769 0.000662487 0.00566838 6.49752e-006 1e-040 0.0169951 1e-040 0.000161282 2.83426e-006 1e-040 1e-040 1e-040 1e-040 1e-040 1e-040 
1.38677e-010 1e-040 0.186238 0.110442 1e-040 1e-040 1e-040 1e-040 0.0422286 0.246669 1e-040 1.53105e-006 0.0550502 0.122 0.125595 0.0242114 1e-040 0.00345976 0.00330154 0.0237491 4.84241e-005 1e-040 0.0559256 1e-040 0.00105614 2.39385e-005 1e-040 1e-040 1e-040 1e-040 1e-040 1e-040 
1.38677e-009 1e-040 0.0835114 0.085344 1e-040 1e-040 1e-040 1e-040 0.0493041 0.270038 1e-040 1.04192e-005 0.0229376 0.0894067 0.149509 0.0383346 1e-040 0.0125606 0.0106983 0.064631 0.000237749 1e-040 0.118799 1e-040 0.00454389 0.000132903 1e-040 1e-040 1e-040 1e-040 1e-040 1e-040 
0.00934579 1e-040 0.0408997 0.059691 1e-040 1e-040 1e-040 1e-040 0.171978 0.10701 1e-040 0.0467284 0.0563864 0.0689113 0.0278651 0.00588434 1e-040 0.0739861 0.0273492 0.0703408 0.0280237 1e-040 0.046999 1e-040 0.121226 0.0373757 1e-040 1e-040 1e-040 1e-040 1e-040 1e-040 


3.50689e-196

3 13 14 3 3 3 3 13 15 4 14 10 10 14 4 3 9 10 10 10 10 16 15 15 15 23 23 15 23 23 23 23 20 20 20 20 20 20 20 20 19 19 19 18 18 18 18 18 18 18 25 25 25 25 18 25 25 25 25 21 25 25 25 25 4 3 3 26 26 25 26 21 21 26 3 9 9 9 9 9 9 12 14 14 12 12 12 12 4 4 10 10 14 14 14 4 4 9 9 10 10 10 9 9 9 9 9 4 14 9 9 9 9 10 10 10 3 10 13 14 9 13 1 13 13 13 13 13 
1 2 3 4 5 5 5 5 5 5 5 5 5 5 5 5 5 5 5 5 5 5 5 5 5 5 5 5 5 5 5 5 5 5 5 5 5 5 5 5 5 5 5 5 5 5 5 5 5 5 5 5 5 5 5 5 5 5 5 5 5 5 5 5 5 5 5 5 5 5 5 5 5 5 5 5 5 5 5 5 5 5 5 5 5 5 5 5 5 5 5 5 5 5 5 5 5 5 5 5 5 5 5 5 5 5 5 5 5 5 5 5 5 5 5 5 5 5 5 5 5 5 5 5 5 5 5 5 