1 0 0 0 0 

0.8 0.2 0 0 0 
0 0.8 0.2 0 0 
0 0 0.8 0.2 0 
0 0 0 0.8 0.2 
0 0 0 0 1 


1.11022e-016 1.28225e-009 0.1024 0.041943 1e-040 0.160604 0.00562627 1.42324e-008 1e-040 1e-040 1e-040 1e-040 0.44192 0.245965 2.42834e-010 1e-040 1e-040 1e-040 1e-040 1e-040 1e-040 1e-040 1e-040 1e-040 1e-040 1e-040 1e-040 1e-040 0.00154158 1e-040 1.94267e-010 1e-040 
1e-040 2.75587e-008 0.0768 0.0734003 1e-040 0.461304 0.0293307 2.78068e-007 1e-040 1e-040 1e-040 1e-040 0.12192 0.224563 5.58517e-009 1e-040 1e-040 1e-040 1e-040 1e-040 1e-040 1e-040 1e-040 1e-040 1e-040 1e-040 1e-040 1e-040 0.0126815 1e-040 4.51671e-009 1e-040 
1e-040 2.93057e-007 0.0192 0.0550502 1e-040 0.672586 0.0729024 2.68326e-006 1e-040 1e-040 1e-040 1e-040 0.03072 0.0981135 6.35313e-008 1e-040 1e-040 1e-040 1e-040 1e-040 1e-040 1e-040 1e-040 1e-040 1e-040 1e-040 1e-040 1e-040 0.0514245 1e-040 5.19421e-008 1e-040 
1e-040 2.05589e-006 0.00160033 0.0229376 1e-040 0.691243 0.114937 1.70491e-005 1e-040 1e-040 1e-040 1e-040 0.00512035 0.0266344 4.76485e-007 1e-040 1e-040 1e-040 1e-040 1e-040 1e-040 1e-040 1e-040 1e-040 1e-040 1e-040 1e-040 1e-040 0.137507 1e-040 3.93894e-007 1e-040 
1e-040 0.0240962 0.0120482 0.000401735 -2.22045e-016 0.39845 0.0709159 0.0361434 1e-040 1e-040 1e-040 1e-040 0.0241156 0.120767 0.0120482 1e-040 1e-040 1e-040 1e-040 1e-040 1e-040 1e-040 1e-040 1e-040 1e-040 1e-040 1e-040 1e-040 0.288967 1e-040 0.0120482 1e-040 


4.66146e-160

13 13 14 3 13 14 14 4 6 6 6 6 6 6 6 6 6 6 6 6 7 7 7 6 6 6 6 6 6 29 29 29 29 29 29 29 29 29 29 29 29 29 29 29 29 29 29 29 29 29 29 29 29 29 6 6 6 6 6 6 6 6 6 6 6 6 6 6 6 6 6 6 6 6 7 6 6 8 8 14 6 6 7 8 7 2 14 14 14 6 7 14 15 31 3 2 13 14 14 13 14 14 14 14 
1 2 3 4 5 5 5 5 5 5 5 5 5 5 5 5 5 5 5 5 5 5 5 5 5 5 5 5 5 5 5 5 5 5 5 5 5 5 5 5 5 5 5 5 5 5 5 5 5 5 5 5 5 5 5 5 5 5 5 5 5 5 5 5 5 5 5 5 5 5 5 5 5 5 5 5 5 5 5 5 5 5 5 5 5 5 5 5 5 5 5 5 5 5 5 5 5 5 5 5 5 5 5 5 