1 0 0 0 0 

0.8 0.2 0 0 0 
0 0.8 0.2 0 0 
0 0 0.8 0.2 0 
0 0 0 0.8 0.2 
0 0 0 0 1 


0.00019807 4.41364e-007 0.18101 5.41237e-012 1e-040 0.00185 0.0855734 0.002168 2.0658e-014 0.128 1e-040 6.83516e-012 0.504343 0.0964522 1e-040 1e-040 1e-040 1e-040 1e-040 1e-040 1e-040 1.00353e-005 1e-040 1e-040 1e-040 1e-040 1e-040 1e-040 0.000374191 1.70141e-005 7.3392e-013 3.1821e-006 
0.00153505 6.7799e-006 0.230949 1.51721e-010 1e-040 0.0128164 0.296371 0.0139009 6.92043e-013 0.064 1e-040 1.84549e-010 0.1902 0.186286 1e-040 1e-040 1e-040 1e-040 1e-040 1e-040 1e-040 0.00011903 1e-040 1e-040 1e-040 1e-040 1e-040 1e-040 0.00359335 0.000178648 2.16506e-011 4.412e-005 
0.00575642 5.12302e-005 0.1304 2.11088e-009 1e-040 0.0430437 0.507785 0.043227 1.15052e-011 0.008 1e-040 2.46835e-009 0.0742502 0.168606 1e-040 1e-040 1e-040 1e-040 1e-040 1e-040 1e-040 0.000691114 1e-040 1e-040 1e-040 1e-040 1e-040 1e-040 0.0169727 0.000915572 3.1664e-010 0.000300574 
0.0139114 0.000253822 0.0447201 1.94359e-008 1e-040 0.0935295 0.580476 0.0869893 1.26557e-010 1e-040 1e-040 2.18037e-008 0.0245376 0.0959082 1e-040 1e-040 1e-040 1e-040 1e-040 1e-040 1e-040 0.00261788 1e-040 1e-040 1e-040 1e-040 1e-040 1e-040 0.0526635 0.00305191 3.06086e-009 0.00134114 
0.00776518 0.034769 0.070127 0.0347826 1e-040 0.167337 0.196948 0.115379 0.00869565 1e-040 1e-040 0.00869565 0.0350726 0.0892499 1e-040 1e-040 1e-040 1e-040 1e-040 1e-040 1e-040 0.0172418 1e-040 1e-040 1e-040 1e-040 1e-040 1e-040 0.162017 0.00851465 0.00869565 0.0347092 


3.1895e-208

13 13 10 13 3 3 14 13 3 14 7 14 7 7 7 7 7 7 7 7 7 7 7 7 8 8 6 6 6 8 6 1 8 6 7 29 29 29 29 29 29 29 30 29 29 29 29 22 22 29 29 29 29 29 32 32 29 32 32 29 29 2 2 6 6 6 6 6 6 6 6 6 6 6 6 6 6 6 7 7 7 8 8 8 8 8 8 7 7 8 8 7 7 7 7 7 7 7 8 8 7 7 14 7 7 14 14 14 12 14 4 2 13 14 14 2 3 14 31 3 4 4 13 13 4 3 14 3 3 14 3 3 3 13 9 3 
1 2 3 4 5 5 5 5 5 5 5 5 5 5 5 5 5 5 5 5 5 5 5 5 5 5 5 5 5 5 5 5 5 5 5 5 5 5 5 5 5 5 5 5 5 5 5 5 5 5 5 5 5 5 5 5 5 5 5 5 5 5 5 5 5 5 5 5 5 5 5 5 5 5 5 5 5 5 5 5 5 5 5 5 5 5 5 5 5 5 5 5 5 5 5 5 5 5 5 5 5 5 5 5 5 5 5 5 5 5 5 5 5 5 5 5 5 5 5 5 5 5 5 5 5 5 5 5 5 5 5 5 5 5 5 5 