1 0 0 0 0 

0.666667 0.333333 0 0 0 
0 0.857143 0.142857 0 0 
0 0 0.9375 0.0625 0 
0 0 0 0.965517 0.0344828 
0 0 0 0 1 


1e-040 1e-040 1e-040 1e-040 1e-040 6.07661e-262 4.00329e-025 1 1e-040 1e-040 1.75526e-205 1e-040 1e-040 1e-040 1e-040 1e-040 1e-040 1e-040 1e-040 1e-040 1e-040 1e-040 1e-040 1e-040 1e-040 1e-040 1e-040 1e-040 1e-040 1e-040 1e-040 1e-040 
1e-040 1e-040 1e-040 1e-040 1e-040 1e-040 0.857143 3.73523e-023 1e-040 1e-040 0.142857 1e-040 2.60426e-262 1e-040 1e-040 1e-040 1e-040 1e-040 1e-040 1e-040 1e-040 1e-040 1e-040 1e-040 1e-040 1e-040 1e-040 1e-040 1e-040 1e-040 1e-040 1e-040 
0.0625 3.32169e-027 -2.22045e-016 1e-040 1e-040 0.0625 4.39557e-157 0.8125 1e-040 1e-040 1.69492e-016 1e-040 0.0625 1e-040 1e-040 1e-040 9.77725e-093 1e-040 1e-040 1e-040 1e-040 1e-040 1e-040 1e-040 1e-040 1e-040 1e-040 1e-040 2.1914e-253 1e-040 1e-040 1e-040 
1.01747e-263 0.137931 1e-040 1e-040 1e-040 4.23551e-047 1e-040 1.70809e-058 1e-040 1e-040 1e-040 1e-040 1e-040 1e-040 1e-040 1e-040 0.103448 1e-040 1e-040 1e-040 1e-040 1e-040 1e-040 1e-040 1e-040 1e-040 1e-040 1e-040 0.724138 0.0344828 1e-040 1e-040 
0.0384615 3.75964e-036 1e-040 0.0192308 1.11022e-016 0.0769231 0.0576923 0.596154 0.0384615 1e-040 1e-040 1e-040 0.0769231 0.0961538 1e-040 1e-040 1e-040 1e-040 1e-040 1e-040 1e-040 1e-040 1e-040 1e-040 1e-040 1e-040 1e-040 1e-040 1e-040 1e-040 1e-040 1e-040 


6.40222e-057

8 8 8 7 7 7 7 7 7 11 8 8 8 6 13 8 8 8 8 8 8 8 8 1 8 8 2 2 2 17 17 29 17 30 29 29 29 29 29 29 29 29 29 29 29 29 29 29 29 29 29 29 29 29 2 6 8 6 7 6 6 8 8 8 7 8 8 8 8 8 8 8 8 8 8 8 8 8 8 8 8 8 8 8 8 8 8 8 8 8 8 7 4 8 9 14 14 14 14 14 9 1 13 13 13 13 1 4 
1 1 1 2 2 2 2 2 2 2 3 3 3 3 3 3 3 3 3 3 3 3 3 3 3 3 4 4 4 4 4 4 4 4 4 4 4 4 4 4 4 4 4 4 4 4 4 4 4 4 4 4 4 4 4 5 5 5 5 5 5 5 5 5 5 5 5 5 5 5 5 5 5 5 5 5 5 5 5 5 5 5 5 5 5 5 5 5 5 5 5 5 5 5 5 5 5 5 5 5 5 5 5 5 5 5 5 5 