1 0 0 0 0 

0.5 0.5 0 0 0 
0 0.928571 0.0714286 0 0 
0 0 0 1 0 
0 0 0 0.967742 0.0322581 
0 0 0 0 1 


1e-040 1.28724e-015 1e-040 1e-040 1e-040 1e-040 1e-040 1e-040 1e-040 1e-040 1e-040 1e-040 1e-040 1e-040 1e-040 1e-040 1 1e-040 1e-040 1e-040 1e-040 1e-040 1e-040 1e-040 1e-040 1e-040 1e-040 1e-040 1e-040 1e-040 1e-040 1e-040 
0.357143 0.571429 0.0714286 1e-040 1e-040 1e-040 1e-040 1e-040 1e-040 1e-040 1e-040 1e-040 1e-040 1e-040 1.95765e-162 1e-040 5.96582e-044 1e-040 1e-040 1e-040 1e-040 1e-040 1e-040 1e-040 1e-040 1e-040 1e-040 1e-040 1e-040 1e-040 1e-040 1e-040 
5.92267e-221 4.11663e-118 3.19668e-236 1e-040 1e-040 1e-040 1e-040 1e-040 1e-040 1e-040 1e-040 1e-040 1e-040 1e-040 1 1e-040 1e-040 1e-040 1e-040 1e-040 1e-040 1e-040 2.74071e-161 1e-040 1e-040 1e-040 1e-040 1e-040 1e-040 1e-040 1e-040 1e-040 
1.32795e-119 2.42194e-159 1e-040 2.22045e-016 1e-040 1e-040 1e-040 1e-040 1e-040 1e-040 1e-040 1e-040 1e-040 1e-040 1.22458e-039 1e-040 1e-040 1e-040 1e-040 1e-040 1e-040 1e-040 0.612903 0.354839 1e-040 0.0322581 1e-040 1e-040 1e-040 1e-040 1e-040 1e-040 
0.126761 0.0140845 1e-040 0.056338 3.33067e-016 0.0140845 1e-040 1e-040 0.169014 0.267606 1e-040 1e-040 0.0422535 0.0985915 0.197183 1e-040 0.0140845 1e-040 1e-040 1e-040 1e-040 1e-040 4.58202e-204 1e-040 1e-040 1.56991e-017 1e-040 1e-040 1e-040 1e-040 1e-040 1e-040 


1.98744e-081

17 17 2 2 1 2 1 1 2 2 2 3 1 2 2 1 15 23 23 23 23 23 23 23 23 23 23 24 24 23 23 23 24 24 24 24 24 24 24 23 24 23 24 23 23 23 23 26 15 15 15 15 15 13 15 15 15 15 17 9 1 9 9 9 1 15 14 14 4 6 10 14 14 15 10 10 4 4 10 10 10 10 10 10 1 15 15 15 4 1 1 1 1 9 14 14 9 9 9 9 9 10 9 10 1 2 13 10 10 10 13 9 10 10 1 10 10 10 14 14 
1 1 2 2 2 2 2 2 2 2 2 2 2 2 2 2 3 4 4 4 4 4 4 4 4 4 4 4 4 4 4 4 4 4 4 4 4 4 4 4 4 4 4 4 4 4 4 4 5 5 5 5 5 5 5 5 5 5 5 5 5 5 5 5 5 5 5 5 5 5 5 5 5 5 5 5 5 5 5 5 5 5 5 5 5 5 5 5 5 5 5 5 5 5 5 5 5 5 5 5 5 5 5 5 5 5 5 5 5 5 5 5 5 5 5 5 5 5 5 5 