1 0 0 0 0 

0.8 0.2 0 0 0 
0 0.8 0.2 0 0 
0 0 0.8 0.2 0 
0 0 0 0.8 0.2 
0 0 0 0 1 


5.55112e-016 1e-040 0.206855 0.2 1e-040 1e-040 1e-040 1e-040 0.000755579 0.0930604 1e-040 0.0226554 0.0155487 0.429688 0.00360288 0.000386633 7.76309e-007 8.40898e-005 1e-040 1e-040 1.68072e-007 0.000272725 1e-040 1e-040 4.78528e-005 2.68268e-009 1e-040 1e-040 0.0268435 3.29101e-008 0.000198071 1e-040 
1e-040 -4.44089e-016 0.154372 8.02702e-011 1e-040 1e-040 1e-040 1e-040 0.00472237 0.170689 1e-040 0.0604755 0.0625972 0.461868 0.016213 0.00317546 1.2456e-005 0.000962129 1e-040 1e-040 3.07533e-006 0.00249292 1e-040 1e-040 0.000483853 5.65602e-008 1e-040 1e-040 0.060398 5.75927e-007 0.00153505 1e-040 
1e-040 1e-040 0.139703 1.11849e-009 1e-040 1e-040 1e-040 1e-040 0.0141671 0.186046 1e-040 0.0790661 0.119205 0.329514 0.0344525 0.0126512 9.84817e-005 0.00542407 1e-040 1e-040 2.78352e-005 0.011098 1e-040 1e-040 0.00238612 5.91685e-007 1e-040 1e-040 0.060398 4.96737e-006 0.00575646 1e-040 
1e-040 1e-040 0.119567 1.03047e-008 1e-040 1e-040 1e-040 1e-040 0.0271537 0.182294 1e-040 0.0729345 0.142926 0.266951 0.0459368 0.0325691 0.000511519 0.020104 1e-040 1e-040 0.000166187 0.0320619 1e-040 1e-040 0.00764756 4.09702e-006 1e-040 1e-040 0.0352322 2.81484e-005 0.0139117 1e-040 
1e-040 1e-040 0.0224613 0.0232558 3.33067e-016 1e-040 1e-040 1e-040 0.129969 0.0452679 1e-040 0.00639025 0.0643303 0.105115 0.0271238 0.021365 0.0774952 0.154009 1e-040 1e-040 0.147279 0.0369796 1e-040 1e-040 0.0305982 0.0542634 1e-040 1e-040 0.000663889 0.00775063 0.0456821 1e-040 


2.70161e-229

4 3 14 14 14 10 14 14 3 29 12 10 14 3 10 13 13 14 15 13 3 14 14 12 14 9 10 14 10 10 10 31 16 16 16 22 22 22 22 22 25 25 18 18 18 18 18 18 18 18 18 18 18 18 18 18 18 18 18 18 18 18 17 17 17 17 17 17 17 21 30 21 21 21 21 21 21 21 21 21 21 21 26 21 21 21 21 17 21 21 25 17 25 21 17 26 26 26 26 31 26 31 31 15 15 26 9 9 31 14 10 31 4 9 14 9 9 9 9 9 9 9 9 9 10 14 14 15 14 9 9 4 14 9 13 4 14 14 14 9 13 13 14 13 13 13 13 3 3 13 
1 2 3 4 5 5 5 5 5 5 5 5 5 5 5 5 5 5 5 5 5 5 5 5 5 5 5 5 5 5 5 5 5 5 5 5 5 5 5 5 5 5 5 5 5 5 5 5 5 5 5 5 5 5 5 5 5 5 5 5 5 5 5 5 5 5 5 5 5 5 5 5 5 5 5 5 5 5 5 5 5 5 5 5 5 5 5 5 5 5 5 5 5 5 5 5 5 5 5 5 5 5 5 5 5 5 5 5 5 5 5 5 5 5 5 5 5 5 5 5 5 5 5 5 5 5 5 5 5 5 5 5 5 5 5 5 5 5 5 5 5 5 5 5 5 5 5 5 5 5 