1 0 0 0 0 

0.75 0.25 0 0 0 
0 0.666667 0.333333 0 0 
0 0 0.944444 0.0555556 0 
0 0 0 0.940512 0.059488 
0 0 0 0 1 


1e-040 1e-040 1e-040 1e-040 1e-040 1e-040 1e-040 2.94231e-228 1e-040 1e-040 4.29349e-026 1e-040 0.5 0.5 1e-040 1e-040 1e-040 1e-040 1e-040 1e-040 1e-040 1e-040 1e-040 1e-040 1e-040 1e-040 1e-040 1e-040 1e-040 1e-040 1e-040 1e-040 
1e-040 1e-040 1e-040 1e-040 1e-040 1e-040 4.43247e-217 3.35882e-021 1e-040 1e-040 1 1e-040 5.96323e-013 2.10558e-040 1e-040 1e-040 1e-040 1e-040 1e-040 1e-040 1e-040 1e-040 1e-040 1e-040 1e-040 1e-040 1e-040 1e-040 1e-040 1e-040 1e-040 1e-040 
1e-040 1e-040 -2.22045e-016 1e-040 1e-040 1e-040 0.333333 0.666667 1e-040 1e-040 -8.77697e-045 1e-040 1e-040 1e-040 1e-040 1e-040 -2.46979e-108 1e-040 1e-040 1e-040 1e-040 1e-040 1e-040 1e-040 1e-040 1e-040 1e-040 1e-040 8.15364e-048 1e-040 1e-040 1e-040 
1e-040 1e-040 1e-040 1e-040 1e-040 1e-040 1e-040 6.48804e-047 1e-040 2.00642e-012 1e-040 1e-040 1e-040 1e-040 1e-040 1e-040 0.237952 1e-040 1e-040 1e-040 1e-040 1e-040 1e-040 1e-040 1e-040 1e-040 1e-040 1e-040 0.524096 0.118976 1.50732e-242 0.118976 
0.0460194 0.0153398 1e-040 0.0153398 -2.22045e-016 0.0306796 0.122718 0.444854 1e-040 0.0153398 0.0153398 1e-040 0.0613592 0.0920388 1e-040 1e-040 0.0153398 1e-040 1e-040 1e-040 0.0306796 1e-040 1e-040 1e-040 1e-040 1e-040 1e-040 1e-040 0.079612 1.12817e-246 0.0153398 -5.21482e-023 


1.42608e-077

13 14 14 13 11 11 11 8 8 8 7 7 7 7 7 8 8 8 7 8 8 8 8 8 8 29 17 17 17 17 29 30 30 29 29 29 29 32 32 29 29 29 10 31 29 29 29 29 29 17 1 1 1 8 8 8 8 8 8 8 6 6 8 8 8 8 8 7 8 8 8 8 8 8 8 8 8 8 8 8 7 8 8 8 7 8 7 7 2 7 7 7 14 8 13 13 13 11 14 14 13 14 14 4 14 21 21 4 
1 1 1 1 2 2 2 3 3 3 3 3 3 3 3 3 3 3 3 3 3 3 3 3 3 4 4 4 4 4 4 4 4 4 4 4 4 4 4 4 4 4 5 5 5 5 5 5 5 5 5 5 5 5 5 5 5 5 5 5 5 5 5 5 5 5 5 5 5 5 5 5 5 5 5 5 5 5 5 5 5 5 5 5 5 5 5 5 5 5 5 5 5 5 5 5 5 5 5 5 5 5 5 5 5 5 5 5 