1 0 0 0 0 

0.8 0.2 0 0 0 
0 0.8 0.2 0 0 
0 0 0.8 0.2 0 
0 0 0 0.8 0.2 
0 0 0 0 1 


1.38873e-014 1e-040 0.347456 0.0198244 1e-040 1e-040 1e-040 1e-040 0.204284 0.105361 1e-040 0.00378303 0.129244 0.182335 2.94894e-009 0.00748662 2.10625e-008 1e-040 1e-040 1e-040 1e-040 1e-040 1e-040 1e-040 1.94112e-008 3.35885e-005 1e-040 7.14933e-005 5.1422e-008 2.20571e-005 9.34638e-005 5.57519e-006 
4.49518e-013 -4.44089e-016 0.16384 0.0668445 1e-040 1e-040 1e-040 1e-040 0.16345 0.201088 1e-040 0.0216663 0.137198 0.198729 6.19261e-008 0.0448487 3.79124e-007 1e-040 1e-040 1e-040 1e-040 1e-040 1e-040 1e-040 3.66116e-007 0.000346657 1e-040 0.000760744 8.74174e-007 0.000285531 0.000874956 6.55084e-005 
7.58562e-012 1e-040 0.07168 0.105168 1e-040 1e-040 1e-040 1e-040 0.161679 0.207741 1e-040 0.0619046 0.079598 0.169598 6.43736e-007 0.13072 3.36473e-006 1e-040 1e-040 1e-040 1e-040 1e-040 1e-040 1e-040 3.40706e-006 0.00175311 1e-040 0.00395655 7.32121e-006 0.00182315 0.00398697 0.000376674 
8.47061e-011 1e-040 0.01536 0.103908 1e-040 1e-040 1e-040 1e-040 0.133839 0.176757 1e-040 0.119087 0.0368322 0.126661 4.41705e-006 0.247415 1.96276e-005 1e-040 1e-040 1e-040 1e-040 1e-040 1e-040 1e-040 2.08544e-005 0.00579625 1e-040 0.0134037 4.02667e-005 0.00765997 0.0117832 0.00141253 
0.00826446 1e-040 6.87603e-005 0.0952172 2.22045e-016 1e-040 1e-040 1e-040 0.0221797 0.10368 1e-040 0.148494 0.000707783 0.054656 0.0413221 0.0979144 0.0082635 1e-040 1e-040 1e-040 1e-040 1e-040 1e-040 1e-040 0.0165279 0.0740525 1e-040 0.0405706 0.00826246 0.173149 0.0984819 0.00818759 


2.97046e-217

3 9 14 13 3 3 10 10 14 13 9 9 14 4 4 14 9 10 10 10 12 16 16 16 12 16 16 16 16 16 16 16 12 12 12 12 12 31 31 4 26 28 28 28 28 28 26 32 30 30 30 30 30 30 30 30 30 30 30 30 30 30 30 30 30 30 30 30 29 12 14 9 17 26 30 25 25 10 26 26 26 26 15 26 31 12 12 12 31 16 15 15 16 31 31 12 12 31 16 12 12 4 12 10 10 31 31 14 4 16 15 10 10 4 10 4 4 12 12 10 12 31 14 31 9 10 10 4 4 4 14 14 15 10 4 4 1 10 26 31 14 9 
1 2 3 4 5 5 5 5 5 5 5 5 5 5 5 5 5 5 5 5 5 5 5 5 5 5 5 5 5 5 5 5 5 5 5 5 5 5 5 5 5 5 5 5 5 5 5 5 5 5 5 5 5 5 5 5 5 5 5 5 5 5 5 5 5 5 5 5 5 5 5 5 5 5 5 5 5 5 5 5 5 5 5 5 5 5 5 5 5 5 5 5 5 5 5 5 5 5 5 5 5 5 5 5 5 5 5 5 5 5 5 5 5 5 5 5 5 5 5 5 5 5 5 5 5 5 5 5 5 5 5 5 5 5 5 5 5 5 5 5 5 5 