1 0 0 0 0 

0.374714 0.625286 0 0 0 
0 0.903853 0.0961471 0 0 
0 0 0.942057 0.0579427 0 
0 0 0 0.951788 0.0482124 
0 0 0 0 1 


1e-040 1e-040 1e-040 0.625286 1e-040 1e-040 1e-040 1e-040 1.51095e-039 7.29425e-011 1e-040 1e-040 0.031153 1e-040 0.343561 1e-040 1e-040 1e-040 1e-040 1e-040 1e-040 1e-040 1e-040 1e-040 1e-040 1e-040 1e-040 1e-040 1e-040 7.75271e-135 1e-040 1e-040 
1e-040 3.33067e-016 1e-040 1e-040 1e-040 1e-040 1e-040 1e-040 0.0961471 0.576882 1e-040 1e-040 0.187504 1e-040 0.139466 1e-040 1e-040 1e-040 1e-040 1e-040 1e-040 1e-040 1e-040 1e-040 1e-040 1e-040 1e-040 1e-040 1e-040 1.51951e-012 1e-040 1e-040 
1e-040 1e-040 1e-040 1e-040 1e-040 1e-040 1e-040 1e-040 1e-040 1.55864e-008 1e-040 1e-040 1e-040 1e-040 3.04977e-085 1e-040 1e-040 1e-040 1e-040 1e-040 1e-040 1e-040 1e-040 1e-040 1e-040 1e-040 5.17191e-018 1e-040 1e-040 1 1e-040 1e-040 
1e-040 1e-040 1e-040 2.22045e-016 1e-040 1e-040 1e-040 1e-040 1e-040 3.08634e-083 1e-040 1e-040 1e-040 1e-040 1e-040 1e-040 1e-040 1e-040 1e-040 1e-040 1.06945e-011 1e-040 1e-040 1e-040 1e-040 1e-040 0.144637 0.385699 1e-040 0.421452 1e-040 0.0482124 
1e-040 1e-040 0.0333333 0.1 1e-040 1e-040 1e-040 1e-040 0.0333333 0.2 1e-040 0.0333333 0.05 0.116667 1e-040 1e-040 1e-040 1e-040 1e-040 1e-040 0.0333333 1e-040 1e-040 1e-040 1e-040 1e-040 2.32843e-051 9.60697e-012 0.0166667 0.0833333 0.1 0.2 


3.04496e-081

4 15 13 10 9 10 10 13 15 10 10 10 30 30 30 30 30 30 30 30 30 30 30 30 30 30 30 30 30 30 27 27 30 30 30 28 28 28 30 30 28 28 30 28 28 32 30 27 30 28 21 21 30 32 30 32 32 32 32 32 32 32 32 32 32 32 30 30 10 10 10 10 10 31 30 14 10 10 10 4 9 31 31 31 14 10 12 12 4 4 14 4 10 31 10 3 29 4 14 3 4 31 10 13 9 14 13 13 14 14 13 
1 1 2 2 2 2 2 2 2 2 2 2 3 3 3 3 3 3 3 3 3 3 3 3 3 3 3 3 3 3 4 4 4 4 4 4 4 4 4 4 4 4 4 4 4 4 4 4 4 4 5 5 5 5 5 5 5 5 5 5 5 5 5 5 5 5 5 5 5 5 5 5 5 5 5 5 5 5 5 5 5 5 5 5 5 5 5 5 5 5 5 5 5 5 5 5 5 5 5 5 5 5 5 5 5 5 5 5 5 5 5 