1 0 0 0 0 

0.8 0.2 0 0 0 
0 0.8 0.2 0 0 
0 0 0.8 0.2 0 
0 0 0 0.8 0.2 
0 0 0 0 1 


1.685e-008 0.131827 0.384357 3.29101e-008 1e-040 1e-040 1e-040 1e-040 0.160007 9.67363e-008 1e-040 1e-040 4.11376e-008 0.0655405 0.0943718 1e-040 0.00680685 0.00360288 0.116203 1e-040 0.0024693 1e-040 1e-040 1e-040 0.0343209 5.8956e-005 1e-040 1e-040 0.000434708 1e-040 1e-040 1e-040 
3.07512e-007 0.0833578 0.159149 5.75927e-007 1e-040 1e-040 1e-040 1e-040 0.0400867 1.7302e-006 1e-040 1e-040 7.09624e-007 0.0819827 0.152044 1e-040 0.0361187 0.016213 0.337129 1e-040 0.0181732 1e-040 1e-040 1e-040 0.071951 0.000600649 1e-040 1e-040 0.00319183 1e-040 1e-040 1e-040 
2.76762e-006 0.055097 0.0523669 4.96739e-006 1e-040 1e-040 1e-040 1e-040 0.000548483 1.53024e-005 1e-040 1e-040 6.03183e-006 0.0413891 0.104203 1e-040 0.0915678 0.0344527 0.466858 1e-040 0.0654378 1e-040 1e-040 1e-040 0.0735315 0.00299359 1e-040 1e-040 0.0115255 1e-040 1e-040 1e-040 
1.63755e-005 0.0735112 0.0158835 2.81493e-005 1e-040 1e-040 1e-040 1e-040 0.00229049 8.92291e-005 1e-040 1e-040 3.36786e-005 0.0121665 0.0393229 1e-040 0.147591 0.0459382 0.413346 1e-040 0.153835 1e-040 1e-040 1e-040 0.058769 0.0097289 1e-040 1e-040 0.0274495 1e-040 1e-040 1e-040 
0.0169474 0.0217126 0.185444 0.0169462 2.22045e-016 1e-040 1e-040 1e-040 0.118395 0.101686 1e-040 1e-040 0.0169457 0.118552 0.000852607 1e-040 0.0438914 0.00845717 0.0395321 1e-040 0.183058 1e-040 1e-040 1e-040 0.0306296 0.0497133 1e-040 1e-040 0.0472371 1e-040 1e-040 1e-040 


6.19615e-124

3 9 2 3 3 14 15 15 25 19 19 19 19 19 19 19 19 19 18 2 17 17 17 17 2 25 21 21 29 21 21 21 21 21 21 21 21 21 21 26 29 29 26 3 25 26 3 3 9 3 3 3 3 14 9 14 14 14 14 9 9 9 9 14 14 3 3 3 10 13 4 3 9 1 10 10 10 10 10 10 
1 2 3 4 5 5 5 5 5 5 5 5 5 5 5 5 5 5 5 5 5 5 5 5 5 5 5 5 5 5 5 5 5 5 5 5 5 5 5 5 5 5 5 5 5 5 5 5 5 5 5 5 5 5 5 5 5 5 5 5 5 5 5 5 5 5 5 5 5 5 5 5 5 5 5 5 5 5 5 5 