1 0 0 0 0 

0.923077 0.0769231 0 0 0 
0 0 1 0 0 
0 0 0.666667 0.333333 0 
0 0 0 0.969697 0.030303 
0 0 0 0 1 


0.846154 1e-040 1e-040 1e-040 1e-040 1e-040 1e-040 1e-040 1e-040 1e-040 1e-040 1e-040 0.153846 1e-040 5.30542e-227 1e-040 1e-040 1e-040 1e-040 1e-040 1e-040 1e-040 1e-040 1e-040 1e-040 1e-040 1e-040 1e-040 1e-040 1e-040 1e-040 1e-040 
8.53535e-081 1e-040 1e-040 1e-040 1e-040 1e-040 1e-040 1e-040 1e-040 1e-040 1e-040 1e-040 1 1e-040 2.22386e-028 1e-040 1e-040 1e-040 1e-040 1e-040 1e-040 1e-040 1e-040 1e-040 1e-040 1e-040 1e-040 1e-040 1e-040 1e-040 1e-040 1e-040 
2.52285e-120 1e-040 1e-040 1e-040 1e-040 1e-040 1e-040 1e-040 1e-040 1e-040 1e-040 1e-040 2.84512e-081 1e-040 1 1e-040 1e-040 1e-040 1e-040 1e-040 1e-040 1e-040 1.28652e-025 1e-040 1e-040 1e-040 1e-040 1e-040 1e-040 1e-040 1e-040 1e-040 
3.87881e-166 1e-040 1e-040 2.22045e-016 1e-040 1e-040 1e-040 1e-040 1e-040 1e-040 1e-040 1e-040 7.11354e-166 1e-040 4.09248e-016 6.52324e-121 1e-040 1e-040 1e-040 1e-040 1e-040 1e-040 0.787879 0.212121 1e-040 1e-040 1e-040 1e-040 1e-040 1e-040 1e-040 1e-040 
0.0163934 1e-040 0.0655738 0.131148 1e-040 1e-040 1e-040 1e-040 0.114754 0.311475 1e-040 0.0491803 0.0327869 0.114754 0.0655738 0.0491803 1e-040 1e-040 1e-040 1e-040 1e-040 1e-040 1.37974e-077 1e-040 1e-040 1e-040 1e-040 1e-040 1e-040 1e-040 0.0491803 1e-040 


6.92227e-072

13 1 1 1 1 1 1 1 1 1 13 1 1 13 15 15 15 23 23 23 23 23 23 23 23 23 23 23 23 23 23 23 23 24 24 24 24 24 24 24 23 23 23 23 23 23 23 23 23 23 15 16 16 16 31 10 1 14 10 4 15 10 10 4 12 10 10 10 10 10 10 14 13 4 4 4 15 15 10 14 3 3 4 12 12 10 9 10 10 9 9 14 14 31 9 9 10 10 10 9 9 13 14 10 4 10 31 4 14 3 3 3 
1 1 1 1 1 1 1 1 1 1 1 1 1 2 3 3 3 4 4 4 4 4 4 4 4 4 4 4 4 4 4 4 4 4 4 4 4 4 4 4 4 4 4 4 4 4 4 4 4 4 5 5 5 5 5 5 5 5 5 5 5 5 5 5 5 5 5 5 5 5 5 5 5 5 5 5 5 5 5 5 5 5 5 5 5 5 5 5 5 5 5 5 5 5 5 5 5 5 5 5 5 5 5 5 5 5 5 5 5 5 5 5 