1 0 0 0 0 

0.86382 0.13618 0 0 0 
0 0.813786 0.186214 0 0 
0 0 0.888493 0.111507 0 
0 0 0 0.936875 0.0631247 
0 0 0 0 1 


8.79792e-005 1e-040 4.55277e-038 5.96615e-092 1e-040 1e-040 1e-040 1e-040 1e-040 0.487863 0.13618 0.272224 1.65356e-012 0.103645 1e-040 1e-040 1e-040 1e-040 1e-040 1e-040 1e-040 1e-040 1e-040 1e-040 1e-040 1e-040 1e-040 1e-040 1e-040 1e-040 1e-040 1e-040 
0.186094 -2.22045e-016 0.00205456 2.37178e-016 1e-040 1e-040 1e-040 1e-040 1e-040 0.299294 3.87133e-007 0.000186592 0.185877 0.326493 1e-040 3.78965e-039 1e-040 1e-040 1e-040 1e-040 1e-040 1e-040 4.87327e-149 1e-040 1e-040 1e-040 1e-040 1e-040 1e-040 1e-040 1e-040 1e-040 
3.52517e-009 1e-040 0.110277 0.111507 1e-040 1e-040 1e-040 1e-040 1e-040 0.201857 0.111507 1.25969e-030 0.00020217 0.388647 1e-040 0.0760018 1e-040 1e-040 1e-040 2.19097e-080 1e-040 1e-040 8.77884e-007 2.92996e-018 1e-040 1e-040 1e-040 1e-040 1e-040 1e-040 1e-040 1e-040 
1e-040 1e-040 5.41776e-083 1.1191e-011 1e-040 1e-040 1e-040 1e-040 1e-040 1.1594e-023 2.0229e-043 1e-040 2.97627e-195 1.23083e-005 1e-040 0.0832245 1e-040 1.41228e-012 0.0330173 0.631247 1e-040 1e-040 0.126249 0.126249 2.51783e-117 1e-040 1e-040 1e-040 1e-040 1e-040 1e-040 1e-040 
1e-040 1e-040 0.0537079 0.120843 1e-040 1e-040 1e-040 1e-040 0.0537079 1e-040 1e-040 0.0268539 0.0402809 0.107416 0.120843 0.013427 1e-040 0.0537079 0.0466849 7.02156e-009 0.013427 0.0402809 1e-040 8.37814e-148 0.255112 1e-040 1e-040 1e-040 1e-040 1e-040 0.0537079 1e-040 


3.14224e-103

10 10 11 12 12 14 10 10 10 1 13 14 14 14 10 3 14 11 10 4 14 16 16 23 24 23 24 20 20 20 20 20 20 20 20 20 20 19 19 19 18 18 18 19 18 25 25 25 25 25 25 25 25 25 25 21 25 25 25 25 25 25 25 15 22 22 22 16 15 15 14 14 14 14 4 14 9 13 15 15 15 14 15 15 14 4 9 31 3 3 9 4 13 13 3 14 25 25 15 9 31 31 4 4 12 12 4 4 31 4 3 4 15 
1 1 1 1 1 1 1 1 1 2 2 3 3 3 3 3 3 3 3 3 3 4 4 4 4 4 4 4 4 4 4 4 4 4 4 4 4 5 5 5 5 5 5 5 5 5 5 5 5 5 5 5 5 5 5 5 5 5 5 5 5 5 5 5 5 5 5 5 5 5 5 5 5 5 5 5 5 5 5 5 5 5 5 5 5 5 5 5 5 5 5 5 5 5 5 5 5 5 5 5 5 5 5 5 5 5 5 5 5 5 5 5 5 