1 0 0 0 0 

0.8 0.2 0 0 0 
0 0.8 0.2 0 0 
0 0 0.8 0.2 0 
0 0 0 0.8 0.2 
0 0 0 0 1 


8.1312e-015 1e-040 0.144808 4.03477e-014 1e-040 1e-040 1e-040 1e-040 0.08192 0.149718 0.00115587 0.20087 0.166655 0.041943 0.16 0.0232981 1.89747e-007 1e-040 1e-040 1e-040 1e-040 1.27096e-005 1e-040 1e-040 3.05728e-008 2.33451e-007 1e-040 1e-040 1.37134e-005 7.19591e-006 0.0295968 5.98286e-007 
2.75751e-013 -4.44089e-016 0.220963 1.32139e-012 1e-040 1e-040 1e-040 1e-040 0.08192 0.185358 0.00925649 0.00597209 0.164932 0.0734003 0.0400004 0.103539 3.23637e-006 1e-040 1e-040 1e-040 1e-040 0.000156662 1e-040 1e-040 5.62477e-007 3.78709e-006 1e-040 1e-040 0.000161436 9.75412e-005 0.114225 9.25137e-006 
4.84102e-012 1e-040 0.150527 2.14725e-011 1e-040 1e-040 1e-040 1e-040 0.03072 0.135797 0.0362906 0.0197478 0.127458 0.0550502 3.9562e-006 0.22734 2.72027e-005 1e-040 1e-040 1e-040 1e-040 0.000946649 1e-040 1e-040 5.10673e-006 3.02943e-005 1e-040 1e-040 0.00093205 0.000650749 0.214403 7.03832e-005 
5.62558e-011 1e-040 0.0619485 2.3083e-010 1e-040 1e-040 1e-040 1e-040 0.00512001 0.0823896 0.0929353 0.041903 0.0845799 0.0229376 2.62209e-005 0.33478 0.000150205 1e-040 1e-040 1e-040 1e-040 0.00373758 1e-040 1e-040 3.0505e-005 0.000159373 1e-040 1e-040 0.00351862 0.00284861 0.262583 0.000351175 
0.015873 1e-040 0.0564188 0.00793651 1e-040 1e-040 1e-040 1e-040 0.0158857 0.0653467 0.0738239 0.0369646 0.0736657 0.0161377 0.214285 0.131391 0.0317389 1e-040 1e-040 1e-040 1e-040 0.0394899 1e-040 1e-040 0.0238081 0.0634844 1e-040 1e-040 0.023626 0.063349 0.0229838 0.0237924 


8.85265e-225

12 15 13 10 9 3 3 14 10 3 13 13 10 31 31 16 16 16 31 31 16 31 31 16 16 16 16 12 12 11 11 11 16 16 11 11 11 11 11 11 11 16 16 16 10 10 29 29 22 22 22 30 22 30 29 30 30 30 30 30 30 32 32 32 26 26 3 17 17 17 17 3 13 25 25 3 15 26 16 16 16 15 13 15 15 15 15 15 15 15 15 15 25 26 26 26 26 15 15 15 16 16 16 16 12 15 15 12 15 22 15 9 15 13 15 12 14 15 15 15 15 15 10 10 10 10 10 13 13 13 10 4 3 26 3 3 3 15 14 9 13 1 1 13 15 13 15 
1 2 3 4 5 5 5 5 5 5 5 5 5 5 5 5 5 5 5 5 5 5 5 5 5 5 5 5 5 5 5 5 5 5 5 5 5 5 5 5 5 5 5 5 5 5 5 5 5 5 5 5 5 5 5 5 5 5 5 5 5 5 5 5 5 5 5 5 5 5 5 5 5 5 5 5 5 5 5 5 5 5 5 5 5 5 5 5 5 5 5 5 5 5 5 5 5 5 5 5 5 5 5 5 5 5 5 5 5 5 5 5 5 5 5 5 5 5 5 5 5 5 5 5 5 5 5 5 5 5 5 5 5 5 5 5 5 5 5 5 5 5 5 5 5 5 5 