1 0 0 0 0 

0.864262 0.135738 0 0 0 
0 0.784122 0.215878 0 0 
0 0 0.500154 0.499846 0 
0 0 0 0.975 0.0249997 
0 0 0 0 1 


0.271476 0.135738 1e-040 1e-040 1e-040 1e-040 1e-040 0.407202 1e-040 1e-040 0.185584 1e-040 2.55607e-034 1e-040 1e-040 1e-040 1e-040 1e-040 1e-040 1e-040 1e-040 1e-040 1e-040 1e-040 1e-040 1e-040 1e-040 1e-040 1e-040 1e-040 1e-040 1e-040 
2.04505e-118 1e-040 1e-040 1e-040 1e-040 1e-040 1e-040 1.93457e-005 1e-040 1e-040 0.352348 1e-040 0.215878 1e-040 0.431755 1.37803e-011 1e-040 1e-040 1e-040 1e-040 1e-040 2.93224e-173 1e-040 1e-040 1e-040 1e-040 1e-040 1e-040 1e-040 1e-040 1e-040 1e-040 
1e-040 1e-040 1e-040 1e-040 1e-040 1e-040 1e-040 1e-040 1e-040 1e-040 0.000307533 1e-040 1e-040 1e-040 1.77634e-105 0.499846 1e-040 1e-040 1e-040 1e-040 1e-040 0.499846 1e-040 1e-040 1e-040 1e-040 1e-040 7.60004e-014 1e-040 1e-040 1e-040 1.80158e-169 
1e-040 1e-040 1e-040 1e-040 1e-040 1e-040 1e-040 1e-040 8.91135e-168 1e-040 3.19953e-228 1e-040 1e-040 1e-040 1e-040 3.15505e-065 1e-040 1e-040 1e-040 1e-040 1e-040 4.62018e-051 1e-040 1e-040 1e-040 1.35634e-005 1e-040 0.474994 1e-040 1e-040 0.0249997 0.499993 
1e-040 1e-040 0.0178573 0.178573 1.11022e-016 1e-040 1e-040 1e-040 0.285717 0.0535719 1e-040 1e-040 0.0357146 0.0535719 0.0535719 0.0178573 1e-040 1e-040 1e-040 1e-040 1e-040 1e-040 1e-040 1e-040 1e-040 0.0178476 1e-040 1.94197e-190 1e-040 1e-040 0.285717 4.52155e-019 


2.78942e-071

2 1 8 8 1 11 8 11 13 15 15 11 16 22 28 28 28 28 28 28 32 32 32 32 32 28 28 28 28 28 28 28 28 28 28 32 28 32 32 32 32 32 28 28 32 32 32 32 32 32 32 31 32 32 26 16 31 9 9 9 9 9 9 9 9 31 31 31 31 31 9 4 31 4 9 31 31 4 4 31 31 31 14 10 4 31 31 9 9 4 9 9 4 4 31 31 4 4 9 14 15 13 13 15 15 9 3 14 10 10 9 
1 1 1 1 1 1 1 2 2 2 2 2 3 3 4 4 4 4 4 4 4 4 4 4 4 4 4 4 4 4 4 4 4 4 4 4 4 4 4 4 4 4 4 4 4 4 4 4 4 4 4 4 4 4 5 5 5 5 5 5 5 5 5 5 5 5 5 5 5 5 5 5 5 5 5 5 5 5 5 5 5 5 5 5 5 5 5 5 5 5 5 5 5 5 5 5 5 5 5 5 5 5 5 5 5 5 5 5 5 5 5 