1 0 0 0 0 

0.788826 0.211174 0 0 0 
0 0.840313 0.159687 0 0 
0 0 0.891935 0.108065 0 
0 0 0 0.957099 0.0429011 
0 0 0 0 1 


1e-040 1e-040 0.0412013 1.34015e-185 1e-040 1e-040 1e-040 1e-040 1e-040 0.422348 1e-040 1e-040 0.306805 1e-040 0.229646 1e-040 1e-040 1e-040 1e-040 1e-040 1e-040 1e-040 1e-040 1e-040 1e-040 1e-040 1e-040 1e-040 1e-040 1e-040 1.67166e-014 1e-040 
1e-040 1e-040 0.288218 0.159315 1e-040 1e-040 1e-040 1e-040 1e-040 1.11396e-020 1.77152e-059 1.29676e-007 0.24706 1e-040 0.145719 3.41933e-075 1e-040 1e-040 1e-040 1e-040 1e-040 1e-040 1e-040 1e-040 1e-040 1e-040 1e-040 1e-040 1e-040 1e-040 0.159687 1e-040 
1e-040 1e-040 5.34348e-030 0.00025171 1e-040 1e-040 1e-040 1.04289e-020 1e-040 1e-040 0.135226 0.324196 1e-040 1e-040 1e-040 0.540326 1e-040 1e-040 1e-040 1e-040 1e-040 1e-040 1e-040 1e-040 1e-040 1e-040 1e-040 1e-040 1e-040 1e-040 1.54165e-198 1e-040 
1e-040 1e-040 1e-040 1e-040 1e-040 1e-040 0.214505 0.343209 1e-040 1e-040 0.375327 8.01607e-017 1e-040 0.066959 1e-040 3.97353e-071 1e-040 1e-040 1e-040 1e-040 1e-040 1.43628e-010 1e-040 1e-040 1e-040 1e-040 1e-040 1e-040 1e-040 1e-040 1e-040 1.47367e-193 
1e-040 1e-040 0.0226144 0.0452288 1.11022e-016 1e-040 1e-040 1e-040 0.0452288 0.0113072 5.12899e-031 0.0452288 0.0452288 0.0501952 0.271373 0.0226144 0.0226144 0.0113072 1e-040 1e-040 0.0678432 0.0452288 1e-040 1e-040 0.0452288 0.124379 1e-040 1e-040 0.0339216 0.0678432 0.0113072 0.0113072 


2.83434e-127

15 10 10 13 13 3 13 15 31 3 4 12 11 16 16 16 16 16 12 12 11 8 8 8 8 8 11 7 7 7 7 11 7 8 8 8 11 11 11 11 14 11 11 14 22 22 32 21 21 21 21 30 30 30 29 30 29 21 30 30 21 3 17 17 18 25 25 15 26 26 26 26 29 15 22 22 16 26 15 25 15 15 15 15 15 26 25 15 15 26 26 15 12 15 31 15 13 15 15 15 12 12 26 26 4 4 15 4 16 14 9 9 14 15 26 12 4 15 15 9 3 13 14 9 10 13 14 15 15 13 15 15 15 
1 1 1 1 1 2 2 2 2 2 2 3 3 3 3 3 3 3 3 3 4 4 4 4 4 4 4 4 4 4 4 4 4 4 4 4 4 4 4 4 4 4 4 4 5 5 5 5 5 5 5 5 5 5 5 5 5 5 5 5 5 5 5 5 5 5 5 5 5 5 5 5 5 5 5 5 5 5 5 5 5 5 5 5 5 5 5 5 5 5 5 5 5 5 5 5 5 5 5 5 5 5 5 5 5 5 5 5 5 5 5 5 5 5 5 5 5 5 5 5 5 5 5 5 5 5 5 5 5 5 5 5 5 