1 0 0 0 0 

0.8 0.2 0 0 0 
0 0.8 0.2 0 0 
0 0 0.8 0.2 0 
0 0 0 0.8 0.2 
0 0 0 0 1 


7.77156e-016 1e-040 0.34199 3.29257e-006 1e-040 1e-040 1e-040 1e-040 1.1784e-005 0.0335594 1e-040 0.0268436 0.44192 0.0870111 2.45562e-007 1e-040 0.00171807 0.00108803 0.0392869 1e-040 1e-040 1e-040 0.00703687 1e-040 0.0193734 0.000116827 1e-040 1e-040 3.85883e-005 1e-040 1.82688e-006 1e-040 
1e-040 -2.22045e-016 0.340483 4.22771e-005 1e-040 1e-040 1e-040 1e-040 0.000144145 0.0671695 1e-040 0.0603987 0.12192 0.135612 3.74781e-006 1e-040 0.0133338 0.00719311 0.162073 1e-040 1e-040 1e-040 0.0263883 1e-040 0.0637497 0.00106442 1e-040 1e-040 0.000401239 1e-040 2.37494e-005 1e-040 
1e-040 1e-040 0.192473 0.000267537 1e-040 1e-040 1e-040 1e-040 0.000867616 0.0590854 1e-040 0.060404 0.0307203 0.101401 2.81436e-005 1e-040 0.0506714 0.0228865 0.329193 1e-040 1e-040 1e-040 0.0461795 1e-040 0.0989148 0.00471688 1e-040 1e-040 0.00203945 1e-040 0.000151402 1e-040 
1e-040 1e-040 0.0920682 0.0011136 1e-040 1e-040 1e-040 1e-040 0.00343015 0.0308043 1e-040 0.0352658 0.00512183 0.0507404 0.000138645 1e-040 0.125997 0.046657 0.441199 1e-040 1e-040 1e-040 0.0500278 1e-040 0.0965028 0.0135446 1e-040 1e-040 0.00675818 1e-040 0.000630844 1e-040 
1e-040 1e-040 0.164836 0.0434007 1e-040 1e-040 1e-040 1e-040 0.228019 0.0439881 1e-040 0.0117983 0.0217564 0.142676 0.043469 1e-040 0.141754 0.0175095 0.0667526 1e-040 1e-040 1e-040 0.00382432 1e-040 0.00660105 0.0206825 1e-040 1e-040 0.0321067 1e-040 0.0108257 1e-040 


1.32487e-173

13 13 3 3 13 14 3 3 10 12 14 3 25 19 19 23 25 19 19 19 19 19 19 19 19 19 18 18 17 17 17 17 17 17 17 17 26 26 17 3 17 29 29 17 17 17 17 9 10 9 4 9 31 3 3 3 3 3 10 4 29 15 3 9 14 9 9 14 4 12 14 14 14 14 3 14 9 10 9 3 4 3 9 9 14 13 14 14 9 14 3 9 3 15 15 14 14 9 9 9 3 3 9 9 13 15 3 9 9 9 9 10 4 
1 2 3 4 5 5 5 5 5 5 5 5 5 5 5 5 5 5 5 5 5 5 5 5 5 5 5 5 5 5 5 5 5 5 5 5 5 5 5 5 5 5 5 5 5 5 5 5 5 5 5 5 5 5 5 5 5 5 5 5 5 5 5 5 5 5 5 5 5 5 5 5 5 5 5 5 5 5 5 5 5 5 5 5 5 5 5 5 5 5 5 5 5 5 5 5 5 5 5 5 5 5 5 5 5 5 5 5 5 5 5 5 5 