1 0 0 0 0 

0.8 0.2 0 0 0 
0 0.8 0.2 0 0 
0 0 0.8 0.2 0 
0 0 0 0.8 0.2 
0 0 0 0 1 


0.593781 0.08192 0.0386547 5.16684e-008 1e-040 1e-040 1e-040 1e-040 0.013736 5.54806e-009 1e-040 1.81642e-007 0.241325 0.0137439 0.00879609 6.00945e-005 1e-040 1e-040 1e-040 1e-040 0.000944473 1e-040 0.000445969 0.00142722 0.00332041 0.00184361 1e-040 1e-040 1e-040 1e-040 7.40103e-007 1e-040 
0.521952 0.08192 0.100932 9.36638e-007 1e-040 1e-040 1e-040 1e-040 0.0578713 1.15544e-007 1e-040 2.95324e-006 0.11445 0.041232 0.0307863 0.000695047 1e-040 1e-040 1e-040 1e-040 0.00566684 1e-040 0.00410596 0.0106572 0.0178011 0.0119155 1e-040 1e-040 1e-040 1e-040 1.1729e-005 1e-040 
0.308067 0.03072 0.119454 8.3945e-006 1e-040 1e-040 1e-040 1e-040 0.114954 1.19146e-006 1e-040 2.37933e-005 0.160049 0.0566963 0.050028 0.00396047 1e-040 1e-040 1e-040 1e-040 0.0162922 1e-040 0.0185072 0.0385758 0.0455173 0.0370536 1e-040 1e-040 1e-040 1e-040 9.17383e-005 1e-040 
0.174189 0.00512 0.0845573 4.96115e-005 1e-040 1e-040 1e-040 1e-040 0.143046 8.11276e-006 1e-040 0.000126802 0.158109 0.0472611 0.0500294 0.0148401 1e-040 1e-040 1e-040 1e-040 0.029869 1e-040 0.0544903 0.0901767 0.0738446 0.0738106 1e-040 1e-040 1e-040 1e-040 0.000472307 1e-040 
0.0099025 1.56863e-005 0.0517844 0.0882324 1.11022e-016 1e-040 1e-040 1e-040 0.0328624 0.0784309 1e-040 0.0784238 0.0453955 0.0412288 0.0715863 0.185316 1e-040 1e-040 1e-040 1e-040 0.00721704 1e-040 0.113846 0.0519198 0.0127214 0.0233028 1e-040 1e-040 1e-040 1e-040 0.107815 1e-040 


1.17672e-188

13 1 1 1 2 1 1 1 1 13 3 3 14 13 15 1 9 9 9 1 13 25 25 13 21 26 26 26 24 24 24 24 24 24 23 23 23 23 23 23 23 23 23 16 16 16 16 16 16 16 23 23 23 16 16 16 16 16 16 16 16 31 31 12 31 31 16 16 16 31 16 4 4 14 31 31 12 12 31 12 12 10 4 10 31 4 12 15 10 4 4 12 31 9 31 10 10 15 10 15 9 3 10 15 13 14 14 15 3 10 12 4 3 14 15 13 13 15 4 3 4 3 9 
1 2 3 4 5 5 5 5 5 5 5 5 5 5 5 5 5 5 5 5 5 5 5 5 5 5 5 5 5 5 5 5 5 5 5 5 5 5 5 5 5 5 5 5 5 5 5 5 5 5 5 5 5 5 5 5 5 5 5 5 5 5 5 5 5 5 5 5 5 5 5 5 5 5 5 5 5 5 5 5 5 5 5 5 5 5 5 5 5 5 5 5 5 5 5 5 5 5 5 5 5 5 5 5 5 5 5 5 5 5 5 5 5 5 5 5 5 5 5 5 5 5 5 