1 0 0 0 0 

0.8 0.2 0 0 0 
0 0.8 0.2 0 0 
0 0 0.8 0.2 0 
0 0 0 0.8 0.2 
0 0 0 0 1 


7.77156e-016 1e-040 0.115701 0.041943 1e-040 1e-040 1e-040 1e-040 1.954e-011 3.03542e-010 3.83503e-007 1.36652e-007 0.177727 0.257922 0.23388 0.0012364 1e-040 1e-040 1e-040 1e-040 8.54395e-012 0.00360288 7.48289e-007 1e-040 1e-040 0.00798543 1e-040 1e-040 0.16 1e-040 2.67322e-007 1e-040 
1e-040 -6.66134e-016 0.124063 0.0734003 1e-040 1e-040 1e-040 1e-040 5.14059e-010 6.90558e-009 5.65961e-006 2.43511e-006 0.248313 0.353578 0.0867863 0.0104995 1e-040 1e-040 1e-040 1e-040 2.28551e-010 0.016213 1.0476e-005 1e-040 1e-040 0.0471236 1e-040 1e-040 0.04 1e-040 4.43198e-006 1e-040 
1e-040 1e-040 0.100183 0.0550504 1e-040 1e-040 1e-040 1e-040 6.70403e-009 7.76878e-008 4.10653e-005 2.1439e-005 0.182106 0.342928 0.106577 0.0440077 1e-040 1e-040 1e-040 1e-040 3.0283e-009 0.0344525 7.20228e-005 1e-040 1e-040 0.134524 1e-040 1e-040 1e-040 1e-040 3.63651e-005 1e-040 
1e-040 1e-040 0.0918073 0.022939 1e-040 1e-040 1e-040 1e-040 5.77895e-008 5.76184e-007 0.000195305 0.00012436 0.105653 0.27803 0.08526 0.121867 1e-040 1e-040 1e-040 1e-040 2.64976e-008 0.0459367 0.000324103 1e-040 1e-040 0.247665 1e-040 1e-040 1e-040 1e-040 0.000197048 1e-040 
1e-040 1e-040 0.0490859 0.0422969 1e-040 1e-040 1e-040 1e-040 0.0504202 0.00840333 0.0167965 0.109237 0.0372353 0.0826698 0.0877099 0.320268 1e-040 1e-040 1e-040 1e-040 0.00840336 0.00419306 0.00838625 1e-040 1e-040 0.0572564 1e-040 1e-040 1e-040 1e-040 0.117637 1e-040 


3.04175e-214

15 29 14 3 13 13 14 4 14 15 13 14 14 3 13 15 14 14 22 14 3 26 26 26 26 26 26 26 26 26 16 16 16 16 16 16 16 16 16 16 16 16 16 16 16 16 16 16 16 16 16 16 16 16 16 16 23 16 16 11 16 16 16 16 31 31 16 16 16 12 12 12 12 16 31 31 31 16 12 12 12 31 31 31 12 16 16 31 31 4 11 10 4 14 14 31 12 12 12 12 31 31 31 4 9 3 3 21 15 15 15 14 9 14 4 4 15 14 15 13 3 3 3 13 13 13 14 15 15 12 15 15 14 15 9 14 9 9 9 14 
1 2 3 4 5 5 5 5 5 5 5 5 5 5 5 5 5 5 5 5 5 5 5 5 5 5 5 5 5 5 5 5 5 5 5 5 5 5 5 5 5 5 5 5 5 5 5 5 5 5 5 5 5 5 5 5 5 5 5 5 5 5 5 5 5 5 5 5 5 5 5 5 5 5 5 5 5 5 5 5 5 5 5 5 5 5 5 5 5 5 5 5 5 5 5 5 5 5 5 5 5 5 5 5 5 5 5 5 5 5 5 5 5 5 5 5 5 5 5 5 5 5 5 5 5 5 5 5 5 5 5 5 5 5 5 5 5 5 5 5 