1 0 0 0 0 

0.805231 0.194769 0 0 0 
0 0.881109 0.118891 0 0 
0 0 0.92581 0.0741899 0 
0 0 0 0.933225 0.0667746 
0 0 0 0 1 


1.11022e-016 1e-040 0.172619 0.0634397 1e-040 1e-040 1e-040 1e-040 1e-040 5.25838e-007 1e-040 1.16821e-039 1e-040 0.569172 1e-040 1e-040 1e-040 1e-040 1e-040 1e-040 1e-040 1e-040 1e-040 1e-040 1e-040 1e-040 1e-040 1e-040 1e-040 1e-040 0.194769 1e-040 
1e-040 1e-040 0.013521 0.0801664 3.87737e-006 1e-040 1e-040 1e-040 1e-040 0.118892 1e-040 0.421504 1e-040 0.247021 0.118891 1e-040 1e-040 1e-040 1e-040 1e-040 1e-040 1e-040 1e-040 1e-040 1e-040 1e-040 1e-040 1e-040 1e-040 1e-040 1.09071e-030 1e-040 
1e-040 1e-040 -5.65658e-182 1.09334e-055 0.222567 0.00179906 5.79251e-026 1e-040 1e-040 0.222569 1.28779e-136 0.330495 1e-040 1.62151e-007 0.0741899 1e-040 1e-040 1e-040 1e-040 1e-040 1e-040 1e-040 1e-040 1e-040 1e-040 1e-040 1e-040 1e-040 1e-040 1e-040 0.14838 1e-040 
1e-040 1e-040 1e-040 1.11022e-016 1e-040 0.0651553 0.467422 0.0667744 1e-040 1e-040 0.400648 6.49062e-007 1e-040 1e-040 1e-040 1e-040 1e-040 1e-040 1e-040 1e-040 1e-040 3.41366e-180 1e-040 1e-040 1e-040 1e-040 1e-040 1e-040 4.83611e-009 1e-040 5.72503e-068 1e-040 
0.020202 1e-040 0.121212 0.0808081 5.55112e-016 1e-040 5.26111e-039 3.04001e-008 0.050505 0.0909091 0.010101 0.030303 0.0707071 0.010101 0.181818 1e-040 0.030303 1e-040 1e-040 1e-040 1e-040 0.010101 1e-040 1e-040 0.050505 1e-040 1e-040 1e-040 0.151515 0.0606061 0.030303 1e-040 


3.07283e-137

31 14 14 14 3 4 10 12 12 12 15 14 14 12 5 10 31 15 5 5 10 12 10 31 12 12 12 6 7 11 11 11 7 7 7 7 11 11 11 7 7 8 29 29 29 29 29 29 29 22 29 29 30 30 30 30 30 30 29 29 29 29 29 29 9 3 17 3 3 17 25 17 25 15 15 25 25 15 15 15 15 15 15 3 13 13 13 13 13 3 3 10 3 3 12 31 4 12 12 31 31 10 9 10 15 15 10 4 10 15 3 15 13 15 10 10 11 4 15 4 15 25 15 15 9 4 4 13 4 4 9 3 1 10 9 3 1 3 15 10 14 9 
1 1 1 1 1 2 2 2 2 2 2 2 2 2 3 3 3 3 3 3 3 3 3 3 3 3 3 4 4 4 4 4 4 4 4 4 4 4 4 4 4 4 5 5 5 5 5 5 5 5 5 5 5 5 5 5 5 5 5 5 5 5 5 5 5 5 5 5 5 5 5 5 5 5 5 5 5 5 5 5 5 5 5 5 5 5 5 5 5 5 5 5 5 5 5 5 5 5 5 5 5 5 5 5 5 5 5 5 5 5 5 5 5 5 5 5 5 5 5 5 5 5 5 5 5 5 5 5 5 5 5 5 5 5 5 5 5 5 5 5 5 5 