1 0 0 0 0 

0.587188 0.412812 0 0 0 
0 0.883417 0.116583 0 0 
0 0 0.5 0.5 0 
0 0 0 0.972222 0.0277778 
0 0 0 0 1 


2.80439e-017 0.587188 1e-040 1e-040 1e-040 1e-040 1e-040 1e-040 1e-040 1e-040 1e-040 1e-040 7.35123e-228 1e-040 9.53114e-238 1e-040 1e-040 1e-040 1e-040 1e-040 1e-040 1e-040 3.80563e-238 1e-040 1e-040 1e-040 1e-040 1e-040 0.412812 1e-040 1e-040 1e-040 
0.466332 0.533668 1e-040 1e-040 1e-040 1e-040 1e-040 1e-040 1e-040 1e-040 1e-040 1e-040 5.98111e-023 1e-040 5.60977e-146 1e-040 1e-040 1e-040 1e-040 1e-040 1e-040 1e-040 1.87586e-225 1.87586e-225 1e-040 1e-040 1e-040 1e-040 9.49699e-040 1e-040 1e-040 1e-040 
2.00452e-091 5.50888e-018 1e-040 1e-040 1e-040 1e-040 1e-040 1e-040 1e-040 1e-040 1e-040 1e-040 0.5 1e-040 0.5 1e-040 1e-040 1e-040 1e-040 1e-040 1e-040 1e-040 4.65045e-015 3.17043e-220 1e-040 1e-040 1e-040 1e-040 1e-040 1e-040 1e-040 1e-040 
1e-040 1e-040 1e-040 1e-040 1e-040 1e-040 1e-040 1e-040 1e-040 1e-040 1e-040 1e-040 5.24102e-158 1e-040 3.30516e-043 1e-040 1e-040 1e-040 1e-040 1e-040 1e-040 1e-040 0.444444 0.555556 1e-040 1e-040 1e-040 1e-040 1e-040 1e-040 1e-040 1e-040 
0.0377358 1e-040 0.113208 1e-040 1e-040 1e-040 1e-040 1e-040 0.0377358 0.0943396 0.0377358 0.0754717 0.113208 0.0754717 0.283019 0.0754717 1e-040 1e-040 1e-040 1e-040 1e-040 1e-040 1e-040 5.20927e-087 0.0188679 1e-040 1e-040 1e-040 1e-040 1e-040 0.0377358 1e-040 


3.64256e-072

2 29 2 1 1 2 2 2 1 1 2 13 15 23 24 23 24 23 24 24 24 24 24 24 24 24 24 24 23 24 24 24 23 23 23 23 23 23 23 23 23 23 23 23 24 24 24 24 24 15 15 25 13 13 1 1 15 15 3 15 15 3 9 16 12 12 16 16 15 11 12 16 11 15 15 15 15 31 31 12 14 15 15 10 3 15 15 9 14 10 10 14 13 13 13 13 14 10 10 3 3 3 3 
1 1 2 2 2 2 2 2 2 2 2 3 3 4 4 4 4 4 4 4 4 4 4 4 4 4 4 4 4 4 4 4 4 4 4 4 4 4 4 4 4 4 4 4 4 4 4 4 4 5 5 5 5 5 5 5 5 5 5 5 5 5 5 5 5 5 5 5 5 5 5 5 5 5 5 5 5 5 5 5 5 5 5 5 5 5 5 5 5 5 5 5 5 5 5 5 5 5 5 5 5 5 5 