1 0 0 0 0 

0.8 0.2 0 0 0 
0 0.8 0.2 0 0 
0 0 0.8 0.2 0 
0 0 0 0.8 0.2 
0 0 0 0 1 


0.592473 4.07407e-011 1.99071e-007 1.73236e-008 1e-040 1e-040 1e-040 1e-040 1.84418e-008 1.08032e-007 1e-040 1e-040 0.105282 0.28192 0.00230585 3.83124e-007 0.00879619 1e-040 1e-040 1e-040 1e-040 1e-040 0.0036008 0.00375503 1e-040 0.00186389 1e-040 9.35361e-007 1e-040 1e-040 5.98631e-007 7.48289e-007 
0.727636 1.01852e-009 3.33841e-006 3.4124e-007 1e-040 1e-040 1e-040 1e-040 3.42523e-007 1.92447e-006 1e-040 1e-040 0.0904913 0.0819201 0.0115293 5.65108e-006 0.030788 1e-040 1e-040 1e-040 1e-040 1e-040 0.0205718 0.0271263 1e-040 0.00989425 1e-040 1.28612e-005 1e-040 1e-040 8.53049e-006 1.0476e-005 
0.663226 1.26042e-008 2.76008e-005 3.32313e-006 1e-040 1e-040 1e-040 1e-040 3.14957e-006 1.69204e-005 1e-040 1e-040 0.0500077 0.0307209 0.0273828 4.09703e-005 0.0500408 1e-040 1e-040 1e-040 1e-040 1e-040 0.0562663 0.096702 1e-040 0.0253429 1e-040 8.68132e-005 1e-040 1e-040 5.97134e-005 7.20228e-005 
0.488487 1.02934e-007 0.000150003 2.13342e-005 1e-040 1e-040 1e-040 1e-040 1.91316e-005 9.78941e-005 1e-040 1e-040 0.0452594 0.00512636 0.0410784 0.000194609 0.0500963 1e-040 1e-040 1e-040 1e-040 1e-040 0.0980481 0.228068 1e-040 0.0423723 1e-040 0.000383425 1e-040 1e-040 0.000273687 0.000324103 
0.0670797 0.010101 0.0706979 0.101009 1.11022e-016 1e-040 1e-040 1e-040 0.0909079 0.0707012 1e-040 1e-040 0.116614 0.0404198 0.0362477 0.0100888 0.0131454 1e-040 1e-040 1e-040 1e-040 1e-040 0.0212885 0.264866 1e-040 0.0565923 1e-040 0.0100766 1e-040 1e-040 0.0100837 0.0100804 


3.85587e-184

14 1 1 13 14 1 1 1 1 1 1 1 1 1 17 1 1 1 1 13 15 26 23 23 23 24 24 24 24 24 24 24 24 24 24 24 24 24 24 24 24 24 26 24 24 24 24 24 24 24 24 24 24 24 26 28 32 31 26 16 26 26 1 1 1 17 3 3 3 10 1 10 10 9 13 10 10 4 4 15 4 3 13 14 14 9 14 4 4 13 13 13 13 3 9 9 9 10 15 14 2 13 9 9 4 10 13 13 9 4 4 4 4 3 13 15 3 9 13 13 
1 2 3 4 5 5 5 5 5 5 5 5 5 5 5 5 5 5 5 5 5 5 5 5 5 5 5 5 5 5 5 5 5 5 5 5 5 5 5 5 5 5 5 5 5 5 5 5 5 5 5 5 5 5 5 5 5 5 5 5 5 5 5 5 5 5 5 5 5 5 5 5 5 5 5 5 5 5 5 5 5 5 5 5 5 5 5 5 5 5 5 5 5 5 5 5 5 5 5 5 5 5 5 5 5 5 5 5 5 5 5 5 5 5 5 5 5 5 5 5 