1 0 0 0 0 

0.8 0.2 0 0 0 
0 0.8 0.2 0 0 
0 0 0.8 0.2 0 
0 0 0 0.8 0.2 
0 0 0 0 1 


4.46019e-006 0.128 1e-040 1e-040 1e-040 0.13167 0.342379 0.0341913 1.24331e-010 1e-040 1.33499e-011 1e-040 1e-040 0.36 1.06799e-011 1e-040 1e-040 1e-040 1e-040 1e-040 1e-040 1e-040 1e-040 1e-040 1e-040 1e-040 1e-040 1e-040 0.00375559 1e-040 1e-040 1e-040 
5.35228e-005 0.064 1e-040 1e-040 1e-040 0.15106 0.577103 0.140684 2.95286e-009 1e-040 3.50435e-010 1e-040 1e-040 0.04 2.83018e-010 1e-040 1e-040 1e-040 1e-040 1e-040 1e-040 1e-040 1e-040 1e-040 1e-040 1e-040 1e-040 1e-040 0.0270998 1e-040 1e-040 1e-040 
0.000314453 0.00800002 -2.22045e-016 1e-040 1e-040 0.117707 0.498806 0.278809 3.46961e-008 1e-040 4.55566e-009 1e-040 1e-040 1.12436e-007 3.71462e-009 1e-040 1e-040 1e-040 1e-040 1e-040 1e-040 1e-040 1e-040 1e-040 1e-040 1e-040 1e-040 1e-040 0.0963631 1e-040 1e-040 1e-040 
0.00120546 1.83313e-007 1e-040 1e-040 1e-040 0.104401 0.310934 0.357354 2.68895e-007 1e-040 3.91028e-008 1e-040 1e-040 8.88831e-007 3.21933e-008 1e-040 1e-040 1e-040 1e-040 1e-040 1e-040 1e-040 1e-040 1e-040 1e-040 1e-040 1e-040 1e-040 0.226104 1e-040 1e-040 1e-040 
0.0228978 0.0114942 1e-040 1e-040 1e-040 0.108917 0.153493 0.355687 0.0114942 1e-040 0.0114943 1e-040 1e-040 0.0689655 0.0114943 1e-040 1e-040 1e-040 1e-040 1e-040 1e-040 1e-040 1e-040 1e-040 1e-040 1e-040 1e-040 1e-040 0.244062 1e-040 1e-040 1e-040 


4.44552e-166

14 14 2 6 7 7 7 7 7 6 7 7 7 7 8 8 8 8 7 8 8 8 6 8 6 29 29 29 29 29 29 29 29 29 29 29 29 29 29 29 29 29 29 29 29 29 29 29 1 8 6 8 6 8 8 8 8 6 8 8 8 6 6 6 8 8 6 8 8 8 8 8 8 8 8 8 8 8 7 8 8 8 7 7 6 8 7 7 7 7 7 7 7 7 14 9 14 2 14 8 1 14 7 14 14 11 15 15 
1 2 3 4 5 5 5 5 5 5 5 5 5 5 5 5 5 5 5 5 5 5 5 5 5 5 5 5 5 5 5 5 5 5 5 5 5 5 5 5 5 5 5 5 5 5 5 5 5 5 5 5 5 5 5 5 5 5 5 5 5 5 5 5 5 5 5 5 5 5 5 5 5 5 5 5 5 5 5 5 5 5 5 5 5 5 5 5 5 5 5 5 5 5 5 5 5 5 5 5 5 5 5 5 5 5 5 5 