1 0 0 0 0 

0.8 0.2 0 0 0 
0 0.8 0.2 0 0 
0 0 0.8 0.2 0 
0 0 0 0.8 0.2 
0 0 0 0 1 


0.0166022 0.00613262 0.143098 4.57885e-012 1e-040 0.00265633 1e-040 1e-040 0.370995 1.69682e-012 6.49037e-005 5.1923e-005 0.379732 0.0792799 1e-040 1e-040 0.00105287 1e-040 1e-040 1e-040 1e-040 1e-040 1e-040 1e-040 1e-040 1e-040 1e-040 0.000207608 1e-040 0.000126765 1.64876e-009 8.25374e-008 
0.0723632 0.030887 0.290623 1.26748e-010 1e-040 0.014905 1e-040 1e-040 0.0757341 5.04849e-011 0.000584133 0.000480289 0.38029 0.123152 1e-040 1e-040 0.00775446 1e-040 1e-040 1e-040 1e-040 1e-040 1e-040 1e-040 1e-040 1e-040 1e-040 0.00217914 1e-040 0.00104581 3.8015e-008 1.58214e-006 
0.156397 0.0744787 0.278696 1.74005e-009 1e-040 0.0399741 1e-040 1e-040 0.0536012 7.44787e-010 0.00255558 0.00216131 0.251332 0.0976536 1e-040 1e-040 0.0276612 1e-040 1e-040 1e-040 1e-040 1e-040 1e-040 1e-040 1e-040 1e-040 1e-040 0.0112908 1e-040 0.00418325 4.35065e-007 1.50033e-005 
0.227137 0.114582 0.171269 1.57977e-008 1e-040 0.0681792 1e-040 1e-040 0.0491344 7.2637e-009 0.00724082 0.00630393 0.185516 0.0574846 1e-040 1e-040 0.0636636 1e-040 1e-040 1e-040 1e-040 1e-040 1e-040 1e-040 1e-040 1e-040 1e-040 0.0385853 1e-040 0.0108067 3.2957e-006 9.38548e-005 
0.0359496 0.014493 0.0277641 0.0232558 2.22045e-016 0.0106312 1e-040 1e-040 0.12599 0.0232558 0.00734708 0.0539148 0.0311291 0.0326523 1e-040 1e-040 0.0271267 1e-040 1e-040 1e-040 1e-040 1e-040 1e-040 1e-040 1e-040 1e-040 1e-040 0.269292 1e-040 0.00712548 0.162791 0.147283 


2.70161e-229

9 9 13 13 13 14 3 13 3 3 3 13 14 9 3 1 1 13 13 2 2 1 6 6 2 1 1 1 17 17 1 17 17 30 13 13 11 12 28 28 28 28 28 28 28 28 28 28 28 28 28 28 28 28 28 28 28 28 28 28 28 28 28 28 28 28 28 28 28 28 28 28 28 32 32 32 32 32 32 32 32 32 32 32 32 32 32 31 32 32 32 32 32 31 31 31 31 31 31 31 12 31 31 31 31 31 31 31 12 12 4 31 31 31 31 12 12 31 10 10 12 10 9 9 14 4 9 14 9 9 4 9 9 9 31 9 9 9 9 9 9 3 3 9 14 13 3 9 14 14 
1 2 3 4 5 5 5 5 5 5 5 5 5 5 5 5 5 5 5 5 5 5 5 5 5 5 5 5 5 5 5 5 5 5 5 5 5 5 5 5 5 5 5 5 5 5 5 5 5 5 5 5 5 5 5 5 5 5 5 5 5 5 5 5 5 5 5 5 5 5 5 5 5 5 5 5 5 5 5 5 5 5 5 5 5 5 5 5 5 5 5 5 5 5 5 5 5 5 5 5 5 5 5 5 5 5 5 5 5 5 5 5 5 5 5 5 5 5 5 5 5 5 5 5 5 5 5 5 5 5 5 5 5 5 5 5 5 5 5 5 5 5 5 5 5 5 5 5 5 5 