1 0 0 0 0 

0.8 0.2 0 0 0 
0 0.8 0.2 0 0 
0 0 0.8 0.2 0 
0 0 0 0.8 0.2 
0 0 0 0 1 


1e-040 1e-040 1e-040 0.065536 1e-040 1e-040 1e-040 1e-040 2.19418e-014 0.0268435 1e-040 1.52907e-010 4.3323e-015 0.0744607 2.0658e-014 0.00810648 0.000203127 0.000783147 1e-040 1e-040 2.28671e-006 0.0128641 1e-040 1e-040 1e-040 4.27857e-008 1e-040 4.73905e-008 1.68365e-006 1e-040 0.811199 9.55468e-009 
1e-040 -4.44089e-016 1e-040 0.08192 1e-040 1e-040 1e-040 1e-040 7.47304e-013 0.060398 1e-040 3.82093e-009 1.52713e-013 0.136431 6.92043e-013 0.0353533 0.00160247 0.00700265 1e-040 1e-040 3.51002e-005 0.0701001 1e-040 1e-040 1e-040 7.9824e-007 1e-040 8.46448e-007 2.33373e-005 1e-040 0.607132 2.00898e-007 
1e-040 1e-040 4.44089e-016 0.04096 1e-040 1e-040 1e-040 1e-040 1.26358e-011 0.060398 1e-040 4.74224e-008 2.67249e-012 0.124134 1.15052e-011 0.0727331 0.00619798 0.0308064 1e-040 1e-040 0.000265843 0.184859 1e-040 1e-040 1e-040 7.35194e-006 1e-040 7.45381e-006 0.000158836 1e-040 0.47947 2.08996e-006 
1e-040 1e-040 1e-040 0.0102401 1e-040 1e-040 1e-040 1e-040 1.41419e-010 0.0352322 1e-040 3.89848e-007 3.09563e-011 0.0900253 1.26557e-010 0.0937875 0.015804 0.089054 1e-040 1e-040 0.0013248 0.314718 1e-040 1e-040 1e-040 4.45651e-005 1e-040 4.31398e-005 0.000707528 1e-040 0.349004 1.43422e-005 
1e-040 1e-040 1e-040 0.100827 3.33067e-016 1e-040 1e-040 1e-040 0.0155039 0.0471755 1e-040 0.116279 0.00775194 0.0455406 0.00775194 0.0073651 0.0378369 0.150091 1e-040 1e-040 0.123968 0.085948 1e-040 1e-040 1e-040 0.0387576 1e-040 0.0155019 0.0154693 1e-040 0.114465 0.0697668 


2.70161e-229

31 31 31 31 31 4 14 31 31 10 14 31 31 31 31 31 31 16 16 22 22 22 22 22 22 22 22 22 22 14 14 17 18 18 18 18 18 18 18 18 18 18 18 18 18 18 18 18 18 18 18 18 17 17 17 29 29 17 21 21 21 21 21 21 21 21 21 21 21 21 21 28 28 26 26 21 21 26 26 21 22 32 32 22 22 32 32 32 32 32 32 31 22 32 31 31 12 31 31 31 4 26 31 31 12 4 12 12 10 12 12 31 12 12 12 10 31 4 31 31 10 12 12 4 4 31 10 12 12 10 4 4 4 4 15 9 4 10 14 4 9 13 4 4 12 14 14 14 12 12 
1 2 3 4 5 5 5 5 5 5 5 5 5 5 5 5 5 5 5 5 5 5 5 5 5 5 5 5 5 5 5 5 5 5 5 5 5 5 5 5 5 5 5 5 5 5 5 5 5 5 5 5 5 5 5 5 5 5 5 5 5 5 5 5 5 5 5 5 5 5 5 5 5 5 5 5 5 5 5 5 5 5 5 5 5 5 5 5 5 5 5 5 5 5 5 5 5 5 5 5 5 5 5 5 5 5 5 5 5 5 5 5 5 5 5 5 5 5 5 5 5 5 5 5 5 5 5 5 5 5 5 5 5 5 5 5 5 5 5 5 5 5 5 5 5 5 5 5 5 5 