1 0 0 0 0 

0.875 0.125 0 0 0 
0 0.75 0.25 0 0 
0 0 0.666667 0.333333 0 
0 0 0 0.962637 0.0373628 
0 0 0 0 1 


1e-040 1e-040 1.0016e-039 1e-040 1e-040 1e-040 1e-040 1e-040 1e-040 7.75328e-191 1e-040 1e-040 0.875 0.125 1e-040 1e-040 1e-040 1e-040 1e-040 1e-040 1e-040 1e-040 1e-040 1e-040 1e-040 1e-040 1e-040 1e-040 1e-040 1e-040 1e-040 1e-040 
1e-040 1e-040 0.5 1e-040 1e-040 1e-040 1e-040 1e-040 1e-040 0.25 1e-040 4.57782e-028 1.72554e-043 1.01071e-145 0.25 1e-040 1e-040 1e-040 1e-040 1e-040 1e-040 1e-040 1e-040 1e-040 1e-040 1e-040 1e-040 1e-040 1e-040 1e-040 1e-040 1e-040 
1e-040 1e-040 1.69701e-016 1e-040 1e-040 1e-040 1e-040 1e-040 1e-040 1e-040 1e-040 0.666667 1e-040 0.333333 5.70582e-086 1.66456e-015 1e-040 1e-040 1e-040 1e-040 1e-040 1e-040 1e-040 1e-040 1e-040 1e-040 1e-040 1e-040 1e-040 1e-040 1.32564e-169 1e-040 
1e-040 1e-040 1e-040 4.44089e-016 1e-040 1e-040 1e-040 1e-040 1e-040 1e-040 1e-040 1.29181e-078 1e-040 3.88636e-194 1e-040 0.373628 1e-040 1e-040 1e-040 1e-040 1e-040 0.0373628 1e-040 1e-040 1e-040 0.178019 1e-040 0.0747255 1e-040 1.97021e-066 0.336265 1e-040 
1e-040 1e-040 0.0403082 0.0906934 4.44089e-016 1e-040 1e-040 1e-040 0.0201541 0.0705393 1e-040 0.0302311 0.0806164 0.0302311 0.201541 1e-040 0.0806164 1e-040 1e-040 1e-040 0.0201541 3.59825e-139 1e-040 1e-040 0.0806164 0.0527573 1e-040 1.29418e-100 1e-040 0.17131 0.0302311 1e-040 


3.52283e-130

13 14 13 13 13 13 13 13 3 10 15 3 12 14 12 16 16 16 16 16 16 16 16 16 31 16 31 31 31 31 26 26 26 31 31 31 26 31 28 22 28 26 30 30 30 30 30 30 30 30 30 30 30 30 30 30 30 10 30 30 4 4 17 17 17 17 17 17 25 17 25 25 26 26 25 26 15 26 15 26 15 15 21 25 17 15 15 15 15 15 13 15 15 15 25 25 15 12 31 31 12 10 15 13 15 12 10 4 4 13 13 3 4 4 14 14 4 10 31 9 25 13 4 4 15 15 15 10 10 15 9 10 14 21 15 13 13 3 3 13 3 14 
1 1 1 1 1 1 1 1 2 2 2 2 3 3 3 4 4 4 4 4 4 4 4 4 4 4 4 4 4 4 4 4 4 4 4 4 4 4 4 4 4 4 5 5 5 5 5 5 5 5 5 5 5 5 5 5 5 5 5 5 5 5 5 5 5 5 5 5 5 5 5 5 5 5 5 5 5 5 5 5 5 5 5 5 5 5 5 5 5 5 5 5 5 5 5 5 5 5 5 5 5 5 5 5 5 5 5 5 5 5 5 5 5 5 5 5 5 5 5 5 5 5 5 5 5 5 5 5 5 5 5 5 5 5 5 5 5 5 5 5 5 5 