1 0 0 0 0 

0.8 0.2 0 0 0 
0 0.8 0.2 0 0 
0 0 0.8 0.2 0 
0 0 0 0.8 0.2 
0 0 0 0 1 


4.44089e-016 1e-040 0.065536 1.17513e-013 1e-040 1e-040 1e-040 1e-040 1.53914e-013 0.276646 1e-040 4.20089e-011 0.469671 0.16 4.3895e-012 0.00951045 5.71947e-005 0.00184921 1e-040 1e-040 1.19134e-005 0.00548163 1e-040 1e-040 0.00108803 1.0445e-006 7.85878e-006 7.01153e-006 1e-040 5.5214e-009 0.0101331 3.86655e-008 
1e-040 -4.44089e-016 0.08192 3.85272e-012 1e-040 1e-040 1e-040 1e-040 4.80982e-012 0.152276 1e-040 1.05573e-009 0.585066 0.04 1.20813e-010 0.0463768 0.000622894 0.0144959 1e-040 1e-040 0.000148193 0.030035 1e-040 1e-040 0.00719311 1.61709e-005 9.46243e-005 9.54917e-005 1e-040 1.07667e-007 0.0416584 7.51958e-007 
1e-040 1e-040 0.04096 6.2688e-011 1e-040 1e-040 1e-040 1e-040 7.45521e-011 0.154387 1e-040 1.31464e-008 0.452809 4.10492e-009 1.64781e-009 0.108137 0.00331739 0.0556155 1e-040 1e-040 0.000906673 0.0791472 1e-040 1e-040 0.0228865 0.000123384 0.000558648 0.000640951 1e-040 1.0363e-006 0.0805025 7.23998e-006 
1e-040 1e-040 0.01024 6.74929e-010 1e-040 1e-040 1e-040 1e-040 7.64159e-010 0.110704 1e-040 1.08164e-007 0.280922 3.79442e-008 1.48501e-008 0.160581 0.0115143 0.139367 1e-040 1e-040 0.00363938 0.133606 1e-040 1e-040 0.046657 0.000618561 0.00215559 0.00282914 1e-040 6.56322e-006 0.0971138 4.60223e-005 
1e-040 1e-040 5.2093e-005 0.0310078 2.22045e-016 1e-040 1e-040 1e-040 0.00775194 0.0583716 1e-040 0.0465116 0.0237028 0.0697674 0.0232558 0.0494339 0.0381585 0.100336 1e-040 1e-040 0.0463292 0.0368888 1e-040 1e-040 0.0124874 0.069738 0.0153947 0.116141 1e-040 0.00775164 0.138395 0.108525 


2.70161e-229

10 14 13 13 13 3 10 13 13 13 13 10 13 13 13 10 31 31 16 16 22 16 22 16 22 22 25 25 18 18 18 18 18 18 18 18 18 18 18 18 18 18 17 17 17 17 17 27 21 21 21 27 28 28 28 28 28 28 21 26 21 21 26 26 26 26 26 28 28 28 28 28 28 28 32 28 32 28 30 32 32 32 32 26 32 31 31 31 32 32 32 22 32 32 26 32 22 16 32 31 12 31 31 31 31 31 16 16 31 26 15 14 14 14 13 14 12 16 31 31 31 31 31 14 14 9 31 10 12 31 4 4 10 4 12 12 15 10 10 10 12 14 10 10 13 15 14 14 4 4 
1 2 3 4 5 5 5 5 5 5 5 5 5 5 5 5 5 5 5 5 5 5 5 5 5 5 5 5 5 5 5 5 5 5 5 5 5 5 5 5 5 5 5 5 5 5 5 5 5 5 5 5 5 5 5 5 5 5 5 5 5 5 5 5 5 5 5 5 5 5 5 5 5 5 5 5 5 5 5 5 5 5 5 5 5 5 5 5 5 5 5 5 5 5 5 5 5 5 5 5 5 5 5 5 5 5 5 5 5 5 5 5 5 5 5 5 5 5 5 5 5 5 5 5 5 5 5 5 5 5 5 5 5 5 5 5 5 5 5 5 5 5 5 5 5 5 5 5 5 5 