1 0 0 0 0 

0.916667 0.0833333 0 0 0 
0 0 1 0 0 
0 0 0.924782 0.0752175 0 
0 0 0 0.955957 0.0440427 
0 0 0 0 1 


1e-040 2.34788e-121 1e-040 1e-040 1e-040 1.39878e-081 0.916667 1e-040 1e-040 1e-040 1e-040 1e-040 1e-040 0.0833333 1e-040 1e-040 1e-040 1e-040 1e-040 1e-040 1e-040 1e-040 1e-040 1e-040 1e-040 1e-040 1e-040 1e-040 1e-040 1e-040 1e-040 1e-040 
1e-040 1.67853e-080 1e-040 1e-040 1e-040 1 1.0027e-161 1e-040 1e-040 1e-040 1e-040 1e-040 1e-040 1e-040 1e-040 1e-040 1.14472e-199 1e-040 1e-040 1e-040 1e-040 1e-040 1e-040 1e-040 1e-040 1e-040 1e-040 1e-040 1e-040 1e-040 1e-040 1e-040 
3.85568e-053 0.590531 2.22045e-016 1e-040 1e-040 7.54203e-163 1e-040 1e-040 1e-040 1e-040 1e-040 1e-040 1e-040 1e-040 1e-040 1e-040 0.409469 1e-040 1e-040 1e-040 1e-040 1e-040 1e-040 1e-040 1e-040 1e-040 1e-040 1e-040 1e-040 1e-040 1e-040 1e-040 
0.176171 0.0506064 0.0440427 1.11022e-016 1e-040 1e-040 1e-040 1e-040 1e-040 5.70201e-130 1e-040 1e-040 1e-040 1e-040 2.58076e-184 1e-040 0.72918 1e-040 1e-040 1e-040 1e-040 1e-040 1e-040 1e-040 1e-040 1e-040 1e-040 1e-040 2.10867e-017 1e-040 1e-040 1e-040 
1.03747e-040 1e-040 0.0337079 0.134831 1e-040 1e-040 1e-040 1e-040 0.011236 0.134831 1e-040 0.303371 1e-040 0.0674157 0.101124 1e-040 0.011236 1e-040 1e-040 1e-040 1e-040 0.0224719 1e-040 1e-040 1e-040 1e-040 1e-040 1e-040 0.101124 1e-040 0.0786517 1e-040 


5.94776e-099

7 7 7 7 7 7 7 14 7 7 7 7 6 2 2 2 17 2 17 2 2 17 17 17 2 2 17 17 1 1 1 2 3 17 17 17 17 17 17 17 17 17 17 17 17 17 17 17 1 29 10 29 15 15 15 29 15 14 4 15 22 15 15 17 3 29 12 29 29 29 29 29 12 31 12 12 12 22 12 12 12 12 12 12 12 31 31 12 12 12 10 12 10 10 12 12 4 12 14 14 12 12 12 31 4 10 10 4 4 4 3 12 4 31 9 14 31 12 4 31 10 10 12 12 4 4 15 4 10 12 4 10 15 14 14 10 10 3 15 
1 1 1 1 1 1 1 1 1 1 1 1 2 3 3 3 3 3 3 3 3 3 3 3 3 3 4 4 4 4 4 4 4 4 4 4 4 4 4 4 4 4 4 4 4 4 4 4 4 5 5 5 5 5 5 5 5 5 5 5 5 5 5 5 5 5 5 5 5 5 5 5 5 5 5 5 5 5 5 5 5 5 5 5 5 5 5 5 5 5 5 5 5 5 5 5 5 5 5 5 5 5 5 5 5 5 5 5 5 5 5 5 5 5 5 5 5 5 5 5 5 5 5 5 5 5 5 5 5 5 5 5 5 5 5 5 5 5 5 