1 0 0 0 0 

0.818549 0.181451 0 0 0 
0 0.904661 0.0953392 0 0 
0 0 0.666667 0.333333 0 
0 0 0 0.973349 0.0266508 
0 0 0 0 1 


-2.24474e-018 1e-040 0.544352 1e-040 1e-040 1e-040 1e-040 1e-040 0.274197 1e-040 1e-040 1e-040 1.5138e-235 0.181451 1e-040 1e-040 1e-040 1e-040 1e-040 1e-040 1e-040 1e-040 1e-040 1e-040 1e-040 1e-040 1e-040 1e-040 1e-040 1e-040 1e-040 1e-040 
0.476696 1e-040 1.21711e-234 1e-040 1e-040 1e-040 1e-040 1e-040 0.237286 1e-040 1e-040 1e-040 0.286018 1e-040 1e-040 1e-040 1e-040 6.17492e-205 1e-040 1e-040 1e-040 1e-040 1e-040 1e-040 1.51682e-165 1e-040 1e-040 1e-040 1e-040 1e-040 1e-040 1e-040 
1.48808e-066 1e-040 1e-040 1e-040 1e-040 1e-040 1e-040 1e-040 7.2135e-236 1e-040 1e-040 1e-040 1e-040 1e-040 1e-040 2.56796e-048 1e-040 0.333333 1e-040 1e-040 1e-040 1e-040 1e-040 1e-040 0.666667 2.02876e-134 1e-040 1e-040 1e-040 1e-040 1e-040 1e-040 
1e-040 1e-040 0.0266508 4.44089e-016 1e-040 1e-040 1e-040 1e-040 1e-040 1e-040 -0.0173387 -7.55703e-183 1e-040 1e-040 1e-040 0.377719 1e-040 1e-040 1e-040 1e-040 1e-040 1e-040 0.399762 0.0533016 3.21861e-079 0.159905 1e-040 1e-040 1e-040 1e-040 1e-040 1e-040 
1e-040 1e-040 0.10314 0.0825122 2.22045e-016 1e-040 1e-040 1e-040 0.123768 0.144396 0.0340484 0.144396 0.0412561 0.10314 0.0412561 0.0170617 1e-040 1e-040 1e-040 1e-040 1e-040 1e-040 1.20525e-178 1e-040 1e-040 1e-040 1e-040 1e-040 1e-040 1e-040 0.165024 1e-040 


0

14 9 3 3 3 9 1 1 13 13 1 9 13 1 9 1 25 18 25 16 26 26 26 3 26 23 23 23 23 23 23 24 26 26 24 16 16 23 23 23 23 23 23 23 23 23 16 16 16 16 16 16 16 16 16 16 16 11 12 12 31 16 31 31 12 10 15 4 3 31 10 12 4 12 12 12 31 9 31 31 31 10 14 3 9 13 10 3 14 10 10 14 14 10 9 9 9 13 4 4 15 3 3 14 9 3 
1 1 1 1 1 1 2 1 1 1 1 1 1 1 1 1 1 1 1 1 1 1 1 1 1 1 1 1 1 1 1 1 1 1 1 1 1 1 1 1 1 1 1 1 1 1 1 1 1 1 1 1 1 1 1 1 1 1 1 1 1 1 1 1 1 1 1 1 1 1 1 1 1 1 1 1 1 1 1 1 1 1 1 1 1 1 1 1 1 1 1 1 1 1 1 1 1 1 1 1 1 1 1 1 1 1 