1 0 0 0 0 

0.8 0.2 0 0 0 
0 0.8 0.2 0 0 
0 0 0.8 0.2 0 
0 0 0 0.8 0.2 
0 0 0 0 1 


0.871123 0.0524288 3.97229e-007 2.24078e-007 1e-040 1e-040 1e-040 1e-040 5.11939e-007 2.44235e-006 1.55289e-008 9.93851e-009 0.0214749 1.0784e-008 0.0109951 1e-040 1e-040 1e-040 1e-040 1e-040 1e-040 3.53369e-009 0.0131651 0.0308059 3.56812e-006 1e-040 1e-040 1e-040 1e-040 1e-040 1.73243e-008 1e-040 
0.634052 0.0786432 5.91432e-006 3.78532e-006 1e-040 1e-040 1e-040 1e-040 7.523e-006 3.596e-005 2.96775e-007 1.94905e-007 0.0536885 2.022e-007 0.0357346 1e-040 1e-040 1e-040 1e-040 1e-040 1e-040 7.06739e-008 0.0533239 0.14446 4.37095e-005 1e-040 1e-040 1e-040 1e-040 1e-040 3.18065e-007 1e-040 
0.388989 0.049152 4.3398e-005 3.15835e-005 1e-040 1e-040 1e-040 1e-040 5.44789e-005 0.000260951 2.79887e-006 1.88687e-006 0.0604091 1.87035e-006 0.0536057 1e-040 1e-040 1e-040 1e-040 1e-040 1e-040 6.97905e-007 0.110299 0.336882 0.000262257 1e-040 1e-040 1e-040 1e-040 1e-040 2.88369e-006 1e-040 
0.196863 0.016384 0.000209364 0.000173604 1e-040 1e-040 1e-040 1e-040 0.000259309 0.00124441 1.73649e-005 1.20211e-005 0.0403254 1.13779e-005 0.0491615 1e-040 1e-040 1e-040 1e-040 1e-040 1e-040 4.53638e-006 0.16569 0.5286 0.00102717 1e-040 1e-040 1e-040 1e-040 1e-040 1.72166e-005 1e-040 
0.0310349 0.000206829 0.0487647 0.134134 2.22045e-016 1e-040 1e-040 1e-040 0.0365657 0.170638 0.024389 0.0243894 0.0258599 0.0121943 0.0518599 1e-040 1e-040 1e-040 1e-040 1e-040 1e-040 0.0121948 0.174239 0.217028 0.0121136 1e-040 1e-040 1e-040 1e-040 1e-040 0.024389 1e-040 


1.49167e-158

1 1 1 1 1 1 2 1 1 1 13 1 1 15 23 24 24 24 23 24 24 24 24 24 24 24 24 24 24 23 24 24 23 24 23 24 24 23 23 23 23 24 23 23 24 24 24 24 23 25 23 23 23 23 1 1 10 10 9 3 10 10 10 10 10 4 13 10 4 4 9 4 15 31 3 14 11 11 12 12 22 15 15 13 4 4 4 4 3 31 4 15 10 10 10 9 10 10 4 10 4 3 10 
1 2 3 4 5 5 5 5 5 5 5 5 5 5 5 5 5 5 5 5 5 5 5 5 5 5 5 5 5 5 5 5 5 5 5 5 5 5 5 5 5 5 5 5 5 5 5 5 5 5 5 5 5 5 5 5 5 5 5 5 5 5 5 5 5 5 5 5 5 5 5 5 5 5 5 5 5 5 5 5 5 5 5 5 5 5 5 5 5 5 5 5 5 5 5 5 5 5 5 5 5 5 5 