1 0 0 0 0 

0.818951 0.181049 0 0 0 
0 0.88231 0.11769 0 0 
0 0 0.87469 0.12531 0 
0 0 0 0.956521 0.0434791 
0 0 0 0 1 


0.180545 1e-040 3.55389e-014 1e-040 1e-040 1e-040 1e-040 1e-040 2.36072e-090 1.96466e-129 1e-040 1e-040 0.457561 0.361894 1e-040 1e-040 1e-040 1e-040 1e-040 1e-040 1e-040 1e-040 1e-040 1e-040 1.03007e-205 1e-040 1e-040 1e-040 1e-040 1e-040 1e-040 1e-040 
0.00317855 3.33067e-016 0.470761 1e-040 1e-040 1e-040 1e-040 1e-040 0.11769 0.11769 1e-040 1e-040 0.172857 0.117823 1e-040 1e-040 1e-040 1e-040 1e-040 1e-040 1e-040 1e-040 1e-040 1e-040 2.24021e-041 1e-040 1e-040 1e-040 1e-040 1e-040 1e-040 1e-040 
0.122275 1e-040 0.25062 1e-040 1e-040 1e-040 1e-040 1e-040 0.12531 2.81567e-018 1e-040 1e-040 0.00049916 2.0531e-106 0.12531 1e-040 1e-040 1e-040 1e-040 1e-040 1e-040 1e-040 1e-040 1.44299e-161 0.375929 5.74986e-005 1e-040 1e-040 1e-040 1e-040 1e-040 1e-040 
1e-040 1e-040 7.62415e-207 1e-040 1e-040 1e-040 1e-040 1e-040 1e-040 1e-040 1e-040 5.69125e-206 1e-040 1e-040 1.94764e-009 1.24431e-019 1e-040 1e-040 1e-040 1e-040 1e-040 1e-040 0.782624 0.0869583 1.5057e-088 0.130417 1e-040 1e-040 1e-040 1e-040 1e-040 1e-040 
0.057971 1e-040 0.0434783 0.115942 1.11022e-016 1e-040 1e-040 0.0289855 0.057971 0.0289855 0.0144928 0.15942 1e-040 0.057971 0.0289855 0.217391 1e-040 1e-040 1e-040 1e-040 1e-040 1e-040 3.33541e-035 1e-040 1e-040 1e-040 1e-040 1e-040 1e-040 1e-040 0.188406 1e-040 


1.50817e-092

13 14 14 1 13 13 3 3 3 3 14 9 10 13 1 25 25 3 9 3 25 15 26 26 26 24 23 23 23 23 23 23 23 23 23 24 23 23 23 23 23 23 23 23 23 16 16 16 16 16 16 16 15 16 16 12 31 16 16 11 12 12 31 12 16 16 12 12 31 31 31 16 16 12 31 31 31 31 31 12 31 31 31 12 4 14 14 12 12 14 3 3 3 15 10 1 8 8 1 4 4 4 4 9 4 4 4 1 14 1 10 9 9 9 1 
1 1 1 1 1 1 2 2 2 2 2 2 2 2 3 3 3 3 3 3 3 3 4 4 4 4 4 4 4 4 4 4 4 4 4 4 4 4 4 4 4 4 4 4 4 5 5 5 5 5 5 5 5 5 5 5 5 5 5 5 5 5 5 5 5 5 5 5 5 5 5 5 5 5 5 5 5 5 5 5 5 5 5 5 5 5 5 5 5 5 5 5 5 5 5 5 5 5 5 5 5 5 5 5 5 5 5 5 5 5 5 5 5 5 5 