1 0 0 0 0 

0.874069 0.125931 0 0 0 
0 0.772477 0.227523 0 0 
0 0 0.903548 0.0964515 0 
0 0 0 0.919226 0.0807736 
0 0 0 0 1 


1.11022e-016 1e-040 0.370345 0.125931 1e-040 1e-040 1e-040 1e-040 0.251862 2.55437e-008 1e-040 4.10143e-044 1e-040 6.85391e-187 0.251862 1e-040 1e-040 1e-040 1e-040 1e-040 1e-040 1e-040 1e-040 1e-040 1e-040 1e-040 1e-040 1e-040 1e-040 1e-040 1e-040 1e-040 
1e-040 2.22045e-016 0.0134569 2.0931e-133 1e-040 1e-040 8.17214e-074 6.86702e-012 1.25279e-053 0.455022 1e-040 0.227523 1e-040 0.227523 2.93046e-014 1e-040 1e-040 1e-040 1e-040 1e-040 1e-040 1e-040 1e-040 1e-040 1e-040 1e-040 1e-040 1e-040 1e-040 1e-040 0.0764749 1e-040 
1e-040 1e-040 8.44337e-170 1e-040 1e-040 1.12052e-017 0.839506 0.0964515 1e-040 1.01521e-005 1e-040 1.70079e-053 1e-040 6.42155e-018 1e-040 1e-040 1e-040 1e-040 1e-040 1e-040 1e-040 1e-040 1e-040 1e-040 1e-040 1e-040 1e-040 1e-040 1e-040 1e-040 0.0640323 1e-040 
1e-040 0.00775525 1e-040 -2.22045e-016 1e-040 0.806782 0.185463 1.46981e-029 1e-040 6.83893e-162 1e-040 1e-040 1e-040 1e-040 1e-040 1e-040 3.16946e-062 1e-040 1e-040 1e-040 1e-040 1e-040 1e-040 1e-040 1e-040 1e-040 1e-040 1e-040 1e-040 1e-040 6.65743e-114 1e-040 
0.0187063 0.0926335 0.00935315 0.130944 -2.22045e-016 0.00946371 3.33274e-083 1e-040 0.00935315 0.130944 1e-040 0.17771 1e-040 0.102885 0.0935315 1e-040 0.112238 1e-040 1e-040 1e-040 1e-040 0.0374126 1e-040 1e-040 0.0467658 1e-040 1e-040 1e-040 0.00935315 1e-040 0.0187063 1e-040 


4.91459e-129

15 4 3 9 9 15 3 3 10 12 14 10 31 8 7 7 7 7 7 7 7 7 7 6 6 6 6 6 6 7 7 6 6 6 6 2 2 2 2 2 2 2 2 6 2 2 17 17 17 29 25 17 17 17 17 17 17 25 25 25 25 17 17 1 1 17 9 15 15 3 15 15 22 22 15 15 12 22 22 12 12 12 12 12 4 15 15 10 10 4 12 12 12 12 12 14 12 12 12 12 12 12 10 10 4 10 10 10 10 14 10 14 12 4 4 4 31 14 4 4 10 31 14 12 4 4 14 14 10 14 15 4 4 10 10 10 4 14 15 4 14 14 3 
1 1 1 1 1 1 1 1 2 2 2 2 3 3 3 3 3 3 3 3 3 3 3 4 4 4 4 4 4 4 4 4 4 4 4 5 5 5 5 5 5 5 5 5 5 5 5 5 5 5 5 5 5 5 5 5 5 5 5 5 5 5 5 5 5 5 5 5 5 5 5 5 5 5 5 5 5 5 5 5 5 5 5 5 5 5 5 5 5 5 5 5 5 5 5 5 5 5 5 5 5 5 5 5 5 5 5 5 5 5 5 5 5 5 5 5 5 5 5 5 5 5 5 5 5 5 5 5 5 5 5 5 5 5 5 5 5 5 5 5 5 5 5 