1 0 0 0 0 

0.8 0.2 0 0 0 
0 0.8 0.2 0 0 
0 0 0.8 0.2 0 
0 0 0 0.8 0.2 
0 0 0 0 1 


0.0335544 0.08192 0.615717 0.136796 1e-040 1e-040 1e-040 1e-040 0.0419434 0.00131806 5.67854e-005 0.000386856 0.018237 0.0177505 0.044027 1e-040 1.6296e-008 1e-040 1e-040 1e-040 1e-040 1e-040 1e-040 1e-040 0.00703688 0.000158458 1e-040 1e-040 3.89599e-008 7.11172e-007 0.00109674 1e-040 
0.067109 0.08192 0.380475 0.0947865 1e-040 1e-040 1e-040 1e-040 0.073406 0.010675 0.000653164 0.00270799 0.0824608 0.0631601 0.107686 1e-040 3.29457e-007 1e-040 1e-040 1e-040 1e-040 1e-040 1e-040 1e-040 0.0263883 0.00126769 1e-040 1e-040 7.20886e-007 1.17231e-005 0.00729111 1e-040 
0.0587213 0.03072 0.254116 0.058029 1e-040 1e-040 1e-040 1e-040 0.0550912 0.042394 0.00370222 0.00913948 0.17914 0.114607 0.119716 1e-040 3.29051e-006 1e-040 1e-040 1e-040 1e-040 1e-040 1e-040 1e-040 0.0461801 0.00491253 1e-040 1e-040 6.581e-006 9.5328e-005 0.0234255 1e-040 
0.0293667 0.00512 0.161264 0.0500357 1e-040 1e-040 1e-040 1e-040 0.0231322 0.110211 0.0137935 0.0198022 0.24956 0.145687 0.0805539 1e-040 2.16447e-005 1e-040 1e-040 1e-040 1e-040 1e-040 1e-040 1e-040 0.0500325 0.0122831 1e-040 1e-040 3.95149e-005 0.000509816 0.0485884 1e-040 
0.0169937 0.00827769 0.0491086 0.0272873 1e-040 1e-040 1e-040 1e-040 0.025059 0.133694 0.106686 0.00694064 0.0607687 0.0437519 0.225125 1e-040 0.0495857 1e-040 1e-040 1e-040 1e-040 1e-040 1e-040 1e-040 0.0607588 0.0405528 1e-040 1e-040 0.0330559 0.0908836 0.021471 1e-040 


2.97046e-217

3 3 4 3 2 3 3 9 1 15 3 15 14 3 4 25 13 13 13 3 14 13 13 13 14 14 31 31 12 10 10 10 26 10 10 10 10 10 10 10 10 10 11 10 11 31 11 11 11 15 11 11 11 11 11 11 11 11 14 9 10 10 14 30 30 30 30 30 30 30 30 30 30 29 29 30 29 4 1 17 17 17 17 17 17 25 26 26 25 25 25 15 15 15 15 15 15 25 25 15 13 13 15 15 15 13 15 15 15 15 15 15 29 15 15 15 3 3 2 25 15 26 3 15 3 15 15 13 10 1 15 15 4 4 26 3 10 9 15 14 9 13 
1 2 3 4 5 5 5 5 5 5 5 5 5 5 5 5 5 5 5 5 5 5 5 5 5 5 5 5 5 5 5 5 5 5 5 5 5 5 5 5 5 5 5 5 5 5 5 5 5 5 5 5 5 5 5 5 5 5 5 5 5 5 5 5 5 5 5 5 5 5 5 5 5 5 5 5 5 5 5 5 5 5 5 5 5 5 5 5 5 5 5 5 5 5 5 5 5 5 5 5 5 5 5 5 5 5 5 5 5 5 5 5 5 5 5 5 5 5 5 5 5 5 5 5 5 5 5 5 5 5 5 5 5 5 5 5 5 5 5 5 5 5 