1 0 0 0 0 

0.8 0.2 0 0 0 
0 0.8 0.2 0 0 
0 0 0.8 0.2 0 
0 0 0 0.8 0.2 
0 0 0 0 1 


0.0299952 0.0721724 6.5934e-014 2.06506e-012 1e-040 1e-040 1e-040 1e-040 1e-040 0.000247588 1e-040 1.00368e-008 0.832228 0.060398 4.07674e-013 1e-040 0.00348511 1e-040 1e-040 1e-040 0.000497439 1e-040 1e-040 1e-040 1e-040 3.46584e-015 0.000158456 0.000332541 0.00048357 1e-040 3.55957e-009 1.90198e-006 
0.0955803 0.245336 2.21332e-012 6.01233e-011 1e-040 1e-040 1e-040 1e-040 1e-040 0.00185691 1e-040 1.97367e-007 0.496684 0.127507 1.24301e-011 1e-040 0.0211066 1e-040 1e-040 1e-040 0.00417135 1e-040 1e-040 1e-040 1e-040 1.23037e-013 0.00126765 0.00319641 0.0032641 1e-040 8.0579e-008 2.98918e-005 
0.161189 0.400418 3.68916e-011 8.67761e-010 1e-040 1e-040 1e-040 1e-040 1e-040 0.0067313 1e-040 1.91744e-006 0.203082 0.119118 1.88283e-010 1e-040 0.0614055 1e-040 1e-040 1e-040 0.0170461 1e-040 1e-040 1e-040 1e-040 2.16853e-012 0.00491215 0.0152545 0.0106083 1e-040 9.03596e-007 0.000232185 
0.199433 0.420634 4.07088e-010 8.2778e-009 1e-040 1e-040 1e-040 1e-040 1e-040 0.0157064 1e-040 1.22721e-005 0.0562816 0.0645924 1.88771e-009 1e-040 0.114248 1e-040 1e-040 1e-040 0.0452347 1e-040 1e-040 1e-040 1e-040 2.52995e-011 0.0122804 0.0482813 0.0221007 1e-040 6.6931e-006 0.00118896 
0.0276668 0.0256372 0.0387597 0.0232558 1e-040 1e-040 1e-040 1e-040 1e-040 0.0455604 1e-040 0.0697669 0.0159583 0.0708676 0.0310078 1e-040 0.0232463 1e-040 1e-040 1e-040 0.0361647 1e-040 1e-040 1e-040 1e-040 0.00775194 0.00703029 0.167943 0.00633889 1e-040 0.20155 0.201494 


2.70161e-229

13 13 13 13 13 13 13 13 14 14 1 2 2 2 2 2 2 1 2 2 2 1 1 17 17 17 17 29 1 1 10 21 27 28 21 21 21 21 28 28 28 28 28 28 28 28 28 28 28 28 28 28 28 28 28 28 28 28 28 32 32 32 32 32 32 32 32 32 32 32 32 32 32 32 32 32 32 32 12 12 32 32 32 32 32 32 32 31 31 31 31 31 31 31 31 31 31 31 12 31 31 31 12 14 14 31 31 31 31 12 31 14 10 12 31 31 4 4 31 12 10 15 14 12 31 31 31 10 14 10 10 31 3 15 14 3 3 13 13 14 14 15 26 3 14 12 15 3 4 13 
1 2 3 4 5 5 5 5 5 5 5 5 5 5 5 5 5 5 5 5 5 5 5 5 5 5 5 5 5 5 5 5 5 5 5 5 5 5 5 5 5 5 5 5 5 5 5 5 5 5 5 5 5 5 5 5 5 5 5 5 5 5 5 5 5 5 5 5 5 5 5 5 5 5 5 5 5 5 5 5 5 5 5 5 5 5 5 5 5 5 5 5 5 5 5 5 5 5 5 5 5 5 5 5 5 5 5 5 5 5 5 5 5 5 5 5 5 5 5 5 5 5 5 5 5 5 5 5 5 5 5 5 5 5 5 5 5 5 5 5 5 5 5 5 5 5 5 5 5 5 