1 0 0 0 0 

0.8 0.2 0 0 0 
0 0.75 0.25 0 0 
0 0 0.820343 0.179657 0 
0 0 0 0.973 0.0270001 
0 0 0 0 1 


8.66258e-096 1 1e-040 1e-040 1e-040 1e-040 1e-040 1e-040 1e-040 1e-040 1e-040 1e-040 1e-040 1e-040 1e-040 1e-040 1e-040 9.50873e-015 1e-040 1e-040 1e-040 1e-040 1e-040 1e-040 1e-040 1e-040 1e-040 1e-040 1e-040 1e-040 1e-040 1e-040 
0.75 -9.31301e-120 1e-040 1e-040 1e-040 1e-040 1e-040 1e-040 1e-040 1e-040 1e-040 1e-040 3.37238e-112 1e-040 1e-040 1e-040 1e-040 0.25 1e-040 1e-040 1e-040 1e-040 1e-040 1e-040 1e-040 1e-040 1e-040 1e-040 1e-040 1e-040 1e-040 1e-040 
2.02815e-111 1e-040 1e-040 1e-040 1e-040 1e-040 1e-040 1e-040 1e-040 1e-040 1e-040 1e-040 0.898285 1e-040 0.101715 1e-040 1e-040 1e-040 1e-040 1e-040 1e-040 1e-040 2.69828e-116 1e-040 1e-040 1e-040 1e-040 1e-040 1e-040 1e-040 1e-040 1e-040 
5.7345e-224 1e-040 3.50833e-185 -2.22045e-016 1e-040 1e-040 1e-040 1e-040 1e-040 1e-040 1e-040 1e-040 1.90778e-129 1e-040 0.0657139 1e-040 1e-040 1e-040 1e-040 1e-040 1e-040 1e-040 0.351001 0.513002 0.0270001 0.0432832 1e-040 1e-040 1e-040 1e-040 1e-040 1e-040 
0.0595274 0.0198425 0.138897 1e-040 1e-040 1e-040 1e-040 1e-040 0.138897 0.257952 1e-040 0.0793699 0.0992124 0.0992124 0.0198425 1e-040 0.0198425 1e-040 1e-040 1e-040 1e-040 1e-040 9.44374e-095 1e-040 1e-040 0.0277185 1e-040 1e-040 1e-040 1e-040 0.039685 1e-040 


2.47851e-074

2 2 2 2 2 18 1 1 1 13 13 13 13 13 15 23 23 23 23 23 23 23 23 23 23 24 24 24 26 24 24 24 24 24 24 24 24 24 24 24 24 24 24 24 24 23 15 15 25 23 23 26 3 1 17 1 9 9 10 10 31 3 10 15 12 12 12 9 31 10 10 10 12 10 10 10 10 14 9 10 10 9 14 3 2 3 13 13 10 14 14 9 26 3 13 14 9 3 3 13 1 13 9 
1 1 1 1 1 2 2 2 2 3 3 3 3 3 3 4 4 4 4 4 4 4 4 4 4 4 4 4 4 4 4 4 4 4 4 4 4 4 4 4 4 4 4 4 4 4 4 4 4 4 4 4 5 5 5 5 5 5 5 5 5 5 5 5 5 5 5 5 5 5 5 5 5 5 5 5 5 5 5 5 5 5 5 5 5 5 5 5 5 5 5 5 5 5 5 5 5 5 5 5 5 5 5 