1 0 0 0 0 

0.873037 0.126963 0 0 0 
0 0.757401 0.242599 0 0 
0 0 0.899006 0.100994 0 
0 0 0 0.919158 0.0808419 
0 0 0 0 1 


0.253773 0.0669787 0.411327 1e-040 1e-040 1e-040 1e-040 1e-040 1e-040 1e-040 1e-040 1e-040 0.140958 0.126963 1e-040 1e-040 1e-040 1e-040 3.3629e-042 1e-040 1e-040 1e-040 1e-040 1e-040 1e-040 1e-040 1e-040 1e-040 1e-040 1e-040 1e-040 1e-040 
0.000294018 0.114618 0.18444 1e-040 1e-040 1e-040 1e-040 1e-040 1e-040 1e-040 1e-040 1e-040 0.700647 2.04887e-015 1e-040 1e-040 1e-040 3.28879e-233 8.7522e-007 1e-040 1e-040 1e-040 1e-040 1e-040 1e-040 1e-040 1e-040 1e-040 1e-040 1e-040 1e-040 1e-040 
2.03583e-098 2.94147e-061 1.6337e-027 1e-040 1e-040 1e-040 1e-040 1e-040 1e-040 1e-040 1e-040 1e-040 0.000170772 1.24838e-126 1e-040 1e-040 2.23854e-094 1.13094e-006 0.999828 1e-040 1e-040 1e-040 1e-040 1e-040 1e-040 1e-040 1e-040 1e-040 1e-040 1e-040 1e-040 -2.22045e-016 
0.161684 0.0808366 2.71737e-005 3.33067e-016 1e-040 1e-040 1e-040 1e-040 1e-040 1e-040 1e-040 1e-040 0.0217819 1e-040 8.23492e-217 1e-040 0.0808419 0.404209 0.0889362 1e-040 2.50166e-016 1e-040 1e-040 1e-040 0.161684 5.40607e-124 1e-040 1e-040 7.02752e-048 1e-040 1e-040 1e-040 
3.95134e-105 1.35038e-006 0.0615565 0.18469 1.11022e-016 1e-040 1e-040 1e-040 0.102606 0.164169 1e-040 0.0615633 0.0560342 0.0615633 0.143648 1e-040 1e-040 1e-040 1e-040 1e-040 0.0615633 1e-040 1e-040 1e-040 5.2377e-022 0.0205211 1e-040 1e-040 0.0410422 1e-040 0.0410422 1e-040 


6.01622e-071

13 3 14 3 1 1 3 2 3 13 13 13 19 19 19 19 19 19 19 19 19 19 18 18 18 19 18 18 17 1 1 25 25 2 13 3 21 29 26 21 21 29 15 15 15 4 4 10 3 12 31 13 13 10 3 4 10 10 10 4 15 10 15 15 10 10 12 14 14 4 31 9 9 9 9 4 9 4 4 4 12 15 14 14 
1 1 1 1 1 1 1 2 2 2 2 2 3 3 3 3 3 3 3 3 3 3 4 4 4 4 4 4 4 4 4 4 4 4 5 5 5 5 5 5 5 5 5 5 5 5 5 5 5 5 5 5 5 5 5 5 5 5 5 5 5 5 5 5 5 5 5 5 5 5 5 5 5 5 5 5 5 5 5 5 5 5 5 5 