1 0 0 0 0 

0.792707 0.207293 0 0 0 
0 0.914683 0.085317 0 0 
0 0 0.775302 0.224698 0 
0 0 0 0.960376 0.0396241 
0 0 0 0 1 


1e-040 1e-040 1.45175e-010 1e-040 1e-040 1e-040 1e-040 1e-040 3.65685e-036 0.371935 1e-040 0.32226 1e-040 0.207293 1e-040 1e-040 1e-040 1e-040 1e-040 1e-040 1e-040 1e-040 1e-040 1e-040 1e-040 1e-040 1e-040 1e-040 1e-040 1e-040 0.0985132 1e-040 
1e-040 1e-040 0.085317 1e-040 1e-040 1e-040 1e-040 1e-040 0.085317 0.44346 1e-040 0.170504 1e-040 0.085317 1e-040 1.81829e-011 1e-040 1e-040 1e-040 1e-040 1e-040 1.00627e-050 1e-040 1e-040 1e-040 1e-040 1e-040 1e-040 1e-040 1e-040 0.130085 1e-040 
1e-040 1e-040 2.22045e-016 1e-040 1e-040 1e-040 1e-040 1e-040 1.45209e-015 0.00178851 1e-040 0.10042 1e-040 1.55163e-009 1e-040 0.224698 1e-040 4.82524e-033 1e-040 1e-040 1e-040 0.673086 1e-040 1e-040 1e-040 1e-040 1e-040 1e-040 1e-040 1e-040 7.65007e-006 1e-040 
1e-040 1e-040 1e-040 2.22045e-016 1e-040 1e-040 1e-040 1e-040 1e-040 3.9672e-119 1e-040 6.39902e-040 1e-040 1e-040 1e-040 1.91026e-010 0.00921858 0.792483 1e-040 1e-040 6.56656e-033 0.198299 1e-040 1e-040 1e-040 1e-040 1e-040 7.82836e-218 1e-040 1e-040 1e-040 1e-040 
1e-040 1e-040 0.0115251 0.0461003 1.11022e-016 1e-040 1e-040 1e-040 0.0922006 0.0806755 1e-040 0.0922006 0.0115251 0.0691504 0.0115251 0.0115251 0.0203688 4.61549e-014 1e-040 1e-040 0.368802 0.0461003 1e-040 1e-040 1e-040 0.0230501 1e-040 0.0230501 1e-040 1e-040 0.0576254 0.0345752 


5.49669e-109

14 10 12 12 31 10 10 10 10 10 12 3 9 14 31 10 12 16 22 22 22 22 22 22 22 22 18 18 18 18 18 18 18 18 18 18 18 18 18 18 18 18 18 18 18 18 17 17 21 21 21 21 21 21 28 28 21 21 21 21 26 21 21 21 21 21 21 21 21 21 21 21 21 21 21 21 21 21 22 21 32 32 22 22 21 21 21 21 26 31 4 15 22 31 16 32 31 31 31 10 4 12 12 12 12 14 10 10 9 9 9 14 14 12 12 12 14 14 12 4 4 13 10 10 10 9 9 14 9 10 3 9 9 9 
1 1 1 1 2 2 2 2 2 2 2 2 2 2 2 2 2 3 4 4 4 4 4 4 4 4 4 4 4 4 4 4 4 4 4 4 4 4 4 4 4 4 4 4 4 4 5 5 5 5 5 5 5 5 5 5 5 5 5 5 5 5 5 5 5 5 5 5 5 5 5 5 5 5 5 5 5 5 5 5 5 5 5 5 5 5 5 5 5 5 5 5 5 5 5 5 5 5 5 5 5 5 5 5 5 5 5 5 5 5 5 5 5 5 5 5 5 5 5 5 5 5 5 5 5 5 5 5 5 5 5 5 5 5 