1 0 0 0 0 

0.913955 0.0860453 0 0 0 
0 0.814071 0.185929 0 0 
0 0 0.833328 0.166672 0 
0 0 0 0.937541 0.062459 
0 0 0 0 1 


1e-040 1e-040 0.397689 1e-040 1e-040 1e-040 1e-040 1e-040 1e-040 3.78113e-209 1e-040 1e-040 0.602311 9.58925e-014 1e-040 1e-040 1e-040 1e-040 1e-040 1e-040 1e-040 1e-040 1e-040 1e-040 1e-040 1e-040 1e-040 1e-040 1e-040 1e-040 1e-040 1e-040 
1e-040 1.11022e-016 0.814025 1e-040 1e-040 1e-040 1e-040 1e-040 1e-040 3.44584e-005 1e-040 5.18058e-232 1.17127e-005 0.185929 1e-040 1e-040 1e-040 1e-040 1e-040 1e-040 1e-040 1e-040 1e-040 1e-040 1e-040 1e-040 1e-040 1e-040 1e-040 1e-040 6.23134e-053 1e-040 
1e-040 1e-040 2.52353e-007 1e-040 1e-040 1e-040 1e-040 1e-040 1e-040 0.166641 1e-040 0.500014 8.61968e-143 2.10892e-091 1e-040 2.19634e-014 1e-040 1e-040 1e-040 1e-040 1e-040 1e-040 6.86366e-067 1e-040 1e-040 1e-040 1e-040 1e-040 1e-040 1e-040 0.333344 1e-040 
1e-040 1e-040 6.46241e-192 2.22045e-016 1e-040 1e-040 1e-040 1e-040 1e-040 4.56781e-152 1e-040 8.75853e-007 1e-040 1e-040 1e-040 0.124918 1e-040 3.60753e-107 0.000654568 0.499672 1e-040 1e-040 0.374754 1e-040 1e-040 1e-040 1e-040 1e-040 1e-040 1e-040 8.77269e-062 1e-040 
0.0149277 0.0298554 0.149277 0.0895662 -2.22045e-016 1e-040 1e-040 1e-040 0.0597108 0.0298554 1e-040 0.0149277 0.0746385 0.0746385 0.0298554 1e-040 1e-040 0.0895662 0.0446267 3.67673e-019 0.0149277 1e-040 1e-040 1e-040 0.268699 0.0149277 1e-040 1e-040 1e-040 1e-040 1e-040 1e-040 


8.55831e-089

3 13 13 13 3 3 13 13 13 3 13 3 3 14 3 3 3 10 31 31 12 12 12 16 16 23 23 23 23 23 23 20 20 20 20 20 20 20 20 19 19 19 18 18 18 18 18 18 25 25 25 25 25 25 25 25 25 21 26 25 25 15 25 25 25 25 25 3 3 2 2 25 25 3 9 14 3 3 13 14 4 3 13 13 13 3 3 3 13 9 9 1 3 4 14 4 14 15 14 10 4 4 4 12 10 9 14 
1 1 1 1 1 1 1 1 1 1 1 2 2 2 2 2 2 3 3 3 3 3 3 4 4 4 4 4 4 4 4 4 4 4 4 4 4 4 4 5 5 5 5 5 5 5 5 5 5 5 5 5 5 5 5 5 5 5 5 5 5 5 5 5 5 5 5 5 5 5 5 5 5 5 5 5 5 5 5 5 5 5 5 5 5 5 5 5 5 5 5 5 5 5 5 5 5 5 5 5 5 5 5 5 5 5 5 