1 0 0 0 0 

0.888889 0.111111 0 0 0 
0 0.75 0.25 0 0 
0 0 0.666667 0.333333 0 
0 0 0 0.958297 0.0417034 
0 0 0 0 1 


0.444444 1e-040 1e-040 0.333333 1e-040 1e-040 1e-040 1e-040 0.111111 1e-040 1e-040 1e-040 2.21327e-138 1e-040 0.111111 1e-040 1e-040 1e-040 1e-040 1e-040 1e-040 1e-040 1e-040 1e-040 1e-040 1e-040 1e-040 1e-040 1e-040 1e-040 1e-040 1e-040 
3.72739e-194 1e-040 1e-040 4.34945e-032 1e-040 1e-040 1e-040 1e-040 1e-040 1e-040 1e-040 1e-040 1 1e-040 1e-040 1e-040 1e-040 2.66762e-014 1e-040 1e-040 1e-040 1e-040 1e-040 1e-040 5.02571e-143 1e-040 1e-040 1e-040 1e-040 1e-040 1e-040 1e-040 
1e-040 1e-040 0.333333 1e-040 1e-040 1e-040 1e-040 1e-040 1e-040 1e-040 1e-040 1e-040 2.45976e-081 1e-040 1e-040 1e-040 1e-040 0.333333 1e-040 1e-040 1e-040 1e-040 1e-040 1e-040 0.333333 3.65541e-072 1e-040 1e-040 1e-040 1e-040 1e-040 1e-040 
1e-040 1e-040 1.59878e-116 2.22045e-016 1e-040 1e-040 1e-040 1e-040 1e-040 1e-040 1e-040 1e-040 1e-040 1e-040 1e-040 1e-040 1e-040 1e-040 1e-040 1e-040 1e-040 1e-040 1.09201e-051 0.333627 1e-040 0.666373 1e-040 1e-040 1e-040 1e-040 1e-040 1e-040 
0.175625 0.0270193 1e-040 0.108077 1.11022e-016 1e-040 1e-040 1e-040 0.0810579 0.0270193 1e-040 0.175625 0.0540386 1e-040 0.040529 0.189135 1e-040 1e-040 1e-040 1e-040 1e-040 1e-040 0.0810579 2.59051e-077 1e-040 0.0137953 1e-040 1e-040 1e-040 1e-040 0.0270193 1e-040 


2.23171e-090

1 1 4 15 4 9 1 1 4 13 13 13 13 18 25 3 26 26 26 26 26 26 26 26 26 24 24 24 24 26 26 26 24 24 26 26 26 24 24 26 23 23 16 23 23 26 16 16 23 16 23 16 16 16 4 16 4 16 16 4 4 16 16 16 12 12 12 12 12 12 12 31 12 4 16 12 12 15 12 4 31 12 12 10 9 9 10 9 9 9 13 15 15 9 1 13 13 13 1 1 1 1 1 1 1 1 4 4 1 2 2 1 1 1 1 
1 1 1 1 1 1 1 1 1 2 2 2 2 3 3 3 4 4 4 4 4 4 4 4 4 4 4 4 4 4 4 4 4 4 4 4 4 4 4 4 5 5 5 5 5 5 5 5 5 5 5 5 5 5 5 5 5 5 5 5 5 5 5 5 5 5 5 5 5 5 5 5 5 5 5 5 5 5 5 5 5 5 5 5 5 5 5 5 5 5 5 5 5 5 5 5 5 5 5 5 5 5 5 5 5 5 5 5 5 5 5 5 5 5 5 