1 0 0 0 0 

0.8 0.2 0 0 0 
0 0.8 0.2 0 0 
0 0 0.8 0.2 0 
0 0 0 0.8 0.2 
0 0 0 0 1 


0.156267 0.0121115 0.0456916 5.60865e-012 1e-040 0.00159675 0.00357698 0.000675293 0.128 7.08626e-007 6.83516e-012 1.96159e-007 0.449241 0.164962 7.48289e-007 1e-040 1.25442e-005 1e-040 1e-040 1e-040 1e-040 1e-040 1e-040 1e-040 0.0378387 1e-040 1e-040 1e-040 2.4271e-005 1e-040 1e-040 1e-040 
0.1948 0.0592351 0.12732 1.57507e-010 1e-040 0.0119424 0.0221294 0.00512853 0.0640011 1.08084e-005 1.84549e-010 3.04047e-006 0.221741 0.197101 1.0476e-005 1e-040 0.000145652 1e-040 1e-040 1e-040 1e-040 1e-040 1e-040 1e-040 0.0961321 1e-040 1e-040 1e-040 0.000299393 1e-040 1e-040 1e-040 
0.122666 0.138164 0.165633 2.19561e-009 1e-040 0.0438035 0.06612 0.0194631 0.00800888 8.11061e-005 2.46835e-009 2.31836e-005 0.170464 0.148854 7.20229e-005 1e-040 0.00082748 1e-040 1e-040 1e-040 1e-040 1e-040 1e-040 1e-040 0.113999 1e-040 1e-040 1e-040 0.0018206 1e-040 1e-040 1e-040 
0.0688465 0.204534 0.134585 2.02582e-008 1e-040 0.105147 0.127164 0.0494918 4.81137e-005 0.000399139 2.18037e-008 0.000115918 0.0995424 0.115093 0.000324103 1e-040 0.00306548 1e-040 1e-040 1e-040 1e-040 1e-040 1e-040 1e-040 0.0843666 1e-040 1e-040 1e-040 0.00727741 1e-040 1e-040 1e-040 
0.0206045 0.0444124 0.00571037 0.045045 1e-040 0.109798 0.0441896 0.429065 0.0180154 0.0270049 0.00900901 0.0090026 0.0386942 0.0618914 0.0179997 1e-040 0.0178355 1e-040 1e-040 1e-040 1e-040 1e-040 1e-040 1e-040 0.0030479 1e-040 1e-040 1e-040 0.0986747 1e-040 1e-040 1e-040 


3.34444e-202

13 13 9 14 1 1 14 13 13 25 3 3 13 25 1 3 14 14 2 2 2 2 2 7 7 7 6 8 7 7 6 6 6 6 6 6 6 8 8 8 8 8 8 6 1 29 17 17 1 29 29 29 29 29 29 29 15 29 29 29 10 10 12 10 6 6 6 9 2 6 8 8 8 8 8 8 8 8 8 8 8 8 8 8 8 8 8 8 8 8 8 8 8 8 8 8 8 8 8 8 8 8 8 8 8 8 8 8 11 8 4 8 13 8 14 7 2 13 14 4 4 13 14 14 9 14 15 4 4 14 13 13 
1 2 3 4 5 5 5 5 5 5 5 5 5 5 5 5 5 5 5 5 5 5 5 5 5 5 5 5 5 5 5 5 5 5 5 5 5 5 5 5 5 5 5 5 5 5 5 5 5 5 5 5 5 5 5 5 5 5 5 5 5 5 5 5 5 5 5 5 5 5 5 5 5 5 5 5 5 5 5 5 5 5 5 5 5 5 5 5 5 5 5 5 5 5 5 5 5 5 5 5 5 5 5 5 5 5 5 5 5 5 5 5 5 5 5 5 5 5 5 5 5 5 5 5 5 5 5 5 5 5 5 5 