1 0 0 0 0 

0.8 0.2 0 0 0 
0 0.8 0.2 0 0 
0 0 0.8 0.2 0 
0 0 0 0.8 0.2 
0 0 0 0 1 


3.67764e-011 6.83516e-012 0.16 0.2 1e-040 1e-040 1e-040 1e-040 3.15247e-009 0.0335547 1e-040 0.0524291 0.20992 0.19478 0.0419433 1e-040 1e-040 1e-040 1e-040 1e-040 1e-040 0.0352243 1e-040 1e-040 1e-040 1e-040 0.0584987 0.0133811 1.24186e-006 0.00023976 4.02127e-007 2.78674e-005 
9.89955e-010 1.84549e-010 0.0400001 3.94698e-008 1e-040 1e-040 1e-040 1e-040 6.81769e-008 0.067113 1e-040 0.0786486 0.14592 0.219118 0.073404 1e-040 1e-040 1e-040 1e-040 1e-040 1e-040 0.0949843 1e-040 1e-040 1e-040 1e-040 0.223319 0.0549877 1.74587e-005 0.00214465 6.2109e-006 0.000336627 
1.32081e-008 2.46835e-009 5.44249e-007 4.20949e-007 1e-040 1e-040 1e-040 1e-040 7.3086e-007 0.0587558 1e-040 0.0491948 0.03872 0.120562 0.0550791 1e-040 1e-040 1e-040 1e-040 1e-040 1e-040 0.117468 1e-040 1e-040 1e-040 1e-040 0.43486 0.113797 0.00012072 0.00938767 4.71996e-005 0.00200651 
1.16453e-007 2.18037e-008 3.71114e-006 2.96599e-006 1e-040 1e-040 1e-040 1e-040 5.17889e-006 0.0295631 1e-040 0.0166071 0.00512003 0.0470981 0.0230879 1e-040 1e-040 1e-040 1e-040 1e-040 1e-040 0.0889225 1e-040 1e-040 1e-040 1e-040 0.585326 0.168771 0.000547306 0.0268385 0.000235257 0.00787117 
0.0638298 0.0106383 0.042553 0.042553 1e-040 1e-040 1e-040 1e-040 0.0851061 0.138884 1e-040 0.0427192 0.0106553 0.0860873 0.0216216 1e-040 1e-040 1e-040 1e-040 1e-040 1e-040 0.0140107 1e-040 1e-040 1e-040 1e-040 0.111596 0.119631 0.0212401 0.0511377 0.0212612 0.116476 


1.29382e-176

4 3 13 14 13 14 12 15 10 14 22 27 22 27 27 28 28 27 27 27 27 27 27 27 27 27 27 27 27 27 27 28 28 28 30 30 28 28 30 28 28 28 28 28 32 30 30 22 32 32 28 32 32 32 32 29 32 32 32 32 29 31 12 31 15 15 12 10 12 10 10 10 10 10 10 10 12 14 14 14 10 10 3 9 4 14 14 14 9 14 14 9 4 3 9 9 9 4 4 9 3 3 10 10 9 1 13 1 2 1 1 10 1 1 1 
1 2 3 4 5 5 5 5 5 5 5 5 5 5 5 5 5 5 5 5 5 5 5 5 5 5 5 5 5 5 5 5 5 5 5 5 5 5 5 5 5 5 5 5 5 5 5 5 5 5 5 5 5 5 5 5 5 5 5 5 5 5 5 5 5 5 5 5 5 5 5 5 5 5 5 5 5 5 5 5 5 5 5 5 5 5 5 5 5 5 5 5 5 5 5 5 5 5 5 5 5 5 5 5 5 5 5 5 5 5 5 5 5 5 5 