1 0 0 0 0 

0.8 0.2 0 0 0 
0 0.8 0.2 0 0 
0 0 0.8 0.2 0 
0 0 0 0.8 0.2 
0 0 0 0 1 


5.72743e-005 2.12676e-005 0.123863 1.11468e-012 0.000299511 0.000944473 0.0312176 0.0172131 0.239329 6.21295e-011 4.69709e-013 1.28037e-009 0.0530982 0.172951 0.000951589 1e-040 2.30636e-005 1e-040 1e-040 1e-040 1e-040 5.00358e-010 1e-040 1e-040 3.12499e-005 1e-040 1e-040 1e-040 1e-040 1e-040 0.36 1e-040 
0.000591892 0.000217993 0.155321 3.2973e-011 0.0023372 0.00566684 0.138792 0.0475686 0.321961 1.59144e-009 1.40913e-011 3.00397e-008 0.0831565 0.197054 0.00668261 1e-040 0.000272767 1e-040 1e-040 1e-040 1e-040 1.12177e-008 1e-040 1e-040 0.000378184 1e-040 1e-040 1e-040 1e-040 1e-040 0.04 1e-040 
0.00298864 0.00108997 0.0857725 4.83899e-010 0.00889259 0.0162922 0.297673 0.0605948 0.23288 2.02134e-008 2.09607e-010 3.49103e-007 0.063987 0.203208 0.0227708 1e-040 0.00158976 1e-040 1e-040 1e-040 1e-040 1.24475e-007 1e-040 1e-040 0.00226108 1e-040 1e-040 1e-040 1e-040 1e-040 1.08207e-008 1e-040 
0.00982865 0.00354239 0.0280716 4.69764e-009 0.0220101 0.029869 0.411453 0.0490371 0.125568 1.69749e-007 2.06114e-009 2.67957e-006 0.048189 0.20718 0.0502368 1e-040 0.00609889 1e-040 1e-040 1e-040 1e-040 9.1154e-007 1e-040 1e-040 0.0089112 1e-040 1e-040 1e-040 1e-040 1e-040 9.40566e-008 1e-040 
0.0304858 0.00756312 0.0157741 0.0310078 0.0142039 0.00570649 0.0434444 0.00874366 0.0728784 0.0620155 0.00775194 0.124031 0.0213787 0.140295 0.113153 1e-040 0.100466 1e-040 1e-040 1e-040 1e-040 0.0155038 1e-040 1e-040 0.123582 1e-040 1e-040 1e-040 1e-040 1e-040 0.0620155 1e-040 


2.70161e-229

31 31 14 9 3 9 13 3 9 9 14 8 14 9 14 7 7 7 7 7 7 7 7 7 6 7 13 15 15 14 5 14 14 14 14 15 13 5 14 8 1 2 1 1 25 17 17 25 25 17 17 25 25 25 25 25 25 25 25 25 17 25 17 25 17 17 17 1 17 17 17 17 25 25 15 15 3 13 14 15 3 14 15 15 14 14 14 9 14 22 15 12 12 12 12 12 12 12 15 15 10 12 22 12 31 10 31 12 12 10 12 12 12 10 31 12 31 4 31 14 11 9 10 9 4 15 15 15 9 14 14 9 9 9 10 14 14 14 15 12 10 10 4 31 31 9 4 31 9 3 
1 2 3 4 5 5 5 5 5 5 5 5 5 5 5 5 5 5 5 5 5 5 5 5 5 5 5 5 5 5 5 5 5 5 5 5 5 5 5 5 5 5 5 5 5 5 5 5 5 5 5 5 5 5 5 5 5 5 5 5 5 5 5 5 5 5 5 5 5 5 5 5 5 5 5 5 5 5 5 5 5 5 5 5 5 5 5 5 5 5 5 5 5 5 5 5 5 5 5 5 5 5 5 5 5 5 5 5 5 5 5 5 5 5 5 5 5 5 5 5 5 5 5 5 5 5 5 5 5 5 5 5 5 5 5 5 5 5 5 5 5 5 5 5 5 5 5 5 5 5 