1 0 0 0 0 

0.8 0.2 0 0 0 
0 0.8 0.2 0 0 
0 0 0.8 0.2 0 
0 0 0 0.8 0.2 
0 0 0 0 1 


4.44089e-016 1e-040 0.167937 0.0524288 1e-040 1e-040 1e-040 1e-040 2.51378e-010 3.56669e-009 1.03839e-010 0.0754975 0.488002 6.23638e-008 1.46397e-007 0.0379764 1e-040 5.02257e-005 4.78522e-005 0.000659359 1e-040 0.00562953 0.0410176 1e-040 3.12026e-005 0.0214748 1e-040 1e-040 1e-040 1e-040 0.109247 1e-040 
1e-040 -4.44089e-016 0.158739 0.0786434 1e-040 1e-040 1e-040 1e-040 5.81372e-009 7.15535e-008 2.50745e-009 0.140509 0.104027 1.11838e-006 2.51723e-006 0.151678 1e-040 0.00054275 0.000483839 0.00566838 1e-040 0.0225186 0.137532 1e-040 0.00038385 0.0536871 1e-040 1e-040 1e-040 1e-040 0.145582 1e-040 
1e-040 1e-040 0.0603009 0.0491539 1e-040 1e-040 1e-040 1e-040 6.65596e-008 7.09522e-007 2.99865e-008 0.113773 0.00817945 9.91933e-006 2.13777e-005 0.313891 1e-040 0.00286658 0.00238596 0.0237491 1e-040 0.0422262 0.21899 1e-040 0.0023249 0.060398 1e-040 1e-040 1e-040 1e-040 0.101728 1e-040 
1e-040 1e-040 0.0125199 0.0163966 1e-040 1e-040 1e-040 1e-040 5.02983e-007 4.63774e-006 2.36806e-007 0.0523159 0.00076873 5.80251e-005 0.00011956 0.44836 1e-040 0.00986134 0.00764638 0.064631 1e-040 0.0492863 0.226052 1e-040 0.00924813 0.0402653 1e-040 1e-040 1e-040 1e-040 0.0624653 1e-040 
1e-040 1e-040 0.103119 0.0929576 2.22045e-016 1e-040 1e-040 1e-040 0.0206185 0.0515461 0.0206185 0.0730878 0.0205682 0.0721614 0.051539 0.0952626 1e-040 0.0405505 0.020074 0.0775924 1e-040 0.0144505 0.0297117 1e-040 0.154021 0.00124612 1e-040 1e-040 1e-040 1e-040 0.0608751 1e-040 


3.94841e-181

13 13 13 3 31 3 4 12 12 31 26 16 23 23 23 23 22 16 16 16 16 16 16 16 16 16 16 31 16 16 23 23 20 20 20 20 20 20 20 20 19 19 18 18 18 18 25 25 25 25 25 25 13 25 25 25 25 25 3 3 3 13 25 25 25 25 15 3 3 14 22 15 15 15 12 31 14 14 14 4 10 12 16 15 3 4 4 4 4 4 31 4 9 12 31 12 11 14 14 4 4 14 12 12 31 10 10 9 31 10 11 10 3 3 3 3 12 4 
1 2 3 4 5 5 5 5 5 5 5 5 5 5 5 5 5 5 5 5 5 5 5 5 5 5 5 5 5 5 5 5 5 5 5 5 5 5 5 5 5 5 5 5 5 5 5 5 5 5 5 5 5 5 5 5 5 5 5 5 5 5 5 5 5 5 5 5 5 5 5 5 5 5 5 5 5 5 5 5 5 5 5 5 5 5 5 5 5 5 5 5 5 5 5 5 5 5 5 5 5 5 5 5 5 5 5 5 5 5 5 5 5 5 5 5 5 5 