1 0 0 0 0 

0.8 0.2 0 0 0 
0 0.8 0.2 0 0 
0 0 0.8 0.2 0 
0 0 0 0.8 0.2 
0 0 0 0 1 


0.836442 0.1024 1.13923e-009 2.84017e-007 1e-040 1e-040 1e-040 1e-040 1.01287e-007 1.20853e-006 3.53369e-009 4.80394e-008 0.0330147 1e-040 0.00563057 1.17203e-006 1e-040 1e-040 1e-040 1e-040 1e-040 1e-040 0.00165196 0.0208546 3.7451e-006 1e-040 1e-040 1e-040 1e-040 1e-040 6.27582e-009 1e-040 
0.678071 0.0768 2.55336e-008 4.46866e-006 1e-040 1e-040 1e-040 1e-040 1.65114e-006 1.85454e-005 7.06739e-008 8.42482e-007 0.104443 1e-040 0.0225332 1.58415e-005 1e-040 1e-040 1e-040 1e-040 1e-040 1e-040 0.012784 0.105279 4.84807e-005 1e-040 1e-040 1e-040 1e-040 1e-040 1.24136e-007 1e-040 
0.47389 0.0192 2.8306e-007 3.48213e-005 1e-040 1e-040 1e-040 1e-040 1.32674e-005 0.000140274 6.97905e-007 7.29396e-006 0.155414 1e-040 0.0423288 0.000105143 1e-040 1e-040 1e-040 1e-040 1e-040 1e-040 0.0490739 0.259482 0.000307846 1e-040 1e-040 1e-040 1e-040 1e-040 1.21412e-006 1e-040 
0.256829 0.0016 2.06919e-006 0.000179409 1e-040 1e-040 1e-040 1e-040 7.0084e-005 0.000697301 4.53638e-006 4.15661e-005 0.144978 1e-040 0.0497611 0.000456907 1e-040 1e-040 1e-040 1e-040 1e-040 1e-040 0.124907 0.419188 0.00127802 1e-040 1e-040 1e-040 1e-040 1e-040 7.82966e-006 1e-040 
0.0555098 1e-040 0.0348836 0.127894 3.33067e-016 1e-040 1e-040 1e-040 0.0348788 0.127857 0.0116276 0.0232529 0.0210552 1e-040 0.144171 0.0232221 1e-040 1e-040 1e-040 1e-040 1e-040 1e-040 0.18672 0.150884 0.0231606 1e-040 1e-040 1e-040 1e-040 1e-040 0.0348832 1e-040 


1.42257e-164

1 1 1 2 1 1 1 1 1 1 1 13 1 1 13 13 15 24 24 24 24 24 24 24 24 24 23 24 24 24 23 23 24 23 23 23 23 23 23 23 23 23 23 23 23 23 24 24 24 24 23 25 13 25 16 15 1 1 1 10 10 4 10 10 1 9 10 10 15 12 15 15 10 4 15 4 4 12 31 15 11 16 15 15 15 4 4 31 3 9 9 3 3 4 4 15 15 15 4 10 10 4 4 10 10 31 4 
1 2 3 4 5 5 5 5 5 5 5 5 5 5 5 5 5 5 5 5 5 5 5 5 5 5 5 5 5 5 5 5 5 5 5 5 5 5 5 5 5 5 5 5 5 5 5 5 5 5 5 5 5 5 5 5 5 5 5 5 5 5 5 5 5 5 5 5 5 5 5 5 5 5 5 5 5 5 5 5 5 5 5 5 5 5 5 5 5 5 5 5 5 5 5 5 5 5 5 5 5 5 5 5 5 5 5 