1 0 0 0 0 

0.763352 0.236648 0 0 0 
0 0.915069 0.0849307 0 0 
0 0 0.666667 0.333333 0 
0 0 0 0.932157 0.0678434 
0 0 0 0 1 


0.236648 1e-040 0.473295 1e-040 1e-040 1e-040 1e-040 1e-040 1e-040 1e-040 1e-040 1e-040 0.290057 1.36391e-182 1e-040 1e-040 1e-040 1e-040 1e-040 1e-040 1e-040 1e-040 1e-040 1e-040 3.63452e-016 1e-040 1e-040 1e-040 1e-040 1e-040 1e-040 1e-040 
1.53491e-119 1e-040 4.46393e-041 1e-040 1e-040 1e-040 1e-040 1e-040 1e-040 1e-040 1e-040 1e-040 0.830139 0.0849307 1e-040 1e-040 3.42952e-043 1e-040 1e-040 1e-040 1e-040 1e-040 1e-040 1e-040 0.0849307 1e-040 1e-040 1e-040 1e-040 1e-040 1e-040 1e-040 
1e-040 1e-040 1e-040 1e-040 1e-040 1e-040 1e-040 1e-040 0.333333 1e-040 1e-040 1e-040 9.57916e-026 1e-040 1e-040 1e-040 0.666667 1e-040 1e-040 1e-040 1e-040 1e-040 1e-040 1e-040 1e-040 3.78355e-029 1e-040 1e-040 1e-040 1e-040 1e-040 1e-040 
1e-040 1e-040 1e-040 1e-040 1e-040 1e-040 1e-040 1e-040 6.28309e-028 1e-040 1e-040 1e-040 1e-040 1e-040 1e-040 9.20764e-041 6.10211e-094 1e-040 1e-040 1e-040 1e-040 1e-040 0.118036 0.135687 1e-040 0.746277 1e-040 1e-040 1e-040 1e-040 1e-040 1e-040 
1e-040 1e-040 0.023736 0.094944 1.11022e-016 1e-040 1e-040 1e-040 0.047472 0.011868 0.011868 0.17802 0.083076 0.083076 0.130548 0.249228 1e-040 1e-040 1e-040 1e-040 1e-040 1e-040 0.0386916 1.87177e-083 0.011868 0.011868 1e-040 1e-040 1e-040 1e-040 0.023736 1e-040 


5.74432e-098

13 1 3 3 13 25 14 13 13 13 13 13 13 13 13 13 17 17 9 26 26 26 26 26 26 26 26 26 26 26 23 24 24 23 16 16 16 16 16 16 16 16 16 16 16 16 16 16 16 16 23 23 23 16 16 16 15 16 15 15 15 15 26 15 16 31 12 4 12 12 12 4 4 4 14 12 12 12 12 12 12 12 12 9 10 14 14 4 9 31 4 12 12 12 14 4 4 14 14 13 13 9 15 15 11 13 13 13 15 15 15 14 13 3 3 25 13 9 13 
1 1 1 1 2 2 2 2 2 2 2 2 2 2 2 2 3 3 3 4 4 4 4 4 4 4 4 4 4 4 4 4 4 4 5 5 5 5 5 5 5 5 5 5 5 5 5 5 5 5 5 5 5 5 5 5 5 5 5 5 5 5 5 5 5 5 5 5 5 5 5 5 5 5 5 5 5 5 5 5 5 5 5 5 5 5 5 5 5 5 5 5 5 5 5 5 5 5 5 5 5 5 5 5 5 5 5 5 5 5 5 5 5 5 5 5 5 5 5 