1 0 0 0 0 

0.8 0.2 0 0 0 
0 0.8 0.2 0 0 
0 0 0.8 0.2 0 
0 0 0 0.8 0.2 
0 0 0 0 1 


6.49037e-005 0.00811919 0.133314 1.82303e-012 1e-040 1e-040 1e-040 1e-040 0.00879609 9.8505e-014 0.065536 1.92417e-010 0.225141 0.258412 0.139582 1e-040 0.000153335 1e-040 1e-040 1e-040 0.000588685 1e-040 1e-040 1e-040 0.160127 3.32307e-005 1e-040 0.000104773 1e-040 2.54357e-005 1.70147e-009 2.71174e-006 
0.000584133 0.0455845 0.180259 5.21143e-011 1e-040 1e-040 1e-040 1e-040 0.0307863 3.12753e-012 0.08192 4.81884e-009 0.0852651 0.417014 0.109923 1e-040 0.00134229 1e-040 1e-040 1e-040 0.0044887 1e-040 1e-040 1e-040 0.0410458 0.000323999 1e-040 0.00114279 1e-040 0.000278962 3.96681e-008 4.03563e-005 
0.00255558 0.123607 0.185768 7.3877e-010 1e-040 1e-040 1e-040 1e-040 0.0500278 4.92587e-011 0.04096 5.98078e-008 0.145619 0.32117 0.0942852 1e-040 0.00571705 1e-040 1e-040 1e-040 0.0166266 1e-040 1e-040 1e-040 0.00418325 0.001539 1e-040 0.00614603 1e-040 0.00149881 4.58249e-007 0.000296776 
0.00724082 0.215756 0.17932 6.92475e-009 1e-040 1e-040 1e-040 1e-040 0.0500278 5.13111e-010 0.01024 4.90512e-007 0.169378 0.165006 0.103354 1e-040 0.0157858 1e-040 1e-040 1e-040 0.0398778 1e-040 1e-040 1e-040 0.0108067 0.00474524 1e-040 0.0217577 1e-040 0.00526142 3.49776e-006 0.00143894 
0.00734708 0.0390284 0.0512147 0.0232558 2.22045e-016 1e-040 1e-040 1e-040 0.0721071 0.00775194 5.2093e-005 0.0775194 0.0377751 0.032496 0.0136766 1e-040 0.0146125 1e-040 1e-040 1e-040 0.0208689 1e-040 1e-040 1e-040 0.00712548 0.00749452 1e-040 0.169413 1e-040 0.022982 0.20155 0.19373 


2.70161e-229

13 25 15 3 14 11 14 14 14 14 14 13 3 3 9 15 3 15 13 13 2 2 13 2 2 2 2 2 3 21 14 21 3 25 17 21 1 17 15 26 28 28 28 30 30 28 28 28 28 28 28 28 28 28 28 30 32 32 28 32 28 32 32 32 32 32 28 32 28 32 28 28 28 28 28 32 32 32 32 32 32 32 32 32 32 32 32 32 32 32 31 31 31 31 31 31 31 31 12 12 12 31 31 12 31 31 12 31 31 31 31 31 31 12 4 12 31 12 9 12 31 12 14 31 31 31 31 10 9 9 31 14 9 4 3 31 9 9 9 9 4 3 9 3 13 13 13 14 3 15 
1 2 3 4 5 5 5 5 5 5 5 5 5 5 5 5 5 5 5 5 5 5 5 5 5 5 5 5 5 5 5 5 5 5 5 5 5 5 5 5 5 5 5 5 5 5 5 5 5 5 5 5 5 5 5 5 5 5 5 5 5 5 5 5 5 5 5 5 5 5 5 5 5 5 5 5 5 5 5 5 5 5 5 5 5 5 5 5 5 5 5 5 5 5 5 5 5 5 5 5 5 5 5 5 5 5 5 5 5 5 5 5 5 5 5 5 5 5 5 5 5 5 5 5 5 5 5 5 5 5 5 5 5 5 5 5 5 5 5 5 5 5 5 5 5 5 5 5 5 5 