1 0 0 0 0 

0.806409 0.193591 0 0 0 
0 0.79058 0.20942 0 0 
0 0 0.766159 0.233841 0 
0 0 0 0.944915 0.0550846 
0 0 0 0 1 


-2.22045e-016 1e-040 0.386115 1e-040 1e-040 1e-040 1e-040 1e-040 0.193543 1e-040 1e-040 0.00935992 0.364391 0.0465899 1.12822e-006 1e-040 1e-040 1e-040 1e-040 1e-040 6.96625e-062 5.23706e-017 1e-040 1e-040 1e-040 1e-040 5.69978e-030 1e-040 1e-040 4.4e-201 1e-040 1e-040 
1e-040 1e-040 0.00115537 1e-040 1e-040 1e-040 1e-040 1e-040 5.20835e-005 1e-040 1e-040 0.406981 0.0246548 0.35252 0.211593 1e-040 1e-040 1e-040 1e-040 1e-040 1.57361e-017 0.00304307 1e-040 1e-040 1e-040 1e-040 4.07652e-007 5.10959e-158 1e-040 1.98797e-066 1e-040 1e-040 
1e-040 1e-040 3.08698e-014 1e-040 1e-040 1e-040 1e-040 1e-040 4.78488e-019 1e-040 1e-040 0.00193627 6.30974e-010 0.017777 0.465193 1e-040 1e-040 1e-040 1e-040 1e-040 0.000404137 0.437502 1e-040 1e-040 1e-040 1e-040 0.0771878 1.41171e-049 1e-040 7.79299e-017 1e-040 6.6645e-159 
1e-040 1e-040 6.55244e-050 -2.22045e-016 1e-040 1e-040 1e-040 1e-040 1e-040 1e-040 1e-040 1.6077e-017 2.76843e-038 3.2238e-013 1.42638e-005 1e-040 1e-040 1e-040 1e-040 1e-040 0.0549894 0.00630878 1e-040 1e-040 1e-040 1e-040 0.918133 2.36121e-008 1e-040 0.0205542 1.42855e-207 1.26498e-038 
1e-040 1e-040 1e-040 0.163496 2.22045e-016 1e-040 1e-040 1e-040 1e-040 0.105104 1e-040 0.0934262 0.0350348 0.0467131 1.83187e-075 0.0350348 1e-040 1e-040 1e-040 1e-040 5.67366e-045 0.0233566 1e-040 1e-040 1e-040 1e-040 2.59405e-005 0.0817479 0.0116783 0.135782 0.0700697 0.198531 


2.59117e-116

3 13 9 3 13 14 12 12 14 15 15 15 22 22 27 27 27 27 21 27 27 27 27 27 27 27 27 27 27 27 27 27 30 30 30 30 30 30 28 30 28 28 30 28 28 28 28 30 30 32 32 30 30 32 32 32 32 32 32 32 32 32 32 32 32 31 16 16 22 16 22 32 32 32 12 4 4 12 4 4 4 12 12 4 4 31 4 4 4 4 4 12 12 12 29 12 10 31 4 31 31 10 10 10 31 10 4 10 14 14 10 10 10 13 13 13 14 14 15 
1 1 1 1 1 2 2 2 2 3 3 3 3 3 4 4 4 4 4 4 4 4 4 4 4 4 4 4 4 4 4 4 5 5 5 5 5 5 5 5 5 5 5 5 5 5 5 5 5 5 5 5 5 5 5 5 5 5 5 5 5 5 5 5 5 5 5 5 5 5 5 5 5 5 5 5 5 5 5 5 5 5 5 5 5 5 5 5 5 5 5 5 5 5 5 5 5 5 5 5 5 5 5 5 5 5 5 5 5 5 5 5 5 5 5 5 5 5 5 