1 0 0 0 0 

0.911548 0.0884519 0 0 0 
0 0.786981 0.213019 0 0 
0 0 0.467605 0.532395 0 
0 0 0 0.972219 0.027781 
0 0 0 0 1 


0.0884519 1e-040 0.203933 1e-040 1e-040 1e-040 1e-040 1e-040 0.176904 1e-040 1e-040 1e-040 0.530711 1e-040 1e-040 1e-040 1e-040 1e-040 1e-040 1e-040 1e-040 1e-040 1e-040 1e-040 4.81094e-219 1e-040 1e-040 2.58188e-219 1e-040 4.81094e-219 1e-040 1e-040 
1e-040 1e-040 1 1e-040 1e-040 1e-040 1e-040 1e-040 1.0216e-014 1e-040 1e-040 1e-040 1.02658e-237 1e-040 1e-040 1e-040 1e-040 1e-040 1e-040 1e-040 1e-040 1e-040 1e-040 1e-040 8.26717e-044 1e-040 1.15862e-218 5.36825e-219 1e-040 6.46611e-237 1e-040 1e-040 
1e-040 1e-040 3.06107e-064 1e-040 1e-040 1e-040 1e-040 1e-040 1e-040 1e-040 1e-040 1e-040 1e-040 1e-040 1e-040 1e-040 1e-040 1e-040 1e-040 1e-040 1e-040 1e-040 1e-040 1e-040 0.532395 1e-040 1e-040 5.12462e-057 1e-040 0.467605 1e-040 1e-040 
1e-040 1e-040 9.2833e-146 1e-040 1e-040 1e-040 1e-040 1e-040 1e-040 1e-040 1e-040 1e-040 1e-040 1e-040 1e-040 1e-040 1e-040 1e-040 1e-040 1e-040 0.0277808 1e-040 1e-040 1e-040 7.5912e-106 1e-040 0.388933 0.552124 3.10193e-219 0.0311618 1e-040 -2.78108e-017 
1e-040 1e-040 0.153475 1e-040 2.22045e-016 1e-040 1e-040 1e-040 0.0575531 1e-040 1e-040 1e-040 0.0191844 0.0575531 0.0191844 1e-040 0.0191844 1e-040 1e-040 1e-040 0.0959219 1e-040 1e-040 1e-040 0.0191844 0.0575531 1.73725e-232 0.0599665 0.115106 0.0383687 0.0575531 0.230212 


5.77433e-080

13 3 9 13 13 13 13 1 3 13 9 3 3 3 3 3 25 30 28 27 28 27 27 27 27 27 27 27 30 28 27 27 27 27 27 28 27 28 28 28 28 28 28 28 28 28 28 21 28 28 28 28 28 28 32 32 32 32 32 32 28 30 30 32 21 32 28 28 32 32 32 32 21 29 29 29 29 29 29 26 21 14 26 31 31 3 14 21 21 26 25 3 15 3 3 17 3 13 14 31 3 9 9 9 3 3 3 
1 1 1 1 1 1 1 1 1 1 1 2 2 2 2 2 3 3 4 4 4 4 4 4 4 4 4 4 4 4 4 4 4 4 4 4 4 4 4 4 4 4 4 4 4 4 4 4 4 4 4 4 4 4 5 5 5 5 5 5 5 5 5 5 5 5 5 5 5 5 5 5 5 5 5 5 5 5 5 5 5 5 5 5 5 5 5 5 5 5 5 5 5 5 5 5 5 5 5 5 5 5 5 5 5 5 5 