1 0 0 0 0 

0.790367 0.209633 0 0 0 
0 0.87545 0.12455 0 0 
0 0 0.770481 0.229519 0 
0 0 0 0.950313 0.0496869 
0 0 0 0 1 


-2.22045e-016 1e-040 0.000179787 1e-040 1e-040 1e-040 1e-040 1e-040 0.0209798 1e-040 1e-040 1e-040 1e-040 0.769207 4.57698e-026 1e-040 1e-040 1e-040 1.43812e-120 1e-040 1e-040 1e-040 1e-040 1e-040 6.74394e-084 1e-040 1e-040 1e-040 1e-040 1e-040 0.209633 1e-040 
1e-040 2.22045e-016 0.595931 1e-040 1e-040 1e-040 1e-040 1e-040 0.236634 1e-040 1e-040 1e-040 1e-040 0.165613 0.00182262 1e-040 1e-040 1.57414e-113 7.97265e-022 1e-040 1e-040 1e-040 1e-040 1e-040 3.90076e-013 1e-040 1e-040 1e-040 1e-040 1e-040 1e-040 1e-040 
1e-040 1e-040 0.0492237 1e-040 1e-040 1e-040 1e-040 1e-040 1.7507e-006 1e-040 1e-040 1e-040 1e-040 0.000231781 0.685105 1e-040 4.40081e-052 6.12159e-012 0.054689 1e-040 1e-040 1e-040 1e-040 1e-040 0.210749 1e-040 1e-040 1e-040 1e-040 1e-040 1e-040 1e-040 
1e-040 1e-040 2.34949e-017 1.11022e-016 1e-040 1e-040 1e-040 1e-040 2.6043e-049 1e-040 1e-040 1e-040 1e-040 1.48533e-036 2.05088e-005 1e-040 0.402514 0.248435 0.335969 1e-040 0.00899796 1e-040 1e-040 1e-040 0.00406351 6.92281e-024 1e-040 1e-040 1e-040 1.41364e-011 1e-040 1e-040 
1e-040 1e-040 1e-040 0.0565628 -2.22045e-016 1e-040 1e-040 1e-040 0.0848442 0.155548 0.0141407 0.0282814 0.0141407 0.0989848 0.113126 0.0141407 0.0127123 8.01222e-018 9.26354e-061 1e-040 0.0822834 1e-040 1e-040 1e-040 0.0282814 0.141407 1e-040 1e-040 0.0282814 0.0565628 0.0707035 1e-040 


2.92744e-162

31 14 14 14 14 9 3 3 3 9 14 3 3 15 15 15 25 19 19 19 19 19 19 19 18 18 18 18 18 17 17 17 17 17 17 17 17 21 17 21 30 26 30 30 26 30 21 21 21 25 25 21 15 26 26 26 26 26 29 26 29 26 15 15 15 26 10 10 10 10 31 31 31 31 10 10 10 10 13 14 14 15 4 11 10 12 12 16 10 4 31 14 15 14 15 14 4 4 9 9 14 9 10 9 15 14 9 9 3 
1 1 1 1 1 2 2 2 2 2 2 2 2 3 3 3 3 4 4 4 4 4 4 4 4 4 4 4 4 4 4 4 4 4 4 4 4 5 5 5 5 5 5 5 5 5 5 5 5 5 5 5 5 5 5 5 5 5 5 5 5 5 5 5 5 5 5 5 5 5 5 5 5 5 5 5 5 5 5 5 5 5 5 5 5 5 5 5 5 5 5 5 5 5 5 5 5 5 5 5 5 5 5 5 5 5 5 5 5 