1 0 0 0 0 

0.8 0.2 0 0 0 
0 0.8 0.2 0 0 
0 0 0.8 0.2 0 
0 0 0 0.8 0.2 
0 0 0 0 1 


0.0197912 0.00703687 1.19313e-011 1.43344e-012 1e-040 1e-040 1e-040 1e-040 8.46539e-010 9.77466e-009 4.58452e-008 1e-040 0.92381 1e-040 0.00810648 1e-040 1e-040 1e-040 1e-040 1e-040 1e-040 1e-040 1e-040 1e-040 0.0268435 1e-040 0.014379 2.19745e-005 1.685e-008 9.11389e-006 1e-040 1.39001e-006 
0.0665205 0.0263883 3.20928e-010 4.12113e-011 1e-040 1e-040 1e-040 1e-040 1.95893e-008 2.06459e-007 8.8221e-007 1e-040 0.728474 1e-040 0.0353533 1e-040 1e-040 1e-040 1e-040 1e-040 1e-040 1e-040 1e-040 1e-040 0.060398 1e-040 0.0824625 0.000264842 3.07512e-007 0.000115461 1e-040 2.17694e-005 
0.103629 0.0461795 4.28431e-009 5.87261e-010 1e-040 1e-040 1e-040 1e-040 2.24803e-007 2.16019e-006 8.38801e-006 1e-040 0.480173 1e-040 0.0727331 1e-040 1e-040 1e-040 1e-040 1e-040 1e-040 1e-040 1e-040 1e-040 0.060398 1e-040 0.234418 0.00156778 2.76761e-006 0.000719469 1e-040 0.000168334 
0.0991624 0.0500278 3.78555e-008 5.53004e-009 1e-040 1e-040 1e-040 1e-040 1.70615e-006 1.49292e-005 5.2535e-005 1e-040 0.266713 1e-040 0.0937875 1e-040 1e-040 1e-040 1e-040 1e-040 1e-040 1e-040 1e-040 1e-040 0.0352322 1e-040 0.445116 0.00607868 1.6375e-005 0.00294021 1e-040 0.000856928 
0.0332195 0.0032882 0.046729 0.00934579 -2.22045e-016 1e-040 1e-040 1e-040 0.149533 0.140186 0.0747635 1e-040 0.0467677 1e-040 0.0182252 1e-040 1e-040 1e-040 1e-040 1e-040 1e-040 1e-040 1e-040 1e-040 0.00080039 1e-040 0.244095 0.0650498 0.00934488 0.0465521 1e-040 0.112101 


3.50689e-196

13 13 13 13 13 13 13 13 13 25 13 13 13 1 1 2 13 15 15 27 27 27 27 27 27 27 27 27 27 27 27 27 27 27 27 27 27 27 27 27 27 27 27 27 27 27 28 28 30 28 28 28 30 30 30 27 27 27 28 32 32 28 30 32 32 32 32 32 32 32 32 32 32 29 11 13 11 11 11 11 10 11 11 11 10 10 10 10 10 9 10 10 10 10 10 9 9 9 10 9 13 1 1 10 13 1 3 10 10 15 9 9 9 9 9 4 9 9 13 3 9 9 3 3 9 9 3 9 
1 2 3 4 5 5 5 5 5 5 5 5 5 5 5 5 5 5 5 5 5 5 5 5 5 5 5 5 5 5 5 5 5 5 5 5 5 5 5 5 5 5 5 5 5 5 5 5 5 5 5 5 5 5 5 5 5 5 5 5 5 5 5 5 5 5 5 5 5 5 5 5 5 5 5 5 5 5 5 5 5 5 5 5 5 5 5 5 5 5 5 5 5 5 5 5 5 5 5 5 5 5 5 5 5 5 5 5 5 5 5 5 5 5 5 5 5 5 5 5 5 5 5 5 5 5 5 5 