1 0 0 0 0 

0.808676 0.191324 0 0 0 
0 0.854832 0.145168 0 0 
0 0 0.905214 0.0947859 0 
0 0 0 0.946186 0.0538144 
0 0 0 0 1 


0.141432 8.57827e-013 0.284597 1e-040 1e-040 1e-040 1e-040 1e-040 1e-040 1e-040 1e-040 1e-040 0.573972 1e-040 1e-040 1e-040 6.27576e-116 1e-040 1e-040 1e-040 1e-040 1e-040 1e-040 1e-040 1e-040 1e-040 1e-040 1e-040 1e-040 1e-040 1e-040 1e-040 
0.49011 0.435491 0.0743973 1e-040 1e-040 1e-040 1e-040 1e-040 1e-040 1e-040 1e-040 1e-040 9.68866e-007 1e-040 1e-040 1e-040 6.17862e-007 1e-040 1e-040 1e-040 1e-040 1e-040 1e-040 1e-040 1e-040 1e-040 1e-040 1e-040 2.54106e-081 1.4921e-202 1e-040 1e-040 
0.74735 8.2456e-006 0.0630297 1e-040 1e-040 1e-040 1e-040 1e-040 1e-040 1e-040 1e-040 1e-040 4.2178e-053 1e-040 1e-040 1e-040 0.189571 1e-040 1e-040 1e-040 1e-040 1e-040 1e-040 1e-040 1e-040 1e-040 1e-040 3.89527e-213 4.08138e-005 3.5125e-020 1e-040 1e-040 
4.8994e-008 3.68876e-198 0.0180294 2.22045e-016 1e-040 1e-040 1e-040 1e-040 1e-040 1e-040 1e-040 1e-040 1e-040 1e-040 1e-040 1e-040 4.74092e-020 1e-040 1e-040 1e-040 1e-040 1e-040 1e-040 1e-040 1e-040 1e-040 3.63506e-015 0.176368 0.107606 0.697997 1e-040 1.56801e-029 
1e-040 1e-040 0.0521158 0.0912026 1e-040 1e-040 1e-040 1e-040 0.0912026 1e-040 1e-040 0.0651447 0.0130289 0.0390868 1e-040 0.0130289 1e-040 1e-040 1e-040 1e-040 1e-040 1e-040 1e-040 1e-040 1e-040 1e-040 0.0130289 0.126676 9.56758e-053 0.0655296 0.169376 0.260579 


1.10816e-093

13 3 13 13 1 3 1 1 2 2 2 1 1 1 1 17 1 1 1 1 17 1 3 29 30 30 30 29 30 30 30 30 30 30 30 30 28 30 30 28 28 28 28 28 28 27 28 30 28 28 30 30 30 32 30 32 28 32 28 32 32 32 32 32 32 32 28 32 32 32 32 32 32 32 32 32 32 31 31 31 31 31 31 31 16 31 31 12 12 12 12 12 4 3 31 31 31 4 4 14 14 31 3 9 14 4 4 9 4 3 3 13 9 9 4 9 9 9 9 
1 1 1 1 2 2 2 2 2 2 2 3 3 3 3 3 3 3 3 3 3 3 3 4 4 4 4 4 4 4 4 4 4 4 4 4 4 4 4 5 5 5 5 5 5 5 5 5 5 5 5 5 5 5 5 5 5 5 5 5 5 5 5 5 5 5 5 5 5 5 5 5 5 5 5 5 5 5 5 5 5 5 5 5 5 5 5 5 5 5 5 5 5 5 5 5 5 5 5 5 5 5 5 5 5 5 5 5 5 5 5 5 5 5 5 5 5 5 5 