1 0 0 0 0 

0.827881 0.172119 0 0 0 
0 0.901865 0.0981347 0 0 
0 0 0.857143 0.142857 0 
0 0 0 0.9375 0.0625 
0 0 0 0 1 


5.8182e-186 1e-040 5.8182e-186 1.26656e-130 1e-040 1e-040 1e-040 1e-040 0.655762 1e-040 1e-040 1e-040 3.0609e-017 0.344238 1e-040 1e-040 1e-040 1e-040 1e-040 1e-040 1e-040 1e-040 1e-040 1e-040 1e-040 1e-040 1e-040 1e-040 1e-040 1e-040 1e-040 1e-040 
1.52423e-135 1.11022e-016 1.26011e-015 0.0981347 1e-040 1e-040 1e-040 1e-040 0.803731 1e-040 1e-040 1e-040 0.0981347 1.74013e-083 4.70994e-175 1e-040 1e-040 1e-040 1e-040 1.73449e-214 1e-040 1e-040 1e-040 1e-040 1e-040 1e-040 1e-040 1e-040 1e-040 1e-040 1e-040 1e-040 
0.142857 1e-040 0.142857 1e-040 1e-040 1e-040 1e-040 1e-040 8.04838e-075 1e-040 1e-040 1e-040 0.142857 0.142857 0.142857 1e-040 1e-040 1e-040 1.34746e-070 0.285714 1e-040 1e-040 1e-040 1e-040 1e-040 1e-040 1e-040 1e-040 1e-040 1e-040 1e-040 1e-040 
1e-040 1e-040 1e-040 1e-040 1e-040 1e-040 1e-040 1e-040 1e-040 1e-040 1e-040 1e-040 1e-040 1e-040 1e-040 1e-040 6.04695e-033 0.375 0.625 5.3075e-059 1e-040 1e-040 1e-040 1e-040 1e-040 1e-040 1e-040 1e-040 1e-040 1e-040 1e-040 1e-040 
1e-040 1e-040 0.0724638 0.0289855 1e-040 1e-040 1e-040 1e-040 0.0144928 0.0144928 1e-040 1e-040 0.130435 0.0434783 0.0724638 1e-040 0.115942 4.57917e-134 1e-040 1e-040 0.289855 0.0144928 1e-040 1e-040 0.057971 0.0144928 0.057971 1e-040 0.0724638 1e-040 1e-040 1e-040 


2.9516e-089

9 9 9 14 14 9 9 13 9 4 9 9 9 9 9 9 3 14 1 13 15 20 20 19 19 19 19 19 19 19 19 19 18 18 18 18 19 18 18 17 17 17 17 27 27 27 27 21 21 21 21 21 21 21 21 21 21 21 21 21 21 17 21 21 21 21 21 26 25 21 17 29 29 29 29 29 15 22 3 17 13 13 13 3 17 25 3 4 4 15 13 25 14 14 3 15 13 15 15 14 13 25 13 3 13 13 9 10 15 
1 1 1 1 1 2 2 2 2 2 2 2 2 2 2 2 3 3 3 3 3 3 3 4 4 4 4 4 4 4 4 4 4 4 4 4 4 4 4 5 5 5 5 5 5 5 5 5 5 5 5 5 5 5 5 5 5 5 5 5 5 5 5 5 5 5 5 5 5 5 5 5 5 5 5 5 5 5 5 5 5 5 5 5 5 5 5 5 5 5 5 5 5 5 5 5 5 5 5 5 5 5 5 5 5 5 5 5 5 