1 0 0 0 0 

0.888889 0.111111 0 0 0 
0 1.74076e-013 1 0 0 
0 0 0.922412 0.0775876 0 
0 0 0 0.952632 0.0473679 
0 0 0 0 1 


1e-040 1e-040 5.1914e-026 1e-040 1e-040 1e-040 1e-040 1e-040 0.222222 1e-040 1e-040 1e-040 0.333333 0.444444 1e-040 1e-040 1e-040 1e-040 1e-040 1e-040 1e-040 1e-040 1e-040 1e-040 1e-040 1e-040 1e-040 1e-040 1e-040 1e-040 1e-040 1e-040 
1e-040 1e-040 1 1e-040 1e-040 1e-040 1e-040 1e-040 1.12332e-013 1.18567e-093 1e-040 1e-040 1.69018e-042 6.17442e-014 1e-040 1e-040 1e-040 1e-040 1e-040 1e-040 1e-040 1e-040 1e-040 1e-040 1e-040 1e-040 1e-040 1e-040 1e-040 1e-040 1e-040 1e-040 
1e-040 1e-040 2.22045e-016 1e-040 1e-040 1e-040 1e-040 1e-040 0.465526 0.155175 1e-040 1e-040 0.365408 1.98314e-158 1e-040 1e-040 1e-040 1e-040 3.71383e-166 1.82554e-027 1e-040 1e-040 0.0138911 1e-040 1e-040 1e-040 1e-040 1e-040 1e-040 1e-040 1e-040 1e-040 
0.189472 0.0473679 1e-040 1e-040 1e-040 1e-040 1e-040 1e-040 3.33894e-030 1e-040 1e-040 1e-040 0.108491 1e-040 1.80829e-033 1e-040 1e-040 1e-040 0.142104 0.378943 1e-040 1e-040 0.0388873 1e-040 0.0947358 1e-040 1e-040 1e-040 1e-040 1e-040 1e-040 1e-040 
1.06787e-009 1.55649e-114 0.0625 0.125 1.11022e-016 1e-040 1e-040 1e-040 0.025 0.0375 1e-040 0.05 1.50328e-153 0.1 0.075 1e-040 1e-040 1e-040 1e-040 1e-040 0.05 0.1 1e-040 1e-040 1e-040 1e-040 1e-040 0.1 0.0875 1e-040 0.075 0.1125 


2.08935e-118

9 13 13 14 14 14 9 13 14 3 9 9 13 13 9 10 10 9 9 13 9 13 13 23 20 20 20 20 20 19 20 20 20 19 19 25 25 13 13 2 1 1 1 1 15 15 22 21 21 21 21 22 28 28 28 28 28 28 28 28 29 29 29 29 32 32 22 32 22 22 22 22 32 32 32 32 29 31 31 29 32 29 32 12 15 31 31 12 14 12 31 4 12 22 14 14 31 9 10 10 4 4 14 4 4 4 4 4 14 14 15 4 3 9 14 4 15 15 3 14 3 10 3 3 3 
1 1 1 1 1 1 1 1 1 2 3 3 3 3 3 3 3 3 3 3 3 3 3 4 4 4 4 4 4 4 4 4 4 4 4 4 4 4 4 4 4 4 4 4 5 5 5 5 5 5 5 5 5 5 5 5 5 5 5 5 5 5 5 5 5 5 5 5 5 5 5 5 5 5 5 5 5 5 5 5 5 5 5 5 5 5 5 5 5 5 5 5 5 5 5 5 5 5 5 5 5 5 5 5 5 5 5 5 5 5 5 5 5 5 5 5 5 5 5 5 5 5 5 5 5 