1 0 0 0 0 

0.8 0.2 0 0 0 
0 0.8 0.2 0 0 
0 0 0.8 0.2 0 
0 0 0 0.8 0.2 
0 0 0 0 1 


4.44089e-016 1e-040 0.473116 0.0335544 1e-040 1e-040 1e-040 1e-040 0.103395 0.0335351 1e-040 0.01717 1.1692e-006 0.0687866 0.252429 0.00648518 3.21382e-005 0.000748725 1e-040 1e-040 5.47729e-006 0.0102922 1e-040 1e-040 0.000449404 2.43074e-010 1e-040 7.5857e-008 1e-040 1e-040 6.47594e-010 2.66898e-009 
1e-040 -2.22045e-016 0.309965 0.0671089 1e-040 1e-040 1e-040 1e-040 0.135607 0.107752 1e-040 0.0680466 1.57842e-005 0.133798 0.0786432 0.0299039 0.000376566 0.00659697 1e-040 1e-040 7.82299e-005 0.0586659 1e-040 1e-040 0.00344044 5.59257e-009 1e-040 1.32309e-006 1e-040 1e-040 1.49376e-008 5.65608e-008 
1e-040 1e-040 0.127216 0.0587203 1e-040 1e-040 1e-040 1e-040 0.091118 0.160323 1e-040 0.126681 0.00010457 0.115448 0.049152 0.0652572 0.00216173 0.0284627 1e-040 1e-040 0.000552951 0.161995 1e-040 1e-040 0.0127956 6.36441e-008 1e-040 1.1384e-005 1e-040 1e-040 1.71111e-007 5.92624e-007 
1e-040 1e-040 0.0561319 0.0293601 1e-040 1e-040 1e-040 1e-040 0.0453853 0.146407 1e-040 0.147137 0.000453139 0.0581698 0.016384 0.0895772 0.00810364 0.0802073 1e-040 1e-040 0.0025805 0.289138 1e-040 1e-040 0.0308957 4.77622e-007 1e-040 6.44234e-005 1e-040 1e-040 1.29839e-006 4.09319e-006 
1e-040 1e-040 0.024557 0.0236921 2.22045e-016 1e-040 1e-040 1e-040 0.0164533 0.0136428 1e-040 0.0403475 0.0232335 0.0861937 0.0388912 0.0390999 0.0460979 0.0962785 1e-040 1e-040 0.193674 0.150384 1e-040 1e-040 0.0291635 0.0155039 1e-040 0.0232528 1e-040 1e-040 0.116279 0.0232556 


2.70161e-229

15 3 3 3 9 3 15 14 4 14 9 3 10 10 10 12 12 12 16 16 22 22 22 22 22 22 22 22 22 22 25 25 18 18 18 18 18 18 18 18 18 18 18 18 18 17 17 17 17 17 17 25 21 25 13 22 21 21 21 21 21 21 21 21 21 21 21 21 21 28 28 21 21 21 21 21 21 21 21 21 22 22 22 28 32 32 22 22 22 31 21 21 26 22 22 16 16 31 32 22 16 22 31 31 12 31 31 31 31 31 16 15 15 15 12 12 14 31 4 10 31 31 12 26 9 4 3 31 14 31 22 14 4 15 14 14 14 13 15 14 14 14 31 9 14 14 13 3 3 14 
1 2 3 4 5 5 5 5 5 5 5 5 5 5 5 5 5 5 5 5 5 5 5 5 5 5 5 5 5 5 5 5 5 5 5 5 5 5 5 5 5 5 5 5 5 5 5 5 5 5 5 5 5 5 5 5 5 5 5 5 5 5 5 5 5 5 5 5 5 5 5 5 5 5 5 5 5 5 5 5 5 5 5 5 5 5 5 5 5 5 5 5 5 5 5 5 5 5 5 5 5 5 5 5 5 5 5 5 5 5 5 5 5 5 5 5 5 5 5 5 5 5 5 5 5 5 5 5 5 5 5 5 5 5 5 5 5 5 5 5 5 5 5 5 5 5 5 5 5 5 