1 0 0 0 0 

0.844094 0.155906 0 0 0 
0 0.88353 0.11647 0 0 
0 0 0.833528 0.166472 0 
0 0 0 0.9334 0.0666002 
0 0 0 0 1 


1.5061e-031 0.155906 0.376377 1e-040 1e-040 1e-040 1e-040 1e-040 1e-040 8.26912e-017 1e-040 1e-040 0.467717 -4.83502e-174 1e-040 1e-040 1e-040 1e-040 1e-040 1e-040 1e-040 1e-040 1e-040 1e-040 1e-040 1e-040 1e-040 1e-040 1e-040 1e-040 1e-040 1e-040 
0.11647 -1.46353e-023 0.184707 1e-040 1e-040 1e-040 1e-040 1e-040 0.11647 0.232941 2.64196e-213 6.4386e-018 1e-040 0.349411 1e-040 4.14967e-174 1e-040 1e-040 1e-040 1e-040 1e-040 1e-040 1e-040 1e-040 1e-040 1e-040 1e-040 1e-040 1e-040 1e-040 2.35806e-118 1e-040 
1e-040 1e-040 1e-040 1e-040 1e-040 1e-040 1e-040 1e-040 1e-040 -7.91579e-166 0.166472 0.332945 1e-040 6.38134e-012 1e-040 0.332945 1e-040 1e-040 1e-040 1.25662e-203 1e-040 1e-040 0.00116552 1e-040 1e-040 1e-040 1e-040 1e-040 1e-040 1e-040 0.166472 1e-040 
1e-040 1e-040 1e-040 1.11022e-016 1e-040 1e-040 1e-040 1e-040 1e-040 1e-040 1.06655e-059 8.59981e-118 1e-040 1e-040 1e-040 1.58569e-020 4.36974e-195 0.00146385 0.1998 0.666002 1e-040 1e-040 0.132734 1e-040 1e-040 1e-040 1e-040 1e-040 1e-040 1e-040 5.78431e-157 1e-040 
1e-040 1e-040 0.105294 0.0789702 -2.22045e-016 1e-040 1e-040 1e-040 0.105294 0.0658085 0.0131617 0.0921319 0.0526468 0.0131617 0.118455 1e-040 0.0526468 0.0655192 1.34505e-038 1e-040 1e-040 1e-040 1e-040 1e-040 0.171102 0.0131617 1e-040 1e-040 1e-040 1e-040 0.0526468 1e-040 


2.38004e-105

13 3 13 13 2 3 3 10 1 14 14 3 9 10 14 12 31 12 16 11 16 23 23 20 20 20 20 20 20 20 20 20 20 19 19 19 18 18 18 18 17 17 25 25 18 25 25 25 25 17 17 25 25 25 25 25 25 3 3 3 3 26 25 13 15 15 15 9 9 9 9 31 4 15 3 3 15 13 3 15 15 12 4 12 10 9 14 4 12 12 10 10 31 4 4 12 10 12 12 31 31 9 4 10 13 15 15 11 13 9 9 3 13 
1 1 1 1 1 1 1 2 2 2 2 2 2 2 2 3 3 3 3 3 3 4 4 4 4 4 4 4 4 4 4 4 4 4 4 4 5 5 5 5 5 5 5 5 5 5 5 5 5 5 5 5 5 5 5 5 5 5 5 5 5 5 5 5 5 5 5 5 5 5 5 5 5 5 5 5 5 5 5 5 5 5 5 5 5 5 5 5 5 5 5 5 5 5 5 5 5 5 5 5 5 5 5 5 5 5 5 5 5 5 5 5 5 