1 0 0 0 0 

0.8 0.2 0 0 0 
0 0.8 0.2 0 0 
0 0 0.8 0.2 0 
0 0 0 0.8 0.2 
0 0 0 0 1 


0.00118059 1e-040 0.077296 0.16 1e-040 1e-040 1e-040 1e-040 0.117965 0.2 1e-040 1.24331e-010 0.081151 0.317949 0.0419189 1e-040 0.00149154 1e-040 1e-040 1e-040 0.000158456 1e-040 1e-040 1e-040 0.00048357 2.42834e-010 1e-040 4.33539e-005 8.11296e-005 0.000281084 2.32082e-009 7.79409e-008 
0.0067884 -6.66134e-016 0.191648 0.04 1e-040 1e-040 1e-040 1e-040 0.160563 6.57945e-011 1e-040 2.95286e-009 0.213145 0.245238 0.12421 1e-040 0.0099208 1e-040 1e-040 1e-040 0.00126765 1e-040 1e-040 1e-040 0.0032641 5.58517e-009 1e-040 0.000530022 0.000709884 0.00271363 5.2471e-008 1.46468e-006 
0.0186681 1e-040 0.237346 1.01811e-008 1e-040 1e-040 1e-040 1e-040 0.090112 9.25851e-010 1e-040 3.46961e-008 0.317486 0.100141 0.169351 1e-040 0.0323356 1e-040 1e-040 1e-040 0.00491215 1e-040 1e-040 1e-040 0.0106083 6.35313e-008 1e-040 0.00319781 0.00301701 0.0128109 5.8794e-007 1.36271e-005 
0.0326692 1e-040 0.209471 8.84042e-008 1e-040 1e-040 1e-040 1e-040 0.0266241 8.61417e-009 1e-040 2.68895e-007 0.370713 0.0559784 0.140671 1e-040 0.0689687 1e-040 1e-040 1e-040 0.0122804 1e-040 1e-040 1e-040 0.0221007 4.76485e-007 1e-040 0.0127084 0.00829677 0.0394296 4.35387e-006 8.37031e-005 
0.00581379 1e-040 0.0448033 0.0578512 1.11022e-016 1e-040 1e-040 1e-040 0.0497825 0.0165289 1e-040 0.00826445 0.0668391 0.0777146 0.0216467 1e-040 0.0284001 1e-040 1e-040 1e-040 0.0074951 1e-040 1e-040 1e-040 0.00675799 0.00826444 1e-040 0.230724 0.00776426 0.0886266 0.157025 0.115698 


2.97046e-217

10 4 14 14 14 9 9 13 3 3 13 15 15 15 3 3 14 13 13 13 13 13 13 1 17 3 13 25 13 3 17 17 21 13 17 29 30 30 30 30 30 30 30 30 30 28 28 28 28 28 28 28 28 28 28 28 28 28 28 28 28 28 28 28 28 30 28 28 28 28 28 32 30 32 28 28 32 32 28 32 32 32 32 32 32 32 32 31 31 32 32 31 26 31 31 12 31 31 31 14 14 31 31 4 9 31 9 14 31 31 31 4 4 10 4 9 31 31 3 14 14 14 14 4 31 14 14 4 10 3 4 3 9 13 13 9 31 31 15 15 9 3 
1 2 3 4 5 5 5 5 5 5 5 5 5 5 5 5 5 5 5 5 5 5 5 5 5 5 5 5 5 5 5 5 5 5 5 5 5 5 5 5 5 5 5 5 5 5 5 5 5 5 5 5 5 5 5 5 5 5 5 5 5 5 5 5 5 5 5 5 5 5 5 5 5 5 5 5 5 5 5 5 5 5 5 5 5 5 5 5 5 5 5 5 5 5 5 5 5 5 5 5 5 5 5 5 5 5 5 5 5 5 5 5 5 5 5 5 5 5 5 5 5 5 5 5 5 5 5 5 5 5 5 5 5 5 5 5 5 5 5 5 5 5 