1 0 0 0 0 

0.715977 0.284023 0 0 0 
0 0.953899 0.0461009 0 0 
0 0 0.439887 0.560113 0 
0 0 0 0.915834 0.0841663 
0 0 0 0 1 


-2.21569e-016 1e-040 1e-040 1e-040 1e-040 1e-040 0.568047 0.431953 1e-040 1e-040 1e-040 1e-040 1e-040 1e-040 1e-040 1e-040 1e-040 1e-040 1e-040 1e-040 1e-040 1e-040 1e-040 1e-040 1e-040 1e-040 1e-040 1e-040 1e-040 1e-040 1e-040 1e-040 
0.0559071 1e-040 1e-040 1e-040 1e-040 1e-040 2.50579e-024 0.944093 1e-040 1e-040 1e-040 1e-040 3.45559e-079 1e-040 1e-040 1e-040 1e-040 1e-040 1e-040 1e-040 1e-040 1e-040 1e-040 1e-040 1e-040 1e-040 1e-040 1e-040 1e-040 1e-040 1e-040 1e-040 
0.44097 1e-040 1e-040 1e-040 1e-040 1e-040 1e-040 0.000189618 1e-040 1e-040 1e-040 1e-040 0.55884 1e-040 5.04358e-038 1e-040 1e-040 1e-040 1e-040 1e-040 1e-040 1e-040 1e-040 1e-040 1e-040 1e-040 1e-040 1e-040 9.93221e-116 1e-040 1e-040 1e-040 
3.09444e-027 1e-040 1e-040 -2.22045e-016 1e-040 1e-040 1.37214e-083 2.9116e-046 1e-040 0.0841663 0.0417987 0.116347 0.00019128 7.0716e-123 0.168333 1e-040 1e-040 1e-040 1e-040 1e-040 1e-040 1e-040 1e-040 1e-040 1e-040 1e-040 1e-040 1e-040 0.589164 1e-040 1e-040 1e-040 
0.0415967 1e-040 1e-040 0.0415967 -2.22045e-016 1e-040 0.0138656 0.651682 0.0554623 2.89634e-011 0.0347108 0.0224297 0.0415967 0.0554623 2.06457e-119 1e-040 1e-040 1e-040 1e-040 1e-040 1e-040 1e-040 1e-040 1e-040 1e-040 1e-040 1e-040 1e-040 0.0415967 1e-040 1e-040 1e-040 


7.1926e-060

8 7 7 8 8 8 8 8 8 8 1 8 8 8 8 8 8 8 8 8 8 8 8 8 8 1 13 15 29 29 29 29 29 29 15 29 12 10 11 12 8 29 29 7 12 11 11 29 14 1 1 1 8 8 8 8 8 8 8 8 8 8 8 8 8 8 8 8 8 8 8 8 8 8 8 8 8 8 8 8 8 8 8 8 8 8 8 8 8 8 8 8 8 8 8 8 13 14 4 8 8 4 4 9 9 9 9 13 14 14 13 13 
1 1 1 2 2 2 2 2 2 2 2 2 2 2 2 2 2 2 2 2 2 2 2 2 2 3 3 4 4 4 4 4 4 4 4 4 4 4 5 5 5 5 5 5 5 5 5 5 5 5 5 5 5 5 5 5 5 5 5 5 5 5 5 5 5 5 5 5 5 5 5 5 5 5 5 5 5 5 5 5 5 5 5 5 5 5 5 5 5 5 5 5 5 5 5 5 5 5 5 5 5 5 5 5 5 5 5 5 5 5 5 5 