1 0 0 0 0 

0.8 0.2 0 0 0 
0 0.8 0.2 0 0 
0 0 0.8 0.2 0 
0 0 0 0.8 0.2 
0 0 0 0 1 


3.33067e-016 1e-040 0.0634179 1.74724e-008 1e-040 1e-040 1e-040 1e-040 0.147456 0.417244 1e-040 0.0087961 0.269609 0.0335545 1.39948e-007 0.01717 1e-040 0.000165305 0.000202416 0.00337224 1.63829e-007 1e-040 0.0142365 1e-040 3.7287e-005 2.28171e-007 1e-040 1e-040 1e-040 1e-040 0.024739 1e-040 
1e-040 -4.44089e-016 0.127088 3.22205e-007 1e-040 1e-040 1e-040 1e-040 0.16384 0.241198 1e-040 0.0307864 0.125888 0.0671093 2.27797e-006 0.0680466 1e-040 0.00166299 0.00182783 0.0234347 2.60447e-006 1e-040 0.0716895 1e-040 0.00045364 3.80422e-006 1e-040 1e-040 1e-040 1e-040 0.0769658 1e-040 
1e-040 1e-040 0.115457 2.93934e-006 1e-040 1e-040 1e-040 1e-040 0.0716801 0.087598 1e-040 0.0500285 0.108208 0.0587247 1.83055e-005 0.126681 1e-040 0.0081822 0.00804833 0.0791851 2.04171e-005 1e-040 0.173117 1e-040 0.0027224 3.12817e-005 1e-040 1e-040 1e-040 1e-040 0.110295 1e-040 
1e-040 1e-040 0.0632512 1.77001e-005 1e-040 1e-040 1e-040 1e-040 0.0153607 0.0368326 1e-040 0.0500323 0.0606759 0.02939 9.68627e-005 0.147137 1e-040 0.0262499 0.0230467 0.173469 0.00010526 1e-040 0.267032 1e-040 0.0107545 0.000169134 1e-040 1e-040 1e-040 1e-040 0.0963791 1e-040 
1e-040 1e-040 0.0234122 0.0760858 -2.22045e-016 1e-040 1e-040 1e-040 0.0653078 0.0335396 1e-040 0.0141498 0.00193586 0.174523 0.0326023 0.0130959 1e-040 0.0849858 0.041678 0.0935075 0.0217321 1e-040 0.0474959 1e-040 0.227502 0.0434671 1e-040 1e-040 1e-040 1e-040 0.00497942 1e-040 


1.32487e-173

13 10 10 10 9 9 13 3 14 10 3 13 31 31 12 16 16 16 23 23 23 23 23 23 23 20 20 20 20 20 20 20 20 20 20 19 19 19 18 18 18 18 18 18 18 25 25 25 19 25 25 25 25 25 18 25 25 25 25 25 25 25 25 21 15 26 26 3 25 25 25 26 26 4 15 25 25 21 14 14 12 14 14 14 14 14 15 14 14 14 14 9 4 10 4 14 4 4 3 14 4 14 14 14 10 10 9 9 9 9 4 9 10 
1 2 3 4 5 5 5 5 5 5 5 5 5 5 5 5 5 5 5 5 5 5 5 5 5 5 5 5 5 5 5 5 5 5 5 5 5 5 5 5 5 5 5 5 5 5 5 5 5 5 5 5 5 5 5 5 5 5 5 5 5 5 5 5 5 5 5 5 5 5 5 5 5 5 5 5 5 5 5 5 5 5 5 5 5 5 5 5 5 5 5 5 5 5 5 5 5 5 5 5 5 5 5 5 5 5 5 5 5 5 5 5 5 