1 0 0 0 0 

0.869282 0.130718 0 0 0 
0 0.7649 0.2351 0 0 
0 0 0.522997 0.477003 0 
0 0 0 0.971429 0.0285714 
0 0 0 0 1 


1 1e-040 1e-040 1e-040 1e-040 1e-040 1e-040 1e-040 1e-040 1e-040 1e-040 1e-040 3.06939e-101 1e-040 1e-040 1e-040 1e-040 1e-040 1e-040 1e-040 1e-040 1e-040 1e-040 1e-040 1e-040 1e-040 1e-040 1e-040 1e-040 1e-040 1e-040 1e-040 
0.294701 1.11022e-016 1e-040 1e-040 1e-040 1e-040 1e-040 1e-040 1e-040 1e-040 1e-040 1e-040 0.705299 1e-040 -3.44309e-062 1e-040 1e-040 1e-040 1e-040 1e-040 1e-040 1e-040 1e-040 3.03014e-222 1e-040 1e-040 1e-040 1e-040 1e-040 1e-040 1e-040 1e-040 
0.0459936 1e-040 1e-040 1e-040 1e-040 1e-040 1e-040 1e-040 1e-040 1e-040 1e-040 1e-040 9.30562e-095 1e-040 0.954006 1e-040 1.11022e-016 1e-040 1e-040 1e-040 1e-040 1e-040 1e-040 3.28936e-060 1e-040 1e-040 1e-040 1e-040 1e-040 1e-040 1e-040 1e-040 
1e-040 1e-040 1e-040 1e-040 1e-040 1e-040 1e-040 1e-040 1e-040 1e-040 1e-040 1e-040 1e-040 1e-040 7.72727e-204 2.21082e-083 1e-040 1e-040 1e-040 1e-040 1e-040 1e-040 1e-040 1 1e-040 1e-040 1e-040 1e-040 1e-040 1e-040 1e-040 1e-040 
0.016129 1e-040 0.0322581 0.0645161 2.22045e-016 1e-040 1e-040 1e-040 0.0967742 0.177419 1e-040 0.0645161 1e-040 0.16129 0.145161 0.112903 1e-040 1e-040 1e-040 1e-040 1e-040 1e-040 0.0806452 4.30545e-167 1e-040 0.016129 1e-040 1e-040 1e-040 1e-040 0.0322581 1e-040 


4.31472e-069

1 1 1 1 1 1 1 1 13 13 13 1 15 15 24 24 24 24 24 24 24 24 24 24 24 24 24 24 24 24 24 24 24 24 24 24 24 24 24 24 24 24 24 24 24 24 24 24 24 16 16 16 26 16 23 23 23 23 23 16 10 10 10 10 9 9 14 14 15 31 10 10 16 16 10 4 4 4 12 12 14 9 9 9 15 15 14 14 14 14 15 15 15 14 4 10 31 10 12 12 10 9 3 14 3 10 15 14 1 15 15 3 
1 1 1 1 1 1 1 1 2 2 2 2 3 3 4 4 4 4 4 4 4 4 4 4 4 4 4 4 4 4 4 4 4 4 4 4 4 4 4 4 4 4 4 4 4 4 4 4 4 5 5 5 5 5 5 5 5 5 5 5 5 5 5 5 5 5 5 5 5 5 5 5 5 5 5 5 5 5 5 5 5 5 5 5 5 5 5 5 5 5 5 5 5 5 5 5 5 5 5 5 5 5 5 5 5 5 5 5 5 5 5 5 