1 0 0 0 0 

0.8 0.2 0 0 0 
0 0.8 0.2 0 0 
0 0 0.8 0.2 0 
0 0 0 0.8 0.2 
0 0 0 0 1 


0.0056295 0.1024 0.36 1.65079e-012 1e-040 1e-040 1e-040 1e-040 0.065536 0.0691941 1e-040 1.16041e-009 0.325767 0.0419189 0.00703687 1e-040 1e-040 1e-040 1e-040 1e-040 1.0784e-008 1.4474e-009 1e-040 1e-040 1e-040 1e-040 0.0189745 0.000272424 2.54674e-008 0.00326732 4.54621e-009 3.69803e-006 
0.022518 0.0768 0.04 4.95814e-011 1e-040 1e-040 1e-040 1e-040 0.08192 0.158293 1e-040 2.46786e-008 0.351651 0.12421 0.0263883 1e-040 1e-040 1e-040 1e-040 1e-040 2.022e-007 3.03954e-008 1e-040 1e-040 1e-040 1e-040 0.0987295 0.00263269 4.9168e-007 0.0168012 9.91472e-008 5.52733e-005 
0.0422212 0.0192 1e-040 7.38596e-010 1e-040 1e-040 1e-040 1e-040 0.04096 0.169146 1e-040 2.59416e-007 0.20332 0.169351 0.0461795 1e-040 1e-040 1e-040 1e-040 1e-040 1.87035e-006 3.15353e-007 1e-040 1e-040 1e-040 1e-040 0.253477 0.0125525 4.68574e-006 0.0431767 1.07408e-006 0.000408027 
0.0492581 0.0016 1e-040 7.27561e-009 1e-040 1e-040 1e-040 1e-040 0.01024 0.11462 1e-040 1.7971e-006 0.0847069 0.140671 0.0500278 1e-040 1e-040 1e-040 1e-040 1e-040 1.13779e-005 2.15491e-006 1e-040 1e-040 1e-040 1e-040 0.431303 0.0394429 2.93859e-005 0.0760936 7.70886e-006 0.00198429 
0.00375575 1e-040 1e-040 0.0373832 1e-040 1e-040 1e-040 1e-040 0.0281002 0.0228386 1e-040 0.0373831 0.00161475 0.0151331 0.0032882 1e-040 1e-040 1e-040 1e-040 1e-040 0.00934517 0.00934568 1e-040 1e-040 1e-040 1e-040 0.121379 0.137621 0.0373816 0.0589094 0.233644 0.242876 


3.50689e-196

3 3 13 2 13 9 13 13 10 10 13 14 14 14 10 15 1 27 27 30 27 27 27 27 27 27 27 27 27 27 30 27 27 27 30 28 28 27 27 28 28 28 30 30 28 28 28 28 30 28 28 28 28 28 28 30 32 32 32 32 32 32 32 32 32 32 32 32 32 32 32 32 32 32 32 21 29 29 29 29 32 32 31 32 22 12 32 32 31 32 31 31 31 32 31 31 31 31 31 31 31 31 31 31 31 31 31 31 31 31 31 31 31 14 10 12 10 9 4 12 12 4 4 4 9 9 31 31 
1 2 3 4 5 5 5 5 5 5 5 5 5 5 5 5 5 5 5 5 5 5 5 5 5 5 5 5 5 5 5 5 5 5 5 5 5 5 5 5 5 5 5 5 5 5 5 5 5 5 5 5 5 5 5 5 5 5 5 5 5 5 5 5 5 5 5 5 5 5 5 5 5 5 5 5 5 5 5 5 5 5 5 5 5 5 5 5 5 5 5 5 5 5 5 5 5 5 5 5 5 5 5 5 5 5 5 5 5 5 5 5 5 5 5 5 5 5 5 5 5 5 5 5 5 5 5 5 