1 0 0 0 0 

0.59017 0.40983 0 0 0 
0 0.935681 0.0643187 0 0 
0 0 0.8278 0.1722 0 
0 0 0 0.922343 0.0776568 
0 0 0 0 1 


-2.3e-009 1e-010 0.462367 5.03544e-018 1e-010 1e-010 1e-010 1e-010 1e-010 0.00361548 1e-010 1e-010 1.05229e-008 0.534018 1e-010 1e-010 2.58243e-131 1e-010 1e-010 1e-010 1e-010 1e-010 1e-010 1e-010 1e-010 1e-010 1e-010 1e-010 7.92189e-156 4.0457e-165 1e-010 1e-010 
1.19382e-006 -2.2e-009 0.441188 0.0643187 1e-010 1e-010 1e-010 1e-010 1e-010 0.256707 1e-010 1e-010 0.0643188 0.173466 1e-010 1e-010 1e-010 1e-010 1e-010 1e-010 1e-010 2.09675e-039 1e-010 1e-010 4.64454e-181 1e-010 1e-010 1e-010 1e-010 1e-010 1e-010 2.22045e-016 
0.172196 1e-010 0.00213447 6.13921e-083 1e-010 1e-010 1e-010 1e-010 1e-010 8.05049e-008 1e-010 1e-010 0.653474 7.22185e-017 1e-010 1e-010 1e-010 1e-010 1e-010 1e-010 1.17654e-063 0.172195 1e-010 1e-010 9.61609e-008 1e-010 1e-010 1e-010 1e-010 1e-010 1e-010 1e-010 
0.0776568 1e-010 0.0776568 -1.9e-009 1e-010 1e-010 1e-010 1e-010 1e-010 0.0776566 1e-010 1e-010 0.093587 1.82676e-036 1e-010 1e-010 0.155314 1e-010 1e-010 1e-010 0.0776568 1.94301e-006 1e-010 1e-010 0.23297 1e-010 1e-010 2.17503e-025 0.0776562 0.129844 1e-010 1e-010 
1.31056e-173 1e-010 1e-010 0.0513727 -1.2e-009 1e-010 1e-010 1e-010 0.0308236 0.0513727 0.0102745 0.0616472 1.34273e-182 0.0308236 0.0410981 0.0102745 9.39994e-031 1e-010 1e-010 1e-010 7.65475e-201 1e-010 1e-010 1e-010 5.85327e-192 0.0308236 1e-010 0.277412 8.17021e-008 0.0547425 0.205491 0.143844 


7.41723e-121

14 3 3 14 10 10 13 3 4 10 3 14 3 3 3 14 10 3 1 13 13 22 13 13 25 25 3 21 25 13 1 17 17 10 29 30 30 30 30 28 28 28 28 28 28 28 30 30 28 28 28 28 28 28 28 28 30 28 28 28 28 28 28 28 28 28 28 28 28 32 32 32 32 32 32 32 26 32 32 32 31 32 32 32 32 31 31 31 31 31 31 31 31 31 31 26 31 31 31 31 12 31 26 16 11 12 31 31 31 9 9 9 10 4 31 4 4 4 10 10 12 14 15 12 12 14 10 4 15 15 15 14 12 10 31 
1 2 2 2 2 2 2 2 2 2 2 2 2 2 2 2 2 2 3 3 3 3 3 3 4 4 4 4 4 4 4 4 4 4 4 5 5 5 5 5 5 5 5 5 5 5 5 5 5 5 5 5 5 5 5 5 5 5 5 5 5 5 5 5 5 5 5 5 5 5 5 5 5 5 5 5 5 5 5 5 5 5 5 5 5 5 5 5 5 5 5 5 5 5 5 5 5 5 5 5 5 5 5 5 5 5 5 5 5 5 5 5 5 5 5 5 5 5 5 5 5 5 5 5 5 5 5 5 5 5 5 5 5 5 5 