1 0 0 0 0 

0.908568 0.0914324 0 0 0 
0 0.679563 0.320437 0 0 
0 0 0.79401 0.20599 0 
0 0 0 0.950218 0.0497819 
0 0 0 0 1 


-2.7e-009 1e-010 0.457152 0.0914324 1e-010 1e-010 1e-010 1e-010 1e-010 1e-010 1e-010 1e-010 0.451416 1e-010 1e-010 1e-010 1e-010 1e-010 1e-010 1e-010 1e-010 1e-010 1e-010 1e-010 1.64977e-014 1e-010 1e-010 1e-010 1e-010 1e-010 1e-010 1e-010 
1e-010 -2.3e-009 3.74694e-005 1.16128e-048 1e-010 1e-010 1e-010 1e-010 1e-010 1e-010 1e-010 1e-010 0.661004 1e-010 0.0185214 1e-010 1e-010 1e-010 1e-010 1e-010 1e-010 1.13665e-027 1e-010 1e-010 0.320437 1e-010 3.34262e-228 1e-010 1e-010 1e-010 1e-010 1.11022e-016 
1e-010 1e-010 5.13718e-169 1e-010 1e-010 1e-010 1e-010 1e-010 1e-010 1e-010 1e-010 1e-010 5.32823e-006 1e-010 0.194084 1e-010 1e-010 1e-010 1e-010 1e-010 1e-010 0.805911 1e-010 1e-010 4.17707e-029 1e-010 1.94014e-011 1e-010 1.13696e-123 1e-010 1e-010 -2.4e-009 
1e-010 1e-010 1e-010 -2.4e-009 1e-010 1e-010 1e-010 1e-010 1e-010 1e-010 1e-010 1e-010 1.34901e-192 1e-010 1.42447e-082 1e-010 1e-010 1e-010 1e-010 1e-010 1e-010 0.0541439 1e-010 1e-010 1e-010 1e-010 0.896074 1e-010 0.0497819 1.55914e-013 1e-010 2.22045e-016 
1e-010 1e-010 1e-010 0.0895522 -2.1e-009 1e-010 1e-010 1e-010 0.0298507 0.104478 0.268657 0.0298507 1e-010 1e-010 1e-010 1e-010 1e-010 1e-010 1e-010 1e-010 1e-010 1e-010 1e-010 1e-010 1e-010 1e-010 2.45196e-023 1e-010 0.0149254 0.328358 0.0149254 0.119403 


2.19152e-067

13 13 3 4 13 13 3 3 3 3 13 13 25 13 15 22 22 22 22 27 27 29 22 27 27 27 27 27 27 27 27 27 27 27 27 27 27 27 27 30 30 30 30 30 30 30 30 30 30 32 32 30 30 30 30 30 30 30 30 30 29 30 30 30 32 32 32 32 32 32 31 9 11 11 11 11 11 11 11 11 10 11 11 11 12 12 4 4 10 10 4 10 10 11 11 4 4 10 10 11 11 11 11 11 9 4 11 
1 1 1 1 1 1 1 1 1 1 2 2 2 2 3 3 3 3 3 4 4 4 4 4 4 4 4 4 4 4 4 4 4 4 4 4 4 4 4 5 5 5 5 5 5 5 5 5 5 5 5 5 5 5 5 5 5 5 5 5 5 5 5 5 5 5 5 5 5 5 5 5 5 5 5 5 5 5 5 5 5 5 5 5 5 5 5 5 5 5 5 5 5 5 5 5 5 5 5 5 5 5 5 5 5 5 5 