1 0 0 0 0 

0.8 0.2 0 0 0 
0 0.8 0.2 0 0 
0 0 0.8 0.2 0 
0 0 0 0.8 0.2 
0 0 0 0 1 


0.0524344 0.000101412 0.301755 0.0171799 0.00314938 0.0517014 1e-010 1e-010 0.0923797 9.72795e-011 1e-010 4.4246e-010 0.226263 0.0550293 0.2 1e-010 5.50862e-006 1e-010 1e-010 1e-010 1e-010 7.48072e-009 1e-010 1e-010 1e-010 7.48289e-007 1e-010 1e-010 4.74284e-010 1e-010 7.76419e-009 1e-010 
0.0787087 0.000862001 0.145384 0.0472446 0.0224534 0.210029 1e-010 1e-010 0.14232 2.45258e-009 1e-010 1.08129e-008 0.23212 0.120796 2.17732e-012 1e-010 7.09912e-005 1e-010 1e-010 1e-010 1e-010 1.53464e-007 1e-010 1e-010 1e-010 1.0476e-005 1e-010 1e-010 1.05528e-008 1e-010 1.62649e-007 1e-010 
0.0495287 0.00355576 0.0656948 0.0590558 0.0788888 0.417283 1e-010 1e-010 0.101375 3.06712e-008 1e-010 1.30905e-007 0.10497 0.11912 3.51155e-011 1e-010 0.000451552 1e-010 1e-010 1e-010 1e-010 1.5585e-006 1e-010 1e-010 1e-010 7.20228e-005 1e-010 1e-010 1.16081e-007 1e-010 1.68442e-006 1e-010 
0.0177965 0.00948203 0.0515701 0.0442919 0.183068 0.546678 1e-010 1e-010 0.0455751 2.53706e-007 1e-010 1.04675e-006 0.0296576 0.0696389 3.74967e-010 1e-010 0.00189345 1e-010 1e-010 1e-010 1e-010 1.04481e-005 1e-010 1e-010 1e-010 0.000324103 1e-010 1e-010 8.41588e-007 1e-010 1.14977e-005 1e-010 
0.00781131 0.00720926 0.109907 0.0322569 0.136141 0.0687716 1e-010 1e-010 0.19451 0.0620155 1e-010 0.0775193 0.0157748 0.0788921 0.0232558 1e-010 0.0619216 1e-010 1e-010 1e-010 1e-010 0.0465112 1e-010 1e-010 1e-010 0.00773615 1e-010 1e-010 0.0077519 1e-010 0.062015 1e-010 


2.70161e-229

15 3 3 13 13 9 1 13 14 9 14 4 3 6 6 6 6 6 6 6 6 6 6 6 6 5 5 5 6 5 5 5 5 5 2 5 6 6 5 5 5 5 5 5 5 5 5 1 5 3 17 17 3 3 3 3 26 3 3 3 3 3 3 3 3 17 17 17 17 17 17 9 9 9 9 9 9 9 14 14 22 22 31 31 31 31 31 14 9 29 22 22 22 22 31 12 12 12 10 14 12 12 12 12 10 12 10 14 14 12 10 31 31 14 4 9 10 13 9 9 9 4 10 10 10 4 9 9 9 15 14 9 9 9 13 4 3 9 12 14 9 9 9 9 15 15 14 9 9 9 
1 2 3 4 5 5 5 5 5 5 5 5 5 5 5 5 5 5 5 5 5 5 5 5 5 5 5 5 5 5 5 5 5 5 5 5 5 5 5 5 5 5 5 5 5 5 5 5 5 5 5 5 5 5 5 5 5 5 5 5 5 5 5 5 5 5 5 5 5 5 5 5 5 5 5 5 5 5 5 5 5 5 5 5 5 5 5 5 5 5 5 5 5 5 5 5 5 5 5 5 5 5 5 5 5 5 5 5 5 5 5 5 5 5 5 5 5 5 5 5 5 5 5 5 5 5 5 5 5 5 5 5 5 5 5 5 5 5 5 5 5 5 5 5 5 5 5 5 5 5 