1 0 0 0 0 

0.8 0.2 0 0 0 
0 0.8 0.2 0 0 
0 0 0.8 0.2 0 
0 0 0 0.8 0.2 
0 0 0 0 1 


0.00311603 0.0093655 0.0212669 0.17718 1e-010 0.00510908 0.00879131 0.00669479 5.46498e-012 0.303395 1e-010 0.0137439 0.240827 0.065536 0.144344 1e-010 0.000228177 1e-010 1e-010 1e-010 1e-010 1e-010 1e-010 1e-010 1e-010 1e-010 1e-010 1e-010 0.000401427 1.82688e-006 1e-010 1e-010 
0.0198228 0.0393426 0.074637 0.0872446 1e-010 0.0230853 0.0414377 0.0294882 1.5555e-010 0.135607 1e-010 0.0412317 0.27015 0.08192 0.150207 1e-010 0.00190781 1e-010 1e-010 1e-010 1e-010 1e-010 1e-010 1e-010 1e-010 1e-010 1e-010 1e-010 0.00389421 2.37494e-005 1e-010 1e-010 
0.0614996 0.0810401 0.124935 0.0590558 1e-010 0.050682 0.0926745 0.0642769 2.19439e-009 0.091118 1e-010 0.0566936 0.17627 0.0409601 0.0742997 1e-010 0.00773901 1e-010 1e-010 1e-010 1e-010 1e-010 1e-010 1e-010 1e-010 1e-010 1e-010 1e-010 0.0186042 0.000151402 1e-010 1e-010 
0.124238 0.110658 0.134672 0.0442918 1e-010 0.0730322 0.130832 0.0942865 2.04561e-008 0.0453853 1e-010 0.0472446 0.0809763 0.0102404 0.0247685 1e-010 0.0202887 1e-010 1e-010 1e-010 1e-010 1e-010 1e-010 1e-010 1e-010 1e-010 1e-010 1e-010 0.0584542 0.000630843 1e-010 1e-010 
0.0500668 0.0282623 0.0123479 0.00162767 -1.4e-009 0.0832369 0.107387 0.272993 0.030303 0.0113381 1e-010 0.0121761 0.0319079 0.101078 0.0104233 1e-010 0.0186786 1e-010 1e-010 1e-010 1e-010 1e-010 1e-010 1e-010 1e-010 1e-010 1e-010 1e-010 0.218113 0.0100602 1e-010 1.11022e-016 


3.85587e-184

10 4 13 15 10 14 13 15 13 13 10 4 12 3 3 2 8 6 7 7 7 2 3 1 1 8 6 2 1 8 1 1 1 17 17 29 29 29 29 29 29 29 29 29 29 29 29 29 29 29 29 29 30 29 29 29 29 29 15 2 6 7 6 6 6 6 6 8 6 8 8 8 8 7 7 7 8 8 8 8 8 8 8 8 8 7 8 8 8 8 7 8 8 7 8 7 7 8 8 8 14 14 14 14 14 8 14 13 10 14 13 13 14 9 9 9 12 14 14 10 
1 2 3 4 5 5 5 5 5 5 5 5 5 5 5 5 5 5 5 5 5 5 5 5 5 5 5 5 5 5 5 5 5 5 5 5 5 5 5 5 5 5 5 5 5 5 5 5 5 5 5 5 5 5 5 5 5 5 5 5 5 5 5 5 5 5 5 5 5 5 5 5 5 5 5 5 5 5 5 5 5 5 5 5 5 5 5 5 5 5 5 5 5 5 5 5 5 5 5 5 5 5 5 5 5 5 5 5 5 5 5 5 5 5 5 5 5 5 5 5 