1 0 0 0 0 

0.8 0.2 0 0 0 
0 0.8 0.2 0 0 
0 0 0.8 0.2 0 
0 0 0 0.8 0.2 
0 0 0 0 1 


-1.39316e-009 0.167936 0.303395 5.20358e-008 1e-010 1e-010 1e-010 1e-010 6.93816e-009 8.83417e-009 1e-010 1e-010 0.324689 1.06799e-011 0.16 1e-010 1e-010 1e-010 1e-010 1e-010 6.49037e-005 1e-010 1e-010 1e-010 2.42834e-010 9.7851e-009 0.0256823 8.51537e-005 2.30241e-006 0.01814 4.76389e-007 5.23447e-006 
1.84549e-010 0.15872 0.135607 9.35926e-007 1e-010 1e-010 1e-010 1e-010 1.45141e-007 1.75769e-007 1e-010 1e-010 0.467761 2.83018e-010 0.04 1e-010 1e-010 1e-010 1e-010 1e-010 0.000584133 1e-010 1e-010 1e-010 5.58517e-009 1.88522e-007 0.122171 0.000804287 3.2776e-005 0.0742409 7.71604e-006 6.97576e-005 
2.46835e-009 0.06016 0.0911201 8.31395e-006 1e-010 1e-010 1e-010 1e-010 1.50392e-006 1.73361e-006 1e-010 1e-010 0.400671 3.71461e-009 1e-010 1e-010 1e-010 1e-010 1e-010 1e-010 0.00255558 1e-010 1e-010 1e-010 6.35313e-008 1.79508e-006 0.28237 0.00370029 0.000230293 0.158659 6.15943e-005 0.000458988 
2.18037e-008 0.01184 0.0453995 4.86326e-005 1e-010 1e-010 1e-010 1e-010 1.02948e-005 1.13056e-005 1e-010 1e-010 0.244585 3.21933e-008 1e-010 1e-010 1e-010 1e-010 1e-010 1e-010 0.00724082 1e-010 1e-010 1e-010 4.76485e-007 1.12634e-005 0.424671 0.011049 0.00106545 0.251756 0.00032307 0.00198905 
0.0111111 7.46667e-005 0.0791377 0.0444412 -1.4e-009 1e-010 1e-010 1e-010 0.144444 0.0666659 1e-010 1e-010 0.00901637 0.0111111 1e-010 1e-010 1e-010 1e-010 1e-010 1e-010 0.0105308 1e-010 1e-010 1e-010 0.0111111 0.0222215 0.0858392 0.0213534 0.088815 0.249845 0.0666448 0.0776376 


1.35666e-170

3 15 13 2 3 2 13 13 13 13 3 13 13 13 30 30 27 27 27 27 27 27 27 27 27 27 30 30 30 27 27 30 30 30 30 30 21 28 30 28 30 30 30 30 30 30 30 30 30 30 32 30 30 30 29 32 32 30 29 29 32 32 29 31 31 31 32 32 31 31 4 29 29 29 4 29 26 10 4 3 3 9 3 9 9 26 31 10 10 9 10 3 25 3 10 4 9 9 10 9 9 9 9 9 9 9 14 3 1 3 3 
1 2 3 4 5 5 5 5 5 5 5 5 5 5 5 5 5 5 5 5 5 5 5 5 5 5 5 5 5 5 5 5 5 5 5 5 5 5 5 5 5 5 5 5 5 5 5 5 5 5 5 5 5 5 5 5 5 5 5 5 5 5 5 5 5 5 5 5 5 5 5 5 5 5 5 5 5 5 5 5 5 5 5 5 5 5 5 5 5 5 5 5 5 5 5 5 5 5 5 5 5 5 5 5 5 5 5 5 5 5 5 