1 0 0 0 0 

0.8 0.2 0 0 0 
0 0.8 0.2 0 0 
0 0 0.8 0.2 0 
0 0 0 0.8 0.2 
0 0 0 0 1 


-1.29999e-009 0.00120775 1.0889e-005 0.36 1e-010 0.0388706 0.0639982 0.0636655 0.128 0.18432 0.159908 2.72634e-008 2.77267e-015 6.01807e-011 2.28761e-014 1.41571e-007 1.63122e-005 1e-010 1e-010 1e-010 1e-010 2.01133e-007 1e-010 1e-010 1e-010 1.86279e-006 1e-010 1e-010 1e-010 1e-010 7.59678e-007 1e-010 
2.3523e-013 0.0101537 0.000119779 0.04 1e-010 0.163575 0.181827 0.147392 0.064 0.15872 0.233964 5.21095e-007 9.91229e-014 1.53408e-009 7.71896e-013 2.34167e-006 0.000203385 1e-010 1e-010 1e-010 1e-010 3.38355e-006 1e-010 1e-010 1e-010 2.73366e-005 1e-010 1e-010 1e-010 1e-010 1.20459e-005 1e-010 
4.05772e-012 0.0419442 0.000643813 3.91596e-009 1e-010 0.333327 0.242027 0.177385 0.008 0.0499202 0.145162 4.94079e-006 1.75943e-012 1.93942e-008 1.29326e-011 1.90882e-005 0.00124676 1e-010 1e-010 1e-010 1e-010 2.80877e-005 1e-010 1e-010 1e-010 0.00019736 1e-010 1e-010 1e-010 1e-010 9.45417e-005 1e-010 
4.63256e-011 0.113735 0.00225335 3.46637e-008 1e-010 0.441429 0.205493 0.174086 8.29558e-009 0.00672128 0.0495616 3.10064e-005 2.06733e-011 1.62167e-007 1.43448e-010 0.000102224 0.00500951 1e-010 1e-010 1e-010 1e-010 0.000153452 1e-010 1e-010 1e-010 0.000934445 1e-010 1e-010 1e-010 1e-010 0.00049003 1e-010 
0.00793651 0.152102 0.00781636 0.0555556 -1.2e-009 0.0485238 0.0121689 0.0252965 0.0238095 0.103187 0.00838908 0.142856 0.00793651 0.103175 0.015873 0.0158681 0.0552986 1e-010 1e-010 1e-010 1e-010 0.0555482 1e-010 1e-010 1e-010 0.0396365 1e-010 1e-010 1e-010 1e-010 0.119024 1e-010 


8.85265e-225

4 4 9 10 10 11 11 11 8 8 7 7 7 7 6 6 6 6 6 6 6 6 6 8 8 8 7 6 8 6 2 2 2 2 2 2 2 2 2 2 2 2 2 2 3 2 2 17 2 17 17 2 2 17 17 17 17 26 26 26 31 26 31 26 31 16 22 22 22 16 31 31 31 12 31 31 31 31 12 31 31 31 22 12 12 22 22 22 31 10 12 12 12 12 12 12 12 10 10 12 14 12 12 12 14 31 10 10 10 12 4 10 4 4 10 14 9 9 11 14 10 4 14 4 2 14 12 12 14 14 14 14 4 14 15 10 10 14 14 1 10 4 9 13 15 10 3 
1 2 3 4 5 5 5 5 5 5 5 5 5 5 5 5 5 5 5 5 5 5 5 5 5 5 5 5 5 5 5 5 5 5 5 5 5 5 5 5 5 5 5 5 5 5 5 5 5 5 5 5 5 5 5 5 5 5 5 5 5 5 5 5 5 5 5 5 5 5 5 5 5 5 5 5 5 5 5 5 5 5 5 5 5 5 5 5 5 5 5 5 5 5 5 5 5 5 5 5 5 5 5 5 5 5 5 5 5 5 5 5 5 5 5 5 5 5 5 5 5 5 5 5 5 5 5 5 5 5 5 5 5 5 5 5 5 5 5 5 5 5 5 5 5 5 5 