1 0 0 0 0 

0.8 0.2 0 0 0 
0 0.8 0.2 0 0 
0 0 0.8 0.2 0 
0 0 0 0.8 0.2 
0 0 0 0 1 


0.0820426 0.058914 0.287031 1e-010 0.041777 6.43139e-009 1e-010 1e-010 1e-010 1e-010 1e-010 7.39933e-007 0.498959 0.000247588 1e-010 1e-010 0.00415052 1e-010 1e-010 1e-010 1e-010 1e-010 1e-010 1e-010 0.0268435 1e-010 1e-010 1e-010 1.53113e-005 1.73901e-005 1e-010 1.27194e-006 
0.0831099 0.108547 0.261099 1e-010 0.164995 1.41476e-007 1e-010 1e-010 1e-010 1e-010 1e-010 1.14353e-005 0.298348 0.00185691 1e-010 1e-010 0.0212138 1e-010 1e-010 1e-010 1e-010 1e-010 1e-010 1e-010 0.060398 1e-010 1e-010 1e-010 0.000184611 0.000218004 1e-010 1.90432e-005 
0.0363601 0.114409 0.155236 1e-010 0.325079 1.54302e-006 1e-010 1e-010 1e-010 1e-010 1e-010 8.70165e-005 0.247525 0.0067313 1e-010 1e-010 0.0515932 1e-010 1e-010 1e-010 1e-010 1e-010 1e-010 1e-010 0.060398 1e-010 1e-010 1e-010 0.00109792 0.00134131 1e-010 0.000140431 
0.0225264 0.105961 0.101651 -1.8e-009 0.441706 1.11271e-005 1e-010 1e-010 1e-010 1e-010 1e-010 0.000434618 0.186985 0.0157064 1e-010 1e-010 0.0794075 1e-010 1e-010 1e-010 1e-010 1e-010 1e-010 1e-010 0.0352322 1e-010 1e-010 1e-010 0.00430023 0.005399 1e-010 0.000680046 
0.037668 0.0200082 0.0677176 1e-010 0.282837 0.291262 1e-010 1e-010 1e-010 1e-010 1e-010 0.038809 0.0372905 0.00851737 1e-010 1e-010 0.0118269 1e-010 1e-010 1e-010 1e-010 1e-010 1e-010 1e-010 0.000831473 1e-010 1e-010 1e-010 0.0871069 0.0676225 1e-010 0.0485029 


3.67725e-190

13 13 3 3 1 13 2 3 13 25 13 13 3 5 5 5 5 5 2 2 17 17 5 5 3 13 5 5 5 5 14 13 13 5 13 5 5 1 5 1 1 5 5 5 1 5 29 29 30 30 30 30 30 30 29 30 29 29 32 32 12 32 12 12 29 32 12 32 29 29 29 5 5 5 5 5 5 5 5 5 5 5 5 6 5 5 6 6 6 6 6 6 6 6 6 6 6 6 6 6 6 6 6 6 6 6 6 6 6 6 6 6 6 5 3 3 3 6 6 3 3 3 2 3 
1 2 3 4 5 5 5 5 5 5 5 5 5 5 5 5 5 5 5 5 5 5 5 5 5 5 5 5 5 5 5 5 5 5 5 5 5 5 5 5 5 5 5 5 5 5 5 5 5 5 5 5 5 5 5 5 5 5 5 5 5 5 5 5 5 5 5 5 5 5 5 5 5 5 5 5 5 5 5 5 5 5 5 5 5 5 5 5 5 5 5 5 5 5 5 5 5 5 5 5 5 5 5 5 5 5 5 5 5 5 5 5 5 5 5 5 5 5 5 5 5 5 5 5 