1 0 0 0 0 

0.8 0.2 0 0 0 
0 0.8 0.2 0 0 
0 0 0.8 0.2 0 
0 0 0 0.8 0.2 
0 0 0 0 1 


9.90336e-008 0.000431123 0.000160142 0.0660196 1e-010 0.00983888 0.0960665 1e-010 2.91044e-012 0.327926 1e-010 3.95908e-008 0.3904 5.23508e-009 0.108768 6.83516e-012 1.50923e-006 1e-010 1e-010 1e-010 1e-010 5.14592e-008 1e-010 1e-010 1e-010 2.63281e-008 1e-010 1e-010 1.194e-006 1e-010 0.000386856 1e-010 
1.63205e-006 0.00408161 0.00129103 0.0851841 1e-010 0.0521357 0.31223 1e-010 8.38726e-011 0.219152 1e-010 7.50787e-007 0.1808 1.10542e-007 0.142374 1.84549e-010 2.28016e-005 1e-010 1e-010 1e-010 1e-010 9.12771e-007 1e-010 1e-010 1e-010 4.67323e-007 1e-010 1e-010 1.62496e-005 1e-010 0.00270799 1e-010 
1.30564e-005 0.0190146 0.00507137 0.0515683 1e-010 0.134218 0.499063 1e-010 1.20007e-009 0.162923 1e-010 7.03975e-006 0.0272 1.15478e-006 0.0914905 2.46835e-009 0.000169585 1e-010 1e-010 1e-010 1e-010 8.00826e-006 1e-010 1e-010 1e-010 4.08908e-006 1e-010 1e-010 0.000108887 1e-010 0.00913948 1e-010 
6.8546e-005 0.0581791 0.0129905 0.0323408 1e-010 0.225276 0.537645 1e-010 1.13686e-008 0.0686825 1e-010 4.35318e-005 0.0016 7.95748e-006 0.041987 2.18037e-008 0.000827676 1e-010 1e-010 1e-010 1e-010 4.63513e-005 1e-010 1e-010 1e-010 2.35122e-005 1e-010 1e-010 0.000479508 1e-010 0.0198022 1e-010 
0.00774871 0.136368 0.0457553 0.0761584 -1.2e-009 0.0534315 0.0525192 1e-010 0.0775194 0.0705937 1e-010 0.131781 0.00775194 0.108527 0.0703636 0.00775194 0.046472 1e-010 1e-010 1e-010 1e-010 0.0310056 1e-010 1e-010 1e-010 0.00775085 1e-010 1e-010 0.0309843 1e-010 0.037518 1.11022e-016 


2.70161e-229

10 13 13 13 15 4 10 10 10 15 7 7 7 7 7 7 7 7 7 6 6 6 6 7 7 6 7 4 31 6 7 6 3 7 2 2 6 2 2 2 2 2 2 2 2 2 2 2 2 2 2 6 15 15 29 3 3 15 17 2 17 17 17 17 17 1 15 15 15 22 15 26 15 29 12 12 12 22 12 29 29 22 14 3 14 15 2 14 22 14 12 14 10 12 12 12 12 12 12 12 10 4 10 10 12 10 10 12 16 12 31 31 14 9 4 14 14 14 31 14 9 10 12 12 4 14 14 3 9 9 9 10 14 14 4 4 4 4 4 13 4 10 9 31 3 9 9 9 9 14 
1 2 3 4 5 5 5 5 5 5 5 5 5 5 5 5 5 5 5 5 5 5 5 5 5 5 5 5 5 5 5 5 5 5 5 5 5 5 5 5 5 5 5 5 5 5 5 5 5 5 5 5 5 5 5 5 5 5 5 5 5 5 5 5 5 5 5 5 5 5 5 5 5 5 5 5 5 5 5 5 5 5 5 5 5 5 5 5 5 5 5 5 5 5 5 5 5 5 5 5 5 5 5 5 5 5 5 5 5 5 5 5 5 5 5 5 5 5 5 5 5 5 5 5 5 5 5 5 5 5 5 5 5 5 5 5 5 5 5 5 5 5 5 5 5 5 5 5 5 5 