1 0 0 0 0 

0.844735 0.155265 0 0 0 
0 0.755275 0.244725 0 0 
0 0 0.881981 0.118019 0 
0 0 0 0.95455 0.0454503 
0 0 0 0 1 


-2.7e-009 1e-010 1e-010 1e-010 1e-010 1e-010 1e-010 1e-010 1e-010 0.310531 1e-010 1e-010 6.97588e-037 0.378939 0.310531 1e-010 1e-010 1e-010 1e-010 1e-010 1e-010 1e-010 1e-010 1e-010 1e-010 1e-010 1e-010 1e-010 1e-010 1e-010 1e-010 1e-010 
1e-010 -2.5e-009 1e-010 1e-010 1e-010 1e-010 1e-010 1e-010 0.0399052 6.96473e-213 1e-010 5.93878e-062 0.439113 0.520982 2.5805e-028 1e-010 1e-010 1e-010 1e-010 1e-010 1e-010 1e-010 1e-010 1e-010 1e-010 1e-010 1e-010 1e-010 1e-010 1e-010 1e-010 1e-010 
1e-010 1e-010 -2.1e-009 1e-010 1e-010 1e-010 1e-010 1e-010 0.0987749 1e-010 0.118019 0.354058 0.260314 0.168834 1.23734e-064 3.44086e-018 1e-010 1e-010 1e-010 2.56664e-196 1e-010 1e-010 3.6517e-159 2.47453e-168 1e-010 1e-010 1e-010 1e-010 1e-010 1e-010 1e-010 1e-010 
1e-010 1e-010 1e-010 -2.1e-009 1e-010 1e-010 1e-010 1e-010 6.27181e-214 1e-010 1e-010 3.16766e-057 5.88396e-131 1.41525e-121 1e-010 0.409052 1e-010 1.48365e-149 9.44123e-005 0.409052 1e-010 1e-010 0.0454503 0.136351 1e-010 1e-010 1e-010 1e-010 1e-010 1e-010 1e-010 1e-010 
1e-010 1e-010 0.0657913 0.144741 -1.8e-009 1e-010 1e-010 1e-010 0.157899 0.052633 1e-010 0.0394748 0.0394748 0.105266 0.052633 1e-010 1e-010 0.0921078 0.0394474 1.16489e-094 1e-010 1e-010 1e-010 1e-010 0.144741 0.0657913 1e-010 1e-010 1e-010 1e-010 1e-010 1e-010 


6.48963e-106

15 14 14 10 10 15 14 13 14 13 14 9 12 11 13 13 14 12 12 16 16 16 16 16 16 16 16 16 23 24 24 24 20 20 20 20 20 20 20 20 20 19 19 19 18 18 18 18 18 18 18 25 25 25 25 25 25 25 25 25 26 26 26 26 25 9 14 14 3 25 26 13 14 15 15 9 9 9 9 4 14 14 4 15 13 3 3 9 14 14 9 9 14 4 10 4 4 9 9 9 4 10 4 4 10 10 12 4 4 12 13 3 15 12 4 3 9 13 
1 1 1 1 1 1 2 2 2 2 2 3 3 3 3 3 3 3 3 4 4 4 4 4 4 4 4 4 4 4 4 4 4 4 4 4 4 4 4 4 4 5 5 5 5 5 5 5 5 5 5 5 5 5 5 5 5 5 5 5 5 5 5 5 5 5 5 5 5 5 5 5 5 5 5 5 5 5 5 5 5 5 5 5 5 5 5 5 5 5 5 5 5 5 5 5 5 5 5 5 5 5 5 5 5 5 5 5 5 5 5 5 5 5 5 5 5 5 