1 0 0 0 0 

0.833333 0.166667 0 0 0 
0 0.833333 0.166667 0 0 
0 0 0.71155 0.28845 0 
0 0 0 0.945989 0.0540114 
0 0 0 0 1 


-2.6e-009 1e-010 0.333333 0.166667 1e-010 1e-010 1e-010 1e-010 1e-010 6.68525e-022 1e-010 1e-010 0.408248 0.0917517 1e-010 1e-010 1e-010 1e-010 1e-010 1e-010 1e-010 1e-010 1e-010 1e-010 1e-010 1e-010 1e-010 1e-010 1e-010 1e-010 1e-010 1e-010 
1e-010 -2.2e-009 1.02113e-237 7.82218e-014 1e-010 1e-010 1e-010 1e-010 1e-010 0.333333 1e-010 0.166667 0.0917517 0.408248 1e-010 1e-010 1e-010 1e-010 1e-010 1e-010 1e-010 1e-010 1e-010 1e-010 1e-010 1e-010 7.27996e-113 1e-010 2.28168e-019 1e-010 1e-010 2.22045e-016 
1e-010 1e-010 -2.4e-009 1e-010 1e-010 1e-010 1e-010 1e-010 1e-010 1.41829e-205 1e-010 4.40449e-131 2.96484e-211 7.29568e-009 1e-010 1e-010 1e-010 1e-010 1e-010 1e-010 1e-010 1e-010 1e-010 1e-010 1e-010 1e-010 0.4231 1e-010 0.5769 1.57903e-236 1e-010 1e-010 
1e-010 1e-010 1e-010 4.79763e-079 1e-010 1e-010 1e-010 1e-010 1e-010 4.73651e-102 1e-010 2.58554e-165 8.52121e-131 3.88183e-193 1e-010 1e-010 1e-010 1e-010 1e-010 1e-010 1.50611e-204 1e-010 1e-010 1e-010 1e-010 1e-010 1 1.1144e-091 3.07489e-017 1.21396e-022 1e-010 -2.1e-009 
1e-010 0.0169438 0.0169438 0.0677753 -1.4e-009 1e-010 1e-010 1e-010 0.0169438 0.0508314 1e-010 0.0677753 1e-010 0.0169438 0.0508314 1e-010 1e-010 1e-010 1e-010 1e-010 0.0338876 0.0169438 1e-010 1e-010 1e-010 0.0508314 0.0172587 0.0677753 0.0847191 0.186382 0.0508314 0.186382 


3.32878e-079

13 13 3 3 4 14 13 10 14 10 12 14 29 27 29 27 27 27 27 27 27 27 27 27 27 27 27 27 27 27 27 27 27 27 30 30 30 30 27 28 28 28 28 30 30 32 30 32 21 30 30 30 32 32 32 32 32 29 32 32 29 29 22 32 32 29 4 2 29 21 15 12 12 12 31 26 26 26 14 4 4 15 12 15 10 10 30 3 10 31 31 9 4 14 
1 1 1 1 1 1 1 2 2 2 2 2 3 3 3 4 4 4 4 4 4 4 4 4 4 4 4 4 4 4 4 4 4 4 5 5 5 5 5 5 5 5 5 5 5 5 5 5 5 5 5 5 5 5 5 5 5 5 5 5 5 5 5 5 5 5 5 5 5 5 5 5 5 5 5 5 5 5 5 5 5 5 5 5 5 5 5 5 5 5 5 5 5 5 