1 0 0 0 0 

0.8 0.2 0 0 0 
0 0.8 0.2 0 0 
0 0 0.8 0.2 0 
0 0 0 0.8 0.2 
0 0 0 0 1 


0.113854 1e-010 0.180429 0.0087961 1e-010 1e-010 1e-010 1e-010 0.18432 0.0335545 1e-010 3.95389e-008 7.41069e-010 0.443862 0.0189247 1.15792e-009 9.49714e-005 2.12676e-005 0.00724577 1e-010 1e-010 0.00703687 0.00184467 1e-010 1.47681e-005 1.56928e-007 1e-010 1e-010 5.51698e-007 1e-010 2.42987e-007 1e-010 
0.196005 -1.2e-009 0.142647 0.0307865 1e-010 1e-010 1e-010 1e-010 0.15872 0.0671097 1e-010 7.21348e-007 1.61183e-008 0.237612 0.0830999 2.46058e-008 0.00102599 0.000217993 0.0464994 1e-010 1e-010 0.0263883 0.00968454 1e-010 0.000187998 2.47161e-006 1e-010 1e-010 8.33678e-006 1e-010 4.03414e-006 1e-010 
0.161756 1e-010 0.0571841 0.0500291 1e-010 1e-010 1e-010 1e-010 0.0499201 0.0587272 1e-010 6.49919e-006 1.73271e-007 0.22441 0.173206 2.58361e-007 0.00544006 0.00108997 0.146549 1e-010 1e-010 0.0461795 0.0242114 1e-010 0.00117709 1.9155e-005 1e-010 1e-010 6.19511e-005 1e-010 3.30194e-005 1e-010 
0.0857375 1e-010 0.0165481 0.0500365 1e-010 1e-010 1e-010 1e-010 0.00672092 0.0293999 1e-010 3.85629e-005 1.22734e-006 0.16366 0.228083 1.787e-006 0.018879 0.00354239 0.303579 1e-010 1e-010 0.0500278 0.0383346 1e-010 0.00483268 9.73711e-005 1e-010 1e-010 0.000301768 1e-010 0.000177639 1e-010 
0.00231778 1e-010 0.0327821 0.0684974 -1.2e-009 1e-010 1e-010 1e-010 0.0434956 0.0658266 1e-010 0.0543453 0.0108695 0.0940465 0.157429 0.0108695 0.107313 0.0106048 0.168268 1e-010 1e-010 0.00382432 0.00684374 1e-010 0.0866189 0.0108631 1e-010 1e-010 0.0217189 1e-010 0.0434666 1e-010 


1.32487e-173

14 14 3 9 9 1 3 14 10 1 1 14 14 14 4 22 15 15 15 15 15 23 19 19 19 19 19 19 19 19 19 19 19 19 19 19 19 19 19 19 17 18 17 17 17 17 17 17 25 25 17 17 25 25 25 25 25 25 17 15 29 29 3 26 15 31 31 3 31 10 14 15 12 12 14 31 14 4 15 15 15 15 10 10 12 16 15 13 15 15 15 4 9 9 14 10 12 12 15 14 3 4 4 4 10 9 10 4 14 14 14 9 9 
1 2 3 4 5 5 5 5 5 5 5 5 5 5 5 5 5 5 5 5 5 5 5 5 5 5 5 5 5 5 5 5 5 5 5 5 5 5 5 5 5 5 5 5 5 5 5 5 5 5 5 5 5 5 5 5 5 5 5 5 5 5 5 5 5 5 5 5 5 5 5 5 5 5 5 5 5 5 5 5 5 5 5 5 5 5 5 5 5 5 5 5 5 5 5 5 5 5 5 5 5 5 5 5 5 5 5 5 5 5 5 5 5 