1 0 0 0 0 

0.8 0.2 0 0 0 
0 0.8 0.2 0 0 
0 0 0.8 0.2 0 
0 0 0 0.8 0.2 
0 0 0 0 1 


1.53963e-006 0.000900911 0.20992 1.08558e-009 1e-010 1e-010 0.208725 1e-010 2.58225e-014 1.84565e-009 1.1871e-012 0.0524288 3.71844e-014 0.36 3.69972e-007 1e-010 8.73157e-005 1e-010 1e-010 1e-010 1e-010 1e-010 1e-010 1e-010 1e-010 1e-010 1e-010 1e-010 1.92574e-007 1e-010 0.167936 1e-010 
2.3066e-005 0.00774202 0.14592 2.40986e-008 1e-010 1e-010 0.568051 1e-010 8.58598e-013 3.98994e-008 3.45771e-011 0.0786434 1.24981e-012 0.0400002 6.13685e-006 1e-010 0.000890616 1e-010 1e-010 1e-010 1e-010 1e-010 1e-010 1e-010 1e-010 1e-010 1e-010 1e-010 3.29362e-006 1e-010 0.15872 1e-010 
0.000170135 0.0327298 0.03872 2.64728e-007 1e-010 1e-010 0.81452 1e-010 1.41669e-011 4.26119e-007 4.99524e-010 0.0491542 2.08478e-011 1.64737e-006 5.0273e-005 1e-010 0.00446516 1e-010 1e-010 1e-010 1e-010 1e-010 1e-010 1e-010 1e-010 1e-010 1e-010 1e-010 2.77752e-005 1e-010 0.06016 1e-010 
0.000824746 0.091023 0.00512 1.91903e-006 1e-010 1e-010 0.859652 1e-010 1.54655e-010 3.03486e-006 3.07231e-009 0.0163992 2.30104e-010 1.04899e-005 0.000271239 1e-010 0.0147008 1e-010 1e-010 1e-010 1e-010 1e-010 1e-010 1e-010 1e-010 1e-010 1e-010 1e-010 0.000153974 1e-010 0.01184 1e-010 
0.0555151 0.161413 1.26984e-005 0.0873015 -1.5e-009 1e-010 0.0932164 1e-010 0.00793651 0.0714284 0.015873 0.222356 0.015873 0.0555551 0.0952251 1e-010 0.0626927 1e-010 1e-010 1e-010 1e-010 1e-010 1e-010 1e-010 1e-010 1e-010 1e-010 1e-010 0.0396752 1e-010 0.0159263 1.11022e-016 


8.85265e-225

14 14 3 31 3 31 12 7 7 7 7 7 7 7 7 7 7 7 7 7 7 7 7 7 7 7 7 7 7 7 7 2 2 2 2 2 2 2 2 17 17 17 2 2 2 2 2 2 2 2 2 17 2 17 17 17 2 1 2 17 1 1 1 1 15 15 15 29 29 29 29 15 1 1 15 15 15 14 2 15 12 29 12 14 10 12 12 12 4 4 12 12 10 12 12 12 12 12 12 10 10 12 10 10 10 15 12 4 4 31 12 12 12 12 12 4 11 14 4 12 4 4 12 12 12 31 10 12 12 12 12 11 4 9 13 13 14 14 4 14 15 4 15 10 15 14 14 
1 2 3 4 5 5 5 5 5 5 5 5 5 5 5 5 5 5 5 5 5 5 5 5 5 5 5 5 5 5 5 5 5 5 5 5 5 5 5 5 5 5 5 5 5 5 5 5 5 5 5 5 5 5 5 5 5 5 5 5 5 5 5 5 5 5 5 5 5 5 5 5 5 5 5 5 5 5 5 5 5 5 5 5 5 5 5 5 5 5 5 5 5 5 5 5 5 5 5 5 5 5 5 5 5 5 5 5 5 5 5 5 5 5 5 5 5 5 5 5 5 5 5 5 5 5 5 5 5 5 5 5 5 5 5 5 5 5 5 5 5 5 5 5 5 5 5 