1 0 0 0 0 

0.8 0.2 0 0 0 
0 0.8 0.2 0 0 
0 0 0.8 0.2 0 
0 0 0 0.8 0.2 
0 0 0 0 1 


-1.4e-009 6.49037e-005 0.125934 0.00879609 1e-010 1e-010 1e-010 1e-010 2.41238e-014 0.00703687 1e-010 0.0634239 0.411863 8.11297e-005 0.354799 0.00648518 1.68365e-006 0.000254938 1e-010 1e-010 2.81502e-006 0.0111236 1e-010 1e-010 1e-010 1e-010 1e-010 1.29022e-007 1e-010 1e-010 0.0101331 6.59172e-010 
1e-010 0.000584132 0.209427 0.0307863 1e-010 1e-010 1e-010 1e-010 8.1508e-013 0.0263883 1e-010 0.114377 0.25932 0.000709885 0.218963 0.0299039 2.33373e-005 0.00259207 1e-010 1e-010 4.24406e-005 0.0652211 1e-010 1e-010 1e-010 1e-010 1e-010 2.25922e-006 1e-010 1e-010 0.0416583 1.51422e-008 
1e-010 0.00255558 0.160078 0.0500278 1e-010 1e-010 1e-010 1e-010 1.36737e-011 0.0461795 1e-010 0.102753 0.0937702 0.00301702 0.195347 0.0652572 0.000158836 0.0129645 1e-010 1e-010 0.000315624 0.187053 1e-010 1e-010 1e-010 1e-010 1e-010 1.95552e-005 1e-010 1e-010 0.0805019 1.72129e-007 
1e-010 0.00724082 0.0748323 0.0500278 1e-010 1e-010 1e-010 1e-010 1.51857e-010 0.0500278 1e-010 0.0655186 0.0280576 0.00829688 0.133402 0.0895766 0.000707528 0.0425662 1e-010 1e-010 0.00154398 0.35098 1e-010 1e-010 1e-010 1e-010 1e-010 0.000111567 1e-010 1e-010 0.0971092 1.29089e-006 
1e-010 0.00734708 0.0244081 0.0488512 -1.4e-009 1e-010 1e-010 1e-010 0.0155039 0.0879987 1e-010 0.126121 0.000270884 0.0150347 0.0115306 0.0158441 0.0154693 0.137272 1e-010 1e-010 0.131709 0.216497 1e-010 1e-010 1e-010 1e-010 1e-010 0.0465065 1e-010 1e-010 0.0763797 0.0232558 


2.70161e-229

15 13 13 15 13 3 12 13 3 3 15 15 15 12 4 10 31 31 16 16 22 22 22 22 22 22 22 22 22 22 22 22 22 22 22 14 2 18 18 18 18 18 18 18 18 18 18 18 18 18 18 18 18 18 18 17 17 21 21 21 21 21 21 21 21 21 21 28 21 21 28 21 21 22 22 28 28 28 28 22 22 22 21 22 22 22 22 21 22 22 32 21 22 22 32 32 22 22 22 31 14 31 31 12 12 16 12 31 31 12 12 12 12 12 12 12 12 31 31 12 31 31 12 12 12 10 4 4 10 10 3 15 12 10 9 3 3 4 4 10 10 4 9 10 4 10 10 10 10 10 
1 2 3 4 5 5 5 5 5 5 5 5 5 5 5 5 5 5 5 5 5 5 5 5 5 5 5 5 5 5 5 5 5 5 5 5 5 5 5 5 5 5 5 5 5 5 5 5 5 5 5 5 5 5 5 5 5 5 5 5 5 5 5 5 5 5 5 5 5 5 5 5 5 5 5 5 5 5 5 5 5 5 5 5 5 5 5 5 5 5 5 5 5 5 5 5 5 5 5 5 5 5 5 5 5 5 5 5 5 5 5 5 5 5 5 5 5 5 5 5 5 5 5 5 5 5 5 5 5 5 5 5 5 5 5 5 5 5 5 5 5 5 5 5 5 5 5 5 5 5 