1 0 0 0 0 

0.8 0.2 0 0 0 
0 0.8 0.2 0 0 
0 0 0.8 0.2 0 
0 0 0 0.8 0.2 
0 0 0 0 1 


0.01718 0.0247656 0.259091 2.66797e-008 1e-010 1e-010 1e-010 1e-010 0.0524288 6.5106e-008 1e-010 7.01983e-009 0.11911 0.20992 0.2 1e-010 0.00041255 0.000126765 0.0108954 1e-010 2.70495e-005 1e-010 1e-010 1e-010 0.00362415 4.78905e-007 6.96898e-006 1e-010 0.102405 6.42261e-006 1e-010 1e-010 
0.0472467 0.0772317 0.189035 5.02969e-007 1e-010 1e-010 1e-010 1e-010 0.0786441 1.19009e-006 1e-010 1.35776e-007 0.300009 0.14592 1.10585e-006 1e-010 0.0037911 0.00104581 0.0633124 1e-010 0.000297678 1e-010 1e-010 1e-010 0.016431 6.94412e-006 8.01433e-005 1e-010 0.0768663 7.93907e-005 1e-010 1e-010 
0.059072 0.111591 0.099725 4.6866e-006 1e-010 1e-010 1e-010 1e-010 0.0491595 1.07659e-005 1e-010 1.29784e-006 0.38336 0.0387217 9.19805e-006 1e-010 0.0170968 0.00418325 0.179306 1e-010 0.00160669 1e-010 1e-010 1e-010 0.0355425 4.94769e-005 0.000450806 1e-010 0.0196292 0.000480804 1e-010 1e-010 
0.0443762 0.100483 0.039833 2.87814e-005 1e-010 1e-010 1e-010 1e-010 0.0164276 6.42834e-005 1e-010 8.1767e-006 0.339239 0.00513074 5.03621e-005 1e-010 0.0505591 0.0108067 0.330636 1e-010 0.00566979 1e-010 1e-010 1e-010 0.0494791 0.000230892 0.00165296 1e-010 0.00342228 0.00190136 1e-010 1e-010 
0.0216063 0.0142964 0.0806158 0.0699983 -1.2e-009 1e-010 1e-010 1e-010 0.100167 0.129996 1e-010 0.0399995 0.0229141 0.0700154 0.039997 1e-010 0.166407 0.00919187 0.100793 1e-010 0.0296199 1e-010 1e-010 1e-010 0.0147462 0.00998561 0.00989046 1e-010 0.0498839 0.0198766 1e-010 1e-010 


1.20496e-185

15 3 14 29 14 3 9 13 3 13 13 1 2 2 13 13 13 13 25 13 19 19 19 19 19 19 19 19 19 19 19 19 19 18 17 17 17 17 17 17 2 25 21 17 17 17 27 21 21 30 30 29 17 29 29 17 17 17 26 17 17 17 3 17 1 3 29 15 3 29 10 9 9 10 4 4 14 12 10 10 10 3 3 1 4 10 4 15 15 10 3 3 14 14 14 9 10 10 12 12 10 4 9 14 10 9 9 4 9 9 3 12 10 10 9 15 14 4 14 9 4 
1 2 3 4 5 5 5 5 5 5 5 5 5 5 5 5 5 5 5 5 5 5 5 5 5 5 5 5 5 5 5 5 5 5 5 5 5 5 5 5 5 5 5 5 5 5 5 5 5 5 5 5 5 5 5 5 5 5 5 5 5 5 5 5 5 5 5 5 5 5 5 5 5 5 5 5 5 5 5 5 5 5 5 5 5 5 5 5 5 5 5 5 5 5 5 5 5 5 5 5 5 5 5 5 5 5 5 5 5 5 5 5 5 5 5 5 5 5 5 5 5 