1 0 0 0 0 

0.8 0.2 0 0 0 
0 0.8 0.2 0 0 
0 0 0.8 0.2 0 
0 0 0 0.8 0.2 
0 0 0 0 1 


0.0947587 0.148707 0.128057 3.57508e-009 0.0255585 0.0744957 1e-010 1e-010 1.24757e-008 3.03542e-010 1e-010 4.12522e-008 0.527936 1.32652e-007 8.70713e-008 1e-010 0.000486513 1e-010 1e-010 1e-010 1e-010 4.41712e-009 1e-010 1e-010 1e-010 1e-010 1e-010 1e-010 5.5214e-009 1e-010 1e-010 1e-010 
0.154752 0.23741 0.0645934 7.4245e-008 0.120024 0.220213 1e-010 1e-010 2.46971e-007 6.90558e-009 1e-010 7.12444e-007 0.198723 2.33373e-006 1.49345e-006 1e-010 0.00427913 1e-010 1e-010 1e-010 1e-010 8.72381e-008 1e-010 1e-010 1e-010 1e-010 1e-010 1e-010 1.07667e-007 1e-010 1e-010 1e-010 
0.113347 0.211478 0.0110159 7.63637e-007 0.278408 0.307158 1e-010 1e-010 2.41725e-006 7.76878e-008 1e-010 6.06615e-006 0.0601841 2.02859e-005 1.26528e-005 1e-010 0.018365 1e-010 1e-010 1e-010 1e-010 8.50571e-007 1e-010 1e-010 1e-010 1e-010 1e-010 1e-010 1.0363e-006 1e-010 1e-010 1e-010 
0.0591583 0.165023 0.0100559 5.18578e-006 0.430216 0.272037 1e-010 1e-010 1.55963e-005 5.76184e-007 1e-010 3.39537e-005 0.0119679 0.000116206 7.06236e-005 1e-010 0.0512881 1e-010 1e-010 1e-010 1e-010 5.45783e-006 1e-010 1e-010 1e-010 1e-010 1e-010 1e-010 6.56322e-006 1e-010 1e-010 1e-010 
0.0626587 0.161563 0.0737382 0.0425529 0.146053 0.0173455 1e-010 1e-010 0.0425522 0.0106383 1e-010 0.0319127 0.0745313 0.148929 0.0851019 1e-010 0.0811479 1e-010 1e-010 1e-010 1e-010 0.010638 1e-010 1e-010 1e-010 1e-010 1e-010 1e-010 0.0106379 1e-010 1e-010 1e-010 


1.29382e-176

13 13 3 13 2 13 1 1 2 2 6 6 6 6 6 5 2 5 5 5 6 5 5 5 5 5 5 2 1 5 2 5 5 17 17 17 17 17 17 3 5 5 17 3 5 3 2 2 2 2 2 5 17 3 2 2 2 2 2 2 5 3 2 2 3 13 13 15 14 12 14 14 15 14 1 1 1 9 29 22 9 4 14 14 9 13 15 15 9 4 14 10 14 4 14 14 14 4 12 12 15 14 14 13 13 15 14 13 13 15 15 1 1 3 3 
1 2 3 4 5 5 5 5 5 5 5 5 5 5 5 5 5 5 5 5 5 5 5 5 5 5 5 5 5 5 5 5 5 5 5 5 5 5 5 5 5 5 5 5 5 5 5 5 5 5 5 5 5 5 5 5 5 5 5 5 5 5 5 5 5 5 5 5 5 5 5 5 5 5 5 5 5 5 5 5 5 5 5 5 5 5 5 5 5 5 5 5 5 5 5 5 5 5 5 5 5 5 5 5 5 5 5 5 5 5 5 5 5 5 5 