1 0 0 0 0 

0.818549 0.181451 0 0 0 
0 0.904661 0.0953392 0 0 
0 0 0.666667 0.333333 0 
0 0 0 0.973638 0.0263617 
0 0 0 0 1 


-3.27683e-009 1e-010 0.544352 1e-010 1e-010 1e-010 1e-010 1e-010 0.274197 1e-010 1e-010 1e-010 1.97733e-112 0.181451 1e-010 1e-010 1e-010 1e-010 1e-010 1e-010 1e-010 1e-010 1e-010 1e-010 1e-010 1e-010 1e-010 1e-010 1e-010 1e-010 1e-010 1e-010 
0.476696 -2.5e-009 4.14477e-041 1e-010 1e-010 1e-010 1e-010 1e-010 0.237286 1e-010 1e-010 1e-010 0.286018 1e-010 1e-010 1e-010 1e-010 5.65415e-125 1e-010 1e-010 1e-010 1e-010 1e-010 1e-010 5.75842e-031 1e-010 1e-010 1e-010 1e-010 1e-010 1e-010 1e-010 
3.91972e-012 1e-010 -2.4e-009 1e-010 1e-010 1e-010 1e-010 1e-010 1.87031e-213 1e-010 1e-010 1e-010 5.66656e-234 1e-010 1e-010 2.46521e-009 1e-010 0.333333 1e-010 1e-010 1e-010 1e-010 1e-010 1e-010 0.666667 1.23912e-161 1e-010 1e-010 1e-010 1e-010 1e-010 1e-010 
1e-010 1e-010 0.0263617 -2.2e-009 1e-010 1e-010 1e-010 1e-010 1e-010 1e-010 3.09253e-009 2.74678e-141 1e-010 1e-010 1e-010 0.36732 1e-010 1.59696e-193 1e-010 1e-010 1e-010 1e-010 0.395425 0.0527233 6.33202e-049 0.15817 1e-010 1e-010 1e-010 1e-010 1e-010 1e-010 
1e-010 1e-010 0.104023 0.0832187 -1.7e-009 1e-010 1e-010 1e-010 0.124828 0.145633 0.0208047 0.145633 0.0416094 0.104023 0.0416094 0.0221803 1e-010 1e-010 1e-010 1e-010 1e-010 1e-010 2.64644e-025 4.10787e-113 1e-010 2.66744e-122 1e-010 1e-010 1e-010 1e-010 0.166437 1e-010 


1.47296e-082

14 9 3 3 3 9 1 1 13 13 1 9 13 1 9 1 25 18 25 16 26 26 26 3 26 23 23 23 23 23 23 24 26 26 24 16 16 23 23 23 23 23 23 23 23 23 16 16 16 16 16 16 16 16 16 16 16 11 12 12 31 16 31 31 12 10 15 4 3 31 10 12 4 12 12 12 31 9 31 31 31 10 14 3 9 13 10 3 14 10 10 14 14 10 9 9 9 13 4 4 15 3 3 14 9 3 
1 1 1 1 1 1 2 2 2 2 2 2 2 2 2 2 3 3 3 4 4 4 4 4 4 4 4 4 4 4 4 4 4 4 4 4 4 4 4 4 4 4 4 4 4 4 4 4 4 4 4 4 4 4 4 4 4 5 5 5 5 5 5 5 5 5 5 5 5 5 5 5 5 5 5 5 5 5 5 5 5 5 5 5 5 5 5 5 5 5 5 5 5 5 5 5 5 5 5 5 5 5 5 5 5 5 