1 0 0 0 0 

0.8 0.2 0 0 0 
0 0.8 0.2 0 0 
0 0 0.8 0.2 0 
0 0 0 0.8 0.2 
0 0 0 0 1 


0.017181 1e-010 0.024739 1e-010 0.119562 1e-010 1e-010 4.78905e-007 1.82688e-006 2.10637e-006 1e-010 1e-010 0.65079 0.102401 0.08192 1e-010 3.7451e-006 1e-010 1e-010 1e-010 1e-010 1e-010 1e-010 1e-010 1e-010 0.00147574 1e-010 1e-010 6.49037e-005 0.00184925 1e-010 8.71123e-006 
0.0472616 -1.7e-009 0.0769659 1e-010 0.341843 1e-010 1e-010 6.94412e-006 2.37494e-005 2.8683e-005 1e-010 1e-010 0.351654 0.0768129 0.08192 1e-010 4.84807e-005 1e-010 1e-010 1e-010 1e-010 1e-010 1e-010 1e-010 1e-010 0.00811657 1e-010 1e-010 0.000584133 0.0146351 1e-010 9.80013e-005 
0.0591829 1e-010 0.110295 1e-010 0.514432 1e-010 1e-010 4.94769e-005 0.000151402 0.000191768 1e-010 1e-010 0.183967 0.0192912 0.0307203 1e-010 0.000307846 1e-010 1e-010 1e-010 1e-010 1e-010 1e-010 1e-010 1e-010 0.021306 1e-010 1e-010 0.00255558 0.0570102 1e-010 0.000539007 
0.0449168 1e-010 0.0963834 -1.7e-009 0.564464 1e-010 1e-010 0.000230892 0.000630844 0.000839162 1e-010 1e-010 0.0932029 0.00202148 0.00512216 1e-010 0.00127802 1e-010 1e-010 1e-010 1e-010 1e-010 1e-010 1e-010 1e-010 0.03551 1e-010 1e-010 0.00724083 0.146228 1e-010 0.00193144 
0.0779404 1e-010 0.0944061 1e-010 0.370867 1e-010 1e-010 0.01264 0.0126071 0.0379075 1e-010 1e-010 0.045594 0.0252831 0.0126783 1e-010 0.0252128 1e-010 1e-010 1e-010 1e-010 1e-010 1e-010 1e-010 1e-010 0.00845517 1e-010 1e-010 0.0119971 0.251916 1e-010 0.0124951 


4.8879e-154

13 13 13 14 15 13 13 13 5 5 5 1 3 3 5 5 5 5 5 13 5 5 26 5 5 5 5 5 30 30 30 30 30 30 30 30 29 30 30 30 30 30 30 30 30 32 30 30 30 30 30 17 9 17 10 10 14 5 8 1 1 1 5 14 1 5 5 5 1 5 5 5 5 5 5 5 5 5 1 5 5 5 5 10 15 5 5 3 13 3 3 3 3 5 5 3 3 13 13 3 
1 2 3 4 5 5 5 5 5 5 5 5 5 5 5 5 5 5 5 5 5 5 5 5 5 5 5 5 5 5 5 5 5 5 5 5 5 5 5 5 5 5 5 5 5 5 5 5 5 5 5 5 5 5 5 5 5 5 5 5 5 5 5 5 5 5 5 5 5 5 5 5 5 5 5 5 5 5 5 5 5 5 5 5 5 5 5 5 5 5 5 5 5 5 5 5 5 5 5 5 