1 0 0 0 0 

0.833333 0.166667 0 0 0 
0 0.875 0.125 0 0 
0 0 0.75 0.25 0 
0 0 0 0.954545 0.0454545 
0 0 0 0 1 


0.333333 1e-010 0.333333 1e-010 1e-010 1e-010 1e-010 1e-010 2.15694e-151 0.166667 1e-010 1e-010 0.166667 1e-010 1e-010 1e-010 1e-010 1e-010 1e-010 1e-010 1e-010 1e-010 1e-010 1e-010 1e-010 1e-010 1e-010 1e-010 1e-010 1e-010 1e-010 1e-010 
4.42589e-079 -2.6e-009 0.25 3.92871e-120 1e-010 1e-010 1e-010 1e-010 0.75 1e-010 1e-010 1e-010 4.10463e-024 1e-010 1e-010 1e-010 1e-010 1e-010 1e-010 1e-010 1e-010 1e-010 1e-010 1e-010 1e-010 1e-010 1e-010 1e-010 1e-010 1e-010 1e-010 1e-010 
1e-010 1e-010 -2.6e-009 0.5 1e-010 1e-010 1e-010 1e-010 2.86067e-119 1e-010 1e-010 1e-010 1e-010 1e-010 1e-010 0.5 1e-010 1e-010 1e-010 1e-010 1e-010 1e-010 1.08025e-014 1e-010 1e-010 1e-010 1e-010 1e-010 1e-010 1e-010 1e-010 1.11022e-016 
1e-010 1e-010 1e-010 -2.4e-009 1e-010 1e-010 1e-010 1e-010 1e-010 1e-010 1e-010 1e-010 1e-010 1e-010 1e-010 4.8998e-207 0.0909091 0.181818 0.0909091 0.409091 1e-010 1e-010 0.227273 1e-010 4.0435e-160 1e-010 1e-010 1e-010 1e-010 1e-010 1e-010 1e-010 
0.103448 0.0229885 0.103448 0.0574713 -1.4e-009 1e-010 1e-010 1e-010 0.103448 0.0344828 1e-010 1e-010 0.045977 0.126437 0.103448 1e-010 1.29396e-190 1e-010 1e-010 1e-010 0.0114943 1e-010 1e-010 1e-010 0.206897 0.0344828 0.0114943 1e-010 0.0114943 1e-010 0.0114943 0.0114943 


2.29168e-118

10 3 3 1 1 13 9 9 3 3 9 9 9 9 4 4 16 16 23 23 23 23 23 20 20 20 20 20 20 20 20 20 19 19 18 18 18 18 17 17 25 25 25 25 25 21 25 25 25 25 25 26 26 25 25 25 27 25 25 25 25 15 26 15 15 15 3 31 32 15 25 15 3 4 14 14 14 14 14 4 15 15 4 10 4 4 14 29 15 3 14 14 9 3 14 9 10 9 9 9 9 9 13 9 9 3 2 3 10 1 3 3 1 14 3 1 1 2 14 13 1 1 1 13 13 1 1 1 
1 1 1 1 1 1 2 2 2 2 2 2 2 2 3 3 3 3 4 4 4 4 4 4 4 4 4 4 4 4 4 4 4 4 4 4 4 4 4 4 5 5 5 5 5 5 5 5 5 5 5 5 5 5 5 5 5 5 5 5 5 5 5 5 5 5 5 5 5 5 5 5 5 5 5 5 5 5 5 5 5 5 5 5 5 5 5 5 5 5 5 5 5 5 5 5 5 5 5 5 5 5 5 5 5 5 5 5 5 5 5 5 5 5 5 5 5 5 5 5 5 5 5 5 5 5 5 5 