1 0 0 0 0 

0.827881 0.172119 0 0 0 
0 0.901865 0.0981347 0 0 
0 0 0.857143 0.142857 0 
0 0 0 0.9375 0.0625 
0 0 0 0 1 


-2.7e-009 1e-010 1e-010 5.1559e-087 1e-010 1e-010 1e-010 1e-010 0.655762 1e-010 1e-010 1e-010 5.85767e-012 0.344238 1e-010 1e-010 1e-010 1e-010 1e-010 1e-010 1e-010 1e-010 1e-010 1e-010 1e-010 1e-010 1e-010 1e-010 1e-010 1e-010 1e-010 1e-010 
6.04839e-195 -2.5e-009 4.09367e-011 0.0981347 1e-010 1e-010 1e-010 1e-010 0.803731 1e-010 1e-010 1e-010 0.0981347 1.34047e-055 1e-010 1e-010 1e-010 1e-010 1e-010 1e-010 1e-010 1e-010 1e-010 1e-010 1e-010 1e-010 1e-010 1e-010 1e-010 1e-010 1e-010 1e-010 
0.142857 1e-010 0.142857 1e-010 1e-010 1e-010 1e-010 1e-010 4.16113e-050 1e-010 1e-010 1e-010 0.142857 0.142857 0.142857 1e-010 1e-010 1e-010 7.69473e-049 0.285714 1e-010 1e-010 1e-010 1e-010 1e-010 1e-010 1e-010 1e-010 1e-010 1e-010 1e-010 1e-010 
1e-010 1e-010 1e-010 -2.5e-009 1e-010 1e-010 1e-010 1e-010 1e-010 1e-010 1e-010 1e-010 1e-010 1e-010 1e-010 1e-010 1.84503e-023 0.375 0.625 3.99185e-039 1.05004e-132 1e-010 1e-010 1e-010 1e-010 1e-010 7.67601e-097 1e-010 1e-010 1e-010 1e-010 1e-010 
1e-010 1e-010 0.0724638 0.0289855 -1.6e-009 1e-010 1e-010 1e-010 0.0144928 0.0144928 1e-010 1e-010 0.130435 0.0434783 0.0724638 1e-010 0.115942 9.46321e-090 1e-010 1e-010 0.289855 0.0144928 1e-010 1e-010 0.057971 0.0144928 0.057971 1e-010 0.0724638 1e-010 1e-010 1e-010 


2.9516e-089

9 9 9 14 14 9 9 13 9 4 9 9 9 9 9 9 3 14 1 13 15 20 20 19 19 19 19 19 19 19 19 19 18 18 18 18 19 18 18 17 17 17 17 27 27 27 27 21 21 21 21 21 21 21 21 21 21 21 21 21 21 17 21 21 21 21 21 26 25 21 17 29 29 29 29 29 15 22 3 17 13 13 13 3 17 25 3 4 4 15 13 25 14 14 3 15 13 15 15 14 13 25 13 3 13 13 9 10 15 
1 1 1 1 1 2 2 2 2 2 2 2 2 2 2 2 3 3 3 3 3 3 3 4 4 4 4 4 4 4 4 4 4 4 4 4 4 4 4 5 5 5 5 5 5 5 5 5 5 5 5 5 5 5 5 5 5 5 5 5 5 5 5 5 5 5 5 5 5 5 5 5 5 5 5 5 5 5 5 5 5 5 5 5 5 5 5 5 5 5 5 5 5 5 5 5 5 5 5 5 5 5 5 5 5 5 5 5 5 