1 0 0 0 0 

0.864262 0.135738 0 0 0 
0 0.784122 0.215878 0 0 
0 0 0.500154 0.499846 0 
0 0 0 0.975 0.0249997 
0 0 0 0 1 


0.271476 0.135738 1e-010 1e-010 1e-010 1e-010 1e-010 0.407202 1e-010 1e-010 0.185584 1e-010 2.55607e-034 1e-010 6.66667e-140 1e-010 1e-010 1e-010 1e-010 1e-010 1e-010 1e-010 1e-010 1e-010 1e-010 1e-010 1e-010 1e-010 1e-010 1e-010 1e-010 1e-010 
2.04505e-118 -2.4e-009 1e-010 1e-010 1e-010 1e-010 1e-010 1.93457e-005 1e-010 1e-010 0.352348 1e-010 0.215878 1e-010 0.431755 1.37803e-011 1e-010 1e-010 1e-010 1e-010 1e-010 7.85305e-101 1e-010 1e-010 1e-010 1e-010 1e-010 1e-010 1e-010 1e-010 1e-010 1e-010 
1.9739e-246 1e-010 -2.2e-009 1e-010 1e-010 1e-010 1e-010 2.8906e-229 1e-010 1e-010 0.000307533 1e-010 1.91823e-216 1e-010 1.77634e-105 0.499846 1e-010 1e-010 1e-010 1e-010 1e-010 0.499846 1e-010 1e-010 1e-010 1e-010 1e-010 7.60004e-014 1e-010 1e-010 1e-010 6.33664e-088 
1e-010 1e-010 1e-010 -2.3e-009 1e-010 1e-010 1e-010 1e-010 1.63318e-186 1e-010 1.59976e-198 1e-010 1e-010 1e-010 1e-010 3.15505e-035 1e-010 1e-010 1e-010 1e-010 1e-010 4.62018e-051 1e-010 1e-010 1e-010 1.35634e-005 1e-010 0.474994 1e-010 1e-010 0.0249997 0.499993 
1e-010 1e-010 0.0178573 0.178573 -2e-009 1e-010 1e-010 1e-010 0.285717 0.0535719 1e-010 1e-010 0.0357146 0.0535719 0.0535719 0.0178573 1e-010 1e-010 1e-010 1e-010 1e-010 1e-010 1e-010 1e-010 1e-010 0.0178476 1e-010 1e-010 1e-010 1e-010 0.285717 1.11033e-016 


2.78942e-071

2 1 8 8 1 11 8 11 13 15 15 11 16 22 28 28 28 28 28 28 32 32 32 32 32 28 28 28 28 28 28 28 28 28 28 32 28 32 32 32 32 32 28 28 32 32 32 32 32 32 32 31 32 32 26 16 31 9 9 9 9 9 9 9 9 31 31 31 31 31 9 4 31 4 9 31 31 4 4 31 31 31 14 10 4 31 31 9 9 4 9 9 4 4 31 31 4 4 9 14 15 13 13 15 15 9 3 14 10 10 9 
1 1 1 1 1 1 1 2 2 2 2 2 3 3 4 4 4 4 4 4 4 4 4 4 4 4 4 4 4 4 4 4 4 4 4 4 4 4 4 4 4 4 4 4 4 4 4 4 4 4 4 4 4 4 5 5 5 5 5 5 5 5 5 5 5 5 5 5 5 5 5 5 5 5 5 5 5 5 5 5 5 5 5 5 5 5 5 5 5 5 5 5 5 5 5 5 5 5 5 5 5 5 5 5 5 5 5 5 5 5 5 