1 0 0 0 0 

0.867998 0.132002 0 0 0 
0 0.773978 0.226022 0 0 
0 0 0.5 0.5 0 
0 0 0 0.961538 0.0384615 
0 0 0 0 1 


-2.7e-009 0.132002 0.396006 1e-010 1e-010 1e-010 1e-010 1e-010 0.132002 1e-010 1e-010 1e-010 0.33999 1e-010 1e-010 1e-010 1e-010 1e-010 1e-010 1e-010 1e-010 1e-010 1e-010 1e-010 1e-010 1e-010 1e-010 1e-010 1e-010 1e-010 1e-010 1e-010 
1e-010 1.58251e-008 1.33331e-025 1e-010 1e-010 1e-010 1e-010 1e-010 1e-010 2.49547e-047 1e-010 1e-010 1 1e-010 1e-010 -2.7e-009 1e-010 1e-010 1e-010 1e-010 1e-010 1e-010 1e-010 1e-010 1e-010 1e-010 1e-010 1e-010 1e-010 1e-010 1e-010 1e-010 
1e-010 2.05318e-123 -2.6e-009 1e-010 1e-010 1e-010 1e-010 1e-010 1e-010 0.5 1e-010 1e-010 8.64387e-146 1e-010 1e-010 1.93483e-110 1e-010 1e-010 1e-010 1e-010 1e-010 1e-010 1e-010 1e-010 1e-010 1e-010 1e-010 1e-010 1e-010 1e-010 0.5 1e-010 
1e-010 4.61072e-134 2.71196e-135 -1.9e-009 1e-010 1e-010 1e-010 1e-010 1e-010 1.57937e-124 1e-010 1e-010 7.89684e-124 1e-010 1e-010 0.615385 1e-010 1.13509e-134 5.15685e-013 0.115385 1e-010 1e-010 0.192308 0.0769231 2.39961e-033 1e-010 1e-010 1e-010 1e-010 1e-010 6.05079e-039 1e-010 
1e-010 1e-010 0.025974 0.0779221 -1.3e-009 1e-010 1e-010 1e-010 0.12987 0.0519481 1e-010 0.0649351 0.012987 0.0649351 0.0909091 0.0909091 0.0519481 0.038961 0.038961 1.26965e-066 1e-010 1e-010 2.01824e-203 2.72864e-212 0.103896 0.103896 1e-010 1e-010 1e-010 1e-010 0.0519481 1e-010 


7.93482e-110

13 9 13 3 3 3 2 13 13 13 13 13 10 31 16 16 16 16 16 16 16 16 16 16 16 16 16 16 16 16 23 23 23 23 24 20 20 24 23 20 19 25 19 19 25 18 18 18 17 17 17 25 17 26 26 26 25 25 25 25 13 26 25 15 26 26 15 3 3 26 15 16 16 16 26 16 16 15 15 15 16 16 31 31 14 10 31 10 10 12 12 12 31 9 9 12 12 4 14 9 4 14 9 15 4 9 9 14 4 9 10 9 4 9 4 14 9 14 
1 1 1 1 1 1 1 2 2 2 2 2 3 3 4 4 4 4 4 4 4 4 4 4 4 4 4 4 4 4 4 4 4 4 4 4 4 4 4 4 5 5 5 5 5 5 5 5 5 5 5 5 5 5 5 5 5 5 5 5 5 5 5 5 5 5 5 5 5 5 5 5 5 5 5 5 5 5 5 5 5 5 5 5 5 5 5 5 5 5 5 5 5 5 5 5 5 5 5 5 5 5 5 5 5 5 5 5 5 5 5 5 5 5 5 5 5 5 