1 0 0 0 0 

0.833333 0.166667 0 0 0 
0 0.75 0.25 0 0 
0 0 0.888889 0.111111 0 
0 0 0 0.928571 0.0714286 
0 0 0 0 1 


0.166667 1e-010 3.27465e-099 1e-010 1e-010 1e-010 1e-010 1e-010 0.166667 3.83644e-024 1e-010 1e-010 0.333333 0.333333 1e-010 1e-010 1e-010 1e-010 1e-010 1e-010 1e-010 1e-010 1e-010 1e-010 1e-010 1e-010 1e-010 1e-010 1e-010 1e-010 1e-010 1e-010 
6.84082e-243 -2.2e-009 0.25 1e-010 1e-010 1e-010 1e-010 1e-010 1e-010 0.5 1e-010 0.25 1e-010 1.85195e-010 1e-010 4.74607e-011 1e-010 1.24089e-197 1e-010 8.2969e-140 1e-010 4.93187e-050 1e-010 1e-010 1e-010 1e-010 1e-010 1e-010 1e-010 1e-010 1e-010 1e-010 
1e-010 1e-010 -2.5e-009 1e-010 1e-010 1e-010 1e-010 1e-010 1e-010 2.3154e-015 1e-010 1.09767e-024 1e-010 1e-010 1e-010 0.444444 1e-010 2.43864e-188 1e-010 2.79631e-042 1e-010 0.555556 1e-010 1e-010 1e-010 1e-010 1e-010 1e-010 1e-010 1e-010 1e-010 1e-010 
1e-010 1e-010 1e-010 -2.6e-009 1e-010 1e-010 1e-010 1e-010 1e-010 1e-010 1e-010 1e-010 1e-010 1e-010 1e-010 8.11729e-228 1e-010 0.357143 1e-010 0.642857 1e-010 3.89717e-045 1e-010 1e-010 5.46426e-043 1e-010 1e-010 1e-010 1e-010 1e-010 1e-010 1e-010 
1e-010 1e-010 0.155172 0.0344828 -1.9e-009 1e-010 1e-010 1e-010 0.0172414 0.0344828 0.0172414 1e-010 0.0344828 0.103448 0.172414 1e-010 1e-010 4.61713e-067 1e-010 1e-010 0.0344828 1e-010 1e-010 1e-010 0.396552 1e-010 1e-010 1e-010 1e-010 1e-010 1e-010 1.11022e-016 


5.28719e-064

13 9 14 13 1 14 10 3 12 10 16 16 16 16 22 22 22 22 22 20 20 20 20 20 20 20 20 20 18 18 18 18 18 25 25 25 25 25 25 25 25 25 25 25 25 21 25 25 21 25 25 15 25 15 25 25 25 25 25 3 3 3 25 15 14 9 14 15 13 13 15 15 15 15 3 3 3 15 15 14 14 3 10 14 3 4 14 4 10 3 11 14 
1 1 1 1 1 1 2 2 2 2 3 3 3 3 3 3 3 3 3 4 4 4 4 4 4 4 4 4 4 4 4 4 4 5 5 5 5 5 5 5 5 5 5 5 5 5 5 5 5 5 5 5 5 5 5 5 5 5 5 5 5 5 5 5 5 5 5 5 5 5 5 5 5 5 5 5 5 5 5 5 5 5 5 5 5 5 5 5 5 5 5 5 