1 0 0 0 0 

0.8 0.2 0 0 0 
0 0.8 0.2 0 0 
0 0 0.8 0.2 0 
0 0 0 0.8 0.2 
0 0 0 0 1 


0.00013758 6.48663e-005 1.36118e-005 2.06504e-012 1e-010 0.00108803 0.132712 0.230326 5.92958e-010 0.288 0.065536 5.10228e-010 0.000158456 0.28192 1e-010 1e-010 4.34245e-005 1e-010 1e-010 1e-010 6.36065e-009 9.93852e-009 1e-010 1e-010 1e-010 1e-010 1e-010 1e-010 7.90573e-008 2.4264e-008 1.51882e-010 2.42834e-010 
0.00131868 0.000662486 0.000146332 5.96274e-011 1e-010 0.00719311 0.425086 0.295952 1.30461e-008 0.104 0.08192 1.24837e-008 0.00126765 0.0819202 1e-010 1e-010 0.000531094 1e-010 1e-010 1e-010 1.2792e-007 1.94905e-007 1e-010 1e-010 1e-010 1e-010 1e-010 1e-010 1.45326e-006 4.51579e-007 3.73173e-009 5.58517e-009 
0.0061692 0.00330154 0.000768302 8.54421e-010 1e-010 0.0228865 0.696931 0.182122 1.41893e-007 0.00800003 0.04096 1.51461e-007 0.00491215 0.0307218 1e-010 1e-010 0.00320569 1e-010 1e-010 1e-010 1.27036e-006 1.88687e-006 1e-010 1e-010 1e-010 1e-010 1e-010 1e-010 1.32144e-005 4.14593e-006 4.54354e-008 6.35313e-008 
0.0187776 0.0106983 0.00262548 8.10156e-009 1e-010 0.046657 0.810435 0.0702817 1.01707e-006 2.5839e-007 0.01024 1.21505e-006 0.0122804 0.00513167 1e-010 1e-010 0.0127453 1e-010 1e-010 1e-010 8.30506e-006 1.20211e-005 1e-010 1e-010 1e-010 1e-010 1e-010 1e-010 7.92695e-005 2.50315e-005 3.65547e-007 4.76485e-007 
0.0299844 0.022685 0.0153661 0.0387597 -1.1e-009 0.0124874 0.113753 0.000826245 0.0310077 0.0620155 5.2093e-005 0.162791 0.00703029 0.0852832 1e-010 1e-010 0.20091 1e-010 1e-010 1e-010 0.0155035 0.0232553 1e-010 1e-010 1e-010 1e-010 1e-010 1e-010 0.0852677 0.0155027 0.0697674 0.00775192 


2.70161e-229

14 10 10 8 14 11 8 8 8 7 7 7 7 7 7 7 7 7 7 7 7 7 7 7 7 7 6 6 7 7 7 7 13 7 7 7 7 1 1 1 2 2 2 3 1 17 17 17 17 17 17 17 17 17 17 17 17 17 17 17 17 17 17 17 17 17 17 17 17 17 17 29 29 29 30 30 14 29 22 22 21 21 29 29 29 29 14 29 9 3 14 29 32 29 12 12 10 31 31 12 12 12 12 12 12 12 12 12 12 10 10 31 31 31 4 12 14 14 10 12 12 12 12 14 4 14 14 9 4 31 14 10 10 10 31 31 31 12 12 12 14 14 22 12 9 9 10 4 4 4 
1 2 3 4 5 5 5 5 5 5 5 5 5 5 5 5 5 5 5 5 5 5 5 5 5 5 5 5 5 5 5 5 5 5 5 5 5 5 5 5 5 5 5 5 5 5 5 5 5 5 5 5 5 5 5 5 5 5 5 5 5 5 5 5 5 5 5 5 5 5 5 5 5 5 5 5 5 5 5 5 5 5 5 5 5 5 5 5 5 5 5 5 5 5 5 5 5 5 5 5 5 5 5 5 5 5 5 5 5 5 5 5 5 5 5 5 5 5 5 5 5 5 5 5 5 5 5 5 5 5 5 5 5 5 5 5 5 5 5 5 5 5 5 5 5 5 5 5 5 5 