1 0 0 0 0 

0.8 0.2 0 0 0 
0 0.8 0.2 0 0 
0 0 0.8 0.2 0 
0 0 0 0.8 0.2 
0 0 0 0 1 


0.00879609 2.23974e-012 0.629178 5.31955e-008 1e-010 1e-010 1e-010 1e-010 1.46191e-007 2.82549e-007 1e-010 8.31739e-008 0.305367 0.0214749 8.24503e-007 0.000220325 1e-010 0.0056295 1e-010 1e-010 1e-010 1e-010 0.000536646 0.00361119 0.00703687 0.0181446 1e-010 1e-010 1e-010 1e-010 3.79282e-006 1e-010 
0.0307863 -1.43673e-009 0.560623 9.83483e-007 1e-010 1e-010 1e-010 1e-010 2.56715e-006 4.48221e-006 1e-010 1.38297e-006 0.187778 0.0536875 1.24314e-005 0.00213354 1e-010 0.022518 1e-010 1e-010 1e-010 1e-010 0.00455095 0.0235799 0.0263883 0.0878819 1e-010 1e-010 1e-010 1e-010 5.10207e-005 1e-010 
0.0500278 8.85819e-010 0.333748 8.98373e-006 1e-010 1e-010 1e-010 1e-010 2.22899e-005 3.49964e-005 1e-010 1.1344e-005 0.157804 0.0604015 9.22059e-005 0.0102398 1e-010 0.0422212 1e-010 1e-010 1e-010 1e-010 0.0189566 0.0745216 0.0461795 0.205393 1e-010 1e-010 1e-010 1e-010 0.000338471 1e-010 
0.0500278 8.19383e-009 0.173089 5.40649e-005 1e-010 1e-010 1e-010 1e-010 0.000127651 0.000179282 1e-010 6.12167e-005 0.0884568 0.040287 0.000448478 0.0325669 1e-010 0.0492581 1e-010 1e-010 1e-010 1e-010 0.0517749 0.151958 0.0500278 0.310205 1e-010 1e-010 1e-010 1e-010 0.00147774 1e-010 
0.00295892 0.00980392 0.0540864 0.10784 -1.4e-009 1e-010 1e-010 1e-010 0.147051 0.029401 1e-010 0.0196042 0.0912056 0.0403995 0.0587964 0.154649 1e-010 0.00393986 1e-010 1e-010 1e-010 1e-010 0.0747148 0.0561926 0.00344939 0.0773714 1e-010 1e-010 1e-010 1e-010 0.0685357 1e-010 


1.17672e-188

13 3 3 3 3 3 13 13 3 3 14 3 3 13 1 25 18 26 26 26 26 26 26 26 24 24 24 24 24 24 26 23 23 24 26 16 16 23 23 23 23 23 16 16 16 16 16 23 16 16 16 16 31 31 16 16 16 16 16 15 31 15 15 10 10 31 12 31 9 9 9 31 4 4 14 9 4 31 4 9 14 12 14 9 9 9 26 26 4 4 9 9 9 14 13 13 9 10 4 3 9 13 9 3 3 9 15 13 13 15 15 13 13 2 13 4 4 13 4 3 3 4 25 
1 2 3 4 5 5 5 5 5 5 5 5 5 5 5 5 5 5 5 5 5 5 5 5 5 5 5 5 5 5 5 5 5 5 5 5 5 5 5 5 5 5 5 5 5 5 5 5 5 5 5 5 5 5 5 5 5 5 5 5 5 5 5 5 5 5 5 5 5 5 5 5 5 5 5 5 5 5 5 5 5 5 5 5 5 5 5 5 5 5 5 5 5 5 5 5 5 5 5 5 5 5 5 5 5 5 5 5 5 5 5 5 5 5 5 5 5 5 5 5 5 5 5 