1 0 0 0 0 

0.8 0.2 0 0 0 
0 0.8 0.2 0 0 
0 0 0.8 0.2 0 
0 0 0 0.8 0.2 
0 0 0 0 1 


-1.4e-009 1e-010 0.0207808 1.64008e-009 1e-010 1e-010 1e-010 1e-010 0.24192 1.18858e-008 1e-010 1.58795e-006 0.0799616 0.63482 1e-010 3.29101e-008 0.000247445 0.000285221 0.00955634 0.0121694 0.000155833 1e-010 1e-010 1e-010 1e-010 1e-010 1e-010 1.70141e-005 5.35333e-005 1e-010 5.11727e-006 2.61589e-005 
1e-010 -1.4e-009 0.06762 3.53761e-008 1e-010 1e-010 1e-010 1e-010 0.12192 2.27898e-007 1e-010 2.15897e-005 0.135224 0.557021 1e-010 5.75927e-007 0.00215602 0.00231346 0.0552564 0.0558326 0.00156656 1e-010 1e-010 1e-010 1e-010 1e-010 1e-010 0.000178648 0.000503359 1e-010 6.94209e-005 0.000315442 
1e-010 1e-010 0.102873 3.77417e-007 1e-010 1e-010 1e-010 1e-010 0.0307201 2.16712e-006 1e-010 0.000145254 0.133209 0.423616 1e-010 4.96737e-006 0.00912835 0.00909539 0.155725 0.122206 0.00770106 1e-010 1e-010 1e-010 1e-010 1e-010 1e-010 0.000915572 0.00232376 1e-010 0.000465503 0.00186775 
1e-010 1e-010 0.0972724 2.65397e-006 1e-010 1e-010 1e-010 1e-010 0.00512072 1.36406e-005 1e-010 0.000646503 0.109526 0.239418 1e-010 2.81484e-005 0.0250196 0.0230871 0.285687 0.170097 0.0246763 1e-010 1e-010 1e-010 1e-010 1e-010 1e-010 0.00305191 0.00705338 1e-010 0.00205968 0.00724061 
1e-010 1e-010 0.00535836 0.0384614 -1.4e-009 1e-010 1e-010 1e-010 0.0769384 0.0961531 1e-010 0.182653 0.00683073 0.0839002 1e-010 0.00961376 0.0270889 0.0175586 0.0814315 0.0211392 0.0656683 1e-010 1e-010 1e-010 1e-010 1e-010 1e-010 0.00941523 0.0379839 1e-010 0.163337 0.0764688 


1.14914e-191

14 9 14 14 9 13 14 14 14 14 14 14 3 14 13 3 13 20 20 20 19 19 19 20 19 19 19 19 19 19 19 19 18 18 17 17 17 29 21 21 21 21 28 21 21 21 32 32 32 32 32 31 32 12 31 31 29 32 29 29 32 31 31 14 14 31 31 12 31 14 16 12 12 31 31 10 31 31 31 12 12 31 12 12 12 4 12 31 31 4 9 10 10 10 10 10 12 12 12 12 10 12 12 12 10 10 10 12 31 12 4 4 14 14 14 14 9 9 9 9 9 9 9 14 31 
1 2 3 4 5 5 5 5 5 5 5 5 5 5 5 5 5 5 5 5 5 5 5 5 5 5 5 5 5 5 5 5 5 5 5 5 5 5 5 5 5 5 5 5 5 5 5 5 5 5 5 5 5 5 5 5 5 5 5 5 5 5 5 5 5 5 5 5 5 5 5 5 5 5 5 5 5 5 5 5 5 5 5 5 5 5 5 5 5 5 5 5 5 5 5 5 5 5 5 5 5 5 5 5 5 5 5 5 5 5 5 5 5 5 5 5 5 5 5 5 5 5 5 5 5 