1 0 0 0 0 

0.8 0.2 0 0 0 
0 0.8 0.2 0 0 
0 0 0.8 0.2 0 
0 0 0 0.8 0.2 
0 0 0 0 1 


-1.5e-009 1e-010 0.396751 0.065536 1e-010 1e-010 1e-010 1e-010 0.128 3.83824e-007 1e-010 8.21048e-007 0.2 2.35026e-006 4.2131e-006 1e-010 0.00581335 0.00666389 0.119806 1e-010 0.00132935 1e-010 1e-010 1e-010 0.0754975 1e-010 1e-010 1e-010 0.000542883 5.1923e-005 3.87541e-007 1e-010 
1e-010 -1.5e-009 0.277388 0.0819201 1e-010 1e-010 1e-010 1e-010 0.0640005 5.96157e-006 1e-010 1.29181e-005 3.10734e-007 3.02445e-005 5.49107e-005 1e-010 0.0340553 0.0333367 0.353341 1e-010 0.0104998 1e-010 1e-010 1e-010 0.14051 1e-010 1e-010 1e-010 0.00435805 0.000480287 5.73832e-006 1e-010 
1e-010 1e-010 0.0992319 0.0409611 1e-010 1e-010 1e-010 1e-010 0.00800411 4.58017e-005 1e-010 0.000100211 2.80595e-006 0.000191417 0.000352391 1e-010 0.0962252 0.0794925 0.501308 1e-010 0.0403897 1e-010 1e-010 1e-010 0.113777 1e-010 1e-010 1e-010 0.017715 0.00216129 4.18209e-005 1e-010 
1e-010 1e-010 0.023784 0.0102476 1e-010 1e-010 1e-010 1e-010 2.36635e-005 0.000232253 1e-010 0.000511158 1.66766e-005 0.000795161 0.00148514 1e-010 0.174683 0.120223 0.45927 1e-010 0.100869 1e-010 1e-010 1e-010 0.0523314 1e-010 1e-010 1e-010 0.0490241 0.00630377 0.000200067 1e-010 
1e-010 1e-010 0.0762416 0.0435508 -1.5e-009 1e-010 1e-010 1e-010 0.0217376 0.0543324 1e-010 0.119531 0.0434772 0.11951 0.108593 1e-010 0.0483273 0.0195807 0.0307758 1e-010 0.0895061 1e-010 1e-010 1e-010 0.0118416 1e-010 1e-010 1e-010 0.180889 0.0103806 0.0217257 1e-010 


1.32487e-173

13 3 9 3 3 4 3 25 25 19 19 19 19 19 19 19 19 19 19 18 18 17 18 17 17 17 17 17 29 21 21 21 21 21 21 21 21 30 21 29 29 29 29 29 29 29 29 29 29 29 15 14 3 29 29 29 15 15 29 31 10 12 12 12 12 29 12 14 10 25 3 9 3 13 10 15 12 10 10 31 12 12 4 4 12 14 14 3 4 4 15 15 12 12 14 13 15 15 9 14 14 15 14 14 3 3 3 14 15 13 13 14 3 
1 2 3 4 5 5 5 5 5 5 5 5 5 5 5 5 5 5 5 5 5 5 5 5 5 5 5 5 5 5 5 5 5 5 5 5 5 5 5 5 5 5 5 5 5 5 5 5 5 5 5 5 5 5 5 5 5 5 5 5 5 5 5 5 5 5 5 5 5 5 5 5 5 5 5 5 5 5 5 5 5 5 5 5 5 5 5 5 5 5 5 5 5 5 5 5 5 5 5 5 5 5 5 5 5 5 5 5 5 5 5 5 5 