1 0 0 0 0 

0.8 0.2 0 0 0 
0 0.8 0.2 0 0 
0 0 0.8 0.2 0 
0 0 0 0.8 0.2 
0 0 0 0 1 


1.00344e-005 1e-010 1.08906e-005 2.00301e-007 1e-010 1e-010 1e-010 1e-010 1.85939e-007 0.0268435 0.0980681 0.00259205 0.672326 0.117965 1.02756e-005 0.00518815 8.71123e-006 1e-010 1e-010 1e-010 1e-010 0.00128272 1e-010 1e-010 1.15792e-009 6.96898e-006 1e-010 1e-010 3.06254e-005 9.34613e-005 0.0754979 6.49037e-005 
0.000119039 -1.2e-009 0.000119813 3.1269e-006 1e-010 1e-010 1e-010 1e-010 3.06113e-006 0.060398 0.321462 0.0165839 0.2628 0.160563 0.000139349 0.0252202 9.80013e-005 1e-010 1e-010 1e-010 1e-010 0.0101109 1e-010 1e-010 2.46058e-008 8.01433e-005 1e-010 1e-010 0.00032497 0.000874902 0.140515 0.000584133 
0.000691209 1e-010 0.000644163 2.40771e-005 1e-010 1e-010 1e-010 1e-010 2.48517e-005 0.0603986 0.517374 0.0513309 0.0584084 0.090114 0.000932108 0.0581865 0.000539007 1e-010 1e-010 1e-010 1e-010 0.0388441 1e-010 1e-010 2.58361e-007 0.000450806 1e-010 1e-010 0.00168376 0.00398639 0.113811 0.00255558 
0.00261858 1e-010 0.00225577 0.00012202 1e-010 1e-010 1e-010 1e-010 0.000132679 0.0352363 0.555108 0.102632 0.00866452 0.0266368 0.00410344 0.0847128 0.00193144 1e-010 1e-010 1e-010 1e-010 0.0970025 1e-010 1e-010 1.787e-006 0.00165296 1e-010 1e-010 0.00567655 0.0117791 0.0524924 0.00724082 
0.0372851 1e-010 0.0373106 0.0874907 -1.2e-009 1e-010 1e-010 1e-010 0.0499899 0.0260702 0.0692493 0.0641788 0.0498625 0.0377951 0.312176 0.0141683 0.0123389 1e-010 1e-010 1e-010 1e-010 0.103297 1e-010 1e-010 0.0124999 0.0123631 1e-010 1e-010 0.0245178 0.0239541 0.0136052 0.0118472 


1.52747e-155

13 13 13 13 13 14 14 31 31 10 11 11 11 11 11 11 11 11 11 16 16 11 11 11 12 12 11 12 12 22 22 22 22 22 22 22 32 30 30 22 22 12 29 29 3 17 26 1 1 13 13 15 15 15 15 15 15 15 15 31 12 15 4 15 15 9 9 15 15 13 15 15 15 15 15 15 13 14 15 9 14 4 10 15 3 25 4 9 10 15 1 15 15 4 14 3 15 4 4 4 9 
1 2 3 4 5 5 5 5 5 5 5 5 5 5 5 5 5 5 5 5 5 5 5 5 5 5 5 5 5 5 5 5 5 5 5 5 5 5 5 5 5 5 5 5 5 5 5 5 5 5 5 5 5 5 5 5 5 5 5 5 5 5 5 5 5 5 5 5 5 5 5 5 5 5 5 5 5 5 5 5 5 5 5 5 5 5 5 5 5 5 5 5 5 5 5 5 5 5 5 5 5 