1 0 0 0 0 

0.827627 0.172373 0 0 0 
0 0.813707 0.186293 0 0 
0 0 0.918305 0.0816952 0 
0 0 0 0.956969 0.0430307 
0 0 0 0 1 


0.157933 1e-010 1.47933e-009 1e-010 1e-010 1e-010 1e-010 1e-010 0.172373 0.146508 1e-010 1e-010 0.17234 0.350845 2.79884e-048 1e-010 1e-010 1e-010 1e-010 1e-010 1e-010 1e-010 1e-010 1e-010 1e-010 1.14951e-194 1e-010 1e-010 1e-010 1e-010 1e-010 1e-010 
0.20189 -2.2e-009 0.186293 1e-010 1e-010 1e-010 1e-010 1e-010 0.0315274 0.0279535 1e-010 1e-010 4.40974e-005 0.552293 9.42045e-021 1e-010 1e-010 1e-010 1e-010 1e-010 1e-010 1e-010 1e-010 1e-010 1e-010 2.06854e-167 1e-010 1e-010 2.97856e-208 1e-010 1e-010 1e-010 
3.87039e-006 1e-010 -2.20007e-009 1e-010 1e-010 1e-010 1e-010 1e-010 0.23126 1e-010 1e-010 1e-010 0.245082 0.163388 0.245085 1e-010 1e-010 1e-010 1e-010 1e-010 1e-010 1e-010 1e-010 1e-010 1e-010 0.0816952 4.91427e-106 1e-010 0.0334864 7.63914e-019 1e-010 1e-010 
1e-010 1e-010 1e-010 -2.4e-009 1e-010 1e-010 1e-010 1e-010 7.14041e-086 1e-010 1e-010 1e-010 1e-010 1e-010 6.12084e-008 1e-010 1e-010 1e-010 1e-010 1e-010 1e-010 1e-010 1e-010 1e-010 1e-010 5.29647e-027 0.473338 1.4986e-017 0.0253927 0.50127 1e-010 1e-010 
0.0148476 1e-010 0.0296952 0.148476 -1.5e-009 1e-010 1e-010 1e-010 0.0445428 0.118781 1e-010 1e-010 0.0148476 0.0148476 0.0148476 0.0148476 1e-010 1e-010 1e-010 1e-010 0.0445428 0.0445428 1e-010 1e-010 1e-010 1e-010 0.0148478 0.0593904 0.207867 0.123991 1e-010 0.0890857 


1.50884e-100

9 14 13 1 10 14 14 14 14 3 1 9 9 13 14 15 14 15 13 13 9 26 15 29 30 27 27 27 27 27 27 27 27 27 27 30 30 30 30 30 27 30 30 30 30 30 30 28 30 28 28 27 30 28 30 30 29 30 30 30 29 29 30 29 32 29 32 32 32 29 29 29 29 29 29 29 32 10 15 16 21 22 22 32 22 10 1 10 29 29 10 10 10 3 14 10 9 4 4 4 4 3 4 4 10 4 4 4 4 9 9 13 21 21 9 
1 1 1 1 1 2 2 2 2 2 2 3 3 3 3 3 3 3 3 3 3 3 3 4 4 4 4 4 4 4 4 4 4 4 4 4 4 4 4 4 4 4 4 4 4 4 4 5 5 5 5 5 5 5 5 5 5 5 5 5 5 5 5 5 5 5 5 5 5 5 5 5 5 5 5 5 5 5 5 5 5 5 5 5 5 5 5 5 5 5 5 5 5 5 5 5 5 5 5 5 5 5 5 5 5 5 5 5 5 5 5 5 5 5 5 