1 0 0 0 0 

0.5 0.5 0 0 0 
0 0.928571 0.0714286 0 0 
0 0 0 1 0 
0 0 0 0.967742 0.0322581 
0 0 0 0 1 


2.10125e-087 4.84599e-011 1e-010 1e-010 1e-010 1e-010 1e-010 1e-010 1e-010 1e-010 1e-010 1e-010 1e-010 1e-010 1e-010 1e-010 1 1e-010 1e-010 1e-010 1e-010 -2.8e-009 1e-010 1e-010 1e-010 1e-010 1e-010 1e-010 1e-010 1e-010 1e-010 1e-010 
0.357143 0.571429 0.0714286 1e-010 1e-010 1e-010 1e-010 1e-010 1e-010 1e-010 1e-010 1e-010 1e-010 1e-010 5.99977e-084 1e-010 1.1419e-031 1e-010 1e-010 1e-010 1e-010 1e-010 5.03962e-156 1e-010 1e-010 1e-010 1e-010 1e-010 1e-010 1e-010 1e-010 1e-010 
5.38352e-179 1e-010 1e-010 -2.8e-009 1e-010 1e-010 1e-010 1e-010 1e-010 1e-010 1e-010 1e-010 1e-010 1e-010 1 1e-010 1e-010 1e-010 1e-010 1e-010 1e-010 1e-010 8.39968e-083 1e-010 1e-010 1e-010 1e-010 1e-010 1e-010 1e-010 1e-010 1e-010 
1e-010 1e-010 1e-010 -2.7e-009 1e-010 1e-010 1e-010 1e-010 1e-010 1e-010 1e-010 1e-010 1e-010 1e-010 1.97057e-028 1e-010 1e-010 1e-010 1e-010 1e-010 1e-010 1e-010 0.612903 0.354839 1e-010 0.0322581 1e-010 1e-010 1e-010 1e-010 1e-010 1e-010 
0.126761 0.0140845 1e-010 0.056338 -1.9e-009 0.0140845 1e-010 1e-010 0.169014 0.267606 1e-010 1e-010 0.0422535 0.0985915 0.197183 1e-010 0.0140845 1e-010 1e-010 1e-010 1e-010 1e-010 2.68647e-208 1e-010 1e-010 1.08408e-012 1e-010 1e-010 1e-010 1e-010 1e-010 1e-010 


1.98744e-081

17 17 2 2 1 2 1 1 2 2 2 3 1 2 2 1 15 23 23 23 23 23 23 23 23 23 23 24 24 23 23 23 24 24 24 24 24 24 24 23 24 23 24 23 23 23 23 26 15 15 15 15 15 13 15 15 15 15 17 9 1 9 9 9 1 15 14 14 4 6 10 14 14 15 10 10 4 4 10 10 10 10 10 10 1 15 15 15 4 1 1 1 1 9 14 14 9 9 9 9 9 10 9 10 1 2 13 10 10 10 13 9 10 10 1 10 10 10 14 14 
1 1 2 2 2 2 2 2 2 2 2 2 2 2 2 2 3 4 4 4 4 4 4 4 4 4 4 4 4 4 4 4 4 4 4 4 4 4 4 4 4 4 4 4 4 4 4 4 5 5 5 5 5 5 5 5 5 5 5 5 5 5 5 5 5 5 5 5 5 5 5 5 5 5 5 5 5 5 5 5 5 5 5 5 5 5 5 5 5 5 5 5 5 5 5 5 5 5 5 5 5 5 5 5 5 5 5 5 5 5 5 5 5 5 5 5 5 5 5 5 