1 0 0 0 0 

0.75 0.25 0 0 0 
0 0.666667 0.333333 0 0 
0 0 0.944444 0.0555556 0 
0 0 0 0.940512 0.059488 
0 0 0 0 1 


-2.8e-009 1e-010 1e-010 1e-010 1e-010 1e-010 1e-010 1e-010 1e-010 1e-010 4.29349e-026 1e-010 0.5 0.5 1e-010 1e-010 1e-010 1e-010 1e-010 1e-010 1e-010 1e-010 1e-010 1e-010 1e-010 1e-010 1e-010 1e-010 1e-010 1e-010 1e-010 1e-010 
1e-010 1e-010 1e-010 1e-010 1e-010 1e-010 7.22197e-071 3.35882e-021 1e-010 1e-010 1 1e-010 5.96315e-013 2.10553e-040 1e-010 -2.6e-009 1e-010 1e-010 1e-010 1e-010 1e-010 1e-010 1e-010 1e-010 1e-010 1e-010 1e-010 1e-010 1e-010 1e-010 1e-010 1e-010 
1e-010 1e-010 -2.5e-009 1e-010 1e-010 1e-010 0.333333 0.666667 1e-010 1e-010 7.87037e-012 1e-010 1.20324e-239 1e-010 1e-010 1e-010 3.37781e-147 1e-010 1e-010 1e-010 1e-010 1e-010 1e-010 1e-010 1e-010 1e-010 1e-010 1e-010 8.15364e-048 1e-010 1e-010 1e-010 
1e-010 1e-010 1e-010 -2.4e-009 1e-010 1e-010 1e-010 6.48804e-047 1e-010 2.00996e-012 1e-010 1e-010 1e-010 1e-010 1e-010 1e-010 0.237952 1e-010 1e-010 1e-010 1e-010 1e-010 1e-010 1e-010 1e-010 1e-010 1e-010 1e-010 0.524096 0.118976 4.39585e-184 0.118976 
0.0460194 0.0153398 1e-010 0.0153398 -1.6e-009 0.0306796 0.122718 0.444854 1e-010 0.0153398 0.0153398 1e-010 0.0613592 0.0920388 1e-010 1e-010 0.0153398 1e-010 1e-010 1e-010 0.0306796 1e-010 1e-010 1e-010 1e-010 1e-010 1e-010 1e-010 0.079612 1e-010 0.0153398 1.11022e-016 


1.42608e-077

13 14 14 13 11 11 11 8 8 8 7 7 7 7 7 8 8 8 7 8 8 8 8 8 8 29 17 17 17 17 29 30 30 29 29 29 29 32 32 29 29 29 10 31 29 29 29 29 29 17 1 1 1 8 8 8 8 8 8 8 6 6 8 8 8 8 8 7 8 8 8 8 8 8 8 8 8 8 8 8 7 8 8 8 7 8 7 7 2 7 7 7 14 8 13 13 13 11 14 14 13 14 14 4 14 21 21 4 
1 1 1 1 2 2 2 3 3 3 3 3 3 3 3 3 3 3 3 3 3 3 3 3 3 4 4 4 4 4 4 4 4 4 4 4 4 4 4 4 4 4 5 5 5 5 5 5 5 5 5 5 5 5 5 5 5 5 5 5 5 5 5 5 5 5 5 5 5 5 5 5 5 5 5 5 5 5 5 5 5 5 5 5 5 5 5 5 5 5 5 5 5 5 5 5 5 5 5 5 5 5 5 5 5 5 5 5 