1 0 0 0 0 

0.8 0.2 0 0 0 
0 0.8 0.2 0 0 
0 0 0.8 0.2 0 
0 0 0 0.8 0.2 
0 0 0 0 1 


0.0133021 0.0109888 0.024739 3.96231e-011 1e-010 1e-010 0.0126664 1e-010 8.38311e-010 1.1884e-009 1e-010 1.08974e-005 0.652831 0.0268435 0.1024 1e-010 1e-010 1e-010 1e-010 1e-010 1e-010 1.75707e-005 1e-010 1e-010 0.155824 1e-010 1e-010 3.36873e-006 0.000366883 1e-010 3.17845e-008 6.89337e-006 
0.0600392 0.0490442 0.0769658 1.02152e-009 1e-010 1e-010 0.0489063 1e-010 1.85344e-008 2.68293e-008 1e-010 0.000119943 0.409641 0.060398 0.0768 1e-010 1e-010 1e-010 1e-010 1e-010 1e-010 0.000215193 1e-010 1e-010 0.21425 1e-010 1e-010 4.444e-005 0.00347987 1e-010 6.32899e-007 9.49226e-005 
0.142756 0.103538 0.110295 1.30456e-008 1e-010 1e-010 0.0884007 1e-010 2.03081e-007 2.99991e-007 1e-010 0.000645394 0.316103 0.060398 0.0192 1e-010 1e-010 1e-010 1e-010 1e-010 1e-010 0.00129418 1e-010 1e-010 0.14027 1e-010 1e-010 0.000288046 0.0161575 1e-010 6.23746e-006 0.000648013 
0.241677 0.137427 0.0963806 1.08533e-007 1e-010 1e-010 0.0992859 1e-010 1.47095e-006 2.21549e-006 1e-010 0.00226342 0.266106 0.0352322 0.00160001 1e-010 1e-010 1e-010 1e-010 1e-010 1e-010 0.00509564 1e-010 1e-010 0.0617693 1e-010 1e-010 0.00122325 0.0489692 1e-010 4.05746e-005 0.0029266 
0.0675282 0.0115892 0.0578147 0.0310077 -1.4e-009 1e-010 0.00584266 1e-010 0.155039 0.0930232 1e-010 0.0386419 0.0370279 0.00841583 0.00775194 1e-010 1e-010 1e-010 1e-010 1e-010 1e-010 0.0462549 1e-010 1e-010 0.00108088 1e-010 1e-010 0.0231954 0.0825979 1e-010 0.178293 0.154896 


2.70161e-229

13 13 13 15 25 13 25 13 13 14 25 13 3 3 1 7 7 2 2 2 13 13 13 1 1 1 13 1 13 1 1 1 1 1 1 29 29 29 29 29 29 29 29 29 12 29 29 22 22 22 32 22 28 28 32 22 22 32 32 32 32 32 32 32 32 32 28 32 32 32 32 32 32 32 32 32 31 12 31 31 31 31 31 31 12 31 3 9 10 31 31 10 10 31 31 31 31 9 31 31 31 31 4 10 10 4 9 31 12 31 10 10 10 9 15 9 9 3 9 9 10 10 9 9 4 31 31 10 9 9 9 9 9 9 14 31 3 9 10 4 3 3 13 9 9 9 3 3 12 9 
1 2 3 4 5 5 5 5 5 5 5 5 5 5 5 5 5 5 5 5 5 5 5 5 5 5 5 5 5 5 5 5 5 5 5 5 5 5 5 5 5 5 5 5 5 5 5 5 5 5 5 5 5 5 5 5 5 5 5 5 5 5 5 5 5 5 5 5 5 5 5 5 5 5 5 5 5 5 5 5 5 5 5 5 5 5 5 5 5 5 5 5 5 5 5 5 5 5 5 5 5 5 5 5 5 5 5 5 5 5 5 5 5 5 5 5 5 5 5 5 5 5 5 5 5 5 5 5 5 5 5 5 5 5 5 5 5 5 5 5 5 5 5 5 5 5 5 5 5 5 