1 0 0 0 0 

0.75 0.25 0 0 0 
0 0.833333 0.166667 0 0 
0 0 0.92497 0.0750302 0 
0 0 0 0.928062 0.0719382 
0 0 0 0 1 


-2.6e-009 0.5 1e-010 3.19697e-044 1e-010 1e-010 1e-010 1e-010 0.25 1e-010 1e-010 1e-010 0.25 2.67419e-182 1e-010 1e-010 1e-010 1e-010 1e-010 1e-010 1e-010 1e-010 1e-010 1e-010 1e-010 1e-010 1e-010 1e-010 1e-010 1e-010 1e-010 1e-010 
1e-010 -2.5e-009 1e-010 0.333333 1e-010 1e-010 1e-010 1e-010 5.48698e-011 0.166667 1e-010 1e-010 1e-010 0.333333 0.166667 1.40124e-206 1e-010 1e-010 1e-010 1e-010 1e-010 1e-010 1e-010 1e-010 1e-010 1e-010 1e-010 1e-010 1e-010 1e-010 1e-010 1e-010 
1e-010 1e-010 1e-010 1e-010 1e-010 1e-010 1e-010 1e-010 1e-010 6.08313e-168 1e-010 1.42504e-017 1e-010 5.37248e-157 1e-010 0.936247 -2.5e-009 1e-010 1e-010 1e-010 1e-010 1e-010 1e-010 1e-010 1e-010 3.62161e-188 1e-010 1e-010 1e-010 1e-010 0.0637525 1e-010 
1e-010 1e-010 1e-010 -2.2e-009 1e-010 1e-010 1e-010 1e-010 1e-010 1e-010 1e-010 0.0719382 1e-010 5.83245e-168 5.83245e-168 0.180398 1e-010 1e-010 1e-010 1e-010 8.90855e-011 1e-010 1e-010 1e-010 1e-010 0.449098 1e-010 3.19037e-063 1e-010 1e-010 0.298566 1.11022e-016 
0.0123806 1e-010 0.0247613 0.0371419 -1.2e-009 1e-010 1e-010 1e-010 0.0495226 0.0123806 1e-010 0.0123806 1e-010 0.0619032 0.123806 0.0249352 0.0990452 0.0123806 1e-010 1e-010 0.0371419 1e-010 1e-010 1e-010 1e-010 0.207465 0.0123806 0.0866645 0.0247613 0.123806 4.53809e-105 0.0371419 


2.77582e-109

2 13 2 9 4 4 14 10 15 14 16 16 16 16 16 16 16 16 16 16 16 31 16 16 12 31 31 26 26 26 31 31 26 16 16 26 26 26 21 21 21 28 28 28 28 27 30 32 32 28 28 28 30 30 30 30 30 30 32 30 30 17 17 17 17 17 17 26 17 18 17 26 26 15 26 26 26 26 26 29 26 26 30 15 26 26 26 26 26 14 9 3 15 16 15 12 4 15 15 26 14 15 3 9 9 9 4 15 15 16 15 14 14 29 1 14 4 10 4 
1 1 1 1 2 2 2 2 2 2 3 3 3 3 3 3 3 3 3 3 3 3 3 3 4 4 4 4 4 4 4 4 4 4 4 4 4 4 5 5 5 5 5 5 5 5 5 5 5 5 5 5 5 5 5 5 5 5 5 5 5 5 5 5 5 5 5 5 5 5 5 5 5 5 5 5 5 5 5 5 5 5 5 5 5 5 5 5 5 5 5 5 5 5 5 5 5 5 5 5 5 5 5 5 5 5 5 5 5 5 5 5 5 5 5 5 5 5 5 