1 0 0 0 0 

0.888889 0.111111 0 0 0 
0 0.75 0.25 0 0 
0 0 0.666667 0.333333 0 
0 0 0 0.958297 0.0417034 
0 0 0 0 1 


0.444444 1e-010 1e-010 0.333333 1e-010 1e-010 1e-010 1e-010 0.111111 1e-010 1e-010 1e-010 7.75664e-091 1e-010 0.111111 1e-010 1e-010 1e-010 1e-010 1e-010 1e-010 1e-010 1e-010 1e-010 1e-010 1e-010 1e-010 1e-010 1e-010 1e-010 1e-010 1e-010 
7.39171e-130 1e-010 1e-010 2.34197e-021 1e-010 1e-010 1e-010 1e-010 1e-010 1e-010 1e-010 1e-010 1 1e-010 1e-010 -2.5e-009 1e-010 2.57383e-010 1e-010 1e-010 1e-010 1e-010 1e-010 1e-010 1.2764e-089 1e-010 1e-010 1e-010 1e-010 1e-010 1e-010 1.11022e-016 
1e-010 1e-010 0.333333 1e-010 1e-010 1e-010 1e-010 1e-010 1e-010 1e-010 1e-010 1e-010 8.27326e-053 1e-010 1e-010 1e-010 1e-010 0.333333 1e-010 1e-010 1e-010 1e-010 1e-010 1e-010 0.333333 2.08036e-047 1e-010 1e-010 1e-010 1e-010 1e-010 1e-010 
1e-010 1e-010 2.75456e-076 -2.5e-009 1e-010 1e-010 1e-010 1e-010 1e-010 1e-010 1e-010 1e-010 1e-010 1e-010 1e-010 8.41198e-206 1e-010 1e-010 1e-010 1e-010 1e-010 1e-010 1.33094e-034 0.333627 2.88289e-233 0.666373 1e-010 1e-010 1e-010 1e-010 1e-010 1e-010 
0.175625 0.0270193 1e-010 0.108077 -1.7e-009 1e-010 1e-010 1e-010 0.0810579 0.0270193 1e-010 0.175625 0.0540386 1e-010 0.040529 0.189135 1e-010 1e-010 1e-010 1e-010 1e-010 1e-010 0.0810579 7.51028e-081 1e-010 0.0137953 1e-010 1e-010 1e-010 1e-010 0.0270193 1.11022e-016 


2.23171e-090

1 1 4 15 4 9 1 1 4 13 13 13 13 18 25 3 26 26 26 26 26 26 26 26 26 24 24 24 24 26 26 26 24 24 26 26 26 24 24 26 23 23 16 23 23 26 16 16 23 16 23 16 16 16 4 16 4 16 16 4 4 16 16 16 12 12 12 12 12 12 12 31 12 4 16 12 12 15 12 4 31 12 12 10 9 9 10 9 9 9 13 15 15 9 1 13 13 13 1 1 1 1 1 1 1 1 4 4 1 2 2 1 1 1 1 
1 1 1 1 1 1 1 1 1 2 2 2 2 3 3 3 4 4 4 4 4 4 4 4 4 4 4 4 4 4 4 4 4 4 4 4 4 4 4 4 5 5 5 5 5 5 5 5 5 5 5 5 5 5 5 5 5 5 5 5 5 5 5 5 5 5 5 5 5 5 5 5 5 5 5 5 5 5 5 5 5 5 5 5 5 5 5 5 5 5 5 5 5 5 5 5 5 5 5 5 5 5 5 5 5 5 5 5 5 5 5 5 5 5 5 