1 0 0 0 0 

0.8 0.2 0 0 0 
0 0.8 0.2 0 0 
0 0 0.8 0.2 0 
0 0 0 0.8 0.2 
0 0 0 0 1 


2.51281e-008 8.03469e-008 0.3023 6.46807e-010 1e-010 1e-010 1e-010 1e-010 3.96919e-008 0.024739 1.4474e-009 0.0121651 0.493027 0.135954 0.0167775 0.0109253 4.45758e-006 1.31664e-005 1.25442e-005 0.000172847 1e-010 0.00347887 0.000426133 1e-010 4.02802e-006 1e-010 1e-010 1e-010 1e-010 1e-010 4.16087e-010 1e-010 
4.67323e-007 1.32452e-006 0.288239 1.49575e-008 1e-010 1e-010 1e-010 1e-010 7.26104e-007 0.0769658 3.03954e-008 0.0556601 0.292982 0.143909 0.0628419 0.0544789 5.88985e-005 0.000162028 0.000145652 0.0017452 1e-010 0.0190688 0.00368212 1e-010 5.82736e-005 1e-010 1e-010 1e-010 1e-010 1e-010 1.01218e-008 1e-010 
4.08908e-006 1.07715e-005 0.140088 1.71223e-007 1e-010 1e-010 1e-010 1e-010 6.56594e-006 0.110295 3.15353e-007 0.127112 0.223707 0.0779205 0.112503 0.131231 0.000381845 0.000977219 0.00082748 0.00861663 1e-010 0.0504295 0.0154729 1e-010 0.000415451 1e-010 1e-010 1e-010 1e-010 1e-010 1.21924e-007 1e-010 
2.35122e-005 5.7448e-005 0.0506505 1.29242e-006 1e-010 1e-010 1e-010 1e-010 3.91495e-005 0.0963803 2.15491e-006 0.196944 0.12414 0.0309619 0.129951 0.204384 0.00161894 0.00384978 0.00306548 0.0277282 1e-010 0.086125 0.0421301 1e-010 0.00194635 1e-010 1e-010 1e-010 1e-010 1e-010 9.69592e-007 1e-010 
0.00934448 0.00934254 0.0943328 0.0373831 -1.1e-009 1e-010 1e-010 1e-010 0.177568 0.0323187 0.00934568 0.0564541 0.0311282 0.0379091 0.069062 0.0373356 0.0279409 0.0371494 0.0185023 0.0729784 1e-010 0.0206027 0.0438453 1e-010 0.112036 1e-010 1e-010 1e-010 1e-010 1e-010 0.0654205 1e-010 


3.50689e-196

13 13 3 14 3 3 13 13 14 3 13 13 10 10 15 15 12 12 16 16 16 22 22 16 15 16 12 12 12 12 12 16 22 23 23 23 23 23 20 20 20 20 20 20 20 20 19 19 18 18 18 18 17 17 17 25 25 25 25 25 25 25 13 13 25 25 2 13 25 25 3 1 9 9 25 3 3 3 15 15 15 15 15 15 11 14 3 9 9 10 9 4 4 12 10 31 31 4 31 31 31 31 10 4 9 9 9 9 14 9 31 3 9 9 9 9 9 3 9 9 3 9 3 9 14 14 3 13 
1 2 3 4 5 5 5 5 5 5 5 5 5 5 5 5 5 5 5 5 5 5 5 5 5 5 5 5 5 5 5 5 5 5 5 5 5 5 5 5 5 5 5 5 5 5 5 5 5 5 5 5 5 5 5 5 5 5 5 5 5 5 5 5 5 5 5 5 5 5 5 5 5 5 5 5 5 5 5 5 5 5 5 5 5 5 5 5 5 5 5 5 5 5 5 5 5 5 5 5 5 5 5 5 5 5 5 5 5 5 5 5 5 5 5 5 5 5 5 5 5 5 5 5 5 5 5 5 