1 0 0 0 0 

0.8 0.2 0 0 0 
0 0.8 0.2 0 0 
0 0 0.8 0.2 0 
0 0 0 0.8 0.2 
0 0 0 0 1 


0.100804 0.0381517 0.0524288 0.00048357 1e-010 1e-010 1e-010 1e-010 0.193536 5.21227e-010 1e-010 8.94332e-009 0.569243 0.041943 1e-010 1e-010 1e-010 1e-010 1e-010 1e-010 0.00147574 1e-010 1e-010 1e-010 9.8505e-014 1e-010 1e-010 9.60967e-006 0.000696393 0.00122729 8.80901e-008 8.93519e-007 
0.250435 0.120553 0.0786432 0.0032641 1e-010 1e-010 1e-010 1e-010 0.14592 1.1742e-008 1e-010 1.84512e-007 0.304193 0.0734003 1e-010 1e-010 1e-010 1e-010 1e-010 1e-010 0.00811657 1e-010 1e-010 1e-010 3.12753e-012 1e-010 1e-010 0.000117176 0.00495263 0.0103885 1.51483e-006 1.41974e-005 
0.309752 0.181353 0.049152 0.0106084 1e-010 1e-010 1e-010 1e-010 0.0489601 1.31013e-007 1e-010 1.88377e-006 0.262647 0.0550503 1e-010 1e-010 1e-010 1e-010 1e-010 1e-010 0.021306 1e-010 1e-010 1e-010 4.92587e-011 1e-010 1e-010 0.000701662 0.017 0.0433433 1.28754e-005 0.000111639 
0.277321 0.176123 0.016384 0.0221009 1e-010 1e-010 1e-010 1e-010 0.0102408 9.6552e-007 1e-010 1.269e-005 0.279201 0.0229379 1e-010 1e-010 1e-010 1e-010 1e-010 1e-010 0.03551 1e-010 1e-010 1e-010 5.13111e-010 1e-010 1e-010 0.00275123 0.0375121 0.119253 7.21556e-005 0.000579586 
0.0449868 0.0120262 0.0170929 0.0493027 -1.5e-009 1e-010 1e-010 1e-010 0.211921 0.0338983 1e-010 0.0593214 0.0332507 0.0257063 1e-010 1e-010 1e-010 1e-010 1e-010 1e-010 0.00566067 1e-010 1e-010 1e-010 0.00847458 1e-010 1e-010 0.0337466 0.0228745 0.246855 0.0593184 0.135563 


9.73359e-213

13 13 9 13 13 9 3 14 1 1 1 2 1 2 2 13 13 13 13 1 13 13 21 2 1 1 1 4 29 29 30 30 30 30 30 30 30 30 30 30 30 30 30 30 30 30 30 28 30 30 28 30 30 30 28 30 30 30 30 30 32 32 30 30 30 32 32 31 29 32 32 32 31 32 32 28 32 32 32 32 12 12 32 31 32 32 12 12 12 10 31 31 12 31 9 9 14 12 31 4 10 9 14 14 4 4 9 9 13 10 9 9 4 9 9 9 9 9 10 9 9 9 9 9 9 9 3 25 1 1 9 9 9 9 9 9 4 3 3 
1 2 3 4 5 5 5 5 5 5 5 5 5 5 5 5 5 5 5 5 5 5 5 5 5 5 5 5 5 5 5 5 5 5 5 5 5 5 5 5 5 5 5 5 5 5 5 5 5 5 5 5 5 5 5 5 5 5 5 5 5 5 5 5 5 5 5 5 5 5 5 5 5 5 5 5 5 5 5 5 5 5 5 5 5 5 5 5 5 5 5 5 5 5 5 5 5 5 5 5 5 5 5 5 5 5 5 5 5 5 5 5 5 5 5 5 5 5 5 5 5 5 5 5 5 5 5 5 5 5 5 5 5 5 5 5 5 5 5 