1 0 0 0 0 

0.8 0.2 0 0 0 
0 0.8 0.2 0 0 
0 0 0.8 0.2 0 
0 0 0 0.8 0.2 
0 0 0 0 1 


0.532626 0.2 5.53723e-007 4.11376e-008 1e-010 1e-010 1e-010 1e-010 1.53954e-007 1.54783e-007 1e-010 1e-010 0.0137445 1.685e-008 8.77058e-006 2.07632e-005 0.16 1e-010 1e-010 1e-010 1e-010 1e-010 0.029088 0.0258565 0.0386547 1e-010 1e-010 1e-010 1e-010 1e-010 1e-010 1e-010 
0.58419 4.14799e-011 8.48992e-006 7.09624e-007 1e-010 1e-010 1e-010 1e-010 2.6336e-006 2.60317e-006 1e-010 1e-010 0.0412401 3.07512e-007 0.000118004 0.000246698 0.04 1e-010 1e-010 1e-010 1e-010 1e-010 0.10594 0.127318 0.100932 1e-010 1e-010 1e-010 1e-010 1e-010 1e-010 1e-010 
0.3222 2.28912e-008 6.43485e-005 6.0318e-006 1e-010 1e-010 1e-010 1e-010 2.23293e-005 2.16162e-005 1e-010 1e-010 0.0567568 2.76761e-006 0.000781902 0.00143882 1e-010 1e-010 1e-010 1e-010 1e-010 1e-010 0.183904 0.315347 0.119454 1e-010 1e-010 1e-010 1e-010 1e-010 1e-010 1e-010 
0.120874 1.87802e-007 0.000321744 3.36757e-005 1e-010 1e-010 1e-010 1e-010 0.000125193 0.000118202 1e-010 1e-010 0.0475555 1.6375e-005 0.00340267 0.0054913 1e-010 1e-010 1e-010 1e-010 1e-010 1e-010 0.206642 0.530863 0.0845572 1e-010 1e-010 1e-010 1e-010 1e-010 1e-010 1e-010 
0.00233195 0.0232558 0.116256 0.0116256 -1.7e-009 1e-010 1e-010 1e-010 0.127898 0.0581312 1e-010 1e-010 0.153529 0.0116268 0.127656 0.0577211 1e-010 1e-010 1e-010 1e-010 1e-010 1e-010 0.0740946 0.232594 0.00327922 1e-010 1e-010 1e-010 1e-010 1e-010 1e-010 2.22045e-016 


1.42257e-164

2 17 1 1 1 1 1 1 1 1 25 25 13 23 23 24 23 24 23 24 24 24 24 24 24 24 24 24 24 24 24 24 24 24 24 24 24 24 24 24 24 23 23 23 24 16 23 23 16 16 16 15 15 15 16 15 15 15 15 3 13 13 15 15 3 9 10 10 15 4 15 3 9 14 9 9 3 10 3 3 13 9 9 10 10 9 9 9 13 13 13 13 13 13 9 9 3 13 13 13 2 2 3 3 3 13 3 
1 2 3 4 5 5 5 5 5 5 5 5 5 5 5 5 5 5 5 5 5 5 5 5 5 5 5 5 5 5 5 5 5 5 5 5 5 5 5 5 5 5 5 5 5 5 5 5 5 5 5 5 5 5 5 5 5 5 5 5 5 5 5 5 5 5 5 5 5 5 5 5 5 5 5 5 5 5 5 5 5 5 5 5 5 5 5 5 5 5 5 5 5 5 5 5 5 5 5 5 5 5 5 5 5 5 5 