1 0 0 0 0 

0.8 0.2 0 0 0 
0 0.8 0.2 0 0 
0 0 0.8 0.2 0 
0 0 0 0.8 0.2 
0 0 0 0 1 


0.221462 0.065536 0.0754975 1.16604e-010 1e-010 1e-010 1e-010 1e-010 0.0483184 5.91867e-009 1e-010 2.38188e-009 0.168106 0.406668 3.41122e-009 1e-010 0.000274201 0.000584704 0.0105389 1e-010 6.19236e-005 1e-010 1e-010 1e-010 0.0028823 6.89184e-007 3.80071e-005 1e-010 1e-010 3.06254e-005 2.14419e-008 1.26762e-007 
0.0796926 0.0819202 0.140509 2.85408e-009 1e-010 1e-010 1e-010 1e-010 0.114085 1.25959e-007 1e-010 4.93102e-008 0.0753534 0.425574 7.08963e-008 1e-010 0.0025133 0.00471051 0.0605097 1e-010 0.000689186 1e-010 1e-010 1e-010 0.0136909 1.08444e-005 0.000413226 1e-010 1e-010 0.00032497 3.87661e-007 2.09937e-006 
0.138429 0.0409619 0.113773 3.46591e-008 1e-010 1e-010 1e-010 1e-010 0.120797 1.32636e-006 1e-010 5.05175e-007 0.0727347 0.276423 7.30338e-007 1e-010 0.0112365 0.0184076 0.168637 1e-010 0.00379915 1e-010 1e-010 1e-010 0.0308046 8.415e-005 0.00220567 1e-010 1e-010 0.00168376 3.4597e-006 1.71455e-005 
0.149314 0.0102514 0.0523152 2.77298e-007 1e-010 1e-010 1e-010 1e-010 0.0755041 9.2148e-006 1e-010 3.41569e-006 0.0937975 0.163778 4.97398e-006 1e-010 0.0326789 0.0464805 0.304444 1e-010 0.0138538 1e-010 1e-010 1e-010 0.0436399 0.000429376 0.00770636 1e-010 1e-010 0.00567655 2.03241e-005 9.20582e-005 
0.00968361 0.00923535 0.0466929 0.0642202 -1.1e-009 1e-010 1e-010 1e-010 0.0385915 0.110091 1e-010 0.0275228 0.0545875 0.0700714 0.0825685 1e-010 0.0620779 0.0334778 0.0759573 1e-010 0.164293 1e-010 1e-010 1e-010 0.00499919 0.0550218 0.0362219 1e-010 1e-010 0.0179947 0.0183475 0.0183435 


3.4247e-199

1 13 14 14 14 2 14 3 3 9 9 14 14 14 1 1 1 13 13 25 19 19 19 19 19 19 19 19 19 19 19 18 18 18 18 17 17 17 17 17 21 27 30 30 21 27 21 21 27 27 21 21 21 21 17 21 21 21 21 21 17 26 26 26 21 32 21 21 21 26 26 32 31 26 21 2 3 3 9 13 13 15 12 10 10 10 10 14 14 14 31 10 15 15 10 15 4 12 10 10 12 14 14 15 3 3 4 13 14 9 9 14 4 4 10 10 15 10 4 4 13 15 15 3 13 15 9 4 10 4 
1 2 3 4 5 5 5 5 5 5 5 5 5 5 5 5 5 5 5 5 5 5 5 5 5 5 5 5 5 5 5 5 5 5 5 5 5 5 5 5 5 5 5 5 5 5 5 5 5 5 5 5 5 5 5 5 5 5 5 5 5 5 5 5 5 5 5 5 5 5 5 5 5 5 5 5 5 5 5 5 5 5 5 5 5 5 5 5 5 5 5 5 5 5 5 5 5 5 5 5 5 5 5 5 5 5 5 5 5 5 5 5 5 5 5 5 5 5 5 5 5 5 5 5 5 5 5 5 5 5 