1 0 0 0 0 

0.666667 0.333333 0 0 0 
0 0.857143 0.142857 0 0 
0 0 0.9375 0.0625 0 
0 0 0 0.965517 0.0344828 
0 0 0 0 1 


1e-010 1e-010 1e-010 1e-010 1e-010 1e-010 2.46718e-017 1 1e-010 1e-010 1e-010 1e-010 1e-010 1e-010 1e-010 1e-010 1e-010 1e-010 1e-010 1e-010 1e-010 1e-010 1e-010 1e-010 1e-010 1e-010 1e-010 1e-010 1e-010 1e-010 1e-010 1e-010 
1e-010 1e-010 1e-010 1e-010 1e-010 8.6679e-220 0.857143 3.27989e-016 -2.7e-009 1e-010 0.142857 1e-010 1e-010 1e-010 1e-010 1e-010 1e-010 1e-010 1e-010 1e-010 1e-010 1e-010 1e-010 1e-010 1e-010 1e-010 1e-010 1e-010 1e-010 1e-010 1e-010 1e-010 
0.0625 7.41175e-022 -2.3e-009 1e-010 1e-010 0.0625 2.02425e-191 0.8125 1e-010 1e-010 1.07326e-011 1e-010 0.0625 1e-010 1e-010 1e-010 1.24767e-135 1e-010 1e-010 1e-010 1e-010 1e-010 1e-010 1e-010 1e-010 1e-010 1e-010 1e-010 1e-010 1e-010 1e-010 1e-010 
3.74522e-152 0.137931 1e-010 -2.4e-009 1e-010 1.20872e-041 1e-010 4.20726e-038 1e-010 1e-010 1e-010 1e-010 1e-010 1e-010 1e-010 1e-010 0.103448 1e-010 1e-010 1e-010 1e-010 1e-010 1e-010 1e-010 1e-010 1e-010 1e-010 1e-010 0.724138 0.0344828 1e-010 1e-010 
0.0384615 1.51889e-023 1e-010 0.0192308 -2e-009 0.0769231 0.0576923 0.596154 0.0384615 1e-010 1e-010 1e-010 0.0769231 0.0961538 1e-010 1e-010 1e-010 1e-010 1e-010 1e-010 1e-010 1e-010 1e-010 1e-010 1e-010 1e-010 1e-010 1e-010 3.26826e-055 1e-010 1e-010 1.11022e-016 


6.40222e-057

8 8 8 7 7 7 7 7 7 11 8 8 8 6 13 8 8 8 8 8 8 8 8 1 8 8 2 2 2 17 17 29 17 30 29 29 29 29 29 29 29 29 29 29 29 29 29 29 29 29 29 29 29 29 2 6 8 6 7 6 6 8 8 8 7 8 8 8 8 8 8 8 8 8 8 8 8 8 8 8 8 8 8 8 8 8 8 8 8 8 8 7 4 8 9 14 14 14 14 14 9 1 13 13 13 13 1 4 
1 1 1 2 2 2 2 2 2 2 3 3 3 3 3 3 3 3 3 3 3 3 3 3 3 3 4 4 4 4 4 4 4 4 4 4 4 4 4 4 4 4 4 4 4 4 4 4 4 4 4 4 4 4 4 5 5 5 5 5 5 5 5 5 5 5 5 5 5 5 5 5 5 5 5 5 5 5 5 5 5 5 5 5 5 5 5 5 5 5 5 5 5 5 5 5 5 5 5 5 5 5 5 5 5 5 5 5 