1 0 0 0 0 

0.8 0.2 0 0 0 
0 0.8 0.2 0 0 
0 0 0.8 0.2 0 
0 0 0 0.8 0.2 
0 0 0 0 1 


-1.3e-009 1e-010 2.21814e-015 1.34802e-008 1e-010 1e-010 1e-010 1e-010 0.36 0.00137287 0.0141422 0.0292532 0.450706 5.98631e-007 0.0386547 0.0214823 1e-010 1e-010 1e-010 1e-010 1e-010 3.19412e-015 2.40483e-010 5.92855e-010 0.08192 1.58726e-008 1e-010 1e-010 2.16255e-006 1.70993e-006 0.00246432 1e-010 
1e-010 -1.3e-009 7.98529e-014 2.49386e-007 1e-010 1e-010 1e-010 1e-010 0.04 0.0102878 0.0450826 0.110975 0.50227 8.53049e-006 0.100932 0.095669 1e-010 1e-010 1e-010 1e-010 1e-010 1.16142e-013 5.77388e-009 1.30428e-008 0.08192 3.05811e-007 1e-010 1e-010 3.02814e-005 2.64172e-005 0.0127973 1e-010 
1e-010 1e-010 -1.39857e-009 2.27569e-006 1e-010 1e-010 1e-010 1e-010 9.34258e-012 0.0374601 0.0750002 0.20318 0.29148 5.97135e-005 0.119457 0.20993 1e-010 1e-010 1e-010 1e-010 1e-010 2.09703e-012 6.86296e-008 1.41841e-007 0.03072 2.91227e-006 1e-010 1e-010 0.000208313 0.00020111 0.0322979 1e-010 
1e-010 1e-010 1.68905e-011 1.36532e-005 1e-010 1e-010 1e-010 1e-010 1.03547e-010 0.0884259 0.10436 0.24299 0.115754 0.000273687 0.084576 0.303145 1e-010 1e-010 1e-010 1e-010 1e-010 2.50678e-011 5.38431e-007 1.01652e-006 0.00512 1.82766e-005 1e-010 1e-010 0.00093842 0.00100577 0.0533772 1e-010 
1e-010 1e-010 0.00775194 0.0387591 -1.2e-009 1e-010 1e-010 1e-010 0.00775194 0.1187 0.161295 0.101302 0.00929417 0.0154906 0.110712 0.161619 1e-010 1e-010 1e-010 1e-010 1e-010 0.0155039 0.0232558 0.00775189 1.24031e-005 0.0310069 1e-010 1e-010 0.0232101 0.0774715 0.089111 2.22045e-016 


2.70161e-229

9 9 13 13 25 13 13 13 13 13 15 15 11 12 16 12 12 12 16 16 31 16 16 16 16 16 12 12 10 10 10 10 31 10 10 11 11 11 11 11 11 11 11 11 11 11 11 11 11 11 11 11 11 10 10 29 29 14 29 30 30 30 30 30 30 30 30 30 30 12 12 10 10 10 4 26 31 31 31 15 15 26 26 15 15 16 15 15 24 15 16 16 16 16 16 23 23 15 15 15 16 16 15 16 23 16 31 31 15 15 31 16 12 16 11 16 16 16 16 12 11 11 31 12 4 31 31 26 12 12 31 10 10 10 4 9 12 12 10 15 12 4 14 13 3 22 22 4 10 3 
1 2 3 4 5 5 5 5 5 5 5 5 5 5 5 5 5 5 5 5 5 5 5 5 5 5 5 5 5 5 5 5 5 5 5 5 5 5 5 5 5 5 5 5 5 5 5 5 5 5 5 5 5 5 5 5 5 5 5 5 5 5 5 5 5 5 5 5 5 5 5 5 5 5 5 5 5 5 5 5 5 5 5 5 5 5 5 5 5 5 5 5 5 5 5 5 5 5 5 5 5 5 5 5 5 5 5 5 5 5 5 5 5 5 5 5 5 5 5 5 5 5 5 5 5 5 5 5 5 5 5 5 5 5 5 5 5 5 5 5 5 5 5 5 5 5 5 5 5 5 