1 0 0 0 0 

0.8 0.2 0 0 0 
0 0.8 0.2 0 0 
0 0 0.8 0.2 0 
0 0 0 0.8 0.2 
0 0 0 0 1 


0.0335351 1e-010 0.274423 9.78652e-008 1e-010 1e-010 1e-010 1e-010 1.57028e-007 0.0126664 3.06563e-007 9.33119e-007 0.604428 0.052429 0.00905107 0.00533838 1e-010 1e-010 1e-010 1e-010 1e-010 1e-010 0.00293542 0.00230584 1e-010 0.0028823 1e-010 1e-010 1e-010 1e-010 3.27558e-006 1e-010 
0.107752 -1.6e-009 0.248443 1.66845e-006 1e-010 1e-010 1e-010 1e-010 2.47414e-006 0.0489066 4.59905e-006 1.45483e-005 0.398036 0.0786462 0.041022 0.0330205 1e-010 1e-010 1e-010 1e-010 1e-010 1e-010 0.0188845 0.0115292 1e-010 0.0136909 1e-010 1e-010 1e-010 1e-010 4.57238e-005 1e-010 
0.160323 1e-010 0.146654 1.40338e-005 1e-010 1e-010 1e-010 1e-010 1.91864e-005 0.0884037 3.39254e-005 0.000112232 0.245848 0.0491753 0.0890412 0.102046 1e-010 1e-010 1e-010 1e-010 1e-010 1e-010 0.0598291 0.0273819 1e-010 0.0308046 1e-010 1e-010 1e-010 1e-010 0.000314139 1e-010 
0.146407 1e-010 0.081124 7.76683e-005 1e-010 1e-010 1e-010 1e-010 9.76288e-005 0.099305 0.000164033 0.000571678 0.107923 0.0165005 0.123742 0.212454 1e-010 1e-010 1e-010 1e-010 1e-010 1e-010 0.125503 0.0410728 1e-010 0.0436399 1e-010 1e-010 1e-010 1e-010 0.00141657 1e-010 
0.00808422 1e-010 0.00262533 0.0744631 -1.5e-009 1e-010 1e-010 1e-010 0.0531851 0.103762 0.0212658 0.223367 0.0236045 0.0320877 0.0498481 0.215273 1e-010 1e-010 1e-010 1e-010 1e-010 1e-010 0.106003 0.00626118 1e-010 0.00579693 1e-010 1e-010 1e-010 1e-010 0.0743734 1.11022e-016 


1.29382e-176

13 13 3 3 13 13 14 13 13 3 13 3 1 1 1 10 10 15 15 26 24 16 16 23 15 23 23 16 16 16 16 16 16 23 23 23 23 16 16 16 16 16 16 16 16 16 23 23 23 23 16 16 16 16 31 31 16 31 31 12 11 12 14 9 12 15 12 4 31 31 4 12 12 12 12 12 15 15 10 10 10 12 12 12 10 12 31 12 12 12 12 14 4 4 10 4 4 12 11 9 9 12 12 12 4 14 10 10 9 13 13 10 10 9 15 
1 2 3 4 5 5 5 5 5 5 5 5 5 5 5 5 5 5 5 5 5 5 5 5 5 5 5 5 5 5 5 5 5 5 5 5 5 5 5 5 5 5 5 5 5 5 5 5 5 5 5 5 5 5 5 5 5 5 5 5 5 5 5 5 5 5 5 5 5 5 5 5 5 5 5 5 5 5 5 5 5 5 5 5 5 5 5 5 5 5 5 5 5 5 5 5 5 5 5 5 5 5 5 5 5 5 5 5 5 5 5 5 5 5 5 