1 0 0 0 0 

0.8 0.2 0 0 0 
0 0.8 0.2 0 0 
0 0 0.8 0.2 0 
0 0 0 0.8 0.2 
0 0 0 0 1 


0.0366182 0.200076 0.325537 0.0309238 1e-010 1e-010 1e-010 1e-010 1.81292e-009 8.00308e-010 1e-010 1.66874e-011 0.205626 0.0109952 0.18432 1e-010 0.0001541 0.000197956 0.00431672 1e-010 4.42096e-005 1e-010 1e-010 1e-010 0.00118069 2.14237e-007 4.11047e-006 1e-010 1.85609e-007 4.66045e-006 2.3324e-008 1e-010 
0.115429 0.235984 0.296482 0.0884763 1e-010 1e-010 1e-010 1e-010 3.76465e-008 1.76548e-008 1e-010 4.33872e-010 0.0293303 0.035735 0.15872 1e-010 0.00153968 0.00177431 0.0291015 1e-010 0.000514247 1e-010 1e-010 1e-010 0.00679006 3.49931e-006 5.28653e-005 1e-010 3.01043e-006 6.37925e-005 4.25486e-007 1e-010 
0.179311 0.207951 0.187389 0.11575 1e-010 1e-010 1e-010 1e-010 3.86278e-007 1.93027e-007 1e-010 5.58611e-009 0.0728993 0.0536088 0.0499203 1e-010 0.00752075 0.00773389 0.0954773 1e-010 0.00293897 1e-010 1e-010 1e-010 0.0186814 2.81986e-005 0.000333377 1e-010 2.41515e-005 0.000429213 3.83414e-006 1e-010 
0.184081 0.15826 0.0988531 0.0915381 1e-010 1e-010 1e-010 1e-010 2.61116e-006 1.39521e-006 1e-010 4.74819e-008 0.114918 0.0491798 0.00672219 1e-010 0.0239493 0.0218414 0.203338 1e-010 0.0110096 1e-010 1e-010 1e-010 0.0327395 0.000149508 0.0013739 1e-010 0.00012786 0.00189247 2.2757e-005 1e-010 
0.0442281 0.00988645 0.0745869 0.0836656 -1.1e-009 1e-010 1e-010 1e-010 0.0299998 0.0599999 1e-010 0.01 0.0588613 0.0425241 0.0500159 1e-010 0.0883418 0.0284226 0.0933883 1e-010 0.119275 1e-010 1e-010 1e-010 0.0270304 0.0399909 0.0199118 1e-010 0.0399922 0.0598805 0.0199986 1e-010 


1.20496e-185

13 3 2 15 15 3 3 3 2 2 1 4 4 14 2 1 3 1 1 2 13 13 13 25 19 19 19 19 19 19 19 19 19 19 19 18 18 18 17 17 17 17 17 17 21 21 21 21 21 21 21 27 27 30 30 30 17 30 30 21 21 21 21 29 26 25 26 17 21 17 3 14 31 30 29 29 14 14 26 29 14 26 31 9 3 25 3 10 15 3 3 4 4 15 15 15 13 15 4 4 4 10 4 4 12 4 10 10 10 1 3 1 13 9 13 9 1 3 13 10 10 
1 2 3 4 5 5 5 5 5 5 5 5 5 5 5 5 5 5 5 5 5 5 5 5 5 5 5 5 5 5 5 5 5 5 5 5 5 5 5 5 5 5 5 5 5 5 5 5 5 5 5 5 5 5 5 5 5 5 5 5 5 5 5 5 5 5 5 5 5 5 5 5 5 5 5 5 5 5 5 5 5 5 5 5 5 5 5 5 5 5 5 5 5 5 5 5 5 5 5 5 5 5 5 5 5 5 5 5 5 5 5 5 5 5 5 5 5 5 5 5 5 