1 0 0 0 0 

0.819276 0.180724 0 0 0 
0 0.711731 0.288269 0 0 
0 0 0.897121 0.102879 0 
0 0 0 0.941303 0.0586968 
0 0 0 0 1 


-2.7e-009 1e-010 1e-010 1e-010 1e-010 1e-010 1.84118e-021 1e-010 1e-010 1e-010 1e-010 1e-010 0.789219 0.180703 0.0300783 1e-010 1e-010 1e-010 1e-010 1e-010 1e-010 1e-010 1e-010 1e-010 1e-010 1e-010 1e-010 1e-010 1e-010 1e-010 1e-010 1e-010 
1e-010 1e-010 1e-010 1e-010 1e-010 3.08401e-120 0.000659284 1e-010 1e-010 1e-010 1e-010 1e-010 0.759015 3.3811e-005 0.240292 -2.6e-009 1e-010 1e-010 1e-010 1e-010 1e-010 1e-010 1e-010 1e-010 1e-010 1e-010 1e-010 1e-010 1e-010 1e-010 1e-010 1e-010 
1e-010 5.53658e-056 1e-010 1e-010 1e-010 2.93887e-006 0.999997 1e-010 1e-010 -2.6e-009 1e-010 1e-010 2.1553e-008 1e-010 2.22045e-016 1e-010 1e-010 1e-010 1e-010 1e-010 1e-010 1e-010 1e-010 1e-010 1e-010 1e-010 1e-010 1e-010 1e-010 1e-010 1e-010 1e-010 
1e-010 0.33872 1e-010 -2.4e-009 1e-010 0.293482 0.191708 0.17609 1e-010 1e-010 1e-010 1e-010 1.14154e-082 1e-010 1e-010 1e-010 3.51963e-045 1e-010 1e-010 1e-010 1e-010 1e-010 1e-010 1e-010 1e-010 1e-010 1e-010 1e-010 1e-010 1e-010 1e-010 2.22045e-016 
0.0221629 0.323904 0.0886516 0.0886516 -1.5e-009 1.41014e-026 0.0112092 1.9279e-122 1e-010 0.0886516 1e-010 0.0554073 0.0332444 0.199466 0.0332444 1e-010 0.0110815 1e-010 1e-010 1e-010 1e-010 0.0221629 1e-010 1e-010 1e-010 1e-010 1e-010 1e-010 0.0221629 1e-010 1e-010 1.11022e-016 


1.19671e-099

13 13 13 14 13 13 15 13 13 7 7 7 7 7 7 7 7 7 7 6 6 6 7 2 2 8 6 8 8 7 6 7 2 2 2 2 2 2 2 2 2 2 2 2 2 2 2 2 2 2 2 2 2 2 2 2 17 2 2 2 2 2 3 14 22 15 14 14 1 2 2 3 22 7 14 1 2 2 14 3 3 29 29 14 14 14 10 10 14 14 14 10 3 14 3 4 12 14 14 12 12 10 14 14 12 15 4 4 10 4 4 12 15 13 13 3 14 14 13 4 4 10 10 3 4 10 4 
1 1 1 1 1 1 2 2 2 3 3 3 3 3 3 3 3 3 3 4 4 4 4 4 4 4 4 4 4 4 4 4 5 5 5 5 5 5 5 5 5 5 5 5 5 5 5 5 5 5 5 5 5 5 5 5 5 5 5 5 5 5 5 5 5 5 5 5 5 5 5 5 5 5 5 5 5 5 5 5 5 5 5 5 5 5 5 5 5 5 5 5 5 5 5 5 5 5 5 5 5 5 5 5 5 5 5 5 5 5 5 5 5 5 5 5 5 5 5 5 5 5 5 5 5 5 5 