1 0 0 0 0 

0.8 0.2 0 0 0 
0 0.8 0.2 0 0 
0 0 0.8 0.2 0 
0 0 0 0.8 0.2 
0 0 0 0 1 


0.0335544 1e-010 0.36 0.107602 1e-010 1e-010 1e-010 1.0889e-005 0.0831492 0.149223 0.000471142 3.21723e-010 0.152139 0.0483029 0.065536 5.93947e-010 1.90014e-008 1e-010 1e-010 1e-010 1.76857e-008 2.60741e-011 1e-010 1e-010 1.21609e-008 2.86562e-008 1e-010 1e-010 2.40491e-013 1.12926e-005 4.26817e-010 4.64775e-008 
0.0671089 -1e-009 0.04 0.102166 1e-010 1e-010 1e-010 0.000119779 0.0910421 0.165578 0.00439397 7.41264e-009 0.300918 0.146596 0.08192 1.37953e-008 3.57047e-007 1e-010 1e-010 1e-010 3.35058e-007 6.64889e-010 1e-010 1e-010 2.3459e-007 5.47832e-007 1e-010 1e-010 7.39509e-012 0.000154666 9.77742e-009 8.24255e-007 
0.0587203 1e-010 1.9398e-009 0.0781547 1e-010 1e-010 1e-010 0.000643814 0.0635394 0.246242 0.020117 8.47044e-008 0.28035 0.210206 0.04096 1.58518e-007 3.31189e-006 1e-010 1e-010 1e-010 3.1325e-006 8.39422e-009 1e-010 1e-010 2.23462e-006 5.18832e-006 1e-010 1e-010 1.12775e-010 0.00104538 1.11061e-007 7.24832e-006 
0.0293601 1e-010 2.66241e-008 0.0889374 1e-010 1e-010 1e-010 0.00225335 0.0813853 0.36715 0.0603458 6.40419e-007 0.16609 0.189455 0.0102401 1.20141e-006 2.02167e-005 1e-010 1e-010 1e-010 1.92664e-005 6.99518e-008 1e-010 1e-010 1.40128e-005 3.24667e-005 1e-010 1e-010 1.13715e-009 0.00465116 8.34297e-007 4.21862e-005 
0.000436291 1e-010 0.0155039 0.0706643 -1e-009 1e-010 1e-010 0.00763458 0.0573986 0.0803026 0.112972 0.0930232 0.0116474 0.0312186 0.0620676 0.0310077 0.0155029 1e-010 1e-010 1e-010 0.015503 0.00775193 1e-010 1e-010 0.0155032 0.108526 1e-010 1e-010 0.00775194 0.162563 0.0387597 0.0542616 


2.70161e-229

3 3 10 4 9 15 13 13 1 13 14 13 13 14 14 14 10 10 10 4 4 10 10 10 10 10 10 10 9 9 9 10 9 9 11 11 11 11 11 11 11 11 11 4 8 11 11 11 11 11 11 30 30 30 30 30 30 30 30 30 30 30 30 30 30 30 30 30 30 32 30 30 30 26 17 21 25 21 17 26 25 26 26 26 32 32 32 32 32 32 31 12 16 16 16 26 26 26 26 26 26 26 22 31 31 15 15 3 12 31 31 12 12 12 4 16 15 12 12 12 15 15 10 29 12 12 12 12 4 15 4 4 4 9 3 26 26 10 4 9 10 15 13 14 14 9 4 14 15 14 
1 2 3 4 5 5 5 5 5 5 5 5 5 5 5 5 5 5 5 5 5 5 5 5 5 5 5 5 5 5 5 5 5 5 5 5 5 5 5 5 5 5 5 5 5 5 5 5 5 5 5 5 5 5 5 5 5 5 5 5 5 5 5 5 5 5 5 5 5 5 5 5 5 5 5 5 5 5 5 5 5 5 5 5 5 5 5 5 5 5 5 5 5 5 5 5 5 5 5 5 5 5 5 5 5 5 5 5 5 5 5 5 5 5 5 5 5 5 5 5 5 5 5 5 5 5 5 5 5 5 5 5 5 5 5 5 5 5 5 5 5 5 5 5 5 5 5 5 5 5 