1 0 0 0 0 

0.888889 0.111111 0 0 0 
0 1.74075e-013 1 0 0 
0 0 0.922412 0.0775876 0 
0 0 0 0.952632 0.0473679 
0 0 0 0 1 


-2.6e-009 1e-010 5.1914e-026 1e-010 1e-010 1e-010 1e-010 1e-010 0.222222 9.84379e-178 1e-010 1e-010 0.333333 0.444444 1e-010 1e-010 1e-010 1e-010 1e-010 1e-010 1e-010 1e-010 1e-010 1e-010 1e-010 1e-010 1e-010 1e-010 1e-010 1e-010 1e-010 1e-010 
1e-010 1e-010 1 1e-010 1e-010 1e-010 1e-010 1e-010 1.12331e-013 1.18567e-093 1e-010 1e-010 1e-010 6.12157e-014 1e-010 1e-010 1e-010 1e-010 1e-010 1e-010 1e-010 1e-010 1e-010 1e-010 1e-010 1e-010 1e-010 1e-010 1e-010 1e-010 1e-010 1e-010 
1e-010 1e-010 -2.6e-009 1e-010 1e-010 1e-010 1e-010 1e-010 0.465526 0.155175 1e-010 1e-010 0.365408 1e-010 1e-010 1e-010 1e-010 1e-010 1e-010 1.82554e-027 1e-010 1e-010 0.0138911 1e-010 1e-010 1e-010 1e-010 1e-010 1e-010 1e-010 1e-010 1e-010 
0.189472 0.0473679 1e-010 -1.7e-009 1e-010 1e-010 1e-010 1e-010 3.33894e-030 5.41997e-171 1e-010 1e-010 0.108491 1e-010 1.80829e-033 1e-010 1e-010 1e-010 0.142104 0.378943 1.25309e-082 6.57661e-074 0.0388873 1e-010 0.0947358 1e-010 1e-010 7.86727e-127 6.10124e-199 1e-010 1e-010 1e-010 
1.06787e-009 1.55649e-114 0.0625 0.125 -1.2e-009 1e-010 1e-010 1e-010 0.025 0.0375 1e-010 0.05 1.50328e-123 0.1 0.075 1e-010 1e-010 1e-010 1.32119e-159 2.70954e-178 0.05 0.1 1e-010 1e-010 1.61056e-141 1e-010 1e-010 0.1 0.0875 1e-010 0.075 0.1125 


2.08935e-118

9 13 13 14 14 14 9 13 14 3 9 9 13 13 9 10 10 9 9 13 9 13 13 23 20 20 20 20 20 19 20 20 20 19 19 25 25 13 13 2 1 1 1 1 15 15 22 21 21 21 21 22 28 28 28 28 28 28 28 28 29 29 29 29 32 32 22 32 22 22 22 22 32 32 32 32 29 31 31 29 32 29 32 12 15 31 31 12 14 12 31 4 12 22 14 14 31 9 10 10 4 4 14 4 4 4 4 4 14 14 15 4 3 9 14 4 15 15 3 14 3 10 3 3 3 
1 1 1 1 1 1 1 1 1 2 3 3 3 3 3 3 3 3 3 3 3 3 3 4 4 4 4 4 4 4 4 4 4 4 4 4 4 4 4 4 4 4 4 4 5 5 5 5 5 5 5 5 5 5 5 5 5 5 5 5 5 5 5 5 5 5 5 5 5 5 5 5 5 5 5 5 5 5 5 5 5 5 5 5 5 5 5 5 5 5 5 5 5 5 5 5 5 5 5 5 5 5 5 5 5 5 5 5 5 5 5 5 5 5 5 5 5 5 5 5 5 5 5 5 5 