1 0 0 0 0 

0.8 0.2 0 0 0 
0 0.8 0.2 0 0 
0 0 0.8 0.2 0 
0 0 0 0.8 0.2 
0 0 0 0 1 


0.0106336 0.282445 0.369943 5.87136e-013 0.0171799 1e-010 1e-010 0.013736 1.82628e-011 0.065536 0.000604463 6.14663e-011 4.2855e-014 0.185076 0.0524288 1e-010 1e-010 1e-010 1e-010 1e-010 1e-010 0.00104064 1e-010 1e-010 1e-010 3.46307e-013 0.000386856 0.000989529 1e-010 1e-010 1.59017e-008 8.06957e-007 
0.0554765 0.355334 0.1374 1.74673e-011 0.0472446 1e-010 1e-010 0.0578713 4.95927e-010 0.08192 0.00392901 1.56624e-009 1.42744e-012 0.163442 0.0786432 1e-010 1e-010 1e-010 1e-010 1e-010 1e-010 0.00736478 1e-010 1e-010 1e-010 1.0774e-011 0.00270799 0.00865326 1e-010 1e-010 3.32406e-007 1.19814e-005 
0.138664 0.386018 0.0630502 2.57642e-010 0.0590558 1e-010 1e-010 0.114954 6.68022e-009 0.04096 0.0122782 1.97689e-008 2.36007e-011 0.0640871 0.049152 1e-010 1e-010 1e-010 1e-010 1e-010 1e-010 0.0251928 1e-010 1e-010 1e-010 1.66251e-010 0.00913948 0.0373561 1e-010 1e-010 3.44197e-006 8.8085e-005 
0.221095 0.301292 0.0229376 1.21201e-009 0.0442919 1e-010 1e-010 0.143046 5.9517e-008 0.01024 0.0245563 1.6479e-007 2.5824e-010 0.0338736 0.016384 1e-010 1e-010 1e-010 1e-010 1e-010 1e-010 0.0554767 1e-010 1e-010 1e-010 1.69643e-009 0.0198022 0.106552 1e-010 1e-010 2.35444e-005 0.000428184 
0.0328021 0.0201233 0.0257063 0.00847458 0.00136559 1e-010 1e-010 0.0114573 0.0508475 0.0170061 0.0067217 0.0254237 0.0169492 0.0743018 0.000143729 1e-010 1e-010 1e-010 1e-010 1e-010 1e-010 0.0216494 1e-010 1e-010 1e-010 0.0169492 0.0071171 0.340951 1e-010 1e-010 0.237287 0.0847233 


9.73359e-213

3 2 3 14 14 10 15 3 2 2 2 5 2 2 2 2 8 8 8 1 1 1 1 1 1 14 11 22 27 22 22 28 28 28 28 28 28 28 28 28 28 28 28 28 28 28 28 28 28 28 28 28 28 28 28 28 28 32 28 28 28 28 28 32 28 28 28 28 28 28 28 28 28 28 32 32 32 32 32 32 31 31 31 31 31 31 32 32 31 31 31 31 31 31 31 31 31 31 31 31 31 12 12 31 31 3 9 31 31 31 9 31 12 9 14 14 31 10 14 4 9 9 31 31 26 26 9 10 14 14 14 14 13 2 3 3 14 13 15 
1 2 3 4 5 5 5 5 5 5 5 5 5 5 5 5 5 5 5 5 5 5 5 5 5 5 5 5 5 5 5 5 5 5 5 5 5 5 5 5 5 5 5 5 5 5 5 5 5 5 5 5 5 5 5 5 5 5 5 5 5 5 5 5 5 5 5 5 5 5 5 5 5 5 5 5 5 5 5 5 5 5 5 5 5 5 5 5 5 5 5 5 5 5 5 5 5 5 5 5 5 5 5 5 5 5 5 5 5 5 5 5 5 5 5 5 5 5 5 5 5 5 5 5 5 5 5 5 5 5 5 5 5 5 5 5 5 5 5 