1 0 0 0 0 

0.8 0.2 0 0 0 
0 0.8 0.2 0 0 
0 0 0.8 0.2 0 
0 0 0 0.8 0.2 
0 0 0 0 1 


2.9431e-012 1e-010 0.027886 0.00415058 2.60741e-011 1e-010 1e-010 1e-010 0.0171799 3.81569e-009 1e-010 1.59433e-006 0.944881 4.82469e-008 -1.69992e-009 8.79647e-005 1e-010 1e-010 1e-010 1e-010 1e-010 1e-010 7.57865e-005 0.000221348 1e-010 0.00551594 1e-010 1e-010 1e-010 1e-010 2.04504e-007 1e-010 
8.79783e-011 -1.6e-009 0.0982545 0.0212149 6.64889e-010 1e-010 1e-010 1e-010 0.0472446 8.05945e-008 1e-010 2.46493e-005 0.793442 8.77242e-007 2.52173e-012 0.000967713 1e-010 1e-010 1e-010 1e-010 1e-010 1e-010 0.000717046 0.00196139 1e-010 0.0361686 1e-010 1e-010 1e-010 1e-010 3.42109e-006 1e-010 
1.30485e-009 1e-010 0.1664 0.0516032 8.39422e-009 1e-010 1e-010 1e-010 0.0590558 8.42116e-007 1e-010 0.000187975 0.589765 7.89838e-006 4.00324e-011 0.0052392 1e-010 1e-010 1e-010 1e-010 1e-010 1e-010 0.00335083 0.00848844 1e-010 0.115872 1e-010 1e-010 1e-010 1e-010 2.82973e-005 1e-010 
1.28022e-008 1e-010 0.182041 0.0794651 6.99518e-008 1e-010 1e-010 1e-010 0.0442921 5.80409e-006 1e-010 0.000942901 0.397729 4.69763e-005 4.20341e-010 0.0186308 1e-010 1e-010 1e-010 1e-010 1e-010 1e-010 0.0103475 0.0239366 1e-010 0.242408 1e-010 1e-010 1e-010 1e-010 0.000154339 1e-010 
0.0695652 1e-010 0.0576269 0.123633 0.00869565 1e-010 1e-010 1e-010 0.0361838 0.0695649 1e-010 0.112993 0.0640949 0.104345 0.00869565 0.120655 1e-010 1e-010 1e-010 1e-010 1e-010 1e-010 0.0341526 0.0332779 1e-010 0.104349 1e-010 1e-010 1e-010 1e-010 0.0521658 1e-010 


3.1895e-208

13 13 13 13 13 13 13 13 13 13 13 9 3 13 13 3 3 13 13 13 4 4 3 26 26 26 26 26 26 26 26 26 26 26 24 24 23 26 26 24 26 16 16 16 16 16 16 24 23 23 23 16 16 16 16 16 16 16 16 12 12 12 12 12 31 12 12 12 4 31 14 12 12 31 31 12 14 31 4 14 4 4 12 10 10 14 12 14 31 10 4 4 4 4 14 14 9 14 10 4 4 4 5 10 14 4 14 4 14 3 13 13 13 13 3 3 13 1 1 9 1 1 9 9 1 10 1 1 15 10 3 3 1 14 10 1 
1 2 3 4 5 5 5 5 5 5 5 5 5 5 5 5 5 5 5 5 5 5 5 5 5 5 5 5 5 5 5 5 5 5 5 5 5 5 5 5 5 5 5 5 5 5 5 5 5 5 5 5 5 5 5 5 5 5 5 5 5 5 5 5 5 5 5 5 5 5 5 5 5 5 5 5 5 5 5 5 5 5 5 5 5 5 5 5 5 5 5 5 5 5 5 5 5 5 5 5 5 5 5 5 5 5 5 5 5 5 5 5 5 5 5 5 5 5 5 5 5 5 5 5 5 5 5 5 5 5 5 5 5 5 5 5 