1 0 0 0 0 

0.715977 0.284023 0 0 0 
0 0.953899 0.0461009 0 0 
0 0 0.439887 0.560113 0 
0 0 0 0.915835 0.0841653 
0 0 0 0 1 


-2.20624e-009 1e-010 1e-010 1e-010 1e-010 1e-010 0.568047 0.431953 1e-010 2.58473e-160 8.76893e-161 5.41016e-151 7.4444e-132 1.69057e-218 5.63746e-132 1e-010 1e-010 1e-010 1e-010 1e-010 1e-010 1e-010 1e-010 1e-010 1e-010 1e-010 1e-010 1e-010 1.12809e-131 1e-010 1e-010 1e-010 
0.0559071 -2.1e-009 1e-010 1e-010 1e-010 1e-010 2.50579e-024 0.944093 1e-010 5.94444e-150 2.52804e-159 7.18584e-142 2.61748e-210 3.51938e-218 1.50162e-132 1e-010 1e-010 1e-010 1e-010 1e-010 1e-010 1e-010 1e-010 1e-010 1e-010 1e-010 1e-010 1e-010 6.62725e-132 1e-010 1e-010 1e-010 
0.44097 1e-010 1e-010 1e-010 1e-010 1e-010 6.75788e-244 0.000189618 1e-010 1.26807e-140 1.19937e-148 1.46808e-131 0.55884 1e-010 5.0436e-038 1e-010 -2.3e-009 1e-010 1e-010 1e-010 1e-010 1e-010 1e-010 1e-010 1e-010 1e-010 1e-010 1e-010 1e-010 1e-010 1e-010 1e-010 
3.09437e-027 1e-010 1e-010 -2.1e-009 1e-010 1e-010 1e-010 2.91735e-046 6.56995e-260 0.0841653 0.0418045 0.116351 0.000191277 1.42243e-202 0.168331 1e-010 1e-010 1e-010 1e-010 1e-010 1e-010 1e-010 1e-010 1e-010 1e-010 1e-010 1e-010 1e-010 0.589157 1e-010 1e-010 1e-010 
0.0415968 1e-010 1e-010 0.0415968 -1.9e-009 1e-010 0.0138656 0.651684 0.0554624 2.8958e-011 0.0347098 0.0224289 0.0415968 0.0554624 2.06406e-119 1e-010 1e-010 1e-010 1e-010 1e-010 1e-010 1e-010 1e-010 1e-010 1e-010 1e-010 1e-010 1e-010 0.0415968 1e-010 1e-010 1e-010 


7.19237e-060

8 7 7 8 8 8 8 8 8 8 1 8 8 8 8 8 8 8 8 8 8 8 8 8 8 1 13 15 29 29 29 29 29 29 15 29 12 10 11 12 8 29 29 7 12 11 11 29 14 1 1 1 8 8 8 8 8 8 8 8 8 8 8 8 8 8 8 8 8 8 8 8 8 8 8 8 8 8 8 8 8 8 8 8 8 8 8 8 8 8 8 8 8 8 8 8 13 14 4 8 8 4 4 9 9 9 9 13 14 14 13 13 
1 1 1 2 2 2 2 2 2 2 2 2 2 2 2 2 2 2 2 2 2 2 2 2 2 3 3 4 4 4 4 4 4 4 4 4 4 4 5 5 5 5 5 5 5 5 5 5 5 5 5 5 5 5 5 5 5 5 5 5 5 5 5 5 5 5 5 5 5 5 5 5 5 5 5 5 5 5 5 5 5 5 5 5 5 5 5 5 5 5 5 5 5 5 5 5 5 5 5 5 5 5 5 5 5 5 5 5 5 5 5 5 