1 0 0 0 0 

0.8 0.2 0 0 0 
0 0.8 0.2 0 0 
0 0 0.8 0.2 0 
0 0 0 0.8 0.2 
0 0 0 0 1 


0.0284453 0.0500753 0.167936 0.128 1e-010 1e-010 0.0214748 1e-010 0.16 0.0335544 1e-010 1.28978e-008 0.0268435 0.28192 1e-010 1.55414e-010 1e-010 1e-010 1e-010 1e-010 4.46015e-006 0.000473986 1e-010 1e-010 1e-010 1e-010 1e-010 7.65319e-005 0.00674487 3.32307e-005 0.0943718 4.56015e-005 
0.106875 0.167287 0.15872 0.064 1e-010 1e-010 0.0536871 1e-010 0.04 0.0671089 1e-010 2.64378e-007 0.060398 0.08192 1e-010 3.65222e-009 1e-010 1e-010 1e-010 1e-010 5.35218e-005 0.00416596 1e-010 1e-010 1e-010 1e-010 1e-010 0.000865059 0.0420987 0.000323999 0.152044 0.000454026 
0.193503 0.269407 0.06016 0.00800001 1e-010 1e-010 0.060398 1e-010 2.69974e-009 0.0587203 1e-010 2.68495e-006 0.060398 0.03072 1e-010 4.2457e-008 1e-010 1e-010 1e-010 1e-010 0.000314441 0.0178589 1e-010 1e-010 1e-010 1e-010 1e-010 0.00480907 0.127712 0.001539 0.104203 0.00225445 
0.22642 0.280399 0.01184 6.29475e-008 1e-010 1e-010 0.0402653 1e-010 2.57522e-008 0.0293602 1e-010 1.80166e-005 0.0352322 0.00512 1e-010 3.25504e-007 1e-010 1e-010 1e-010 1e-010 0.00120536 0.0497765 1e-010 1e-010 1e-010 1e-010 1e-010 0.0175414 0.251229 0.00474524 0.0393258 0.00752163 
0.0172386 0.0245284 0.0233079 0.0310077 -1.3e-009 1e-010 0.000937007 1e-010 0.116279 0.0159402 1e-010 0.108526 0.0239197 0.0775318 1e-010 0.00775192 1e-010 1e-010 1e-010 1e-010 0.00769078 0.0514622 1e-010 1e-010 1e-010 1e-010 1e-010 0.115376 0.0686905 0.00749452 0.108917 0.1934 


2.70161e-229

14 9 4 3 14 3 31 31 10 13 7 2 2 1 1 2 2 1 2 2 1 1 29 29 29 29 29 29 29 29 29 29 29 22 22 22 22 22 32 30 22 22 28 28 28 28 28 28 21 28 28 28 28 28 28 32 32 32 32 32 32 28 28 28 32 32 32 32 32 32 32 32 32 32 32 32 32 32 12 32 32 32 12 12 32 12 12 31 31 31 12 12 12 31 16 12 31 31 31 12 12 12 12 12 31 31 4 4 31 10 31 10 31 9 9 4 9 31 3 31 14 9 9 14 14 9 9 9 14 9 9 9 9 14 4 9 9 9 14 14 13 13 14 3 2 13 14 14 3 14 
1 2 3 4 5 5 5 5 5 5 5 5 5 5 5 5 5 5 5 5 5 5 5 5 5 5 5 5 5 5 5 5 5 5 5 5 5 5 5 5 5 5 5 5 5 5 5 5 5 5 5 5 5 5 5 5 5 5 5 5 5 5 5 5 5 5 5 5 5 5 5 5 5 5 5 5 5 5 5 5 5 5 5 5 5 5 5 5 5 5 5 5 5 5 5 5 5 5 5 5 5 5 5 5 5 5 5 5 5 5 5 5 5 5 5 5 5 5 5 5 5 5 5 5 5 5 5 5 5 5 5 5 5 5 5 5 5 5 5 5 5 5 5 5 5 5 5 5 5 5 