1 0 0 0 0 

0.8 0.2 0 0 0 
0 0.8 0.2 0 0 
0 0 0.8 0.2 0 
0 0 0 0.8 0.2 
0 0 0 0 1 


1e-010 1e-010 5.9816e-005 1.46662e-009 1e-010 1e-010 1e-010 1e-010 5.16231e-008 4.15395e-005 0.971853 4.44858e-008 1e-010 4.00369e-009 9.96976e-007 9.453e-007 5.18931e-005 1e-010 1e-010 1e-010 6.42263e-006 1e-010 1e-010 1e-010 2.74313e-005 1.32241e-005 1e-010 0.00879103 5.46376e-010 0.0191488 7.81628e-007 4.53795e-006 
1e-010 1e-010 0.000589861 3.0907e-008 1e-010 1e-010 1e-010 1e-010 8.78876e-007 0.000394638 0.859263 8.45517e-007 1e-010 8.23511e-008 1.43176e-005 1.30547e-005 0.000542963 1e-010 1e-010 1e-010 7.93911e-005 1e-010 1e-010 1e-010 0.000310519 0.000161274 1e-010 0.0414331 1.24908e-008 0.0971236 1.2669e-005 6.02248e-005 
1e-010 1e-010 0.00283517 3.22095e-007 1e-010 1e-010 1e-010 1e-010 7.37562e-006 0.00182535 0.648156 7.94258e-006 1e-010 8.37387e-007 0.000101127 8.87001e-005 0.00277373 1e-010 1e-010 1e-010 0.00048081 1e-010 1e-010 1e-010 0.00172407 0.000966708 1e-010 0.092639 1.41219e-007 0.247898 0.000101316 0.000392623 
1e-010 1e-010 0.00885046 2.2122e-006 1e-010 1e-010 1e-010 1e-010 4.06824e-005 0.00547714 0.401866 4.91753e-005 1e-010 5.61272e-006 0.000469223 0.000395446 0.00921894 1e-010 1e-010 1e-010 0.00190141 1e-010 1e-010 1e-010 0.00626325 0.00379851 1e-010 0.130649 1.05267e-006 0.428802 0.000533016 0.00167644 
1e-010 1e-010 0.0312588 0.0319148 -1.3e-009 1e-010 1e-010 1e-010 0.0319123 0.0634182 0.0169608 0.148933 1e-010 0.0425528 0.0744369 0.0318884 0.0312453 1e-010 1e-010 1e-010 0.0317836 1e-010 1e-010 1e-010 0.0527487 0.0529287 1e-010 0.0173664 0.0212765 0.159948 0.106349 0.053078 


1.29382e-176

11 11 11 11 11 11 11 11 11 11 11 11 11 11 11 11 30 30 28 28 28 30 30 30 30 30 30 30 30 30 30 30 30 30 30 30 30 30 10 3 3 17 17 17 25 25 25 26 26 21 21 26 32 32 32 16 15 26 25 25 26 15 31 31 31 31 32 31 9 31 31 31 31 31 12 12 12 12 16 16 12 14 15 15 4 14 10 3 15 12 12 29 29 9 12 15 15 10 12 12 10 10 12 32 21 14 4 4 9 14 12 10 12 12 12 
1 2 3 4 5 5 5 5 5 5 5 5 5 5 5 5 5 5 5 5 5 5 5 5 5 5 5 5 5 5 5 5 5 5 5 5 5 5 5 5 5 5 5 5 5 5 5 5 5 5 5 5 5 5 5 5 5 5 5 5 5 5 5 5 5 5 5 5 5 5 5 5 5 5 5 5 5 5 5 5 5 5 5 5 5 5 5 5 5 5 5 5 5 5 5 5 5 5 5 5 5 5 5 5 5 5 5 5 5 5 5 5 5 5 5 