1 0 0 0 0 

0.8 0.2 0 0 0 
0 0.8 0.2 0 0 
0 0 0.8 0.2 0 
0 0 0 0.8 0.2 
0 0 0 0 1 


0.111196 1e-010 0.162156 1.63845e-009 1e-010 1e-010 1e-010 1.79036e-010 0.0207827 0.0137439 3.83124e-007 1.81302e-006 0.358451 0.309475 0.0018465 3.84034e-005 1e-010 1e-010 1e-010 1e-010 1e-010 1e-010 0.00289763 0.000836708 0.0149722 0.0036008 1e-010 1e-010 1e-010 1e-010 1.12385e-006 1e-010 
0.107586 -1.4e-009 0.312382 3.52295e-008 1e-010 1e-010 1e-010 4.31677e-009 0.0634576 0.0412317 5.65108e-006 2.65334e-005 0.199574 0.157687 0.00970829 0.000460792 1e-010 1e-010 1e-010 1e-010 1e-010 1e-010 0.0214239 0.00543225 0.0604355 0.0205718 1e-010 1e-010 1e-010 1e-010 1.67065e-005 1e-010 
0.0692278 1e-010 0.292406 3.75934e-007 1e-010 1e-010 1e-010 5.15028e-008 0.0935083 0.0566936 4.09703e-005 0.000191891 0.125281 0.0683986 0.0243628 0.00271967 1e-010 1e-010 1e-010 1e-010 1e-010 1e-010 0.0778125 0.0171841 0.115783 0.0562663 1e-010 1e-010 1e-010 1e-010 0.000123248 1e-010 
0.0516282 1e-010 0.195406 2.65475e-006 1e-010 1e-010 1e-010 4.05368e-007 0.0902287 0.047245 0.000194609 0.000914799 0.0644944 0.0402695 0.0389659 0.0105328 1e-010 1e-010 1e-010 1e-010 1e-010 1e-010 0.185657 0.0354504 0.140359 0.0980481 1e-010 1e-010 1e-010 1e-010 0.000602507 1e-010 
0.0457639 1e-010 0.0445559 0.0851062 -1.3e-009 1e-010 1e-010 0.0212766 0.0495757 0.023462 0.0106254 0.116961 0.00277655 0.0438388 0.0279317 0.158843 1e-010 1e-010 1e-010 1e-010 1e-010 1e-010 0.176181 0.0181434 0.0142793 0.0224209 1e-010 1e-010 1e-010 1e-010 0.138258 1.11022e-016 


1.29382e-176

13 14 14 1 13 13 3 3 3 3 14 9 10 13 1 25 25 3 9 3 25 15 26 26 26 24 23 23 23 23 23 23 23 23 23 24 23 23 23 23 23 23 23 23 23 16 16 16 16 16 16 16 15 16 16 12 31 16 16 11 12 12 31 12 16 16 12 12 31 31 31 16 16 12 31 31 31 31 31 12 31 31 31 12 4 14 14 12 12 14 3 3 3 15 10 1 8 8 1 4 4 4 4 9 4 4 4 1 14 1 10 9 9 9 1 
1 2 3 4 5 5 5 5 5 5 5 5 5 5 5 5 5 5 5 5 5 5 5 5 5 5 5 5 5 5 5 5 5 5 5 5 5 5 5 5 5 5 5 5 5 5 5 5 5 5 5 5 5 5 5 5 5 5 5 5 5 5 5 5 5 5 5 5 5 5 5 5 5 5 5 5 5 5 5 5 5 5 5 5 5 5 5 5 5 5 5 5 5 5 5 5 5 5 5 5 5 5 5 5 5 5 5 5 5 5 5 5 5 5 5 