1 0 0 0 0 

0.8 0.2 0 0 0 
0 0.8 0.2 0 0 
0 0 0.8 0.2 0 
0 0 0 0.8 0.2 
0 0 0 0 1 


0.000161158 0.00129194 0.0675119 5.95424e-008 0.140996 0.114543 0.00278809 1e-010 4.99707e-008 0.5904 3.76359e-012 4.35703e-008 4.44559e-012 0.08192 3.21715e-007 1e-010 0.000387571 1e-010 1e-010 1e-010 1e-010 1.685e-008 1e-010 1e-010 1e-010 3.52974e-007 1e-010 1e-010 1e-010 1e-010 1.51339e-008 1e-010 
0.00130595 0.00777633 0.0927039 1.05069e-006 0.301839 0.312335 0.0175823 1e-010 8.85383e-007 0.180802 1.05536e-010 8.11391e-007 1.2263e-010 0.0819202 5.04952e-006 1e-010 0.00372114 1e-010 1e-010 1e-010 1e-010 3.07512e-007 1e-010 1e-010 1e-010 5.74816e-006 1e-010 1e-010 1e-010 1e-010 2.84798e-007 1e-010 
0.00517935 0.0230081 0.069669 9.14662e-006 0.293622 0.479581 0.0533457 1e-010 7.76069e-006 0.0272156 1.46869e-009 7.47109e-006 1.67701e-009 0.0307216 3.90069e-005 1e-010 0.0175421 1e-010 1e-010 1e-010 1e-010 2.76761e-006 1e-010 1e-010 1e-010 4.613e-005 1e-010 1e-010 1e-010 1e-010 2.65142e-006 1e-010 
0.0135036 0.0453506 0.0605867 5.2381e-005 0.172087 0.543176 0.10368 1e-010 4.48882e-005 0.00168543 1.35267e-008 4.53594e-005 1.51601e-008 0.00513005 0.00019769 1e-010 0.0541843 1e-010 1e-010 1e-010 1e-010 1.6375e-005 1e-010 1e-010 1e-010 0.000243199 1e-010 1e-010 1e-010 1e-010 1.62893e-005 1e-010 
0.0499936 0.0560412 0.0215902 0.118641 0.00387526 0.0656934 0.0263815 1e-010 0.0932181 0.11864 0.0423729 0.0593198 0.0254237 0.0593351 0.033888 1e-010 0.13238 1e-010 1e-010 1e-010 1e-010 0.00847375 1e-010 1e-010 1e-010 0.0338858 1e-010 1e-010 1e-010 1e-010 0.0508466 1e-010 


9.73359e-213

10 10 10 10 14 3 6 5 5 5 5 5 6 6 6 6 6 6 6 6 6 3 6 2 7 7 7 7 6 6 6 6 1 3 2 17 17 17 17 17 17 17 17 17 17 17 17 17 3 2 2 2 17 17 1 17 2 1 2 1 1 1 15 26 15 10 26 26 26 9 4 4 12 22 31 12 12 10 9 14 14 9 10 12 31 10 10 12 10 9 10 12 12 10 10 4 31 31 4 4 4 10 31 10 14 4 4 15 9 15 13 11 10 10 14 31 9 9 10 9 9 14 9 9 4 4 11 11 4 4 13 14 14 11 13 11 4 4 9 
1 2 3 4 5 5 5 5 5 5 5 5 5 5 5 5 5 5 5 5 5 5 5 5 5 5 5 5 5 5 5 5 5 5 5 5 5 5 5 5 5 5 5 5 5 5 5 5 5 5 5 5 5 5 5 5 5 5 5 5 5 5 5 5 5 5 5 5 5 5 5 5 5 5 5 5 5 5 5 5 5 5 5 5 5 5 5 5 5 5 5 5 5 5 5 5 5 5 5 5 5 5 5 5 5 5 5 5 5 5 5 5 5 5 5 5 5 5 5 5 5 5 5 5 5 5 5 5 5 5 5 5 5 5 5 5 5 5 5 