1 0 0 0 0 

0.817745 0.182255 0 0 0 
0 0.833806 0.166194 0 0 
0 0 0.890975 0.109025 0 
0 0 0 0.922808 0.0771922 
0 0 0 0 1 


0.135486 1e-010 0.182255 9.74697e-078 1e-010 1e-010 1e-010 1e-010 1.86065e-051 1e-010 1e-010 1.11305e-162 0.228974 7.44258e-051 0.453285 1.49021e-172 1e-010 1e-010 1e-010 1e-010 1e-010 1e-010 1e-010 1e-010 1e-010 1e-010 1e-010 1e-010 1e-010 1e-010 1e-010 1e-010 
0.375036 -2.4e-009 2.54714e-014 7.97722e-078 1e-010 1e-010 1e-010 1e-010 1.28104e-010 1e-010 1e-010 7.20013e-162 0.373527 1e-010 0.251437 1e-010 1e-010 1e-010 1e-010 1e-010 1e-010 1e-010 1e-010 1e-010 1e-010 1e-010 1e-010 1e-010 1e-010 1e-010 1e-010 1e-010 
1.15997e-098 1e-010 -4.68287e-009 3.51708e-157 1e-010 1e-010 1e-010 1e-010 0.109025 1e-010 3.15348e-171 1.9302e-157 0.350934 0.540042 2.75709e-016 2.81835e-162 1e-010 1e-010 1e-010 1e-010 1e-010 1e-010 1e-010 1e-010 1e-010 1e-010 1e-010 1e-010 1e-010 1e-010 1e-010 1e-010 
0.154384 1e-010 0.154384 0.282261 1e-010 1e-010 1e-010 1e-010 0.0760604 1e-010 2.81483e-162 4.5139e-033 0.0985965 0.0802008 0.154113 1e-010 1e-010 1e-010 1e-010 1e-010 1e-010 1e-010 1e-010 1e-010 1e-010 1e-010 1e-010 1e-010 1e-010 1e-010 1e-010 1e-010 
1.88844e-080 1e-010 0.0173356 0.0723191 -1.2e-009 1e-010 1e-010 1e-010 0.00879491 0.0173356 0.147353 0.147353 0.00866782 0.0434053 0.12138 0.0606748 0.0260035 1e-010 1e-010 1e-010 1e-010 0.00866782 1e-010 1e-010 0.0260035 0.112682 1e-010 1e-010 0.0173356 0.12135 0.0173356 0.0260035 


5.0225e-153

13 15 15 3 1 15 13 1 1 13 15 13 9 14 14 14 14 13 13 14 13 3 3 15 4 4 13 1 1 15 14 9 4 4 12 12 16 12 11 11 11 11 11 11 11 11 11 11 11 11 11 11 11 11 11 12 10 29 29 30 30 30 30 30 30 30 30 30 30 30 30 32 32 30 32 31 30 26 17 17 17 25 25 26 26 26 26 26 26 26 26 15 16 26 15 16 16 15 26 15 15 26 25 15 15 15 26 16 12 31 16 15 15 12 4 12 12 16 12 12 22 12 12 12 12 12 12 4 14 12 4 14 9 14 14 4 13 15 14 15 4 4 4 4 15 15 3 3 10 9 
1 1 1 1 2 2 2 2 2 2 2 3 3 3 3 3 3 3 3 3 3 4 4 4 4 4 4 4 4 4 4 4 4 4 5 5 5 5 5 5 5 5 5 5 5 5 5 5 5 5 5 5 5 5 5 5 5 5 5 5 5 5 5 5 5 5 5 5 5 5 5 5 5 5 5 5 5 5 5 5 5 5 5 5 5 5 5 5 5 5 5 5 5 5 5 5 5 5 5 5 5 5 5 5 5 5 5 5 5 5 5 5 5 5 5 5 5 5 5 5 5 5 5 5 5 5 5 5 5 5 5 5 5 5 5 5 5 5 5 5 5 5 5 5 5 5 5 5 5 5 