1 0 0 0 0 

0.8 0.2 0 0 0 
0 0.8 0.2 0 0 
0 0 0.8 0.2 0 
0 0 0 0.8 0.2 
0 0 0 0 1 


-1.2e-009 1e-010 0.359354 0.0634348 1e-010 1e-010 1e-010 1e-010 0.0798837 0.166684 0.000884014 0.00879609 0.28192 0.0137439 2.9979e-005 0.00705389 6.21764e-008 1e-010 1e-010 1e-010 1e-010 1e-010 2.11279e-009 1e-010 6.90175e-009 0.00254066 1.13303e-005 1e-010 9.8505e-014 2.33858e-005 0.0156405 2.82533e-009 
1e-010 -1.2e-009 0.349807 0.114497 1e-010 1e-010 1e-010 1e-010 0.186281 0.0700296 0.00746928 0.0307863 0.08192 0.0412317 0.000315997 0.026567 1.13822e-006 1e-010 1e-010 1e-010 1e-010 1e-010 4.44475e-008 1e-010 1.32859e-007 0.0154403 0.000142405 1e-010 3.12753e-012 0.000290745 0.0752201 6.06403e-008 
1e-010 1e-010 0.183608 0.103397 1e-010 1e-010 1e-010 1e-010 0.205556 0.0681863 0.0308015 0.0500278 0.03072 0.0566936 0.00162901 0.0470956 1.02783e-005 1e-010 1e-010 1e-010 1e-010 1e-010 4.62493e-007 1e-010 1.26216e-006 0.0451184 0.00088056 1e-010 4.92587e-011 0.00178669 0.174487 6.43242e-007 
1e-010 1e-010 0.0750429 0.0677718 1e-010 1e-010 1e-010 1e-010 0.149957 0.107383 0.0826463 0.0500278 0.00512 0.0472446 0.00547411 0.0530833 6.10341e-005 1e-010 1e-010 1e-010 1e-010 1e-010 3.17362e-006 1e-010 7.88848e-006 0.0844118 0.00357238 1e-010 5.13111e-010 0.00724528 0.260943 4.49561e-006 
1e-010 1e-010 0.00124758 0.0252287 -1.2e-009 1e-010 1e-010 1e-010 0.0379195 0.0847952 0.0727984 0.0953629 0.00776434 0.0170964 0.123742 0.0723333 0.0310049 1e-010 1e-010 1e-010 1e-010 1e-010 0.0155037 1e-010 0.00775158 0.141569 0.0463331 1e-010 0.00775194 0.154677 0.0338647 0.0232556 


2.70161e-229

13 10 3 3 13 3 4 3 9 9 3 9 14 4 12 16 10 31 31 31 9 31 31 26 31 26 26 10 31 10 10 11 11 11 11 11 11 11 11 11 11 15 16 10 4 15 30 30 27 27 30 30 30 27 30 27 27 30 30 30 30 30 30 27 30 30 30 30 30 30 30 10 17 17 17 17 26 25 26 26 26 30 26 23 16 32 32 32 16 26 26 23 26 26 26 26 26 15 16 16 26 26 26 26 16 16 16 15 15 10 12 15 15 15 15 16 15 15 12 12 12 10 15 15 12 10 12 29 12 12 12 12 12 12 15 10 4 15 14 9 4 10 10 13 9 9 9 14 15 3 
1 2 3 4 5 5 5 5 5 5 5 5 5 5 5 5 5 5 5 5 5 5 5 5 5 5 5 5 5 5 5 5 5 5 5 5 5 5 5 5 5 5 5 5 5 5 5 5 5 5 5 5 5 5 5 5 5 5 5 5 5 5 5 5 5 5 5 5 5 5 5 5 5 5 5 5 5 5 5 5 5 5 5 5 5 5 5 5 5 5 5 5 5 5 5 5 5 5 5 5 5 5 5 5 5 5 5 5 5 5 5 5 5 5 5 5 5 5 5 5 5 5 5 5 5 5 5 5 5 5 5 5 5 5 5 5 5 5 5 5 5 5 5 5 5 5 5 5 5 5 