1 0 0 0 0 

0.8 0.2 0 0 0 
0 0.8 0.2 0 0 
0 0 0.8 0.2 0 
0 0 0 0.8 0.2 
0 0 0 0 1 


0.0410471 0.054308 5.29036e-012 3.36374e-011 1e-010 1e-010 1e-010 1e-010 0.193536 0.000386856 1e-010 0.000309485 0.0699993 0.478692 0.160484 1e-010 1e-010 1e-010 1e-010 1e-010 1e-010 1e-010 1e-010 1e-010 1e-010 1e-010 1e-010 0.000289189 1e-010 0.000316525 8.82422e-009 0.000632217 
0.106647 0.192012 1.50323e-010 8.97061e-010 1e-010 1e-010 1e-010 1e-010 0.14592 0.00270799 1e-010 0.00224377 0.185919 0.310764 0.0432641 1e-010 1e-010 1e-010 1e-010 1e-010 1e-010 1e-010 1e-010 1e-010 1e-010 1e-010 1e-010 0.00262774 1e-010 0.00251585 1.91022e-007 0.00537871 
0.159644 0.321456 3.19207e-010 1.18606e-008 1e-010 1e-010 1e-010 1e-010 0.0489601 0.00913948 1e-010 0.00785318 0.244037 0.154122 0.0106083 1e-010 1e-010 1e-010 1e-010 1e-010 1e-010 1e-010 1e-010 1e-010 1e-010 1e-010 1e-010 0.0117465 1e-010 0.00980816 2.04731e-006 0.0226222 
0.195652 0.33948 1.97631e-008 1.01857e-007 1e-010 1e-010 1e-010 1e-010 0.0102404 0.0198022 1e-010 0.0176697 0.226303 0.0460417 0.0221007 1e-010 1e-010 1e-010 1e-010 1e-010 1e-010 1e-010 1e-010 1e-010 1e-010 1e-010 1e-010 0.0345404 1e-010 0.025062 1.4485e-005 0.0630933 
0.0341671 0.0241541 0.0392157 0.0490196 -1.7e-009 1e-010 1e-010 1e-010 0.0981051 0.0082335 1e-010 0.00842764 0.0232226 0.0299206 0.00801683 1e-010 1e-010 1e-010 1e-010 1e-010 1e-010 1e-010 1e-010 1e-010 1e-010 1e-010 1e-010 0.105431 1e-010 0.0275636 0.166666 0.377857 


1.17672e-188

14 15 9 14 14 9 14 14 1 13 13 13 2 2 2 2 2 2 2 1 1 13 13 13 1 1 1 15 10 12 30 32 32 32 28 28 28 30 32 32 32 32 30 28 28 28 32 32 32 28 28 32 28 32 32 32 32 32 32 32 32 32 32 28 28 32 32 32 32 32 32 32 32 32 32 32 32 32 32 32 32 32 32 31 31 31 31 31 31 31 31 31 31 31 31 31 31 31 31 9 9 31 9 9 4 9 9 4 14 14 4 3 14 4 4 9 9 9 3 3 3 9 4 
1 2 3 4 5 5 5 5 5 5 5 5 5 5 5 5 5 5 5 5 5 5 5 5 5 5 5 5 5 5 5 5 5 5 5 5 5 5 5 5 5 5 5 5 5 5 5 5 5 5 5 5 5 5 5 5 5 5 5 5 5 5 5 5 5 5 5 5 5 5 5 5 5 5 5 5 5 5 5 5 5 5 5 5 5 5 5 5 5 5 5 5 5 5 5 5 5 5 5 5 5 5 5 5 5 5 5 5 5 5 5 5 5 5 5 5 5 5 5 5 5 5 5 