1 0 0 0 0 

0.8 0.2 0 0 0 
0 0.8 0.2 0 0 
0 0 0.8 0.2 0 
0 0 0 0.8 0.2 
0 0 0 0 1 


-1.3e-009 1e-010 1.24959e-010 4.56522e-012 1e-010 1e-010 1e-010 1e-010 0.0056295 0.0870108 1e-010 0.164726 0.15811 0.481165 0.0985462 0.000755579 1.80341e-006 0.000204699 1e-010 1e-010 1.14948e-006 0.00261667 1e-010 1e-010 5.19262e-005 3.58529e-008 1e-010 1e-010 1e-010 9.94646e-011 0.00118059 2.42834e-010 
1e-010 -1.3e-009 2.97216e-009 1.26409e-010 1e-010 1e-010 1e-010 1e-010 0.022518 0.135607 1e-010 0.0653126 0.231265 0.37557 0.136843 0.00472237 2.64171e-005 0.00213512 1e-010 1e-010 1.84628e-005 0.0187123 1e-010 1e-010 0.000480355 6.70502e-007 1e-010 1e-010 1e-010 2.38715e-009 0.00678841 5.58517e-009 
1e-010 1e-010 3.35904e-008 1.73625e-009 1e-010 1e-010 1e-010 1e-010 0.0422212 0.101358 1e-010 0.06498 0.228686 0.333215 0.118218 0.0141671 0.000190623 0.010962 1e-010 1e-010 0.000146369 0.0650181 1e-010 1e-010 0.00216199 6.1996e-006 1e-010 1e-010 1e-010 2.83474e-008 0.0186682 6.35313e-008 
1e-010 1e-010 2.71863e-007 1.43746e-008 1e-010 1e-010 1e-010 1e-010 0.0492581 0.0505053 1e-010 0.106452 0.19454 0.252115 0.0960046 0.0271537 0.000903833 0.03697 1e-010 1e-010 0.000763775 0.146316 1e-010 1e-010 0.00630853 3.77948e-005 1e-010 1e-010 1e-010 2.22055e-007 0.0326698 4.76485e-007 
1e-010 1e-010 0.0310077 0.0387597 -1.3e-009 1e-010 1e-010 1e-010 0.0418749 0.0630046 1e-010 0.0697104 0.0227674 0.0216253 0.0523406 0.0214419 0.0697239 0.145338 1e-010 1e-010 0.155003 0.0685014 1e-010 1e-010 0.0229069 0.0542618 1e-010 1e-010 1e-010 0.00775193 0.106228 0.00775192 


2.70161e-229

14 12 14 13 15 10 14 14 14 13 10 13 15 14 14 13 9 13 14 15 12 14 12 31 12 16 22 22 22 22 22 22 22 22 22 13 13 25 18 18 18 18 18 18 18 18 18 18 18 18 18 18 18 18 18 18 18 17 17 17 17 21 21 21 21 21 21 21 21 21 21 21 21 26 26 17 17 17 17 17 26 21 21 25 25 26 21 26 21 21 22 21 32 21 21 3 30 26 31 31 31 31 12 16 31 31 26 16 15 15 4 31 31 31 31 12 31 31 9 9 14 3 15 15 9 3 4 3 15 12 9 4 10 4 12 31 12 10 9 10 10 10 10 10 10 15 4 12 12 31 
1 2 3 4 5 5 5 5 5 5 5 5 5 5 5 5 5 5 5 5 5 5 5 5 5 5 5 5 5 5 5 5 5 5 5 5 5 5 5 5 5 5 5 5 5 5 5 5 5 5 5 5 5 5 5 5 5 5 5 5 5 5 5 5 5 5 5 5 5 5 5 5 5 5 5 5 5 5 5 5 5 5 5 5 5 5 5 5 5 5 5 5 5 5 5 5 5 5 5 5 5 5 5 5 5 5 5 5 5 5 5 5 5 5 5 5 5 5 5 5 5 5 5 5 5 5 5 5 5 5 5 5 5 5 5 5 5 5 5 5 5 5 5 5 5 5 5 5 5 5 