1 0 0 0 0 

0.8 0.2 0 0 0 
0 0.8 0.2 0 0 
0 0 0.8 0.2 0 
0 0 0 0.8 0.2 
0 0 0 0 1 


4.15369e-005 0.000158456 1.71406e-012 0.387091 1e-010 1e-010 1e-010 1e-010 0.00879609 0.198068 1.92239e-011 5.69875e-006 0.00703282 0.112366 0.226906 1.0784e-008 0.000426133 1e-010 0.00658642 1e-010 1e-010 1e-010 1e-010 1e-010 2.57253e-005 1e-010 1e-010 1e-010 6.62379e-005 1e-010 0.05243 1e-010 
0.000394615 0.00126765 5.23496e-011 0.253038 1e-010 1e-010 1e-010 1e-010 0.0307863 0.200003 5.11569e-010 7.88846e-005 0.0349047 0.294326 0.0610812 2.022e-007 0.00368212 1e-010 0.040831 1e-010 1e-010 1e-010 1e-010 1e-010 0.00027665 1e-010 1e-010 1e-010 0.000669236 1e-010 0.078661 1e-010 
0.00182509 0.00491215 -7.0685e-010 0.107743 1e-010 1e-010 1e-010 1e-010 0.0500278 0.106943 6.74291e-009 0.000539097 0.0823979 0.38924 0.0640419 1.87035e-006 0.0154729 1e-010 0.1228 1e-010 1e-010 1e-010 1e-010 1e-010 0.00145458 1e-010 1e-010 1e-010 0.0033158 1e-010 0.0492841 1e-010 
0.00547528 0.0122804 7.94822e-009 0.039893 1e-010 1e-010 1e-010 1e-010 0.0500279 0.055363 5.86909e-008 0.00242696 0.123047 0.34971 0.0479234 1.13779e-005 0.0421301 1e-010 0.238948 1e-010 1e-010 1e-010 1e-010 1e-010 0.00498335 1e-010 1e-010 1e-010 0.0107506 1e-010 0.0170294 1e-010 
0.00850723 0.0168753 0.0619469 0.115586 -1.4e-009 1e-010 1e-010 1e-010 0.0380691 0.0902488 0.0176991 0.159157 0.0156025 0.1086 0.061949 0.00884896 0.0415172 1e-010 0.0703909 1e-010 1e-010 1e-010 1e-010 1e-010 0.0174009 1e-010 1e-010 1e-010 0.0347433 1e-010 0.132858 1e-010 


3.26605e-205

15 4 4 10 10 4 31 14 4 15 14 14 10 14 9 14 14 14 14 13 13 13 19 19 19 19 19 19 19 19 19 19 2 17 17 17 17 17 1 29 29 15 25 15 15 25 15 15 15 29 29 10 12 10 12 12 12 4 31 31 12 12 12 31 31 10 12 12 12 10 12 12 31 4 31 16 10 10 12 12 12 31 14 14 12 31 12 14 4 4 10 31 31 31 4 4 4 31 31 14 31 12 4 4 31 9 11 11 9 10 4 9 14 4 14 4 10 14 14 4 3 3 3 3 14 3 3 9 10 14 3 2 15 13 
1 2 3 4 5 5 5 5 5 5 5 5 5 5 5 5 5 5 5 5 5 5 5 5 5 5 5 5 5 5 5 5 5 5 5 5 5 5 5 5 5 5 5 5 5 5 5 5 5 5 5 5 5 5 5 5 5 5 5 5 5 5 5 5 5 5 5 5 5 5 5 5 5 5 5 5 5 5 5 5 5 5 5 5 5 5 5 5 5 5 5 5 5 5 5 5 5 5 5 5 5 5 5 5 5 5 5 5 5 5 5 5 5 5 5 5 5 5 5 5 5 5 5 5 5 5 5 5 5 5 5 5 5 5 