1 0 0 0 0 

0.8 0.2 0 0 0 
0 0.8 0.2 0 0 
0 0 0.8 0.2 0 
0 0 0 0.8 0.2 
0 0 0 0 1 


0.919332 0.00360288 2.73627e-009 1.3625e-006 1e-010 1e-010 1e-010 1e-010 0.065536 2.09e-009 1e-010 2.84364e-009 5.92855e-010 0.00230584 0.00184928 1.07489e-006 1e-010 1e-010 1e-010 1e-010 2.8545e-006 1e-010 0.00151964 0.00584596 1e-010 8.62029e-007 2.2836e-006 1e-010 1e-010 1e-010 3.52023e-008 1e-010 
0.832692 0.016213 5.69279e-008 1.93015e-005 1e-010 1e-010 1e-010 1e-010 0.0819203 4.46824e-008 1e-010 5.76797e-008 1.30428e-008 0.0115292 0.00974642 1.7197e-005 1e-010 1e-010 1e-010 1e-010 3.56812e-005 1e-010 0.00860817 0.0391765 1e-010 1.25952e-005 2.91159e-005 1e-010 1e-010 1e-010 6.37171e-007 1e-010 
0.718503 0.0344525 5.84199e-007 0.000134504 1e-010 1e-010 1e-010 1e-010 0.040963 4.72192e-007 1e-010 5.78045e-007 1.41841e-007 0.027382 0.0246204 0.000135744 1e-010 1e-010 1e-010 1e-010 0.000218547 1e-010 0.0240071 0.129304 1e-010 9.04472e-005 0.000181974 1e-010 1e-010 1e-010 5.6963e-006 1e-010 
0.532374 0.0459367 3.9731e-006 0.000614954 1e-010 1e-010 1e-010 1e-010 0.0102596 3.28859e-006 1e-010 3.81617e-006 1.01652e-006 0.0410736 0.0401093 0.000704881 1e-010 1e-010 1e-010 1e-010 0.000874189 1e-010 0.0452173 0.281621 1e-010 0.000425501 0.000743061 1e-010 1e-010 1e-010 3.35419e-005 1e-010 
0.025737 0.0043015 0.0431032 0.241346 -1.4e-009 1e-010 1e-010 1e-010 0.0604018 0.0344826 1e-010 0.0172412 0.00862064 0.0567978 0.100158 0.103411 1e-010 1e-010 1e-010 1e-010 0.00857193 1e-010 0.0569245 0.170002 1e-010 0.0172186 0.00857946 1e-010 1e-010 1e-010 0.0431017 1e-010 


9.96719e-210

1 1 1 1 1 9 1 1 1 1 1 1 1 1 1 1 1 1 2 1 14 15 23 24 24 24 24 24 24 24 24 24 24 24 24 24 24 24 24 24 24 24 23 24 24 23 23 23 23 24 21 27 15 15 23 15 4 4 26 26 15 16 16 16 16 16 16 15 16 16 16 31 16 16 4 15 31 16 9 9 9 12 3 9 4 10 10 15 13 3 15 4 4 9 31 14 14 14 15 31 31 4 4 14 12 4 4 14 4 4 4 10 15 10 4 14 9 4 4 4 4 4 4 3 4 4 4 3 3 9 4 4 4 15 4 4 10 
1 2 3 4 5 5 5 5 5 5 5 5 5 5 5 5 5 5 5 5 5 5 5 5 5 5 5 5 5 5 5 5 5 5 5 5 5 5 5 5 5 5 5 5 5 5 5 5 5 5 5 5 5 5 5 5 5 5 5 5 5 5 5 5 5 5 5 5 5 5 5 5 5 5 5 5 5 5 5 5 5 5 5 5 5 5 5 5 5 5 5 5 5 5 5 5 5 5 5 5 5 5 5 5 5 5 5 5 5 5 5 5 5 5 5 5 5 5 5 5 5 5 5 5 5 5 5 5 5 5 5 5 5 5 5 5 5 