1 0 0 0 0 

0.8 0.2 0 0 0 
0 0.8 0.2 0 0 
0 0 0.8 0.2 0 
0 0 0 0.8 0.2 
0 0 0 0 1 


0.151661 1e-010 0.217347 0.117965 1e-010 1e-010 1e-010 1e-010 2.40299e-011 0.0864236 3.06499e-007 2.46494e-006 0.149851 0.262341 3.45633e-007 3.67179e-005 1e-010 1e-010 1e-010 1e-010 1e-010 1e-010 0.00196992 0.00389288 0.00703282 0.00147574 1e-010 1e-010 1e-010 1e-010 8.0373e-008 1e-010 
0.14864 -1.5e-009 0.0574447 0.160567 1e-010 1e-010 1e-010 1e-010 6.33454e-010 0.10106 4.59749e-006 3.45336e-005 0.208518 0.240907 5.37135e-006 0.000439707 1e-010 1e-010 1e-010 1e-010 1e-010 1e-010 0.0145919 0.0247632 0.0349047 0.00811657 1e-010 1e-010 1e-010 1e-010 1.32639e-006 1e-010 
0.150002 1e-010 0.0911462 0.0901493 1e-010 1e-010 1e-010 1e-010 8.27027e-009 0.0690007 3.39065e-005 0.000238908 0.188682 0.174168 4.11012e-005 0.00259448 1e-010 1e-010 1e-010 1e-010 1e-010 1e-010 0.0534721 0.0767567 0.0823979 0.021306 1e-010 1e-010 1e-010 1e-010 1.07799e-005 1e-010 
0.148421 1e-010 0.0931818 0.0268392 1e-010 1e-010 1e-010 1e-010 7.12961e-008 0.0529715 0.000163881 0.00108926 0.136185 0.08753 0.000206434 0.0100611 1e-010 1e-010 1e-010 1e-010 1e-010 1e-010 0.129802 0.154934 0.123047 0.03551 1e-010 1e-010 1e-010 1e-010 5.7518e-005 1e-010 
0.0196704 1e-010 0.0363177 0.235514 -1.4e-009 1e-010 1e-010 1e-010 0.0196078 0.063262 0.00979399 0.107776 0.0155277 0.0899536 0.0293994 0.126807 1e-010 1e-010 1e-010 1e-010 1e-010 1e-010 0.137263 0.0656693 0.0172852 0.00654861 1e-010 1e-010 1e-010 1e-010 0.0196044 1.11022e-016 


1.17672e-188

3 14 1 13 10 4 4 14 14 14 13 13 3 1 13 1 1 10 3 25 25 25 26 24 24 24 23 23 24 23 24 24 24 23 23 23 23 23 23 23 23 24 23 23 16 23 16 23 16 16 16 16 16 16 12 12 16 16 16 16 11 15 16 12 12 15 31 4 4 4 4 12 12 12 12 4 4 4 4 4 4 4 4 4 4 4 4 4 4 4 4 4 3 1 10 12 10 4 4 10 12 14 31 12 4 9 9 10 14 14 14 10 13 14 14 14 14 10 3 14 15 3 4 
1 2 3 4 5 5 5 5 5 5 5 5 5 5 5 5 5 5 5 5 5 5 5 5 5 5 5 5 5 5 5 5 5 5 5 5 5 5 5 5 5 5 5 5 5 5 5 5 5 5 5 5 5 5 5 5 5 5 5 5 5 5 5 5 5 5 5 5 5 5 5 5 5 5 5 5 5 5 5 5 5 5 5 5 5 5 5 5 5 5 5 5 5 5 5 5 5 5 5 5 5 5 5 5 5 5 5 5 5 5 5 5 5 5 5 5 5 5 5 5 5 5 5 