1 0 0 0 0 

0.8 0.2 0 0 0 
0 0.8 0.2 0 0 
0 0 0.8 0.2 0 
0 0 0 0.8 0.2 
0 0 0 0 1 


0.0309238 1.969e-007 0.209921 1e-010 1e-010 1e-010 1e-010 1e-010 0.179791 0.0056295 1e-010 1e-010 0.376245 0.00703687 0.065536 1e-010 1e-010 0.000340907 0.000285221 0.00511068 1e-010 1.82688e-006 0.00850856 1e-010 0.102563 0.00360288 1e-010 1e-010 1e-010 1e-010 0.0045036 1e-010 
0.0884763 3.05499e-006 0.145938 1e-010 1e-010 1e-010 1e-010 1e-010 0.10652 0.022518 1e-010 1e-010 0.333243 0.0263883 0.0819203 1e-010 1e-010 0.00303092 0.00231346 0.0327144 1e-010 2.37494e-005 0.0430213 1e-010 0.0785352 0.016213 1e-010 1e-010 1e-010 1e-010 0.0191403 1e-010 
0.115749 2.33569e-005 0.038852 1e-010 1e-010 1e-010 1e-010 1e-010 0.103629 0.0422214 1e-010 1e-010 0.283766 0.0461795 0.0409628 1e-010 1e-010 0.0131147 0.00909539 0.101494 1e-010 0.000151402 0.103704 1e-010 0.0283234 0.0344525 1e-010 1e-010 1e-010 1e-010 0.0382806 1e-010 
0.0915366 0.000117145 0.00575058 -1.4e-009 1e-010 1e-010 1e-010 1e-010 0.0991658 0.049259 1e-010 1e-010 0.144446 0.0500281 0.0102574 1e-010 1e-010 0.0367987 0.0230871 0.203439 1e-010 0.000630844 0.158558 1e-010 0.0331394 0.0459368 1e-010 1e-010 1e-010 1e-010 0.0478508 3.33067e-016 
0.00482329 0.0263063 0.0920749 1e-010 -1.4e-009 1e-010 1e-010 1e-010 0.086243 0.0184455 1e-010 1e-010 0.201467 0.0177873 0.0264029 1e-010 1e-010 0.0622839 0.0240276 0.0958712 1e-010 0.0131047 0.0319874 1e-010 0.286674 0.00656545 1e-010 1e-010 1e-010 1e-010 0.00593584 2.22045e-016 


1.60167e-149

13 9 3 25 3 15 13 13 13 13 13 1 1 9 9 14 10 31 26 23 23 23 23 20 20 20 20 20 20 20 20 20 19 19 18 18 18 18 18 25 25 25 25 25 25 25 25 25 25 25 25 25 22 25 25 25 25 3 3 25 25 25 2 25 25 13 13 3 3 3 13 13 13 13 13 13 15 15 13 13 13 13 13 13 3 3 13 2 9 10 9 9 9 9 9 14 14 
1 2 3 4 5 5 5 5 5 5 5 5 5 5 5 5 5 5 5 5 5 5 5 5 5 5 5 5 5 5 5 5 5 5 5 5 5 5 5 5 5 5 5 5 5 5 5 5 5 5 5 5 5 5 5 5 5 5 5 5 5 5 5 5 5 5 5 5 5 5 5 5 5 5 5 5 5 5 5 5 5 5 5 5 5 5 5 5 5 5 5 5 5 5 5 5 5 