1 0 0 0 0 

0.8 0.2 0 0 0 
0 0.8 0.2 0 0 
0 0 0.8 0.2 0 
0 0 0 0.8 0.2 
0 0 0 0 1 


-1.6e-009 1e-010 0.399093 2.99766e-010 1e-010 1e-010 1e-010 1e-010 0.0661728 1.42856e-007 1e-010 8.05542e-007 0.34518 0.16 0.000946299 0.000255079 0.00703687 1e-010 1e-010 1e-010 1e-010 8.62718e-009 3.28576e-005 0.000342716 1e-010 0.0209395 1e-010 1e-010 1e-010 1e-010 1.04095e-007 1e-010 
1e-010 -1.6e-009 0.584273 7.14964e-009 1e-010 1e-010 1e-010 1e-010 0.119876 2.45223e-006 1e-010 1.23801e-005 0.11125 0.04 0.00569279 0.00249883 0.0263883 1e-010 1e-010 1e-010 1e-010 1.63916e-007 0.000372476 0.00256777 1e-010 0.107064 1e-010 1e-010 1e-010 1e-010 1.78939e-006 1e-010 
1e-010 1e-010 0.471297 8.44984e-008 1e-010 1e-010 1e-010 1e-010 0.105859 2.07661e-005 1e-010 9.37649e-005 0.0670968 2.3359e-007 0.0164734 0.0120419 0.0461795 1e-010 1e-010 1e-010 1e-010 1.53672e-006 0.00207526 0.00939218 1e-010 0.269454 1e-010 1e-010 1e-010 1e-010 1.52505e-005 1e-010 
1e-010 1e-010 0.293176 6.58205e-007 1e-010 1e-010 1e-010 1e-010 0.0637063 0.000115671 1e-010 0.000466733 0.0444865 1.7309e-006 0.0306977 0.0381202 0.0500278 1e-010 1e-010 1e-010 1e-010 9.47642e-006 0.00758056 0.0224149 1e-010 0.44911 1e-010 1e-010 1e-010 1e-010 8.59942e-005 1e-010 
1e-010 1e-010 0.0256757 0.0551181 -1.5e-009 1e-010 1e-010 1e-010 0.111984 0.0944827 1e-010 0.0787176 0.0248813 0.0944881 0.0687476 0.131775 0.00277038 1e-010 1e-010 1e-010 1e-010 0.00787358 0.046848 0.0143812 1e-010 0.116277 1e-010 1e-010 1e-010 1e-010 0.12598 2.22045e-016 


2.76645e-226

13 14 13 3 3 3 9 3 3 3 3 13 9 3 3 17 3 26 26 26 26 26 26 26 15 26 26 26 26 24 26 26 26 26 26 26 16 16 16 24 16 16 16 23 16 23 23 16 16 16 16 16 16 23 23 23 15 15 15 13 12 12 12 16 16 16 31 10 12 10 10 9 9 9 9 31 22 16 31 10 12 31 31 31 12 12 9 9 9 14 31 9 14 14 4 4 31 10 12 12 9 10 31 9 31 31 4 12 15 31 4 14 4 31 31 4 14 10 4 9 9 14 9 10 31 26 31 10 10 3 3 15 14 14 26 14 14 15 15 10 9 13 10 14 14 13 15 15 
1 2 3 4 5 5 5 5 5 5 5 5 5 5 5 5 5 5 5 5 5 5 5 5 5 5 5 5 5 5 5 5 5 5 5 5 5 5 5 5 5 5 5 5 5 5 5 5 5 5 5 5 5 5 5 5 5 5 5 5 5 5 5 5 5 5 5 5 5 5 5 5 5 5 5 5 5 5 5 5 5 5 5 5 5 5 5 5 5 5 5 5 5 5 5 5 5 5 5 5 5 5 5 5 5 5 5 5 5 5 5 5 5 5 5 5 5 5 5 5 5 5 5 5 5 5 5 5 5 5 5 5 5 5 5 5 5 5 5 5 5 5 5 5 5 5 5 5 