1 0 0 0 0 

0.8 0.2 0 0 0 
0 0.8 0.2 0 0 
0 0 0.8 0.2 0 
0 0 0 0.8 0.2 
0 0 0 0 1 


-1.5e-009 1e-010 2.04041e-010 5.77335e-012 0.0518867 0.0338061 1e-010 1e-010 1.15031e-013 0.381475 1e-010 0.220365 6.17063e-012 0.157417 0.0268435 1e-010 1e-010 1e-010 1e-010 1e-010 1.41961e-015 5.60151e-006 1e-010 1e-010 1e-010 1e-010 1e-010 4.46015e-006 0.128 0.000179816 1e-010 1.66146e-005 
1e-010 -1.5e-009 5.21932e-009 1.63314e-010 0.217793 0.102168 1e-010 1e-010 3.68508e-012 0.0936871 1e-010 0.237363 1.71518e-010 0.222429 0.060398 1e-010 1e-010 1e-010 1e-010 1e-010 5.18157e-014 6.59758e-005 1e-010 1e-010 1e-010 1e-010 1e-010 5.35218e-005 0.064 0.00182535 1e-010 0.000216465 
1e-010 1e-010 6.45708e-008 2.29014e-009 0.459689 0.146562 1e-010 1e-010 5.86012e-011 0.060398 1e-010 0.109312 2.36305e-009 0.14449 0.060398 1e-010 1e-010 1e-010 1e-010 1e-010 9.39159e-013 0.000380763 1e-010 1e-010 1e-010 1e-010 1e-010 0.000314441 0.008 0.00906744 1e-010 0.00138753 
1e-010 1e-010 5.54375e-007 1.9525e-008 0.665778 0.135226 1e-010 1e-010 6.16658e-010 0.0402653 1e-010 0.028224 2.15148e-008 0.0574177 0.0352322 1e-010 1e-010 1e-010 1e-010 1e-010 1.12699e-011 0.00143604 1e-010 1e-010 1e-010 1e-010 1e-010 0.00120536 1e-010 0.0293812 1e-010 0.00583396 
1e-010 1e-010 0.125984 0.023622 0.29153 0.148907 1e-010 1e-010 0.015748 0.0639439 1e-010 0.00806047 0.023622 0.0637104 0.0400444 1e-010 1e-010 1e-010 1e-010 1e-010 0.00787402 0.0156737 1e-010 1e-010 1e-010 1e-010 1e-010 0.0078119 1e-010 0.0692735 1e-010 0.0941947 


2.76645e-226

10 10 29 12 14 12 12 14 14 15 10 6 6 5 5 5 5 5 5 6 5 5 5 5 5 5 5 5 5 5 5 5 5 5 5 5 5 5 30 30 30 30 30 30 30 30 30 22 28 32 32 32 32 32 32 32 32 32 32 32 32 5 5 5 5 5 5 5 5 5 5 22 6 5 6 5 5 5 5 5 6 5 5 5 6 6 6 6 6 6 6 6 6 6 6 6 6 6 6 3 3 5 3 3 3 3 3 3 3 3 13 3 4 4 13 10 12 10 4 15 10 10 15 10 3 3 15 9 14 14 10 10 15 15 14 9 3 3 14 3 10 13 14 14 14 14 21 21 
1 2 3 4 5 5 5 5 5 5 5 5 5 5 5 5 5 5 5 5 5 5 5 5 5 5 5 5 5 5 5 5 5 5 5 5 5 5 5 5 5 5 5 5 5 5 5 5 5 5 5 5 5 5 5 5 5 5 5 5 5 5 5 5 5 5 5 5 5 5 5 5 5 5 5 5 5 5 5 5 5 5 5 5 5 5 5 5 5 5 5 5 5 5 5 5 5 5 5 5 5 5 5 5 5 5 5 5 5 5 5 5 5 5 5 5 5 5 5 5 5 5 5 5 5 5 5 5 5 5 5 5 5 5 5 5 5 5 5 5 5 5 5 5 5 5 5 5 