1 0 0 0 0 

0.8 0.2 0 0 0 
0 0.8 0.2 0 0 
0 0 0.8 0.2 0 
0 0 0 0.8 0.2 
0 0 0 0 1 


-1.3e-009 1e-010 0.0524288 4.75341e-010 1e-010 1e-010 1e-010 1e-010 0.123863 3.94654e-010 1e-010 0.329919 0.065536 0.1024 0.200001 0.00991752 1e-010 3.21444e-005 5.18931e-005 0.0011412 1e-010 0.0121114 0.0107376 0.00117991 1.19415e-005 6.42775e-008 1e-010 1e-010 1e-010 1e-010 0.0906689 1e-010 
1e-010 -1.3e-009 0.0786432 1.05844e-008 1e-010 1e-010 1e-010 1e-010 0.15532 9.30704e-009 1e-010 0.228211 0.08192 0.0768002 1.07848e-005 0.043566 1e-010 0.000363432 0.000542963 0.00944988 1e-010 0.0592343 0.0455873 0.00821586 0.000153451 1.07665e-006 1e-010 1e-010 1e-010 1e-010 0.21198 1e-010 
1e-010 1e-010 0.049152 1.16548e-007 1e-010 1e-010 1e-010 1e-010 0.0857704 1.08678e-007 1e-010 0.177355 0.04096 0.019202 8.8053e-005 0.0953076 1e-010 0.0020103 0.00277373 0.0383152 1e-010 0.138157 0.09278 0.027601 0.000974193 8.88235e-006 1e-010 1e-010 1e-010 1e-010 0.229544 1e-010 
1e-010 1e-010 0.016384 8.44761e-007 1e-010 1e-010 1e-010 1e-010 0.0280585 8.37833e-007 1e-010 0.140696 0.0102401 0.00161316 0.000473621 0.139724 1e-010 0.00725027 0.00921894 0.101589 1e-010 0.204501 0.121665 0.0595725 0.00407656 4.81127e-005 1e-010 1e-010 1e-010 1e-010 0.154888 1e-010 
1e-010 1e-010 0.0188501 0.0280373 -1.3e-009 1e-010 1e-010 1e-010 0.0937845 0.0467289 1e-010 0.0431691 0.0187544 0.140186 0.158852 0.033247 1e-010 0.036932 0.0274492 0.1425 1e-010 0.0367288 0.0153846 0.0235248 0.10256 0.00934308 1e-010 1e-010 1e-010 1e-010 0.0239682 1e-010 


3.50689e-196

15 12 12 14 9 13 3 9 31 31 31 12 12 12 31 16 23 23 22 22 22 22 22 16 16 16 23 24 24 24 20 20 20 20 20 20 20 20 20 20 20 19 19 19 18 18 18 18 25 25 20 20 20 20 20 25 25 25 25 25 25 25 25 15 15 15 15 26 15 15 15 15 25 15 12 12 14 15 22 15 16 15 15 15 15 14 15 31 31 4 14 14 9 10 10 9 14 12 14 14 10 14 15 13 13 9 9 9 9 14 9 14 10 9 12 10 9 14 14 4 4 9 3 14 14 14 3 13 
1 2 3 4 5 5 5 5 5 5 5 5 5 5 5 5 5 5 5 5 5 5 5 5 5 5 5 5 5 5 5 5 5 5 5 5 5 5 5 5 5 5 5 5 5 5 5 5 5 5 5 5 5 5 5 5 5 5 5 5 5 5 5 5 5 5 5 5 5 5 5 5 5 5 5 5 5 5 5 5 5 5 5 5 5 5 5 5 5 5 5 5 5 5 5 5 5 5 5 5 5 5 5 5 5 5 5 5 5 5 5 5 5 5 5 5 5 5 5 5 5 5 5 5 5 5 5 5 