1 0 0 0 0 

0.8 0.2 0 0 0 
0 0.8 0.2 0 0 
0 0 0.8 0.2 0 
0 0 0 0.8 0.2 
0 0 0 0 1 


-1.6e-009 1e-010 0.24192 0.2 1e-010 1e-010 1e-010 1e-010 4.73423e-011 0.141744 1e-010 9.72659e-010 0.27435 0.041266 0.082706 1e-010 1e-010 1e-010 1e-010 1e-010 0.00415056 1e-010 1e-010 1e-010 1e-010 2.26506e-009 0.0133149 0.000547189 8.41309e-010 1e-010 4.04639e-010 1.791e-006 
1e-010 -1.6e-009 0.12192 4.64774e-010 1e-010 1e-010 1e-010 1e-010 1.25034e-009 0.105232 1e-010 2.15913e-008 0.403595 0.120208 0.149967 1e-010 1e-010 1e-010 1e-010 1e-010 0.0212145 1e-010 1e-010 1e-010 1e-010 4.64592e-008 0.0733501 0.00448713 1.93821e-008 1e-010 9.65807e-009 2.73419e-005 
1e-010 1e-010 0.03072 6.16279e-009 1e-010 1e-010 1e-010 1e-010 1.63848e-008 0.0646937 1e-010 2.36987e-007 0.301576 0.164027 0.167641 1e-010 1e-010 1e-010 1e-010 1e-010 0.0516 1e-010 1e-010 1e-010 1e-010 4.70751e-007 0.201197 0.018337 2.2119e-007 1e-010 1.14297e-007 0.00020637 
1e-010 1e-010 0.00512 5.23288e-008 1e-010 1e-010 1e-010 1e-010 1.42048e-007 0.0472456 1e-010 1.7147e-006 0.149806 0.139428 0.157377 1e-010 1e-010 1e-010 1e-010 1e-010 0.0794459 1e-010 1e-010 1e-010 1e-010 3.14157e-006 0.370265 0.0502777 1.66713e-006 1e-010 8.94217e-007 0.00102763 
1e-010 1e-010 0.00972427 0.0291262 -1.6e-009 1e-010 1e-010 1e-010 0.0776699 0.0602468 1e-010 0.0291261 0.00343074 0.0259743 0.0117626 1e-010 1e-010 1e-010 1e-010 1e-010 0.0409509 1e-010 1e-010 1e-010 1e-010 0.0194173 0.171936 0.210017 0.0485436 1e-010 0.0582524 0.203822 


3.67725e-190

4 3 10 13 3 15 13 13 13 13 14 13 10 14 14 15 15 15 27 27 21 21 27 27 27 27 27 27 27 27 28 28 27 27 27 27 27 27 27 28 28 27 27 27 27 28 28 28 28 28 28 28 28 28 28 28 28 28 32 32 32 32 28 32 28 28 28 32 28 21 32 32 32 32 32 32 32 32 32 32 32 32 26 21 21 32 32 32 12 29 12 10 31 10 14 29 29 29 29 31 31 31 9 31 31 4 14 10 9 9 9 26 9 4 4 10 10 3 9 9 9 12 10 14 
1 2 3 4 5 5 5 5 5 5 5 5 5 5 5 5 5 5 5 5 5 5 5 5 5 5 5 5 5 5 5 5 5 5 5 5 5 5 5 5 5 5 5 5 5 5 5 5 5 5 5 5 5 5 5 5 5 5 5 5 5 5 5 5 5 5 5 5 5 5 5 5 5 5 5 5 5 5 5 5 5 5 5 5 5 5 5 5 5 5 5 5 5 5 5 5 5 5 5 5 5 5 5 5 5 5 5 5 5 5 5 5 5 5 5 5 5 5 5 5 5 5 5 5 