1 0 0 0 0 

0.754829 0.245171 0 0 0 
0 0.739055 0.260945 0 0 
0 0 0.71816 0.28184 0 
0 0 0 0.939544 0.0604563 
0 0 0 0 1 


-2.6e-009 1e-010 1e-010 1e-010 1e-010 1e-010 1e-010 1e-010 1e-010 0.0193174 1e-010 1e-010 0.490341 0.490341 1.98148e-040 1e-010 1e-010 1e-010 1e-010 1e-010 4.47272e-186 1e-010 1e-010 1e-010 1e-010 1e-010 1e-010 1e-010 1e-010 1e-010 1e-010 1e-010 
1e-010 -2.4e-009 1e-010 1e-010 1e-010 1e-010 1e-010 1e-010 1e-010 0.240385 1e-010 1e-010 2.21299e-112 1.63791e-016 0.52189 1e-010 1e-010 1e-010 1e-010 1e-010 0.237725 1e-010 1.61114e-013 1e-010 1e-010 1e-010 9.04747e-231 1e-010 1e-010 1e-010 1e-010 1e-010 
1e-010 1e-010 -2.4e-009 1e-010 1e-010 1e-010 1e-010 1e-010 1e-010 3.9825e-230 1e-010 1e-010 1e-010 1e-010 1.767e-063 1e-010 1e-010 1e-010 1e-010 1e-010 0.0250797 1e-010 0.563681 1e-010 1e-010 1e-010 0.411239 1.32577e-143 1e-010 6.62885e-144 1e-010 1e-010 
1e-010 1e-010 1e-010 1e-010 1e-010 1e-010 1e-010 1e-010 1e-010 1e-010 1e-010 1e-010 1e-010 1e-010 1.26883e-116 1e-010 1e-010 1e-010 1e-010 1e-010 5.65361e-107 1e-010 6.13517e-019 1e-010 1e-010 1e-010 1 2.47458e-150 1e-010 3.82479e-008 1e-010 -2.5e-009 
1e-010 1e-010 0.0116279 0.0232558 -1.8e-009 1e-010 1e-010 1e-010 0.0581395 0.267442 1e-010 0.0116279 1e-010 0.0232558 0.0116279 1e-010 1e-010 1e-010 1e-010 1e-010 1e-010 1e-010 1e-010 1e-010 1e-010 1e-010 1.07424e-074 0.244186 0.0116279 0.0813953 0.104651 0.151163 


6.23287e-084

13 14 13 14 10 15 15 21 23 27 23 27 27 27 27 27 27 27 27 27 27 27 27 27 27 27 27 27 30 28 28 30 30 30 28 28 28 28 28 28 28 28 28 28 28 28 28 28 32 32 32 28 28 32 30 30 32 28 28 30 32 28 32 32 32 32 32 32 32 31 10 10 29 10 31 10 10 10 10 10 10 10 31 31 10 10 10 10 31 10 10 9 10 10 10 4 31 31 12 31 10 10 10 31 10 14 3 9 9 9 14 15 4 9 9 
1 1 1 1 2 2 2 2 3 3 3 4 4 4 4 4 4 4 4 4 4 4 4 4 4 4 4 4 5 5 5 5 5 5 5 5 5 5 5 5 5 5 5 5 5 5 5 5 5 5 5 5 5 5 5 5 5 5 5 5 5 5 5 5 5 5 5 5 5 5 5 5 5 5 5 5 5 5 5 5 5 5 5 5 5 5 5 5 5 5 5 5 5 5 5 5 5 5 5 5 5 5 5 5 5 5 5 5 5 5 5 5 5 5 5 