1 0 0 0 0 

0.8 0.2 0 0 0 
0 0.8 0.2 0 0 
0 0 0.8 0.2 0 
0 0 0 0.8 0.2 
0 0 0 0 1 


4.2229e-006 0.00118485 0.102602 0.212429 1e-010 0.00124612 0.00250929 1.00353e-005 0.000944516 0.0219068 1e-010 0.00230584 0.0426765 0.182534 0.429643 4.03154e-012 3.92211e-006 1e-010 1e-010 1e-010 5.97127e-010 1.10591e-010 1e-010 1e-010 1e-010 3.25926e-011 1e-010 1e-010 4.46871e-011 1e-010 3.22021e-011 9.17399e-013 
5.54249e-005 0.006844 0.216714 0.118643 1e-010 0.00806661 0.0190352 0.00011903 0.00566759 0.0706201 1e-010 0.0115292 0.117573 0.210667 0.214409 1.14339e-010 5.71108e-005 1e-010 1e-010 1e-010 1.41152e-008 2.76162e-009 1e-010 1e-010 1e-010 8.22963e-010 1e-010 1e-010 1.13016e-009 1e-010 8.51388e-010 2.68339e-011 
0.000357323 0.0190261 0.21639 0.049152 1e-010 0.0252262 0.0711739 0.000691114 0.0162987 0.114072 1e-010 0.0273819 0.156605 0.148214 0.155 1.60713e-009 0.000411718 1e-010 1e-010 1e-010 1.6517e-007 3.41528e-008 1e-010 1e-010 1e-010 1.0287e-008 1e-010 1e-010 1.41699e-008 1e-010 1.11542e-008 3.89092e-010 
0.00150891 0.034184 0.141821 0.016384 1e-010 0.0509072 0.175443 0.00261788 0.0299061 0.126266 1e-010 0.0410728 0.135288 0.106912 0.135727 1.49261e-008 0.001961 1e-010 1e-010 1e-010 1.27556e-006 2.78874e-007 1e-010 1e-010 1e-010 8.4868e-008 1e-010 1e-010 1.17446e-007 1e-010 9.65473e-008 3.7288e-009 
0.0231812 0.044138 0.0280028 0.0233873 -1e-009 0.0199439 0.152397 0.0153706 0.0599683 0.0336099 1e-010 0.0975857 0.00573093 0.0678943 0.0490396 0.0155039 0.209208 1e-010 1e-010 1e-010 0.0387596 0.0232558 1e-010 1e-010 1e-010 0.00775193 1e-010 1e-010 0.0232558 1e-010 0.0542636 0.00775194 


2.70161e-229

15 4 15 14 15 14 4 3 3 13 3 10 15 14 13 13 3 15 14 10 12 10 15 2 9 6 7 6 7 7 7 7 7 7 7 7 7 7 7 7 7 7 7 7 7 7 6 8 8 7 2 1 7 1 17 17 2 2 1 17 17 17 17 17 17 17 17 17 2 9 17 17 17 17 17 17 17 17 17 17 17 17 17 2 17 17 17 9 9 9 15 15 21 14 9 21 21 21 22 21 29 26 22 22 31 9 9 31 31 14 10 3 29 16 16 15 29 32 12 12 12 12 12 12 12 12 12 14 14 31 31 14 4 4 31 3 10 12 12 12 10 4 14 14 3 14 31 15 15 15 
1 2 3 4 5 5 5 5 5 5 5 5 5 5 5 5 5 5 5 5 5 5 5 5 5 5 5 5 5 5 5 5 5 5 5 5 5 5 5 5 5 5 5 5 5 5 5 5 5 5 5 5 5 5 5 5 5 5 5 5 5 5 5 5 5 5 5 5 5 5 5 5 5 5 5 5 5 5 5 5 5 5 5 5 5 5 5 5 5 5 5 5 5 5 5 5 5 5 5 5 5 5 5 5 5 5 5 5 5 5 5 5 5 5 5 5 5 5 5 5 5 5 5 5 5 5 5 5 5 5 5 5 5 5 5 5 5 5 5 5 5 5 5 5 5 5 5 5 5 5 