1 0 0 0 0 

0.8 0.2 0 0 0 
0 0.8 0.2 0 0 
0 0 0.8 0.2 0 
0 0 0 0.8 0.2 
0 0 0 0 1 


-1.6e-009 0.000945647 0.2304 0.18101 1e-010 1e-010 0.0845381 0.0349805 9.42336e-007 4.32006e-008 0.0137439 1.01849e-007 0.160003 0.200005 0.0524294 1.33605e-011 1e-010 1e-010 1e-010 1e-010 1e-010 5.27528e-007 1e-010 1e-010 1e-010 1e-010 1e-010 1e-010 1e-010 1e-010 0.0419431 1e-010 
1e-010 0.00748685 0.1408 0.230949 1e-010 1e-010 0.265469 0.121886 1.29959e-005 7.8627e-007 0.0412317 1.78655e-006 0.0400351 6.35662e-005 0.0786517 3.50798e-010 1e-010 1e-010 1e-010 1e-010 1e-010 8.5147e-006 1e-010 1e-010 1e-010 1e-010 1e-010 1e-010 1e-010 1e-010 0.073402 1e-010 
1e-010 0.0291507 0.0272 0.130402 1e-010 1e-010 0.431858 0.21958 8.80982e-005 7.09242e-006 0.0566936 1.54848e-005 0.000230442 0.000429603 0.0492117 4.56182e-009 1e-010 1e-010 1e-010 1e-010 1e-010 6.76835e-005 1e-010 1e-010 1e-010 1e-010 1e-010 1e-010 1e-010 1e-010 0.0550657 1e-010 
1e-010 0.0747943 0.0016 0.0447322 1e-010 1e-010 0.506649 0.281519 0.000391501 4.22953e-005 0.0472446 8.84591e-005 0.000988094 0.00191056 0.0166577 3.9172e-008 1e-010 1e-010 1e-010 1e-010 1e-010 0.000353206 1e-010 1e-010 1e-010 1e-010 1e-010 1e-010 1e-010 1e-010 0.023029 1e-010 
1e-010 0.0987152 0.015873 0.0481312 -1.6e-009 1e-010 0.115535 0.0373823 0.039663 0.0555536 0.00163041 0.119043 0.0316962 0.166571 0.0398035 0.015873 1e-010 1e-010 1e-010 1e-010 1e-010 0.0396655 1e-010 1e-010 1e-010 1e-010 1e-010 1e-010 1e-010 1e-010 0.174863 1e-010 


8.85265e-225

14 13 3 3 4 4 15 31 4 7 7 8 11 8 7 7 7 7 7 7 7 8 8 8 8 8 8 7 7 2 2 7 2 7 2 2 7 7 7 7 7 7 7 2 7 2 2 2 2 2 2 14 2 13 13 9 14 15 14 14 14 14 14 22 22 22 22 22 12 31 10 12 12 31 31 31 31 9 4 4 10 10 10 12 31 31 10 10 31 31 12 12 31 12 12 31 31 12 12 12 9 9 14 14 4 16 4 14 14 15 14 31 31 14 14 14 4 10 31 31 12 12 31 31 3 15 31 31 14 13 31 14 15 4 3 15 14 16 31 14 14 14 12 12 13 9 9 
1 2 3 4 5 5 5 5 5 5 5 5 5 5 5 5 5 5 5 5 5 5 5 5 5 5 5 5 5 5 5 5 5 5 5 5 5 5 5 5 5 5 5 5 5 5 5 5 5 5 5 5 5 5 5 5 5 5 5 5 5 5 5 5 5 5 5 5 5 5 5 5 5 5 5 5 5 5 5 5 5 5 5 5 5 5 5 5 5 5 5 5 5 5 5 5 5 5 5 5 5 5 5 5 5 5 5 5 5 5 5 5 5 5 5 5 5 5 5 5 5 5 5 5 5 5 5 5 5 5 5 5 5 5 5 5 5 5 5 5 5 5 5 5 5 5 5 