1 0 0 0 0 

0.719824 0.280176 0 0 0 
0 0.865425 0.134575 0 0 
0 0 0.916667 0.0833333 0 
0 0 0 0.875 0.125 
0 0 0 0 1 


-2.5e-009 0.719824 2.27456e-014 1e-010 1e-010 1e-010 1e-010 1e-010 1e-010 1e-010 1e-010 1e-010 2.95904e-195 0.280176 8.33213e-134 1e-010 1e-010 1e-010 2.32363e-205 1e-010 1e-010 1e-010 1e-010 1e-010 1e-010 1e-010 1e-010 1e-010 1e-010 1e-010 1e-010 1e-010 
0.269149 0.192552 0.269149 1e-010 1e-010 1e-010 1e-010 1e-010 1e-010 1e-010 1e-010 1e-010 0.134575 1e-010 0.134575 1e-010 1e-010 1e-010 7.73261e-054 1e-010 1e-010 1e-010 1e-010 1e-010 1e-010 1e-010 1e-010 1e-010 1e-010 1e-010 1e-010 1e-010 
1e-010 3.02988e-190 2.60566e-096 1e-010 1e-010 1e-010 1e-010 1e-010 1e-010 1e-010 1e-010 1e-010 1.98727e-011 1e-010 1.35617e-039 1e-010 1.54611e-069 2.12717e-014 1 1e-010 1e-010 1e-010 1e-010 1e-010 1e-010 1e-010 1e-010 1e-010 1e-010 1e-010 1e-010 -2.4e-009 
1e-010 1e-010 1e-010 -2.3e-009 1e-010 1e-010 1e-010 1e-010 1e-010 1e-010 1e-010 1e-010 1e-010 1e-010 1e-010 1e-010 0.625 0.125 6.70705e-050 1e-010 5.21556e-038 1e-010 1e-010 1e-010 0.125 1e-010 0.125 1e-010 1e-010 1.06233e-151 1e-010 1.11022e-016 
0.0923077 0.0307692 0.153846 0.0615385 -1.4e-009 1e-010 1e-010 1e-010 0.0153846 0.0461538 1e-010 0.0307692 0.0307692 0.107692 0.0769231 1e-010 0.123077 1e-010 1e-010 1e-010 0.169231 1e-010 1e-010 1e-010 0.0307692 1e-010 2.52162e-035 1e-010 0.0153846 0.0153846 1e-010 3.33067e-016 


2.24604e-085

14 2 2 2 3 1 1 2 3 15 13 19 19 19 19 19 19 19 19 19 19 19 19 18 17 17 17 17 17 25 27 21 30 21 21 21 21 21 21 21 17 21 17 17 17 21 21 17 25 17 29 3 17 3 3 3 3 3 3 14 14 14 14 25 17 1 1 2 3 1 2 1 1 4 10 4 15 3 13 1 13 15 4 14 10 12 3 9 15 15 14 4 14 12 10 15 10 
1 1 1 1 2 2 2 2 2 2 2 3 3 3 3 3 3 3 3 3 3 3 3 4 4 4 4 4 4 4 4 5 5 5 5 5 5 5 5 5 5 5 5 5 5 5 5 5 5 5 5 5 5 5 5 5 5 5 5 5 5 5 5 5 5 5 5 5 5 5 5 5 5 5 5 5 5 5 5 5 5 5 5 5 5 5 5 5 5 5 5 5 5 5 5 5 5 