1 0 0 0 0 

0.801612 0.198388 0 0 0 
0 0.792074 0.207926 0 0 
0 0 0.837397 0.162603 0 
0 0 0 0.958882 0.0411181 
0 0 0 0 1 


0.198388 1e-010 3.29675e-021 1e-010 1e-010 1e-010 1e-010 1e-010 0.00869956 7.39366e-138 1e-010 1e-010 1e-010 0.396138 0.396775 1e-010 1e-010 1e-010 1e-010 1e-010 1e-010 1e-010 1e-010 1e-010 1e-010 1e-010 1e-010 1e-010 1e-010 1e-010 1e-010 1e-010 
1e-010 -2.4e-009 0.408564 1e-010 1e-010 1e-010 1e-010 1e-010 0.198808 0.207926 9.97832e-144 1e-010 0.183891 0.000669131 0.000141599 1e-010 1e-010 1e-010 1e-010 1e-010 1e-010 1e-010 1e-010 1e-010 1e-010 1e-010 1e-010 1e-010 1e-010 1e-010 1e-010 1e-010 
1e-010 1e-010 0.168302 1e-010 1e-010 1e-010 1e-010 1e-010 1e-010 6.80884e-025 1.75412e-010 1.18469e-118 0.0187956 0.325205 0.487697 6.28575e-128 1e-010 1e-010 1e-010 1e-010 1e-010 1e-010 1e-010 1e-010 1e-010 1e-010 1e-010 1e-010 1e-010 1e-010 1e-010 1e-010 
1e-010 1e-010 2.81429e-113 -2.5e-009 1e-010 1e-010 1e-010 1e-010 1e-010 1e-010 0.781244 0.054283 1e-010 6.05111e-015 1e-010 0.164473 1e-010 1e-010 1e-010 1e-010 1e-010 1e-010 1e-010 1e-010 1e-010 1e-010 1e-010 1e-010 1e-010 2.31244e-018 1e-010 1e-010 
1e-010 1e-010 0.00946254 0.0378502 -1.3e-009 1e-010 1e-010 1e-010 1e-010 0.0283876 7.31849e-032 0.110521 1e-010 0.0283876 0.151401 0.141938 0.00946254 1e-010 1e-010 1e-010 0.0189251 0.00946254 1e-010 1e-010 0.0378502 0.141938 1e-010 0.0946254 0.00946254 0.141938 0.0189251 0.00946254 


2.06587e-132

1 14 15 15 14 9 3 10 3 13 15 14 15 15 3 14 11 11 12 16 16 16 16 11 11 11 11 11 11 11 11 11 11 11 11 11 11 11 11 11 12 30 30 30 30 30 30 30 30 30 28 28 28 28 28 28 28 28 30 30 30 28 28 32 30 30 26 21 21 25 25 17 26 26 26 26 26 26 26 30 16 26 26 26 26 26 25 25 15 16 22 26 26 16 16 16 16 16 12 31 31 16 16 16 15 15 16 12 16 16 12 12 15 15 15 15 15 16 15 16 12 12 12 14 4 15 15 29 12 14 15 4 4 14 4 10 12 12 15 10 15 15 12 15 3 10 10 
1 1 1 1 1 2 2 2 2 2 3 3 3 3 3 3 4 4 4 4 4 4 4 4 4 4 4 4 4 4 4 4 4 4 4 4 4 4 4 4 5 5 5 5 5 5 5 5 5 5 5 5 5 5 5 5 5 5 5 5 5 5 5 5 5 5 5 5 5 5 5 5 5 5 5 5 5 5 5 5 5 5 5 5 5 5 5 5 5 5 5 5 5 5 5 5 5 5 5 5 5 5 5 5 5 5 5 5 5 5 5 5 5 5 5 5 5 5 5 5 5 5 5 5 5 5 5 5 5 5 5 5 5 5 5 5 5 5 5 5 5 5 5 5 5 5 5 