1 0 0 0 0 

0.8 0.2 0 0 0 
0 0.8 0.2 0 0 
0 0 0.8 0.2 0 
0 0 0 0.8 0.2 
0 0 0 0 1 


0.18432 3.05065e-006 0.307509 1.00253e-006 1e-010 1e-010 1e-010 1e-010 0.16 1.73761e-008 1e-010 1e-010 1.17226e-007 1.17511e-006 6.74467e-006 1e-010 0.134313 0.00518815 0.153361 1e-010 0.00155536 1e-010 1e-010 1e-010 0.0537376 1e-010 1e-010 1e-010 4.11047e-006 1e-010 1e-010 1e-010 
0.15872 3.872e-005 0.155664 1.40414e-005 1e-010 1e-010 1e-010 1e-010 0.0400058 3.33573e-007 1e-010 1e-010 2.06039e-006 1.76384e-005 8.12993e-005 1e-010 0.100112 0.0252202 0.42045 1e-010 0.0120004 1e-010 1e-010 1e-010 0.0876212 1e-010 1e-010 1e-010 5.28653e-005 1e-010 1e-010 1e-010 
0.04992 0.000241731 0.097955 9.70785e-005 1e-010 1e-010 1e-010 1e-010 4.57641e-005 3.17583e-006 1e-010 1e-010 1.78559e-005 0.000130533 0.000481321 1e-010 0.108253 0.0581865 0.560028 1e-010 0.0453062 1e-010 1e-010 1e-010 0.0789995 1e-010 1e-010 1e-010 0.000333377 1e-010 1e-010 1e-010 
0.00672013 0.000990108 0.0404176 0.000442388 1e-010 1e-010 1e-010 1e-010 0.000236431 2.00039e-005 1e-010 1e-010 0.000101713 0.000635186 0.00186626 1e-010 0.181605 0.0847128 0.48863 1e-010 0.111604 1e-010 1e-010 1e-010 0.0806447 1e-010 1e-010 1e-010 0.00137391 1e-010 1e-010 1e-010 
0.01252 0.0249204 0.112403 0.0874653 -1.5e-009 1e-010 1e-010 1e-010 0.137482 0.0874985 1e-010 1e-010 0.0499924 0.087451 0.0498478 1e-010 0.104732 0.0141683 0.0360957 1e-010 0.114346 1e-010 1e-010 1e-010 0.0561873 1e-010 1e-010 1e-010 0.0248897 1e-010 1e-010 3.33067e-016 


1.52747e-155

3 9 17 1 1 3 25 3 19 19 19 19 19 19 19 19 19 19 19 18 18 17 17 17 17 17 25 21 25 25 21 21 21 21 21 21 21 21 21 17 17 17 17 17 3 3 3 15 25 25 2 29 29 3 15 4 3 3 14 14 3 9 2 14 14 9 3 3 4 13 13 13 14 13 10 4 14 9 9 9 9 9 4 4 10 10 14 9 4 10 10 4 10 10 15 15 9 9 9 1 10 
1 2 3 4 5 5 5 5 5 5 5 5 5 5 5 5 5 5 5 5 5 5 5 5 5 5 5 5 5 5 5 5 5 5 5 5 5 5 5 5 5 5 5 5 5 5 5 5 5 5 5 5 5 5 5 5 5 5 5 5 5 5 5 5 5 5 5 5 5 5 5 5 5 5 5 5 5 5 5 5 5 5 5 5 5 5 5 5 5 5 5 5 5 5 5 5 5 5 5 5 5 