1 0 0 0 0 

0.8 0.2 0 0 0 
0 0.8 0.2 0 0 
0 0 0.8 0.2 0 
0 0 0 0.8 0.2 
0 0 0 0 1 


0.0137439 1e-010 0.386961 0.1024 1e-010 1e-010 1e-010 1e-010 0.167038 0.00563097 8.03469e-008 2.85098e-006 1.06799e-011 0.28192 3.2361e-005 0.000354039 0.00648518 1e-010 1e-010 1e-010 1e-010 1e-010 1e-010 0.00019807 1e-010 0.0109387 1e-010 1e-010 0.0197912 1e-010 0.00450423 1e-010 
0.0412317 -1.5e-009 0.526402 0.0768002 1e-010 1e-010 1e-010 1e-010 0.066401 0.0225375 1.32572e-006 3.9773e-005 2.83018e-010 0.0819227 0.000341091 0.00337701 0.0299039 1e-010 1e-010 1e-010 1e-010 1e-010 1e-010 0.00153505 1e-010 0.0638367 1e-010 1e-010 0.0665205 1e-010 0.0191495 1e-010 
0.0566936 1e-010 0.391735 0.0192019 1e-010 1e-010 1e-010 1e-010 0.0462708 0.0423489 1.07715e-005 0.000275097 3.71461e-009 0.030742 0.00176039 0.0158314 0.0652572 1e-010 1e-010 1e-010 1e-010 1e-010 1e-010 0.00575642 1e-010 0.182142 1e-010 1e-010 0.103629 1e-010 0.0383464 1e-010 
0.0472446 1e-010 0.198714 0.00161202 1e-010 1e-010 1e-010 1e-010 0.0504587 0.0498044 5.7448e-005 0.00125907 3.21933e-008 0.00523817 0.00593627 0.048713 0.0895766 1e-010 1e-010 1e-010 1e-010 1e-010 1e-010 0.0139114 1e-010 0.34015 1e-010 1e-010 0.0991622 1e-010 0.0481615 1e-010 
0.00218544 1e-010 0.0795845 0.063829 -1.5e-009 1e-010 1e-010 1e-010 0.0356293 0.068068 0.0106346 0.148852 0.0106383 0.117031 0.0740388 0.166581 0.0111052 1e-010 1e-010 1e-010 1e-010 1e-010 1e-010 0.00949995 1e-010 0.138454 1e-010 1e-010 0.00589879 1e-010 0.0579701 1e-010 


1.29382e-176

14 9 3 4 14 3 3 3 3 3 3 3 1 29 29 9 10 31 17 17 26 26 26 26 26 26 26 26 26 26 26 24 26 26 26 16 16 16 16 16 16 15 16 16 15 26 16 16 26 16 16 16 12 10 16 16 16 31 9 9 12 12 12 15 14 12 11 12 12 12 14 15 15 12 31 31 31 4 10 9 14 10 4 31 14 12 3 3 12 14 4 12 10 10 14 14 4 3 3 10 12 12 4 14 14 14 13 3 3 14 3 4 15 15 15 
1 2 3 4 5 5 5 5 5 5 5 5 5 5 5 5 5 5 5 5 5 5 5 5 5 5 5 5 5 5 5 5 5 5 5 5 5 5 5 5 5 5 5 5 5 5 5 5 5 5 5 5 5 5 5 5 5 5 5 5 5 5 5 5 5 5 5 5 5 5 5 5 5 5 5 5 5 5 5 5 5 5 5 5 5 5 5 5 5 5 5 5 5 5 5 5 5 5 5 5 5 5 5 5 5 5 5 5 5 5 5 5 5 5 5 