1 0 0 0 0 

0.675616 0.324384 0 0 0 
0 0.845532 0.154468 0 0 
0 0 0.865652 0.134348 0 
0 0 0 0.923077 0.0769231 
0 0 0 0 1 


-2.5e-009 1e-010 1.55071e-167 4.01301e-177 1e-010 1e-010 1e-010 1e-010 1e-010 0.645704 1e-010 1e-010 4.67182e-026 0.0299124 0.324384 1e-010 1e-010 1e-010 1e-010 1e-010 1e-010 1e-010 1e-010 1e-010 1e-010 1e-010 1e-010 1e-010 1e-010 1e-010 1e-010 1e-010 
1e-010 -2.3e-009 0.308935 0.308935 1e-010 1e-010 1e-010 1e-010 1e-010 0.00460895 1e-010 4.64859e-026 0.154468 0.223053 1e-010 4.14269e-059 1e-010 1e-010 1e-010 1e-010 1e-010 1.65957e-113 1e-010 1e-010 1e-010 1e-010 1e-010 1e-010 1e-010 1e-010 1e-010 1e-010 
1e-010 1e-010 -3.25085e-009 1e-010 1e-010 1e-010 1e-010 1e-010 1e-010 0.131608 1e-010 0.268695 1e-010 0.196655 1e-010 0.403043 1e-010 1e-010 1e-010 1e-010 1e-010 8.46804e-027 1e-010 1e-010 1e-010 1e-010 1e-010 1e-010 1e-010 1e-010 1e-010 1e-010 
1e-010 1e-010 5.68759e-089 -2.2e-009 1e-010 1e-010 1e-010 1e-010 1e-010 4.29653e-151 1e-010 1e-010 3.27666e-112 4.48467e-065 1e-010 2.51951e-023 1e-010 5.8631e-017 1e-010 1e-010 0.0769231 0.846154 1e-010 1e-010 0.0769231 1e-010 1e-010 1e-010 1e-010 1e-010 1e-010 1e-010 
1e-010 1e-010 0.0280374 0.102804 -1.1e-009 1e-010 1e-010 1e-010 0.0186916 0.0841121 0.0186916 0.046729 1.83413e-127 0.046729 0.00934579 0.00934579 0.046729 0.17757 1e-010 1e-010 0.158879 0.0560748 1e-010 1e-010 1.52321e-011 0.0654206 0.00934579 0.00934579 1e-010 1e-010 0.102804 0.00934579 


1.3321e-135

15 10 10 14 13 3 4 4 3 14 10 12 14 12 16 16 16 22 22 22 22 22 22 22 22 22 22 22 21 25 18 18 18 18 18 18 18 18 18 18 18 18 18 18 18 18 18 18 18 17 17 17 17 17 21 21 27 21 21 21 21 21 21 21 28 21 21 21 26 26 26 21 21 21 26 21 26 26 21 22 22 22 32 22 22 22 31 31 26 31 31 31 14 15 31 31 10 12 31 16 31 31 31 14 14 14 4 4 4 12 12 12 14 4 4 3 10 4 9 10 4 9 3 3 11 10 10 12 10 10 4 4 11 4 10 10 4 14 
1 1 1 2 2 2 2 2 2 2 3 3 3 3 3 3 3 4 4 4 4 4 4 4 4 4 4 4 4 4 5 5 5 5 5 5 5 5 5 5 5 5 5 5 5 5 5 5 5 5 5 5 5 5 5 5 5 5 5 5 5 5 5 5 5 5 5 5 5 5 5 5 5 5 5 5 5 5 5 5 5 5 5 5 5 5 5 5 5 5 5 5 5 5 5 5 5 5 5 5 5 5 5 5 5 5 5 5 5 5 5 5 5 5 5 5 5 5 5 5 5 5 5 5 5 5 5 5 5 5 5 5 5 5 5 5 5 5 