1 0 0 0 0 

0.8 0.2 0 0 0 
0 0.8 0.2 0 0 
0 0 0.8 0.2 0 
0 0 0 0.8 0.2 
0 0 0 0 1 


0.00118059 1e-010 2.29346e-010 1e-010 0.282544 0.052429 1e-010 1e-010 0.128 0.3024 1e-010 1e-010 0.00147574 0.0700396 0.000386856 1e-010 1e-010 1e-010 1e-010 1e-010 1e-010 1e-010 1e-010 1e-010 1e-010 1e-010 1e-010 2.10456e-006 2.45199e-007 0.00147634 0.16 6.52428e-005 
0.0067884 -1.7e-009 5.7883e-009 1e-010 0.609166 0.0786463 1e-010 1e-010 0.064 0.0768001 1e-010 1e-010 0.00811657 0.10106 0.00270799 1e-010 1e-010 1e-010 1e-010 1e-010 1e-010 1e-010 1e-010 1e-010 1e-010 1e-010 1e-010 2.86454e-005 3.73929e-006 0.0120031 0.04 0.000678394 
0.0186681 1e-010 7.04846e-008 1e-010 0.743623 0.049178 1e-010 1e-010 0.008 0.0192011 1e-010 1e-010 0.021306 0.0792406 0.00913948 1e-010 1e-010 1e-010 1e-010 1e-010 1e-010 1e-010 1e-010 1e-010 1e-010 1e-010 1e-010 0.000191384 2.80447e-005 0.0479318 1e-010 0.00349272 
0.0326692 1e-010 5.97988e-007 -1.8e-009 0.697311 0.0165274 1e-010 1e-010 1.47516e-008 0.00160753 1e-010 1e-010 0.03551 0.0580907 0.0198022 1e-010 1e-010 1e-010 1e-010 1e-010 1e-010 1e-010 1e-010 1e-010 1e-010 1e-010 1e-010 0.000836564 0.000137886 0.12562 1e-010 0.0118873 
0.0187194 1e-010 0.0989011 1e-010 0.421283 0.088089 1e-010 1e-010 0.010989 0.0439556 1e-010 1e-010 0.0073402 0.00503125 0.00922876 1e-010 1e-010 1e-010 1e-010 1e-010 1e-010 1e-010 1e-010 1e-010 1e-010 1e-010 1e-010 0.0219199 0.0109797 0.187526 1e-010 0.0760372 


4.23958e-172

10 31 9 10 5 14 6 5 5 5 5 5 5 5 5 5 5 14 5 5 5 5 13 1 5 5 5 5 15 30 30 30 30 30 30 30 30 30 32 30 30 30 30 30 30 32 30 30 32 32 32 32 32 30 28 28 5 5 5 5 5 29 5 5 5 5 6 6 5 5 5 5 6 6 5 5 5 5 5 5 5 10 10 5 5 5 5 5 6 5 5 10 5 5 6 6 5 6 3 3 5 3 3 10 3 3 3 3 3 1 9 5 
1 2 3 4 5 5 5 5 5 5 5 5 5 5 5 5 5 5 5 5 5 5 5 5 5 5 5 5 5 5 5 5 5 5 5 5 5 5 5 5 5 5 5 5 5 5 5 5 5 5 5 5 5 5 5 5 5 5 5 5 5 5 5 5 5 5 5 5 5 5 5 5 5 5 5 5 5 5 5 5 5 5 5 5 5 5 5 5 5 5 5 5 5 5 5 5 5 5 5 5 5 5 5 5 5 5 5 5 5 5 5 5 