1 0 0 0 0 

0.666667 0.333333 0 0 0 
0 0.838641 0.161359 0 0 
0 0 0.876069 0.123931 0 
0 0 0 0.914775 0.0852254 
0 0 0 0 1 


-2.6e-009 1e-010 1e-010 0.333333 1e-010 1e-010 1.50567e-166 1e-010 1e-010 0.333333 1e-010 1e-010 1e-010 5.87519e-021 1e-010 1e-010 1e-010 1e-010 1e-010 1e-010 1e-010 1e-010 1e-010 1e-010 1e-010 1e-010 1e-010 1e-010 1e-010 1e-010 0.333333 1e-010 
1e-010 -2.5e-009 1e-010 2.24865e-011 1e-010 2.81905e-039 0.193206 2.21288e-130 1e-010 1e-010 1e-010 1e-010 1e-010 0.806794 1e-010 1e-010 1e-010 1e-010 1e-010 1e-010 1e-010 1e-010 1e-010 1e-010 1e-010 1e-010 1e-010 1e-010 1e-010 1e-010 3.01787e-240 1e-010 
1e-010 1.69959e-130 -2.5e-009 1.14134e-034 1e-010 0.247861 0.752139 3.11546e-200 1e-010 1e-010 1e-010 1e-010 1e-010 6.00334e-010 1e-010 1e-010 1e-010 1e-010 1e-010 1e-010 1e-010 1e-010 1e-010 1e-010 1e-010 1e-010 1e-010 1e-010 1e-010 1e-010 1e-010 1e-010 
1e-010 0.0852254 1e-010 0.255676 1e-010 2.321e-089 0.488648 0.0852254 1e-010 1e-010 1e-010 1e-010 1e-010 3.71498e-255 1e-010 1e-010 0.0852254 1e-010 1e-010 1e-010 1e-010 1e-010 1e-010 1e-010 1e-010 1e-010 1e-010 1e-010 1.83961e-031 1e-010 1e-010 1e-010 
1e-010 0.0151515 1e-010 0.0151515 0.0757576 0.469697 0.030303 2.23011e-122 1e-010 1e-010 1e-010 1e-010 1e-010 2.26424e-158 1e-010 1e-010 9.67213e-029 1e-010 1e-010 1e-010 1e-010 1e-010 1e-010 1e-010 1e-010 1e-010 1e-010 1e-010 0.378788 0.0151515 1e-010 1e-010 


9.38348e-052

10 31 4 14 14 14 14 7 14 7 6 6 7 7 7 7 7 7 7 4 4 7 7 7 7 8 4 2 17 29 29 29 29 29 29 29 29 29 29 29 29 29 29 29 29 29 29 29 30 29 29 29 29 29 29 5 5 5 5 6 6 6 6 6 5 6 6 6 6 6 6 7 7 6 6 6 6 6 6 6 6 6 6 6 6 6 6 2 6 6 6 6 6 4 6 6 
1 1 1 2 2 2 2 2 2 3 3 3 3 3 3 3 3 3 3 4 4 4 4 4 4 4 4 4 4 5 5 5 5 5 5 5 5 5 5 5 5 5 5 5 5 5 5 5 5 5 5 5 5 5 5 5 5 5 5 5 5 5 5 5 5 5 5 5 5 5 5 5 5 5 5 5 5 5 5 5 5 5 5 5 5 5 5 5 5 5 5 5 5 5 5 5 