1 0 0 0 0 

0.8 0.2 0 0 0 
0 0.833333 0.166667 0 0 
0 0 0.909091 0.0909091 0 
0 0 0 0.908341 0.0916591 
0 0 0 0 1 


0.2 1e-010 1e-010 1e-010 1e-010 1e-010 1e-010 1e-010 8.22793e-115 0.2 1e-010 1e-010 1e-010 0.4 1e-010 1e-010 1e-010 1e-010 1e-010 1e-010 1e-010 1e-010 1e-010 1e-010 1e-010 1e-010 1e-010 1e-010 0.2 1e-010 1e-010 1e-010 
0.166667 -2.5e-009 1e-010 1e-010 1e-010 1e-010 1e-010 1e-010 0.666667 1.36039e-014 1e-010 1e-010 4.09651e-055 0.166667 1e-010 1e-010 1e-010 1e-010 1e-010 1e-010 1e-010 1e-010 1e-010 1e-010 1e-010 1e-010 1e-010 1e-010 4.08134e-062 1e-010 1e-010 1e-010 
2.96995e-048 1e-010 -2.5e-009 1e-010 1e-010 1e-010 1e-010 1e-010 1.25671e-198 1e-010 1e-010 1e-010 0.272727 8.22575e-208 1e-010 1e-010 1e-010 4.97091e-067 0.727273 1e-010 1e-010 1e-010 1e-010 1e-010 1e-010 1e-010 1e-010 1e-010 1e-010 1e-010 1e-010 1e-010 
1e-010 1e-010 1e-010 -2.7e-009 1e-010 1e-010 1e-010 1e-010 1e-010 1e-010 1e-010 1e-010 1e-010 1e-010 1e-010 1e-010 0.816682 0.183318 7.24129e-187 1e-010 1e-010 1e-010 1e-010 1e-010 1e-010 1e-010 1e-010 1e-010 1.37349e-074 1e-010 1e-010 1e-010 
0.0240703 1e-010 0.084246 0.0601757 -1.5e-009 1e-010 1e-010 1e-010 0.120351 0.216633 1e-010 0.0120351 0.0240703 0.0722108 0.0361054 1e-010 0.061259 3.26331e-087 1e-010 1e-010 0.0361054 1e-010 1e-010 1e-010 0.0120351 1e-010 1e-010 1e-010 0.168492 0.0120351 0.0601757 1e-010 


1.52828e-102

1 14 14 29 10 9 9 9 14 9 1 13 13 13 19 19 19 19 19 19 19 19 18 18 17 17 17 17 17 17 17 17 17 29 21 21 30 21 29 29 17 17 29 29 29 17 17 17 25 15 3 3 10 29 29 29 29 29 29 29 29 31 31 10 10 12 10 10 4 4 9 10 4 15 1 3 14 14 14 10 10 31 31 31 15 4 10 10 10 14 14 10 10 10 9 14 4 9 9 3 13 13 10 10 3 3 3 10 10 9 9 9 1 9 9 9 9 
1 1 1 1 1 2 2 2 2 2 2 3 3 3 3 3 3 3 3 3 3 3 4 4 4 4 4 4 4 4 4 4 4 5 5 5 5 5 5 5 5 5 5 5 5 5 5 5 5 5 5 5 5 5 5 5 5 5 5 5 5 5 5 5 5 5 5 5 5 5 5 5 5 5 5 5 5 5 5 5 5 5 5 5 5 5 5 5 5 5 5 5 5 5 5 5 5 5 5 5 5 5 5 5 5 5 5 5 5 5 5 5 5 5 5 5 5 