1 0 0 0 0 

0.8 0.2 0 0 0 
0 0.8 0.2 0 0 
0 0 0.8 0.2 0 
0 0 0 0.8 0.2 
0 0 0 0 1 


-1.2e-009 1e-010 0.200009 1.11558e-006 1e-010 1e-010 1e-010 1e-010 5.9231e-009 0.128 1.19419e-008 0.1024 2.8545e-006 4.20151e-006 0.160027 0.321071 0.000126765 0.001142 0.00048357 0.0155965 1e-010 0.0533456 0.01717 1e-010 0.000595793 2.12676e-005 1e-010 1e-010 1e-010 1e-010 1.90671e-006 1e-010 
1e-010 -1.2e-009 0.00010926 1.66774e-005 1e-010 1e-010 1e-010 1e-010 1.22996e-007 0.0640041 2.26805e-007 0.0768023 3.56813e-005 5.78072e-005 0.0403115 0.518464 0.00104581 0.00834372 0.0032641 0.0803408 1e-010 0.133629 0.0680466 1e-010 0.00528485 0.000217993 1e-010 1e-010 1e-010 1e-010 2.51235e-005 1e-010 
1e-010 1e-010 0.000632787 0.000122995 1e-010 1e-010 1e-010 1e-010 1.26492e-006 0.00803333 2.12871e-006 0.0192194 0.000218549 0.000391777 0.00174071 0.412559 0.00418325 0.0294804 0.0106083 0.199562 1e-010 0.162349 0.126681 1e-010 0.0229603 0.00108997 1e-010 1e-010 1e-010 1e-010 0.000163092 1e-010 
1e-010 1e-010 0.00239609 0.000597026 1e-010 1e-010 1e-010 1e-010 8.59255e-006 0.000177138 1.31649e-005 0.00170693 0.000874204 0.00174456 0.00636707 0.222313 0.0108067 0.0670896 0.0221007 0.318742 1e-010 0.128522 0.147137 1e-010 0.065165 0.00354239 1e-010 1e-010 1e-010 1e-010 0.000696391 1e-010 
1e-010 1e-010 0.0541768 0.173873 -1.2e-009 1e-010 1e-010 1e-010 0.0978255 0.0652057 0.0217383 0.0434713 0.0216776 0.119446 0.0538888 0.0285648 0.00999117 0.0377144 0.00888822 0.0644434 1e-010 0.00663878 0.0130959 1e-010 0.114456 0.0106048 1e-010 1e-010 1e-010 1e-010 0.0542996 1e-010 


1.32487e-173

3 15 10 12 16 16 16 16 22 16 16 16 16 22 22 23 23 23 20 20 20 20 20 20 20 20 20 19 18 18 18 18 25 17 25 25 25 25 25 25 25 26 25 15 25 25 3 15 15 15 13 3 31 14 14 14 16 16 4 4 14 14 4 15 10 10 12 31 14 12 4 14 10 4 12 11 31 31 14 4 10 9 9 10 12 11 4 4 4 4 14 9 9 9 4 4 4 4 14 9 10 14 31 9 9 4 3 3 4 9 13 3 3 
1 2 3 4 5 5 5 5 5 5 5 5 5 5 5 5 5 5 5 5 5 5 5 5 5 5 5 5 5 5 5 5 5 5 5 5 5 5 5 5 5 5 5 5 5 5 5 5 5 5 5 5 5 5 5 5 5 5 5 5 5 5 5 5 5 5 5 5 5 5 5 5 5 5 5 5 5 5 5 5 5 5 5 5 5 5 5 5 5 5 5 5 5 5 5 5 5 5 5 5 5 5 5 5 5 5 5 5 5 5 5 5 5 