1 0 0 0 0 

0.763352 0.236648 0 0 0 
0 0.915069 0.0849307 0 0 
0 0 0.666667 0.333333 0 
0 0 0 0.932157 0.0678434 
0 0 0 0 1 


0.236648 1e-010 0.473295 1e-010 1e-010 1e-010 1e-010 1e-010 1e-010 1e-010 1e-010 1e-010 0.290057 2.6412e-169 1e-010 1e-010 1.47488e-212 1e-010 1e-010 1e-010 1e-010 1e-010 1e-010 1e-010 2.10574e-011 1e-010 1e-010 1e-010 1e-010 1e-010 1e-010 1e-010 
8.93847e-211 -2.5e-009 7.6374e-028 1e-010 1e-010 1e-010 1e-010 1e-010 1e-010 1e-010 1e-010 1e-010 0.830139 0.0849307 1e-010 1e-010 2.56634e-030 1e-010 1e-010 1e-010 1e-010 1e-010 1e-010 1e-010 0.0849307 1e-010 1e-010 1e-010 1e-010 1e-010 1e-010 1e-010 
1e-010 1e-010 -2.6e-009 1e-010 1e-010 1e-010 1e-010 1e-010 0.333333 1e-010 1e-010 1e-010 1.1382e-016 1e-010 1e-010 1e-010 0.666667 1e-010 1e-010 1e-010 1e-010 1e-010 3.87601e-225 1e-010 1e-010 1.00722e-020 1e-010 1e-010 1e-010 1e-010 1e-010 1e-010 
1e-010 1e-010 1e-010 -2.3e-009 1e-010 1e-010 1e-010 1e-010 1.19295e-018 1e-010 1e-010 1e-010 1.91187e-162 1e-010 1e-010 2.06093e-028 7.37783e-078 1e-010 1e-010 1e-010 1e-010 1e-010 0.118036 0.135687 1e-010 0.746277 1e-010 1e-010 1e-010 1e-010 1e-010 1.11022e-016 
1e-010 1e-010 0.023736 0.094944 -1.5e-009 1e-010 1e-010 1e-010 0.047472 0.011868 0.011868 0.17802 0.083076 0.083076 0.130548 0.249228 1e-010 1e-010 1e-010 1e-010 1e-010 1e-010 0.0386916 4.82018e-056 0.011868 0.011868 1e-010 1e-010 1e-010 1e-010 0.023736 1.11022e-016 


5.74432e-098

13 1 3 3 13 25 14 13 13 13 13 13 13 13 13 13 17 17 9 26 26 26 26 26 26 26 26 26 26 26 23 24 24 23 16 16 16 16 16 16 16 16 16 16 16 16 16 16 16 16 23 23 23 16 16 16 15 16 15 15 15 15 26 15 16 31 12 4 12 12 12 4 4 4 14 12 12 12 12 12 12 12 12 9 10 14 14 4 9 31 4 12 12 12 14 4 4 14 14 13 13 9 15 15 11 13 13 13 15 15 15 14 13 3 3 25 13 9 13 
1 1 1 1 2 2 2 2 2 2 2 2 2 2 2 2 3 3 3 4 4 4 4 4 4 4 4 4 4 4 4 4 4 4 5 5 5 5 5 5 5 5 5 5 5 5 5 5 5 5 5 5 5 5 5 5 5 5 5 5 5 5 5 5 5 5 5 5 5 5 5 5 5 5 5 5 5 5 5 5 5 5 5 5 5 5 5 5 5 5 5 5 5 5 5 5 5 5 5 5 5 5 5 5 5 5 5 5 5 5 5 5 5 5 5 5 5 5 5 