1 0 0 0 0 

0.8 0.2 0 0 0 
0 0.8 0.2 0 0 
0 0 0.8 0.2 0 
0 0 0 0.8 0.2 
0 0 0 0 1 


-1.1e-009 1e-010 0.0109952 4.69811e-008 1e-010 1e-010 1e-010 1e-010 0.128 1.46152e-010 0.1024 0.0115405 0.377537 0.328704 0.0171799 0.00879103 1e-010 0.000102557 0.000340907 0.00251525 1.685e-008 1.348e-008 0.00544548 0.000755579 6.21643e-005 1.16709e-006 1e-010 1e-010 1e-010 1e-010 0.00562953 1e-010 
1e-010 -1.1e-009 0.0357359 8.29021e-007 1e-010 1e-010 1e-010 1e-010 0.0640007 3.59474e-009 0.0768 0.0455286 0.304346 0.30475 0.0472447 0.0414332 1e-010 0.00104001 0.00303092 0.0178503 3.07512e-007 2.4938e-007 0.0302563 0.00472237 0.000723254 1.81875e-005 1e-010 1e-010 1e-010 1e-010 0.0225185 1e-010 
1e-010 1e-010 0.0536161 7.24151e-006 1e-010 1e-010 1e-010 1e-010 0.00800628 4.38357e-008 0.0192001 0.0844605 0.26693 0.195191 0.0590565 0.0926401 1e-010 0.00515497 0.0131147 0.0614623 2.76761e-006 2.27559e-006 0.0804776 0.0141671 0.00414516 0.000139676 1e-010 1e-010 1e-010 1e-010 0.0422261 1e-010 
1e-010 1e-010 0.0492154 4.1783e-005 1e-010 1e-010 1e-010 1e-010 3.6716e-005 3.53395e-007 0.00160102 0.0978812 0.157222 0.0995943 0.0442965 0.130656 1e-010 0.0166489 0.0367987 0.136834 1.6375e-005 1.36535e-005 0.136383 0.0271536 0.0156135 0.000704791 1e-010 1e-010 1e-010 1e-010 0.0492882 1e-010 
1e-010 1e-010 0.0232184 0.10309 -1.1e-009 1e-010 1e-010 1e-010 0.0721627 0.0515464 0.0103092 0.0392056 0.0151529 0.0655547 0.0222795 0.0374474 1e-010 0.0503636 0.0487997 0.071203 0.0103083 0.0103084 0.0282184 0.00789698 0.174199 0.0824297 1e-010 1e-010 1e-010 1e-010 0.0763061 1e-010 


3.94841e-181

13 14 9 11 13 14 14 14 13 13 13 15 13 3 14 12 31 12 16 16 16 23 23 23 23 24 20 20 20 20 20 20 20 20 19 19 19 19 19 18 18 18 18 25 25 25 25 25 18 25 25 25 25 25 25 25 25 25 25 25 26 26 26 26 26 25 3 26 26 4 9 3 26 21 22 31 31 31 9 4 15 16 16 12 14 14 9 4 11 14 31 31 4 4 4 9 10 4 14 9 9 10 15 31 12 12 4 9 10 10 14 31 14 13 10 4 4 1 
1 2 3 4 5 5 5 5 5 5 5 5 5 5 5 5 5 5 5 5 5 5 5 5 5 5 5 5 5 5 5 5 5 5 5 5 5 5 5 5 5 5 5 5 5 5 5 5 5 5 5 5 5 5 5 5 5 5 5 5 5 5 5 5 5 5 5 5 5 5 5 5 5 5 5 5 5 5 5 5 5 5 5 5 5 5 5 5 5 5 5 5 5 5 5 5 5 5 5 5 5 5 5 5 5 5 5 5 5 5 5 5 5 5 5 5 5 5 