1 0 0 0 0 

0.8 0.2 0 0 0 
0 0.8 0.2 0 0 
0 0 0.8 0.2 0 
0 0 0 0.8 0.2 
0 0 0 0 1 


-1e-009 0.147456 0.16 9.33951e-010 0.185711 0.0524288 0.1024 1e-010 3.79428e-010 0.0101305 5.04346e-014 0.000944479 0.0116915 0.128 0.200001 2.42834e-010 2.45003e-005 9.27547e-006 1e-010 1e-010 2.96593e-007 3.62828e-007 1e-010 1e-010 0.00120263 8.03469e-008 1e-010 1e-010 1e-010 1e-010 5.00599e-009 1e-010 
1e-010 0.16384 0.04 2.01363e-008 0.472734 0.0786432 0.0768 1e-010 8.53712e-009 0.0471075 1.63912e-012 0.00566697 0.0406859 0.0640001 1.1885e-005 5.58517e-009 0.000266101 0.000118512 1e-010 1e-010 4.67252e-006 6.22474e-006 1e-010 1e-010 0.0101134 1.32572e-006 1e-010 1e-010 1e-010 1e-010 1.00611e-007 1e-010 
1e-010 0.07168 -1.07174e-009 2.14765e-007 0.614496 0.049152 0.0192 1e-010 9.49755e-008 0.106407 2.64309e-011 0.0162935 0.0705939 0.00800135 8.99885e-005 6.35313e-008 0.001412 0.000744211 1e-010 1e-010 3.624e-005 5.28106e-005 1e-010 1e-010 0.0418287 1.07715e-005 1e-010 1e-010 1e-010 1e-010 1.001e-006 1e-010 
1e-010 0.01536 3.11901e-010 1.5101e-006 0.571698 0.016384 0.0016 1e-010 6.96487e-007 0.155773 2.81929e-010 0.0298784 0.0866063 8.92748e-006 0.000447251 4.76485e-007 0.00487799 0.00306203 1e-010 1e-010 0.000184464 0.000295424 1e-010 1e-010 0.113757 5.7448e-005 1e-010 1e-010 1e-010 1e-010 6.57551e-006 1e-010 
1e-010 6.44961e-005 0.0310078 0.100775 0.0447814 0.000131473 1e-010 1e-010 0.00775191 0.041883 0.00775194 0.215008 0.0151327 0.0930229 0.0542423 0.00775192 0.0152488 0.0386072 1e-010 1e-010 0.0154951 0.100761 1e-010 1e-010 0.171826 0.00774924 1e-010 1e-010 1e-010 1e-010 0.0310075 1e-010 


2.70161e-229

15 3 14 7 2 2 6 5 5 5 5 5 5 13 5 5 10 5 5 5 5 10 10 10 12 5 5 5 13 13 25 25 25 25 25 25 25 25 25 25 25 25 25 17 17 25 25 25 25 18 18 25 25 25 18 18 18 25 25 25 15 15 21 15 22 21 26 15 22 22 22 22 22 22 22 22 22 22 22 31 14 14 22 12 12 12 4 10 12 31 9 14 16 12 12 12 12 12 31 31 12 12 12 12 12 14 12 12 12 12 12 12 12 4 4 4 4 12 14 14 12 12 4 4 14 4 4 4 14 10 11 4 4 3 3 14 4 14 15 15 15 12 14 12 3 3 12 10 14 4 
1 2 3 4 5 5 5 5 5 5 5 5 5 5 5 5 5 5 5 5 5 5 5 5 5 5 5 5 5 5 5 5 5 5 5 5 5 5 5 5 5 5 5 5 5 5 5 5 5 5 5 5 5 5 5 5 5 5 5 5 5 5 5 5 5 5 5 5 5 5 5 5 5 5 5 5 5 5 5 5 5 5 5 5 5 5 5 5 5 5 5 5 5 5 5 5 5 5 5 5 5 5 5 5 5 5 5 5 5 5 5 5 5 5 5 5 5 5 5 5 5 5 5 5 5 5 5 5 5 5 5 5 5 5 5 5 5 5 5 5 5 5 5 5 5 5 5 5 5 5 