1 0 0 0 0 

0.666667 0.333333 0 0 0 
0 0.832513 0.167487 0 0 
0 0 0.91687 0.0831297 0 
0 0 0 0.956522 0.0434783 
0 0 0 0 1 


-2.7e-009 1e-010 1e-010 1e-010 1.52797e-024 1e-010 1e-010 1e-010 1e-010 0.333333 1e-010 1e-010 0.333333 1e-010 0.333333 1e-010 1e-010 1e-010 1e-010 1e-010 1e-010 1e-010 1e-010 1e-010 1e-010 1e-010 1e-010 1e-010 1e-010 1e-010 1e-010 1e-010 
4.32113e-024 1e-010 1e-010 1e-010 1 3.3876e-170 1e-010 1e-010 -2.7e-009 1e-010 1e-010 1e-010 4.9454e-010 1e-010 1e-010 1e-010 1e-010 1e-010 1e-010 1e-010 1e-010 1e-010 1e-010 1e-010 1e-010 1e-010 1e-010 1e-010 1e-010 1e-010 1e-010 1e-010 
0.166259 0.0831297 -2.5e-009 1e-010 0.667481 0.0831297 1e-010 1e-010 1e-010 1e-010 1e-010 1e-010 1.64458e-102 1e-010 1e-010 1e-010 1e-010 1e-010 1e-010 1e-010 1e-010 1e-010 1e-010 1e-010 1e-010 1e-010 1e-010 1e-010 1.83422e-025 1e-010 1e-010 1e-010 
1e-010 1e-010 1e-010 -2.5e-009 7.63024e-021 1.23145e-104 1e-010 1e-010 1e-010 2.02434e-067 1e-010 1e-010 1e-010 1e-010 1e-010 1e-010 1e-010 1e-010 1e-010 1e-010 1e-010 1e-010 1e-010 1e-010 1e-010 1e-010 1e-010 1e-010 0.304348 0.347826 1e-010 0.347826 
1e-010 1e-010 0.0545455 0.0363636 0.163636 0.381818 0.0363636 0.0727273 0.0181818 0.0545455 1e-010 0.0181818 0.0363636 0.127273 1e-010 1e-010 1e-010 1e-010 1e-010 1e-010 1e-010 1e-010 1e-010 1e-010 1e-010 1e-010 1e-010 1e-010 2.3368e-050 1e-010 1e-010 9.0271e-108 


6.88135e-071

10 15 13 5 5 5 5 5 5 5 5 1 6 5 1 2 5 5 5 5 5 29 30 30 30 30 30 30 32 29 32 30 30 29 29 29 32 32 32 32 32 32 29 29 5 5 5 10 10 5 6 5 5 5 5 6 6 5 6 6 6 6 6 6 6 8 8 8 8 6 6 12 6 6 6 6 6 6 6 7 7 6 14 6 4 3 4 3 14 14 14 14 14 10 9 14 13 3 13 3 
1 1 1 2 2 2 2 2 2 2 2 3 3 3 3 3 3 3 3 3 3 4 4 4 4 4 4 4 4 4 4 4 4 4 4 4 4 4 4 4 4 4 4 4 5 5 5 5 5 5 5 5 5 5 5 5 5 5 5 5 5 5 5 5 5 5 5 5 5 5 5 5 5 5 5 5 5 5 5 5 5 5 5 5 5 5 5 5 5 5 5 5 5 5 5 5 5 5 5 5 