1 0 0 0 0 

0.587188 0.412812 0 0 0 
0 0.883417 0.116583 0 0 
0 0 0.5 0.5 0 
0 0 0 0.972222 0.0277778 
0 0 0 0 1 


-2.47515e-009 0.587188 1e-010 1e-010 1e-010 1e-010 1e-010 1e-010 1e-010 1e-010 1e-010 1e-010 1.7187e-088 1e-010 1.7187e-088 1e-010 1e-010 1e-010 1e-010 1e-010 1e-010 1e-010 6.86246e-089 2.53909e-108 1e-010 1e-010 1e-010 1e-010 0.412812 1e-010 1e-010 1e-010 
0.466332 0.533668 1e-010 1e-010 1e-010 1e-010 1e-010 1e-010 1e-010 1e-010 1e-010 1e-010 4.31507e-014 1e-010 1.11405e-129 1e-010 1e-010 1e-010 1e-010 1e-010 1e-010 1e-010 2.91576e-089 4.8538e-089 1e-010 1e-010 1e-010 1e-010 1.02358e-025 1e-010 1e-010 1e-010 
2.5395e-216 1.19537e-011 -2.5e-009 1e-010 1e-010 1e-010 1e-010 1e-010 1e-010 1e-010 1e-010 1e-010 0.5 1e-010 0.5 1e-010 1e-010 1e-010 1e-010 1e-010 1e-010 1e-010 1.3592e-009 1.31622e-170 1e-010 1e-010 1e-010 1e-010 1e-010 1e-010 1e-010 1e-010 
1e-010 1e-010 1e-010 -2.6e-009 1e-010 1e-010 1e-010 1e-010 1e-010 1e-010 1e-010 1e-010 1.64178e-217 1e-010 2.65973e-027 1e-010 1e-010 1e-010 1e-010 1e-010 1e-010 1e-010 0.444444 0.555556 3.39266e-158 1e-010 1e-010 1e-010 1e-010 1e-010 1e-010 1e-010 
0.0377358 1e-010 0.113208 1e-010 -1.8e-009 1e-010 1e-010 1e-010 0.0377358 0.0943396 0.0377358 0.0754717 0.113208 0.0754717 0.283019 0.0754717 1e-010 1e-010 1e-010 1e-010 1e-010 1e-010 1e-010 1.66902e-053 0.0188679 1e-010 1e-010 1e-010 1e-010 1e-010 0.0377358 1e-010 


3.64256e-072

2 29 2 1 1 2 2 2 1 1 2 13 15 23 24 23 24 23 24 24 24 24 24 24 24 24 24 24 23 24 24 24 23 23 23 23 23 23 23 23 23 23 23 23 24 24 24 24 24 15 15 25 13 13 1 1 15 15 3 15 15 3 9 16 12 12 16 16 15 11 12 16 11 15 15 15 15 31 31 12 14 15 15 10 3 15 15 9 14 10 10 14 13 13 13 13 14 10 10 3 3 3 3 
1 1 2 2 2 2 2 2 2 2 2 3 3 4 4 4 4 4 4 4 4 4 4 4 4 4 4 4 4 4 4 4 4 4 4 4 4 4 4 4 4 4 4 4 4 4 4 4 4 5 5 5 5 5 5 5 5 5 5 5 5 5 5 5 5 5 5 5 5 5 5 5 5 5 5 5 5 5 5 5 5 5 5 5 5 5 5 5 5 5 5 5 5 5 5 5 5 5 5 5 5 5 5 