1 0 0 0 0 

0.844094 0.155906 0 0 0 
0 0.88353 0.11647 0 0 
0 0 0.833528 0.166472 0 
0 0 0 0.9334 0.0666002 
0 0 0 0 1 


-2.7e-009 0.155906 0.376377 1e-010 1e-010 1e-010 1e-010 1e-010 1e-010 8.26911e-017 1e-010 1e-010 0.467717 1e-010 1e-010 1e-010 1e-010 1e-010 1e-010 1e-010 1e-010 1e-010 1e-010 1e-010 1e-010 1e-010 1e-010 1e-010 1e-010 1e-010 1e-010 1e-010 
0.11647 -2.41342e-009 0.184707 1e-010 1e-010 1e-010 1e-010 1e-010 0.11647 0.232941 1.70328e-123 6.4386e-018 1e-010 0.349411 1e-010 2.22045e-016 1e-010 1e-010 1e-010 1e-010 1e-010 1e-010 1.32657e-144 1e-010 1e-010 1e-010 1e-010 1e-010 1e-010 1e-010 2.35806e-088 1e-010 
1e-010 1e-010 -2.2e-009 1e-010 1e-010 1e-010 1e-010 1e-010 3.26483e-123 2.58436e-021 0.166472 0.332945 1e-010 6.38134e-012 1e-010 0.332945 1e-010 1e-010 1e-010 1.25662e-203 1e-010 1e-010 0.00116552 1e-010 1e-010 1e-010 1e-010 1e-010 1e-010 1e-010 0.166472 1e-010 
1e-010 1e-010 1e-010 -2.2e-009 1e-010 1e-010 1e-010 1e-010 1e-010 1e-010 1.11022e-016 1.49365e-103 1e-010 1e-010 1e-010 1.58569e-020 4.36974e-195 0.00146385 0.1998 0.666002 1e-010 1e-010 0.132734 1e-010 1e-010 1e-010 1e-010 1e-010 1e-010 1e-010 1.17353e-167 1e-010 
1e-010 1e-010 0.105294 0.0789702 -1.5e-009 1e-010 1e-010 1e-010 0.105294 0.0658085 0.0131617 0.0921319 0.0526468 0.0131617 0.118455 1e-010 0.0526468 0.0655192 1.34505e-038 1e-010 1e-010 1e-010 1e-010 1e-010 0.171102 0.0131617 1e-010 1e-010 1e-010 1e-010 0.0526468 2.22045e-016 


2.38004e-105

13 3 13 13 2 3 3 10 1 14 14 3 9 10 14 12 31 12 16 11 16 23 23 20 20 20 20 20 20 20 20 20 20 19 19 19 18 18 18 18 17 17 25 25 18 25 25 25 25 17 17 25 25 25 25 25 25 3 3 3 3 26 25 13 15 15 15 9 9 9 9 31 4 15 3 3 15 13 3 15 15 12 4 12 10 9 14 4 12 12 10 10 31 4 4 12 10 12 12 31 31 9 4 10 13 15 15 11 13 9 9 3 13 
1 1 1 1 1 1 1 2 2 2 2 2 2 2 2 3 3 3 3 3 3 4 4 4 4 4 4 4 4 4 4 4 4 4 4 4 5 5 5 5 5 5 5 5 5 5 5 5 5 5 5 5 5 5 5 5 5 5 5 5 5 5 5 5 5 5 5 5 5 5 5 5 5 5 5 5 5 5 5 5 5 5 5 5 5 5 5 5 5 5 5 5 5 5 5 5 5 5 5 5 5 5 5 5 5 5 5 5 5 5 5 5 5 