1 0 0 0 0 

0.882924 0.117076 0 0 0 
0 0.894289 0.105711 0 0 
0 0 0.833299 0.166701 0 
0 0 0 0.944603 0.0553971 
0 0 0 0 1 


-2.1e-009 1e-010 0.117245 0.000421678 1e-010 1e-010 1e-010 1e-010 1e-010 0.35126 1e-010 1e-010 0.179846 0.234152 1e-010 9.3589e-070 1e-010 3.58748e-113 1e-010 1e-010 1e-010 3.74356e-069 1e-010 1e-010 5.26309e-079 1e-010 1e-010 1e-010 1e-010 1e-010 0.117076 1e-010 
1e-010 -2.2e-009 0.5284 0.10533 1e-010 1e-010 1e-010 1e-010 1e-010 0.211393 1e-010 1e-010 0.154745 7.01501e-011 1e-010 6.73877e-034 1e-010 1.17434e-102 1e-010 1e-010 1e-010 1e-010 1e-010 1e-010 8.45037e-070 1e-010 1e-010 1e-010 1e-010 1e-010 0.000132361 1e-010 
1e-010 1e-010 4.70865e-009 1e-010 1e-010 1e-010 1e-010 1e-010 1e-010 6.27426e-126 1e-010 1e-010 1.42987e-055 1e-010 1e-010 0.166701 4.34114e-176 2.40581e-026 1e-010 1e-010 1e-010 0.666805 1e-010 1e-010 1.84679e-006 1e-010 1e-010 1e-010 1e-010 1e-010 0.166492 1e-010 
1e-010 1e-010 1e-010 -2.5e-009 1e-010 1e-010 1e-010 1e-010 1e-010 1e-010 1e-010 1e-010 1e-010 1e-010 1e-010 2.20795e-157 0.0028537 0.830956 1e-010 1e-010 1.24361e-131 4.00247e-015 1e-010 1e-010 0.166191 1e-010 1e-010 1e-010 1e-010 1e-010 1e-010 1e-010 
1e-010 1e-010 0.0210641 0.0631922 -1.4e-009 1e-010 1e-010 1e-010 0.0947882 0.010532 1e-010 1e-010 0.010532 0.0842562 0.0315961 1e-010 0.0521176 8.18931e-032 1e-010 1e-010 0.200109 1e-010 1e-010 1e-010 0.010532 0.0947882 0.010532 0.115852 1e-010 0.010532 0.15798 0.0315961 


4.75942e-123

10 13 3 14 10 10 31 14 13 4 3 3 3 10 10 3 13 3 31 16 22 22 22 22 25 25 25 18 18 18 18 18 18 18 18 18 18 18 18 18 18 18 17 17 17 17 17 21 27 21 21 21 28 21 28 21 28 28 28 21 21 28 28 28 21 28 21 21 28 21 21 26 26 21 21 28 32 26 21 21 32 32 31 30 26 26 26 21 26 26 31 31 31 3 31 31 31 15 31 31 31 31 21 14 31 26 31 9 9 9 9 4 4 4 9 9 10 31 14 4 4 14 9 9 14 14 31 14 14 4 15 25 13 14 9 3 15 10 
1 1 1 1 1 1 1 1 1 2 2 2 2 2 2 2 2 2 3 3 3 3 3 3 4 4 4 4 4 4 4 4 4 4 4 4 4 4 4 4 4 4 5 5 5 5 5 5 5 5 5 5 5 5 5 5 5 5 5 5 5 5 5 5 5 5 5 5 5 5 5 5 5 5 5 5 5 5 5 5 5 5 5 5 5 5 5 5 5 5 5 5 5 5 5 5 5 5 5 5 5 5 5 5 5 5 5 5 5 5 5 5 5 5 5 5 5 5 5 5 5 5 5 5 5 5 5 5 5 5 5 5 5 5 5 5 5 5 