1 0 0 0 0 

0.75 0.25 0 0 0 
0 0.666667 0.333333 0 0 
0 0 0.955222 0.0447778 0 
0 0 0 0.953745 0.0462549 
0 0 0 0 1 


-2.6e-009 1e-010 0.75 1e-010 1e-010 1e-010 1e-010 1e-010 0.25 1e-010 1e-010 1e-010 1.23159e-032 1e-010 1e-010 1e-010 1e-010 1e-010 1e-010 1e-010 1e-010 1e-010 1e-010 1e-010 8.62005e-127 1e-010 6.7681e-137 1e-010 1e-010 1e-010 1e-010 1e-010 
1e-010 -2.6e-009 9.78866e-037 1e-010 1e-010 1e-010 1e-010 1e-010 3.06617e-081 1e-010 1e-010 1e-010 0.666667 1e-010 1e-010 1e-010 1e-010 1e-010 1e-010 1e-010 1e-010 1e-010 1e-010 1e-010 0.333333 1e-010 1.4032e-054 1e-010 1e-010 1e-010 1e-010 1e-010 
1e-010 1e-010 8.97013e-094 1e-010 1e-010 1e-010 1e-010 1e-010 3.86292e-094 1e-010 1e-010 1e-010 1.77275e-030 1e-010 1e-010 1e-010 1e-010 1e-010 1e-010 1e-010 1e-010 1e-010 1e-010 1e-010 2.80389e-063 1e-010 1 5.13985e-247 1e-010 4.57035e-083 1e-010 -2.4e-009 
1e-010 1e-010 9.95274e-095 -2.3e-009 1e-010 1e-010 1e-010 1e-010 1e-010 1e-010 1e-010 2.9005e-015 1.15399e-075 1e-010 1e-010 1.62736e-116 1e-010 1e-010 1e-010 1e-010 1e-010 1e-010 1e-010 1e-010 1.83123e-030 1e-010 0.400914 0.367812 1e-010 0.231275 1e-010 1e-010 
0.0338707 1e-010 0.0169353 0.203224 -1.6e-009 1e-010 1e-010 1e-010 0.118547 0.101612 0.0169353 0.050806 0.0338707 0.0169353 1e-010 0.0846766 1e-010 1e-010 1e-010 1e-010 1e-010 0.0338707 1e-010 1e-010 1e-010 1e-010 1e-010 0.017751 1e-010 1.4111e-206 0.050806 0.220159 


1.79358e-077

3 3 9 3 13 13 25 27 27 27 27 27 27 27 27 27 27 27 27 27 27 27 27 27 27 27 27 27 27 27 30 28 27 27 27 27 27 28 30 30 28 30 28 28 28 28 27 27 27 30 28 12 11 16 28 22 32 32 22 32 32 32 32 32 32 32 32 32 32 32 31 16 16 16 31 16 12 4 4 10 4 4 4 13 1 4 4 4 10 4 4 9 10 10 12 4 31 10 10 9 9 4 3 9 14 9 9 9 13 1 1 
1 1 1 1 2 2 2 3 3 3 3 3 3 3 3 3 3 3 3 3 3 3 3 3 3 3 3 3 3 3 4 4 4 4 4 4 4 4 4 4 4 4 4 4 4 4 4 4 4 4 4 5 5 5 5 5 5 5 5 5 5 5 5 5 5 5 5 5 5 5 5 5 5 5 5 5 5 5 5 5 5 5 5 5 5 5 5 5 5 5 5 5 5 5 5 5 5 5 5 5 5 5 5 5 5 5 5 5 5 5 5 