1 0 0 0 0 

0.8 0.2 0 0 0 
0 0.8 0.2 0 0 
0 0 0.8 0.2 0 
0 0 0 0.8 0.2 
0 0 0 0 1 


0.865745 1e-010 1.41795e-011 0.013744 1e-010 1e-010 1e-010 1e-010 1.15275e-008 7.59574e-007 5.57519e-006 5.01721e-006 0.065536 7.91683e-010 0.00703687 0.000679329 1e-010 1e-010 1e-010 1e-010 1e-010 1e-010 0.00668766 1e-010 1e-010 0.0207688 1e-010 1e-010 1e-010 1e-010 0.0197915 1e-010 
0.643202 -1.7e-009 3.80132e-010 0.0412333 1e-010 1e-010 1e-010 1e-010 2.41533e-007 1.20161e-005 6.55084e-005 7.03713e-005 0.08192 1.79027e-008 0.0263883 0.00575296 1e-010 1e-010 1e-010 1e-010 1e-010 1e-010 0.0420547 1e-010 1e-010 0.092776 1e-010 1e-010 1e-010 1e-010 0.0665246 1e-010 
0.400694 1e-010 3.24993e-009 0.0567071 1e-010 1e-010 1e-010 1e-010 2.5047e-006 9.41869e-005 0.000376674 0.000486101 0.0409602 2.00681e-007 0.0461795 0.0240481 1e-010 1e-010 1e-010 1e-010 1e-010 1e-010 0.129438 1e-010 1e-010 0.197352 1e-010 1e-010 1e-010 1e-010 0.103661 1e-010 
0.195191 1e-010 4.43225e-008 0.0473209 1e-010 1e-010 1e-010 1e-010 1.71421e-005 0.000488026 0.00141253 0.00220499 0.0102412 1.48703e-006 0.0500278 0.0664709 1e-010 1e-010 1e-010 1e-010 1e-010 1e-010 0.261203 1e-010 1e-010 0.266093 1e-010 1e-010 1e-010 1e-010 0.0993281 1e-010 
0.0046651 1e-010 0.0196078 0.0412252 -1.6e-009 1e-010 1e-010 1e-010 0.156862 0.156834 0.00971273 0.107708 0.098105 0.0686274 0.00344939 0.15211 1e-010 1e-010 1e-010 1e-010 1e-010 1e-010 0.12552 1e-010 1e-010 0.0305397 1e-010 1e-010 1e-010 1e-010 0.0250341 1.11022e-016 


1.17672e-188

1 1 1 1 1 13 1 1 1 1 1 1 4 31 31 15 26 26 26 26 26 26 23 23 23 23 23 23 23 23 23 16 16 16 16 23 23 23 23 23 23 16 16 16 16 16 16 11 16 16 16 16 16 12 16 12 12 12 12 10 12 12 12 31 10 31 10 10 4 12 4 10 10 10 10 10 10 4 12 10 10 9 9 9 9 9 9 10 14 9 10 13 13 9 9 9 14 10 14 9 9 14 9 13 9 13 3 9 9 13 13 3 13 13 14 4 10 12 14 14 13 13 13 
1 2 3 4 5 5 5 5 5 5 5 5 5 5 5 5 5 5 5 5 5 5 5 5 5 5 5 5 5 5 5 5 5 5 5 5 5 5 5 5 5 5 5 5 5 5 5 5 5 5 5 5 5 5 5 5 5 5 5 5 5 5 5 5 5 5 5 5 5 5 5 5 5 5 5 5 5 5 5 5 5 5 5 5 5 5 5 5 5 5 5 5 5 5 5 5 5 5 5 5 5 5 5 5 5 5 5 5 5 5 5 5 5 5 5 5 5 5 5 5 5 5 5 