1 0 0 0 0 

0.857143 0.142857 0 0 0 
0 0.666667 0.333333 0 0 
0 0 0.9 0.1 0 
0 0 0 0.833333 0.166667 
0 0 0 0 1 


-3.30137e-009 2.07565e-109 0.714286 1e-010 1e-010 1e-010 1e-010 1e-010 1e-010 1e-010 1e-010 1e-010 0.142857 1e-010 0.142857 1e-010 1e-010 1e-010 1e-010 1e-010 1e-010 1e-010 1e-010 1e-010 1e-010 1e-010 1e-010 1e-010 1e-010 1e-010 1e-010 1e-010 
1 -1.55195e-008 9.21434e-018 1e-010 1e-010 1e-010 1e-010 1e-010 1e-010 1e-010 1e-010 1e-010 1e-010 1e-010 5.15237e-155 1e-010 1e-010 1e-010 1e-010 1e-010 1e-010 1e-010 1e-010 1e-010 1e-010 1e-010 1e-010 1e-010 1e-010 1e-010 1e-010 1e-010 
9.81236e-060 0.3 -2.7e-009 0.1 1e-010 1e-010 1e-010 1e-010 1e-010 1e-010 1e-010 1e-010 1e-010 1e-010 1e-010 1e-010 1e-010 1e-010 1e-010 1e-010 1e-010 1e-010 1e-010 1e-010 1e-010 1e-010 1e-010 1e-010 0.6 1e-010 1e-010 1e-010 
0.833333 1e-010 1e-010 -2.7e-009 1e-010 1e-010 1e-010 1e-010 8.44791e-040 0.166667 1e-010 1e-010 1e-010 1e-010 1e-010 1e-010 1e-010 1e-010 1e-010 1e-010 1e-010 1e-010 1e-010 1e-010 1e-010 1e-010 1e-010 1e-010 1.72948e-058 1e-010 1e-010 1e-010 
1.93741e-173 0.0140845 0.0140845 0.0985915 -2.1e-009 1e-010 1e-010 1e-010 0.323944 0.366197 1e-010 1e-010 0.0422535 0.056338 0.0422535 1e-010 1e-010 1e-010 1e-010 1e-010 1e-010 1e-010 1e-010 1e-010 1e-010 0.0422535 1e-010 1e-010 1e-010 1e-010 1e-010 1e-010 


7.6198e-065

13 3 3 15 3 3 3 1 1 1 2 2 2 4 29 29 29 29 29 29 1 10 1 1 1 1 9 9 9 9 9 10 10 10 10 26 10 10 15 26 26 10 4 4 10 10 10 10 10 10 10 4 10 10 10 10 10 10 9 14 4 4 10 9 10 9 10 10 10 9 9 9 9 9 9 9 9 9 9 2 13 9 9 13 15 4 9 3 9 9 4 14 10 14 14 13 15 14 
1 1 1 1 1 1 1 2 2 2 3 3 3 3 3 3 3 3 3 3 4 4 4 4 4 4 5 5 5 5 5 5 5 5 5 5 5 5 5 5 5 5 5 5 5 5 5 5 5 5 5 5 5 5 5 5 5 5 5 5 5 5 5 5 5 5 5 5 5 5 5 5 5 5 5 5 5 5 5 5 5 5 5 5 5 5 5 5 5 5 5 5 5 5 5 5 5 5 