1 0 0 0 0 

0.875 0.125 0 0 0 
0 0.75 0.25 0 0 
0 0 0.666667 0.333333 0 
0 0 0 0.962637 0.0373628 
0 0 0 0 1 


-2.7e-009 1e-010 9.63526e-025 1e-010 1e-010 1e-010 1e-010 1e-010 1e-010 8.7886e-143 1e-010 1e-010 0.875 0.125 1e-010 1e-010 1e-010 1e-010 1e-010 1e-010 1e-010 1e-010 1e-010 1e-010 1e-010 1e-010 1e-010 1e-010 1e-010 1e-010 1e-010 1e-010 
1e-010 -2.5e-009 0.5 1e-010 1e-010 1e-010 1e-010 1e-010 1e-010 0.25 1e-010 1.43058e-017 2.21482e-026 1.36945e-169 0.25 1e-010 1e-010 1e-010 1e-010 1e-010 1e-010 1e-010 1e-010 1e-010 1e-010 1e-010 1e-010 1e-010 1e-010 1e-010 1e-010 1e-010 
1e-010 1e-010 1e-010 1e-010 1e-010 1e-010 1e-010 1e-010 1e-010 1e-010 1e-010 0.666667 1e-010 0.333333 1e-010 1.19261e-009 -4.02785e-009 1e-010 1e-010 1e-010 1e-010 1e-010 1e-010 1e-010 1e-010 1e-010 1e-010 1e-010 1e-010 1e-010 3.31496e-161 1e-010 
1e-010 1e-010 1e-010 -2.3e-009 1e-010 1e-010 1e-010 1e-010 1e-010 1e-010 1e-010 4.83992e-048 1e-010 1e-010 1e-010 0.373628 1e-010 1e-010 1e-010 1e-010 1e-010 0.0373628 1e-010 1e-010 1e-010 0.178019 1e-010 0.0747255 1e-010 3.45849e-044 0.336265 3.33067e-016 
1e-010 1e-010 0.0403082 0.0906934 -1.3e-009 1e-010 1e-010 1e-010 0.0201541 0.0705393 1e-010 0.0302311 0.0806164 0.0302311 0.201541 2.97076e-143 0.0806164 1e-010 1e-010 1e-010 0.0201541 1.11342e-067 1e-010 1e-010 0.0806164 0.0527573 1e-010 4.00462e-059 1e-010 0.17131 0.0302311 4.44089e-016 


3.52283e-130

13 14 13 13 13 13 13 13 3 10 15 3 12 14 12 16 16 16 16 16 16 16 16 16 31 16 31 31 31 31 26 26 26 31 31 31 26 31 28 22 28 26 30 30 30 30 30 30 30 30 30 30 30 30 30 30 30 10 30 30 4 4 17 17 17 17 17 17 25 17 25 25 26 26 25 26 15 26 15 26 15 15 21 25 17 15 15 15 15 15 13 15 15 15 25 25 15 12 31 31 12 10 15 13 15 12 10 4 4 13 13 3 4 4 14 14 4 10 31 9 25 13 4 4 15 15 15 10 10 15 9 10 14 21 15 13 13 3 3 13 3 14 
1 1 1 1 1 1 1 1 2 2 2 2 3 3 3 4 4 4 4 4 4 4 4 4 4 4 4 4 4 4 4 4 4 4 4 4 4 4 4 4 4 4 5 5 5 5 5 5 5 5 5 5 5 5 5 5 5 5 5 5 5 5 5 5 5 5 5 5 5 5 5 5 5 5 5 5 5 5 5 5 5 5 5 5 5 5 5 5 5 5 5 5 5 5 5 5 5 5 5 5 5 5 5 5 5 5 5 5 5 5 5 5 5 5 5 5 5 5 5 5 5 5 5 5 5 5 5 5 5 5 5 5 5 5 5 5 5 5 5 5 5 5 