1 0 0 0 0 

0.8 0.2 0 0 0 
0 0.8 0.2 0 0 
0 0 0.8 0.2 0 
0 0 0 0.8 0.2 
0 0 0 0 1 


-1e-009 3.79428e-010 0.2 9.74767e-015 1e-010 1e-010 1e-010 1e-010 4.03477e-014 1e-010 1e-010 6.16018e-011 0.632181 1e-010 0.0820785 1.89894e-010 1.28791e-006 6.61409e-005 0.0245544 0.0028823 0.000101632 0.000447346 0.00257004 0.000604463 0.0545132 6.47777e-008 1e-010 1e-010 9.26337e-010 1e-010 6.58404e-011 2.94032e-011 
1e-010 7.43712e-009 4.51679e-009 3.42251e-013 1e-010 1e-010 1e-010 1e-010 1.32139e-012 1e-010 1e-010 1.59065e-009 0.595957 1e-010 0.0831877 4.71187e-009 1.94999e-005 0.000769493 0.103905 0.0136909 0.000865831 0.00402264 0.0172747 0.00392901 0.176376 1.15139e-006 1e-010 1e-010 1.99162e-008 1e-010 1.6669e-009 7.65676e-010 
1e-010 9.49755e-008 5.08435e-008 5.96571e-012 1e-010 1e-010 1e-010 1e-010 2.14725e-011 1e-010 1e-010 2.0384e-008 0.351878 1e-010 0.0356327 5.7961e-008 0.00014526 0.00440558 0.209822 0.0308046 0.0035887 0.0176679 0.0563809 0.0122782 0.277385 1.00989e-005 1e-010 1e-010 2.1161e-007 1e-010 2.09404e-008 9.87665e-009 
1e-010 6.96487e-007 3.93911e-007 -1.03117e-009 1e-010 1e-010 1e-010 1e-010 2.3083e-010 1e-010 1e-010 1.72875e-007 0.156019 1e-010 0.0174045 4.71336e-007 0.000709666 0.0165557 0.269656 0.0436399 0.0096691 0.0505199 0.119059 0.0245563 0.292149 5.82768e-005 1e-010 1e-010 1.48127e-006 1e-010 1.74081e-007 8.41379e-008 
1e-010 0.00775191 0.0155039 0.0155039 -1e-009 1e-010 1e-010 1e-010 0.00775194 1e-010 1e-010 0.124031 0.00247923 1e-010 0.107818 0.0930232 0.0387257 0.123186 0.0229482 0.00422412 0.100224 0.097959 0.0389424 0.00614853 0.069751 0.038757 1e-010 1e-010 0.00775187 1e-010 0.0620155 0.0155039 


2.70161e-229

3 13 13 13 15 13 13 13 13 13 13 25 25 25 25 19 19 19 19 20 19 25 19 25 23 25 24 23 23 23 23 23 15 22 21 22 22 22 22 22 22 22 25 18 18 18 18 18 18 18 18 18 18 18 18 18 18 18 18 17 17 17 17 17 25 25 21 21 25 25 26 26 21 25 21 21 21 21 26 21 21 21 21 21 22 22 29 15 15 15 2 22 15 3 15 22 15 16 16 31 12 22 16 32 26 16 31 32 12 12 12 12 16 16 31 26 16 31 31 31 12 16 16 15 16 31 16 15 12 16 31 9 12 12 12 12 12 12 12 12 4 4 15 15 3 15 15 15 12 14 
1 2 3 4 5 5 5 5 5 5 5 5 5 5 5 5 5 5 5 5 5 5 5 5 5 5 5 5 5 5 5 5 5 5 5 5 5 5 5 5 5 5 5 5 5 5 5 5 5 5 5 5 5 5 5 5 5 5 5 5 5 5 5 5 5 5 5 5 5 5 5 5 5 5 5 5 5 5 5 5 5 5 5 5 5 5 5 5 5 5 5 5 5 5 5 5 5 5 5 5 5 5 5 5 5 5 5 5 5 5 5 5 5 5 5 5 5 5 5 5 5 5 5 5 5 5 5 5 5 5 5 5 5 5 5 5 5 5 5 5 5 5 5 5 5 5 5 5 5 5 