1 0 0 0 0 

0.8 0.2 0 0 0 
0 0.8 0.2 0 0 
0 0 0.8 0.2 0 
0 0 0 0.8 0.2 
0 0 0 0 1 


0.00763728 0.0873332 4.03477e-014 2.26554e-009 1e-010 0.0056295 1e-010 1e-010 1.81504e-009 0.0268435 1e-010 4.49823e-009 0.324772 4.44476e-009 0.54101 1e-010 0.00483995 1e-010 1e-010 1e-010 1e-010 1e-010 1e-010 1e-010 1e-010 1e-010 1e-010 0.000910707 1e-010 0.000995824 5.6264e-008 2.76809e-005 
0.0388337 0.270425 1.32139e-012 4.64738e-008 1e-010 0.022518 1e-010 1e-010 3.77079e-008 0.060398 1e-010 9.25064e-008 0.292844 8.79635e-008 0.270949 1e-010 0.0285583 1e-010 1e-010 1e-010 1e-010 1e-010 1e-010 1e-010 1e-010 1e-010 1e-010 0.00777203 1e-010 0.00734881 1.06106e-006 0.000352079 
0.094676 0.398689 -1.57853e-009 4.70975e-007 1e-010 0.0422212 1e-010 1e-010 3.87163e-007 0.060398 1e-010 9.42611e-007 0.131402 8.60004e-007 0.1304 1e-010 0.0810417 1e-010 1e-010 1e-010 1e-010 1e-010 1e-010 1e-010 1e-010 1e-010 1e-010 0.0326438 1e-010 0.0263048 9.92186e-006 0.00221033 
0.147604 0.374779 2.3083e-010 3.14224e-006 1e-010 0.0492581 1e-010 1e-010 2.61959e-006 0.0352326 1e-010 6.34743e-006 0.0409216 5.53886e-006 0.0447201 1e-010 0.147302 1e-010 1e-010 1e-010 1e-010 1e-010 1e-010 1e-010 1e-010 1e-010 1e-010 0.0900977 1e-010 0.0608652 6.13654e-005 0.00914025 
0.0198159 0.0181695 0.00775194 0.0542634 -1.5e-009 0.00311524 1e-010 1e-010 0.0852712 0.0626794 1e-010 0.085271 0.000389953 0.0620153 0.000500788 1e-010 0.0286146 1e-010 1e-010 1e-010 1e-010 1e-010 1e-010 1e-010 1e-010 1e-010 1e-010 0.118937 1e-010 0.0273056 0.217051 0.208848 


2.70161e-229

15 15 13 13 15 15 13 13 15 10 2 2 2 2 2 2 6 2 2 1 1 1 17 17 17 17 1 17 30 30 28 30 28 28 30 28 28 28 28 28 28 28 28 28 28 28 28 32 32 32 32 32 32 32 32 32 32 32 32 32 32 32 32 32 28 32 32 32 32 32 32 31 32 32 32 32 31 31 31 14 12 31 4 9 31 31 31 31 31 12 12 31 31 31 31 10 31 12 31 31 31 31 12 10 14 10 14 31 10 10 10 4 12 9 9 9 12 12 10 31 10 4 12 14 9 31 31 31 9 4 31 3 9 4 14 31 9 12 14 4 9 4 14 9 31 9 14 12 31 3 
1 2 3 4 5 5 5 5 5 5 5 5 5 5 5 5 5 5 5 5 5 5 5 5 5 5 5 5 5 5 5 5 5 5 5 5 5 5 5 5 5 5 5 5 5 5 5 5 5 5 5 5 5 5 5 5 5 5 5 5 5 5 5 5 5 5 5 5 5 5 5 5 5 5 5 5 5 5 5 5 5 5 5 5 5 5 5 5 5 5 5 5 5 5 5 5 5 5 5 5 5 5 5 5 5 5 5 5 5 5 5 5 5 5 5 5 5 5 5 5 5 5 5 5 5 5 5 5 5 5 5 5 5 5 5 5 5 5 5 5 5 5 5 5 5 5 5 5 5 5 