1 0 0 0 0 

0.86382 0.13618 0 0 0 
0 0.813786 0.186214 0 0 
0 0 0.888493 0.111507 0 
0 0 0 0.936875 0.0631247 
0 0 0 0 1 


8.7976e-005 1e-010 4.5527e-038 5.96603e-092 1e-010 1e-010 1e-010 1e-010 1e-010 0.487863 0.13618 0.272224 1.65354e-012 0.103645 1e-010 1e-010 1e-010 1e-010 1e-010 1e-010 1e-010 1e-010 1e-010 1e-010 1e-010 1e-010 1e-010 1e-010 1e-010 1e-010 1e-010 1e-010 
0.186094 -2.1e-009 0.00205456 2.37178e-016 1e-010 1e-010 1e-010 1e-010 1e-010 0.299294 3.87133e-007 0.000186592 0.185877 0.326493 1e-010 3.80073e-039 1e-010 1e-010 1e-010 1e-010 1e-010 1e-010 4.93053e-149 1e-010 1e-010 1e-010 1e-010 1e-010 1e-010 1e-010 1e-010 1e-010 
3.52517e-009 1e-010 0.110277 0.111507 1e-010 1e-010 1e-010 1e-010 1e-010 0.201857 0.111507 1.25969e-030 0.00020217 0.388647 1e-010 0.0760018 1e-010 1e-010 1e-010 2.19097e-080 1e-010 1e-010 8.77884e-007 2.92996e-018 1e-010 1e-010 1e-010 1e-010 1e-010 1e-010 1e-010 1e-010 
1e-010 1e-010 5.31769e-083 -1.88902e-009 1e-010 1e-010 1e-010 1e-010 1e-010 1.13804e-023 1.98558e-043 1e-010 2.92115e-195 1.23083e-005 1e-010 0.0832245 1e-010 1.41228e-012 0.0330173 0.631247 1e-010 1e-010 0.126249 0.126249 2.51783e-117 1e-010 1e-010 1e-010 1e-010 1e-010 1e-010 1e-010 
1e-010 1e-010 0.0537079 0.120843 -1.5e-009 1e-010 1e-010 1e-010 0.0537079 1e-010 1e-010 0.0268539 0.0402809 0.107416 0.120843 0.013427 1e-010 0.0537079 0.0466849 7.02156e-009 0.013427 0.0402809 1e-010 8.37814e-148 0.255112 1e-010 1e-010 1e-010 1e-010 1e-010 0.0537079 1e-010 


3.14224e-103

10 10 11 12 12 14 10 10 10 1 13 14 14 14 10 3 14 11 10 4 14 16 16 23 24 23 24 20 20 20 20 20 20 20 20 20 20 19 19 19 18 18 18 19 18 25 25 25 25 25 25 25 25 25 25 21 25 25 25 25 25 25 25 15 22 22 22 16 15 15 14 14 14 14 4 14 9 13 15 15 15 14 15 15 14 4 9 31 3 3 9 4 13 13 3 14 25 25 15 9 31 31 4 4 12 12 4 4 31 4 3 4 15 
1 1 1 1 1 1 1 1 1 2 2 3 3 3 3 3 3 3 3 3 3 4 4 4 4 4 4 4 4 4 4 4 4 4 4 4 4 5 5 5 5 5 5 5 5 5 5 5 5 5 5 5 5 5 5 5 5 5 5 5 5 5 5 5 5 5 5 5 5 5 5 5 5 5 5 5 5 5 5 5 5 5 5 5 5 5 5 5 5 5 5 5 5 5 5 5 5 5 5 5 5 5 5 5 5 5 5 5 5 5 5 5 5 