1 0 0 0 0 

0.8 0.2 0 0 0 
0 0.8 0.2 0 0 
0 0 0.8 0.2 0 
0 0 0 0.8 0.2 
0 0 0 0 1 


0.0114468 8.121e-005 1.43344e-012 5.27177e-011 1e-010 0.000198202 0.591457 0.295018 1.41775e-011 1e-010 0.0834788 1e-010 0.0180602 1.24598e-010 3.56812e-006 1e-010 0.000153277 1e-010 1e-010 1e-010 1e-010 2.8247e-007 1e-010 1e-010 1e-010 1e-010 1e-010 1e-010 8.47262e-005 1.72593e-005 1e-010 1e-010 
0.0394954 0.000711208 4.12113e-011 1.31148e-009 1e-010 0.00153729 0.561995 0.142515 3.75298e-010 1e-010 0.172564 1e-010 0.07853 3.22177e-009 4.37095e-005 1e-010 0.00146475 1e-010 1e-010 1e-010 1e-010 4.48028e-006 1e-010 1e-010 1e-010 1e-010 1e-010 1e-010 0.000957066 0.000182388 1e-010 1e-010 
0.068821 0.00302778 -1.01274e-009 1.61614e-008 1e-010 0.00577542 0.395043 0.169798 4.92608e-009 1e-010 0.176242 1e-010 0.167899 4.13079e-008 0.000262257 1e-010 0.00682138 1e-010 1e-010 1e-010 1e-010 3.49733e-005 1e-010 1e-010 1e-010 1e-010 1e-010 1e-010 0.00533135 0.000943617 1e-010 1e-010 
0.0890129 0.00835422 5.53004e-009 1.2994e-007 1e-010 0.0140171 0.256912 0.2192 4.27519e-008 1e-010 0.132195 1e-010 0.235739 3.50165e-007 0.00102717 1e-010 0.0206283 1e-010 1e-010 1e-010 1e-010 0.000179099 1e-010 1e-010 1e-010 1e-010 1e-010 1e-010 0.0195454 0.00318979 1e-010 1e-010 
0.0463189 0.0181227 0.00934579 0.0186916 -1.5e-009 0.045723 0.0464763 0.297826 0.0280374 1e-010 0.0203514 1e-010 0.0981202 0.11215 0.00928333 1e-010 0.0360249 1e-010 1e-010 1e-010 1e-010 0.0186814 1e-010 1e-010 1e-010 1e-010 1e-010 1e-010 0.176359 0.0184891 1e-010 1e-010 


3.50689e-196

8 7 7 7 8 7 7 11 11 7 7 7 7 1 13 11 8 8 7 13 13 13 13 8 11 13 8 8 8 8 7 6 1 1 1 2 1 17 17 17 17 29 30 29 29 29 29 29 29 15 29 29 29 29 29 29 29 29 29 29 29 30 29 22 22 1 2 6 6 8 8 8 8 8 8 7 6 6 8 8 8 8 8 8 8 8 8 8 8 8 8 8 8 8 11 8 8 8 8 4 14 8 14 14 7 9 14 14 14 7 14 14 13 13 4 3 14 14 14 9 13 13 13 9 14 13 13 1 
1 2 3 4 5 5 5 5 5 5 5 5 5 5 5 5 5 5 5 5 5 5 5 5 5 5 5 5 5 5 5 5 5 5 5 5 5 5 5 5 5 5 5 5 5 5 5 5 5 5 5 5 5 5 5 5 5 5 5 5 5 5 5 5 5 5 5 5 5 5 5 5 5 5 5 5 5 5 5 5 5 5 5 5 5 5 5 5 5 5 5 5 5 5 5 5 5 5 5 5 5 5 5 5 5 5 5 5 5 5 5 5 5 5 5 5 5 5 5 5 5 5 5 5 5 5 5 5 