1 0 0 0 0 

0.8 0.2 0 0 0 
0 0.8 0.2 0 0 
0 0 0.8 0.2 0 
0 0 0 0.8 0.2 
0 0 0 0 1 


-1.19146e-009 3.4996e-012 0.100389 1.82661e-009 1e-010 1e-010 1e-010 1e-010 2.20806e-009 0.426173 1e-010 0.00703282 0.32292 0.0045036 0.128 0.00348862 2.63281e-008 5.77501e-006 6.96497e-006 0.00011865 1e-010 0.00300086 0.000756296 1e-010 1.42916e-006 5.57619e-008 1e-010 1e-010 1e-010 1e-010 0.00360288 1e-010 
2.28551e-010 -1.10289e-009 0.240853 4.05411e-008 1e-010 1e-010 1e-010 1e-010 4.76486e-008 0.159875 1e-010 0.0349047 0.417053 0.0191403 0.064 0.0214724 4.67323e-007 7.96121e-005 8.85464e-005 0.00126947 1e-010 0.01927 0.00575702 1e-010 2.25803e-005 1.03424e-006 1e-010 1e-010 1e-010 1e-010 0.016213 1e-010 
3.0283e-009 1.33532e-009 0.278135 4.45446e-007 1e-010 1e-010 1e-010 1e-010 5.09102e-007 0.105846 1e-010 0.0823979 0.2984 0.0382809 0.008 0.065113 4.08908e-006 0.000539439 0.000551924 0.00665672 1e-010 0.0597301 0.0217063 1e-010 0.000176015 9.47072e-006 1e-010 1e-010 1e-010 1e-010 0.0344525 1e-010 
2.64976e-008 1.21291e-008 0.206672 3.22967e-006 1e-010 1e-010 1e-010 1e-010 3.59187e-006 0.0636287 1e-010 0.123047 0.180844 0.0478532 4.21637e-008 0.130366 2.35122e-005 0.00239481 0.00224809 0.0228057 1e-010 0.119051 0.0541626 1e-010 0.000902604 5.70839e-005 1e-010 1e-010 1e-010 1e-010 0.0459368 1e-010 
0.0103093 0.0103093 0.0708222 0.0721648 -1e-009 1e-010 1e-010 1e-010 0.082474 0.0229112 1e-010 0.0181761 0.019628 0.0871248 0.0206186 0.0608021 0.0103078 0.0720093 0.0307786 0.101503 1e-010 0.0411829 0.0576092 1e-010 0.144273 0.0515429 1e-010 1e-010 1e-010 1e-010 0.0154533 1.11022e-016 


3.94841e-181

10 10 15 13 13 13 10 3 13 13 3 3 10 3 3 13 13 14 31 12 12 12 16 16 22 22 22 23 22 22 16 16 16 16 16 23 23 23 23 23 20 20 20 20 20 20 20 20 20 20 19 19 19 18 18 18 18 18 18 18 25 25 25 25 25 25 25 25 25 25 25 17 26 25 26 26 25 26 3 13 26 25 3 3 3 9 9 4 4 3 4 14 14 14 14 14 14 14 4 9 9 31 4 9 4 3 15 1 4 9 9 2 15 10 10 9 14 11 
1 2 3 4 5 5 5 5 5 5 5 5 5 5 5 5 5 5 5 5 5 5 5 5 5 5 5 5 5 5 5 5 5 5 5 5 5 5 5 5 5 5 5 5 5 5 5 5 5 5 5 5 5 5 5 5 5 5 5 5 5 5 5 5 5 5 5 5 5 5 5 5 5 5 5 5 5 5 5 5 5 5 5 5 5 5 5 5 5 5 5 5 5 5 5 5 5 5 5 5 5 5 5 5 5 5 5 5 5 5 5 5 5 5 5 5 5 5 