1 0 0 0 0 

0.8 0.2 0 0 0 
0 0.8 0.2 0 0 
0 0 0.8 0.2 0 
0 0 0 0.8 0.2 
0 0 0 0 1 


0.00879609 1e-010 0.136276 0.0283419 1e-010 1e-010 1e-010 1e-010 0.0056295 0.422963 1e-010 5.73975e-009 0.0250756 0.221683 0.08192 1e-010 1.06924e-005 0.000104987 0.00365792 1e-010 3.10882e-006 9.93851e-009 1e-010 1e-010 1e-010 1.72933e-007 1.96159e-007 1e-010 8.43132e-008 6.80095e-007 0.065536 1e-010 
0.0307863 -1.2e-009 0.172103 0.0931788 1e-010 1e-010 1e-010 1e-010 0.022518 0.349541 1e-010 1.21521e-007 0.0742589 0.0663851 0.08192 1e-010 0.000137375 0.00109179 0.0260972 1e-010 4.4119e-005 1.94905e-007 1e-010 1e-010 1e-010 2.85512e-006 3.04047e-006 1e-010 1.48967e-006 1.08212e-005 0.0819202 1e-010 
0.0500278 1e-010 0.161999 0.144747 1e-010 1e-010 1e-010 1e-010 0.0422213 0.217102 1e-010 1.27214e-006 0.116664 0.0973377 0.03072 1e-010 0.000867046 0.00558272 0.0913134 1e-010 0.000307965 1.88687e-006 1e-010 1e-010 1e-010 2.32721e-005 2.31836e-005 1e-010 1.30039e-005 8.48772e-005 0.0409621 1e-010 
0.0500278 1e-010 0.159896 0.142317 1e-010 1e-010 1e-010 1e-010 0.0492585 0.118712 1e-010 8.77947e-006 0.138313 0.0921505 0.00512 1e-010 0.00358378 0.0187188 0.209465 1e-010 0.00140967 1.2021e-005 1e-010 1e-010 1e-010 0.000124868 0.000115918 1e-010 7.47745e-005 0.000437513 0.0102542 1e-010 
0.00257957 1e-010 0.0243473 0.0851032 -1.2e-009 1e-010 1e-010 1e-010 0.0205287 0.0722941 1e-010 0.128205 0.0190465 0.0565147 1.36752e-005 1e-010 0.0510855 0.0672864 0.131174 1e-010 0.0512066 0.0170934 1e-010 1e-010 1e-010 0.0256346 0.00854093 1e-010 0.0341842 0.0512592 0.153903 1e-010 


3.11475e-211

14 10 10 3 15 31 10 10 10 3 13 14 4 4 1 10 9 14 4 3 3 3 13 13 13 19 19 19 19 19 19 19 19 19 19 19 19 19 18 19 19 18 19 18 19 18 18 18 18 17 18 17 17 17 17 21 21 21 21 17 21 30 27 30 26 30 30 30 29 21 30 26 26 3 29 29 29 14 22 22 31 31 31 12 12 12 12 31 10 10 12 4 31 31 31 10 9 9 4 31 31 4 31 10 10 4 12 10 12 4 4 31 31 14 4 4 12 10 31 14 4 31 31 31 12 12 12 12 12 12 31 12 14 14 10 14 31 31 
1 2 3 4 5 5 5 5 5 5 5 5 5 5 5 5 5 5 5 5 5 5 5 5 5 5 5 5 5 5 5 5 5 5 5 5 5 5 5 5 5 5 5 5 5 5 5 5 5 5 5 5 5 5 5 5 5 5 5 5 5 5 5 5 5 5 5 5 5 5 5 5 5 5 5 5 5 5 5 5 5 5 5 5 5 5 5 5 5 5 5 5 5 5 5 5 5 5 5 5 5 5 5 5 5 5 5 5 5 5 5 5 5 5 5 5 5 5 5 5 5 5 5 5 5 5 5 5 5 5 5 5 5 5 5 5 5 5 