1 0 0 0 0 

0.8 0.2 0 0 0 
0 0.8 0.2 0 0 
0 0 0.8 0.2 0 
0 0 0 0.8 0.2 
0 0 0 0 1 


0.0298462 0.0197912 0.128 0.0045037 1e-010 1e-010 1e-010 1e-010 0.274327 2.36609e-007 3.25926e-011 1.72768e-006 0.14269 0.391618 4.07407e-011 0.000109088 1e-010 1e-010 1e-010 1e-010 1e-010 1e-010 0.000132037 0.000113286 0.00130046 0.00756591 1e-010 1e-010 1e-010 1e-010 5.19338e-007 1e-010 
0.0961509 0.0665205 0.064 0.0191421 1e-010 1e-010 1e-010 1e-010 0.123353 3.96174e-006 8.22963e-010 2.56173e-005 0.266129 0.307061 1.01852e-009 0.00115439 1e-010 1e-010 1e-010 1e-010 1e-010 1e-010 0.00118697 0.00104766 0.00961137 0.0446061 1e-010 1e-010 1e-010 1e-010 8.17319e-006 1e-010 
0.147457 0.103629 0.00800014 0.0382962 1e-010 1e-010 1e-010 1e-010 0.133599 3.2749e-005 1.0287e-008 0.000187234 0.224998 0.165334 1.26042e-008 0.00604985 1e-010 1e-010 1e-010 1e-010 1e-010 1e-010 0.00523952 0.00475079 0.0343925 0.12797 1e-010 1e-010 1e-010 1e-010 6.35527e-005 1e-010 
0.143578 0.0991622 1.01652e-006 0.047939 1e-010 1e-010 1e-010 1e-010 0.140892 0.000178234 8.4868e-008 0.000899553 0.114819 0.083326 1.02934e-007 0.0209679 1e-010 1e-010 1e-010 1e-010 1e-010 1e-010 0.0151586 0.0140925 0.07937 0.23929 1e-010 1e-010 1e-010 1e-010 0.000325775 1e-010 
0.0101649 0.00616095 0.011111 0.0827844 -1.4e-009 1e-010 1e-010 1e-010 0.0737682 0.12221 0.0111111 0.0999381 0.00285355 0.0584812 0.0111111 0.187318 1e-010 1e-010 1e-010 1e-010 1e-010 1e-010 0.0321268 0.032222 0.0486292 0.0989204 1e-010 1e-010 1e-010 1e-010 0.111089 1e-010 


1.35666e-170

9 14 3 14 14 9 13 13 14 13 13 1 14 2 2 1 1 4 9 9 9 26 26 26 26 26 26 26 25 25 25 25 25 26 23 24 26 26 16 26 16 24 23 23 24 16 16 16 16 16 16 16 16 16 16 16 16 12 12 16 12 31 31 12 12 10 10 4 12 31 10 31 4 10 4 16 16 12 10 4 31 12 31 31 31 31 9 9 3 4 14 31 10 10 4 4 14 14 10 14 15 11 12 10 10 9 9 10 14 9 12 
1 2 3 4 5 5 5 5 5 5 5 5 5 5 5 5 5 5 5 5 5 5 5 5 5 5 5 5 5 5 5 5 5 5 5 5 5 5 5 5 5 5 5 5 5 5 5 5 5 5 5 5 5 5 5 5 5 5 5 5 5 5 5 5 5 5 5 5 5 5 5 5 5 5 5 5 5 5 5 5 5 5 5 5 5 5 5 5 5 5 5 5 5 5 5 5 5 5 5 5 5 5 5 5 5 5 5 5 5 5 5 