1 0 0 0 0 

0.913955 0.0860453 0 0 0 
0 0.814071 0.185929 0 0 
0 0 0.833328 0.166672 0 
0 0 0 0.937541 0.062459 
0 0 0 0 1 


-2.7e-009 1e-010 0.397689 1e-010 1e-010 1e-010 1e-010 1e-010 1e-010 3.78114e-179 1e-010 1e-010 0.602311 9.58925e-014 1e-010 1e-010 1e-010 1e-010 1e-010 1e-010 1e-010 1e-010 1e-010 1e-010 1e-010 1e-010 1e-010 1e-010 1e-010 1e-010 1e-010 1e-010 
1e-010 -2.2e-009 0.814025 1e-010 1e-010 1e-010 1e-010 1e-010 1e-010 3.44584e-005 1e-010 2.20163e-110 1.17127e-005 0.185929 1e-010 7.697e-152 1e-010 1e-010 1e-010 1.93939e-225 1e-010 1e-010 2.23021e-167 1e-010 1e-010 1e-010 1e-010 1e-010 1e-010 1e-010 6.23135e-053 1e-010 
1e-010 1e-010 2.49483e-007 1e-010 1e-010 1e-010 1e-010 1e-010 1e-010 0.166641 1e-010 0.500014 8.48986e-113 2.08822e-091 1e-010 2.19634e-014 1e-010 1e-010 9.97459e-174 9.15606e-095 1e-010 1e-010 6.86366e-037 1e-010 1e-010 1e-010 1e-010 1e-010 1e-010 1e-010 0.333344 1e-010 
1e-010 1e-010 1e-010 -2.3e-009 1e-010 1e-010 1e-010 1e-010 1e-010 4.55568e-122 1e-010 8.75853e-007 1e-010 1e-010 1e-010 0.124918 1e-010 3.60753e-107 0.000654568 0.499672 1e-010 1e-010 0.374754 1e-010 1e-010 1e-010 1e-010 1e-010 1e-010 1e-010 8.77267e-062 1e-010 
0.0149277 0.0298554 0.149277 0.0895662 -1.5e-009 1e-010 1e-010 1e-010 0.0597108 0.0298554 1e-010 0.0149277 0.0746385 0.0746385 0.0298554 1e-010 1e-010 0.0895662 0.0446267 3.67673e-019 0.0149277 1e-010 1e-010 1e-010 0.268699 0.0149277 1e-010 1e-010 1e-010 1e-010 1e-010 1e-010 


8.55831e-089

3 13 13 13 3 3 13 13 13 3 13 3 3 14 3 3 3 10 31 31 12 12 12 16 16 23 23 23 23 23 23 20 20 20 20 20 20 20 20 19 19 19 18 18 18 18 18 18 25 25 25 25 25 25 25 25 25 21 26 25 25 15 25 25 25 25 25 3 3 2 2 25 25 3 9 14 3 3 13 14 4 3 13 13 13 3 3 3 13 9 9 1 3 4 14 4 14 15 14 10 4 4 4 12 10 9 14 
1 1 1 1 1 1 1 1 1 1 1 2 2 2 2 2 2 3 3 3 3 3 3 4 4 4 4 4 4 4 4 4 4 4 4 4 4 4 4 5 5 5 5 5 5 5 5 5 5 5 5 5 5 5 5 5 5 5 5 5 5 5 5 5 5 5 5 5 5 5 5 5 5 5 5 5 5 5 5 5 5 5 5 5 5 5 5 5 5 5 5 5 5 5 5 5 5 5 5 5 5 5 5 5 5 5 5 