1 0 0 0 0 

0.8 0.2 0 0 0 
0 0.8 0.2 0 0 
0 0 0.8 0.2 0 
0 0 0 0.8 0.2 
0 0 0 0 1 


0.254581 0.0257355 0.166709 8.20577e-009 1e-010 1e-010 1e-010 1e-010 1.50012e-011 1.73873e-008 1e-010 1.33392e-009 0.336723 6.90062e-008 1.3989e-008 0.000309485 0.0386547 1e-010 1e-010 1e-010 4.37101e-010 1e-010 0.000480351 0.000597217 0.176051 0.000158456 1e-010 1e-010 1e-010 1e-010 1e-010 1e-010 
0.267502 0.109998 0.166105 1.63954e-007 1e-010 1e-010 1e-010 1e-010 3.9892e-010 3.19679e-007 1e-010 2.91611e-008 0.249941 1.2113e-006 2.74415e-007 0.00224377 0.100932 1e-010 1e-010 1e-010 1.01019e-008 1e-010 0.00373532 0.00548935 0.0927842 0.00126765 1e-010 1e-010 1e-010 1e-010 1e-010 1e-010 
0.164219 0.225536 0.141752 1.61932e-006 1e-010 1e-010 1e-010 1e-010 5.26139e-009 2.90418e-006 1e-010 3.15112e-007 0.212973 1.05005e-005 2.66148e-006 0.00785318 0.119454 1e-010 1e-010 1e-010 1.15473e-007 1e-010 0.0141526 0.0248792 0.0842515 0.00491215 1e-010 1e-010 1e-010 1e-010 1e-010 1e-010 
0.144986 0.296851 0.126298 1.05407e-005 1e-010 1e-010 1e-010 1e-010 4.58924e-008 1.73884e-005 1e-010 2.24386e-006 0.118838 5.99625e-005 1.70185e-005 0.0176697 0.0845572 1e-010 1e-010 1e-010 8.70379e-007 1e-010 0.0348979 0.0743245 0.0891888 0.0122804 1e-010 1e-010 1e-010 1e-010 1e-010 1e-010 
0.0390609 0.0460436 0.104804 0.0403221 -1.3e-009 1e-010 1e-010 1e-010 0.0241935 0.0725798 1e-010 0.0161289 0.11619 0.1129 0.0967734 0.00693242 0.0022743 1e-010 1e-010 1e-010 0.016129 1e-010 0.0301102 0.189303 0.070876 0.0153783 1e-010 1e-010 1e-010 1e-010 1e-010 2.22045e-016 


9.06511e-222

13 25 3 1 1 1 13 13 13 3 17 17 25 3 13 2 2 2 2 2 25 1 2 1 1 1 2 3 3 16 23 23 26 24 24 24 24 24 24 23 24 24 24 24 24 24 24 24 24 24 24 24 24 23 24 24 24 24 24 25 25 25 25 25 25 25 2 13 13 14 13 14 3 10 2 25 13 15 15 4 4 3 3 13 3 15 14 12 12 10 15 14 21 21 4 14 4 14 14 13 14 10 10 15 26 9 3 3 15 13 13 13 3 14 10 10 10 9 9 13 13 3 15 15 3 15 3 14 4 15 1 1 3 10 15 13 13 15 10 14 13 14 14 14 9 
1 2 3 4 5 5 5 5 5 5 5 5 5 5 5 5 5 5 5 5 5 5 5 5 5 5 5 5 5 5 5 5 5 5 5 5 5 5 5 5 5 5 5 5 5 5 5 5 5 5 5 5 5 5 5 5 5 5 5 5 5 5 5 5 5 5 5 5 5 5 5 5 5 5 5 5 5 5 5 5 5 5 5 5 5 5 5 5 5 5 5 5 5 5 5 5 5 5 5 5 5 5 5 5 5 5 5 5 5 5 5 5 5 5 5 5 5 5 5 5 5 5 5 5 5 5 5 5 5 5 5 5 5 5 5 5 5 5 5 5 5 5 5 5 5 