1 0 0 0 0 

0.8 0.2 0 0 0 
0 0.8 0.2 0 0 
0 0 0.8 0.2 0 
0 0 0 0.8 0.2 
0 0 0 0 1 


0.16 1e-010 0.0529279 0.00184468 1e-010 1e-010 1e-010 1e-010 0.21718 0.00230585 1e-010 0.00265633 0.436031 0.122332 1.1039e-008 0.00392986 1e-010 7.21877e-006 1.31664e-005 8.40375e-005 3.29101e-008 1.24331e-010 0.000686166 1e-010 1.76455e-006 4.51565e-008 1e-010 1e-010 1e-010 1e-010 1e-010 1e-010 
0.04 -1.3e-009 0.130859 0.00968455 1e-010 1e-010 1e-010 1e-010 0.0472449 0.0115293 1e-010 0.014905 0.477087 0.235635 2.08243e-007 0.0263935 1e-010 9.77104e-005 0.000162028 0.000906396 5.75927e-007 2.95286e-009 0.00546676 1e-010 2.73762e-005 8.3112e-007 1e-010 1e-010 1e-010 1e-010 1e-010 1e-010 
1e-010 1e-010 0.157642 0.0242115 1e-010 1e-010 1e-010 1e-010 0.0590581 0.0273826 1e-010 0.0399741 0.347367 0.229858 1.94121e-006 0.0863378 1e-010 0.000649871 0.000977219 0.00478403 4.96737e-006 3.46961e-008 0.0215335 1e-010 0.000209417 7.55536e-006 1e-010 1e-010 1e-010 1e-010 1e-010 1e-010 
1e-010 1e-010 0.125904 0.0383357 1e-010 1e-010 1e-010 1e-010 0.0443071 0.0410775 1e-010 0.0681794 0.249233 0.169171 1.19261e-005 0.183536 1e-010 0.00283104 0.00384978 0.0164692 2.81484e-005 2.68895e-007 0.0559681 1e-010 0.0010531 4.52291e-005 1e-010 1e-010 1e-010 1e-010 1e-010 1e-010 
1e-010 1e-010 0.056469 0.0138103 -1.4e-009 1e-010 1e-010 1e-010 0.187806 0.0558349 1e-010 0.0455206 0.0377238 0.137415 0.0338977 0.0720255 1e-010 0.0591701 0.0336863 0.0583795 0.00847315 0.00847456 0.0557774 1e-010 0.10164 0.033896 1e-010 1e-010 1e-010 1e-010 1e-010 1e-010 


9.73359e-213

9 1 13 13 13 13 14 14 3 13 14 9 3 13 13 13 3 13 14 14 10 4 12 12 16 16 16 16 23 16 16 16 16 16 16 23 23 23 23 23 23 20 20 20 20 20 20 20 19 19 19 19 18 18 18 18 18 18 18 25 25 25 25 25 25 25 25 25 25 25 21 3 26 26 25 15 3 9 3 26 10 26 14 14 9 9 9 9 4 14 14 3 3 9 15 22 15 14 12 14 10 9 9 9 14 14 10 12 9 9 12 3 13 14 9 9 10 14 9 9 12 9 9 14 9 9 15 10 9 14 13 14 9 10 14 13 14 9 1 
1 2 3 4 5 5 5 5 5 5 5 5 5 5 5 5 5 5 5 5 5 5 5 5 5 5 5 5 5 5 5 5 5 5 5 5 5 5 5 5 5 5 5 5 5 5 5 5 5 5 5 5 5 5 5 5 5 5 5 5 5 5 5 5 5 5 5 5 5 5 5 5 5 5 5 5 5 5 5 5 5 5 5 5 5 5 5 5 5 5 5 5 5 5 5 5 5 5 5 5 5 5 5 5 5 5 5 5 5 5 5 5 5 5 5 5 5 5 5 5 5 5 5 5 5 5 5 5 5 5 5 5 5 5 5 5 5 5 5 