1 0 0 0 0 

0.8 0.2 0 0 0 
0 0.8 0.2 0 0 
0 0 0.8 0.2 0 
0 0 0 0.8 0.2 
0 0 0 0 1 


-1.12026e-009 1e-010 0.28212 0.0268435 1e-010 1e-010 1e-010 1e-010 0.207037 0.0754975 1e-010 1e-010 0.165629 0.11125 0.104245 1e-010 9.17399e-013 1e-010 1e-010 1e-010 1.15792e-009 3.17165e-009 1e-010 1e-010 0.00348511 3.25665e-009 0.00193338 1e-010 3.63316e-009 0.000484357 0.0214748 1.0222e-007 
6.60507e-009 -1.3e-009 0.261177 0.060398 1e-010 1e-010 1e-010 1e-010 0.0263883 0.140509 1e-010 1e-010 0.062518 0.268993 0.0864845 1e-010 2.68335e-011 1e-010 1e-010 1e-010 2.46058e-008 6.9732e-008 1e-010 1e-010 0.0211066 6.79374e-008 0.0154596 1e-010 7.3061e-008 0.00327661 0.0536871 1.87306e-006 
7.71531e-008 1e-010 0.159172 0.060398 1e-010 1e-010 1e-010 1e-010 0.0461795 0.113771 1e-010 1e-010 0.0422212 0.341264 0.0434114 1e-010 3.89092e-010 1e-010 1e-010 1e-010 2.58361e-007 7.58277e-007 1e-010 1e-010 0.0614055 7.00158e-007 0.0610535 1e-010 7.26252e-007 0.0107067 0.060398 1.69459e-005 
5.94398e-007 1e-010 0.135583 0.0352323 1e-010 1e-010 1e-010 1e-010 0.0500278 0.0522985 1e-010 1e-010 0.0492581 0.300871 0.0399346 1e-010 3.7288e-009 1e-010 1e-010 1e-010 1.787e-006 5.4371e-006 1e-010 1e-010 0.114248 4.75234e-006 0.159553 1e-010 4.75843e-006 0.0226099 0.0402653 0.000100921 
0.0186916 1e-010 0.0169135 0.0568751 -1.3e-009 1e-010 1e-010 1e-010 0.0874004 0.0849497 1e-010 1e-010 0.0131015 0.055029 0.0245759 1e-010 0.00934579 1e-010 1e-010 1e-010 0.0093457 0.0560745 1e-010 1e-010 0.0280259 0.0186913 0.325327 1e-010 0.0186913 0.101071 0.00112966 0.0747608 


3.50689e-196

9 13 3 15 3 3 14 10 10 4 31 14 14 14 14 9 13 14 14 3 3 15 3 25 25 25 25 30 27 27 27 27 27 27 27 27 27 27 27 27 27 27 27 27 27 27 27 27 27 27 27 27 27 27 27 27 27 27 27 27 30 27 27 30 27 30 30 27 30 30 30 32 32 32 32 32 32 30 30 30 29 32 32 26 26 21 22 22 22 22 14 14 22 22 1 1 29 10 10 10 10 10 4 10 10 4 4 9 4 10 10 14 13 4 4 9 9 17 9 9 14 9 9 9 15 15 9 3 
1 2 3 4 5 5 5 5 5 5 5 5 5 5 5 5 5 5 5 5 5 5 5 5 5 5 5 5 5 5 5 5 5 5 5 5 5 5 5 5 5 5 5 5 5 5 5 5 5 5 5 5 5 5 5 5 5 5 5 5 5 5 5 5 5 5 5 5 5 5 5 5 5 5 5 5 5 5 5 5 5 5 5 5 5 5 5 5 5 5 5 5 5 5 5 5 5 5 5 5 5 5 5 5 5 5 5 5 5 5 5 5 5 5 5 5 5 5 5 5 5 5 5 5 5 5 5 5 