1 0 0 0 0 

0.911548 0.0884519 0 0 0 
0 0.786981 0.213019 0 0 
0 0 0.467605 0.532395 0 
0 0 0 0.972219 0.027781 
0 0 0 0 1 


0.0884518 1e-010 0.203933 1e-010 1e-010 1e-010 1e-010 1e-010 0.176904 1e-010 1e-010 1e-010 0.530711 1e-010 1e-010 1e-010 1e-010 1e-010 1e-010 1e-010 1e-010 1e-010 1e-010 1e-010 2.26192e-078 1e-010 2.98886e-118 1.2139e-078 1e-010 2.26192e-078 1e-010 1e-010 
3.47643e-079 1e-010 1 1e-010 1e-010 1e-010 1e-010 1e-010 1.99943e-009 1e-010 1e-010 1e-010 4.40301e-070 1e-010 1e-010 1e-010 1e-010 1e-010 1e-010 1e-010 1e-010 1e-010 1e-010 1e-010 9.83849e-032 1e-010 5.44739e-078 2.52394e-078 1e-010 4.26485e-221 1e-010 1e-010 
1e-010 1e-010 1.07849e-037 1e-010 1e-010 1e-010 1e-010 1e-010 1e-010 1e-010 1e-010 1e-010 1e-010 1e-010 1e-010 1e-010 1e-010 1e-010 1e-010 1e-010 1e-010 1e-010 1e-010 1e-010 0.532395 1e-010 1.29977e-144 2.4094e-036 1e-010 0.467605 1e-010 -2.6e-009 
1e-010 1e-010 1e-010 -2.1e-009 1e-010 1e-010 1e-010 1e-010 1e-010 1e-010 1e-010 1e-010 1e-010 1.34893e-197 1e-010 1e-010 1e-010 1e-010 1e-010 1e-010 0.0277808 1e-010 1e-010 1e-010 1.19348e-234 3.63453e-188 0.388933 0.552124 3.90553e-134 0.0311618 3.8493e-215 1.08614e-012 
1e-010 1e-010 0.153475 1e-010 -1.6e-009 1e-010 1e-010 1e-010 0.0575531 1e-010 1e-010 1e-010 0.0191844 0.0575531 0.0191844 1e-010 0.0191844 1e-010 1e-010 1e-010 0.0959219 1e-010 1e-010 1e-010 0.0191844 0.0575531 1.14806e-058 0.0599665 0.115106 0.0383687 0.0575531 0.230212 


5.77433e-080

13 3 9 13 13 13 13 1 3 13 9 3 3 3 3 3 25 30 28 27 28 27 27 27 27 27 27 27 30 28 27 27 27 27 27 28 27 28 28 28 28 28 28 28 28 28 28 21 28 28 28 28 28 28 32 32 32 32 32 32 28 30 30 32 21 32 28 28 32 32 32 32 21 29 29 29 29 29 29 26 21 14 26 31 31 3 14 21 21 26 25 3 15 3 3 17 3 13 14 31 3 9 9 9 3 3 3 
1 1 1 1 1 1 1 1 1 1 1 2 2 2 2 2 3 3 4 4 4 4 4 4 4 4 4 4 4 4 4 4 4 4 4 4 4 4 4 4 4 4 4 4 4 4 4 4 4 4 4 4 4 4 5 5 5 5 5 5 5 5 5 5 5 5 5 5 5 5 5 5 5 5 5 5 5 5 5 5 5 5 5 5 5 5 5 5 5 5 5 5 5 5 5 5 5 5 5 5 5 5 5 5 5 5 5 