1 0 0 0 0 

0.8 0.2 0 0 0 
0 0.8 0.2 0 0 
0 0 0.8 0.2 0 
0 0 0 0.8 0.2 
0 0 0 0 1 


-1.1e-009 0.128 0.2624 1.22314e-008 1e-010 1e-010 1.80781e-007 4.41712e-009 1.66874e-011 1.41694e-008 1e-010 2.03777e-008 0.28192 1.27159e-008 3.81813e-008 1.25542e-007 1e-010 1e-010 1e-010 1e-010 0.0990904 0.0419597 0.0524288 1e-010 1e-010 1e-010 0.133822 0.000369377 2.63281e-008 2.44052e-006 1e-010 6.73986e-006 
1e-010 0.064 0.1168 2.32595e-007 1e-010 1e-010 2.95777e-006 8.72381e-008 4.33872e-010 2.72121e-007 1e-010 3.90529e-007 0.08192 2.52725e-007 6.92886e-007 2.00867e-006 1e-010 1e-010 1e-010 1e-010 0.149029 0.0735931 0.0786432 1e-010 1e-010 1e-010 0.432372 0.00351349 4.67323e-007 3.15875e-005 1e-010 9.07663e-005 
1e-010 0.00800004 0.0192004 2.1857e-006 1e-010 1e-010 2.38279e-005 8.50571e-007 5.58611e-009 2.57986e-006 1e-010 3.70227e-006 0.0307203 2.48509e-006 6.20426e-006 1.58183e-005 1e-010 1e-010 1e-010 1e-010 0.0996803 0.0561524 0.049152 1e-010 1e-010 1e-010 0.719849 0.0163828 4.08908e-006 0.000201129 1e-010 0.000600394 
1e-010 3.34595e-007 0.00160317 1.35329e-005 1e-010 1e-010 0.000125994 5.45783e-006 4.74819e-008 1.60973e-005 1e-010 2.31491e-005 0.00512232 1.61216e-005 3.6549e-005 8.17279e-005 1e-010 1e-010 1e-010 1e-010 0.0396001 0.0270899 0.016384 1e-010 1e-010 1e-010 0.856452 0.049965 2.35122e-005 0.000840432 1e-010 0.00260015 
1e-010 0.0232558 0.0465114 0.0232549 -1.1e-009 1e-010 0.0232469 0.0116275 0.0116279 0.0348826 1e-010 0.04651 0.0814138 0.0697663 0.0465091 0.0116221 1e-010 1e-010 1e-010 1e-010 0.000732577 0.104721 0.000197209 1e-010 1e-010 1e-010 0.201018 0.158708 0.0116263 0.0231933 1e-010 0.0695757 


1.42257e-164

13 3 2 3 13 21 23 22 21 27 27 27 27 27 27 27 27 27 27 27 27 27 27 27 27 27 27 27 27 27 27 27 27 27 27 28 28 28 28 28 28 28 28 28 28 22 22 27 27 28 28 30 32 32 32 32 32 32 28 28 22 22 22 30 16 7 7 22 22 22 22 29 15 15 12 4 10 14 10 8 14 12 12 12 4 14 14 3 3 3 13 13 15 13 14 13 13 2 2 13 14 3 15 10 9 13 13 
1 2 3 4 5 5 5 5 5 5 5 5 5 5 5 5 5 5 5 5 5 5 5 5 5 5 5 5 5 5 5 5 5 5 5 5 5 5 5 5 5 5 5 5 5 5 5 5 5 5 5 5 5 5 5 5 5 5 5 5 5 5 5 5 5 5 5 5 5 5 5 5 5 5 5 5 5 5 5 5 5 5 5 5 5 5 5 5 5 5 5 5 5 5 5 5 5 5 5 5 5 5 5 5 5 5 5 