1 0 0 0 0 

0.8 0.2 0 0 0 
0 0.8 0.2 0 0 
0 0 0.8 0.2 0 
0 0 0 0.8 0.2 
0 0 0 0 1 


1.4602e-006 4.11047e-006 8.46152e-015 3.65598e-012 1e-010 1e-010 1e-010 1e-010 3.40526e-014 1.07287e-011 1e-010 6.20805e-011 0.105744 0.00810648 0.0782024 0.00288231 6.97689e-005 0.000248197 1e-010 1e-010 2.39456e-007 0.0631499 0.226747 1e-010 0.514844 3.78788e-007 1e-010 1e-010 1e-010 1e-010 6.67319e-009 1e-010 
1.93649e-005 5.2864e-005 2.91922e-013 1.02201e-010 1e-010 1e-010 1e-010 1e-010 1.1295e-012 2.84669e-010 1e-010 1.60552e-009 0.275793 0.0353533 0.130826 0.013691 0.000652717 0.00250405 1e-010 1e-010 3.8901e-006 0.141309 0.235384 1e-010 0.164403 6.5779e-006 1e-010 1e-010 1e-010 1e-010 1.40123e-007 1e-010 
0.000125872 0.000333377 -1.295e-009 1.41745e-009 1e-010 1e-010 1e-010 1e-010 1.86002e-011 3.74233e-009 1e-010 2.05759e-008 0.338497 0.0727331 0.129361 0.0308051 0.0030311 0.0124007 1e-010 1e-010 3.11503e-005 0.228605 0.115579 1e-010 0.0684403 5.64531e-005 1e-010 1e-010 1e-010 1e-010 1.45558e-006 1e-010 
0.000534955 0.0013739 5.66573e-011 1.17066e-008 1e-010 1e-010 1e-010 1e-010 2.02756e-010 3.25015e-008 1e-010 1.74234e-007 0.260324 0.0937875 0.109527 0.0436436 0.00940244 0.0402042 1e-010 1e-010 0.000163927 0.353505 0.0517583 1e-010 0.0354454 0.000319297 1e-010 1e-010 1e-010 1e-010 9.97443e-006 1e-010 
0.00772552 0.0154355 0.00775194 0.0465116 -1.1e-009 1e-010 1e-010 1e-010 0.0155039 0.0387597 1e-010 0.0697674 0.0162652 0.022869 0.0369025 0.0972472 0.0692575 0.106382 1e-010 1e-010 0.0232481 0.109048 0.00660977 1e-010 0.0161576 0.13952 1e-010 1e-010 1e-010 1e-010 0.155038 2.22045e-016 


2.70161e-229

25 25 25 23 23 15 22 23 13 25 13 13 13 13 13 15 15 14 14 16 22 22 22 22 22 22 22 23 22 22 22 22 22 22 22 22 17 18 18 18 18 18 18 18 18 18 18 18 18 18 18 2 2 1 17 17 17 17 17 17 17 17 25 25 21 21 26 26 26 26 26 26 26 26 21 26 26 26 26 26 26 26 31 31 31 26 16 16 31 31 26 26 16 15 15 15 22 16 31 16 16 22 12 12 16 12 10 31 16 31 16 4 31 31 31 31 12 31 16 16 12 31 31 14 16 12 31 31 31 4 4 4 9 10 12 15 10 13 3 14 10 10 12 12 31 9 4 4 31 10 
1 2 3 4 5 5 5 5 5 5 5 5 5 5 5 5 5 5 5 5 5 5 5 5 5 5 5 5 5 5 5 5 5 5 5 5 5 5 5 5 5 5 5 5 5 5 5 5 5 5 5 5 5 5 5 5 5 5 5 5 5 5 5 5 5 5 5 5 5 5 5 5 5 5 5 5 5 5 5 5 5 5 5 5 5 5 5 5 5 5 5 5 5 5 5 5 5 5 5 5 5 5 5 5 5 5 5 5 5 5 5 5 5 5 5 5 5 5 5 5 5 5 5 5 5 5 5 5 5 5 5 5 5 5 5 5 5 5 5 5 5 5 5 5 5 5 5 5 5 5 