1 0 0 0 0 

0.8 0.2 0 0 0 
0 0.8 0.2 0 0 
0 0 0.8 0.2 0 
0 0 0 0.8 0.2 
0 0 0 0 1 


0.0109951 2.79968e-012 0.16 9.4204e-007 1e-010 1e-010 1e-010 1e-010 0.0056295 2.07208e-009 5.98631e-007 1.99153e-006 0.276889 0.00810648 0.508137 0.000649453 1e-010 1e-010 1e-010 1e-010 0.015833 1e-010 7.91901e-005 0.000122668 1e-010 0.0135555 1e-010 1e-010 5.46376e-010 1e-010 3.71122e-007 1e-010 
0.0357341 -1.32161e-009 0.04 1.29935e-005 1e-010 1e-010 1e-010 1e-010 0.022518 4.45958e-008 8.53049e-006 3.03217e-005 0.31304 0.0353533 0.413325 0.00497405 1e-010 1e-010 1e-010 1e-010 0.0571746 1e-010 0.000747643 0.0011045 1e-010 0.0759711 1e-010 1e-010 1.24908e-008 1e-010 6.1652e-006 1e-010 
0.0536014 1.08768e-009 3.83405e-007 8.81079e-005 1e-010 1e-010 1e-010 1e-010 0.0422212 4.75221e-007 5.97134e-005 0.000227827 0.213861 0.0727336 0.284562 0.019293 1e-010 1e-010 1e-010 1e-010 0.0962073 1e-010 0.00347126 0.0048421 1e-010 0.20878 1e-010 1e-010 1.41219e-007 1e-010 5.05351e-005 1e-010 
0.0491363 9.97036e-009 2.59743e-006 0.000391774 1e-010 1e-010 1e-010 1e-010 0.0492581 3.34336e-006 0.000273687 0.0011268 0.11816 0.0937906 0.134859 0.0511024 1e-010 1e-010 1e-010 1e-010 0.100056 1e-010 0.0105848 0.0137721 1e-010 0.377209 1e-010 1e-010 1.05267e-006 1e-010 0.00027251 1e-010 
0.227068 0.0102041 0.0102039 0.0305871 -1.2e-009 1e-010 1e-010 1e-010 0.00410067 0.0408161 0.0101866 0.183603 0.00398215 0.0198988 0.0336285 0.149183 1e-010 1e-010 1e-010 1e-010 0.00666988 1e-010 0.0298529 0.0193959 1e-010 0.1288 1e-010 1e-010 0.0204081 1e-010 0.0714118 1.11022e-016 


1.23388e-182

15 3 13 15 15 13 13 15 15 15 15 13 13 1 21 21 9 14 14 26 26 26 26 26 26 26 26 16 26 26 26 26 26 26 26 24 23 16 24 26 16 16 16 16 16 23 16 23 16 16 16 16 16 16 16 4 15 11 12 12 12 12 12 12 31 31 12 12 31 31 31 12 12 31 12 15 12 15 4 12 12 31 14 3 10 4 12 12 12 10 12 29 29 1 1 1 10 1 1 10 1 1 1 1 1 1 1 1 1 1 1 1 2 1 1 1 1 1 1 
1 2 3 4 5 5 5 5 5 5 5 5 5 5 5 5 5 5 5 5 5 5 5 5 5 5 5 5 5 5 5 5 5 5 5 5 5 5 5 5 5 5 5 5 5 5 5 5 5 5 5 5 5 5 5 5 5 5 5 5 5 5 5 5 5 5 5 5 5 5 5 5 5 5 5 5 5 5 5 5 5 5 5 5 5 5 5 5 5 5 5 5 5 5 5 5 5 5 5 5 5 5 5 5 5 5 5 5 5 5 5 5 5 5 5 5 5 5 5 