1 0 0 0 0 

0.750032 0.249968 0 0 0 
0 0.827816 0.172184 0 0 
0 0 0.94503 0.05497 0 
0 0 0 0.916832 0.0831685 
0 0 0 0 1 


-2.6e-009 0.000128174 0.249968 1e-010 1e-010 4.20991e-075 1e-010 1e-010 1e-010 1e-010 1e-010 1e-010 0.499936 1e-010 1e-010 1e-010 1e-010 1e-010 1e-010 1e-010 1e-010 1e-010 1e-010 1e-010 0.249968 1e-010 1e-010 1e-010 1e-010 1e-010 1e-010 1e-010 
1e-010 0.344279 7.79333e-223 1.40285e-247 9.38523e-036 0.311353 0.344368 1e-010 1e-010 1e-010 1e-010 1e-010 5.69042e-011 1e-010 1e-010 1e-010 1e-010 1e-010 1e-010 1e-010 1e-010 1e-010 1e-010 1e-010 1e-010 1e-010 1e-010 1e-010 1e-010 1e-010 1e-010 1e-010 
1e-010 2.18689e-121 0.05497 0.05497 0.32982 0.56024 2.26049e-021 1e-010 1e-010 1e-010 1e-010 1e-010 1e-010 1e-010 1e-010 1e-010 7.74184e-035 1e-010 1e-010 1e-010 2.78349e-086 1e-010 1e-010 1e-010 1e-010 1e-010 1e-010 1e-010 1.87662e-025 1e-010 1e-010 3.96276e-221 
1e-010 1e-010 2.1797e-068 -2.4e-009 1.68181e-261 4.60018e-016 1e-010 1e-010 1e-010 1e-010 1e-010 1e-010 1e-010 1e-010 1e-010 1e-010 0.249505 1e-010 1e-010 1e-010 0.166337 1e-010 1e-010 1e-010 1e-010 1e-010 1e-010 1e-010 0.583113 1e-010 1e-010 0.00104496 
0.015879 1e-010 0.031758 1e-010 0.63516 1e-010 1e-010 1e-010 1e-010 0.031758 1e-010 1e-010 0.015879 0.031758 0.015879 1e-010 2.10878e-120 1e-010 1e-010 1e-010 2.50585e-018 1e-010 1e-010 1e-010 1e-010 1e-010 1e-010 1e-010 0.0633379 1e-010 1e-010 0.158591 


3.36896e-060

25 3 13 13 2 2 6 7 7 6 6 6 6 5 6 6 6 3 4 5 5 5 5 5 6 6 6 6 29 17 17 17 29 21 29 29 29 29 29 21 32 29 32 32 32 32 32 29 32 29 32 32 32 3 3 5 1 29 15 14 5 5 5 5 5 5 5 5 5 5 5 5 5 5 5 5 5 5 5 5 5 5 5 5 5 5 5 5 5 5 5 5 14 5 5 5 5 5 10 10 5 5 13 13 
1 1 1 1 2 2 2 2 2 3 3 3 3 3 3 3 3 3 3 3 3 3 3 3 3 3 3 3 4 4 4 4 4 4 4 4 4 4 4 4 5 5 5 5 5 5 5 5 5 5 5 5 5 5 5 5 5 5 5 5 5 5 5 5 5 5 5 5 5 5 5 5 5 5 5 5 5 5 5 5 5 5 5 5 5 5 5 5 5 5 5 5 5 5 5 5 5 5 5 5 5 5 5 5 