1 0 0 0 0 

0.8 0.2 0 0 0 
0 0.8 0.2 0 0 
0 0 0.8 0.2 0 
0 0 0 0.8 0.2 
0 0 0 0 1 


0.309657 0.394754 2.60741e-011 8.50647e-010 1e-010 1e-010 1e-010 1e-010 1e-010 0.00562952 1e-010 8.54127e-007 0.041943 3.33579e-010 0.225498 1e-010 1e-010 1e-010 1e-010 1e-010 1e-010 8.98564e-005 1e-010 1e-010 1e-010 1e-010 0.00393008 0.000510429 7.95081e-009 0.013292 0.00450376 0.000190953 
0.312352 0.272181 6.64889e-010 1.88978e-008 1e-010 1e-010 1e-010 1e-010 1e-010 0.0225184 1e-010 1.37096e-005 0.0734003 7.68989e-009 0.20133 1e-010 1e-010 1e-010 1e-010 1e-010 1e-010 0.000808182 1e-010 1e-010 1e-010 1e-010 0.025926 0.00432003 1.57912e-007 0.0660226 0.019143 0.00198537 
0.22616 0.187094 6.79422e-009 2.0821e-007 1e-010 1e-010 1e-010 1e-010 1e-010 0.0422246 1e-010 0.000108722 0.0550503 8.78296e-008 0.179852 1e-010 1e-010 1e-010 1e-010 1e-010 1e-010 0.00355881 1e-010 1e-010 1e-010 1e-010 0.0828261 0.0178188 1.54848e-006 0.156824 0.0383029 0.0101773 
0.167174 0.0919648 6.99518e-008 1.51591e-006 1e-010 1e-010 1e-010 1e-010 1e-010 0.0492784 1e-010 0.000568179 0.0229378 6.62769e-007 0.11979 1e-010 1e-010 1e-010 1e-010 1e-010 1e-010 0.0102456 1e-010 1e-010 1e-010 1e-010 0.170769 0.0477667 9.99421e-006 0.237163 0.0479726 0.0343574 
0.0102587 0.00300036 0.0111111 0.0666666 -1.5e-009 1e-010 1e-010 1e-010 1e-010 0.0822416 1e-010 0.199962 0.0114816 0.0333333 0.0151961 1e-010 1e-010 1e-010 1e-010 1e-010 1e-010 0.0436276 1e-010 1e-010 1e-010 1e-010 0.0731416 0.0627547 0.0222216 0.0403721 0.071671 0.25296 


1.35666e-170

2 15 1 1 2 2 1 13 2 15 15 15 2 1 1 1 10 31 30 30 30 30 30 30 27 27 27 27 27 27 27 27 28 28 28 22 28 28 32 32 32 32 32 32 32 22 28 32 32 32 32 32 32 32 32 32 32 32 32 32 32 12 12 32 12 12 31 31 12 12 12 12 12 10 31 32 22 22 12 29 29 12 12 10 12 12 31 4 31 10 15 14 12 12 12 12 10 10 13 4 31 4 3 10 14 14 4 4 4 10 4 
1 2 3 4 5 5 5 5 5 5 5 5 5 5 5 5 5 5 5 5 5 5 5 5 5 5 5 5 5 5 5 5 5 5 5 5 5 5 5 5 5 5 5 5 5 5 5 5 5 5 5 5 5 5 5 5 5 5 5 5 5 5 5 5 5 5 5 5 5 5 5 5 5 5 5 5 5 5 5 5 5 5 5 5 5 5 5 5 5 5 5 5 5 5 5 5 5 5 5 5 5 5 5 5 5 5 5 5 5 5 5 