1 0 0 0 0 

0.776191 0.223809 0 0 0 
0 0.846905 0.153095 0 0 
0 0 0.8 0.2 0 
0 0 0 0.934842 0.0651583 
0 0 0 0 1 


-2.6e-009 1e-010 1.32642e-022 1e-010 1e-010 1e-010 1e-010 1e-010 9.58189e-114 5.70404e-144 1e-010 1e-010 0.552382 0.447618 1e-010 1e-010 1e-010 1e-010 1e-010 1e-010 1e-010 1e-010 1e-010 1e-010 1e-010 1e-010 1e-010 1e-010 1e-010 1e-010 1e-010 1e-010 
1e-010 -2.2e-009 0.306189 1e-010 1e-010 1e-010 1e-010 1e-010 0.306189 0.153095 1e-010 1e-010 0.234526 1.2033e-073 1e-010 1e-010 5.06256e-068 1e-010 1e-010 1e-010 6.6854e-007 1e-010 1e-010 1e-010 1e-010 1e-010 1e-010 1e-010 7.74575e-033 1e-010 1.71537e-135 1e-010 
1e-010 0.4 -2e-009 1.03266e-108 1e-010 1e-010 1e-010 1e-010 3.91934e-191 5.36967e-206 1e-010 1e-010 2.88855e-007 1e-010 1e-010 1e-010 2.13146e-017 1e-010 1e-010 1e-010 0.199999 1e-010 1e-010 1e-010 1e-010 1.60911e-117 1e-010 1e-010 0.4 1e-010 2.37458e-126 2.22045e-016 
1e-010 1e-010 0.247043 0.0632264 1e-010 1e-010 1e-010 1e-010 0.240636 1e-010 1e-010 1e-010 1e-010 1e-010 3.04922e-057 1e-010 0.39095 1e-010 1e-010 1e-010 1e-010 1e-010 1e-010 1e-010 1e-010 0.0581081 1e-010 1e-010 1.00445e-039 1e-010 3.70916e-005 1e-010 
1e-010 1e-010 0.0641035 0.0766099 -1.8e-009 1e-010 1e-010 1e-010 0.0503696 0.0609266 1e-010 0.121853 0.045695 0.121853 0.198011 0.0304633 9.0341e-214 1e-010 1e-010 1e-010 1e-010 1e-010 1e-010 1e-010 1e-010 0.0778063 1e-010 1e-010 0.0152317 1e-010 0.137076 1e-010 


1.63307e-088

13 14 14 13 13 3 9 3 10 9 13 21 2 2 29 29 17 17 17 17 17 9 9 9 17 3 3 4 3 26 3 9 31 4 26 26 26 26 26 15 15 15 15 15 15 15 15 16 15 10 15 13 15 31 31 31 12 12 31 10 31 3 4 16 12 12 10 31 12 31 13 13 12 12 31 3 3 14 15 29 12 4 14 14 14 9 14 14 15 3 4 10 9 9 4 14 14 15 
1 1 1 1 1 2 2 2 2 2 2 3 3 3 3 3 4 4 4 4 4 4 4 4 4 4 4 4 4 4 4 4 5 5 5 5 5 5 5 5 5 5 5 5 5 5 5 5 5 5 5 5 5 5 5 5 5 5 5 5 5 5 5 5 5 5 5 5 5 5 5 5 5 5 5 5 5 5 5 5 5 5 5 5 5 5 5 5 5 5 5 5 5 5 5 5 5 5 