1 0 0 0 0 

0.74967 0.25033 0 0 0 
0 0.800213 0.199787 0 0 
0 0 0.934446 0.0655543 0 
0 0 0 0.935985 0.0640148 
0 0 0 0 1 


0.25033 0.248707 1e-010 1e-010 1e-010 1e-010 1e-010 1e-010 1e-010 0.25033 1e-010 1e-010 0.25033 1e-010 1e-010 1e-010 5.78744e-045 1e-010 1e-010 1e-010 1e-010 1e-010 1e-010 1e-010 0.000303344 1e-010 1e-010 1e-010 1e-010 1e-010 1e-010 1e-010 
2.42138e-027 0.00129568 1e-010 0.199787 1e-010 1e-010 1e-010 1e-010 1.14061e-005 1e-010 1.17321e-112 1e-010 1.02683e-189 1e-010 1e-010 1e-010 0.199787 1e-010 1e-010 1e-010 1e-010 1e-010 1e-010 1e-010 0.399332 1e-010 1e-010 1e-010 0.199787 1e-010 1e-010 1e-010 
1e-010 1e-010 -2.1e-009 8.80472e-059 1e-010 1e-010 1e-010 1e-010 0.327768 1e-010 0.45888 1e-010 0.0655543 1e-010 0.147797 1e-010 2.22045e-016 1e-010 1e-010 1e-010 1e-010 1e-010 1e-010 1.36698e-151 1.50388e-077 1.80333e-017 1e-010 1e-010 3.35793e-008 1e-010 1e-010 1e-010 
1e-010 1e-010 1e-010 -2.1e-009 1e-010 1e-010 1e-010 1e-010 4.50376e-170 1e-010 3.91618e-014 4.91036e-050 1e-010 1.4089e-248 0.431807 0.12803 1e-010 1e-010 1e-010 1e-010 1e-010 1e-010 0.192045 0.12803 1e-010 0.118437 1e-010 1e-010 1e-010 1e-010 0.00165205 1e-010 
1e-010 1e-010 0.0175058 0.105035 -1.8e-009 1e-010 1e-010 1e-010 0.192563 0.297598 1e-010 0.12254 0.0175058 0.175058 0.0175058 1.51229e-023 1e-010 1e-010 1e-010 1e-010 1e-010 1e-010 1.86398e-097 1e-010 1e-010 0.020129 1e-010 1e-010 1e-010 1e-010 0.0345598 3.33067e-016 


2.32683e-076

10 13 1 2 25 25 17 4 29 9 9 9 11 11 11 9 13 15 11 11 9 15 11 11 15 26 24 24 23 23 15 15 15 15 23 15 15 16 16 26 31 12 12 9 15 14 9 26 9 9 10 10 3 4 12 14 4 10 4 4 31 14 12 12 10 12 14 10 10 10 10 10 10 10 10 10 9 10 10 9 9 9 14 9 10 10 12 14 9 4 4 14 13 14 9 14 14 14 
1 1 1 1 2 2 2 2 2 3 3 3 3 3 3 3 3 3 3 3 3 3 3 3 4 4 4 4 4 4 4 4 4 4 4 4 4 4 4 4 5 5 5 5 5 5 5 5 5 5 5 5 5 5 5 5 5 5 5 5 5 5 5 5 5 5 5 5 5 5 5 5 5 5 5 5 5 5 5 5 5 5 5 5 5 5 5 5 5 5 5 5 5 5 5 5 5 5 