1 0 0 0 0 

0.869282 0.130718 0 0 0 
0 0.7649 0.2351 0 0 
0 0 0.522997 0.477003 0 
0 0 0 0.971429 0.0285714 
0 0 0 0 1 


1 1e-010 1e-010 1e-010 1e-010 1e-010 1e-010 1e-010 1e-010 1e-010 1e-010 1e-010 4.07344e-151 1e-010 1e-010 1e-010 1e-010 1e-010 1e-010 1e-010 1e-010 1e-010 1e-010 1e-010 1e-010 1e-010 1e-010 1e-010 1e-010 1e-010 1e-010 1e-010 
0.294701 -2.8e-009 1e-010 1e-010 1e-010 1e-010 1e-010 1e-010 1e-010 1e-010 1e-010 1e-010 0.705299 1e-010 1.06058e-011 1e-010 1e-010 1e-010 1e-010 1e-010 1e-010 1e-010 1e-010 1e-010 1e-010 1e-010 1e-010 1e-010 1e-010 1e-010 1e-010 1e-010 
0.0459936 1e-010 1e-010 1e-010 1e-010 1e-010 1e-010 1e-010 1e-010 1e-010 1e-010 1e-010 1.2887e-079 1e-010 0.954006 1e-010 -2.7e-009 1e-010 1e-010 1e-010 1e-010 1e-010 1e-010 4.87781e-225 1e-010 1e-010 1e-010 1e-010 1e-010 1e-010 1e-010 1e-010 
6.64258e-163 1e-010 1e-010 1e-010 1e-010 1e-010 1e-010 1e-010 1e-010 1e-010 1e-010 1e-010 6.51847e-224 1e-010 3.09446e-013 2.76606e-242 1e-010 1e-010 1e-010 1e-010 1e-010 1e-010 1e-010 1 1e-010 1e-010 1e-010 1e-010 1e-010 1e-010 1e-010 -2.6e-009 
0.016129 1e-010 0.0322581 0.0645161 -1.8e-009 1e-010 1e-010 1e-010 0.0967742 0.177419 1e-010 0.0645161 1e-010 0.16129 0.145161 0.112903 1e-010 1e-010 1e-010 1e-010 1e-010 1e-010 0.0806452 2.2864e-183 1e-010 0.016129 1e-010 1e-010 1e-010 1e-010 0.0322581 1e-010 


4.31472e-069

1 1 1 1 1 1 1 1 13 13 13 1 15 15 24 24 24 24 24 24 24 24 24 24 24 24 24 24 24 24 24 24 24 24 24 24 24 24 24 24 24 24 24 24 24 24 24 24 24 16 16 16 26 16 23 23 23 23 23 16 10 10 10 10 9 9 14 14 15 31 10 10 16 16 10 4 4 4 12 12 14 9 9 9 15 15 14 14 14 14 15 15 15 14 4 10 31 10 12 12 10 9 3 14 3 10 15 14 1 15 15 3 
1 1 1 1 1 1 1 1 2 2 2 2 3 3 4 4 4 4 4 4 4 4 4 4 4 4 4 4 4 4 4 4 4 4 4 4 4 4 4 4 4 4 4 4 4 4 4 4 4 5 5 5 5 5 5 5 5 5 5 5 5 5 5 5 5 5 5 5 5 5 5 5 5 5 5 5 5 5 5 5 5 5 5 5 5 5 5 5 5 5 5 5 5 5 5 5 5 5 5 5 5 5 5 5 5 5 5 5 5 5 5 5 