1 0 0 0 0 

0.923077 0.0769231 0 0 0 
0 4.52338e-159 1 0 0 
0 0 0.666667 0.333333 0 
0 0 0 0.969697 0.030303 
0 0 0 0 1 


0.846154 1e-010 1e-010 1e-010 1e-010 1e-010 1e-010 1e-010 1e-010 1e-010 1e-010 1e-010 0.153846 1e-010 2.28834e-064 1e-010 1e-010 1e-010 1e-010 1e-010 1e-010 1e-010 1e-010 1e-010 1e-010 1e-010 1e-010 1e-010 1e-010 1e-010 1e-010 1e-010 
1e-010 1e-010 -2.9e-009 1e-010 1e-010 1e-010 1e-010 1e-010 1e-010 1e-010 1e-010 1e-010 1 1e-010 2.63554e-018 1e-010 1e-010 1e-010 1e-010 1e-010 1e-010 1e-010 1e-010 1e-010 1e-010 1e-010 1e-010 1e-010 1e-010 1e-010 1e-010 1e-010 
1.35118e-089 1e-010 1e-010 1e-010 1e-010 1e-010 1e-010 1e-010 1e-010 1e-010 1e-010 1e-010 6.75591e-090 1e-010 1 1e-010 -2.7e-009 1e-010 1e-010 1e-010 1e-010 1e-010 1.42573e-017 1e-010 1e-010 1e-010 1e-010 1e-010 1e-010 1e-010 1e-010 1e-010 
5.75402e-183 1e-010 1e-010 -2.4e-009 1e-010 1e-010 1e-010 1e-010 1e-010 1e-010 1e-010 1e-010 3.88198e-152 1e-010 1.69798e-011 2.1194e-155 1e-010 1e-010 1e-010 1e-010 1e-010 1e-010 0.787879 0.212121 1e-010 1e-010 1e-010 1e-010 1e-010 1e-010 1e-010 5.55112e-016 
0.0163934 1e-010 0.0655738 0.131148 -1.8e-009 1e-010 1e-010 1e-010 0.114754 0.311475 1e-010 0.0491803 0.0327869 0.114754 0.0655738 0.0491803 1e-010 1e-010 1e-010 1e-010 1e-010 1e-010 1.46614e-052 1e-010 1e-010 1e-010 1e-010 1e-010 1e-010 1e-010 0.0491803 2.22045e-016 


6.92227e-072

13 1 1 1 1 1 1 1 1 1 13 1 1 13 15 15 15 23 23 23 23 23 23 23 23 23 23 23 23 23 23 23 23 24 24 24 24 24 24 24 23 23 23 23 23 23 23 23 23 23 15 16 16 16 31 10 1 14 10 4 15 10 10 4 12 10 10 10 10 10 10 14 13 4 4 4 15 15 10 14 3 3 4 12 12 10 9 10 10 9 9 14 14 31 9 9 10 10 10 9 9 13 14 10 4 10 31 4 14 3 3 3 
1 1 1 1 1 1 1 1 1 1 1 1 1 2 3 3 3 4 4 4 4 4 4 4 4 4 4 4 4 4 4 4 4 4 4 4 4 4 4 4 4 4 4 4 4 4 4 4 4 4 5 5 5 5 5 5 5 5 5 5 5 5 5 5 5 5 5 5 5 5 5 5 5 5 5 5 5 5 5 5 5 5 5 5 5 5 5 5 5 5 5 5 5 5 5 5 5 5 5 5 5 5 5 5 5 5 5 5 5 5 5 5 