1 0 0 0 0 

0.833333 0.166667 0 0 0 
0 0.833333 0.166667 0 0 
0 0 0.481196 0.518804 0 
0 0 0 0.963609 0.036391 
0 0 0 0 1 


-2.5e-009 3.95578e-182 1e-010 0.333333 1e-010 0.5 0.166667 1e-010 1e-010 1e-010 1e-010 1e-010 5.95479e-064 1e-010 2.55308e-135 1e-010 1e-010 1e-010 1e-010 1e-010 1e-010 1e-010 1e-010 1e-010 1e-010 1e-010 1e-010 1e-010 1e-010 1e-010 1e-010 1e-010 
0.166667 -3.36486e-009 1e-010 3.54979e-054 1e-010 0.166667 1e-010 1e-010 1e-010 1e-010 1e-010 1e-010 0.333333 1e-010 0.333333 1e-010 1.11022e-016 1e-010 1e-010 1e-010 1e-010 1e-010 1e-010 1e-010 1e-010 1e-010 1e-010 1e-010 1e-010 1e-010 1e-010 1e-010 
2.73228e-147 1 -2.3e-009 1e-010 1e-010 2.45102e-031 1.13682e-078 1e-010 1e-010 1e-010 1e-010 1e-010 3.20434e-049 1e-010 1.1907e-009 1e-010 2.2759e-012 1e-010 1e-010 1e-010 1e-010 1e-010 1e-010 1e-010 6.24673e-022 1e-010 1e-010 1e-010 1e-010 1e-010 1e-010 1e-010 
1.71924e-032 0.039029 0.072782 -2.1e-009 1e-010 7.85705e-041 1e-010 1e-010 1e-010 1e-010 1e-010 1e-010 0.0148051 1.76233e-219 1.71924e-032 1e-010 0.618647 0.072782 1e-010 1e-010 1e-010 1e-010 1e-010 1e-010 0.181955 1e-010 1e-010 1e-010 1e-010 1e-010 1e-010 1e-010 
1e-010 1e-010 0.052224 0.143616 -1.8e-009 1e-010 1e-010 1e-010 0.104448 0.13056 0.013056 0.13056 0.0208004 0.19584 0.091392 1e-010 1.17116e-144 1e-010 1e-010 1e-010 1e-010 0.039168 1e-010 1e-010 1e-010 1e-010 1e-010 1e-010 1e-010 1e-010 0.078336 2.22045e-016 


8.19579e-100

6 6 7 6 4 4 13 13 15 6 1 15 2 2 17 25 25 17 2 17 17 17 17 17 25 25 3 3 17 17 17 17 17 17 17 17 18 18 25 17 17 13 14 14 9 14 3 9 14 9 14 14 14 14 22 22 14 12 12 12 31 12 31 10 14 4 3 9 10 14 3 4 22 9 14 31 12 4 4 10 10 31 31 12 12 4 10 12 4 9 10 10 14 9 4 12 15 15 15 4 31 4 9 13 10 4 14 15 10 11 4 14 3 15 15 15 12 10 15 
1 1 1 1 1 1 2 2 2 2 2 2 3 3 4 4 4 4 4 4 4 4 4 4 4 4 4 4 4 4 4 4 4 4 4 4 4 4 4 4 4 5 5 5 5 5 5 5 5 5 5 5 5 5 5 5 5 5 5 5 5 5 5 5 5 5 5 5 5 5 5 5 5 5 5 5 5 5 5 5 5 5 5 5 5 5 5 5 5 5 5 5 5 5 5 5 5 5 5 5 5 5 5 5 5 5 5 5 5 5 5 5 5 5 5 5 5 5 5 