1 0 0 0 0 

0.843588 0.156412 0 0 0 
0 0.813005 0.186995 0 0 
0 0 0.874967 0.125033 0 
0 0 0 0.952833 0.0471668 
0 0 0 0 1 


0.293258 0.294987 1e-010 1e-010 1e-010 1e-010 1e-010 1e-010 1e-010 1e-010 1e-010 1e-010 0.360944 3.28344e-016 0.0508078 1e-010 2.93814e-006 1e-010 1e-010 1e-010 1e-010 1e-010 1e-010 1e-010 1e-010 1.48194e-025 1e-010 3.41744e-083 1e-010 2.34571e-054 1e-010 1e-010 
0.165129 0.563764 1e-010 1e-010 1e-010 1e-010 1e-010 1e-010 1e-010 1e-010 1e-010 1e-010 0.129467 1.33186e-005 0.126241 1e-010 0.0153862 1e-010 1e-010 1e-010 1e-010 1e-010 1e-010 1e-010 1e-010 1.12651e-008 1e-010 2.46148e-031 1e-010 9.89734e-019 1e-010 3.37384e-179 
0.393233 0.0124014 -2.1e-009 1e-010 1e-010 1e-010 1e-010 1e-010 1e-010 1e-010 1e-010 1e-010 1.74883e-007 0.121498 7.82474e-006 1e-010 0.364364 1e-010 1e-010 1e-010 1e-010 1e-010 1e-010 1e-010 1e-010 0.10672 1e-010 8.64736e-007 1e-010 0.00177436 1e-010 7.14225e-058 
0.0045747 7.56688e-013 1e-010 -1.7e-009 1e-010 1e-010 1e-010 1e-010 1e-010 1e-010 1e-010 6.39122e-196 5.17983e-030 0.00132992 1.41118e-024 1e-010 0.000167727 1e-010 1e-010 1e-010 1e-010 7.55271e-115 1e-010 1e-010 1e-010 0.101242 1e-010 0.798889 1.7831e-084 0.0936642 5.79041e-156 0.000132799 
1.06015e-056 5.79466e-135 1e-010 0.0123366 -1.7e-009 1e-010 1e-010 1e-010 1e-010 1e-010 1e-010 0.370098 1e-010 0.0740196 3.83977e-203 1e-010 4.54087e-067 1e-010 1e-010 1e-010 1e-010 0.061683 1e-010 1e-010 1e-010 7.13006e-037 1e-010 0.000770564 0.0123366 1.94206e-027 0.148039 0.320717 


3.59031e-104

13 1 1 2 2 13 13 15 2 2 2 1 1 17 17 1 17 14 1 26 26 26 30 30 28 28 28 28 28 28 28 28 28 28 28 28 28 28 28 28 28 32 32 32 32 32 32 32 32 32 32 32 32 32 32 32 32 32 32 32 32 32 32 29 22 32 32 31 12 31 31 12 32 32 12 12 12 31 12 12 31 31 31 31 31 31 12 12 12 12 31 12 12 12 31 22 12 12 12 14 12 12 12 12 14 14 14 4 12 12 12 22 22 12 12 22 12 12 14 12 12 14 15 
1 1 1 1 1 1 1 2 2 2 2 3 3 3 3 3 3 3 3 4 4 4 4 4 4 4 4 4 4 4 4 4 4 4 4 4 4 4 4 4 4 5 5 5 5 5 5 5 5 5 5 5 5 5 5 5 5 5 5 5 5 5 5 5 5 5 5 5 5 5 5 5 5 5 5 5 5 5 5 5 5 5 5 5 5 5 5 5 5 5 5 5 5 5 5 5 5 5 5 5 5 5 5 5 5 5 5 5 5 5 5 5 5 5 5 5 5 5 5 5 5 5 5 