0.461261 1.30321 1.49584 1.50517 0.797114 -0.0906474 0.202059 1.04604 0.440069 0.418432 0.277873 0.0901466 
0.501193 1.11805 1.20299 0.757177 0.993871 0.780422 0.0688451 1.35455 1.01061 -0.0532436 0.125137 -0.128339 
0.494916 1.23098 1.50588 0.962729 0.633052 0.320428 0.565836 0.698221 -0.123716 0.337642 0.19163 -0.137357 
0.652493 1.1097 1.19869 1.02097 1.35454 0.88908 0.8813 0.506454 0.124349 0.230044 0.0670813 0.0390246 
0.809974 0.790179 1.19033 0.893499 1.27683 0.910287 0.614084 0.460977 1.01317 0.0802258 -0.0501738 -0.0536937 
0.784436 0.771111 1.75916 0.202606 0.817228 0.533631 1.14645 -0.704688 1.35837 0.69964 0.379237 0.0310938 
0.628611 0.997343 1.43617 1.0237 0.409833 0.30247 -0.151659 0.788929 1.60201 1.00588 0.19732 0.0121484 
0.674681 1.3699 0.669141 1.36933 0.608837 0.458305 0.103021 1.0023 1.12941 1.04277 0.249941 -0.0996796 
0.781757 1.28341 0.720782 0.847957 1.5177 0.535492 0.67925 0.550903 0.895022 1.41638 0.432482 -0.0692436 
0.73577 0.878113 0.74612 0.795763 1.80363 1.17931 1.60621 0.114766 0.808439 0.758776 0.0479463 -0.0385867 
0.827471 0.960008 1.34183 1.36184 0.774939 1.24896 0.949239 0.260557 0.344088 0.196789 -0.0242889 -0.101624 
0.948624 1.43594 1.61617 0.636167 0.439987 1.09295 1.25971 -0.111175 0.67568 0.415215 0.410041 -0.0966216 
1.04066 1.89767 2.17851 1.1312 1.78073 1.54039 1.27146 1.11922 1.32318 0.269462 0.400418 0.15322 
1.60118 2.4373 2.48785 1.59605 1.96516 2.00961 1.3397 1.30758 0.644901 0.0603712 0.0227496 -0.0290585 
2.02087 2.73963 2.09341 1.01035 1.90034 2.19045 1.69452 0.737478 0.154528 0.324605 -0.155916 -0.0475737 
2.00588 2.36928 2.06064 1.03025 1.76738 1.58694 2.17086 1.2157 -0.131888 0.466284 -0.266005 -0.146683 
2.24222 1.91915 2.31177 1.02804 2.3 0.528452 2.8739 1.68329 -0.173887 0.568825 -0.291894 -0.177623 
2.22058 2.27333 2.58271 1.0872 2.04081 0.930582 0.919425 1.82193 0.749758 0.830779 0.00433767 -0.222848 
2.17805 2.25416 2.28935 0.972708 2.48294 2.02074 0.727562 1.17988 0.494673 0.999623 0.0708014 -0.210229 
2.25823 1.89597 2.33451 0.900772 2.24582 0.987318 1.33291 0.66844 1.13075 0.93853 -0.214749 -0.219395 
1.91729 2.27917 1.94388 1.31894 1.59188 1.21759 1.22621 0.939721 1.46317 0.604403 -0.274111 -0.236542 
1.79852 1.80888 2.40137 1.5919 1.66444 0.820937 1.85864 1.02503 0.673738 0.560505 -0.340855 -0.195698 
1.71808 1.37892 2.86669 2.25365 0.902424 -0.644309 2.50323 1.38117 0.817822 0.91347 -0.408543 -0.214872 
1.53225 1.46328 2.76561 2.41529 1.59044 -0.240597 3.12871 1.05655 0.56784 0.442877 -0.337472 -0.0437872 
1.36548 0.825691 4.03712 3.32244 0.982095 -0.344439 3.2798 1.84523 -0.639868 0.391519 0.409516 -0.0183414 
1.20398 1.07219 4.31121 2.8657 0.334633 -0.420462 3.67422 2.44283 -0.653181 1.00477 0.496935 -0.0193408 
0.932886 0.980067 3.95445 2.72089 1.54319 0.282128 3.71948 1.92078 -0.601424 0.75552 0.552587 0.104022 
0.997938 0.692423 4.21813 1.95411 1.25286 0.177336 3.28778 1.95852 -0.262277 0.457413 0.774 0.169971 
0.795889 0.867844 3.69647 3.12279 0.478965 -0.17018 3.01737 1.19997 -0.122193 0.81289 0.934564 0.0623802 
0.75913 0.560394 4.28704 2.2922 0.253745 0.0287464 3.83881 1.92551 -1.26556 1.30488 0.4127 -0.133965 
0.77843 0.486194 3.97795 2.8519 1.16762 -0.212673 3.68501 1.05995 -0.858329 0.525519 0.201665 0.0570121 
0.935785 0.796145 3.81773 2.74188 0.457272 -0.0793986 3.37213 1.2764 -0.781713 0.696021 0.166559 -0.0985311 
0.946265 0.850105 3.88995 2.13344 1.02519 1.57768 2.70451 0.797895 -0.400962 0.55069 0.453884 -0.138051 
0.999181 0.647425 3.48914 2.13705 1.60174 0.543377 1.91144 0.332235 0.377469 0.483619 0.968237 0.100107 
0.770087 0.828923 3.3344 2.31861 1.3946 0.182049 2.94215 0.66436 0.133867 1.17835 0.59502 0.0377373 
0.749113 0.600031 3.14098 2.70237 2.65357 -0.252174 2.91857 0.662106 0.0480093 0.858074 0.61325 0.141254 
0.618754 0.752512 2.93744 3.51478 1.37898 0.474722 2.53681 0.323694 -0.178414 0.817354 0.493282 -0.178573 
0.722098 0.712228 2.42031 1.55065 1.68269 -0.108665 0.749297 1.48077 -0.0275243 1.68804 0.741387 -0.31146 
0.908407 0.751578 2.3277 1.32831 1.76382 -0.354928 0.723473 1.93934 0.126332 1.26274 0.926256 -0.120986 
1.2273 0.468822 2.4394 1.72953 1.3933 -0.371125 1.67147 1.25805 0.55106 1.19529 0.256029 0.00222032 
1.57184 0.530197 1.80608 1.44744 1.59409 -0.838284 2.00475 1.35456 0.987188 1.94394 -0.347148 -0.288417 
1.76978 1.00447 0.978789 0.782023 1.62345 0.0630045 1.73341 0.984705 1.3117 1.49138 -0.198275 -0.285376 
1.94928 1.32811 0.694006 -0.131059 1.69237 0.319822 2.15157 1.6318 0.571554 1.16228 -0.204294 -0.247571 
2.0624 1.08599 0.00307817 0.248533 2.94739 0.796872 1.37875 0.807688 1.14776 1.00523 -0.230907 -0.305308 
1.90716 1.162 -0.0970363 -0.312492 2.66198 1.29716 2.00442 1.1117 0.46127 0.813164 -0.26271 -0.226241 
1.90062 1.34709 -0.419171 -1.05065 3.28704 1.25857 1.47157 1.45742 0.424183 0.767641 -0.23937 -0.290492 
2.05086 0.984063 -0.320817 -0.439638 3.94823 0.25012 1.57084 1.62223 0.298831 1.17413 -0.656582 -0.304165 
1.99769 1.1786 0.17382 0.198153 2.94364 -0.245995 1.73429 1.99608 0.79242 1.24054 -0.773351 -0.439055 
2.04392 1.57097 0.08544 0.0257901 1.91683 0.156767 2.54807 1.89217 0.36409 0.845695 -0.59179 -0.313339 
2.09357 1.31902 0.21296 0.213231 2.40826 0.218169 2.44513 1.19654 0.537963 0.891238 -0.495266 -0.302244 
2.02012 1.11398 0.229292 0.144224 3.14902 -0.319172 1.46516 1.23692 0.917309 1.41362 -0.612291 -0.39711 
2.02011 1.33536 -0.133531 -0.297459 3.42595 0.559397 1.73003 1.09092 0.738831 1.15933 -0.497832 -0.316033 
2.00747 1.21054 -0.0100146 0.0796126 2.33196 1.46364 1.93876 0.771669 1.48156 0.897846 -0.352198 -0.423426 
1.81614 1.04471 -0.346925 -0.391763 1.77175 1.67401 2.84976 1.04284 3.00304 0.429019 0.11924 -0.13887 
1.57019 0.811773 -0.0936945 0.396542 1.52622 0.989992 3.30334 1.51635 2.67347 0.643708 0.321658 -0.0711473 
1.3451 0.490964 -0.124796 0.0846205 2.27824 1.30799 2.77066 1.21498 0.640082 1.03453 0.215313 -0.0626935 
0.968475 0.0284797 0.302272 -0.626432 2.68093 0.559298 3.91474 0.481035 -1.36337 0.695298 0.190071 0.0801538 
0.938982 -0.100105 0.462202 -1.28138 2.14441 -0.231684 3.6961 -0.157917 -0.925661 1.00326 0.331713 0.0490763 
1.23469 0.176075 0.929982 -0.976253 2.21849 0.0266457 3.27081 0.727636 -0.192408 1.7391 0.555579 0.0702989 
1.86476 1.50061 0.757355 -0.465917 1.79721 0.556986 1.4932 -0.148518 0.654329 0.986671 0.19854 0.0779623 
1.99245 1.90129 1.09467 -0.0391033 2.24919 -0.494287 1.04713 -0.427751 0.86816 0.996601 -0.249583 -0.108652 
2.01152 1.94067 1.14682 0.325249 2.59203 0.178995 1.48271 0.228625 0.748642 1.08166 -0.433822 -0.264602 
2.08898 1.95218 1.45002 -0.0679505 2.18353 0.723597 1.52828 0.114825 0.211329 0.715404 -0.223844 -0.118698 
2.19945 1.88966 1.6616 -0.762121 2.14901 0.752945 1.60564 0.420898 0.216618 -0.300707 -0.458218 -0.0232293 
2.06285 2.02212 1.73344 0.89569 2.17963 0.940942 0.676424 -0.15568 0.955945 -0.0717094 -0.256729 -0.188437 
1.98724 2.34008 1.46588 0.651088 1.8164 0.835994 1.77857 -0.483887 0.218838 0.0646963 -0.235225 -0.0861422 
1.86034 2.4236 1.99681 1.03995 2.0836 0.5391 1.99929 -0.171141 0.210503 0.139766 -0.370411 -0.102903 
1.9928 2.39478 1.81237 1.49507 2.03532 0.340807 1.63065 0.0567403 0.581744 0.608316 -0.272803 -0.160467 
2.16339 2.12061 1.92191 0.745819 2.73475 0.485976 1.27226 0.314423 0.311122 0.486305 -0.310197 -0.142949 
2.08405 2.28473 2.47561 0.811488 3.48055 0.440347 1.00583 -0.214081 0.528261 0.00444607 -0.377772 -0.0100302 
1.97391 2.45126 2.23978 1.38213 3.29797 0.258861 0.855794 0.0368384 0.342498 -0.0968368 -0.262589 -0.0716267 
2.09389 2.39918 1.67273 0.970611 3.54014 0.702752 1.67316 -0.728872 0.808914 0.249332 -0.324242 -0.0641883 
1.9274 2.25951 1.91902 1.45133 3.0826 0.746581 1.83278 0.773235 0.516969 0.0981665 -0.427965 -0.142617 
2.03999 1.99637 2.23119 1.25726 1.88177 0.861364 2.17402 0.583767 -0.0659258 -0.0661525 -0.389345 -0.203832 
1.9132 2.03667 2.21103 0.896375 1.16165 0.384669 1.54465 -0.033846 0.0344863 -0.276375 -0.436294 -0.239985 
1.87002 2.12208 2.19654 0.351571 1.19534 0.41847 1.84674 0.801344 0.338709 -0.643215 -0.468895 -0.267714 
1.73754 2.05933 1.85346 0.774809 1.71633 1.20852 1.72402 0.711142 1.01405 0.271107 -0.496928 -0.222136 
2.01388 2.07683 1.58481 1.12277 2.90822 1.22065 1.47147 0.66644 -0.0558676 0.119421 -0.231386 -0.100161 
2.13384 2.23449 1.62657 0.982738 3.52696 1.39441 1.47347 -0.0748944 -0.319886 -0.221451 -0.279573 -0.0777757 
1.80887 2.2047 2.05571 1.30524 2.62934 0.452955 1.51341 0.787306 0.145452 0.160558 -0.43818 -0.168643 
1.85116 1.89537 1.84736 0.663105 2.02172 0.580931 1.07664 1.22617 0.0198613 -0.32212 -0.261816 -0.157542 
1.83881 1.81297 1.19419 0.74951 1.38483 -0.625691 0.699156 0.262633 0.609744 -0.403234 -0.376456 -0.159207 
1.68729 1.81839 1.80825 0.0539857 1.56832 -0.142961 1.34516 0.353435 0.19499 -0.48403 -0.314508 -0.00713294 
1.85604 1.71089 1.92422 0.0999461 2.57431 0.441294 0.156755 0.768953 0.680861 0.120135 -0.243943 -0.199213 
1.69762 1.70389 2.3273 0.240996 2.52956 0.712158 0.481328 1.10129 0.917398 0.074424 -0.397748 -0.219941 
1.56836 1.69456 2.02594 1.101 2.45612 -0.00800093 1.13237 0.57606 0.99724 -0.00348334 -0.102958 0.0781928 
1.74955 1.72512 1.41372 1.48578 1.97803 0.0680242 2.3982 0.39555 1.05153 -0.740995 -0.0674514 0.118316 
1.57822 2.18671 1.87705 1.88982 2.51942 0.114326 2.17448 0.32331 1.13271 -0.610566 0.192326 0.112459 
1.53851 2.25794 2.28237 1.54026 2.21457 0.41278 2.27125 0.210048 1.32572 -0.609511 0.231257 0.109203 
1.46721 2.2034 2.08711 1.86045 2.39663 0.724386 1.29936 0.0492969 2.17648 -0.234661 0.134957 0.0583326 
1.29419 2.40548 1.95011 1.5252 2.71605 0.642415 1.46466 -0.267705 1.66355 0.155572 0.470763 0.180886 
1.24577 2.50465 2.31747 1.85798 2.88132 1.30171 1.12198 0.0326819 1.31956 -0.542425 0.426795 -0.0550958 
1.3958 2.18469 2.07775 1.89638 1.93654 1.33994 1.86024 0.433284 1.77317 -0.732148 0.0214824 -0.0865189 
1.3182 1.80334 1.51417 1.41581 1.02563 0.967759 1.70236 -0.272128 1.51068 -0.45181 -0.014251 -0.136618 
1.33314 1.83301 1.83961 1.72285 2.37807 0.541785 1.47786 0.428238 1.35512 -0.860739 0.0954567 -0.0153498 
1.24225 1.97411 1.89986 2.15487 2.59342 0.66516 1.90153 0.42887 1.7224 -0.706868 0.240859 0.0507541 
1.29382 1.7892 1.9481 1.66932 1.64861 0.933584 2.42223 0.499637 2.52649 -0.312203 0.315232 0.178919 
1.35872 1.96479 1.8432 2.09403 2.25958 1.02407 1.84849 0.0169023 1.80298 -0.723343 0.616613 0.110212 
1.19863 1.96972 2.19674 2.21541 2.25973 1.22037 1.96316 0.0459353 2.022 -0.632923 0.218024 0.0727205 
1.25995 1.72996 1.97345 1.49394 2.40558 1.11185 1.55203 0.274113 1.4458 -0.797267 0.120657 0.0541378 
1.26939 1.78751 1.34822 1.69656 2.12521 1.35994 1.56961 -0.605668 1.26449 -0.74599 0.531811 0.00692198 
1.2393 1.68717 1.0351 1.81033 1.39548 0.397819 1.71258 -0.261318 1.71928 -0.35394 0.924222 0.0817168 
1.28261 1.79813 1.13145 1.58635 2.27991 -0.140762 0.90624 -0.418666 1.12703 -0.580392 0.491862 -0.0074213 
1.33881 1.54971 0.682307 0.67728 2.25544 -0.0464968 1.60249 0.229659 1.82062 -0.403894 0.160972 -0.00235879 
1.07594 0.917266 0.628155 -0.264722 3.5344 0.0556633 2.6781 1.47585 1.08793 0.496793 1.06427 0.30952 
1.02377 1.20588 0.880844 0.380983 3.35843 0.143159 2.17705 0.747879 0.749236 0.610508 1.60265 0.294031 
1.39249 1.11312 0.590361 1.31596 2.28053 0.53592 1.89289 0.106756 1.20595 -0.261225 1.13166 0.359583 
1.29866 1.11845 0.524735 1.21604 2.47704 0.659869 1.73839 -0.343458 1.40889 -0.100132 0.809639 0.193152 
1.09932 0.986218 0.440638 0.885637 2.08353 0.485354 1.78048 -0.404996 1.28756 0.0256169 1.08013 0.186469 
1.11727 0.9015 0.680591 1.19846 2.01568 -1.00513 1.48901 0.381403 1.0565 -0.115202 0.966358 0.252398 
1.13237 0.855844 0.760408 1.87817 2.22475 -0.277324 1.42757 0.116784 0.856368 -0.932574 0.46694 0.156131 
1.02288 0.955557 0.990538 1.33357 1.9754 -0.833288 0.712988 -0.0341216 1.87271 -0.0575974 0.952764 0.0773239 
1.09581 1.02169 1.60176 1.13526 0.898485 -0.619157 1.4698 0.388117 1.96563 0.031711 0.335044 0.187182 
1.18583 0.830141 1.72265 1.42021 1.58985 -0.502847 2.4303 0.917164 0.891259 -0.235125 0.326695 0.189735 
0.965734 1.55669 1.04837 1.94889 2.02169 -0.381059 2.26601 0.307479 1.02543 -0.364208 0.905136 0.0697889 
0.630389 1.71465 0.782344 1.77717 2.50008 0.206273 1.58639 -0.804015 1.78965 -0.0375805 0.652441 -0.0313736 
0.841098 0.918705 1.43472 1.29219 2.32853 0.583435 2.40433 0.374483 1.87322 -0.0445172 0.607758 0.180418 
1.02517 1.24642 2.00452 0.787519 2.2724 0.685947 1.78847 1.23406 1.43603 -0.46884 0.0374534 0.136885 
1.0788 1.35583 1.73353 1.19737 1.91971 0.531739 1.92347 0.881903 1.43656 -0.234941 0.225787 0.149504 
1.20326 1.15338 1.77392 0.977085 1.46998 -0.238187 1.81342 1.06038 -0.0231675 -0.277385 0.455811 0.131 
1.0912 1.03366 1.4537 0.591451 1.06896 -0.400655 1.28411 0.687458 0.00524102 -0.392552 0.22792 -0.0122485 
0.953338 1.53257 1.13472 1.082 0.638308 0.928468 1.352 0.203167 1.13621 0.0713204 0.273103 0.0553034 
0.751471 1.35585 1.42918 0.65217 1.29075 1.41034 1.77853 1.63925 1.01262 -0.148058 0.428605 0.0253575 
0.854142 1.03349 1.32867 0.991096 1.08141 1.71161 1.68919 1.67393 0.918018 0.184759 0.711444 0.00379626 
1.06447 0.969783 1.97704 0.514985 1.15204 0.571589 0.922631 0.402628 1.35964 0.734477 1.15938 0.218447 
1.0957 1.34921 1.35375 0.780697 1.29996 0.394673 0.459006 0.909447 1.79058 1.2416 0.594763 0.125608 
1.09049 1.08957 1.31071 0.604762 1.38054 1.07996 1.71655 1.2815 1.46253 0.34273 -0.209609 0.0224976 
1.04328 1.06507 1.62575 0.454596 1.34378 0.238832 1.39005 1.32248 1.56657 -0.30558 0.171955 0.13322 
0.82178 1.42556 1.60727 0.312801 0.553796 0.200696 0.341036 1.1427 1.74556 -0.0801075 0.21232 0.163829 
0.882411 1.1286 1.3207 1.03788 0.962749 1.09604 0.736426 0.733049 0.975246 0.141064 0.0444681 0.102582 
1.05357 1.19104 0.69597 1.14377 1.37549 0.78571 1.79688 1.69946 0.34638 0.829237 -0.14634 0.0873241 
0.99903 1.24934 0.675708 0.733987 1.75681 -0.0521846 1.2386 1.72538 0.346332 0.548091 0.0501849 0.0493825 
0.889809 1.11682 1.2977 0.798366 1.71286 0.111918 0.712437 1.90439 0.923347 0.337595 0.248525 0.0480752 
