1.05381 -0.335442 0.551725 -0.00568375 -1.13826 1.23191 2.43021 -0.604679 -0.765279 -0.423422 0.522156 -0.535529 
1.00217 -0.982179 0.89569 -0.197898 -0.446053 -0.119384 2.15651 0.948067 -0.491196 -0.08596 0.391477 -0.462942 
0.970431 -0.922981 0.551197 -0.328623 -0.441699 0.225834 3.37675 0.850344 -0.279639 0.233538 0.501026 -0.441378 
0.828811 -0.578986 1.17088 1.29762 -0.515423 -0.374456 2.94432 1.30353 0.260394 0.353512 0.208439 -0.537791 
0.836933 -0.78745 1.01562 1.99244 -0.0222476 -0.903742 0.965978 1.84645 0.736211 -0.331172 0.28594 -0.140927 
0.818002 -1.19514 0.48168 1.90241 0.54046 -0.334544 1.18414 2.33519 0.376986 -0.410979 0.441578 0.0857103 
0.882276 -1.56769 0.857798 1.66594 -0.758997 -1.1877 1.60764 2.23602 0.997782 0.0387455 0.248839 -0.0965719 
0.948965 -1.47185 1.34817 1.2355 -0.0644021 -0.186542 2.2623 1.25395 -0.827749 0.294951 0.488676 -0.100273 
0.912718 -0.937684 0.948538 1.35092 0.473038 0.557392 2.78324 0.419372 -0.936402 -0.270784 0.652077 0.162749 
1.02343 -0.706944 0.145414 1.3838 1.27691 0.972286 1.82819 -0.147589 -0.71403 -1.0672 0.235232 0.287715 
1.10503 -0.457268 0.378394 1.36985 1.38981 0.488763 2.39773 1.2251 -0.0031696 -0.404955 0.204718 -0.00812577 
1.2714 -0.376939 0.339586 2.18407 1.33086 -0.0296842 1.70165 1.49509 0.301055 -0.236519 0.0880508 0.133937 
1.44627 0.192061 0.767464 2.68583 2.74934 1.46963 2.29984 1.30642 -0.0718625 -0.228753 0.487435 0.403205 
1.66185 0.804101 -0.422478 1.99876 3.43911 2.38851 1.59349 0.247129 -0.171781 -0.254419 0.25917 0.273673 
1.96259 0.498494 -1.28178 1.63842 4.30997 2.61691 0.282156 0.388668 0.25215 0.0887443 0.153013 0.195251 
1.94958 0.726426 -0.851482 1.24527 4.73439 2.62643 0.491574 -0.0625308 0.459832 0.0544716 0.30647 0.169801 
1.8056 1.02624 -0.457912 1.68945 4.77685 2.70969 0.510531 0.0930506 0.221988 -0.119872 0.403794 0.218342 
1.76689 0.932308 -0.530321 1.28562 4.59714 2.09337 1.0752 0.105602 0.682471 -0.278071 0.305907 0.249119 
1.86775 0.912496 -0.897386 1.31873 4.46526 2.11893 1.20417 0.32393 0.816384 -0.103417 0.0666716 0.148539 
1.85945 0.856987 -0.377606 0.766 4.58089 2.84948 1.09168 -0.00277288 0.871275 -0.167805 0.264839 0.162723 
1.934 1.10765 -0.595271 1.13847 3.83761 2.84472 1.40627 0.468363 1.17573 -0.349732 -0.0117649 0.0326145 
1.78573 1.64914 -0.638937 1.96368 3.28836 2.58772 1.76742 1.3127 1.32315 -0.553148 -0.367243 -0.12915 
1.78489 1.56695 -0.919791 2.47347 3.86271 1.7021 2.23493 0.760541 1.43974 -0.662659 -0.309152 -0.0278409 
1.64559 1.64415 -0.496522 2.35771 4.14898 2.28961 2.26268 0.449492 1.51745 -0.634838 -0.207593 -0.0909973 
1.67701 1.35706 -0.0365754 2.23524 4.24572 3.16388 1.47567 0.451564 1.32575 -0.378777 -0.0948977 -0.0361093 
1.58926 1.32804 -0.0957886 2.81597 4.80927 2.45384 1.30506 0.585622 1.27052 -0.35125 -0.0042914 0.0872154 
1.58805 1.18061 -0.422811 1.96767 5.83872 2.40731 1.41378 -0.639629 0.983794 0.232791 0.290779 0.109177 
1.56506 1.27579 -1.02997 1.57129 5.61939 2.4051 1.98483 -0.944073 0.861386 0.195417 0.17224 0.0880861 
1.52529 1.32641 -1.21824 2.39759 5.41518 2.76123 1.46467 -0.833916 0.952813 0.273983 0.382263 0.0221749 
1.57896 1.22517 -1.07794 1.67558 5.20686 3.44646 0.868214 -0.754242 0.803057 0.288959 0.704932 -0.00266777 
1.6239 0.841368 0.0872605 1.80912 5.7621 2.83904 0.20924 -0.259659 1.20292 0.142957 0.509565 0.07373 
1.66228 0.754337 -1.61462 2.70823 5.47908 2.47293 0.536178 -0.41447 0.976422 0.651525 0.299977 0.0618168 
1.65563 0.546752 -2.11756 1.75916 4.53626 2.94382 0.655331 0.62532 1.09064 0.357957 0.0912366 0.0162074 
1.54654 0.771128 -1.36768 1.52893 4.18675 3.14972 0.541057 0.246902 1.22003 0.100392 0.258176 -0.0651146 
1.63847 0.87354 -0.96592 1.65379 4.66013 2.82835 1.12929 -0.389849 1.21107 -0.0825643 0.143304 -0.0401208 
1.71621 1.21279 -0.280488 1.89643 4.80957 2.70262 2.22474 0.268336 1.00411 -0.0972539 -0.177734 0.0893287 
1.60321 1.32153 -0.0854905 2.45919 4.90398 3.64522 1.50586 0.565694 0.991574 0.0740018 0.0639015 0.111686 
1.58177 1.56208 0.10304 2.02958 4.85361 3.38414 2.16198 0.56111 1.56185 0.146577 -0.063004 0.0206649 
1.75651 1.28853 0.33945 1.39007 5.16858 3.07672 1.97438 0.466904 1.7842 -0.0426758 -0.0344766 0.0817554 
1.7913 1.03579 -0.0810542 1.6202 4.75193 3.42695 1.02946 0.431876 1.69799 0.016749 0.136385 0.0273403 
1.82959 1.29089 -0.0906623 1.51645 4.38006 3.86743 1.27049 0.67806 1.16402 0.379678 0.0611961 -0.0690778 
1.83355 1.61083 0.184044 1.95649 3.73877 3.29068 1.15153 1.4865 1.10677 0.304996 -0.0242397 -0.00181008 
1.85211 1.33224 -0.0449038 1.7255 4.89218 3.09835 1.58381 0.536577 0.802786 0.628461 0.282879 0.127352 
1.6907 1.53146 -0.325298 2.52443 5.30145 2.87688 1.08192 0.643414 0.88554 0.316484 0.240637 0.138999 
1.76246 1.14824 0.250083 2.45182 3.98971 3.4098 1.39857 0.823653 0.905032 0.485909 0.0289248 0.0575648 
1.75476 0.975455 0.667952 2.04329 3.90603 3.71376 1.63785 1.54431 1.22482 0.589924 -0.16324 0.0559391 
1.63145 1.02117 0.884695 2.12372 3.87233 3.80045 1.62125 1.01597 1.46344 0.778537 0.216584 0.210637 
1.70519 1.30584 0.92844 2.69584 4.70566 3.43007 1.59826 1.05491 1.787 0.866288 0.252109 0.146735 
1.62759 1.43759 1.10692 2.07347 4.9041 3.08744 1.55157 1.65477 2.33193 0.388931 0.0446135 0.110088 
1.76322 1.46239 1.10379 2.05063 4.61999 2.81999 1.23901 1.69563 2.23027 0.655984 0.0570888 0.0254891 
1.84577 1.57218 1.37867 1.96495 4.02367 2.62428 1.27249 1.64732 1.6449 0.855926 0.101259 0.012169 
1.885 1.43697 1.56851 2.23996 3.27326 2.05647 1.06471 0.887989 1.26373 0.291415 0.24668 0.148146 
1.72498 1.46362 1.49001 1.95086 3.06988 2.06688 1.41377 0.822053 1.5875 0.109277 0.0105823 0.0616269 
1.47801 1.22767 0.513128 1.74611 3.34157 2.64484 1.34241 0.795955 1.76987 0.129423 -0.521042 -0.182202 
1.526 0.939981 0.750606 1.73339 3.85437 1.89447 0.375943 0.594487 1.36605 0.189589 0.0333331 -0.0814876 
1.44901 1.29679 1.25328 1.45052 2.91568 1.65954 1.15524 0.342132 0.516687 0.535798 0.241115 0.0369006 
1.49749 1.25811 1.56168 1.1093 2.56671 0.930872 0.796178 0.350851 1.28982 1.0237 0.279047 0.0978727 
1.48416 1.46679 1.79904 1.15218 2.16135 0.524786 0.674911 -0.103412 1.43673 1.65379 0.38257 0.181575 
1.47597 1.33426 1.48092 0.890966 1.71838 0.563848 0.628488 0.432296 1.92516 1.21204 0.507768 0.157816 
1.46193 1.19261 1.62177 1.14551 1.2433 -0.422778 -0.0675573 0.815908 1.8896 1.25764 0.38949 0.10496 
1.57095 1.51665 1.82274 1.146 1.47849 -0.89709 0.29787 0.677392 1.9062 1.48878 0.441105 0.258413 
1.58045 1.73785 1.5547 1.27441 2.12529 -0.54032 0.638445 0.480702 1.98212 1.37058 0.403292 0.246062 
1.39034 1.64035 1.58383 1.04245 2.5386 -0.0354628 0.00227636 1.02489 2.28623 0.530344 0.70908 0.198497 
1.39361 1.25676 1.79307 1.54637 2.45052 -0.252813 0.413234 0.861369 2.24796 1.03714 0.63779 0.336797 
1.43784 1.31127 1.86832 1.33347 2.62162 0.220187 0.464034 1.53733 1.15987 1.4974 0.60297 0.215292 
1.52161 1.7476 1.87484 1.28483 2.59306 0.569673 1.58117 1.07316 1.7651 1.00382 0.100136 0.196049 
1.38074 1.97691 1.81014 1.24143 2.75966 0.614885 1.29422 1.02036 1.80372 0.66858 0.338419 0.223505 
1.22792 1.63864 1.85463 1.81582 2.71587 0.527065 1.32064 1.1558 1.18242 0.434163 0.746721 0.277063 
1.2619 1.51747 2.03908 1.08572 2.65813 1.13213 0.697194 1.23214 1.18429 0.904714 0.731063 0.221169 
1.31684 1.41968 2.05751 1.44652 2.38763 1.00303 0.96979 0.560456 1.52282 1.62077 0.395306 0.234357 
1.30311 1.68393 2.34274 1.12807 2.07967 0.237775 1.41778 0.718493 1.4913 0.770234 0.806963 0.399551 
1.39959 1.7201 2.49115 0.97755 1.32278 1.41322 1.32887 0.779401 1.36172 0.338217 1.05745 0.402511 
1.38181 1.67774 2.44981 1.83002 1.87117 1.09463 1.18765 0.659353 1.53493 0.57363 0.790078 0.355711 
1.4128 1.73847 2.13534 1.52359 1.67716 0.627113 1.73954 0.848689 1.30958 0.826026 0.778402 0.34682 
1.30183 1.58697 2.19491 1.64702 1.70461 0.100688 2.2045 0.714718 1.12188 1.08558 0.803304 0.356144 
1.28388 1.72455 2.1988 1.73194 2.37425 1.15474 2.24065 0.208455 1.68559 0.780463 0.478609 0.321736 
1.3419 2.13858 1.92116 0.815547 2.11215 1.06022 1.70663 -0.0891842 1.77778 0.952892 0.822002 0.438173 
1.33265 1.7965 2.15673 0.761239 1.6738 0.617802 2.29862 0.850502 1.8305 0.308779 1.02525 0.405321 
1.37885 1.67613 2.35943 1.00077 1.2908 0.90345 2.4348 0.807837 1.33831 1.12768 0.701704 0.338461 
1.45708 1.85686 1.97287 1.38326 1.67892 1.23785 2.04442 0.736136 1.28222 1.26117 0.524049 0.299631 
1.37439 1.91024 1.93827 1.14557 1.8103 1.5174 1.36697 0.588666 1.43464 1.29956 0.622443 0.334564 
1.2796 1.83146 2.01057 1.65902 2.18043 1.38838 1.75211 0.941634 1.05173 0.992268 0.556907 0.280969 
1.3205 1.89486 1.92727 1.36762 1.83056 0.464551 1.91847 0.99547 0.639013 1.15653 0.908884 0.370798 
1.30579 1.99932 2.17376 1.95184 1.78777 0.739064 1.72032 1.28103 1.63144 0.588153 0.620292 0.297993 
1.2305 1.88458 1.62851 2.26253 1.52303 -0.00223162 2.31174 1.35732 1.58698 0.321491 0.882021 0.297292 
1.11566 1.71593 1.5602 1.88818 1.93153 0.657025 1.50123 1.45084 1.91493 1.00126 0.541708 0.269356 
1.13587 1.74524 2.14001 1.48244 2.19384 0.306847 1.60932 1.13716 1.65993 1.10665 0.576793 0.354328 
1.14088 1.67807 1.87915 1.14161 1.76856 0.856389 1.30468 1.01104 1.39267 1.22425 0.736942 0.273351 
1.14115 1.59175 1.83925 0.8748 1.84095 1.21865 0.828827 1.09072 1.17195 1.12169 0.910713 0.227058 
1.1592 1.77942 1.87758 0.152759 2.0067 0.757774 1.96634 0.795117 1.30768 0.846349 0.72811 0.292048 
1.17939 1.88552 1.76837 0.466211 1.83006 0.314646 1.10496 0.242106 1.65738 1.16861 1.04335 0.369163 
1.13639 1.84149 2.02989 0.98383 1.79046 0.834447 1.0554 0.842742 1.57178 1.04431 0.817254 0.287465 
1.11243 1.88062 2.09976 1.51513 1.17834 1.4843 1.17453 0.912909 1.79527 0.229757 1.08459 0.241173 
1.20251 1.49748 2.01956 1.71804 1.49897 1.1512 2.08013 1.18058 1.4564 0.464486 0.566983 0.233926 
1.20715 1.74033 2.26714 1.34603 1.68407 0.795086 1.42092 0.821866 1.7413 0.869298 0.496605 0.295893 
1.23425 1.37171 2.39912 1.14786 1.59874 1.36325 1.77323 0.485594 1.67639 0.843172 0.539566 0.313901 
1.15678 1.40252 2.66867 0.799667 1.69638 0.890672 1.37199 0.816567 1.75051 0.652157 0.729033 0.360924 
1.23935 1.76996 2.41482 1.27786 1.92464 0.449902 0.983301 0.728362 1.28126 0.221199 0.836409 0.29111 
1.05764 1.53557 2.32862 0.93368 1.74935 0.998241 0.838971 0.840932 1.33534 0.960027 0.495266 0.211845 
1.22331 1.20539 2.12652 0.810292 2.24492 1.17241 0.754402 0.326263 0.671086 0.833753 0.630049 0.18003 
1.14351 1.18899 2.43775 0.447425 2.03087 1.06614 1.04064 0.148889 0.335408 0.176155 0.56288 0.210181 
1.02295 1.102 2.19495 0.984881 1.7973 0.452658 0.62033 0.261556 0.284574 0.109065 0.679473 0.11667 
0.907278 1.59489 2.10272 1.55061 1.16352 -0.520404 0.34785 0.677856 0.760489 -0.192605 0.17455 0.113615 
1.04957 1.4371 2.0324 1.04127 1.38896 -0.112969 0.946465 0.663259 0.840028 -0.242694 0.242919 0.113748 
1.0984 1.48771 1.98315 1.19644 2.67717 0.00256258 1.35341 0.520353 0.592568 0.314972 0.378213 0.14491 
1.1016 1.33607 1.70999 1.80078 1.45144 0.332391 1.86126 0.24696 1.41881 1.04141 0.531883 0.146131 
1.08146 1.17479 1.6883 1.54056 1.15038 0.870245 0.977051 0.363255 1.87333 1.0668 0.289749 0.116306 
1.06768 1.2866 2.33137 1.49983 1.09891 1.21835 1.6969 1.29666 0.340537 0.787198 0.326257 0.0859246 
1.03699 1.37004 1.96221 1.42741 1.78056 0.427167 1.74159 1.78275 1.12153 0.297102 0.649881 0.191378 
1.10056 1.55883 1.85554 1.49954 2.53472 0.517276 1.24599 1.69205 0.540978 0.622442 0.406298 0.158044 
1.01029 1.50697 1.31205 1.13064 1.78551 0.98617 1.20044 1.28102 0.828743 1.29306 0.689024 0.149638 
