0.973507 0.420801 2.75184 2.23587 -0.292257 0.389316 3.02228 0.517684 -0.764285 0.663528 -0.0941372 -0.376959 
0.753411 0.9466 2.61143 2.19422 0.283062 1.49986 2.55665 0.549619 -0.729399 0.712402 0.60759 -0.234525 
0.317592 1.16926 1.66576 2.01703 0.958042 0.184999 1.42668 1.71849 0.281822 0.442246 0.102979 0.20023 
0.254736 0.690128 2.35358 1.9637 0.0446219 1.32415 1.24423 1.25021 0.485285 0.544526 -0.154802 0.135666 
0.00510383 0.396568 2.99031 1.06853 -0.455643 0.724366 2.04661 -0.417504 0.698555 1.04604 -0.956188 0.24795 
-0.344014 0.00615011 4.00998 -0.143242 -0.0277866 0.861653 2.09643 -0.983599 1.22561 0.943219 -0.69761 0.195042 
-0.53553 -0.0413068 5.11141 0.251263 -0.311906 1.75092 2.41794 -0.828903 1.39595 0.813818 -0.433102 0.195044 
-0.551019 -0.117207 5.35059 0.0326908 -0.0653826 1.36507 3.15286 0.221371 1.09449 1.14772 -0.279461 0.272392 
-0.716939 0.273895 5.15792 0.155898 0.733105 1.55668 3.22331 -0.242941 2.54196 0.254653 -0.0663306 0.569163 
-0.830737 0.69013 4.42676 0.153945 1.02589 1.90779 3.52824 -1.28094 2.72547 0.0457386 -0.206377 0.452428 
-0.634993 1.0205 3.49813 0.391867 0.948534 0.612555 3.60732 -1.40407 2.56738 0.271625 -0.378152 0.26197 
-0.828545 0.962176 3.30814 1.13941 0.328325 1.30525 4.20522 -1.33643 2.60753 -0.080372 -0.0630977 0.300262 
-1.2173 0.575583 4.64559 1.92166 0.693417 1.29176 2.92198 -1.01953 2.0714 -0.328723 0.418325 0.205939 
-1.09249 0.123396 4.68435 1.1552 1.58964 1.2076 2.13699 -0.159002 1.50724 -0.0432019 0.3188 0.189121 
-0.638262 -0.245293 3.69282 0.142185 0.62094 0.875089 3.15507 -0.179444 1.53678 0.0596253 0.0472538 -0.0679395 
-0.594006 -0.172512 3.992 0.0963687 -0.398928 0.712128 3.54083 -1.1194 1.61495 0.256953 -0.139849 -0.170159 
-0.669249 0.172278 4.20486 1.38413 -1.68688 0.85343 5.72055 -1.63317 1.20442 1.41083 -0.0100784 -0.224435 
-0.302285 -0.177856 3.91394 1.64944 -1.38745 0.768068 6.03861 -0.789804 1.41524 1.05799 0.336251 -0.233018 
-0.00443232 -0.15114 3.23566 1.39623 -0.690882 0.511758 4.83395 -0.405215 2.72068 0.69736 -0.051334 -0.031395 
0.315465 0.359417 2.96466 0.801546 -0.826275 0.167324 3.65384 -0.954634 3.02897 0.790765 0.0606405 0.0795933 
0.847507 1.05911 3.00557 1.51068 -0.40285 0.34424 3.40435 -0.918834 1.54354 0.0977941 -0.272878 0.0501545 
1.61706 1.53788 2.86986 1.59946 -0.416946 -0.319711 2.37211 -1.18128 1.62775 0.569317 -0.879321 -0.295294 
1.90112 1.35628 2.17627 0.645264 -0.599356 0.201898 1.78178 -1.53067 1.28955 0.759749 -0.821909 -0.409628 
1.98916 1.3213 2.16271 0.251889 -0.398735 0.865101 1.5747 -0.999974 0.737038 0.572311 -0.811661 -0.422622 
2.01525 1.02713 1.79553 0.914267 0.260054 0.599429 0.944967 -0.809704 1.7285 0.154127 -0.973505 -0.385533 
2.46121 0.563215 0.164121 0.100394 0.701304 0.161588 0.128651 -0.808646 1.97792 -0.31648 -0.971717 -0.210789 
2.53528 0.388845 -0.161184 0.00458982 0.687187 -0.041453 0.556001 -0.947327 1.97947 -0.211372 -0.917354 -0.0909028 
2.58968 0.431847 -0.301812 0.253808 0.485812 -0.327441 1.34192 -1.54381 2.1993 0.0468106 -0.879329 -0.188637 
2.64527 0.493298 0.0215117 0.445325 -0.00475665 -0.208749 1.96566 -2.00275 2.17174 0.362043 -0.875426 -0.233699 
2.60121 0.607289 0.552271 0.66582 -0.25152 0.397447 1.83551 -2.02012 1.36662 0.152018 -0.972784 -0.329128 
2.44446 0.753577 0.723692 0.73524 0.0188537 0.711963 1.82157 -1.42337 1.18326 0.0409208 -0.541562 -0.110998 
2.47109 0.952399 1.28401 0.270097 -0.583961 0.664182 2.03288 -1.47829 0.614923 0.226051 -0.426994 -0.0352682 
2.34151 1.12661 1.51485 1.65688 0.247127 -0.520623 1.00728 -1.97345 2.16271 0.565493 -0.509618 -0.218437 
2.38811 1.14196 1.09847 0.553271 -0.464261 -0.21309 1.67839 -1.60091 1.87215 0.0389376 -0.420316 0.00483554 
2.44047 0.793702 1.25276 0.411608 -0.0237009 0.389935 2.60324 -1.44498 1.00681 -0.222249 -0.944952 -0.0473648 
2.55819 0.734601 0.864637 0.710649 0.654493 0.204263 2.01188 -1.34662 1.64537 -0.227261 -1.14111 -0.127753 
2.65219 1.36358 0.43463 0.106749 0.494123 -0.000589361 1.76625 -0.906249 1.37975 -0.297854 -0.615835 -0.176942 
2.6624 1.41077 0.362291 0.183833 0.556966 -0.248982 1.33751 -0.891495 1.79806 0.0112125 -0.505002 -0.233747 
2.65289 1.29287 0.0588393 0.34722 0.897005 0.0279948 1.17287 -0.839732 1.89962 -0.24016 -0.636634 -0.260703 
2.82733 1.00623 0.343364 0.279839 0.573756 -0.619072 1.87598 -1.30306 1.21055 0.296502 -0.617625 -0.23444 
2.58774 0.946356 0.465034 0.736513 0.523972 -0.424367 1.25566 -0.744527 1.27383 0.0183539 -0.514929 -0.208628 
2.67668 0.977646 0.0831936 0.671765 0.861487 -0.478298 0.939644 -0.521798 1.38286 -0.147276 -0.699023 -0.321021 
2.6707 1.02358 0.115411 0.578743 0.663199 -0.465165 1.05579 -0.293319 1.12187 0.170348 -0.47334 -0.414616 
2.87153 1.34767 -0.121046 -0.330779 0.630985 -0.784341 2.0603 -0.298186 0.611773 0.320097 -0.198045 -0.233829 
2.81061 1.50204 0.383982 -0.382708 0.529952 -1.0267 2.38469 -0.779606 0.898518 0.808702 -0.137293 -0.198594 
2.47872 1.19978 1.22039 0.410492 0.666872 -1.82316 1.62108 -0.123984 1.68762 1.13692 -0.324452 -0.176962 
2.46452 1.3484 1.32036 0.290906 0.924094 -1.23512 1.70616 0.201248 1.56717 1.13358 -0.184209 -0.105308 
2.64123 1.54384 1.41161 0.487875 1.48118 -0.900572 1.09578 0.0485311 1.49108 1.07541 -0.18443 -0.102031 
2.42503 1.83386 1.39859 1.3572 1.08161 -0.253154 0.486338 0.474482 1.60238 0.491483 -0.068375 -0.10555 
2.52925 1.96476 1.26795 0.782408 1.51287 0.0886265 1.20616 0.117798 1.56307 0.520436 -0.0818131 -0.0882804 
2.30738 1.8634 1.3038 1.04721 1.25692 0.412755 1.19835 0.239004 1.23824 0.723972 -0.0834057 -0.230794 
2.53157 1.39983 1.01137 0.221851 2.03027 0.237246 1.28424 0.509811 0.653127 0.000421919 -0.304837 0.0769982 
2.29361 1.57864 0.817283 0.467118 2.0625 0.578787 1.58617 0.628571 0.868407 -0.413695 -0.177426 0.175105 
2.25314 1.39824 1.59543 1.22926 1.87454 0.745489 1.19395 1.42767 1.13614 0.311477 -0.255723 -0.178797 
2.25154 1.69297 1.45802 1.14412 2.34482 1.2764 1.71892 0.690605 0.885361 0.0346529 -0.294694 -0.125999 
2.30553 1.98254 0.789356 1.05186 2.22208 1.8769 2.43872 0.166094 0.169836 -0.189256 -0.0276915 0.0494663 
2.34664 1.89292 1.1389 0.905601 1.35477 1.218 2.37531 0.314676 0.924266 0.507322 0.0847291 -0.0407094 
2.33452 1.99646 1.53849 1.02284 1.22266 0.120282 2.57358 0.304606 1.69771 0.662013 0.0827066 0.020205 
2.07615 2.11295 1.48528 0.915714 1.5183 0.859097 1.95026 0.594282 1.03147 0.788574 0.234218 0.0996049 
2.0974 2.09989 1.32474 1.08531 1.91122 0.551032 1.04078 1.25575 1.65911 0.965136 0.323116 0.0907988 
2.10646 1.83864 1.09752 1.07435 2.46552 0.994423 1.62874 1.10782 1.30594 0.317551 0.278907 0.229562 
2.18706 1.62347 1.67992 1.15423 2.04606 1.12164 2.15767 1.61147 0.6852 0.375354 0.315903 0.260705 
2.04038 1.65271 1.64792 1.08993 1.72898 1.39761 2.34999 1.86107 0.530286 0.404914 0.446208 0.286285 
2.02336 2.05459 1.70996 1.1473 1.63827 1.04744 1.82051 1.48886 1.06745 0.276476 0.392028 0.252453 
2.05211 2.19503 1.9122 1.02956 1.52332 1.38951 1.60102 0.683756 1.06134 0.830473 0.409098 0.221511 
2.10712 2.07619 1.89767 1.20596 1.9166 0.984079 0.562971 1.23766 1.41844 1.1138 0.343268 0.0674184 
1.93908 2.17732 2.10668 1.61853 1.8995 1.13485 1.27137 0.988663 1.16411 0.645958 -0.0208815 -0.0435819 
1.89905 2.21623 2.44713 1.72585 1.53126 0.370606 1.66681 0.931585 1.39164 0.921665 -0.0860395 -0.0338596 
2.02989 2.2351 1.81077 1.7454 1.279 0.136151 1.62169 0.735592 2.06331 1.28333 0.15753 -0.0418064 
1.95652 2.00534 1.55104 0.949115 1.71185 1.18929 1.84093 1.72073 1.04099 1.01965 0.107134 0.00152161 
1.85808 1.83286 2.00689 1.27642 2.44116 1.82564 2.42592 1.70171 0.626314 0.703338 0.201583 0.14431 
1.93266 1.84981 2.22116 1.71705 2.4226 0.908644 2.1799 1.37956 1.69061 0.724895 0.140055 0.18074 
1.69821 1.96262 2.3306 1.76462 2.31121 1.73604 1.61007 1.33675 1.49962 0.685947 0.185473 0.153456 
1.71342 1.98143 2.0886 1.94423 2.16674 1.87845 1.88859 0.992866 0.788402 0.156107 0.437334 0.232769 
1.66588 1.97026 2.28198 1.18561 1.70337 0.439037 2.51852 1.16735 0.990631 0.638023 0.504668 0.318698 
1.66244 1.65266 2.45266 1.24049 1.92071 0.67601 2.13805 1.32032 1.26094 0.689125 0.0389546 0.152525 
1.76729 1.71691 1.57404 1.2906 2.58204 1.17633 1.54197 1.28089 1.41305 0.0782378 0.0243764 0.0814087 
1.6585 1.79151 1.91365 0.934888 1.90032 1.45004 2.33152 1.41426 1.35704 -0.156412 0.0718186 0.115809 
1.65392 1.86819 2.02817 1.29885 2.03198 1.24657 2.54203 1.14377 1.44193 -0.0778111 0.265397 0.217149 
1.6031 2.01467 2.31671 1.04868 1.83795 0.929261 2.1899 1.37173 0.28547 0.793405 0.0945431 0.0857837 
1.56922 1.85947 2.03187 1.24092 2.03268 0.352734 1.85781 1.16911 0.983639 0.985837 0.105874 0.166927 
1.51579 1.8779 1.80748 1.13366 1.80839 1.17236 2.2707 0.6923 1.31147 0.723734 0.557406 0.303673 
1.31002 1.78404 1.96122 0.651849 2.02254 0.585314 1.99196 1.57676 0.840924 0.250434 0.932215 0.281515 
1.51556 1.91775 2.66484 1.31235 1.50871 0.0825156 1.91355 1.57903 1.13125 0.229678 0.54527 0.263266 
1.5206 1.78867 2.54653 0.888621 1.79595 1.51563 0.989325 1.39164 1.20797 0.780054 0.607271 0.272939 
1.49975 1.45029 2.50067 1.42444 2.52818 1.62696 1.71564 2.09625 1.20775 0.0915975 0.5934 0.319687 
1.58941 1.43044 2.36123 2.24214 1.58884 0.633766 1.4075 1.80858 1.24086 0.89793 0.563589 0.316143 
1.47454 1.51731 2.24498 1.80235 1.90897 1.26742 0.205241 0.923686 1.30993 0.656908 0.56502 0.254796 
1.36623 1.88162 2.35146 1.72381 2.84758 0.901533 1.25694 0.523609 1.53707 0.106242 0.520963 0.251628 
1.22176 1.73864 2.53186 1.78668 2.9707 0.960404 1.85496 1.27988 0.906922 -0.180206 0.838606 0.252266 
1.22493 1.61704 1.94687 1.53315 2.23671 0.97364 1.54378 2.31222 1.14843 -0.140083 0.360408 0.160647 
1.33269 1.37531 1.90169 1.03109 2.70788 1.16905 1.101 1.96098 1.02935 0.273983 0.34885 0.152539 
1.33059 1.50596 2.11876 1.08676 2.76921 1.77221 1.34644 0.904377 0.845651 0.0333824 0.471594 0.212989 
1.26383 1.68994 1.50727 1.2125 1.74013 0.28496 0.942709 0.731786 1.07184 -0.0366242 0.223477 0.0511724 
1.36042 1.5565 1.42783 1.47325 0.872636 0.927226 1.3753 0.143007 1.34556 0.86573 0.141801 -0.00208398 
1.25226 1.62501 1.68647 0.872606 0.649419 0.710549 0.276251 0.332613 1.71557 0.231958 0.513034 0.0802789 
1.34039 1.88881 1.9103 0.701478 0.945964 0.919591 1.01248 0.335201 0.572858 -0.249325 0.338791 0.0380088 
1.32908 1.72199 1.60639 1.14858 1.0787 0.954988 1.85637 1.00881 0.32464 0.39078 0.565583 0.136343 
1.29403 1.6895 1.98416 1.42522 1.22276 1.22765 1.33367 1.32546 0.984986 0.23906 0.282434 0.0944549 
1.15307 1.52994 2.41373 1.27405 2.02542 0.29755 0.799271 1.47127 0.835675 0.532208 0.383406 0.154395 
1.25583 1.35347 2.26059 1.2851 2.70694 0.522404 1.82616 0.878226 1.12381 0.315834 0.308994 0.289124 
1.37681 1.51139 2.47419 0.590622 1.20541 0.850079 1.70604 1.02889 0.595618 0.13819 0.426954 0.131055 
1.47231 1.29191 1.92472 0.999508 0.738425 1.33276 1.24809 0.631169 0.412263 0.039705 8.51788e-006 -0.0117963 
1.26923 1.33043 2.05427 0.775645 1.50012 -0.0719507 0.995583 1.0873 1.41293 0.113941 -0.235875 0.0979406 
1.43512 1.43777 2.17594 0.663297 1.64732 0.946212 1.21717 1.38444 1.73582 0.623454 0.616429 0.292399 
1.33812 1.56991 1.59288 1.32649 1.57549 0.878855 1.55573 1.17928 1.79162 1.03972 0.698245 0.27812 
1.20884 1.41626 1.72312 1.38537 1.24391 0.459401 2.23282 1.08375 1.36182 0.611224 0.963315 0.266777 
1.36284 1.76279 2.16492 1.14103 1.97146 0.0552445 1.88679 0.997824 1.78492 0.756907 0.217403 0.287419 
1.31802 1.59216 2.17344 1.26821 2.33632 0.0970809 0.940538 1.24683 1.15351 -0.110368 0.58186 0.253271 
1.13216 1.33415 2.08416 1.52123 2.56369 0.373112 0.295137 0.95885 0.821874 0.487991 0.65158 0.147294 
1.18391 1.39025 1.58365 1.02466 1.16365 0.396988 0.967431 0.788885 1.24428 0.499415 0.56635 0.118231 
1.2485 1.44784 1.84834 0.718604 1.62414 0.162196 1.61152 1.05313 0.665522 0.0533574 0.772699 0.198863 
1.2987 1.46601 2.08066 1.31571 1.80785 0.256436 1.78584 1.32094 1.10026 0.174356 0.94765 0.324733 
1.16085 1.40916 2.09517 1.66793 2.04225 0.55596 1.5717 -0.152452 0.934639 0.740992 0.588966 0.192085 
1.13279 1.32011 1.62451 1.05014 1.75946 1.42261 1.49314 0.363036 0.819084 1.02558 -0.000400937 0.0991834 
1.15928 1.68105 1.95999 0.491888 2.08265 0.830946 1.04986 1.24005 1.33087 0.588383 0.275744 0.115494 
1.22837 1.64773 1.61964 1.00714 2.2266 0.706698 1.05256 1.95443 0.462658 0.530982 0.372735 0.104138 
1.29187 1.45202 2.00627 1.46697 1.01576 1.17383 1.63459 1.56555 0.733598 0.258726 0.390469 0.12034 
1.30022 1.58453 1.98384 1.73541 1.20513 0.433625 1.9631 0.996626 0.280052 0.367279 0.311229 0.0885862 
1.27176 1.47704 1.28469 1.10563 1.28604 0.608418 1.3782 1.2774 1.07385 0.602069 0.0912192 0.074411 
1.17627 1.64691 1.70684 0.723297 1.56426 1.09039 1.46234 1.38611 1.07889 0.450281 0.390146 0.136809 
1.28321 1.73666 1.22916 0.785572 1.86324 0.571844 0.705224 1.33006 0.0390834 0.00293672 0.0356281 0.0360255 
1.16195 1.55248 1.21297 0.942034 1.23283 0.518851 1.32525 0.68239 1.0352 0.111568 0.130886 0.0136219 
1.03119 1.23877 1.47659 1.14311 1.13287 0.637001 1.72976 0.585416 0.665818 0.0890082 -0.115905 0.012077 
1.05112 1.6158 2.02818 1.29146 1.39012 0.932139 1.46609 0.684569 1.24957 -0.363266 0.277357 0.0733771 
0.980084 1.59101 1.64602 0.769588 1.2392 1.35259 1.83357 0.90341 0.904975 0.408684 0.527597 0.0689765 
1.14423 1.80984 1.12239 0.822471 1.20732 0.601672 1.11457 1.63215 0.745699 0.398885 0.432676 0.0436494 
1.18943 1.29036 1.24397 0.683488 1.31341 0.799551 0.242889 1.34493 0.792841 0.0586015 -0.030764 -0.0703241 
1.09461 1.02583 1.47692 -0.185209 1.96273 0.45758 0.538592 0.777582 1.00384 0.15012 0.120174 -0.000378121 
1.07142 1.53611 1.10712 0.679157 2.03819 0.373721 1.41088 0.213597 1.22488 0.420274 0.381665 0.0367666 
1.00641 1.72127 1.2394 1.24933 1.2741 0.549467 1.46837 0.254537 0.294151 0.153208 0.707265 0.00047311 
1.14588 1.62571 1.59555 1.30117 1.79834 1.55943 1.42441 0.804384 0.11607 0.650894 0.318406 0.113892 
1.08942 1.49562 2.07117 1.20133 1.40374 0.465059 1.46242 0.395969 0.633589 0.737194 0.0478419 0.0930489 
1.04513 1.42282 1.69706 1.48498 0.465569 0.000472865 1.1053 1.33546 0.692996 0.128817 0.119598 0.123729 
1.08136 1.72097 2.29879 0.846631 0.758848 -0.071886 1.37476 0.161778 -0.104058 -0.305323 -0.0660274 0.0119002 
1.0102 1.65617 2.07412 1.2255 0.887227 0.718493 1.32562 1.15871 0.463199 0.00239495 -0.178717 0.0314802 
1.01706 1.7829 2.16569 1.54494 0.860806 1.05062 1.93527 1.39298 0.735943 0.462257 0.0444719 0.105564 
0.939057 1.92225 1.61021 1.28884 0.620766 1.47798 1.74986 0.253174 0.334645 0.394999 0.514568 0.0645095 
0.918599 1.77799 1.56626 0.801916 1.00791 1.57166 1.25134 0.806023 -0.29261 0.303143 0.394028 0.0371323 
