0.485115 0.998541 1.16641 1.21246 0.659439 1.57651 1.13363 1.53065 0.164581 -0.0375204 0.256592 0.0468139 
0.35541 0.865741 1.31079 0.530105 1.05643 1.21925 1.70673 1.09831 0.635911 0.49482 0.270573 -0.0723879 
0.564551 0.979801 1.50293 1.2346 0.560934 0.446227 1.54368 1.02563 0.146788 0.555927 -0.189954 0.0887053 
0.666014 1.02565 1.09438 1.84112 0.989629 1.24188 1.4693 1.47356 0.30227 0.46653 -0.0906699 0.172923 
0.740539 0.932068 1.49885 1.13327 1.02622 1.34541 0.898579 1.98113 1.03714 -0.368638 0.377682 0.135613 
0.51046 1.00754 1.14864 0.395473 1.33019 0.555924 0.417574 1.23074 0.724491 -0.201615 -0.213255 0.145676 
0.664872 0.899325 0.65307 0.755207 1.6676 0.925301 1.16295 0.600485 0.607211 0.0895036 -0.237598 0.0777659 
1.25963 0.326136 -0.887125 1.82478 2.76106 1.21811 1.53372 -0.236966 0.598918 -0.757733 0.0226436 -0.11461 
1.53985 0.153251 -0.732015 3.41224 2.32161 0.633882 2.58307 -0.0265878 0.130105 -0.675195 0.152424 -0.123594 
1.82086 0.388106 -1.35518 3.26303 4.07306 0.925866 1.24324 -0.532589 0.450507 -0.41351 -0.125249 -0.116484 
1.96744 1.00425 -1.12072 3.24084 4.03496 1.34842 1.25565 -0.72018 0.790797 -0.651885 -0.187568 -0.25387 
1.86673 0.98066 -1.43043 2.00893 3.46239 0.150335 1.85182 0.293627 0.649069 -0.683641 -0.722271 -0.124554 
1.86679 1.09185 -0.576776 2.14431 3.64433 0.427811 1.79231 0.395647 0.623981 -0.695295 -0.912233 -0.201847 
1.8447 0.94005 -1.72928 1.97362 4.14734 0.315554 0.718412 -0.162419 0.750396 -0.186279 -0.581524 -0.144117 
1.99875 0.48716 -1.88744 1.98847 4.7664 0.280735 0.420047 0.458308 -0.0163825 0.173871 -0.908355 -0.072991 
2.15261 0.334123 -1.77025 2.54548 4.86294 0.33016 0.414929 -0.0567915 0.509077 -0.0498939 -0.7947 -0.23693 
2.11549 -0.172733 -2.25981 2.39614 4.46877 0.0199054 0.971374 0.0451662 0.910135 -0.518555 -0.857563 -0.280964 
2.25564 0.354072 -2.08134 2.12459 4.76805 0.500117 1.0827 0.14891 0.449511 -0.332346 -0.980044 -0.255981 
2.30033 0.369725 -2.14022 2.24065 4.68213 0.550807 1.31216 0.437388 0.469135 -0.539817 -1.02388 -0.203481 
2.21352 0.552346 -1.84155 2.54734 4.33563 0.62121 1.4171 -0.0324879 0.727921 -0.514529 -0.775062 -0.313838 
2.42821 0.443876 -2.60301 2.16877 4.64417 0.707202 0.935871 0.313595 0.9193 -0.291468 -1.00974 -0.386165 
2.35489 0.559166 -2.06982 2.18456 4.30567 0.754117 1.59511 0.488001 0.36843 -0.525542 -0.81797 -0.198842 
2.19439 0.659478 -1.58667 2.48687 3.71767 -0.00260448 2.25934 0.275017 1.24 -1.00617 -0.875554 -0.322785 
2.14382 0.323288 -1.56787 2.7717 4.23991 -0.0258064 1.59793 0.46606 0.996446 -0.650598 -0.926327 -0.235945 
2.20689 0.0977744 -1.9162 1.9434 4.70466 0.908869 0.942684 0.708533 0.0474536 -0.0583395 -0.784829 -0.179218 
2.18033 0.577144 -1.68478 2.17078 4.61289 1.02193 1.46796 0.668553 0.515471 -0.145749 -0.985875 -0.260863 
2.25917 0.652353 -1.97106 2.29063 4.79249 1.19392 1.36319 0.494684 0.675546 -0.0925753 -0.899363 -0.259575 
2.29594 0.598676 -1.51629 2.14661 4.63559 1.25114 1.26973 1.02998 0.646249 0.0755621 -0.993267 -0.35242 
2.2007 0.506103 -1.18394 1.74629 4.74348 1.65016 0.13562 1.81261 -0.264604 0.509544 -0.79859 -0.279793 
2.25068 0.44212 -1.27234 2.41415 5.06761 1.66322 0.886616 1.60166 -0.199315 0.370183 -0.650649 -0.0672608 
2.16494 0.357123 -1.36847 1.78618 4.84316 1.77054 1.32327 1.40464 -0.0782292 0.468057 -0.565236 -0.109238 
2.13272 0.497002 -0.867462 1.54752 4.54033 1.86183 0.847158 2.34582 0.510773 0.606329 -0.855185 -0.35954 
2.18126 0.0418395 -0.836385 1.75011 4.87 2.01763 0.350604 2.66401 0.431373 0.591794 -0.489796 -0.222583 
2.0335 0.151878 -0.414026 1.27342 4.68388 2.24 0.208873 2.84651 0.519965 0.75784 -0.283816 -0.290575 
2.13846 0.239359 -1.11539 1.9411 5.54332 2.4338 -0.0642966 1.72101 0.138578 1.05599 -0.230379 -0.128514 
2.07229 0.314443 -0.183945 1.52722 5.20763 2.3568 -0.178263 2.09597 0.302468 0.735161 -0.2197 -0.282186 
2.16847 -0.0576686 -1.1041 1.92198 5.48681 2.16627 -0.514667 1.96406 0.474865 1.16541 -0.195383 -0.267426 
2.06646 0.48989 -0.830857 2.26523 5.40071 1.40397 1.14135 1.17718 0.771672 0.933128 -0.48832 -0.0885369 
2.23545 0.392322 -2.0853 3.07814 5.92036 1.23255 1.41993 0.835103 1.21433 0.651791 -0.540464 0.0126854 
2.17564 0.269806 -1.75104 1.86943 5.36726 1.68654 1.56138 0.906254 0.858598 0.867257 -0.365013 -0.0730158 
1.96689 0.430743 -1.29033 1.4705 4.90981 2.39335 1.51747 0.652405 0.831041 0.950751 -0.100033 -0.0977299 
1.99341 0.167026 -0.832697 2.14471 5.27593 2.50719 0.54131 0.683356 0.462892 1.01754 0.0263817 -0.0977738 
2.14265 0.0262195 -0.84946 2.72239 5.90678 2.00089 0.0998559 0.890375 0.46904 1.06902 -0.0505799 -0.0918527 
2.14682 -0.104917 -1.39539 2.46327 6.07228 1.85735 -0.0137273 1.11139 0.743187 1.32616 -0.14836 -0.128685 
2.04836 -0.203878 -1.06785 1.92988 5.41895 1.75358 0.860559 1.15059 0.947926 1.08072 -0.168084 -0.111531 
1.98329 0.136646 -0.387093 1.87459 4.86924 2.16146 1.13419 0.25586 1.18926 1.09415 0.11241 -0.0474811 
2.07274 -0.141004 -0.611096 2.14356 4.79392 2.35354 0.812794 0.626035 0.67302 1.02156 0.310821 0.0107407 
2.01251 -0.0140411 -0.294955 2.70793 4.80702 1.79367 1.73744 1.12579 0.260098 0.825392 0.227427 0.129866 
1.93341 0.0925531 -0.166004 2.68836 4.11758 2.19998 2.93608 0.418172 0.483148 0.87029 0.130223 -0.041651 
1.75824 0.363077 -0.522064 1.36878 3.75063 2.28068 2.3018 0.55317 1.78579 0.690338 -0.0709626 -0.0586309 
1.66379 0.378435 -1.15603 1.45379 4.87505 1.58659 1.50657 0.694045 1.73284 0.947642 -0.0590809 -0.0327545 
1.52584 0.0884108 -0.0617046 0.950151 5.01785 1.57651 0.330706 0.0171863 1.58145 1.10295 0.280977 -0.083811 
1.496 -0.0471164 -0.167345 0.607246 4.87534 2.11093 0.78273 0.192701 1.43915 0.562358 -0.22455 -0.136259 
1.61799 -0.278131 -0.695216 1.41308 4.23447 2.04225 0.887097 0.765877 1.61227 0.325114 -0.36379 -0.190041 
1.61729 -0.150624 -0.283507 1.56125 3.86051 1.84035 0.310878 1.38539 1.48694 0.479403 -0.24958 -0.16872 
1.47412 0.375861 0.189744 1.61572 3.8579 1.57901 0.575804 0.945863 1.6398 0.241239 -0.30194 -0.0720008 
1.55027 0.728304 0.531341 1.59365 3.98949 1.79775 1.20754 0.361067 1.40716 -0.0115741 -0.492699 -0.0635209 
1.59607 0.411246 -0.229583 1.29642 4.19909 2.22604 1.00595 0.184818 1.21477 0.419362 -0.375985 -0.211928 
1.63014 0.505489 -0.147632 1.93174 4.43652 1.76508 0.834521 0.22729 1.61985 0.54973 -0.245834 -0.158438 
1.57902 0.380368 0.267397 1.90989 4.27811 1.25453 1.65285 1.09961 1.04921 0.856406 -0.35389 -0.0206262 
1.48529 0.634134 0.22758 1.3736 4.09596 2.45525 0.885535 0.313486 1.37844 0.800003 -0.100244 -0.141032 
1.52941 0.480912 0.128217 2.53652 4.21731 2.33933 0.324599 0.064631 1.72361 1.08248 0.178388 -0.161557 
1.54234 0.395344 0.667483 1.65515 4.17616 1.74613 1.07907 0.551436 1.15704 1.1656 -0.357624 -0.200156 
1.61217 0.350526 0.935002 1.16251 3.99921 2.13211 1.14197 0.691168 1.07101 1.13092 -0.18993 -0.140878 
1.42157 0.314794 0.883437 1.74624 4.13641 2.02896 0.049819 0.746261 1.79956 1.11672 0.556026 0.023272 
1.32171 0.83998 1.18149 1.62637 3.71139 1.72891 1.00625 1.03753 1.76116 0.857966 0.350972 0.147935 
1.36709 0.829322 0.942339 1.11718 3.97517 2.22667 1.3543 0.750527 1.9718 1.25026 0.0287371 0.0509123 
1.41651 0.611477 0.39169 1.10575 4.18677 2.22768 1.3161 0.333408 2.09438 1.05942 0.449971 0.0937312 
1.90117 -0.33825 -0.99408 1.37928 3.04031 2.04333 1.38791 0.392203 2.49261 0.88849 0.363612 0.0225713 
1.61012 -0.429812 -0.332927 1.62471 2.69551 1.10309 1.61357 0.714275 3.19962 0.679126 0.0189224 -0.0553673 
1.41565 -0.686167 0.564119 1.87763 2.40344 0.397757 1.55942 2.57183 2.77803 1.05569 -0.0890391 -0.179039 
1.46072 -0.236843 0.116973 1.2909 2.95914 0.783825 2.16442 2.32495 2.02352 0.803825 0.308578 0.0533621 
1.45349 0.0609922 0.277992 0.421012 2.434 1.32359 2.82723 1.65666 2.10247 0.652258 0.463294 0.126309 
1.49635 0.0807518 0.676905 0.492782 2.57188 0.616351 2.58689 2.45532 1.5303 0.970655 0.12576 0.0120392 
1.44667 0.33276 0.766537 0.894068 2.71306 1.39804 1.25982 1.72223 1.9696 0.836035 0.366938 0.0582403 
1.50597 0.259028 0.343516 1.19445 2.35917 1.21606 0.963732 2.09695 3.04566 1.04971 -6.54399e-005 -0.166832 
1.49936 0.232263 0.122725 1.42418 2.64873 0.51801 2.05412 1.92417 2.75105 0.832651 0.0929868 0.00448506 
1.39223 0.778236 0.696183 0.891635 2.05996 0.476541 2.4172 2.1504 2.11336 0.832376 0.426196 0.141205 
1.45898 0.89434 0.986957 0.725946 0.699105 0.740893 2.46606 2.05693 2.68137 0.803639 0.529879 0.0763916 
1.55373 1.0302 0.61443 0.646817 0.522489 0.619454 1.94514 2.34389 2.85367 0.576355 0.704487 0.104564 
1.47196 0.600876 0.44377 0.850049 1.1672 0.998364 2.15036 1.93868 2.71214 0.44324 0.928687 0.21514 
1.45541 0.582007 1.20792 0.203764 1.65478 1.58291 1.31139 1.85594 2.4902 1.36604 0.545682 0.0247137 
1.44091 1.0932 0.750888 0.25208 2.26221 1.84435 1.78344 1.26891 2.27465 1.37715 0.152991 -0.0336156 
1.3034 1.08995 0.699819 0.864827 1.74049 1.70082 1.86477 1.44577 2.5335 0.637115 0.462564 0.0741516 
1.33891 1.13991 0.775279 1.13662 1.91181 0.95092 0.855594 2.01 2.86891 1.00776 0.237583 -0.0233826 
1.29756 1.20166 1.24649 0.962042 2.14418 0.865022 0.472298 1.86444 2.84444 1.43318 0.0614024 -0.0137532 
1.20619 1.175 1.74281 0.940914 1.83406 0.000228869 1.19985 2.30083 2.37806 1.03901 -0.00624138 0.146102 
1.23053 0.841483 1.7695 0.191895 1.97604 0.238693 1.22457 1.64471 2.22049 1.04458 -0.0103467 0.0569164 
1.12019 0.684376 1.67472 0.210011 1.77563 1.10017 1.44783 1.21778 2.10813 1.04709 0.215833 0.0583318 
0.978945 1.07303 1.69405 -0.000470007 1.42532 0.64203 1.33585 1.79991 1.85842 1.09563 0.355592 0.0188797 
0.98819 1.124 0.966277 0.180186 1.5 1.23133 1.76244 1.71629 1.25234 1.06234 0.544199 -0.0263587 
1.13387 1.28032 1.10241 1.13079 1.72475 0.739981 1.48046 1.08809 1.21935 0.995564 0.181475 0.0420381 
1.25446 1.1854 1.09236 0.824658 2.07197 0.716489 0.825304 1.77437 1.9813 0.870453 0.194133 0.0046456 
1.1264 1.08513 1.06094 0.957012 2.16927 0.766083 0.849734 1.63687 2.17419 0.82094 0.321402 0.0256246 
1.08352 1.23989 1.61351 0.852414 1.44328 0.111797 1.84082 1.63035 1.51572 0.848537 0.67931 0.132612 
1.16731 1.25041 1.82813 1.31867 1.42007 0.626995 2.12033 0.725763 1.52035 1.15406 0.670191 0.20834 
1.04967 1.13266 1.5822 1.5697 1.8374 0.772373 1.36979 0.153165 1.73169 1.08893 0.599824 0.0980439 
1.01098 1.3054 1.64116 1.09549 2.08903 1.11487 0.822767 0.978465 2.00749 0.366658 0.307788 0.0796262 
1.00118 1.31354 1.28651 1.05707 1.82681 1.56868 2.01705 1.25198 1.09997 0.749065 0.254288 0.131303 
1.03054 1.11792 1.81583 1.20287 2.0065 1.35273 0.8604 1.29629 1.66321 0.838751 0.258771 0.129492 
0.983646 1.20163 2.07372 0.872172 2.03256 1.12111 1.28241 1.3167 1.16314 0.630947 0.162867 0.138804 
0.983876 1.25459 1.63514 0.708151 1.37408 0.0581175 1.76731 1.72775 0.69301 0.577116 0.00689383 0.0174183 
0.964269 1.56842 1.73665 0.573112 1.9847 0.741036 1.57622 1.81196 1.18883 1.14762 0.0229438 0.167415 
0.977493 1.2003 2.03486 0.204815 1.86386 1.18182 2.3136 1.19696 1.7888 1.026 0.49663 0.227411 
0.906315 1.88021 1.08908 0.816921 2.22432 0.624551 1.65054 2.23664 1.32579 0.533657 0.626444 0.045502 
1.01587 1.712 1.61446 0.51956 1.27317 0.944247 1.56513 0.428027 1.1576 0.866877 0.461662 0.192493 
0.966475 1.49482 1.85443 -0.0952242 0.465117 1.2078 0.715232 -0.107988 0.839389 0.525365 0.432107 0.165818 
0.997158 1.35165 2.11523 0.574713 1.22478 1.04273 1.15037 0.82266 1.05232 1.27384 0.477022 0.152587 
1.01768 1.47927 2.08003 0.932577 1.57802 0.750162 0.441662 0.437886 1.4637 0.982314 0.617937 0.202559 
1.01032 1.66863 1.81948 0.224306 0.779574 0.617051 0.84368 0.982078 0.823451 0.422263 0.595271 0.0808705 
1.04147 1.50175 2.06891 0.566195 0.327943 0.832888 1.45544 1.67122 0.252532 0.749344 0.569684 -0.0123046 
1.13048 1.46164 2.44824 1.03208 1.34094 1.12677 1.25211 0.969442 0.352587 0.07309 0.532756 0.0804019 
1.04415 1.39321 2.17414 0.687479 1.17866 0.608434 1.58941 0.925475 1.07722 -0.0454035 0.476526 0.102445 
0.953109 1.37033 2.11111 0.904316 1.38718 0.419114 0.988792 0.91012 1.24023 1.12817 0.755271 0.148501 
0.838834 1.77002 2.11818 1.26636 1.6659 0.236097 0.912569 1.38171 1.24037 0.770041 0.984049 0.159851 
