1.03428 1.171 1.04306 1.0419 1.6517 -1.03963 -1.44169 -0.0931831 0.545967 0.181913 -0.310415 -0.0453319 
1.03374 1.15134 1.48455 1.4412 1.4728 -0.447823 -1.03433 -0.321324 1.04253 -0.224188 -0.419644 -0.0812576 
1.02486 1.31083 1.22959 1.72742 1.42016 -0.692164 -0.927397 -0.457376 0.889364 -0.903908 -0.684934 -0.186672 
1.09569 1.5113 1.23324 2.19932 1.63986 -0.386337 -1.09749 -0.724501 0.450074 -0.529371 -0.287542 -0.251534 
0.937726 1.52713 1.47535 1.33807 1.49259 -0.275074 -0.960745 -0.35385 0.543083 0.504685 -0.0600619 -0.0645394 
0.997649 1.37621 1.76539 1.59676 1.56551 -0.495537 -0.632808 -0.117543 0.705925 0.495194 -0.440429 0.0387129 
1.02038 1.3799 2.10221 1.53776 1.33119 -0.14976 -0.895707 -0.556253 0.14329 -0.411591 -0.731428 -0.17775 
1.00755 1.62493 1.30602 1.80016 2.2743 0.31261 -1.24736 -0.711687 0.653778 -0.695106 -0.55398 -0.38674 
1.13839 1.58984 2.00726 2.50593 1.71258 0.166123 -0.541092 -0.961761 0.940976 -0.450131 -0.572885 -0.192735 
0.938202 1.59296 2.10058 2.43537 2.42677 -0.215893 -0.90296 -0.481064 1.32252 0.18345 -0.306099 -0.0560441 
1.09575 1.59415 1.44995 1.91157 2.16268 -0.273958 -1.19039 -0.297861 0.580033 0.128374 -0.155898 -0.137698 
0.98182 1.34977 1.24417 1.11314 2.00982 0.671564 -0.641025 -0.239364 0.132441 -0.105046 -0.364744 -0.141868 
0.858615 1.31116 1.80906 1.92525 1.98605 0.353932 -0.365337 -0.0829463 0.303348 -0.405439 -0.403499 -0.112552 
0.975437 1.3506 1.81763 1.69293 2.23589 0.0505196 -0.152365 0.210299 1.30127 -0.0529706 -0.291256 0.027869 
1.07375 1.15263 1.4445 1.93107 1.90448 0.226695 -0.498131 -0.869219 1.24251 0.432491 -0.627888 -0.107595 
0.973645 1.55731 2.06764 1.60139 1.20811 -0.396185 -1.28761 -0.937806 0.598422 0.307629 -0.552452 -0.0059601 
0.984219 1.44224 1.41712 2.03324 0.97278 -0.212806 -0.0984844 -0.376554 0.276752 0.347186 -0.292165 -0.00870944 
0.972991 1.10362 1.38303 1.47115 1.45301 0.421462 0.555429 0.171152 -0.129139 0.75891 0.00938875 -0.00686238 
0.999379 1.44389 1.6088 1.28984 1.51589 0.243682 0.305004 0.387935 0.151155 0.178629 -0.0402574 0.00808183 
0.972018 1.44681 1.45916 1.60139 0.605507 -0.0292417 0.677738 0.15796 0.233118 -0.45609 0.0649598 -0.0878892 
0.960506 1.58096 1.38541 1.77552 1.33139 -0.147827 -0.924756 -0.530771 0.512121 -0.0143031 -0.252718 -0.162836 
0.855941 1.63765 1.44449 1.71357 2.10978 0.188578 -0.999182 -0.0329076 0.662493 0.0883595 -0.123892 -0.0801463 
0.873035 1.53836 1.51181 1.21111 2.07427 -0.186668 -0.0396649 0.420859 0.480825 0.468297 -0.186856 0.0336016 
1.03338 1.44968 1.45144 1.9688 1.81246 -0.156571 -0.120532 0.563078 0.49711 0.37988 -0.384016 0.00917149 
1.10285 1.51952 2.03584 1.08365 1.21915 -0.0846168 -0.57505 1.08175 0.754703 0.000865313 -0.109108 0.0285079 
1.05857 1.62827 2.37575 1.66466 1.03636 0.0484867 0.246001 1.00005 1.22294 0.169499 0.300628 0.223018 
1.00709 1.81759 2.0908 2.13928 1.30455 1.3333 1.5113 0.812083 1.24751 0.4844 0.973164 0.182632 
1.30506 2.20417 2.75214 2.46392 2.67536 1.50705 1.22582 1.25925 0.500323 0.487761 0.455331 0.151884 
1.4793 2.4532 2.86049 2.843 3.45138 1.42304 1.34604 1.03825 0.701211 0.451739 0.261609 0.106146 
1.62345 2.58415 2.99146 2.87638 2.91394 1.75536 1.43687 0.281043 0.601239 0.0312914 0.089649 -0.0338689 
2.22167 2.5095 2.07153 1.85181 3.22149 3.11708 1.70377 -0.380773 -0.210154 -0.163833 0.15945 0.0970558 
2.23449 2.17275 1.86647 1.79467 3.92737 2.90583 1.95081 -0.839493 0.268002 -0.81656 0.080583 0.18189 
2.14383 2.26469 1.28941 1.53164 3.66237 2.86423 1.69871 -1.06714 0.0431335 -0.763646 0.263061 0.143333 
2.23928 1.94588 0.964526 0.906527 3.7463 2.77898 1.42077 -1.19836 -0.341587 -0.706135 0.238659 0.232294 
2.44678 2.10887 0.73257 0.294683 3.52881 2.18736 1.84475 -1.37784 -0.734274 -0.454395 0.15679 0.314148 
2.26448 2.15754 0.538935 0.605723 2.89393 2.35113 1.69446 -0.670989 -0.883547 -0.222412 0.233265 0.240977 
2.42112 2.07467 0.593601 0.460859 3.29645 2.55234 1.71952 -0.468837 -0.668945 -0.188898 0.237352 0.240841 
2.36464 2.18756 0.617566 0.379651 2.99493 2.75829 1.81058 -0.380444 -0.205819 -0.13189 0.255573 0.192753 
2.51232 1.97066 0.202922 0.386349 3.1702 2.47858 2.04936 -0.680499 -0.144346 -0.345805 0.18147 0.236394 
2.6319 1.73047 -0.240328 0.295141 3.60937 2.10116 1.87973 -1.05188 -0.0139788 -0.302254 0.0587692 0.182463 
2.38848 1.44672 -0.44192 0.244201 2.21198 0.823112 0.0418525 -0.498077 0.873617 0.49839 0.32558 -0.0273061 
2.70017 1.12341 -1.50479 0.45938 2.8369 -0.81567 -1.26892 -1.31873 0.864052 1.10449 0.30096 -0.0815534 
2.94795 1.05825 -1.80522 0.511943 2.48511 -1.28838 -1.22942 -1.3296 0.858181 0.804815 0.11471 -0.113387 
2.90595 1.13791 -1.80315 0.664088 1.84186 -1.18467 -1.37069 -1.07503 0.806223 0.668983 0.132287 -0.132081 
2.79557 1.04538 -1.54896 0.943924 0.9175 -0.767495 -1.17894 -0.959368 0.802525 0.541201 0.217922 -0.155435 
2.94671 1.07167 -2.1799 1.29521 0.481863 -0.559179 -1.01369 -1.10144 0.760886 0.348649 0.339391 -0.171503 
2.90103 1.31262 -2.23799 1.05088 0.958414 -0.810064 -1.30857 -1.43993 0.786935 0.348874 0.345066 -0.163647 
2.97653 1.08321 -2.1463 1.00961 1.09816 -1.3318 -1.36327 -1.71349 0.944108 0.387556 0.291035 -0.228087 
2.80521 1.19022 -1.88991 1.0855 0.576852 -1.22959 -1.26102 -1.74314 1.07989 0.393003 0.396224 -0.26306 
2.95533 1.23347 -1.91833 1.41565 0.480917 -1.70424 -0.904902 -1.77796 1.35821 0.409383 0.617584 -0.301526 
2.99652 1.07963 -1.69967 1.21959 0.881298 -1.78606 -1.23206 -1.36808 1.34411 0.67765 0.381984 -0.197293 
2.91756 1.07005 -1.74712 1.49977 0.649321 -2.03068 -0.774746 -1.64098 1.67972 0.453203 0.47779 -0.340344 
2.75677 1.2776 -1.7456 1.1275 0.779884 -1.76545 -1.17237 -1.59163 1.72591 0.466874 0.278051 -0.376556 
2.91425 1.29227 -2.09932 0.919954 1.08938 -1.85423 -1.00913 -1.43878 1.82481 0.441985 0.183744 -0.379028 
2.89428 1.30087 -1.99142 0.666498 1.22626 -1.73443 -0.892531 -1.21602 1.70427 0.475766 0.0608354 -0.349417 
2.91844 1.36839 -2.26422 0.992336 1.17746 -1.49081 -0.912581 -0.985279 1.72267 0.410142 0.0869064 -0.408066 
3.07976 1.20267 -2.39709 1.06384 1.24588 -1.48347 -0.757399 -0.711837 1.81742 0.3913 -0.0227595 -0.471802 
3.14709 0.951384 -1.87242 0.213634 1.88791 -1.44625 -0.591703 -0.356352 1.52382 0.690417 -0.358906 -0.456457 
3.1021 0.637578 -1.76113 0.745409 1.1826 -1.14953 -0.265283 -0.258344 1.50495 0.490856 -0.34102 -0.579743 
2.96567 0.764956 -1.81428 0.15879 1.69405 -0.845282 0.000122902 -0.432579 1.34687 0.326356 -0.468763 -0.485643 
2.88824 0.943694 -1.55816 0.28746 1.91793 -1.03611 -0.127023 0.194734 1.42407 0.334854 -0.655668 -0.506902 
3.01798 0.641691 -1.56686 0.769612 1.71292 -0.949185 0.225342 0.373718 1.57543 0.286189 -0.609846 -0.562606 
2.81387 0.726233 -1.79085 0.44111 2.5826 -0.36843 0.0606197 0.253171 1.23069 0.322806 -0.619036 -0.436949 
2.72241 0.42278 -1.05053 -0.415596 3.84464 0.239078 -0.601187 0.675791 0.266788 0.453659 -0.581354 -0.394772 
2.78296 0.624416 -1.34587 0.111991 3.73139 0.279064 -0.129814 0.37281 0.353713 0.327912 -0.601292 -0.286361 
2.77889 0.871304 -1.3816 0.574673 2.70186 0.420321 0.0898169 0.159397 0.473649 0.206777 -0.281109 -0.185249 
2.78765 0.72618 -1.46065 0.861066 3.85037 0.0723431 -0.103917 0.0248321 0.602703 0.467494 -0.43764 -0.223208 
2.57783 0.805009 -1.18187 1.47725 4.29046 0.118709 0.413237 -0.393342 0.314157 0.108812 -0.418405 -0.0446908 
2.58891 0.688653 -1.30909 1.64236 3.70721 0.445782 1.15215 -0.351223 0.583922 -0.175391 -0.37721 -0.152105 
2.79683 0.775566 -2.0839 1.54602 4.16344 0.876999 0.519672 0.0786283 0.691836 0.00642038 -0.580498 -0.233807 
2.69098 0.339246 -1.24014 1.19552 4.20509 0.888424 0.310124 -0.39606 0.191508 0.0202972 -0.354428 -0.0532871 
2.60628 0.823093 -1.98135 1.34809 4.02835 0.129663 0.709574 -0.651197 0.933694 0.0335478 -0.283582 -0.0369965 
2.64712 0.911211 -1.84495 0.989906 4.33105 0.37907 1.15788 -0.361315 0.738937 0.250551 -0.348019 -0.020635 
2.5859 1.05198 -1.47972 0.736962 3.72754 1.2583 0.436284 -0.298229 0.548319 0.688749 0.0530791 -0.147259 
2.62925 0.790119 -1.43246 0.828904 3.71515 0.411608 0.647899 -0.546042 1.05365 0.692341 0.0143959 -0.0685173 
2.67131 0.717233 -1.78016 1.14537 3.57842 0.805031 0.172578 -0.463222 0.996889 0.694269 0.108102 -0.113457 
2.69159 0.731812 -1.87845 0.932521 4.28448 0.864673 -0.0928594 -0.569618 0.66663 0.831893 0.0372515 -0.0830951 
2.72746 0.696802 -1.74465 0.787912 4.05449 0.994138 0.063751 0.335892 0.563652 0.682103 -0.19428 -0.148742 
2.75307 0.667201 -2.1767 1.47278 4.18614 0.623894 0.158246 0.0464614 1.1693 0.76555 -0.116854 -0.133165 
2.5993 0.766131 -2.06396 1.36306 3.83694 1.08882 0.306178 -0.470253 1.07765 0.731479 0.196488 -0.0786634 
2.53866 0.619961 -1.8782 1.91306 4.43834 1.41424 -0.097291 -0.195837 0.680696 0.713508 -0.0240247 -0.120464 
2.41091 0.823755 -1.96808 2.33041 4.83426 1.2068 0.411987 -0.276167 0.629703 0.447391 -0.200819 -0.0907024 
2.50567 0.757987 -1.68918 2.34049 4.56409 1.75555 0.425189 -0.0741393 0.362063 0.16547 -0.227762 -0.0713718 
2.47346 0.852078 -1.08729 2.03186 4.4362 1.50717 0.668794 0.020953 0.252019 0.266163 -0.143158 -0.0522996 
2.38519 1.07254 -0.241064 1.66409 4.36212 1.40733 0.555469 -0.0486007 0.331484 0.283683 -0.144829 -0.0522092 
2.47014 1.31583 -0.659165 1.25498 3.48915 1.49095 0.438803 0.256661 0.680477 0.332357 -0.181345 -0.153126 
2.55305 1.23119 -0.955247 1.71854 3.01267 1.61993 0.379428 0.638142 0.775967 0.00290396 -0.292899 -0.0161792 
2.46411 1.30621 -0.834588 1.23416 2.96903 1.08699 0.583893 0.484097 1.24739 0.675203 0.229168 0.0884268 
2.40351 1.38495 -0.542049 0.62067 3.49384 1.41475 0.414099 0.0848669 0.72318 0.63431 0.326834 0.126572 
2.33634 1.52207 -0.196055 1.29146 4.08899 1.75882 0.299322 -0.151086 0.580521 0.202205 -0.195901 -0.222017 
2.46333 1.50109 -0.33516 1.85556 4.48194 0.750353 0.790027 -0.502346 0.403767 0.152868 -0.262315 -0.04037 
2.31911 1.39925 -0.103916 1.3659 4.13433 1.44383 0.669585 0.371578 0.326521 0.278934 -0.317369 -0.179048 
2.0759 1.21534 0.173142 1.06458 3.22395 1.75663 0.918998 0.41673 0.908678 0.893171 0.157164 -0.103882 
2.10599 1.40403 -0.329291 1.43264 4.60063 2.22203 1.38491 -0.0159351 0.51294 0.400449 0.0137143 -0.0221099 
2.07555 1.35196 -0.234126 0.988839 4.37117 2.03597 0.877854 0.100586 0.984509 0.20316 -0.342332 -0.325512 
2.29467 1.26117 -0.45326 0.755198 4.09882 2.04958 0.60249 0.135273 0.162837 0.250665 -0.110015 -0.154201 
2.19156 1.28317 -0.0416711 1.35302 4.69608 2.32467 0.647133 0.229386 0.194647 0.19355 -0.221706 -0.18255 
1.82431 1.06574 0.356562 0.862766 3.60279 2.13099 0.533411 0.743773 0.401584 0.114681 -0.392456 -0.252534 
1.8874 0.883156 0.370605 0.500963 3.30928 1.53879 0.754619 0.503863 0.937425 0.126857 -0.0167127 0.01556 
1.7876 1.55087 0.496606 0.676547 3.44899 2.54569 1.19383 0.229615 0.834809 0.318505 0.0923437 -0.0470057 
1.80249 1.4498 0.416439 1.38287 4.5095 2.73272 1.37261 0.357707 0.17557 0.371236 0.134292 0.0807704 
1.78767 1.48891 0.821658 1.75694 3.98613 2.67733 1.8443 0.231735 0.600963 0.25292 0.322968 0.207748 
1.854 1.79908 0.882191 2.21981 3.68469 2.42427 1.68495 -0.206048 1.18961 0.461885 0.27047 -0.00724387 
1.85175 1.60361 0.789362 1.59916 4.26516 2.20806 1.36887 -0.390302 0.487683 0.137684 0.244429 0.0796096 
1.80269 1.56139 0.624342 1.28407 3.36704 1.25686 0.57061 -0.087781 1.23769 -0.119247 -0.275856 -0.274785 
1.72051 1.28597 0.914396 1.13593 2.71737 1.59401 0.880654 -0.356413 0.635412 0.0628533 -0.403047 -0.246664 
1.62857 1.90221 1.22625 1.59114 2.52256 1.66607 1.57271 -0.578707 -0.0546045 0.497402 0.0572343 0.000388686 
1.72195 2.11533 1.61525 1.59896 2.61439 1.9501 1.94924 -0.372431 0.146521 0.240989 -0.0139024 0.0169016 
1.7021 1.90175 1.91373 1.57863 3.12492 2.00313 1.6764 -0.31531 0.861803 0.0529994 0.0214442 0.0529664 
1.48792 1.69468 2.01702 2.08013 3.5905 1.87398 0.829903 0.528694 0.90053 0.450081 -0.00682113 -0.0327081 
1.3245 1.43146 2.2902 2.20619 3.46851 1.30169 0.340666 0.11391 1.36407 1.07467 -0.0945979 -0.0260712 
1.5349 1.36141 1.92972 2.14051 3.11988 1.08363 1.3701 -0.225716 1.55656 1.29289 -0.239779 -0.03293 
1.54777 1.62334 1.96552 1.38889 3.20176 1.46224 1.8133 -0.0330528 1.48919 0.681987 0.0812163 0.198883 
1.42328 1.58253 1.73685 1.19017 2.55208 1.59093 1.02819 0.747724 1.42107 0.439405 0.719153 0.270884 
1.35241 1.42132 2.06748 0.987668 2.30742 1.78735 1.21211 0.92314 1.66307 0.570634 0.483302 0.258511 
1.36543 1.36082 1.89701 1.12494 2.19905 1.84207 1.92079 1.60272 1.18642 1.02484 0.312779 0.204676 
1.4905 1.38665 1.91733 2.00764 3.05767 2.45517 1.98948 0.934171 0.466899 1.34481 0.228224 0.154436 
1.51144 1.63424 2.14305 1.9254 3.00239 2.25326 2.13451 0.674961 0.682639 0.479979 0.402403 0.242211 
1.38237 1.43095 2.08757 1.89799 3.26541 1.55835 1.70008 1.24701 0.849494 0.523695 0.41858 0.243455 
1.37098 1.4779 1.82869 2.04028 3.42232 1.81449 1.4395 1.25434 1.59803 0.388232 0.381249 0.241548 
1.39088 1.85302 2.08767 1.88582 3.87975 1.87571 1.37576 1.40525 1.09059 0.526052 0.555143 0.230768 
1.29514 1.56157 2.11516 2.1314 2.92674 1.92931 1.20906 0.962377 1.16498 1.13375 0.526196 0.246778 
1.22014 1.87351 2.2853 1.65492 2.84233 1.92383 1.73371 1.04329 1.41793 0.758005 0.465093 0.299312 
1.24368 1.63236 2.22593 1.85271 3.08475 2.01513 1.99943 1.12968 1.46727 0.798017 0.22454 0.293715 
1.20086 1.50114 2.35489 1.51234 2.56222 1.66538 1.73167 0.9467 1.3302 0.642228 0.517953 0.284791 
1.22909 1.582 2.64667 2.04396 3.82357 1.09618 1.78945 0.998108 1.63897 0.506974 0.168567 0.329755 
1.27481 1.46647 2.26995 1.84286 2.82968 1.43288 2.06894 1.76416 1.13836 1.12764 0.0744851 0.256945 
1.17546 1.87266 2.30279 1.21985 2.43439 0.85221 2.17082 1.33646 1.25178 0.91121 0.51721 0.321841 
1.16089 1.73377 2.35346 1.71452 2.43001 1.08789 2.30679 1.52106 1.0208 0.461641 0.635044 0.2852 
1.16181 1.81207 2.63364 2.00841 2.76559 1.84038 1.80571 0.98355 1.2984 0.0989988 0.791597 0.263544 
1.17569 1.71506 2.93727 1.55612 2.51808 1.63702 1.74169 0.48688 0.894141 0.58905 0.783228 0.27763 
1.2321 1.97245 2.67293 1.42578 2.393 1.06186 0.880191 1.13741 0.96502 1.01735 0.694745 0.296052 
1.17541 1.51693 2.21149 1.27635 2.59485 1.83155 2.08191 0.768096 1.35639 0.785009 0.539002 0.326468 
1.12185 1.40557 2.21965 0.990188 2.08149 2.06346 2.37218 1.00693 1.62665 0.390785 0.546447 0.325306 
1.1398 1.49677 2.06042 1.48604 1.60143 2.07398 2.60911 1.33788 0.782332 1.28138 0.391888 0.237699 
1.04416 1.71357 2.13408 1.19999 2.67211 1.45592 2.68566 1.91261 0.383729 0.863889 0.59245 0.270051 
1.15174 1.67886 1.81299 1.75779 2.26766 0.599159 2.09166 1.36495 1.46164 1.36024 0.208026 0.304668 
1.19135 1.74463 1.91332 1.86548 2.52089 0.919028 1.58791 0.894678 1.40702 0.870931 0.449815 0.263763 
1.37073 1.74968 2.14809 1.71526 1.56562 1.28555 1.86387 0.727995 1.28392 0.0239912 0.400915 0.181151 
1.39398 1.82216 2.1484 1.89967 1.5826 1.14736 0.721618 0.954419 1.31279 -0.425253 0.370337 0.136988 
1.4907 1.8365 1.876 2.30056 1.74017 1.78339 1.39642 0.042219 1.09498 -0.669764 0.572694 0.145352 
1.35199 1.72419 2.04858 1.71522 1.64155 0.947337 1.10109 -0.0832766 0.550622 -0.444581 0.0246723 0.0315956 
1.32128 1.59611 2.15814 0.545581 1.83946 0.207841 0.993921 0.115311 0.21277 0.113439 -0.0436551 0.0752012 
1.3169 1.92256 1.68568 0.850304 2.0945 0.535426 0.248279 1.01806 1.10526 0.0552584 0.0233075 -0.0237773 
1.21526 1.95977 2.30016 1.39372 1.6072 0.346488 0.962434 0.408119 0.890336 -0.352983 0.307078 0.0478221 
1.21463 1.87937 2.01446 1.01739 2.27916 0.517477 0.975368 0.96383 0.804724 0.0688737 0.544744 0.134499 
1.25048 1.55937 2.28784 1.45251 1.66 0.511636 0.960642 1.36334 0.704734 0.0978594 0.347475 0.139541 
1.1405 1.97692 2.62596 1.4944 1.16572 -0.252871 1.7527 1.15389 0.914452 -0.301945 0.0102266 0.0629577 
1.22444 1.91719 2.34829 1.27254 0.578988 0.347136 1.71775 0.905455 0.604144 -0.656544 0.143552 -0.0736391 
1.16482 1.78386 2.32836 1.15789 1.2669 0.147504 0.372026 1.074 1.30334 -0.0177396 0.25418 0.164869 
