-0.218498 0.292428 1.40123 3.4688 2.27224 1.08474 1.05267 2.08714 0.678817 0.911231 0.332416 -0.0137392 
-0.331818 0.247456 1.56945 3.68551 2.65618 -0.0504102 1.74512 2.2702 0.326124 0.851277 0.218925 0.0883263 
-0.287367 0.201053 2.14709 3.52435 3.2877 -0.313829 1.67275 2.53176 0.5437 0.804874 0.332227 0.143689 
-0.253474 -0.0701042 1.77874 3.5199 2.82105 -0.156298 1.67929 2.93284 0.612469 0.476796 0.450839 0.0390662 
-0.350774 -0.0879616 1.82763 3.09492 1.85683 -1.08824 2.09536 3.04836 0.133823 0.170507 0.328897 0.100626 
-0.327006 0.204215 1.69719 3.27017 1.98609 -1.63898 1.9667 2.86998 0.307351 0.306737 0.558173 -0.125254 
-0.372661 0.394179 2.17834 3.13933 2.78933 -0.890662 1.74724 1.84326 -0.0100935 0.850218 0.397653 -0.112481 
-0.379222 0.235086 2.0588 2.67117 2.92842 -0.738873 1.46942 2.32853 -0.0657349 0.501602 0.136618 0.217914 
-0.553475 -0.0651481 1.55948 2.84951 2.2893 -0.594296 2.02625 2.70223 -0.495002 0.337273 0.398167 0.0717618 
-0.297453 -0.0146828 1.20304 2.51944 2.2866 0.815947 1.86253 2.5549 -0.507114 0.757052 0.668068 -0.282837 
-0.177064 -0.196281 0.620795 3.29426 2.37702 0.432833 1.00883 2.91564 0.141835 -0.0166674 0.819812 -0.276801 
-0.302409 -0.385113 0.413338 3.14332 2.40197 0.257633 1.98163 3.08885 -0.381701 -0.815774 0.74369 0.113845 
-0.296693 -0.840488 -0.0214334 2.71456 3.12954 -0.319125 1.62232 2.57751 -0.473721 -1.06392 0.614716 0.206234 
0.0558124 -0.616763 0.882752 2.87591 1.61738 -0.520229 2.31849 3.51854 0.204595 -0.792881 0.334493 0.0997552 
0.539088 -0.370895 0.494648 2.13102 2.65668 0.246099 2.48786 2.22935 -0.375621 -0.407246 0.318203 0.315953 
1.09403 0.234497 0.621419 1.64623 2.691 1.03908 1.73117 1.58434 0.00119738 0.249398 0.308262 0.105293 
1.77088 0.757211 -0.598792 0.947555 3.50757 1.45382 1.41524 1.18599 0.643137 0.722497 -0.203034 -0.123847 
2.20445 0.349022 -1.13242 0.894289 3.94637 1.35943 1.68755 1.16356 0.742472 0.692117 -0.18484 -0.122568 
2.40818 0.0454936 -1.22595 1.43024 4.35799 1.51373 1.65057 0.588634 0.403262 0.399185 -0.0690201 -0.00645294 
2.36849 -0.0954527 -2.20634 1.20437 4.21311 1.73812 1.45856 0.527433 1.18314 0.566093 0.00954252 -0.0642485 
2.35884 0.270685 -2.19759 1.28492 4.95916 1.61547 1.17808 0.328219 0.849154 0.67484 -0.129776 -0.0246397 
2.16409 0.342312 -1.77114 0.687063 4.43564 1.30673 1.26002 1.3048 0.745728 0.871908 -0.25954 -0.112595 
2.15979 0.0881699 -1.85901 0.900578 4.48528 1.33729 1.00304 1.71241 0.805734 0.794125 -0.392146 -0.18058 
2.15341 0.17941 -1.92706 1.22513 4.21333 1.43405 1.24405 0.993729 1.04106 0.692737 -0.177928 -0.141641 
2.15675 0.251165 -2.19329 1.21226 4.54236 1.39386 1.01609 1.23523 0.988275 0.980008 -0.312554 -0.199852 
2.16317 0.253741 -2.34388 1.04352 4.91951 1.28648 0.725409 1.40966 0.904051 1.22536 -0.451611 -0.227484 
2.18716 0.256457 -2.28638 0.87674 4.72282 1.55048 0.634902 1.39061 0.895431 1.17385 -0.387373 -0.290382 
2.31118 0.450449 -2.56788 1.08063 4.38053 1.7848 0.588926 1.43964 1.0064 1.21132 -0.441928 -0.345004 
2.30223 0.506997 -2.42905 1.32896 3.69369 1.80132 0.51727 1.77635 1.17232 1.01411 -0.485009 -0.318989 
2.38026 0.539253 -2.09325 0.716417 4.40126 1.56328 0.964528 1.74793 0.655029 1.14992 -0.361639 -0.238151 
2.43796 0.451631 -2.0291 0.408847 3.90208 2.02614 0.730341 2.03921 0.662845 0.989219 -0.260016 -0.28766 
2.40764 0.771891 -1.65078 0.0217065 4.53648 1.83692 0.861824 2.04338 0.140368 1.36722 -0.202461 -0.272613 
2.52773 0.782703 -1.80942 0.842052 4.93458 0.929816 0.784725 2.05089 0.995173 1.40565 -0.685509 -0.304397 
2.44368 0.842605 -1.30586 0.917536 4.39117 0.908653 0.964547 2.03608 1.25309 1.5049 -0.468766 -0.397843 
2.25484 0.743696 -0.768846 0.948485 3.54819 1.75074 1.12139 1.33906 1.20693 0.96298 -0.175384 -0.314186 
2.09334 0.771719 -0.572172 0.944522 3.42189 1.40053 1.30974 1.65784 1.73961 0.936223 -0.299045 -0.284335 
2.02039 0.848384 -0.87948 1.27869 3.10553 1.67578 0.879133 1.84929 1.52674 0.634626 -0.46172 -0.284971 
1.54741 0.712104 -1.47578 1.02992 2.12838 2.40106 -0.625833 1.95288 2.47305 0.670249 0.484763 -0.222854 
1.65046 1.03414 -1.19596 0.66846 1.69296 1.68362 -0.204896 1.85359 2.07267 0.817057 0.607345 -0.131338 
2.176 1.59911 -0.650176 0.0663793 1.86634 1.52754 0.356073 0.629122 1.67339 0.62282 0.183557 -0.310738 
2.61529 1.77613 -0.833175 0.485459 1.38625 1.29554 0.275117 -0.0960344 0.981366 0.800597 0.380991 -0.170554 
2.60734 2.03413 -0.915241 0.21931 1.51689 0.976168 -0.111926 -0.631796 1.47237 0.726823 0.475181 -0.247615 
2.50201 1.96234 -0.321178 0.364769 1.49594 0.590845 -0.653708 -0.419404 1.28335 0.629768 0.381995 -0.113081 
2.40062 2.10504 0.33087 0.506392 1.20545 0.106138 -0.724434 -0.145892 1.17901 0.298814 0.265485 -0.0271405 
2.43231 1.90881 -0.0252918 0.902283 1.77393 0.552803 -0.439265 -0.14835 1.07272 0.0690889 -0.0403619 -0.182595 
2.37617 2.10722 -0.358271 1.04959 2.40175 0.950918 -0.380681 -0.36046 1.03607 0.125594 -0.0373789 -0.333335 
2.3687 2.03517 0.143206 0.736498 2.4309 0.54053 -0.243241 -0.458862 1.11649 0.0521561 -0.0464556 -0.255059 
2.25684 1.78806 0.232159 0.910016 2.83476 1.10939 -0.229498 -0.115613 0.992025 0.268517 -0.0975642 -0.330281 
2.35898 1.81232 0.536047 1.04894 2.80199 0.607 0.35514 0.411179 0.920418 0.411503 -0.229218 -0.27577 
2.21847 1.59716 0.564023 1.23255 2.74774 1.67895 0.856225 0.327678 0.817909 0.158764 -0.223358 -0.264501 
2.25271 1.74244 0.488367 1.1669 2.71967 1.95136 0.695936 0.226177 0.999281 -0.149113 -0.256047 -0.274543 
2.13502 1.84057 0.867777 1.54484 3.01305 1.77932 0.469444 0.457035 0.884608 0.257465 -0.192987 -0.290288 
2.1203 1.92543 1.19178 1.26087 3.35205 1.99898 1.18604 1.00849 0.831078 0.198363 -0.280786 -0.261121 
2.19433 2.05576 1.69682 1.37241 3.21114 2.08031 0.570292 0.808843 2.02612 0.151936 -0.232561 -0.301865 
2.12009 2.08607 1.88949 0.916677 3.50683 2.19335 1.62144 0.919234 1.68046 -0.296251 -0.298971 -0.134805 
2.30432 1.92773 1.63008 1.25076 3.10761 1.40208 2.32973 1.35218 0.931955 -0.668893 -0.673895 -0.137446 
1.94046 1.94896 1.31522 1.26462 2.46682 1.46118 0.995247 0.715332 0.999258 -0.0780345 -0.281235 -0.219419 
2.10638 2.04221 0.894033 0.700174 2.45137 1.25771 0.695696 0.635204 0.957247 -0.168427 -0.407348 -0.379052 
2.11416 1.93886 0.450181 0.320312 2.71192 0.870835 -0.289041 0.175672 0.720998 -0.107164 -0.221783 -0.392199 
2.12392 2.00875 1.52882 1.09733 2.51609 0.873548 0.512958 -0.215505 0.436611 -0.0514204 -0.267717 -0.223758 
2.05791 1.99626 1.93444 1.99576 2.47383 0.546564 1.34276 0.120585 0.993141 0.665912 -0.318496 -0.244026 
1.92908 2.36454 1.81342 1.6954 2.5843 0.951574 1.49976 0.740368 1.15301 0.171116 -0.320223 -0.201483 
2.11062 2.04605 2.16631 1.80822 2.31404 0.916056 0.988927 0.77272 1.01387 0.984099 -0.187075 -0.231766 
2.01294 2.35058 1.9953 1.7312 2.29798 1.28191 1.17764 0.204852 1.35247 0.469033 -0.03685 -0.0873082 
1.93525 2.04996 1.83578 1.40161 2.75197 1.21754 1.39748 0.249587 1.44585 0.435809 0.221803 0.150367 
1.88524 1.68189 1.87257 1.16266 3.33467 1.36992 1.71909 1.20879 1.41324 0.752179 0.0727714 0.12925 
1.74773 1.79083 1.52834 1.50267 3.60379 1.86902 1.33509 1.65713 1.17656 0.453443 0.0806852 0.0482784 
1.67449 1.93577 2.15678 1.96236 3.01591 1.1687 1.201 1.49377 1.21301 0.73323 -0.00424456 0.0519577 
1.67129 2.07969 1.36471 1.34229 2.28804 0.82984 0.789005 1.31795 0.656383 0.692323 0.463527 0.206166 
1.75827 2.01513 1.91384 1.83845 2.539 1.10473 0.964779 0.841007 0.894303 0.692918 0.0599815 0.0324272 
1.82069 2.05445 2.17805 2.35571 2.03854 1.49687 1.56926 0.776908 1.01756 0.743862 -0.133751 -0.0817647 
1.72982 2.26826 1.87138 1.80244 2.86207 0.849 1.37381 0.687531 1.18867 0.757713 0.00137255 0.0551814 
1.71712 2.19867 1.72849 1.50509 3.39335 0.674392 2.03816 1.23805 1.69358 0.912821 -0.00297701 0.157352 
1.62282 1.83215 2.20962 1.37553 3.28603 1.8973 1.346 1.27582 1.53532 0.101773 0.346853 0.201436 
1.64241 1.90915 2.02192 1.01554 2.92023 1.27353 1.56963 1.16467 1.2571 0.112621 0.0680089 0.1005 
1.55162 1.78179 2.32192 0.877973 3.06283 0.84889 1.98484 1.23558 0.915248 -0.0435246 0.076148 0.183335 
1.68305 1.85739 2.03229 0.950519 3.01801 1.07485 2.20891 0.73224 0.775624 0.188979 0.0989922 0.223461 
1.60682 1.98454 2.19204 1.21564 2.65451 1.17915 1.93893 1.03484 1.19017 -0.263986 0.332508 0.209863 
1.49296 1.78709 2.39109 2.41538 2.65602 2.25967 1.96569 0.770394 0.950942 -0.470626 0.526184 0.211832 
1.58097 2.09035 2.55882 1.88151 2.62618 2.35441 1.15321 1.38802 1.29586 -0.139966 0.184947 0.0766158 
1.57285 1.44152 2.63537 1.7069 2.27062 1.33235 1.67686 1.21389 0.760248 0.55583 0.103584 0.105654 
1.41483 1.38271 2.13825 1.91643 2.48832 0.932035 1.98445 0.752882 0.263774 0.650768 0.283381 0.158591 
1.27288 1.9503 2.11743 1.10079 2.66965 0.790981 2.18785 0.932277 -0.275131 -0.263166 -0.104959 -0.00498355 
1.29532 1.70872 1.903 1.21073 1.58898 0.734315 2.22373 0.274059 0.0204462 0.273937 -0.165366 0.000715168 
1.41069 1.47946 1.65091 1.62385 1.85411 0.834663 1.83707 0.653307 1.11824 0.360715 0.307183 0.143092 
1.46032 1.55782 1.59722 1.52523 2.49096 0.120407 1.61924 1.30868 0.337106 0.988854 0.451107 0.269125 
1.46876 1.83278 2.09908 1.28127 2.10565 0.695386 1.28622 1.09684 1.54517 0.0656986 -0.0854899 0.0611808 
1.32116 1.54743 2.12247 1.20507 1.79122 0.319999 1.02383 0.581041 1.01612 0.0827136 0.405703 0.181448 
1.24985 1.40922 1.686 0.133193 1.9422 1.29895 2.09622 0.886497 0.425995 -0.535398 0.48932 0.175916 
1.22763 1.47589 1.94023 0.524078 1.86352 1.26459 2.22448 0.996949 0.338247 -0.308158 0.806628 0.183464 
1.14396 1.35435 2.00513 1.39556 1.79024 1.81703 2.36738 0.861977 0.738761 0.484105 0.515505 0.193442 
1.4568 0.851463 0.372316 0.115323 1.49589 1.17525 2.88043 1.7971 1.11387 0.135307 -0.188545 -0.132209 
1.4698 1.03697 0.824769 0.109863 1.50568 1.16602 2.4056 2.1787 1.23687 0.108551 -0.354978 -0.153018 
1.33012 2.03528 1.67461 1.00399 1.20054 0.644013 1.19147 0.479879 1.31128 0.904314 0.34103 0.179811 
1.32842 1.91944 1.21445 0.474293 2.06975 1.61165 1.63433 1.55797 0.588987 -0.115434 0.560157 0.108129 
1.34638 1.60107 1.6007 0.180519 1.55777 1.94432 1.96279 1.3776 0.00917947 -0.354321 -0.0711342 -0.0292208 
1.18729 1.4124 1.67241 0.452897 1.11821 1.26276 1.23944 1.39898 0.389415 0.0457266 0.353368 -0.00496567 
1.16462 1.30124 1.42693 0.467561 2.21325 0.502553 1.19259 1.72848 1.00049 0.431778 0.801906 0.12445 
1.21768 1.28121 1.46018 0.881316 2.51085 1.48139 2.01006 2.03241 0.789762 -0.427025 0.0499063 0.163602 
1.22885 1.41605 1.62286 1.27215 2.17132 2.07742 1.55344 1.90091 1.41046 -0.97649 -0.159513 0.115234 
1.17718 1.57856 1.45228 0.382323 1.13277 1.30913 1.98335 1.46625 1.58195 -0.00970894 0.288146 0.058231 
1.12545 1.45413 1.72359 0.881316 1.77633 0.582859 1.13983 1.3354 1.77732 0.547055 0.704257 0.208036 
1.13213 1.36994 1.49836 0.976164 1.52391 1.32845 2.20276 1.30828 0.982762 0.0797667 0.925713 0.194611 
1.21928 0.561473 0.472889 1.08788 3.09941 2.3285 1.54361 0.0713803 1.39839 0.552317 0.661094 0.176289 
1.30941 0.491766 0.634642 1.40441 3.55051 1.86671 1.35993 -0.449568 0.938771 0.755465 0.424222 0.148943 
1.12829 1.05006 1.54002 1.20755 1.60481 0.681466 1.61128 0.865863 0.64441 0.451767 0.12667 0.0893533 
1.13625 1.37288 1.78451 0.827667 2.28476 0.981354 1.7954 0.94585 1.4154 0.355387 0.3754 0.2078 
1.2177 1.47018 1.49148 1.2741 1.89812 0.284445 1.56047 0.852755 2.16251 0.579859 0.305565 0.193028 
1.25503 1.19675 2.03695 0.830855 1.82735 0.338674 1.73349 0.908864 1.09877 0.784836 0.527756 0.258327 
1.26589 1.36203 1.86398 0.707671 1.98196 0.335399 2.14757 1.08486 0.651952 1.22653 0.546555 0.250873 
1.22728 1.54629 2.29504 0.0713745 1.8812 0.651704 2.31884 1.72887 0.538041 0.516922 0.344942 0.119665 
1.05331 1.30519 2.08583 0.835033 1.64778 0.477921 1.67913 1.61961 0.775786 -0.100734 0.124794 0.129182 
1.01409 1.28325 1.66488 1.20036 2.33635 0.470147 2.55673 1.17577 1.13077 0.313 0.390043 0.247024 
1.11089 1.41386 1.56259 1.23369 2.53098 0.914167 2.16783 1.42882 0.992734 0.366278 0.177663 0.206939 
1.05508 1.36237 1.30934 1.68719 2.2795 0.814316 2.11084 1.53577 1.27824 0.256353 0.0518518 0.196674 
