0.806138 0.885581 0.166415 -0.707548 -0.816603 0.0703536 0.42994 -1.22788 1.06216 0.132072 0.0689585 -0.184965 
0.720561 0.609243 0.284689 -0.469565 -0.150901 -0.00489452 0.338638 -1.44789 1.23358 0.344842 0.301632 -0.284392 
0.763128 0.00779688 0.302034 -0.788413 -0.172124 -0.0536373 0.232914 -0.844212 1.05375 0.722269 -0.152098 -0.367563 
0.847781 0.569795 -0.251533 -0.983413 -0.440051 -0.393889 0.270843 -0.920424 0.614679 -0.289652 -0.240866 -0.163703 
0.842575 0.402591 -0.0721001 -1.14946 -1.08229 0.504125 0.105766 -1.50245 0.515285 0.0960625 0.255257 -0.0580972 
0.76215 0.425643 0.513217 -0.862912 -0.832481 -0.697243 -0.430924 -1.62885 0.365433 -0.0877644 0.415498 -0.25436 
0.947707 1.26967 0.0321675 -0.742533 -0.740988 -0.826205 -0.054746 -0.309747 0.514153 -0.175168 0.169736 -0.197516 
1.0554 0.836858 0.224125 -0.432936 -0.455351 -0.867794 0.18376 -0.0173901 0.982209 -0.195149 0.252499 -0.181058 
1.1344 0.802406 0.544392 -0.433623 -0.255186 -0.336171 0.684089 -0.00092441 0.76251 -0.297803 0.211859 -0.197006 
1.201 1.03432 1.07423 0.241656 -0.0413276 -0.0531276 1.3116 0.291097 0.0532544 -0.228123 -0.0249555 -0.178919 
1.04089 1.17338 1.24512 0.470228 0.864826 -0.115716 0.43782 0.370272 -0.270667 -0.0662472 0.0198701 -0.0743928 
1.01887 1.32823 1.18576 0.0981653 1.08496 0.481564 0.21957 0.317937 -0.338756 -0.0358418 -0.143855 -0.0797838 
1.10925 1.27853 1.55485 0.518197 0.483544 0.373798 -0.296831 -0.37328 -0.820413 0.107303 0.0302446 -0.177736 
1.33074 1.83517 1.90178 0.554994 0.785788 0.160526 0.618019 0.443219 0.113687 -0.37904 -0.0820599 -0.0884499 
1.37954 2.10456 2.32506 2.10092 1.77331 1.33237 1.00836 0.419779 -0.0171679 -0.314207 -0.252074 -0.183964 
1.49322 2.33378 2.6004 2.74041 2.37724 1.06934 0.659487 -0.046902 0.115641 -0.445298 -0.212998 -0.232252 
1.63575 2.75888 2.97815 3.22888 2.81352 0.632516 0.916395 -0.4814 0.650749 -0.864947 -0.204404 -0.28285 
1.72198 3.19736 3.30264 3.37545 3.19506 0.256037 1.20506 -0.581915 1.13153 -0.958596 -0.223541 -0.250345 
1.59431 2.76137 3.00369 3.21395 2.66436 0.3902 1.23408 -0.181536 0.0555092 -0.565488 -0.235481 -0.243383 
1.63642 2.86926 3.40809 3.2471 2.96442 -0.45455 1.74477 0.0252322 -0.563705 -0.647136 -0.347016 -0.204189 
1.68993 3.24321 3.26152 2.98835 3.6428 -0.818582 1.66607 0.113949 -0.500999 -0.947666 -0.504737 -0.209301 
1.61841 2.94427 3.16302 3.05139 3.19572 -0.0792782 1.04741 -0.529383 -0.482916 -0.991419 -0.380805 -0.343303 
1.60236 2.7431 3.08638 3.44744 3.52526 -0.493995 1.12314 -0.705596 -0.318604 -1.32683 -0.360579 -0.337659 
1.56331 2.5801 3.01749 3.52314 3.22315 0.0269258 0.555436 -0.452273 -0.264207 -1.05876 -0.275377 -0.359154 
1.56473 2.76025 3.22678 3.2338 4.00331 -0.123194 1.17116 -0.698464 -0.527752 -0.87197 -0.415255 -0.353828 
1.54877 2.33184 3.11443 3.53751 4.02382 -0.170805 0.290223 -0.0587398 -0.126337 -0.435842 -0.530465 -0.328409 
1.65288 2.49974 3.41103 3.53006 3.69739 0.437493 0.0401689 -0.130763 0.0626237 -0.324203 -0.587128 -0.364351 
1.74819 2.61664 3.37876 3.74022 4.34587 0.0359721 0.171715 0.194169 0.392951 -0.0892438 -0.732155 -0.294903 
1.57059 2.39508 2.90553 3.43115 3.83834 0.95249 0.395146 0.396237 0.874691 0.428489 -0.408868 -0.188739 
1.71467 2.79233 3.16882 3.89419 4.95886 0.332215 -0.160223 -0.0147903 0.744829 0.00345868 -0.748796 -0.419617 
1.73869 2.76036 3.30565 4.02266 4.74648 0.164312 -0.384337 -0.307995 0.731387 -0.297364 -0.897152 -0.486491 
1.7622 2.62043 3.02285 4.133 4.23393 0.524344 -0.50291 -0.563957 0.581637 -0.546939 -0.731256 -0.550625 
1.66349 2.54159 2.95565 3.86559 3.6337 0.676545 -0.256229 -0.613921 0.224481 -0.614764 -0.512109 -0.474752 
1.73256 2.311 2.9991 4.51293 4.51003 -0.823295 -0.00566139 -0.391169 0.307225 -0.706396 -0.990871 -0.422039 
1.7071 2.10556 2.76874 4.60926 4.48236 -0.658658 0.00421658 -0.568438 0.727378 -0.569754 -0.834939 -0.42671 
1.6117 2.20001 2.62711 3.52721 4.51217 0.119406 -0.342111 -0.215346 0.963426 -0.116475 -0.548656 -0.364364 
1.5941 2.20383 2.58406 3.64557 5.08145 0.253391 -0.499983 0.023724 0.950035 0.0445457 -0.502927 -0.417532 
1.75535 2.34863 2.09803 4.36256 5.33045 0.243364 -0.21153 -0.608629 1.29572 -0.161785 -0.520834 -0.514185 
1.75993 2.37228 1.85612 4.40433 5.14192 0.370372 -0.323984 -0.622269 1.34491 -0.145076 -0.47757 -0.546804 
1.76205 2.40478 2.24535 3.90417 4.91034 0.453224 -0.525932 -0.755669 1.29038 0.0749221 -0.539729 -0.543362 
1.8256 2.25651 2.34945 3.69475 5.1229 0.413705 -0.907216 -0.677551 0.71253 0.0343646 -0.577983 -0.56808 
1.93288 2.30976 2.09572 3.20232 4.75876 0.616571 -1.49721 -0.785266 0.52485 0.108938 -0.472217 -0.586835 
2.02742 2.48379 2.06588 2.57502 5.1244 0.38448 -1.36457 -0.925505 0.433638 0.188115 -0.430406 -0.549626 
2.04609 2.22119 1.92659 2.38562 4.98102 0.963339 -0.863215 -0.798399 0.565596 0.204716 -0.189879 -0.410524 
2.06735 2.17851 1.56046 1.95087 4.64181 1.50735 -0.715281 -0.370775 0.490283 0.0972164 0.00437583 -0.336214 
2.26178 2.43383 1.32011 1.52826 3.78858 1.42083 0.707426 -0.0655104 0.279872 -0.224066 -0.103285 -0.105903 
2.17961 2.50213 1.51441 1.37502 1.80717 1.2867 1.57527 1.00943 0.830675 -0.278089 -0.200032 -0.151056 
2.19254 2.57485 2.02534 1.54161 1.74799 0.948018 0.572491 0.433315 0.601894 -0.153136 -0.0373758 -0.0633071 
2.06877 2.31298 2.30927 1.58345 2.06677 0.45298 -0.229682 0.235453 0.0308819 -0.234791 0.205923 0.137872 
1.90278 2.20687 2.24578 1.81246 2.53383 0.525899 0.281761 -0.105145 -0.0732455 -0.490899 -0.00450849 -0.00360457 
2.00964 1.84377 2.45024 1.67997 1.98951 0.574455 0.591867 -0.251148 -0.0136636 -0.464837 -0.150272 -0.0442694 
1.94581 2.08684 2.37176 1.68636 2.86632 0.68911 0.552799 -0.146143 0.912265 -0.0392572 -0.265706 -0.121374 
1.84842 2.27664 2.13137 2.10512 1.69848 0.515827 0.199739 -0.266328 1.24165 -0.0981 -0.170629 -0.143955 
2.09884 2.38615 1.29398 0.258338 0.370874 -1.08105 0.13042 0.720239 2.13425 0.125311 0.0609971 -0.200628 
1.99839 1.76271 1.36556 -0.416734 0.522103 -0.944559 0.01065 0.265592 1.7023 0.481196 -0.201784 -0.231575 
1.76167 1.11658 1.95374 -0.461167 0.828247 -1.17638 0.619876 0.848506 1.00576 0.674736 -0.112852 -0.0250186 
1.85533 1.26056 1.66005 -0.0365363 1.33999 -0.383379 0.327185 0.83035 1.05356 0.857925 -0.0320389 -0.103741 
1.89787 1.45437 1.31638 0.502739 1.91233 0.314972 0.343159 0.839515 1.07389 1.06007 -0.178863 -0.271848 
1.79867 2.34554 1.59992 1.1934 1.85647 0.431113 1.26972 1.86666 1.52244 0.287075 -0.204828 -0.176531 
1.75843 2.38237 1.79253 1.60346 2.07524 0.161891 1.87418 1.75574 1.04548 0.629944 -0.125968 0.0217953 
1.86809 2.20563 2.24736 1.10436 2.406 1.15048 0.675104 0.974757 1.16988 0.468064 0.0569995 -0.016091 
1.80295 2.30276 2.68033 1.05944 0.997491 0.650226 0.59893 0.496064 1.33926 0.416493 0.0886316 0.0761926 
1.71517 2.15127 2.37661 0.88163 1.0329 -0.0887656 0.731571 1.48758 0.903887 -0.197573 0.151654 -0.0508259 
1.67806 2.08079 2.59974 1.49197 2.04502 0.914276 0.997242 1.34126 0.961373 0.0623805 -0.0908179 -0.0570027 
1.61052 2.26924 2.65425 1.78 2.02049 1.20842 2.42828 0.925949 1.46093 0.365686 -0.00824994 0.0869241 
1.6506 2.16129 2.56113 1.38014 2.27279 1.14451 2.31752 1.48848 1.18768 0.808884 -0.0606303 0.0881272 
1.85791 2.42464 2.31142 1.13579 1.98965 1.07373 1.99346 1.38851 1.0215 0.859318 0.104076 0.0817832 
1.84633 2.18019 2.45746 2.04165 1.37316 0.66953 1.14663 0.919395 1.35491 1.53682 0.0244835 0.0294431 
1.73127 1.75691 2.74358 1.60398 1.60561 0.724701 1.16191 0.717556 1.48257 0.541452 -0.171078 0.0443923 
1.64112 1.66756 2.68406 1.00718 1.79131 0.974706 1.22782 1.07244 1.35565 0.239942 -0.203103 0.0156663 
1.52568 2.08905 2.55359 1.18095 1.14351 0.330208 0.738363 1.28118 1.01215 -0.019593 0.481171 0.145045 
1.47708 2.05613 2.17369 1.62319 1.92328 0.488565 0.742743 1.41168 1.11234 -0.0871478 0.37842 0.132366 
1.44601 1.66994 2.34073 1.13975 2.44087 1.00553 1.53915 1.6604 0.82236 0.408661 0.156493 0.126639 
1.56257 1.81668 2.58037 1.05856 2.53945 1.43991 1.08533 2.03197 1.84317 0.36773 0.0729505 0.094817 
1.69192 2.0258 2.20405 1.1158 1.3217 0.866408 1.22505 1.1965 1.593 0.201426 0.388871 0.185276 
1.539 2.09364 2.14184 0.876354 1.34497 0.393705 1.20626 1.28985 1.13616 0.489378 0.395298 0.158659 
1.47593 1.86109 1.76533 0.626776 1.97932 0.491416 1.61829 1.91802 0.825887 0.0149072 0.364924 0.115332 
1.28243 1.45967 1.90639 0.426242 1.64283 0.746566 1.80503 1.10525 0.914578 0.617536 0.530188 0.195525 
1.35747 1.84501 2.55996 0.273769 1.89301 0.29368 0.899063 0.773769 0.606153 0.388817 0.34804 0.151435 
1.34459 1.67878 2.3921 0.742488 1.35663 0.523145 1.02836 1.62718 0.930079 -0.19732 0.259456 0.0349298 
1.37011 1.66103 2.1078 0.94017 1.66528 -0.474837 0.662658 1.58947 1.23681 0.0278727 0.607607 0.223829 
1.34127 1.54338 2.07297 0.83075 1.31494 -0.439457 0.931317 1.01418 0.787872 0.727072 0.716454 0.249217 
1.4203 1.50732 1.77303 0.0823588 1.32503 1.2702 0.57316 1.17123 0.779614 0.867001 0.320577 0.0167216 
1.40303 1.82566 1.83883 0.171078 0.459031 1.48734 1.44357 0.715941 1.17556 0.309791 0.388023 0.0944736 
1.33107 1.60678 1.21789 0.224106 0.631405 0.343603 1.26633 -0.291721 0.881424 0.721752 0.544354 0.0750177 
1.22995 1.25687 1.20369 0.4755 1.77376 0.193134 0.384025 0.204155 0.899563 0.640467 0.26933 0.0065867 
1.16232 1.03787 2.10954 0.790352 0.849596 -0.0869211 -0.0391807 0.316118 0.612572 0.300807 0.869671 0.155676 
1.17549 1.4602 1.48294 0.00645238 0.3379 0.670334 0.904457 0.793985 0.0795969 -0.0119519 0.320794 -0.0410712 
1.21736 1.43371 0.571135 0.172902 1.05668 0.730314 1.55177 1.42798 1.55008 -0.4845 0.440606 -0.0466504 
1.34012 1.23677 1.61284 0.78974 0.578808 0.766865 1.28031 1.26486 0.857701 0.714001 0.488634 0.11022 
1.16263 1.37902 1.77474 0.194788 1.22189 0.378262 1.58972 0.388784 0.54357 0.810073 1.18352 0.247835 
1.20132 1.49746 1.45623 0.0724853 1.92558 0.175539 0.82768 0.866608 0.463492 0.283987 1.15499 0.218761 
1.20332 1.74048 1.65377 0.376505 2.60853 1.67371 0.460814 0.493024 1.3051 0.0831712 0.518466 0.126422 
1.12947 1.50403 2.08186 0.366772 1.17589 1.3987 0.968654 0.581507 1.11904 0.234162 0.444742 0.205817 
1.13405 1.40792 2.33384 0.461471 0.80035 0.905021 0.679834 0.322281 0.280394 0.513141 0.237689 0.0911828 
1.16462 1.30581 2.02212 0.381324 2.35126 1.13881 1.00182 0.947719 0.336331 0.489374 0.505607 0.125705 
1.18518 1.56613 1.77622 -0.223538 1.98178 0.380975 0.607791 1.06567 0.614167 0.412181 0.594691 0.130551 
1.22596 1.47203 1.36962 0.593082 1.32546 -0.19703 -0.388149 -0.082322 1.2613 0.459632 0.646298 0.139425 
1.02934 1.66255 1.25778 0.834298 0.757887 0.0209028 0.38593 0.0607144 1.10693 0.0830197 0.672128 0.101671 
1.13531 1.28009 1.48344 0.308179 0.9997 0.122902 0.98759 0.458148 0.543058 0.0519104 0.204312 0.0659631 
0.983887 1.55966 1.59186 0.0562834 0.802066 -0.723635 0.386471 0.263152 0.90356 0.541463 0.898241 0.128043 
0.840104 1.53124 1.96018 0.148986 0.347904 0.00184443 0.327182 0.326451 0.598485 0.180414 0.778216 -0.0441788 
1.00675 1.45734 2.10281 1.02817 1.5777 -0.154008 0.692705 1.49791 0.800611 0.463959 0.556216 0.155279 
