0.66556 0.899951 1.48272 1.64472 1.01707 0.349545 0.608948 -0.0776152 1.11085 0.113214 0.340042 0.123471 
0.733904 1.1511 1.26775 0.993378 1.07693 0.00866181 0.461542 1.19883 0.941907 0.538368 0.589609 0.0481214 
0.748981 1.15193 1.52753 0.928049 1.18899 0.475364 0.830552 0.827485 0.622796 1.0499 0.43804 0.0555597 
0.632239 0.983855 1.39808 1.58441 1.21783 0.712483 1.64557 0.848365 -0.0623027 1.22698 0.646639 -0.000493447 
0.684957 1.44805 1.41672 1.91066 1.40198 0.465695 1.96705 1.14651 0.578953 1.05598 0.732088 0.0905381 
0.677276 1.15076 1.79076 1.232 1.56339 -0.350327 1.29554 1.30573 0.90525 0.799489 0.564639 0.131474 
0.736207 1.31226 1.64466 1.18722 1.5297 0.648109 0.845939 -0.234299 1.04131 0.604705 0.457051 0.114709 
0.56232 1.41914 1.32338 1.12482 1.58629 1.1191 1.6417 1.29981 1.14414 0.645336 0.270974 0.141206 
0.527584 0.783633 1.01809 1.10644 1.8933 2.0384 1.60295 1.43796 1.17308 0.815619 0.180522 0.015851 
0.588539 0.68596 1.25729 1.23798 0.615956 0.719567 0.714385 0.486877 1.78498 -0.0854754 0.213288 0.0531726 
0.431947 0.86214 1.2958 0.768987 0.704791 0.672497 0.733529 0.575267 0.84931 0.33482 0.553996 -0.0470374 
0.519981 1.21149 1.55631 1.19469 1.49005 1.18496 0.706664 0.962501 0.997613 0.980822 0.834567 -0.135697 
0.593328 1.478 2.00546 1.02371 2.58961 0.699507 1.16606 0.529723 1.64521 0.911203 1.02554 -0.00581791 
0.649399 1.23609 1.46699 1.60301 2.41606 0.825945 1.596 0.477262 1.30646 0.842378 0.649147 0.0270208 
0.594859 0.841068 1.30031 0.677452 1.09408 0.710862 0.651569 0.55023 1.22603 -0.0554042 0.241807 0.109296 
0.591001 0.842831 1.0182 0.644311 0.716098 0.510598 0.0335152 0.378445 1.1784 0.330934 0.399983 0.0825357 
0.773628 1.04428 0.989306 1.17052 0.6938 0.708206 0.557291 0.232422 1.51229 0.368804 0.435251 0.092514 
1.46071 -0.0849724 -1.7104 1.31153 3.18808 1.58088 0.740026 0.784841 1.46478 -0.501309 -0.14694 -0.157448 
1.59561 -0.293287 -1.98324 0.940447 3.93323 0.994784 1.16746 0.149484 1.25571 -0.913 -0.548182 -0.216869 
1.65883 0.543941 0.164374 1.27915 3.24695 1.08439 0.909906 0.574403 0.999059 -0.397737 -0.705193 -0.204966 
1.58 0.688852 0.205501 1.78897 2.65255 1.51593 0.712196 0.924097 1.04725 -0.00243012 -0.844504 -0.378412 
2.39212 -0.011651 -2.32302 1.45763 4.20273 1.00866 0.397655 0.273767 0.751589 -0.0802146 -0.73313 -0.32302 
2.54134 0.137725 -2.2952 1.18888 4.0564 0.924785 0.321754 0.83952 0.65617 -0.161924 -0.99151 -0.380339 
2.24376 1.09754 -1.47551 0.635217 3.19185 0.888563 1.38568 0.995397 0.654988 -0.0937943 -1.04 -0.532078 
2.38084 0.804057 -1.75345 1.2769 4.09736 0.1627 1.64679 1.18787 0.993587 -0.155528 -1.39152 -0.475981 
2.35649 0.763772 -1.76548 1.7814 3.85546 0.247066 1.39876 1.32168 1.21789 -0.242899 -1.36984 -0.539973 
2.36436 1.08521 -1.90925 1.54923 4.08657 0.590164 1.58588 1.00547 0.993802 -0.0735844 -1.27255 -0.485015 
2.4453 0.742672 -1.71021 1.30211 4.44239 0.781852 1.19461 1.33938 0.651124 0.104075 -1.28087 -0.490725 
2.33988 0.761639 -1.49182 1.5035 4.02915 0.437334 1.20662 1.61665 0.914276 -0.0786235 -1.40527 -0.497184 
2.25128 0.713822 -1.60029 1.12752 3.88934 0.73121 1.06908 1.46586 0.624566 -0.0126044 -1.31277 -0.514085 
2.26378 0.969724 -1.59527 1.40742 3.58365 1.3868 1.24111 1.29187 0.44689 -0.0109636 -1.12931 -0.515452 
2.39033 0.902965 -1.89781 1.86884 4.35757 0.991148 1.43088 1.32525 0.586026 0.0131841 -1.19799 -0.379771 
2.43794 0.696765 -1.68777 1.78003 4.44558 0.840433 0.978107 1.77066 0.623291 -0.0350076 -1.33543 -0.383479 
2.50006 0.472216 -1.63197 1.2533 4.936 1.33509 0.4265 1.55945 0.210221 0.237236 -1.0985 -0.436133 
2.14938 0.932175 -0.754286 1.39212 4.87095 1.38251 0.699237 1.06424 0.129834 0.0998023 -0.990628 -0.311679 
2.06852 1.15331 -0.776816 2.09091 6.28209 1.50244 0.857349 -0.557834 0.202707 0.353306 -0.48379 -0.0221704 
2.14063 1.05324 -1.05258 2.01899 5.31084 1.59938 1.18449 -0.310322 0.371855 0.160209 -0.487323 -0.125275 
2.0911 0.930245 -0.74104 1.4562 5.13563 1.97636 0.948658 -0.29331 0.461345 0.22532 -0.382787 -0.19469 
2.08539 0.844452 -0.453039 1.22886 4.77319 2.27955 0.176235 1.03427 0.204403 0.333165 -0.408488 -0.272036 
2.04529 0.861568 -0.568651 0.874553 5.3347 2.33236 0.0899074 0.696862 -0.0503433 0.50435 -0.194283 -0.220393 
1.99388 0.639326 -0.245493 0.754978 4.83651 2.4706 0.0309461 1.52594 -0.0365594 0.423344 -0.238009 -0.320325 
2.07787 0.586102 -0.523791 1.02775 4.43993 2.47101 0.328838 1.95525 0.0784718 0.25639 -0.475966 -0.273816 
2.06633 0.798215 -0.533321 1.04567 4.51599 2.78883 0.151779 1.33619 0.341833 0.299731 -0.281814 -0.234926 
1.92744 1.16255 -0.145454 1.18273 4.44528 2.34998 0.730943 1.20154 0.882384 0.316813 -0.519324 -0.342447 
1.97162 0.83984 -0.253922 0.825232 5.23956 2.21322 1.08794 0.0769588 0.501387 0.579224 -0.217132 -0.143947 
2.02003 0.721062 -0.555185 0.264552 4.50561 2.33293 1.51107 0.763332 0.844736 0.560451 -0.285487 -0.203352 
2.137 0.704167 -0.119567 0.632107 4.31812 2.36703 1.26792 1.19697 0.867328 0.529775 -0.512976 -0.381788 
2.08171 0.199549 -0.664456 0.510269 4.27914 2.01241 1.32844 1.72672 1.37056 0.517222 -0.670679 -0.367354 
2.01898 0.166099 -0.881643 0.920808 4.73746 1.91165 1.65125 1.24303 1.28707 0.790901 -0.387968 -0.141402 
1.96542 0.483676 0.187834 1.76257 4.96671 2.19993 1.23451 0.678217 0.866321 0.724819 -0.375994 -0.172118 
1.95731 0.77646 0.637136 1.43878 4.64253 2.45847 1.35296 0.334225 1.32097 0.640015 -0.306075 -0.135511 
1.88677 0.554423 0.0639796 1.79927 4.42889 2.18105 1.83575 0.944316 1.09356 0.858438 -0.122156 -0.0147661 
1.8855 0.507989 0.101702 1.79921 3.8015 2.36863 2.32553 1.1914 1.23495 0.934692 -0.297911 -0.167176 
1.82388 1.00766 0.0498224 1.29257 3.81718 2.60896 1.92399 1.55261 1.65839 0.666299 -0.614702 -0.305296 
1.67026 1.39906 -0.202154 1.17739 3.87371 2.51893 1.5657 1.25225 1.82061 0.29889 -0.512689 -0.321163 
1.72367 0.911631 -0.0757907 1.27466 3.22957 2.38193 1.86591 0.624233 1.98701 0.29048 -0.733988 -0.396971 
1.71607 0.795189 -0.0250811 0.674972 3.4479 1.89077 1.0014 0.59858 1.77893 0.0397389 -0.844009 -0.450695 
1.70879 0.957149 -0.348054 1.06676 3.34642 1.43029 1.00207 0.998417 0.973238 -0.00935558 -0.905206 -0.436323 
1.64883 0.949402 0.124733 2.03833 3.54892 1.66923 1.93327 0.518933 0.944118 0.0488793 -0.603768 -0.155193 
1.60641 1.02564 0.424107 1.75929 3.55536 1.99087 1.69681 0.706123 1.16624 0.0974047 -0.73531 -0.208941 
1.64834 0.984149 0.567473 2.06409 3.50091 0.897917 2.2003 0.195291 1.81585 0.668781 -0.943875 -0.369871 
1.64402 0.886913 0.809562 1.72915 3.4386 1.68865 1.24233 0.983385 1.2139 0.943861 -0.746368 -0.36304 
1.49103 0.937684 1.13641 2.16363 3.19456 2.33506 0.81129 1.36343 1.33709 1.08526 -0.499795 -0.163137 
1.42706 1.12926 1.30217 1.71473 3.42027 2.16066 1.12065 1.3069 1.20419 0.705674 -0.0825959 0.0370995 
1.45042 0.880492 1.14763 1.5613 3.69134 2.4079 2.18728 0.785223 1.3673 0.523551 -0.111638 0.19869 
1.47135 1.20717 1.21053 1.73877 4.25791 1.7324 1.551 0.869059 1.29278 0.88527 0.205842 0.18911 
1.45562 1.39413 1.09349 1.82867 4.12967 2.30761 1.11672 0.24538 1.60272 0.944602 0.448848 0.122426 
1.49523 1.35361 0.918536 2.12698 3.73523 2.46769 1.41836 0.212466 1.85929 0.476376 0.406108 0.124965 
1.62233 1.17811 1.69117 1.68677 3.07536 1.56844 1.75162 0.787209 1.2826 1.40518 0.00239262 0.042249 
1.62273 1.22346 1.22162 1.52734 2.60379 2.34169 2.54019 0.809055 1.33237 1.1822 -0.264919 -0.0351686 
1.53158 1.52372 1.47431 1.41006 3.0944 3.03997 2.48086 0.360323 1.54551 0.684941 -0.373174 0.0761126 
1.69133 0.924687 0.200453 1.26946 3.90535 2.63621 1.63792 -0.85771 1.19833 0.443175 0.628372 0.228523 
1.66579 0.0741762 -1.18306 1.27564 3.06783 2.04494 1.07173 -0.564036 1.33455 0.184322 0.755018 0.197724 
1.52806 -0.330361 -0.878969 1.60555 3.06182 2.12228 1.3728 0.528327 0.904139 -0.408157 0.372568 0.258683 
1.55612 0.174168 0.0443064 0.759358 3.30753 0.961556 1.95445 1.22033 0.860406 0.073412 0.163028 0.202303 
1.38126 0.865352 0.44947 1.07288 2.67835 2.06137 0.907386 0.425726 1.18579 0.505167 0.860163 0.166879 
1.42938 0.608819 0.340324 0.841897 2.54435 1.96094 2.27497 1.10185 0.979443 0.733565 0.748412 0.260253 
1.23339 0.293727 0.370385 0.930735 2.65921 2.42548 2.8826 1.21167 1.26743 0.53908 0.414703 0.202009 
1.31266 0.250135 0.592089 1.29875 2.58407 2.6477 1.94761 1.38395 1.17426 0.418619 0.608272 0.270017 
1.26641 0.740915 0.832156 1.15663 3.02991 1.68928 2.03099 1.2402 1.09656 1.12113 0.432311 0.180295 
1.49368 0.82374 1.00707 1.58245 3.19029 0.760563 1.63148 1.81788 0.810545 0.981247 0.25309 0.187212 
1.29798 0.916806 0.722409 1.45439 2.87909 1.80836 1.66163 0.759729 1.73165 0.296423 0.486311 0.195816 
1.25841 0.852354 1.00519 1.24129 2.96352 1.68335 1.86686 0.397714 1.28077 1.11313 0.577 0.212457 
1.21796 0.694487 0.97306 0.747052 2.65154 1.68959 1.49569 1.317 1.38914 1.4429 0.525902 0.0467258 
1.24159 0.918236 0.928194 0.893938 2.60428 1.70735 1.50959 1.69449 1.13063 0.371102 0.0564827 0.0752962 
1.16982 1.15726 1.34468 1.11251 2.3181 2.24709 1.75768 0.691592 1.32665 0.171966 0.342797 0.217501 
1.19515 0.996554 1.51356 1.73806 2.3025 1.52878 1.40242 0.436393 0.937186 0.581915 0.794714 0.206578 
1.16039 0.89807 1.30419 2.0125 2.41734 1.39189 1.18851 0.0337982 1.04613 0.697449 1.02276 0.162113 
1.02206 0.801423 1.50005 1.16649 2.76458 0.239997 1.17287 0.82733 0.732201 1.1344 0.772515 0.104153 
1.02569 0.660758 1.685 1.02862 2.34169 0.586205 0.936235 1.42736 0.788458 0.843335 0.10997 -0.0431065 
1.11315 0.963441 1.3339 0.905511 2.61737 0.541819 0.79261 1.64774 1.78579 0.636935 0.018616 0.0163706 
1.18721 0.973108 1.13452 1.13786 2.51951 0.722647 1.43916 0.817922 1.40476 0.826606 0.550748 0.148399 
1.02229 1.23699 1.76142 1.66709 2.87796 0.700634 1.59469 0.959176 0.745908 0.480107 0.584704 0.185108 
1.18741 1.15803 1.86752 1.81042 2.57491 1.08647 1.14967 0.586371 1.25976 0.64025 0.513022 0.182226 
1.10804 1.07978 1.68464 1.60899 1.56472 1.99425 2.36223 0.279177 1.03718 0.80537 0.567769 0.173416 
1.02354 1.54285 2.31583 1.80519 1.81651 1.22847 1.45687 -0.225046 1.24404 1.17528 0.275279 0.185273 
1.1398 1.49237 2.59507 1.25356 1.97334 0.710803 2.54808 0.431647 0.977286 1.10714 0.276496 0.286971 
1.10852 1.36868 2.32964 0.68462 1.65456 0.898027 1.84102 1.33371 1.46637 0.590317 0.541018 0.241913 
0.963497 1.58663 2.1623 0.74388 1.38357 0.363282 1.65881 1.92299 1.46008 0.0873864 0.14343 0.141478 
0.881695 1.35815 1.86912 1.14692 2.35687 1.21334 0.799011 0.907953 0.921832 0.830052 0.367455 0.137833 
0.944804 1.16136 1.52143 0.574256 2.79957 1.18263 1.43095 1.22706 0.778799 0.751366 0.5052 0.144725 
1.01484 1.40523 1.82407 0.530053 1.9771 -0.0178916 1.3483 0.629834 0.531234 0.626817 0.611984 0.158595 
0.939252 1.21457 1.96859 1.06587 2.07767 -0.266133 0.757823 0.710682 1.33031 0.990846 0.317664 0.179225 
0.85661 1.10513 1.46531 0.731398 1.35485 0.597713 1.13916 0.654831 0.827669 0.438894 0.3736 0.0982606 
0.957544 1.31937 1.97299 0.487623 1.8597 0.134824 1.01561 1.80413 0.450377 0.304273 0.608418 0.0935006 
1.04555 1.18159 1.74531 1.44511 1.61266 0.502275 1.36734 1.24571 1.23433 0.784247 0.38227 0.140285 
0.944616 1.04926 1.58539 1.48369 1.23669 0.281426 0.938755 1.27128 1.23398 1.47003 0.422649 0.0458084 
0.849224 1.36964 1.90608 1.35937 1.4169 0.340961 0.722667 0.501586 1.01772 0.532907 0.740674 0.0228461 
0.682493 1.25178 2.07747 1.3978 1.26542 1.14939 0.959844 0.813082 1.1958 0.718763 0.613379 0.0418247 
0.719096 1.02939 2.19701 0.594317 2.15312 1.57728 0.921465 0.214103 1.16015 0.803991 0.772933 0.0728674 
0.892043 1.23872 1.68321 1.35349 1.95419 0.645756 0.987374 0.608628 1.86541 0.379567 0.421669 0.175508 
0.854241 1.05691 1.77594 1.49139 1.91373 0.73709 0.751062 0.891661 1.16019 1.34677 0.384687 0.0768564 
0.923331 1.16907 1.98593 1.60706 0.893629 0.623543 0.250646 0.443469 0.685397 0.963922 0.85577 0.0567609 
0.958918 1.23778 1.76714 1.45046 0.664557 0.404722 0.916646 0.625857 1.24058 1.13997 0.747852 0.150427 
0.822675 1.31295 1.23056 1.78697 1.51074 0.931054 1.82828 1.62759 1.37072 0.75372 0.356549 0.160742 
0.848446 1.47598 1.66354 1.3955 1.49565 -0.0679524 1.77854 1.32635 0.268964 0.387447 0.105811 0.145515 
0.826293 1.17464 1.44419 0.931964 2.11322 0.0920136 0.869856 1.37111 1.40448 0.329722 -0.252838 0.144008 
0.854915 0.665366 1.71941 1.37073 0.442922 0.949676 0.359791 0.605418 1.04606 0.953662 0.126355 0.0179126 
0.732723 0.970731 1.65762 0.927218 0.617368 0.493553 0.967582 0.509217 -0.0863628 0.707032 -0.579903 0.0921094 
0.854127 0.936271 1.58971 1.1048 1.70704 0.67098 0.600324 0.318897 0.160533 0.465301 -0.582031 0.11955 
0.916816 1.12004 1.75583 1.47674 0.83843 0.175073 1.1021 0.676981 -0.0813371 0.703169 0.0268919 0.00608954 
0.854792 0.984504 1.68401 1.23704 1.56947 0.122195 0.915503 1.83151 0.42468 -0.129007 0.705558 0.0461365 
0.700126 1.01499 1.20237 1.21936 1.81545 0.394825 1.09411 1.48479 -0.000843507 -0.0635428 0.524888 -0.0170389 
0.69017 1.36895 1.36303 1.38663 1.49725 1.21155 0.881468 0.857791 0.141398 0.747225 0.617017 -0.037127 
