0.779717 1.76181 2.06095 1.79993 1.30936 1.38487 1.19912 0.813441 0.648151 -0.206068 0.350954 0.0467948 
0.788892 1.67309 1.36473 1.8099 1.4589 1.16504 1.05554 -0.210972 0.625655 0.127898 0.455243 -0.0303936 
0.857195 1.63551 1.96033 0.607852 0.392287 0.715682 0.237105 -0.208422 0.817356 0.24273 0.683371 0.0235977 
0.991364 1.50617 2.05909 0.254256 0.584743 -0.0551308 0.141078 -0.239446 0.167027 -0.144507 0.703532 -0.0656616 
0.915919 1.46043 2.26543 0.764636 0.471038 0.0380736 0.128151 0.173397 0.131072 0.100142 0.0988816 -0.0518967 
0.931195 1.61539 2.07419 0.872143 1.12862 -0.507488 0.484631 0.904849 0.721249 0.687638 0.216276 0.0798078 
0.862661 1.77113 1.97758 0.425339 -0.132402 0.243216 1.25099 0.578327 0.998051 0.0894745 0.826412 -0.10534 
0.913614 1.72114 2.18564 1.18103 1.2666 0.732581 1.00906 0.667029 0.19581 0.375871 0.55736 0.0208413 
0.959032 1.43378 1.86829 1.22355 1.40582 0.685369 1.09194 0.883567 0.537477 0.295491 0.470474 0.0408517 
0.975666 1.66302 2.0661 0.923527 1.06887 0.606432 1.19297 0.882713 0.745346 0.56377 0.808857 0.0593888 
0.95802 1.3983 2.25887 1.33103 1.50299 1.26334 1.45064 0.47979 0.728468 0.407683 0.787369 0.068361 
0.926252 1.2071 2.32646 0.861526 1.71124 0.921464 1.52757 0.76066 1.45014 0.63122 0.202967 0.187848 
0.688105 1.45516 2.52279 0.130187 1.00393 1.13433 1.09116 0.292097 1.26457 1.29286 0.0221877 0.199311 
0.422129 0.569844 3.29679 0.345555 0.522916 1.69421 1.51603 0.177118 1.42901 0.441976 -0.25969 0.247253 
0.0961921 0.122719 4.18491 -0.154055 -0.828693 1.98458 3.01868 0.250447 1.58964 0.562865 -0.181229 0.153382 
-0.116938 0.139343 4.10613 -0.0581859 0.272212 2.6037 1.93153 0.0765989 2.2487 0.667023 -0.345152 0.317361 
-0.2741 -0.482587 4.10027 0.397044 0.855128 3.41712 1.31538 -0.438123 2.44932 0.397224 -0.358537 0.426966 
-0.487016 0.0749973 4.75177 0.0475124 -0.711368 3.54687 1.05047 -0.36156 2.74255 -0.166604 -0.15108 0.402154 
-0.546283 0.282859 4.96459 0.330792 -0.877441 3.20826 1.71901 0.126115 1.73724 0.337326 0.0815999 0.118981 
-0.46514 0.241442 5.17282 0.504582 -0.741768 2.13199 2.34816 -0.379473 0.591331 1.28032 -0.326886 0.0450513 
-0.590589 0.362263 6.06021 0.288892 -1.5273 2.23172 2.36208 -0.648966 1.11005 1.21698 -0.282008 0.0975528 
-0.685417 -0.0631081 5.8447 0.906323 -0.523311 3.1494 0.95808 -0.991899 1.67822 0.29709 -0.40858 0.264506 
-0.709602 -0.265032 5.22454 0.687066 -1.1438 2.46464 0.224692 -0.532301 2.07109 -0.416739 0.0517383 0.332631 
-0.807798 -0.292394 5.04004 0.373195 -1.7964 1.40405 1.02205 0.0775108 1.1289 -0.0692817 0.15912 0.208611 
-0.870673 -0.349163 5.54552 0.268425 -0.958923 2.01432 1.28408 0.504406 0.747786 0.205161 0.126416 0.140348 
-1.00871 -0.364933 5.05895 0.445414 0.354889 1.85415 0.419874 0.374276 1.185 -0.0101856 -0.00108088 0.196448 
-0.976014 0.0751504 4.74862 0.605553 0.451504 0.721328 0.931045 0.722028 0.724905 0.155211 -0.195576 0.352965 
-0.900183 -0.117558 4.99607 0.207841 0.282405 0.697968 0.950161 1.07076 0.32887 0.185879 -0.068319 0.254596 
-0.957663 -0.114368 5.12277 0.290266 -0.132044 1.19651 1.23286 0.350859 0.569973 0.452997 -0.131599 0.270656 
-1.05332 0.0361649 4.82461 0.253713 -0.142499 1.0312 0.691934 0.708325 0.508981 -0.111547 0.00700395 0.230146 
-1.15916 0.412058 4.74299 0.0875614 0.0388704 2.01575 1.0664 0.745746 0.442991 0.466457 -0.132407 0.205241 
-1.20364 0.391232 4.88658 0.272374 0.280456 2.3646 1.06147 0.988186 0.304563 0.480979 -0.0693996 0.324919 
-1.01536 0.143409 4.82496 -0.0453361 -0.0914188 2.37494 0.981633 0.743951 0.467446 0.368977 -0.199551 0.27869 
-0.973157 -0.512623 4.3519 0.069639 0.146424 1.43283 0.118585 0.177578 0.792175 0.288603 -0.324111 0.398298 
-1.03432 -1.03405 3.77825 0.266269 0.269058 0.964329 -0.138524 -0.147356 0.76769 0.88019 -0.49813 0.373621 
-0.817389 -0.783506 3.77963 0.677833 0.210131 1.53375 0.044995 0.0509238 1.00943 0.456319 -0.335101 0.340044 
-0.597523 -0.249906 3.90165 0.7527 -0.260497 0.954189 1.42968 0.734439 0.58564 0.276717 -0.22811 0.173077 
-0.481391 -0.403353 3.35252 0.983332 -0.646546 1.61384 1.35369 0.809933 0.963886 -0.122423 -0.00673206 0.142525 
-0.0406929 -0.231498 4.24572 0.106354 -0.156565 1.01112 0.307012 0.533544 1.0077 -0.309604 -0.549352 -0.0919909 
0.197018 0.452967 4.71918 0.477896 0.00888421 0.425146 0.831942 0.395528 1.29311 0.176872 -0.102296 0.21521 
0.211641 0.443045 4.70176 0.83696 0.170002 0.753608 0.981131 0.754892 0.971647 0.256405 0.194218 0.166543 
0.896353 1.15169 4.39754 -0.546996 -0.0197397 1.16545 0.122914 1.09279 1.11181 -0.0364525 0.0231222 0.050228 
1.66914 1.53931 3.33521 -0.0801572 0.280613 0.614226 -0.622872 0.408132 2.10355 0.416813 -0.636346 -0.0491351 
1.82242 1.84192 3.75512 -0.0746569 0.329376 0.668215 -0.452873 0.446875 1.83322 1.0537 -0.565607 -0.11944 
1.6276 2.18711 3.73579 -0.0520766 -0.0916624 0.762006 0.135296 0.741232 1.35645 0.556463 -0.464708 -0.134816 
1.64368 1.89814 3.88532 0.166432 -0.394924 0.668071 -0.0859344 1.06071 1.47737 0.262075 -0.3565 -0.134761 
1.59622 1.7095 4.11318 0.182439 0.173542 0.77086 0.215276 1.59046 1.19969 0.719588 -0.468028 -0.252135 
1.5793 1.76071 3.84218 0.0607314 -0.0115906 0.305176 0.0438533 1.3411 0.963785 0.847982 -0.478778 -0.281063 
1.53002 1.38508 3.31123 -0.461026 0.0968603 0.845487 0.278839 0.226528 1.33206 0.344199 -0.688554 -0.0962499 
1.64714 1.2765 2.55658 0.226902 0.733938 1.3208 -0.109032 -0.11434 1.51435 0.865365 -0.816822 -0.239649 
2.39852 0.771918 1.48067 -0.106122 1.14603 0.345168 -0.477585 -1.05313 2.10731 0.942503 -0.675976 -0.311847 
2.27862 1.22477 2.2478 0.325072 1.66166 0.652129 -1.16149 -0.194362 2.19639 0.592869 -0.511022 -0.301539 
2.1255 1.77803 2.73561 0.200867 1.16853 1.75875 -0.262877 0.235528 1.7315 0.896036 -0.167251 -0.181594 
2.18221 1.64584 2.26032 0.577671 1.18793 1.58229 0.0112682 0.287169 2.08382 0.729933 -0.364455 -0.286049 
1.92027 1.77596 2.00842 0.708244 0.828189 1.26779 0.831324 0.470727 1.76292 0.635231 -0.373621 -0.237292 
1.86879 1.71308 2.66362 1.03003 1.25176 1.52128 0.771067 0.451839 2.10765 0.434956 -0.573577 -0.15432 
1.73032 1.60031 3.4701 0.573173 1.93049 1.87289 -0.242008 0.539133 1.84877 0.702146 -0.618168 -0.11675 
1.71475 2.10644 3.60301 0.795436 1.35127 1.53532 0.74743 0.582921 1.61719 0.810805 -0.411755 0.0256893 
2.01808 2.28726 2.86457 0.690739 1.30472 1.59502 0.0336 0.819267 1.88075 0.814283 -0.0917173 -0.111393 
2.09393 2.37092 2.42623 0.947294 1.13929 1.88974 0.700068 0.734665 2.10932 0.726384 -0.21571 -0.200252 
2.11536 2.49825 2.75695 0.61561 0.632989 1.83411 0.880807 0.541943 1.84736 0.648771 -0.207848 -0.120236 
2.09605 2.55228 2.97348 0.760308 0.329946 1.49694 0.720475 0.589795 1.7508 0.817278 -0.155723 -0.1027 
2.29104 2.66691 2.72748 0.890352 0.454547 1.08059 0.772911 0.862657 1.63373 0.685047 -0.0186582 -0.155405 
2.47523 2.33105 2.11735 1.16791 1.19421 1.39819 0.566192 0.249008 2.01767 0.789856 -0.0783284 -0.234289 
2.79295 1.72978 1.66932 0.513206 1.67667 0.827698 0.759692 0.0712395 1.64716 1.06869 -0.207074 -0.384232 
2.72495 1.49414 0.205033 0.834099 0.307048 -0.131846 0.549739 -0.105081 1.46219 0.667714 -0.0713482 -0.408607 
2.8733 0.989835 -0.235504 0.568293 0.100659 -0.294687 0.429116 -0.441172 1.25111 0.846604 -0.0232058 -0.451284 
2.74334 0.661794 -0.640888 0.415939 0.959195 -0.0932769 -0.241189 -0.121872 1.30083 0.750839 -0.183095 -0.484504 
2.70089 0.555519 -0.978583 0.443625 0.818647 -0.370341 -0.0214 0.228238 1.4517 0.595883 -0.268262 -0.487785 
2.54066 0.956001 -0.854651 0.288591 1.29224 0.222686 -0.0892986 0.349386 1.5257 0.961945 -0.0414958 -0.483673 
2.66548 1.20342 -0.177009 0.515694 1.4927 0.578204 0.0840656 0.430992 1.45447 1.35417 0.223187 -0.415251 
2.81707 1.26028 0.236093 0.909058 1.97876 0.1682 1.13185 0.190846 1.32198 1.63521 0.439905 -0.334161 
2.61003 1.47588 0.273591 1.18218 1.94722 0.359343 1.33142 0.376377 1.40386 1.60821 0.418084 -0.316183 
2.47665 1.7647 0.991268 0.98137 1.84526 0.0517119 2.01494 0.0484151 1.45689 1.44675 0.278139 -0.109743 
2.29377 1.73209 0.712351 0.577273 1.92163 0.605326 1.32589 0.783018 1.5763 0.847074 0.132268 -0.0460012 
2.66047 1.15333 0.387581 0.545899 2.16964 0.803675 0.878512 0.944444 0.970026 0.987515 0.362327 0.0114893 
2.58096 0.929967 0.698222 0.715224 1.8101 0.630164 0.0397916 1.48405 1.58559 1.16185 0.470737 0.035636 
2.32912 1.34748 0.0700855 0.825382 1.8178 0.274499 1.08797 0.437568 1.72763 1.55482 0.500272 -0.090527 
2.44015 1.25325 0.216315 0.240016 2.15814 0.84744 1.30036 0.243078 0.559896 1.15661 0.310486 -0.156335 
2.24375 1.75751 0.744305 0.975598 2.339 1.75055 1.52951 0.705395 0.367971 0.83693 0.0235019 -0.190758 
2.31064 1.82953 0.785097 1.62737 3.10453 2.6097 2.05487 0.79635 0.408807 0.397302 0.0183526 -0.0607214 
2.24283 1.92592 1.01953 1.07231 2.85174 2.71731 2.37724 0.00723265 0.731483 0.811838 0.299954 0.0688718 
2.36061 1.91906 1.18324 1.42042 2.64663 1.03976 2.43282 0.710957 1.51051 0.574442 -0.0886565 -0.0764964 
2.31589 2.0444 1.48236 1.32029 2.27766 0.694049 1.62189 1.29118 0.997943 0.873395 0.0536385 -0.0593941 
2.20364 1.56108 1.3735 0.824742 2.73482 1.33908 1.63762 1.38271 0.597938 1.20057 0.209762 -0.0498118 
2.07529 1.85022 1.27038 1.02873 2.24813 1.81089 1.03298 1.40919 0.928142 1.22289 0.194287 -0.0812145 
2.11881 1.75008 1.06624 1.29978 2.34605 1.82097 1.85091 1.19384 0.670958 1.03231 0.10686 -0.0740724 
1.93299 1.64515 0.54697 0.92804 1.63119 1.47451 2.00516 0.674216 1.04108 0.801221 0.47418 0.15527 
1.99588 1.85451 1.14813 0.754644 1.92375 0.633613 1.13516 0.817492 1.55126 1.27181 0.173871 -0.0568097 
1.91135 1.97371 1.33547 0.496824 2.15284 1.6209 1.61547 0.703448 0.913667 0.568421 0.0102006 -0.0144597 
1.91054 2.00796 1.59365 0.741619 2.69651 2.12941 2.19639 0.312801 1.00767 0.456239 -0.0253505 0.072071 
2.00886 1.8645 1.40722 1.22668 2.9992 1.69563 2.49713 -0.0244412 0.878642 0.857149 -0.0938331 -0.0238185 
2.09265 1.96647 1.4146 1.05339 2.85447 2.2405 2.09535 0.579463 0.0521261 0.733846 0.107953 0.0500803 
2.05234 2.08966 1.43781 0.988966 2.91115 1.81066 2.67341 0.72841 0.21752 1.03621 0.0658199 0.115005 
2.00091 1.86069 1.12674 1.06131 2.2687 0.806144 2.25269 1.3025 1.33108 0.810029 0.255531 0.178464 
1.86838 2.13383 1.62603 1.21972 2.73238 1.71073 2.06019 1.38627 0.662429 0.458877 0.165848 0.145345 
1.84054 2.24952 1.81838 1.07072 2.25395 2.34107 2.3645 0.906537 0.657004 0.465179 -0.0394064 0.0586138 
1.80759 1.97628 1.68772 1.2001 1.65371 1.81826 2.05805 1.08168 1.61194 0.105771 -0.123376 -0.0511565 
1.76576 1.9419 1.28851 0.714298 1.47922 0.552442 1.77982 1.36722 1.07709 0.538133 -0.0291357 -0.0304602 
1.68912 2.15292 1.19214 0.146079 1.24875 1.34698 1.38367 1.09456 0.981589 0.332442 0.538121 0.197245 
1.82247 2.26138 1.62055 0.480015 1.84509 1.87072 1.44752 1.19294 1.14359 0.380462 0.31476 0.125259 
1.73176 2.10711 2.17261 0.68174 2.30089 1.56283 1.43873 1.73672 0.983329 0.5133 0.410109 0.162573 
1.65063 1.90633 2.37967 1.66034 2.93777 1.88559 1.95094 1.28363 0.825499 0.503816 0.161056 0.146655 
1.83825 2.09066 2.36574 1.78898 2.28824 1.15779 1.73776 1.55556 0.649097 0.72649 0.10638 0.0598432 
1.83471 2.33384 2.42672 1.26227 2.07977 0.783905 1.71555 1.6919 1.10865 0.424375 0.119799 0.0571989 
1.60184 2.20755 2.30949 1.8219 1.7239 0.723075 2.28879 1.46404 1.40413 -0.233622 0.0500345 0.0157984 
1.55955 2.25376 2.01996 0.753733 0.90079 -0.23551 1.6413 1.43304 1.2155 0.334687 0.208388 0.0420297 
1.55159 2.10911 2.35927 1.12128 1.1382 0.668459 1.70525 0.445086 0.835969 0.606189 0.149719 0.105595 
1.55034 2.02559 2.6459 1.16201 1.78119 1.84971 1.71712 0.686071 0.506126 0.412854 0.359655 0.187946 
1.50276 1.8601 2.74951 1.56667 1.62326 1.08832 1.90523 1.67583 0.704729 0.891575 0.525113 0.221588 
1.54642 1.98213 2.3225 1.35288 1.95147 1.51503 1.66358 2.1305 1.44942 0.601965 0.363199 0.187462 
1.52618 1.74023 2.45944 1.31078 2.78445 2.47014 1.24482 1.1849 1.38435 0.618782 0.360104 0.231247 
1.47925 1.7479 2.47987 1.25617 2.35174 1.46877 1.54389 0.138105 0.848249 0.422323 0.72119 0.360931 
1.5295 1.6834 2.41637 0.641638 1.27048 0.142158 2.1974 0.983218 0.564737 0.292583 0.843902 0.356237 
1.42857 1.68181 2.22381 1.16797 1.23111 1.06963 1.99233 0.627048 1.35599 0.708091 0.446149 0.246962 
1.50573 1.65474 2.09001 1.42044 1.20239 0.769094 1.09218 0.49577 1.69164 0.904868 0.425069 0.254487 
1.46087 1.61546 2.28723 0.74317 0.844417 0.319667 1.2076 1.43363 1.37407 0.570473 0.512457 0.203056 
1.26759 1.6673 2.18314 0.929879 0.761435 0.422888 0.704922 0.719169 0.305901 0.505862 1.17685 0.26286 
1.26943 1.71739 2.37261 1.04718 0.0980891 0.290972 0.755979 0.699305 1.08474 0.606211 0.947215 0.246252 
1.46638 1.77394 1.89388 0.86318 1.19108 0.581747 0.860856 0.466861 1.47898 0.670143 0.87977 0.330157 
1.43992 1.91967 2.19522 0.534283 1.8001 0.372792 0.889953 0.633823 0.899138 0.538393 0.799929 0.314264 
1.32162 1.61928 2.05253 0.753304 1.47112 0.736197 1.58297 1.09748 1.08558 0.0619508 0.584431 0.177615 
1.36457 1.58459 1.95804 1.31376 1.76285 0.121373 1.27374 1.12378 0.98287 0.15448 0.424542 0.163608 
1.3262 1.7608 2.17979 0.753978 1.86348 0.586901 1.0289 1.10237 1.18751 0.2831 0.37557 0.133679 
1.23533 1.64224 2.56177 1.20598 1.57139 0.537674 0.74079 1.51302 1.7714 0.387664 0.34053 0.250641 
1.27091 1.45118 2.09586 1.08476 0.891998 0.867526 1.08213 0.859596 1.80037 0.182351 0.548579 0.212324 
1.28964 1.7561 1.69816 1.23658 1.01317 -0.65612 0.577621 0.80918 1.18487 0.18843 0.84428 0.233764 
1.40445 1.53118 1.65909 0.802685 1.67909 -0.315521 0.631731 1.35734 0.931359 1.26664 0.618859 0.222917 
1.51661 1.90853 2.43201 0.850923 1.61326 0.23084 0.368733 1.43396 1.38567 0.613871 0.430265 0.212606 
1.40834 1.74105 2.4864 1.4033 1.86426 1.35602 1.03595 0.622915 1.00919 0.0875037 0.347421 0.184514 
1.3421 1.59051 2.31753 1.14321 1.34859 1.0177 1.92663 -0.065027 0.773866 1.52261 0.370676 0.226644 
1.25051 1.51539 2.95553 0.576452 2.03256 0.812145 0.704429 0.637686 1.35036 1.28617 0.248319 0.301925 
1.42146 1.79709 2.54754 0.575085 1.71955 0.102989 0.22347 0.50393 1.08805 0.720874 0.42732 0.267212 
1.30884 1.58935 2.06535 0.485369 1.86769 0.484318 0.419732 0.816047 0.414237 0.858422 0.184208 0.0624238 
1.22164 1.72833 2.23785 0.716485 0.8429 0.363087 0.083602 1.51818 0.300102 0.278679 0.574693 -0.00532356 
1.13221 1.63826 1.88443 1.28452 0.914767 1.15958 1.05614 0.737555 1.31253 0.207642 0.970033 0.164446 
1.11735 1.72383 2.16391 0.437901 1.14954 0.599745 0.832851 0.166811 1.14449 0.719162 0.642139 0.216369 
1.2878 1.87827 2.14949 0.412026 1.83512 -0.471345 0.752205 1.11829 0.95252 0.230279 0.733356 0.20668 
1.31509 1.80024 2.17869 1.15677 2.48494 0.311611 2.57546 0.68274 0.768676 0.262689 0.514142 0.331463 
1.23939 2.049 2.20538 1.39466 1.54778 1.04158 2.59242 0.270977 0.588468 0.548495 0.70352 0.226022 
1.01038 1.90724 2.33974 1.28055 1.1263 0.286657 1.10505 0.979167 1.73117 1.11051 0.415843 0.337191 
1.15296 1.47291 2.14373 1.39575 1.28822 0.626741 0.566849 0.552881 1.72671 0.70734 0.847286 0.283018 
1.21083 1.1188 1.91938 1.06073 0.395626 0.449436 0.742641 0.55316 1.63542 1.12154 0.91058 0.243672 
1.21624 1.38388 1.85339 1.0728 0.68792 0.392931 1.29048 0.888039 0.879429 0.582576 1.15576 0.197453 
1.16217 1.75647 1.86421 0.63512 1.97112 0.379159 1.01233 0.863602 0.473903 -0.176115 0.672555 0.0559892 
1.27113 1.66047 2.03998 0.465768 1.87792 0.976764 1.27701 0.903025 0.801363 -0.26747 0.61756 0.151486 
1.20328 1.6489 1.75394 0.690532 1.48829 0.750491 1.50641 0.463409 0.31883 0.259875 0.247393 0.0749732 
1.14506 1.67205 1.61411 1.17631 0.722943 0.15469 1.04311 -0.238551 1.0623 0.967905 0.731364 0.18263 
1.27904 1.55746 1.86344 0.297245 1.69705 -0.0488061 1.11633 0.741037 1.00394 0.803421 0.671695 0.251787 
1.26682 1.70798 2.12929 0.695028 1.39621 0.522035 1.0649 1.41006 0.688461 0.84402 0.703188 0.178751 
