1.05564 1.69718 1.61538 0.793533 1.00765 0.708652 0.368448 0.833072 0.550842 0.720608 0.518249 0.0580346 
1.01901 1.56036 1.58829 0.543062 0.817327 0.776875 1.58156 0.929531 0.57941 1.00089 1.05225 0.082024 
1.01822 1.24757 1.06533 0.779039 0.592057 0.495859 1.87508 0.466842 1.0754 0.685495 0.333424 -0.0153543 
1.01274 1.22881 1.17993 0.952637 1.03149 0.490821 1.14683 1.05019 -0.34202 0.123701 -0.262592 -0.0896018 
0.799755 0.896846 1.81355 1.49531 1.30536 0.005596 1.9383 1.73725 -0.633302 0.627842 0.762189 -0.0173751 
0.830361 -0.0168147 2.40863 1.48473 0.378058 -0.835646 1.88562 1.77999 -0.4368 0.561622 0.47182 -0.00717362 
0.829624 -0.117442 2.76241 1.76369 0.417165 -0.610827 2.0452 1.90015 -0.245577 0.165616 0.671366 0.0356059 
0.552647 -0.22452 3.15334 2.73895 -0.31224 -1.90884 2.64625 0.70702 -0.0707202 0.272476 0.392701 0.160831 
0.382912 -0.219058 3.39592 3.06102 -0.386145 -0.97135 2.95828 1.00636 -0.321278 0.161763 0.538759 0.203255 
0.283582 -0.429352 3.32958 3.07345 -0.840206 -0.077918 4.13073 0.527274 0.232092 0.32164 0.677443 0.0765541 
0.173194 -0.454725 3.00867 2.7016 -1.10632 -0.327573 3.15524 0.230212 -0.649218 0.367577 0.578563 -0.225766 
-0.074353 -0.840381 3.21492 2.624 -0.269149 -0.657018 3.16832 -0.455172 -0.259926 0.516049 0.390963 -0.265056 
-0.327838 -0.732176 3.59158 2.05621 -0.865997 -0.436246 4.06702 -0.6757 0.104991 0.758914 0.231893 -0.221816 
-0.351145 -0.563902 3.95193 1.68589 -0.810775 -0.141047 3.70417 -0.260518 0.44715 0.713487 0.314552 -0.170506 
-0.414148 -0.692085 3.64915 1.74387 -1.5221 -0.320764 2.83381 -0.0992134 0.546378 0.365816 0.610365 0.0968025 
-0.334029 -0.741781 3.37157 1.15673 -2.15807 -0.811765 3.20799 0.371685 0.961365 0.469301 0.72613 0.130418 
-0.362205 -0.826114 3.62919 0.43866 -2.38068 -0.965162 2.74722 0.542959 0.714134 0.534162 0.576974 0.156881 
-0.387955 -0.768551 3.16105 0.940953 -2.15201 -0.765934 2.07291 -0.231623 1.05268 0.403157 0.405869 -0.0283033 
-0.38166 -0.639585 2.99789 0.771168 -1.84155 -0.563369 2.5674 -0.331646 0.39014 0.691416 -0.0107445 -0.149775 
-0.378825 -0.368786 2.94693 0.559917 -1.32199 -0.465693 2.68793 0.464258 0.484766 0.99019 0.176255 -0.210516 
-0.393736 0.219538 2.69681 1.02699 -1.29764 -0.650523 2.93899 1.31787 0.744954 0.462837 0.244003 -0.277109 
-0.331362 -0.1734 2.11505 0.53256 -0.578446 0.00389218 2.65217 0.828652 1.29166 0.120401 0.0384535 -0.173736 
0.0259866 -0.448299 2.52717 0.700162 -0.949427 -0.875131 3.14051 0.674017 1.64027 0.0160512 0.140462 -0.0844983 
0.345019 -0.337711 2.81283 1.01378 -0.887462 -0.294264 3.31822 1.39316 1.05566 0.572101 0.102539 -0.274864 
0.518245 0.148764 2.46096 1.94801 -0.761596 0.271872 3.85856 0.780151 0.147826 0.129254 0.0548844 -0.163754 
1.63385 0.0341247 0.283039 0.525205 1.21254 0.696688 1.76089 0.257782 1.07716 1.18563 -0.225713 -0.609906 
1.91071 -0.0399948 -0.0311471 0.367877 1.82028 0.120423 1.7229 0.204174 1.58523 1.02662 -0.487414 -0.595985 
1.95029 -0.273505 -0.509468 1.04989 2.53727 -0.0320535 1.14781 0.0170173 1.74804 0.588957 -0.569665 -0.510835 
2.12185 -0.653888 -1.28472 1.49149 2.8878 -0.413837 1.84871 -0.314861 1.71584 0.430543 -0.443239 -0.460427 
2.02315 -0.761814 -1.66266 2.32592 2.37434 0.121678 1.41006 0.0802072 1.82961 0.152934 -0.326025 -0.644604 
2.2208 -0.799086 -1.50389 2.06106 1.74302 0.336958 1.65948 0.611724 1.72306 0.423149 -0.426961 -0.749386 
2.21363 -0.766758 -0.943502 1.19723 2.68837 0.0607819 1.36886 1.21638 1.66264 0.549069 -0.766762 -0.675495 
2.14856 -0.868096 -1.27585 1.47161 2.84025 0.310052 1.51375 1.13115 1.8666 0.280517 -0.837424 -0.584079 
1.95776 -0.711302 -0.938948 1.91007 2.27309 0.868808 1.82606 1.15369 1.86518 0.219115 -0.64748 -0.472474 
1.65152 -0.341858 -0.331684 0.940173 2.16946 0.9649 2.63896 1.35006 1.23622 0.153761 -0.624726 -0.410059 
1.72815 -0.468703 -0.257695 1.25891 2.06788 0.810025 2.58575 1.59069 0.834806 0.541282 -0.112228 -0.321212 
1.69782 -0.451282 -0.517919 2.21698 2.5309 1.57155 2.07815 1.4851 1.46329 0.48511 0.0254757 -0.0300641 
1.68238 -0.718817 -0.142709 1.91235 3.63361 1.8107 1.67201 1.83539 1.27772 0.41399 0.0477663 0.166911 
1.66636 -0.826915 0.272066 1.77717 3.01179 1.46358 2.22263 1.20377 1.17478 0.676379 -0.0120486 0.0224689 
1.72949 -0.689806 0.312299 1.34469 2.86315 1.32089 2.60171 0.701055 1.44221 1.20956 -0.111508 -0.175564 
1.66985 -0.22 0.4768 0.421036 2.33723 2.20589 2.57335 1.07808 1.64008 1.62684 -0.209049 -0.404669 
1.59643 -0.0313062 0.511588 1.20095 1.65361 1.34735 2.64972 2.06594 1.55013 1.05918 -0.256373 -0.332125 
1.63156 0.0599895 0.0835053 2.33349 1.57097 0.68997 2.30782 1.49601 1.49483 0.768346 -0.224033 -0.312985 
1.64603 0.217432 0.212624 1.8322 2.5632 1.209 1.83329 0.662888 1.65925 0.877231 -0.192718 -0.196612 
1.66579 0.143865 0.379887 1.18854 2.22566 1.29289 1.89332 0.714636 1.81984 1.22834 -0.144003 -0.268188 
1.6646 -0.0812352 0.496309 0.781959 2.20962 1.36681 2.08865 1.43943 1.68332 0.87282 -0.212817 -0.19618 
1.63254 0.167391 0.58236 1.19011 1.59489 1.02604 2.21128 1.44068 1.534 1.56887 -0.147945 -0.380843 
1.72921 0.477496 0.434964 1.24983 2.11755 0.778423 2.41289 1.0615 0.991974 1.56146 -0.357042 -0.461216 
1.66684 0.444197 0.201647 0.668081 2.62721 0.836184 1.58187 0.61869 0.87569 1.12543 -0.594401 -0.505728 
1.64575 -0.0277411 -0.00895609 -0.0200657 2.2518 0.0419845 1.08196 1.05445 1.88612 0.12571 -0.881479 -0.439686 
1.64909 0.274819 0.351836 0.047484 0.476724 -0.586353 0.907613 0.854106 0.959529 0.605246 0.017607 -0.159537 
0.875031 0.36818 1.36067 0.230309 0.0580829 -0.369728 1.91159 0.861163 1.09721 0.674437 0.474379 -0.309235 
0.4072 0.193645 2.0618 0.540763 -0.495287 -0.704538 1.85625 0.465322 1.79642 0.818195 0.0783289 -0.390001 
0.233428 -0.0287105 1.88709 1.16252 -0.772774 0.280921 2.52619 0.0489785 1.51471 0.319569 -0.136541 -0.341719 
0.13652 -0.186882 2.3407 0.662111 -1.21464 -0.421805 1.83882 0.232307 2.07056 0.847288 -0.0889922 -0.303913 
0.145934 -0.0959817 2.57048 0.676715 -1.5618 -0.245979 2.35852 0.579274 1.83662 0.740649 0.0998267 -0.149366 
0.186032 0.157721 2.70833 1.0851 -1.12926 0.392345 2.62644 1.25215 1.58595 0.693534 0.213703 -0.248949 
0.0814854 -0.0975724 3.04578 1.3652 -0.709709 0.328681 3.40022 1.0582 2.02759 0.664 0.12283 -0.12851 
0.0321955 -0.0634316 2.9341 1.06273 -0.574729 0.197585 2.78885 0.87342 1.82618 0.870185 0.356284 -0.364963 
0.000295971 0.0498635 3.2776 1.42568 -0.959596 0.726486 2.59664 0.305311 1.542 0.540127 0.122761 -0.209581 
-0.080173 0.138253 3.3673 1.23211 -0.561091 1.02376 2.70671 0.168003 1.2982 0.409523 0.208136 -0.293938 
-0.238153 0.254419 3.15809 1.06562 -0.792795 1.5367 3.25678 -0.0355163 1.19808 0.213654 0.0925812 -0.18314 
-0.0977324 0.399123 3.16369 0.876636 -0.0901974 0.715066 3.06197 0.946605 1.35454 0.420797 0.269636 -0.248494 
-0.0638142 0.0255472 3.37726 1.39138 -0.296962 0.178942 3.13842 0.82535 1.58537 -0.0686435 0.363583 -0.10613 
-0.156999 -0.275548 4.03255 1.75488 -0.819497 -0.528135 3.02573 0.611766 1.29082 -0.221885 0.339691 0.0797331 
-0.184379 -0.225356 3.94778 1.3379 -0.807411 0.322962 3.43486 1.08855 1.39318 0.429995 0.142179 0.0317531 
0.0500029 -0.176747 3.83019 1.89339 -0.385074 -0.585976 3.89493 0.680726 1.0131 0.45752 0.356353 0.225479 
-0.154783 0.215137 3.26868 2.80424 -0.846726 0.499845 3.03216 0.280093 0.422981 0.712972 0.0343519 0.0183423 
-0.283781 0.64014 2.27848 2.28997 -0.477373 -0.171362 2.1768 0.247681 0.914784 0.867748 0.0255373 -0.206226 
-0.285237 0.333769 2.92808 1.59776 -1.26607 -0.281914 2.28507 0.437968 1.1809 0.782632 0.408908 -0.211625 
-0.233655 0.467598 2.69652 2.46723 -0.773128 0.349978 1.37534 1.08462 0.51952 0.417644 0.19591 -0.228944 
-0.0769902 0.382625 2.91828 3.05889 -0.412711 -0.107801 2.92723 1.65875 0.427355 0.327001 1.04248 -0.234953 
-0.00570529 -0.0386881 3.2111 2.97066 -1.64031 0.421219 3.72044 1.4445 0.7543 0.293087 1.07577 -0.164717 
0.0867523 0.425349 3.05428 2.33139 -1.95556 0.03621 3.41562 1.39913 0.945581 0.541186 0.885292 -0.0293352 
0.165213 0.631912 3.12252 2.12859 -1.10038 0.77354 2.85445 0.926903 1.43975 0.325104 0.905464 -0.0743493 
0.297257 0.450969 3.01984 2.47317 -1.51715 0.760474 3.13208 0.965488 1.02637 0.596093 1.06001 -0.181504 
0.429783 0.688721 3.08084 1.84196 -0.75882 -0.154728 3.11463 0.560012 0.813671 0.730227 0.836271 -0.0831352 
0.566713 0.719973 3.11782 2.05497 -0.449338 0.483801 3.09014 0.637772 0.848251 0.779842 0.620933 -0.00302633 
0.562548 0.698069 3.15718 2.14153 -0.313563 -0.00609179 2.82769 0.930242 0.73352 1.07024 0.55516 0.0525991 
0.443492 0.6785 2.15548 2.3359 -0.568293 -0.527246 2.91176 0.877947 0.370937 0.3753 0.700987 -0.161008 
0.474593 0.599436 1.91531 2.87563 -0.672122 0.368827 1.89409 0.0546602 0.215007 0.141302 0.912628 -0.340435 
0.552592 0.385643 2.33595 2.85865 -0.407294 0.54828 2.54155 0.559892 0.345782 0.255472 0.403656 -0.0635384 
0.72274 0.747332 2.38 2.10228 -0.400466 0.346437 2.59862 1.10777 0.55084 0.499979 0.623332 0.0313867 
0.795346 1.20212 2.64793 1.62816 -0.944278 0.908694 1.63149 0.732886 0.478478 0.715941 0.515435 -0.0210739 
0.671373 0.765898 2.94878 1.73276 -1.0419 0.0873623 1.94434 0.249116 -0.058548 0.552329 0.330535 -0.0630311 
0.698694 0.675582 2.84311 1.89346 -0.491115 0.491526 2.10537 0.909049 0.326119 0.791271 0.596904 -0.0638186 
0.726196 0.745197 2.74591 2.01834 0.0163564 0.720877 2.61059 0.117289 0.475382 0.45484 0.618346 -0.0510579 
0.698775 0.969171 2.58292 0.794398 0.280361 0.947354 2.34272 -0.248809 0.454058 0.82558 0.571403 -0.0879524 
0.716831 0.871772 2.91996 0.807359 0.23294 0.529727 1.52157 -0.276511 0.224979 0.669792 0.701532 -0.13549 
0.663149 0.490006 2.24985 0.923352 -0.23507 0.0197884 2.34345 -0.0754392 0.104198 0.152894 0.612987 -0.182635 
0.61599 0.455123 2.44941 1.23363 0.138952 0.139505 2.68967 0.229682 0.134358 0.374675 0.680275 -0.106803 
0.632385 0.896269 2.64155 1.33939 0.0090054 0.239613 1.98686 -0.0669512 0.280586 0.748775 0.572438 -0.265114 
0.678709 1.01301 2.32601 1.1771 -0.182231 0.558333 1.39032 0.874774 0.154621 0.937356 0.717371 -0.125577 
0.763632 0.982834 2.16853 1.20981 -0.355905 0.115363 1.48557 1.908 0.403486 0.42423 0.804425 -0.0148338 
0.859741 1.10139 2.08622 1.39918 0.929487 -0.0567971 1.61356 0.649916 0.406311 -0.0851458 0.659773 0.0139024 
0.894269 0.828905 2.18923 1.219 0.788005 -0.0616684 1.00125 0.319167 0.143353 0.225129 0.431296 -0.0699997 
0.89248 0.836977 2.41815 1.48429 0.928343 -0.204778 1.7452 0.313201 -0.593413 0.0993482 0.534626 -0.0900939 
0.837146 1.17914 2.26246 0.992663 0.803659 0.342211 2.38182 1.12945 -0.490233 0.179958 0.375554 -0.0183665 
0.810506 1.00932 2.34731 1.3722 0.7499 0.706605 2.64771 0.68427 0.572563 0.219091 0.269691 0.0841864 
0.8319 1.10817 2.16353 1.02607 0.621361 -0.0891947 2.57185 0.754401 0.801571 0.509794 0.646285 -0.0253674 
0.870174 1.12289 1.35579 1.0245 1.36714 -0.206863 1.27481 0.374361 0.189603 0.500247 0.520083 -0.0104439 
0.817336 1.37514 1.83764 1.24807 1.89027 1.15543 1.09993 0.635715 0.0939028 0.555189 1.12833 -0.0245115 
0.821137 0.998102 1.86913 1.11136 1.38516 1.32303 1.78844 0.84519 0.106055 0.33356 0.46454 0.081336 
0.763149 0.862272 2.07274 0.64545 1.6434 0.534855 2.35507 0.310562 1.28543 0.91948 0.239739 0.0845442 
0.935355 0.786371 1.54111 1.12219 2.18477 0.666809 1.68014 -0.3026 0.647689 0.577338 0.873016 0.0660998 
1.11919 -0.0658965 0.334417 0.788091 3.73297 1.77996 1.22707 -0.645475 -0.850178 1.24743 0.482989 0.0939543 
0.992856 0.569503 0.179009 0.738509 2.92892 1.98443 1.11503 -0.430452 0.0391815 0.874626 0.898362 0.0677376 
0.780565 1.08415 1.25252 0.615372 1.29511 1.54295 1.78729 0.353426 1.33821 -0.11288 0.625511 0.0473593 
