0.514418 0.81554 1.5838 1.05052 0.751075 0.692168 0.075954 0.579214 0.489439 0.109069 -0.164209 -0.0226758 
0.446948 0.986429 1.61809 1.38431 0.617862 0.646775 1.26499 0.472635 0.120323 1.08015 -0.389912 -0.0407779 
0.543632 1.14889 1.34789 0.813766 0.777368 0.559161 0.996307 0.693828 0.426433 0.715077 -0.559919 0.0981085 
0.663191 1.37581 0.948007 1.04773 1.25871 0.330109 0.652955 0.656877 0.40957 0.399281 -0.375392 0.0722032 
0.563434 1.18787 0.772156 1.44239 1.34101 0.389272 0.528183 1.00957 0.157009 -0.0195529 0.326086 0.0251188 
0.504362 1.31009 1.43832 1.32926 0.372388 0.542414 0.676298 0.666313 0.276749 -0.0954087 0.221283 0.0863941 
0.517748 1.17845 1.31751 0.80752 0.560302 -0.00473194 0.533048 0.428015 0.309697 0.705265 0.126043 -0.0485683 
0.563475 1.19059 1.46207 1.1276 1.01365 0.58254 0.629849 1.25349 0.645624 0.70981 -0.160707 0.0597635 
0.542023 1.2523 1.54816 1.20466 1.50672 1.31982 0.868613 0.355416 1.29976 0.991047 0.322527 0.0462211 
0.457671 0.912526 1.57861 1.31205 1.12207 0.562637 0.966738 1.26156 0.84558 0.528904 0.276396 0.117983 
0.527985 1.14099 1.27376 0.933736 1.65833 0.475807 1.04581 1.11361 0.45711 0.189021 -0.0173923 0.134402 
0.519443 1.50434 1.58539 1.52608 1.54062 0.732484 0.875483 0.505358 0.740291 0.45727 0.0930089 0.065488 
0.612938 1.28096 1.31501 1.6781 1.84279 1.31463 1.46585 1.4836 0.603143 0.564249 0.262204 0.144797 
0.783228 1.6849 2.04451 1.67897 1.49706 1.59321 1.24037 1.50442 0.384327 0.832587 0.317426 0.150037 
1.0186 1.70541 2.65734 2.20014 2.05754 1.91085 1.59105 1.35735 0.744883 0.589136 0.334897 0.189381 
1.31765 2.29374 2.99732 3.10286 2.86206 1.91699 1.34972 0.760684 1.47098 0.141853 0.257532 0.106166 
1.58481 2.89261 3.59869 3.01352 2.7345 2.06319 1.26765 0.71951 0.813625 0.208448 0.152929 0.034383 
1.81142 3.00251 3.56308 2.79047 2.42902 1.75735 1.27937 1.34157 0.9797 -0.262615 0.330529 0.0313611 
1.91086 3.25519 2.86302 2.7115 3.05284 2.21262 1.54495 1.21193 1.14253 -0.214168 0.369491 0.00610661 
1.85756 2.74501 2.88773 2.65005 3.79575 2.13478 1.65769 1.17175 0.918909 0.196651 0.359056 0.111951 
1.92448 2.99945 3.57277 2.53586 3.26348 1.31577 2.26692 1.41618 0.804476 -0.195258 0.284442 0.0894059 
1.8609 2.75353 3.30069 2.68006 2.94977 1.57222 2.19536 1.15199 0.759785 -0.107875 0.286144 0.0912153 
1.64027 2.5529 2.93266 2.88149 2.89597 1.73067 1.74998 1.12446 1.20114 0.152724 0.277011 0.100257 
1.58874 2.69744 3.10173 2.99055 2.93848 1.73574 1.69037 0.725769 1.67725 0.200515 0.256409 0.116612 
1.53479 2.36735 2.77678 2.63523 2.65648 1.82308 1.55913 1.21682 1.20958 0.525835 0.0697822 0.0936545 
1.58823 2.30653 2.65224 2.84863 3.44992 1.41812 1.35043 1.32379 0.983162 0.312439 0.23134 0.115501 
1.59387 2.19044 2.93882 3.53794 4.02213 1.14349 0.338205 1.70152 1.87742 0.320383 0.0590304 0.123257 
1.65797 1.97548 3.16465 3.87794 4.4792 1.02301 0.819413 2.06183 1.80852 0.759282 0.0545732 0.217072 
1.37004 1.94765 2.74193 3.58338 3.54579 1.89712 1.11231 1.4327 2.12941 0.857706 0.203643 0.25521 
1.09072 1.29418 2.53469 3.33638 3.61562 0.970379 0.570041 1.41946 2.24735 0.871452 -0.0290252 0.251824 
0.79676 0.85046 2.57267 4.37373 4.30188 0.10752 1.01489 0.896019 2.70949 0.372402 0.197032 0.147945 
0.536704 0.681115 2.17358 4.27862 3.8836 1.30414 1.03128 -0.182465 2.59466 0.389255 0.722422 -0.146403 
0.206019 0.111879 2.87345 4.28258 3.38406 0.592906 1.145 -0.13977 2.5343 0.678407 0.277436 -0.233906 
0.23288 -0.0587788 2.91444 3.84672 3.51527 0.206747 0.939355 0.782814 2.35443 0.681739 0.17938 -0.0606673 
0.197927 0.126859 2.19123 3.39448 3.50731 0.546333 0.941649 1.09221 2.55145 0.472354 0.551532 -0.0860953 
0.120944 0.201506 2.07868 3.2886 3.9657 0.530247 1.27972 0.666419 2.34515 0.588906 0.886191 -0.220225 
0.149211 0.216627 1.77075 3.62527 4.50477 0.0554871 0.902618 1.1431 2.0366 0.706813 0.758154 -0.231103 
0.494505 0.225456 1.12249 3.58403 4.22493 1.39963 0.489944 1.26307 1.05345 1.05926 0.438621 0.112902 
0.773532 0.413351 1.13489 2.93418 4.41057 1.78924 1.3775 0.263952 0.75609 0.821402 0.47302 0.267164 
1.17493 0.0423426 1.01681 2.90962 3.53344 2.04911 1.66989 -0.561353 0.868512 0.596681 0.429405 0.152908 
1.44661 0.395313 0.297759 2.6306 4.16423 1.6619 1.57931 -0.7109 1.08101 0.63557 0.169259 0.00962038 
1.63302 0.748571 0.135328 1.86754 3.52323 0.946826 1.39387 -0.00890435 1.79128 0.957708 -0.166427 -0.215408 
1.76026 1.0389 0.0855124 1.00609 3.31683 1.09229 1.16071 0.895407 1.77715 0.986916 -0.316273 -0.305837 
1.97009 0.866932 -0.217465 0.755223 2.67111 1.13078 1.85391 1.4657 1.2492 0.796882 -0.167202 -0.206938 
2.1135 0.898142 -1.47949 1.01952 2.752 1.42663 1.63947 1.59034 0.994869 0.676648 -0.0492488 -0.0886159 
2.14752 1.01292 -1.56306 0.767927 3.20439 1.22187 1.9007 1.21043 1.1121 0.864361 -0.0861804 -0.157883 
2.17236 0.98686 -1.77359 1.47733 2.7699 1.36643 1.5986 1.38625 1.60205 0.773434 -0.164312 -0.32045 
2.25649 0.62082 -1.42903 1.27363 2.90752 1.9348 1.16424 1.5994 1.25938 0.832319 -0.128889 -0.254523 
2.14385 0.684797 -1.63592 1.23866 3.44166 1.60684 0.892694 1.73578 1.36591 0.973266 -0.315672 -0.289306 
2.11339 0.744549 -1.76564 1.20719 3.46322 1.55962 0.592191 2.04259 1.41904 1.109 -0.462091 -0.327759 
2.11716 0.572729 -1.59336 1.46377 3.10972 1.5304 0.641946 2.25431 1.42412 0.989361 -0.476923 -0.334673 
2.19845 0.733322 -1.90665 1.04676 3.16484 1.72933 0.399998 2.69249 1.30049 1.21076 -0.588823 -0.352879 
2.25263 0.865392 -2.03171 0.796978 3.61977 1.29264 0.399152 2.77454 1.34159 1.43177 -0.779289 -0.421256 
2.3409 0.87512 -1.70966 0.441207 4.06993 0.933068 0.240773 3.081 1.06728 1.6074 -0.848374 -0.522333 
2.33049 0.935563 -1.30086 0.639215 3.88981 0.661803 0.391428 2.84758 1.26058 1.58006 -0.796071 -0.589207 
2.33299 1.11019 -0.719089 0.846463 3.13693 1.22298 0.208923 2.66768 1.46549 1.31956 -0.597919 -0.637096 
2.0995 0.896303 -0.266344 1.18292 2.63885 0.95066 0.979238 2.24903 1.71376 0.966709 -0.509088 -0.469837 
1.98047 0.861461 0.0658144 1.43967 2.19924 0.710128 1.60751 2.04729 2.64625 0.681206 -0.562904 -0.385365 
1.86029 0.961979 -0.0180052 1.04646 2.88795 1.17751 1.36471 1.92229 2.32051 0.876829 -0.63362 -0.461637 
1.51175 0.8424 -0.108353 0.598466 2.99746 0.920946 1.40917 1.66473 2.66033 0.410319 -0.207708 -0.243039 
1.04247 0.707081 0.253105 0.93397 1.70234 0.456196 2.07084 1.10473 2.70018 -0.0297867 0.590033 -0.213372 
1.10523 0.72938 0.207471 0.791965 1.4095 0.677541 2.13705 0.417087 2.48013 0.259637 0.386118 -0.283184 
1.77575 1.40355 0.341447 -0.447085 2.14806 0.148364 0.0528162 0.623845 1.08218 0.877084 0.0731319 -0.268268 
2.45639 1.63002 -0.328654 -0.155231 1.55195 -0.089157 0.8038 -0.233069 1.50166 0.567035 0.145894 -0.128916 
2.35179 2.04813 0.391253 0.0596838 1.77607 -0.260324 -0.383199 -0.822911 1.64935 0.435158 0.232015 -0.135008 
2.39443 2.12374 -0.339103 -0.194389 1.55596 0.662528 -0.480227 -0.74782 1.19368 0.270501 0.484672 -0.107588 
2.51553 1.91532 -0.629518 0.483261 1.61945 0.219739 -0.455002 -0.926454 1.54844 0.312389 0.217571 -0.260319 
2.41037 1.89796 -0.0418897 0.332477 1.6915 0.364359 -0.76239 -0.381912 1.32819 0.0378785 0.0166112 -0.219786 
2.45417 1.8804 0.384104 0.522717 1.5589 -0.0333252 -0.648654 0.0228137 1.07401 -0.173251 -0.159359 -0.115239 
2.54983 2.1298 0.293281 0.411869 2.24005 -0.366352 -0.997672 -0.298841 1.24893 0.0607484 -0.229509 -0.243638 
2.52695 2.08663 0.57142 0.560238 2.45942 -0.147851 -1.04792 -0.392691 1.00357 0.209378 -0.112414 -0.197449 
2.35894 2.10478 0.608286 0.809311 2.51431 0.472641 -0.176428 0.321927 0.963723 -0.129817 -0.233823 -0.215017 
2.41554 2.37224 0.516804 0.333736 3.22818 0.224839 0.626533 0.0878638 0.901577 0.019334 -0.413899 -0.279516 
2.14232 2.23201 0.886247 1.14179 2.42362 0.600415 0.346103 0.33561 0.938204 -0.207031 -0.297931 -0.29047 
2.25744 2.18214 0.80268 0.805362 2.40418 1.19914 0.0859862 0.316356 0.770119 -0.343845 -0.256476 -0.299877 
2.40648 2.19309 0.574168 0.487854 3.21479 1.05697 0.508435 0.651511 0.655904 -0.570087 -0.646963 -0.414189 
2.38644 2.09293 0.677241 0.709978 2.90064 1.01045 1.50449 0.0909984 0.935531 -0.837232 -0.624146 -0.239756 
2.4356 1.9082 1.16502 0.886861 2.99757 1.27768 1.28486 0.0559814 1.33155 -0.131004 -0.511099 -0.271349 
2.38393 2.00335 1.48919 1.18595 2.11948 0.713713 2.19299 0.984601 0.9795 -0.350319 -0.548645 -0.198391 
2.15227 1.58457 1.48378 1.20161 3.04509 1.30684 1.81287 0.33971 1.33031 -0.160793 -0.597091 -0.153014 
2.30905 1.86741 1.83205 0.590014 2.62998 1.48823 1.53417 0.409364 1.09933 -0.553233 -0.596452 -0.130461 
2.22938 2.1507 1.64227 0.580845 1.79707 0.998026 1.0905 0.364184 0.275328 -0.723964 -0.418305 -0.185156 
2.3397 2.05468 0.871813 0.521207 2.16271 1.40488 1.15525 -0.674781 1.26058 -0.159964 -0.190498 -0.217205 
2.38569 2.29253 1.17483 1.23743 1.70163 0.257277 0.354118 -0.894092 0.667475 -0.682254 -0.302823 -0.203139 
2.29917 1.76794 1.54612 1.11175 1.65046 0.20981 0.131688 -0.368363 1.65692 -0.520355 -0.471798 -0.115645 
1.97461 1.76907 1.50651 1.06487 1.82768 0.590646 0.52392 0.737828 0.880081 -0.479881 -0.181568 -0.0764051 
2.02423 1.8311 1.36534 0.229798 1.73374 0.606515 1.02622 0.576264 0.625553 -0.451031 -0.201252 -0.0515249 
1.94727 1.80311 1.2334 0.0972531 1.02771 0.194536 2.30706 0.422114 0.443637 -0.202011 -0.238437 -0.0227356 
1.81922 1.77716 1.66744 -0.23927 1.08076 0.402783 1.72205 0.157781 0.0516972 -0.759917 -0.380344 -0.0878254 
1.83469 1.86912 1.4753 0.0173928 1.99936 0.298044 0.667865 0.663201 0.143655 -0.262889 -0.286803 -0.177448 
1.65152 1.91371 1.65297 -0.465402 1.06531 0.0478525 1.01126 0.340816 -0.400989 -0.554948 0.236957 0.158679 
1.7654 1.75145 1.82283 0.493903 1.7316 0.650304 0.575402 0.599643 0.422431 -0.49144 0.136611 0.0487453 
1.81696 2.0176 2.16872 0.859786 2.14375 0.633966 0.241634 0.748751 0.837222 0.179491 0.0165016 -0.0396475 
1.75292 1.98217 2.28238 0.912186 2.04381 0.93 0.958036 0.820471 0.888396 0.456342 -0.0887716 -0.0342047 
1.63159 1.82555 2.40721 0.852754 1.64581 0.273794 0.646218 -0.131207 0.483027 0.154203 -0.201483 -0.0568813 
1.59235 1.71464 1.85931 1.17445 2.15493 -0.221294 0.524987 0.169888 0.684119 -0.241316 -0.0280337 -0.00675646 
1.54697 1.90751 1.68298 1.28195 2.34807 0.995014 1.77176 1.59479 0.647653 -0.340506 -0.40501 -0.133234 
1.53531 1.9767 2.04963 1.1982 2.19469 0.907645 2.00179 1.17266 1.25482 0.0152046 -0.228382 -0.0152235 
1.60778 2.29095 2.48587 1.55065 2.44871 0.836685 1.3196 1.00471 1.66048 0.0129411 0.168424 0.10841 
1.602 2.24901 2.61272 1.27563 2.6247 1.10975 1.49132 0.916293 1.06524 0.397294 0.0576031 0.104444 
1.60164 2.31133 2.51134 0.824619 2.55223 1.48355 2.25715 0.902793 1.185 0.534808 -0.266277 0.0552688 
1.33708 1.62964 2.9383 1.31302 2.96236 0.909126 1.49852 1.8877 1.48538 -0.223525 -0.316623 0.120633 
1.59571 1.77794 2.2829 1.25005 2.24007 -0.187778 0.842483 0.897289 0.983776 0.0959246 -0.00373558 0.0972026 
1.62046 2.07549 2.2506 1.36096 1.70914 -0.0806121 1.09925 1.04812 -0.000581041 0.466329 -0.021508 0.0265563 
1.48236 1.79855 2.07288 1.48542 1.52627 0.78317 1.55496 1.38307 0.539678 -0.0119254 0.310667 0.12374 
1.40475 1.99304 2.56791 1.36076 1.6676 0.777113 1.89675 1.40445 0.990662 -0.0180926 0.510814 0.177724 
1.44594 1.83315 2.01024 1.75702 1.46446 0.496419 1.04781 1.04786 1.84579 0.53185 0.268728 0.196051 
1.52015 1.56599 2.07108 1.8361 1.7165 0.143886 1.82875 0.838099 1.78162 0.54723 0.0534343 0.171418 
1.41961 1.72281 2.24796 1.61461 1.91327 0.436719 2.49149 0.0743665 1.1241 0.474898 0.0353691 0.156245 
1.48914 1.3221 2.17162 0.337022 0.793634 0.180305 1.4657 0.704935 -0.110943 0.683177 0.52732 0.0693736 
1.3298 1.30167 2.11005 0.442046 1.10586 0.417262 0.884836 0.398969 0.506176 0.315804 0.114313 0.0557875 
1.24541 1.45929 1.9677 1.41479 1.75879 0.697831 0.368961 0.201856 1.37196 0.504411 -0.0713236 0.0946696 
1.27464 1.93485 2.36778 1.48966 1.14494 0.745311 1.48498 0.730821 1.60106 0.327934 0.252074 0.190745 
1.32096 1.82658 2.16649 1.66873 1.04566 0.497959 2.23948 0.829124 1.05146 0.387784 0.191192 0.104376 
1.15187 1.58873 2.28847 1.05391 1.94412 0.992058 1.43451 1.18334 0.253604 0.484042 0.217824 0.0295701 
1.2511 1.83991 2.28151 1.01661 1.91202 1.41127 1.463 0.789707 0.348102 0.630517 0.394934 0.146202 
1.25001 1.77293 2.30711 0.868509 1.65304 0.522768 1.94933 1.04788 0.854681 -0.0375098 0.471804 0.149929 
1.16034 1.75477 1.44604 0.831453 2.02987 0.161345 1.61687 1.45887 1.18017 0.260836 0.0877226 0.0413875 
1.23009 1.04863 1.90767 1.52605 2.17795 0.571066 2.1093 0.580024 1.13589 0.577867 -0.181391 0.126571 
1.40318 1.2217 2.0648 1.11548 1.73878 -0.00597152 1.17607 0.99699 0.688914 0.518121 -0.00587565 0.0423744 
1.30859 1.18291 2.28773 0.575576 1.72555 -0.505371 0.675749 -0.381569 -0.471825 0.634128 -0.071112 -0.0924618 
1.17225 1.16764 2.00119 0.495311 1.93587 0.017684 0.119358 0.883958 0.595022 0.421493 -0.245869 -0.0913343 
1.1703 1.13073 2.432 1.22141 1.80918 0.586592 1.36703 0.496418 1.09111 0.087545 0.288135 0.206839 
1.03546 1.68999 2.10944 0.983805 1.25263 0.393291 1.59863 0.745778 1.13515 0.417023 0.255855 0.159017 
0.928096 1.38976 2.1824 0.372778 2.26617 1.28884 1.19071 0.350454 0.572361 -0.189426 0.311734 0.115017 
1.2203 1.41044 1.818 1.20067 2.38104 1.00689 1.22733 0.813064 -0.195833 -0.580692 0.429774 0.0722607 
1.1358 1.42548 2.23879 0.896294 2.10874 0.904837 0.706779 1.24434 0.714673 0.198108 0.153423 0.0812121 
1.10249 1.23845 2.30308 1.23914 2.18898 0.144085 1.72666 1.94658 1.12262 0.93832 0.311976 0.252411 
0.936204 1.20275 2.26808 1.60269 1.8523 0.276378 1.53163 1.65889 0.637188 0.686984 0.236313 0.19587 
0.902537 1.25898 1.84346 0.916792 1.24739 0.305738 1.21865 1.10843 0.668131 -0.131158 0.0230947 0.013916 
0.85999 1.49601 2.26688 0.894923 0.559383 -0.0192394 1.88714 1.51654 0.705587 0.869949 0.405014 0.023737 
0.999742 1.15599 2.10208 0.543206 1.20187 0.0810683 1.70515 1.06989 1.50573 0.647958 0.111847 0.163059 
1.10741 0.699084 0.769484 0.554286 2.23693 1.33237 2.08508 0.301193 0.712175 0.511337 0.662332 0.21643 
1.32795 0.576314 0.38228 0.121647 2.85534 1.1445 1.53309 0.0971178 0.0176145 0.506816 0.511006 0.276363 
0.93895 1.32876 1.55451 0.991703 1.1703 0.887147 1.77084 0.281936 0.802376 -0.0518353 0.368089 0.0214797 
0.824607 1.09702 1.77778 0.840823 0.698206 0.0991532 1.66829 0.604296 0.47465 -0.10961 0.302826 -0.00218556 
1.06478 1.1824 1.31781 0.530123 1.23433 -0.131575 0.188504 1.06287 0.35059 -0.56711 0.124218 -0.109788 
1.13168 1.47532 1.33154 0.582261 1.25269 0.430998 0.32648 0.874315 1.18388 -0.251338 0.407829 0.00727458 
0.920703 1.47914 1.26158 0.896243 1.28272 0.972136 0.409662 0.303812 1.15307 -0.881001 0.38947 -0.0904438 
0.795925 1.38681 1.28342 0.374818 1.09488 0.668415 1.24366 0.408186 0.257583 -0.194329 0.575459 -0.194565 
0.845365 1.29559 1.21842 0.394877 1.33979 1.36767 1.11268 0.826026 1.11301 0.45813 0.0611737 -0.00107891 
0.95499 1.63772 1.17775 0.249944 1.00367 1.91802 0.834169 0.939049 0.876495 0.910518 0.625071 0.0812743 
