0.299188 0.523004 1.53004 0.761541 0.786168 0.275624 0.719804 0.222551 0.387997 0.324901 0.0751651 -0.137599 
0.419326 0.432167 1.3051 0.290433 0.852858 0.699088 0.617801 -0.161248 -0.0545098 0.222343 0.470414 0.0346744 
0.440549 0.692993 1.27907 0.396078 0.920419 1.18193 1.39432 0.721477 0.118535 0.178531 0.238815 -0.057134 
0.376952 0.872826 1.17185 0.590515 0.634934 0.0235206 1.25644 1.43698 0.409623 0.183756 -0.110908 -0.104544 
0.324058 0.609887 0.568654 0.480347 0.30582 -0.0193079 -0.0097664 1.02114 0.151213 0.493521 0.07377 0.120107 
0.42801 0.774945 0.321715 0.457232 0.177432 0.0517289 0.844863 0.646648 -0.50515 0.879287 0.672569 -0.0463763 
0.731517 0.79057 0.448096 0.333161 -0.432515 0.270605 0.376838 0.714235 0.39807 0.221282 0.746592 0.105485 
0.770894 0.691965 0.951291 -0.296837 0.58309 -0.358424 0.288759 -0.0880221 0.811708 0.157861 0.806331 0.0654784 
1.34485 0.495085 -1.08189 -1.08733 0.870278 0.705125 0.827401 -0.294076 0.552855 0.469365 0.218174 -0.206793 
1.25406 0.563126 -0.915686 -0.491923 1.97751 0.0707083 0.948414 -0.294259 0.487227 0.322748 0.123717 -0.456627 
0.943052 0.410919 -0.0816041 -0.181942 2.07394 0.139378 1.27901 -0.768591 1.03643 0.600492 0.00315934 -0.610436 
0.99743 0.615851 -0.172247 -0.435974 1.47055 0.848366 1.70045 0.0381043 1.67791 0.198303 0.352267 -0.419282 
1.67271 1.29029 -0.515623 -0.110068 1.70113 0.660019 1.01081 0.527962 2.32166 0.824081 0.108262 -0.454055 
2.07201 1.7079 -1.56953 -0.264523 2.4823 0.501963 0.445159 0.71619 2.36625 1.47562 0.257622 -0.529814 
2.14374 1.98611 -2.36817 -0.311554 2.9489 -0.00887021 1.14038 0.75087 2.37956 1.52899 -0.089054 -0.412548 
2.20481 2.08557 -2.3624 -0.508153 2.62783 0.152869 1.12067 0.772801 2.66321 1.15315 0.0706442 -0.491201 
2.22991 2.13662 -2.24857 -0.657847 1.68192 0.992601 0.710272 1.24691 2.91658 0.751367 0.33895 -0.659239 
2.15211 2.39618 -2.43357 -0.568185 2.28069 0.366708 1.10124 1.10205 2.55788 1.03033 0.152729 -0.500544 
2.266 2.41166 -2.38397 -0.456888 2.64974 -0.254346 1.06762 0.842368 2.53991 1.48782 0.00981747 -0.312691 
2.36589 2.29791 -1.78067 -0.709786 2.40091 0.00198313 0.41871 0.875675 2.45499 1.57979 0.274449 -0.406269 
2.23151 2.51261 -1.88729 -0.0311215 2.15826 -0.0628302 0.209392 0.830017 2.65521 1.46095 0.30432 -0.447726 
2.1315 2.41975 -1.27191 0.0102539 2.10484 -0.451282 0.502689 0.930216 2.5561 1.06007 0.260995 -0.30023 
2.11971 2.73322 -0.88881 -0.216182 1.96472 -1.18253 0.510563 0.990836 2.46129 0.968849 0.297242 -0.153162 
2.16234 2.77695 -1.13685 0.0145675 2.00247 -0.902089 0.0736442 0.394823 2.77975 0.932503 0.551096 -0.302796 
2.16264 2.90783 -1.45479 -0.422575 2.24341 -1.09261 0.168583 0.74657 2.63023 1.03909 0.296869 -0.354437 
2.22384 2.66352 -1.47852 -0.165548 1.93533 -0.45531 -0.0545937 0.754238 2.45195 0.883912 0.324357 -0.358048 
2.26863 2.48217 -0.934148 -0.578487 1.61129 -0.149435 -0.113462 1.01746 2.45788 0.47259 0.369198 -0.359774 
2.31754 2.26254 -0.512465 -0.919687 2.05976 -0.454448 0.0983179 1.0305 2.28802 0.382699 0.114895 -0.279886 
2.3071 2.52352 -0.628333 -1.13227 2.72827 -0.428509 -0.28836 0.912203 2.1528 0.544273 0.175097 -0.469573 
2.35876 2.47204 -0.653106 -0.373348 2.14479 0.0309628 -0.827763 0.785684 2.24113 0.407161 0.205556 -0.433467 
2.26657 3.1931 -1.34796 0.297017 2.86963 -1.42706 0.0541961 -0.324171 2.37793 0.805842 0.0147965 -0.300199 
2.28188 2.80272 -0.35603 -0.118549 3.26809 -1.25982 0.156581 0.0251419 2.10673 0.740858 -0.0851984 -0.26022 
2.11738 2.49179 0.15093 0.625649 2.89355 0.0864371 0.449062 0.371533 2.12636 0.160589 0.0205259 -0.347889 
1.8019 2.74523 0.147964 1.16088 3.80354 -0.074747 0.85582 0.135732 2.06773 1.01433 -0.186902 -0.335334 
1.8364 3.01443 0.154503 0.942496 3.84619 -0.81544 0.575928 0.437035 2.02681 1.44618 -0.34577 -0.283277 
1.9744 2.97453 -0.0560384 0.0657592 3.87249 -0.899265 1.02742 0.305697 1.8006 0.766072 -0.291694 -0.306058 
2.04475 2.91394 -0.281206 -0.366564 4.20951 -1.02011 0.739861 0.173016 1.62777 0.597535 -0.410816 -0.428044 
1.97752 2.55414 0.394582 -0.280038 4.1415 -0.703808 0.211411 0.34892 1.98281 0.592942 -0.329597 -0.54386 
1.99807 2.38906 0.912792 0.00357162 4.40704 -0.405426 0.584838 0.59257 2.22977 0.828513 -0.521438 -0.459718 
2.08758 2.33422 1.55189 0.289285 4.57557 -0.566073 0.434754 0.588615 2.22998 0.993346 -0.547779 -0.273028 
2.14435 2.78809 1.85164 0.411194 4.24495 -0.558544 -0.268446 0.153338 1.74257 0.897843 -0.0443727 -0.197055 
2.17619 2.91942 1.74964 0.37796 3.21574 0.310524 -0.0123245 0.636461 1.69769 0.617733 0.254155 -0.211953 
2.11528 2.70701 1.82103 0.958428 2.6359 0.492916 -0.0277054 1.01486 1.70959 0.323754 0.143696 -0.180792 
2.16212 2.1727 1.33572 0.779744 2.79458 0.889492 0.321945 1.81067 1.1837 -0.0357106 -0.221216 -0.261067 
1.89666 2.73898 1.55718 0.816071 2.02874 0.674332 0.910375 1.60265 0.764901 0.15398 -0.167981 -0.2172 
2.08795 2.73685 1.38482 0.719287 2.11451 1.12408 1.34684 0.855158 1.3636 0.29934 -0.00664941 -0.167716 
2.12958 2.73536 1.74687 0.875357 1.7244 1.12086 1.81489 1.29801 1.30215 -0.17723 -0.0676209 -0.13538 
2.06759 2.41699 2.05789 1.26185 2.21691 1.0854 1.57002 1.19346 1.28512 0.0989384 -0.0296111 -0.0444253 
1.92293 2.31389 1.88636 1.12005 2.48503 1.08851 1.18729 1.25119 1.63661 0.551829 -0.00157999 -0.0699386 
1.97359 2.77489 2.11768 0.63694 2.71361 0.926709 1.68646 1.80988 1.3372 -0.251237 -0.0113097 -0.146699 
1.95233 2.35414 2.29599 1.23399 3.2686 0.917898 0.862793 1.92021 1.57725 0.341325 -0.00931012 -0.100935 
1.97401 2.64035 2.20481 1.32097 2.71343 1.26485 1.74141 1.36669 1.7758 0.419196 0.0527253 -0.0317946 
2.0216 2.81074 2.69141 1.49385 2.5075 1.07881 1.84102 1.69691 1.40068 0.238991 0.204178 0.0619507 
1.75842 2.55327 2.71595 2.21021 2.74917 1.93471 1.41766 1.52353 1.11514 0.459065 0.20052 0.0785989 
1.70081 2.61509 2.75227 2.3965 2.46257 1.54293 1.7933 1.19884 0.898526 0.511803 0.274588 0.146972 
1.65773 2.48251 2.89961 2.48801 2.81445 2.03337 1.59231 1.35827 0.89703 0.307745 0.265039 0.0970347 
1.85638 2.41425 2.52572 1.8439 2.83417 1.86846 1.14534 1.43713 1.34698 0.131754 0.217865 0.0477226 
1.83664 2.38999 2.71044 1.68504 2.04818 1.41752 1.33042 0.634626 2.07553 0.675585 -0.0492146 0.0365184 
1.6435 2.37397 2.77039 1.24673 1.70793 1.87909 2.44295 0.63669 1.959 0.286953 -0.265167 0.0124448 
1.65335 2.26062 2.59293 1.17122 1.2739 1.18159 2.52847 0.984513 1.41295 0.227393 -0.088919 -0.043075 
1.61961 1.90488 2.20446 1.1694 1.62242 0.551583 1.26322 0.644614 1.60721 0.74213 -0.17281 -0.0174564 
1.53571 1.7727 2.06926 0.379675 2.11991 -0.0594333 0.828718 1.03428 1.14497 0.835519 -0.277581 -0.0724212 
1.56436 2.15122 1.94532 0.132623 2.16171 0.622852 0.831834 1.18003 1.29534 -0.260232 0.304105 -0.0226151 
1.75615 2.23418 2.64538 0.49522 1.53458 0.471428 0.824483 0.56543 0.939974 0.569315 0.141677 0.12091 
1.70782 1.79206 2.3604 1.4665 1.98503 0.144255 0.993121 0.768715 1.35235 0.996111 -0.239783 -0.000107616 
1.6195 1.9319 2.20818 1.39441 1.86489 1.04324 1.41553 0.648878 2.08267 0.658914 -0.135059 0.0395158 
1.49528 2.0796 2.29527 0.983664 1.4344 1.3063 1.82555 0.408815 1.46269 0.303406 0.0881717 0.0909063 
1.42514 1.95869 2.60272 1.02473 1.34721 1.22638 1.23472 1.15918 0.729001 0.208713 0.30243 0.0484381 
1.38883 2.00875 2.7073 1.22036 2.49964 1.05668 1.04617 1.30457 0.752397 0.278174 0.32002 0.101456 
1.37626 1.91363 2.81538 1.38157 1.99711 1.1875 1.77323 0.990291 0.864578 0.552995 0.221341 0.162695 
1.32115 1.75928 2.81369 2.02792 2.45063 1.37158 2.07552 1.3065 1.01005 0.608712 0.00728237 0.165543 
1.37419 2.03962 2.34591 1.54439 2.68013 1.56937 1.75496 1.47015 1.23842 0.535321 0.0436668 0.138753 
1.27171 2.10925 2.40522 1.70469 2.33627 1.76739 2.36373 0.990501 0.940959 0.490643 0.0841862 0.162906 
1.18943 1.95264 2.3537 2.2434 2.51864 2.61217 2.5316 0.840831 0.820544 0.188157 0.292536 0.184148 
1.22125 1.89856 2.70085 1.97798 2.61158 2.6424 2.67536 0.410891 0.684171 0.644466 0.110345 0.202126 
1.35613 1.97751 2.7499 1.78074 2.3302 2.01238 2.33084 1.25089 0.87313 1.12261 0.0238611 0.199933 
1.36549 1.78839 2.43582 1.06677 2.421 1.79463 2.19981 1.41635 0.272961 0.967826 0.502376 0.241306 
1.37078 1.98046 2.72003 2.04006 3.09187 1.90248 1.84949 1.23225 0.267174 0.772237 0.508562 0.201437 
1.3307 1.86841 2.95616 2.00487 2.45167 1.18676 1.83608 1.26264 0.785714 0.684263 0.452287 0.236503 
1.24503 1.82986 3.10629 1.48301 2.61599 1.73513 2.6129 1.28366 0.571893 0.231871 0.630156 0.218808 
1.1977 1.83993 2.738 1.49958 2.79001 1.91586 2.66033 1.11634 0.50964 0.328043 0.574112 0.233492 
1.33008 1.82468 2.77682 1.37953 2.85806 1.94866 1.8974 0.991264 0.825776 0.507267 0.379413 0.231134 
1.28593 1.95589 2.72911 1.56922 2.84879 1.76911 1.4804 0.700466 0.784959 1.23198 0.284629 0.260065 
1.25107 1.94577 2.77363 1.69248 2.40451 1.66174 1.82938 1.09766 1.72136 1.02768 0.160819 0.336293 
1.31611 1.68718 2.52958 1.26185 3.03137 1.92312 1.82403 0.79128 0.864515 1.10285 0.413338 0.296096 
1.16861 1.804 2.22119 1.76709 2.92002 1.83467 1.20381 1.17153 1.21833 0.759406 0.59668 0.248146 
1.19054 1.8026 2.27536 1.74337 2.77712 1.87025 1.89486 1.61984 0.814705 0.646732 0.564105 0.264519 
1.09325 1.62731 2.12264 1.54737 2.8524 1.93208 2.71079 0.959388 0.607295 0.824506 0.576818 0.323519 
1.20008 1.91031 2.02708 1.93258 2.6437 1.40677 1.75804 1.22542 1.35999 0.185284 0.785374 0.249226 
1.12567 1.67457 2.61246 2.34631 2.27912 2.05571 1.94915 1.34677 0.942812 0.28116 0.676572 0.238608 
1.17534 1.44129 2.53588 1.99332 2.69913 1.74598 2.03319 0.860322 0.975794 0.0159407 0.970242 0.302149 
1.1221 1.44064 2.56067 1.46651 2.01442 1.16463 1.66812 1.76134 1.70955 0.0875337 0.771775 0.32637 
0.970827 1.29964 2.54896 1.2891 2.36166 1.07804 2.03698 1.37533 1.25411 0.936574 0.424852 0.285066 
1.01467 1.19938 2.06378 1.37782 2.32855 1.81978 1.85169 0.587998 1.54434 0.871633 0.361131 0.265292 
1.01516 1.58614 1.88819 0.956378 1.72048 2.09388 2.12414 1.94086 1.17558 -0.148506 0.548273 0.14761 
1.15186 1.37744 1.8215 1.33093 2.27755 2.18296 1.64745 0.844206 1.08952 0.297588 0.461953 0.211132 
1.02204 1.32931 1.71522 2.16238 1.81989 1.76042 2.11423 0.394094 1.10219 0.766229 0.499916 0.16679 
0.95883 1.41888 1.96623 1.84338 2.19374 1.51027 1.92501 0.45002 1.08911 1.05416 0.47531 0.201873 
1.17695 1.77548 1.44337 1.79955 2.5727 1.47569 1.55294 0.806808 0.70539 0.781593 0.767454 0.243712 
1.09876 1.76526 1.50621 1.62094 1.99842 0.568917 1.75983 1.74311 1.25183 0.365024 0.969111 0.223993 
1.02423 1.90788 1.58175 1.68473 2.13451 1.229 1.43318 0.712427 1.22814 0.819405 0.903788 0.212477 
0.981767 1.80003 2.00235 0.816317 1.92929 1.88913 0.916688 1.30113 1.23164 1.13709 0.826956 0.236674 
0.951077 1.65733 1.97114 1.5394 1.54635 1.79662 2.12073 1.15736 1.6396 0.495265 0.689959 0.226186 
1.0614 1.55206 2.31703 1.20262 2.04273 1.19359 2.71985 0.620628 0.815551 0.519188 0.480241 0.232334 
0.995391 1.49006 1.98632 1.01408 2.01693 0.710373 2.29524 0.754305 0.614828 0.949656 0.146216 0.146376 
0.866332 1.36025 2.2262 1.49397 1.91234 0.586041 1.66312 0.807978 0.791787 0.732324 0.00671388 0.143933 
0.954845 1.06413 1.92499 1.23878 0.534341 0.506367 1.7046 0.899274 0.883763 0.286561 -0.0638219 0.0900878 
0.953218 1.46335 1.53935 1.637 0.546979 -0.108218 1.17186 0.157981 1.72248 0.189658 0.638374 0.08255 
0.936447 1.10602 1.53298 1.46595 0.914045 -0.478385 1.12964 0.389463 0.799075 0.766608 0.634895 0.153437 
1.00611 1.35911 1.95546 1.27704 0.817794 0.639917 1.80589 0.366938 0.581373 0.484174 0.990405 0.0377129 
1.06006 1.46195 1.84589 0.569456 1.59498 0.59642 1.1829 0.665143 1.06383 0.851941 0.664121 0.135495 
1.04712 0.95818 1.82684 0.79526 1.5067 0.497109 1.31981 0.0436853 1.08898 0.451689 -0.221135 0.122026 
1.01375 1.42229 2.27126 1.46707 1.38618 0.21775 1.71934 0.301359 1.35001 0.356637 0.151061 0.210831 
1.10386 1.21455 2.25088 1.61038 2.07737 1.22573 2.24732 0.900549 1.45805 0.0648758 0.655842 0.306858 
0.918712 1.23356 2.23201 1.52186 1.56452 1.36264 2.3563 0.82067 1.65274 0.136555 0.538648 0.244765 
