0.528135 0.746916 1.17751 1.26276 1.36551 1.40446 1.02023 0.741327 1.159 0.178504 0.565868 -0.0315165 
0.393695 1.12871 0.871399 0.983672 1.39037 1.74966 1.4709 0.921034 1.10353 -0.141318 0.346551 -0.0368405 
0.471745 1.06646 0.987975 0.691795 1.15308 0.82191 1.60954 0.133942 0.925861 -0.00452005 0.759202 -0.0639796 
0.352238 1.20936 1.35735 0.641842 1.14006 1.18138 1.51758 0.56966 0.892872 -0.00810919 0.557499 -0.0614896 
0.491834 1.11708 1.22941 0.602825 0.553213 0.698142 0.63288 1.5903 0.589321 0.660777 0.261561 0.0184254 
0.490704 0.685327 1.32347 1.26052 0.885893 1.27206 0.313365 1.1474 0.695782 0.533777 -0.0601409 0.160311 
0.539127 0.600459 1.83918 1.07672 0.95492 0.68476 1.0644 0.523208 0.8875 0.561939 0.183119 0.0931847 
0.613612 0.534763 1.22564 1.16624 0.30666 0.332692 1.58473 1.01763 0.847106 -0.318364 0.0215009 0.167332 
0.525632 0.99816 1.09997 1.27459 0.437266 1.05737 1.36655 1.71983 0.725885 0.299181 0.207529 0.0227847 
0.550102 1.06223 1.32751 1.24536 0.789413 1.06142 1.65804 1.00573 0.606502 0.781337 0.770907 -0.184981 
0.473545 1.08331 1.117 1.16689 1.05212 0.389758 1.41813 1.01081 0.87755 0.864274 0.628042 -0.145178 
0.405348 0.832312 1.26062 1.23224 1.00442 0.887543 0.708454 1.2907 1.75834 0.306351 0.544471 -0.0771396 
0.431982 1.02337 1.14513 1.37621 1.28757 1.29528 0.787882 0.894378 1.58621 -0.124705 0.256692 0.0421519 
0.395519 1.09829 1.08106 1.40656 1.79552 1.50897 0.552795 0.827808 1.05992 0.685237 0.310313 -0.0628975 
0.393809 1.04272 1.454 2.00856 0.772302 1.33053 0.555479 2.02819 1.42274 0.676386 0.291217 0.0533032 
0.332373 1.24162 1.56037 2.09504 1.15616 0.810736 1.97324 1.70967 1.27244 0.420145 0.638915 0.0500659 
0.29237 1.19452 1.52103 2.24539 1.61323 1.46808 0.930845 2.0105 0.667719 0.60646 0.535484 0.0975907 
0.33524 0.949253 1.51965 1.53238 1.19062 1.26398 1.19506 1.29544 0.663411 0.413568 0.334947 0.0533782 
0.466779 1.11817 1.69757 1.39402 2.20242 1.36104 1.91135 1.0891 1.55302 0.578732 0.819869 -0.0105367 
0.504198 1.34133 2.01535 2.26274 1.97913 0.942063 2.37604 1.58515 1.16473 0.587664 0.693137 0.19346 
0.738222 1.66251 2.79454 2.52595 2.51021 2.3377 2.60369 1.53182 0.830902 0.487555 0.441336 0.335029 
0.984936 1.96803 3.1901 2.95393 2.88688 2.77166 2.74781 1.19899 1.15937 0.901502 0.234591 0.327326 
1.25525 2.47279 3.64353 3.21254 2.86188 2.33457 2.17694 1.0243 1.23195 0.576232 0.446379 0.190953 
1.33341 2.80601 3.50129 3.21609 2.98399 2.37175 2.13572 0.125228 0.937802 0.331217 0.500044 0.0711726 
1.43579 2.77083 3.31436 2.75589 2.9221 2.40079 2.60774 -0.284916 0.585651 0.609415 0.294721 0.130312 
1.49119 2.77493 3.25669 2.71879 2.73208 1.68947 2.17835 0.00585503 0.201034 -0.104355 0.350195 -0.0272792 
1.57611 2.90174 3.41718 2.40123 2.76797 1.73512 1.80142 -0.661158 -0.421554 -0.431051 0.0959828 -0.147559 
1.52238 2.48417 2.89416 2.70958 2.48759 1.69372 1.03153 0.0948094 -0.16917 -0.258756 0.262699 -0.096066 
1.85605 3.05505 3.61912 2.43091 2.68467 1.64497 1.75343 -0.438771 -0.271926 -0.873603 -0.147501 -0.213515 
1.94736 3.39757 3.13951 2.29295 2.91601 1.42234 2.27565 -0.540507 -0.445806 -0.550167 -0.294734 -0.13603 
2.06713 2.90086 2.49504 2.68286 3.29732 1.3805 2.03714 -0.819271 -0.0128387 -0.961237 -0.0515945 -0.0791317 
2.08729 2.60216 1.36806 2.42949 4.67546 0.488279 1.6454 -1.03996 0.50825 -1.47538 -0.180695 0.0240929 
2.10022 2.04109 1.20361 2.33724 3.61939 0.75488 1.38951 -1.51094 0.29228 -1.47251 -0.0733362 0.0492486 
2.13308 1.99461 0.223849 1.65172 3.80719 0.54691 0.5906 -1.83543 0.00235506 -1.61121 -0.245348 -0.0668775 
2.15861 1.94532 -0.138798 1.25831 3.76832 0.721151 0.444365 -2.10505 0.208537 -1.90061 -0.302258 -0.149128 
2.27846 1.7655 -0.317097 1.38549 3.73199 0.210751 0.523599 -2.382 0.00858974 -1.81255 -0.462191 -0.0488632 
2.24392 1.86957 -0.389984 1.29156 3.58518 -0.13111 0.100984 -2.25024 -0.310559 -1.85967 -0.464787 0.00141451 
2.31249 1.94211 -0.704824 1.65848 3.03231 -0.2664 -0.0464341 -2.13216 -0.549918 -1.91177 -0.409065 0.0199017 
2.37423 2.00825 -1.29251 1.80125 2.80394 -0.298733 -0.106 -2.07769 -0.425041 -1.80851 -0.36863 -0.0354437 
2.38979 1.93035 -1.28811 1.35438 2.41913 -0.425273 -0.528726 -1.92047 -0.628572 -1.56482 -0.354611 0.046268 
2.3982 1.88265 -1.43148 1.04107 2.27097 -0.517578 -1.36801 -1.96618 -0.760607 -1.32898 -0.386475 0.0496306 
2.36382 1.7699 -1.23568 0.521115 2.22501 -1.16291 -1.20622 -2.00549 -0.659576 -1.16127 -0.272076 0.181628 
2.45074 1.56543 -1.27027 0.871234 1.50503 -1.06592 -1.10746 -1.90793 -0.425984 -1.11775 -0.0427132 0.219977 
2.55008 1.36991 -1.22163 0.544932 1.33486 -0.889388 -1.47264 -1.40025 -0.402057 -0.730696 -0.0862739 0.240837 
2.54404 1.66807 -1.63691 0.0330069 2.22571 -1.51644 -0.957594 -1.26838 -0.133878 -0.207188 -0.259863 0.20867 
2.48502 1.39728 -1.53239 0.128514 1.6125 -1.747 -0.624085 -0.839697 0.277342 -0.250825 -0.0861598 0.245377 
2.57401 1.27489 -1.61155 0.290636 1.23524 -2.06731 0.217146 -0.661279 0.698925 -0.209003 0.125428 0.25524 
2.40134 1.29764 -1.63032 0.410372 1.25756 -2.09785 0.129456 -0.491075 0.69316 -0.0642073 0.12899 0.209221 
2.43523 1.30708 -1.60033 -0.280683 1.98775 -1.56132 -0.704314 0.0200327 0.460984 0.434614 -0.341319 -0.038973 
2.44348 1.0757 -1.27202 -0.190305 1.80596 -1.83632 -0.623866 0.513716 0.232209 0.203757 -0.371645 0.0518368 
2.5472 1.26913 -1.02241 0.27998 2.03407 -1.85663 -0.454508 0.391083 0.375567 0.286155 -0.431015 -0.00361328 
2.60056 1.14013 -0.184367 0.792366 2.58559 -1.08822 0.152467 -0.193188 0.60172 0.0472749 -0.426914 0.0137998 
2.41466 1.52157 0.685961 -0.104665 1.56199 0.0818074 1.49876 -0.0592202 -0.234851 -0.169907 -0.00688559 0.278959 
2.4631 1.49575 0.251893 -0.100491 2.24117 -0.954665 0.9173 0.133898 0.304894 0.391832 -0.0332442 0.31001 
2.28079 1.77075 0.147476 0.395716 1.17934 0.434925 0.364251 -0.00806128 0.795647 -0.337476 0.142187 0.170501 
2.2967 1.4123 0.450985 0.249625 1.77071 0.227439 0.670732 -0.155018 0.337663 -0.383189 0.226648 0.448222 
2.23656 1.57952 0.317584 -0.00975572 2.10732 0.329983 0.885719 -0.332508 0.499528 -0.326626 0.350474 0.5072 
2.23467 1.87891 0.457273 -0.122098 1.82492 0.434022 0.773769 -0.436994 0.260092 -0.0753442 0.562208 0.528031 
2.27541 2.09707 0.7933 -0.130129 1.76544 1.1253 0.647496 -0.489893 -0.0298551 0.0997657 0.544123 0.407527 
2.13934 2.28183 1.06597 0.160849 1.89573 0.46102 1.07288 0.0829152 0.111897 0.207132 0.306127 0.285398 
2.09829 1.82279 1.30079 0.23396 2.83978 0.59297 1.35298 0.151611 -0.226801 -0.103122 0.144851 0.337255 
2.10724 1.87061 1.04152 -0.0256858 3.06731 0.748244 1.88368 0.0129866 0.0556118 -0.245076 -0.0122258 0.36033 
2.06013 1.87376 1.08024 -0.108259 2.86783 1.5608 1.11174 0.471794 0.815241 -0.463988 0.108809 0.138959 
2.02513 1.69563 1.17644 0.343993 2.23731 1.84709 1.05304 0.43586 0.784533 -0.156685 0.231647 0.184211 
1.92074 1.87195 1.41645 0.844464 2.15964 1.28256 0.762411 0.0322354 0.804783 0.30298 0.353837 0.173581 
1.86053 2.08734 1.53498 0.642644 1.86085 1.37757 1.67432 -0.0560767 0.151894 0.00255757 0.420204 0.3202 
1.9566 2.20419 1.1384 0.464096 1.44082 0.972221 1.30577 0.275242 0.926388 0.0462346 0.358449 0.185863 
1.87089 2.12412 1.60454 -0.187043 1.11479 1.11172 1.44345 0.0555532 1.30523 0.414242 0.396388 0.283603 
1.82206 1.86423 1.62256 0.518601 0.757255 0.501156 0.927529 0.866197 1.03932 1.05124 0.484185 0.183191 
1.67364 1.91227 1.88555 0.709161 0.955394 0.323515 0.72558 1.0975 1.02747 0.2428 0.481865 0.201464 
1.73162 1.74525 2.43535 0.817685 1.13583 0.761116 0.953153 0.518811 1.5265 -0.139811 0.475986 0.363935 
1.64543 1.95637 1.97905 1.00244 1.51716 -0.482559 0.907354 0.821233 0.966582 0.0417881 0.578951 0.338309 
1.55717 1.93017 1.76253 0.670953 1.4781 -0.0473059 0.983115 1.31073 0.64103 0.138905 0.720752 0.287272 
1.54625 1.71401 1.80064 0.313673 1.52303 0.339355 1.16093 1.19078 0.916887 0.0457534 0.631398 0.256282 
1.44617 1.95264 1.5689 1.09303 2.08625 0.518378 2.07985 0.330898 0.264448 0.095612 0.55705 0.284662 
1.5952 1.92399 1.58413 1.03118 1.41624 1.30071 1.58746 -0.0102397 0.82081 -0.081335 0.900523 0.389423 
1.50857 1.76154 2.19005 0.394941 1.95692 1.17332 1.77698 0.307169 0.919804 -0.0368635 0.833413 0.44354 
1.55958 1.75749 1.9647 0.311724 1.42157 0.89773 1.36706 1.23821 0.418752 0.140325 1.00745 0.363041 
1.53863 1.96682 1.62277 0.610855 0.958673 0.486427 1.70764 0.607439 0.353603 -0.204997 1.03923 0.367044 
1.3862 1.89001 2.01884 0.616888 1.28596 0.891065 2.16788 0.262973 0.0488012 -0.0450739 0.748095 0.247431 
1.45607 1.471 2.16302 0.798615 1.31791 1.53508 2.23915 -0.13483 0.402435 -0.192896 0.814771 0.376893 
1.39292 1.72444 1.89381 0.803933 0.715372 1.31923 1.55068 0.154892 0.585245 -0.553746 0.962499 0.266835 
1.28461 1.81787 2.02469 0.854814 1.45014 1.10984 1.58131 -0.0410419 0.29766 -0.280017 1.01301 0.238751 
1.23531 1.51982 2.14282 1.54803 1.45143 0.625266 1.53115 0.420771 0.934554 0.296317 0.731691 0.231441 
1.09564 1.58422 2.28184 1.15094 1.59468 0.709902 0.83927 0.831142 1.25811 0.236352 1.0039 0.215304 
0.980667 1.61303 2.81078 0.686118 1.14579 0.0483445 1.04965 1.24141 0.956253 0.652809 0.962339 0.168578 
1.082 1.81325 2.15715 0.371888 1.15914 0.388837 1.45907 1.04242 0.0810841 0.410079 0.779451 0.0165637 
1.22086 1.73587 1.90109 0.779199 1.36149 0.818581 1.7077 1.46407 -0.164248 0.711937 0.598837 0.0900202 
1.02938 1.86431 2.16792 1.06506 1.63247 0.496288 2.28681 1.30462 0.193696 -0.179511 0.381624 0.00536025 
1.03185 1.7686 2.39034 0.920807 1.70566 1.10115 1.84568 1.77696 1.5324 -0.0568254 0.0561831 0.163521 
1.055 1.37282 2.38212 1.03316 2.21558 1.255 1.57381 1.74767 1.07233 0.3331 0.209334 0.211747 
1.24346 1.31777 2.11641 0.492252 1.76648 0.255832 2.27516 1.28451 1.12847 0.391087 0.507324 0.293539 
1.24552 1.39785 2.17503 1.05658 1.61625 0.69083 1.48581 1.30603 0.536224 -0.0903093 1.01294 0.243496 
1.12257 1.35854 2.06387 1.19008 1.05427 1.01407 1.52975 1.03315 1.5241 -0.0149688 1.02645 0.249714 
1.10584 1.30468 2.3459 1.05681 1.42295 1.36381 1.62527 1.23338 1.60289 0.227688 1.03835 0.294813 
1.01045 1.72194 2.00417 1.17779 1.3433 0.99067 1.19983 1.05661 1.7522 0.593337 1.19074 0.240859 
1.05849 1.81625 2.2321 1.28773 0.676382 0.0181468 0.710209 1.57258 1.56293 1.16455 0.99053 0.358036 
1.07527 1.5573 1.91792 1.28252 1.57811 -0.380389 1.9581 2.18126 0.965172 0.915646 0.642411 0.26668 
1.01736 1.55302 2.02038 1.00264 2.00664 0.623111 1.48113 1.42028 0.950892 1.33606 0.400305 0.229772 
1.15447 1.62246 1.94351 0.702078 1.86755 0.550988 1.78597 1.32883 1.5488 0.985577 0.63277 0.278721 
0.871987 1.66608 2.24097 1.25278 1.84118 1.16285 1.70277 1.7672 1.17086 -0.0407489 0.400702 0.176585 
0.973677 1.43292 2.44496 1.07484 1.07974 0.795116 0.947155 1.23374 2.03653 0.539083 0.791707 0.284641 
0.998143 1.30599 2.38575 0.72699 1.53344 -0.188885 1.26854 0.994792 2.54727 0.66616 0.731132 0.408503 
0.851851 1.22843 2.00052 0.10091 0.64031 0.685405 1.11822 0.882037 1.11055 1.16115 0.685808 0.126641 
0.806003 1.08546 1.6413 1.07079 0.401443 -0.400647 0.9534 0.800737 1.11676 0.483759 0.344163 0.155975 
0.928076 1.26238 1.49616 0.557411 1.04807 -0.72807 1.50118 0.339508 0.995334 0.871945 0.572538 0.145243 
0.968385 1.44241 1.56299 0.445465 0.698993 0.143083 1.66884 0.944825 0.678953 0.982828 0.938394 0.0810431 
0.811599 1.20409 1.70497 0.719491 0.424184 1.22739 1.48816 1.3943 0.712897 0.432818 0.730547 -0.0765008 
0.794748 1.37434 2.20006 1.27903 1.49575 0.69441 0.789087 0.927265 0.706985 0.956454 0.424536 0.0574974 
0.798886 1.27194 2.48053 1.35128 1.32256 0.130259 1.59385 1.65955 1.05828 0.722743 0.493695 0.207044 
0.874831 1.3503 1.86141 0.630324 1.4298 -0.440024 1.36631 1.43944 0.947621 0.340938 0.634636 0.0890264 
0.877467 1.54495 1.26903 1.09081 1.21637 -0.0395166 2.06525 0.716868 1.61152 0.0738525 0.31033 0.0943427 
0.980772 1.40625 1.78543 0.996975 0.965148 0.205267 1.1815 1.17926 2.06956 0.472214 1.08533 0.216386 
0.988328 1.17662 2.39043 0.889335 1.32232 0.709956 1.27693 0.665901 1.80374 0.544553 1.22675 0.288551 
0.788554 1.29128 2.46259 1.10022 1.59612 0.000243769 1.11693 0.635361 1.52479 0.65119 0.709527 0.236261 
0.747201 1.23594 2.02878 1.27944 1.55815 0.051494 0.654977 1.2256 0.579186 0.0542641 0.32724 0.0936948 
0.857927 1.2265 1.87501 0.627479 1.28936 0.139214 0.665907 1.06546 0.725819 0.658573 0.349432 0.116614 
0.73454 1.19655 1.30768 0.49871 0.711213 0.58351 1.19119 1.0611 1.17833 0.454681 0.350415 0.112226 
