0.469134 0.687975 1.15208 0.915659 1.05035 1.55329 0.199959 -0.259724 0.771716 0.339966 0.41052 -0.0720432 
0.476077 0.897066 0.865664 0.415857 0.228315 0.312538 0.918404 -0.34843 0.0612722 0.60258 0.688268 -0.194949 
0.457064 0.704871 1.09675 0.415723 0.393249 -0.000163979 1.34296 0.0747338 -0.356839 0.258589 0.208793 -0.0231272 
0.519292 0.859608 1.26607 0.119248 0.716387 0.414536 0.44745 0.382073 0.809057 -0.0623618 0.689559 0.0698463 
0.463308 1.03448 1.08811 0.978751 1.16111 0.586807 0.697193 0.146271 0.139661 0.478649 0.421183 -0.0856093 
0.487852 0.972723 0.967536 0.82244 0.866715 -0.0667927 0.209095 0.356543 0.335738 0.755966 -0.0963322 0.106282 
0.488586 0.771131 1.32746 0.221587 1.52943 -0.0513954 1.03447 1.20528 0.522176 0.143641 -0.329814 0.0748344 
0.500336 0.844251 1.46166 0.99448 1.84067 0.930424 1.4056 0.485129 1.33967 0.135645 0.0549549 0.101573 
0.489497 1.07555 1.10034 1.36557 1.68462 1.00099 0.746528 0.891847 1.16305 0.361256 -0.0691431 0.132193 
0.492744 0.773642 0.587062 1.29904 0.907173 0.150218 -0.241443 -0.133736 0.629932 0.401151 -0.473117 0.0787013 
0.522575 0.538118 0.968669 1.00901 1.50535 0.385057 0.764747 0.59396 -0.247583 0.505982 -0.127302 -0.144463 
0.412965 0.86528 1.13529 0.850858 1.23301 0.527412 1.66396 0.535834 0.232212 -0.176403 0.433628 -0.15198 
0.512684 0.930176 1.0452 0.940956 0.9441 0.392323 0.707023 0.626271 -0.012966 0.5415 0.241336 0.0263255 
0.428513 0.892401 0.664297 0.354103 0.890335 0.536339 -0.302737 -0.0273996 0.372868 0.571327 0.250218 -0.00236287 
0.565527 0.91882 1.10248 -0.873003 0.77818 0.358634 -0.0689651 0.467117 0.423804 0.687602 0.421328 0.118451 
0.630823 0.438978 0.748416 -0.675918 1.22576 0.355696 -0.133479 -0.0503726 0.455818 0.459487 0.37341 0.0949279 
0.440444 -0.711775 0.422536 -0.659334 -0.26765 0.71366 -0.0333015 -0.339786 1.02783 -0.412102 1.16396 -0.0165739 
0.599372 -0.528298 1.96486 -1.28904 0.272824 1.82942 0.113831 -0.476267 0.596885 -0.50524 0.221857 -0.334977 
0.495759 -0.712661 2.03617 -0.785498 0.266929 1.11885 0.617931 0.872602 0.812684 -0.350828 -0.312928 -0.819604 
0.390099 -1.26051 0.45643 -0.988663 -0.35609 1.42069 0.722878 0.678386 0.431338 -0.480527 0.453553 -0.274026 
0.191505 -1.13046 0.868099 -2.05883 -0.253185 2.40986 1.39467 -0.359787 -0.0638051 0.355385 0.450174 -0.47704 
0.0813889 -1.3826 0.800457 -1.06399 -0.112021 1.72788 1.23355 0.731094 -0.718615 0.171062 0.329315 -0.423036 
0.0611285 -1.98595 0.505133 -0.330376 -0.240899 -0.373865 1.31662 1.18139 0.0850333 0.126235 -0.034909 -0.185989 
0.133485 -2.02367 0.792991 0.579991 0.272136 -1.23601 0.803579 1.47682 1.0555 -0.555541 0.079186 -0.0890665 
0.253669 -1.81629 1.20607 0.156219 0.235653 -0.944786 0.640247 2.17592 0.51988 -0.524926 0.136591 -0.203791 
0.128399 -2.00146 0.862859 0.809366 0.341672 -0.103546 1.09653 1.40412 0.175544 -0.72537 -0.191035 -0.257759 
0.254604 -1.94535 -0.106361 0.255013 0.656427 -0.313446 1.30116 0.972856 -0.526736 -0.232068 -0.0287869 -0.186008 
0.110756 -1.84718 0.0414389 -0.485897 -0.297838 -0.130102 1.60096 1.46642 0.837393 -0.271031 0.0799627 -0.0477447 
0.114301 -1.93859 0.138817 -0.211618 0.154405 0.819946 1.50434 0.947063 0.32536 -0.532863 0.169197 0.246847 
0.347002 -2.05905 0.0205269 0.254892 0.810236 0.530751 1.17087 0.340178 -0.358525 -0.0740506 -0.0390981 0.141288 
0.57963 -1.55995 -0.392715 0.723959 1.17689 0.417042 1.6225 -0.438792 -0.372362 -0.853877 0.0859321 0.130653 
0.753261 -1.11736 0.150613 0.733358 0.530757 1.35304 2.11281 0.82774 0.0618744 -0.585821 0.366812 -0.0685383 
1.20362 -0.385196 1.16783 1.555 1.23923 1.20761 2.78025 1.04682 0.0916487 -0.173577 0.361229 0.0141263 
1.93611 -0.514169 0.0125724 0.592135 2.71218 1.78658 1.77855 1.11311 -0.0937205 0.0422366 0.172322 -0.00899999 
2.07555 -0.381884 -1.00153 0.259234 3.24968 2.06804 1.80211 0.879214 0.475831 0.0437104 -0.034705 -0.000366595 
2.17056 -0.298837 -1.27207 0.750374 3.13916 1.99269 1.75979 1.02723 0.143439 -0.0206738 -0.0291056 -0.021348 
2.23865 -0.457228 -0.942053 1.02175 3.16899 2.01074 1.35507 0.968559 0.214918 0.0666637 -0.0589411 -0.0981453 
2.19332 -0.595424 -0.225429 2.05071 4.24154 1.76389 0.746552 0.0553585 -0.0686554 0.270315 0.111615 0.00298749 
2.12907 -0.317237 -0.395465 2.83442 5.07368 1.84676 -0.0215901 -0.0346265 0.223593 0.370057 0.123325 0.0608615 
2.2152 -0.326149 -0.981872 2.62271 4.58702 1.70592 -0.00220869 0.308474 0.786823 0.49699 0.126134 0.106289 
2.24874 -0.51714 -0.389823 2.25278 4.48692 1.9643 0.68157 -0.221517 0.545936 0.651544 0.194279 0.0392748 
2.16614 -0.288623 -0.166084 2.11582 4.55156 2.00125 0.636651 0.243307 0.410777 0.575619 0.0345393 -0.0797733 
2.12811 -0.239871 -0.231164 2.09763 4.43295 2.12798 0.619625 0.304391 0.716717 0.733289 0.0486613 -0.114836 
1.99694 -0.21065 -0.35795 3.27245 4.45304 2.06301 0.801398 -0.22904 1.08086 0.715232 0.191022 -0.0180931 
2.05219 -0.536353 -0.225523 2.79486 5.04873 2.53238 0.746507 0.344458 0.4701 0.85912 0.33594 0.0576934 
1.98921 -0.437707 0.332415 2.2189 4.76348 2.24987 0.313092 0.642364 0.992613 0.598216 0.154619 0.129107 
2.02999 -0.304427 0.557698 3.00847 5.17912 2.20523 0.434133 -0.450868 0.969924 0.809034 0.188169 0.0897915 
2.14535 -0.221403 0.438416 2.9341 4.693 2.95656 0.627666 0.271142 0.240099 0.85088 0.402435 -0.0458947 
2.11791 -0.0101075 0.176864 3.19845 4.9189 2.43261 0.967463 0.452823 0.451362 0.85556 0.282462 -0.00739197 
2.02304 -0.171285 0.353445 3.06075 5.30735 2.1727 0.891206 0.0418314 0.975323 1.06341 0.223761 0.020923 
2.04359 -0.340991 0.344821 1.94688 3.95471 2.45959 1.00948 0.798098 1.15501 0.843111 0.0716007 -0.0411919 
2.02613 -0.185554 0.397716 1.86644 4.14133 2.23234 0.91992 1.36249 0.901663 0.722416 -0.10494 -0.174738 
1.85665 0.216968 0.789884 2.25995 4.775 2.30956 0.514375 1.55401 0.786083 0.744474 -0.154763 -0.151385 
1.82621 0.183912 0.701217 2.34546 4.93109 2.79992 1.20325 0.643998 0.347102 0.970296 0.179847 -0.00287906 
1.96113 0.13946 0.236164 1.83361 4.77552 3.27819 0.428377 0.908479 0.491463 0.804246 0.335164 0.000108715 
1.95719 0.480968 0.424685 2.0556 4.12409 2.86342 0.567834 1.42919 1.30461 0.492548 -0.0740978 0.00717026 
1.87017 0.514108 0.780345 2.28271 5.18249 2.58486 0.860607 1.01654 1.2124 0.84792 0.119314 0.0746244 
1.85561 0.419616 0.643844 2.88439 5.69628 3.41398 0.696548 1.04539 0.721184 1.10773 0.411449 0.12118 
1.89292 0.463902 1.12752 2.77334 4.47109 3.25358 1.59116 1.33925 1.12083 0.753376 -0.0692718 0.0444451 
1.96398 0.612646 0.540982 2.19539 4.75598 3.54216 1.37033 0.713429 0.49339 1.19372 0.3534 -0.00677744 
1.80072 0.878202 0.954174 2.37212 4.93595 3.21491 0.919708 0.81114 0.309993 0.778875 0.263327 0.0396376 
1.86266 0.607804 1.01902 2.41912 5.17234 3.04949 0.295257 0.18315 0.871589 0.299247 0.110877 0.00794624 
1.83605 0.688594 1.10711 1.63504 4.60694 2.66867 0.603971 0.340704 0.816766 0.637881 -0.0103967 -0.131083 
1.61399 0.695612 1.24696 2.20495 4.59369 2.26663 1.04974 0.663727 1.00852 0.987806 -0.305823 -0.141935 
1.63025 0.752276 1.16983 2.23897 4.5607 2.20499 0.869102 1.10364 1.31993 0.465642 -0.417509 -0.0836486 
1.73008 0.905599 0.994762 1.40969 4.24382 1.49954 1.14465 1.16714 1.1658 0.126239 -0.610499 -0.133712 
1.66909 1.01752 0.565306 0.792286 4.3794 2.28489 1.26537 0.869432 1.34369 0.663061 -0.292824 -0.166863 
1.58986 0.861507 0.749086 2.75399 3.83008 2.5541 1.83612 0.105287 1.69328 0.482819 -0.181308 -0.0392735 
1.54502 0.960099 0.78038 3.24245 4.13001 2.28883 1.89149 0.150281 1.42629 0.645202 -0.0453866 -0.0141075 
1.5705 1.14332 0.867747 1.94554 3.96875 2.37191 1.87548 0.636528 1.06066 0.756066 -0.221873 -0.0095559 
1.5598 1.07893 1.02456 2.70387 4.42998 1.76832 1.46405 0.726353 1.23374 0.954818 -0.185311 -0.0103969 
1.47519 1.03552 1.05302 2.65597 4.53176 2.37315 1.62599 0.411174 0.935412 0.84689 0.182115 0.147338 
1.43854 1.25984 0.982227 2.23472 3.63389 2.52969 1.85931 0.822775 0.98836 0.168002 0.172907 0.212175 
1.46499 1.20235 0.982942 1.71701 3.17644 2.39089 0.857522 0.266923 1.32224 0.785904 0.349064 0.0807005 
1.52294 1.18506 1.10666 2.0025 3.40921 2.283 1.00541 0.0814661 0.852748 0.554266 0.161118 0.0264706 
1.40743 1.11801 1.59776 1.94401 3.71951 1.29025 1.01228 0.773916 1.05049 0.473376 0.125663 0.109861 
1.38874 0.888448 1.69998 1.96569 3.42314 2.0288 1.02525 0.338035 0.869414 1.18672 0.562593 0.138846 
1.3504 1.16794 1.64141 1.77937 3.77847 1.26397 0.890715 1.66779 1.49283 1.21629 0.14749 0.131024 
1.48421 1.12049 1.97405 1.39287 3.38224 1.51003 0.506915 2.37284 1.87135 1.28299 0.0110573 0.00555952 
1.38584 0.849706 1.79029 1.54843 2.87502 1.20294 0.497465 1.78432 2.38835 1.28353 0.208155 0.119675 
1.29061 1.22921 1.5911 1.37451 3.34456 1.32324 1.45538 1.16889 2.12844 1.00452 0.283205 0.23644 
1.27713 1.31581 1.49227 1.88058 2.96892 1.45039 1.24167 0.563958 2.26025 0.339801 0.780408 0.267289 
1.32257 1.36738 1.72699 1.79607 2.59736 1.63767 1.46773 0.953146 1.45699 0.796364 0.279654 0.194227 
1.26513 1.42769 1.85739 2.22266 2.11819 1.56019 2.81984 1.57786 1.03864 0.210898 0.0799732 0.207665 
1.244 1.42041 2.49089 1.98433 2.80702 2.21442 2.04175 2.10427 1.21865 0.360777 0.0793554 0.271543 
1.26813 1.30927 2.08653 2.01831 3.43509 0.888849 1.46579 1.84492 1.48042 0.697597 0.33662 0.309756 
1.33297 1.61334 1.71433 2.50738 3.00718 1.42777 2.28113 1.41822 2.03602 0.948529 0.0180794 0.264674 
1.26294 1.33239 2.35553 2.71001 3.05055 1.61068 1.79846 1.23326 1.60241 1.14469 0.131797 0.270087 
1.25479 1.53202 1.99886 2.22269 3.01879 2.2483 1.20693 1.40955 1.54693 0.596361 0.486601 0.266062 
1.17213 1.29229 2.016 2.08519 2.49111 2.16046 1.07902 1.36064 1.67861 0.769571 0.44201 0.267971 
1.21429 1.48281 1.82654 1.83876 2.56619 2.49822 0.806222 0.631565 1.62283 0.85686 0.669714 0.249571 
1.32166 1.50119 2.40853 1.61482 2.66272 2.65838 1.14911 0.908112 1.70232 0.241422 0.553205 0.322699 
1.24515 1.33076 1.97817 1.54106 2.06199 1.4566 1.14691 0.580573 2.09781 0.718241 0.743979 0.30967 
1.03831 1.60485 2.13787 1.11377 1.71439 1.18694 1.93546 0.560883 1.29524 0.942214 0.780262 0.247088 
1.19061 1.56981 2.40054 1.49598 2.39041 1.25703 2.07448 0.953204 1.37598 0.388416 0.0657039 0.232714 
1.10836 1.27091 2.07638 1.53561 2.52845 1.31141 0.965702 1.2655 1.70348 0.55135 0.285642 0.200512 
1.1669 1.28101 1.7508 1.61796 1.73879 1.59959 1.23962 1.27479 1.81559 0.462274 0.411478 0.204151 
1.1313 1.19949 2.27416 1.20778 2.44858 1.24232 1.58638 1.35962 0.933193 0.679956 0.583108 0.226843 
1.0453 1.44878 2.54109 1.52692 2.10491 0.957248 1.98921 1.14952 1.48611 0.724702 0.261653 0.300927 
1.05608 1.33112 2.72977 2.05043 1.68609 1.04769 1.7008 0.29283 1.18655 0.858427 0.576169 0.210812 
1.14098 1.55803 1.94922 1.67595 1.99429 0.752744 2.30483 -0.257174 0.801781 0.647997 0.632191 0.207393 
1.14385 1.73356 2.05872 1.74247 2.06675 0.655517 2.46517 0.844901 0.781042 0.710434 0.472174 0.245303 
1.05862 1.65358 2.12545 1.83477 2.45938 1.05279 1.77585 1.2741 0.89203 1.01946 0.396687 0.251987 
1.10382 1.7384 1.96716 1.49076 2.22603 1.37883 0.899277 0.94028 1.18459 0.681871 0.740778 0.193065 
1.04621 1.88035 1.89407 1.93885 2.41235 1.01036 1.05634 0.882569 1.21858 0.506888 0.651914 0.171277 
0.991448 1.74686 2.11558 2.02233 3.04073 0.986057 1.21681 1.79586 1.63396 0.0511069 0.619036 0.224322 
1.038 1.28677 2.2944 1.5813 3.02674 1.15156 1.07064 1.87308 1.00346 0.622336 0.740713 0.21087 
1.0285 1.23439 2.47939 1.96146 2.15613 1.43649 2.12883 1.3982 0.423012 1.07372 0.381109 0.191753 
1.08411 1.46579 2.86951 1.57786 2.72092 -0.33441 1.54317 1.32982 0.899141 0.873024 0.199708 0.320541 
1.09575 1.40561 2.38872 1.23266 2.33594 0.0379054 0.766981 0.449492 1.07569 0.609582 0.679663 0.194782 
1.15755 1.31068 2.24934 0.623967 1.85665 0.617834 0.916667 -0.260693 0.580886 0.732431 0.745254 0.207704 
1.03927 1.30069 2.26692 0.868121 1.92921 0.301163 1.73101 0.579878 0.888267 0.854062 0.539708 0.230249 
0.982627 1.55103 2.1198 1.67276 2.29867 0.679047 1.37758 0.355977 1.09964 0.108946 0.750067 0.139795 
0.984451 1.74487 2.52101 1.4983 2.10821 0.960837 1.96306 0.973438 1.48844 0.119 0.709512 0.235502 
0.988461 1.54325 2.2836 0.972316 2.33918 1.30941 2.27316 1.85086 0.764708 0.31666 0.51282 0.179053 
0.880319 1.25481 2.1312 1.15926 1.951 1.17834 2.25368 1.53267 0.462439 0.493287 0.405374 0.131407 
0.994192 1.31042 2.24634 0.993968 1.70622 0.978218 1.6292 1.59027 1.02531 0.863119 0.637397 0.172301 
1.09127 1.42957 2.25668 1.57053 2.58054 1.19782 1.18756 1.32561 0.306254 0.834299 0.638514 0.15299 
1.1062 1.79985 1.14404 1.00079 1.81727 0.525241 1.34484 1.81942 0.477159 0.248782 0.548367 0.121434 
1.08277 1.52853 1.83065 1.01461 1.31036 0.293334 2.05748 1.7782 0.528519 -0.31794 0.538387 0.0689118 
1.01583 1.62647 1.68655 0.833002 1.41118 0.520678 1.7788 1.24315 0.762062 0.619879 0.834103 0.136505 
0.938878 1.89562 2.08186 0.297225 1.48505 1.18517 2.22234 0.319276 1.11753 1.1055 0.606735 0.274846 
1.02456 1.83831 1.79541 1.03679 1.55116 1.50845 1.98679 -0.434551 0.836911 0.173827 0.13858 0.160855 
1.03983 1.36149 1.96358 0.464042 1.17124 0.926649 0.761516 -0.0360903 1.10738 -0.125982 -0.13087 0.141438 
0.924534 1.3847 2.23231 -0.27045 1.35884 0.319455 0.787653 0.945293 0.945354 0.793636 -4.89983e-005 0.114716 
0.933738 1.25327 1.85384 0.105957 1.49603 0.649124 0.415987 1.93866 0.574595 0.309998 0.0860928 -0.0138289 
0.90913 1.53429 2.06222 0.215086 0.601592 0.898546 0.417404 1.0962 0.802634 -0.0856726 0.165884 0.00940815 
0.94499 1.6782 1.57516 0.335756 0.497448 0.696045 0.00635036 0.370154 0.641088 0.303366 -0.0131277 0.113755 
0.986572 1.71546 1.45113 0.836206 0.758186 -0.0752463 0.583533 1.08158 0.332751 -0.191841 0.129434 -0.00234602 
0.941121 1.47877 1.71361 0.731906 0.796353 -0.446425 0.718667 1.00731 0.834456 -0.141753 0.224378 0.0603328 
0.852693 1.31498 1.88891 1.22141 1.13606 0.136592 0.45573 0.335043 0.891219 0.00330667 0.0968023 0.145838 
0.857137 1.04741 1.78739 1.31626 1.65093 0.162377 0.736364 0.829516 0.827023 -0.15386 0.422454 0.103883 
0.865403 1.56941 1.93968 0.960834 1.51246 0.491918 1.07005 1.49931 0.368794 0.157256 0.0613549 0.0523539 
0.901818 1.34648 1.44994 1.40053 1.40136 0.681889 0.593106 0.927994 0.728762 0.409623 -0.33252 0.103999 
0.741851 0.986886 0.81754 0.902511 0.452437 0.641962 1.58655 1.01787 0.962799 -0.281595 0.103434 0.0195808 
