0.552752 1.00431 1.86801 0.962612 1.45136 0.439569 1.07494 0.371021 0.914707 1.13439 0.501784 -0.0271015 
0.693667 0.96587 1.88578 1.54934 1.66762 0.407873 1.28969 0.449922 0.616525 0.531461 0.522112 0.0650172 
0.720828 0.731623 1.43217 1.49961 0.977949 -0.22984 0.549885 0.0155709 0.479788 0.467029 -0.00573998 0.143579 
0.769033 1.23679 1.4183 1.04146 0.284984 -0.150218 1.70812 0.605107 1.03726 -0.00886787 -0.121664 0.169817 
0.735808 0.695122 1.38132 1.02895 1.59513 0.255779 1.72968 1.79916 1.56986 0.10417 0.59594 0.0484962 
0.67917 0.842409 1.75245 1.38784 0.974163 1.40951 1.47547 1.33727 0.976009 0.990141 0.721788 -0.0641812 
0.76785 1.20613 1.48165 1.62901 1.024 0.748884 1.48249 0.909407 0.822971 0.963742 0.0174416 0.144054 
0.642721 1.06821 1.43631 1.02249 0.843748 0.481653 1.47632 0.727176 0.369945 1.10059 -0.1828 0.0929086 
0.678552 0.972857 1.92482 0.923092 0.486559 1.10231 1.13756 1.26705 0.851131 0.983678 0.0288604 0.00151861 
0.738313 1.06522 1.28656 0.833303 0.790624 0.901083 0.536191 0.949266 1.38825 -0.302836 -0.151192 0.0933319 
0.731066 1.02493 0.99364 0.322781 0.243049 -0.570942 0.173065 0.392182 1.46157 -0.184042 -0.143258 0.153472 
0.738081 1.24274 1.4738 0.976299 0.626849 0.562699 0.768781 0.78231 1.87263 0.894084 0.444545 0.0673495 
0.816552 1.29985 1.69497 1.13921 1.77349 -0.270783 0.586867 1.41368 0.992159 0.580325 0.226553 0.0907305 
0.692456 0.95315 1.71337 0.776449 1.38613 -0.268943 0.453501 0.625656 -0.135667 -0.0603337 -0.138005 -0.109479 
0.632727 0.981517 1.4591 0.34926 1.5098 0.789399 0.970405 0.479645 0.510771 0.555438 0.279236 -0.210445 
0.828665 1.1589 1.30552 0.650118 2.69494 1.55371 1.07293 0.807035 0.527529 0.0129204 0.455684 0.00730617 
0.752707 1.03343 1.51867 1.00872 1.94901 0.7606 2.00938 0.440434 0.741871 0.372975 0.435689 0.0681199 
0.753307 1.2421 1.82734 1.14565 1.07723 0.0779882 1.55381 0.90633 0.66603 0.0852912 0.148104 0.0290682 
0.687572 1.21733 1.54131 0.6018 0.788388 0.121248 0.329312 0.854134 0.440432 0.74398 0.159617 -0.0576762 
0.762585 1.17005 1.38312 0.475982 0.467917 0.44255 1.68151 1.28842 -0.0471587 0.664943 -0.0925917 -0.0113479 
0.843242 0.988365 1.54929 0.686407 1.05106 0.385436 1.33 0.323067 1.39921 1.12355 0.310901 0.0361715 
1.31263 0.496486 0.339296 0.485954 2.5087 0.958841 0.679758 0.63906 1.64349 -0.096498 -0.467862 -0.166538 
1.25469 0.181521 0.257225 1.56133 2.50315 0.588095 0.729815 0.8147 0.600777 0.0953169 -0.63014 -0.229441 
1.58449 0.761443 -0.492911 0.844975 1.47995 0.450282 2.04756 1.17178 0.897018 0.186558 -0.42002 -0.381583 
2.22379 0.910946 -1.53604 0.971722 2.46309 0.810589 1.22267 0.804931 1.02932 0.0705068 -0.630915 -0.514859 
2.30707 0.939526 -2.9716 0.942071 2.63065 1.12853 1.3891 0.6049 1.32796 0.112259 -0.385914 -0.504985 
2.42454 1.04283 -3.24632 0.96699 2.96428 1.03311 1.42841 0.686512 1.27974 0.162126 -0.52487 -0.487906 
2.64843 0.468261 -2.86065 0.594972 3.18455 1.33826 0.974534 0.531777 0.951875 0.223255 -0.543064 -0.538608 
2.44054 0.0989089 -2.5754 0.767647 3.2557 1.12104 0.895232 0.711107 0.911159 0.105366 -0.621876 -0.50197 
2.32174 0.571961 -2.36116 0.695359 4.00728 0.272802 0.857971 1.06029 0.672256 0.470956 -0.977734 -0.40504 
2.38184 0.421486 -2.68436 0.956273 4.06456 0.314209 0.637459 1.13815 0.888105 0.446239 -1.00864 -0.431584 
2.40763 0.197672 -2.89213 1.01434 3.53731 0.921764 0.947142 0.829302 0.960548 0.109839 -0.685858 -0.462228 
2.49986 0.071547 -2.80516 0.558419 3.60514 1.16814 0.484928 0.973004 0.801238 0.33349 -0.71341 -0.538958 
2.53573 0.142867 -2.47878 0.361251 3.49915 1.27291 0.991319 0.942026 0.611694 0.146032 -0.610423 -0.422766 
2.56577 0.485757 -2.80973 0.440751 3.71104 1.13026 0.875258 1.07185 0.727806 0.311753 -0.82305 -0.477973 
2.41625 0.963367 -2.49279 -0.1376 3.31589 0.814798 1.12893 1.41196 0.639572 0.681793 -0.844932 -0.492865 
2.40958 0.346992 -1.95498 0.0317814 3.17245 0.780812 1.37397 1.2092 0.785196 0.324584 -0.56543 -0.4119 
2.42059 -0.258277 -2.64304 0.54513 3.54453 1.22108 1.19918 1.0732 1.39157 0.152524 -0.692742 -0.467172 
2.28096 0.299185 -2.19123 -0.342554 3.76783 0.785421 0.796003 1.71016 0.833864 0.53084 -0.886201 -0.549251 
2.28653 0.107136 -1.85923 -0.459726 4.22576 1.13741 0.975842 1.618 -0.0704782 0.50591 -0.629084 -0.439681 
2.4188 0.336334 -1.38461 -0.411619 3.42287 1.70247 1.2016 1.19798 -0.267619 0.124803 -0.370469 -0.34321 
2.3346 0.574446 -1.06174 -0.143798 3.14036 1.82797 1.2117 0.98042 0.0623799 0.267456 -0.419517 -0.451076 
2.32625 0.748675 -1.31322 0.0499077 3.6694 1.46612 1.23059 0.986341 0.342235 0.506254 -0.548298 -0.451098 
2.43352 0.901511 -1.96221 0.571605 3.28892 1.54003 1.55636 1.10389 0.743872 0.305615 -0.532765 -0.351361 
2.43241 0.860726 -1.66329 1.06879 3.47476 0.857403 1.85186 1.28816 1.27005 0.212887 -0.5552 -0.211216 
2.36337 0.588872 -1.37667 1.00134 3.2382 1.33672 2.0685 1.27948 0.976998 0.569727 -0.128779 -0.178266 
2.20268 0.578576 -1.41419 0.913754 3.31674 1.98819 1.60423 0.809215 1.30146 0.596318 -0.0917899 -0.235466 
2.33043 0.434915 -1.62764 0.55573 4.60904 2.22236 0.947918 0.465005 0.467874 0.890548 0.0567572 -0.142579 
2.39233 0.606788 -1.10228 0.247565 3.74437 1.86162 1.28626 1.11272 0.569007 0.708414 -0.330624 -0.43935 
2.3208 0.500464 -1.2003 -0.0984806 3.90862 2.41296 1.72238 0.744869 0.0312006 0.559648 -0.114309 -0.25919 
2.11046 0.548195 -0.877311 0.794938 4.07995 2.81081 1.62118 0.224581 -0.210669 0.55562 0.0448215 -0.131962 
2.26905 0.722779 -1.242 0.708825 3.76562 1.62883 1.83176 0.574719 0.691103 0.427951 -0.440921 -0.352056 
2.15956 0.91644 -0.596914 0.735927 3.39667 2.19426 1.16802 0.485165 0.879479 0.234911 -0.438698 -0.390495 
2.11504 0.744905 -0.314562 0.671739 4.68253 2.25208 0.961296 0.457416 0.373521 0.408328 -0.296164 -0.223214 
2.05936 0.844129 -0.0410647 0.011543 3.64314 1.49478 1.1674 1.1663 1.76606 0.570126 -0.592827 -0.429735 
1.90945 0.497882 -0.724503 0.565652 2.71065 2.02476 1.69521 1.78158 1.76037 0.802658 -0.237264 -0.334769 
1.94351 0.323707 -0.973346 0.46691 3.03569 2.15683 2.52654 1.17322 1.3768 0.458912 -0.173044 -0.146719 
1.89124 0.617418 -0.86989 0.0766064 3.71447 1.91798 1.55272 1.05665 1.33392 0.221704 -0.195341 -0.0625396 
1.84516 0.166388 -1.03951 -0.303889 3.55644 2.39396 1.60188 1.50624 1.72589 0.620539 -0.11976 -0.270099 
1.80571 0.145195 -1.47358 0.0136328 2.99271 2.85002 1.15063 1.15322 1.89032 0.278984 -0.146523 -0.385713 
1.78546 0.244514 -0.646634 0.272914 2.7666 1.62813 2.4031 0.864707 1.66697 0.494824 -0.349151 -0.295228 
1.70145 0.626464 -0.240334 0.15687 2.8168 1.7666 2.06522 0.918414 1.57769 0.388246 -0.231442 -0.188097 
1.69198 0.246161 -0.516923 0.496184 3.17048 1.74484 2.04041 1.65629 1.78389 0.593164 -0.144201 -0.125184 
1.77662 0.640635 -0.126518 0.591068 2.68646 1.69625 2.70172 1.61338 1.58963 1.02193 -0.147561 -0.182115 
1.82091 1.02299 -0.0225442 0.453353 3.2489 2.53924 1.95767 1.26267 1.14935 0.446407 -0.336034 -0.190519 
1.76566 0.865846 0.366957 -0.224827 2.60819 2.42291 2.31197 1.44186 1.09963 0.983243 -0.0976133 -0.138501 
1.74064 0.853739 0.261701 0.473532 2.93473 2.50987 1.78394 0.961108 2.3119 0.332323 -0.173732 -0.0889369 
1.64577 0.76671 0.845143 -0.163209 3.24346 2.50439 1.64788 1.31447 1.02886 0.741339 -0.29241 -0.167538 
1.67075 0.951495 0.766459 0.135646 2.92122 2.693 1.59298 1.08589 0.699392 1.34347 -0.372245 -0.342115 
1.61114 0.811681 0.517043 -0.351648 2.83921 2.86779 1.71074 0.668229 1.82435 0.686802 -0.447771 -0.271392 
1.43547 0.767161 0.699424 -0.426905 2.33086 2.34467 1.85997 0.958996 2.47413 0.65054 -0.418688 -0.218317 
1.50013 0.642281 0.35682 0.0249255 2.40688 2.1572 1.66011 0.832486 2.23508 0.75138 -0.582498 -0.377862 
1.59039 0.856469 0.367346 0.685651 2.35697 1.98122 2.17178 0.645841 2.44711 0.642735 -0.706979 -0.370499 
1.45285 1.03688 1.16665 0.596383 2.56317 2.37364 1.87173 1.44607 1.96282 0.973214 -0.990336 -0.243682 
1.44243 1.16062 1.11757 0.911189 2.36355 2.25319 2.13898 1.31955 2.11836 0.830302 -0.690997 -0.0998393 
1.35268 0.621349 0.687152 0.846121 2.04558 2.5381 2.30467 1.01464 2.26179 1.20507 -0.31691 -0.0981198 
1.43428 -0.0737213 -0.373458 1.36007 2.87367 1.87556 1.78768 1.48189 1.7298 1.04237 0.326939 -0.127416 
1.35864 -0.814775 -0.468482 2.30827 1.65958 1.4804 0.771168 1.18098 1.60305 0.333635 0.35963 -0.0316056 
1.01486 -0.956795 0.0023087 2.70095 2.23794 0.76665 0.923143 1.75581 0.420857 -0.335784 0.0975079 0.0125113 
0.838735 -1.37287 -0.268005 2.94021 2.96993 0.839283 1.49832 1.46086 0.634343 -0.658515 0.256082 0.239543 
1.02618 -0.821447 -0.804852 2.36013 2.61655 1.43403 1.6266 0.0484999 1.2506 -0.462897 0.12112 0.10031 
1.14367 -0.858934 0.247249 1.51443 2.42924 2.36805 1.5403 0.461055 0.364569 -0.504619 0.00975641 0.323234 
1.31179 -0.748372 0.372689 1.23794 2.99079 2.61878 1.51357 0.67143 0.432219 -0.130387 0.0507489 0.275413 
1.27732 -0.320726 0.0596008 0.919409 2.92983 1.83748 1.62582 -0.0499065 1.74381 0.213594 0.0418285 0.0449544 
1.41259 -0.454758 0.218088 1.29248 1.96212 1.30061 2.71051 0.243623 0.620429 0.0716882 0.107863 0.094123 
1.26271 -0.360367 -0.149646 1.37033 1.8266 -0.131325 2.16318 1.36547 1.14624 0.20726 -0.120579 -0.0435612 
1.17663 -0.492816 0.217107 0.420411 1.00468 -0.165293 1.28842 1.23345 1.18515 0.265601 0.0604258 -0.312684 
1.22601 -0.473122 0.5283 1.03249 1.30276 0.399354 2.03055 1.32291 1.34724 0.80125 0.155698 -0.305688 
1.35976 -0.146971 0.484311 0.847286 1.06114 1.38002 2.53372 1.53309 1.34231 0.987257 0.243806 -0.268634 
1.32744 0.0663799 0.602526 0.653195 1.29387 1.25386 1.53022 1.23797 2.13466 1.10361 0.238546 -0.19136 
1.28006 0.272704 0.938395 0.967735 1.49933 0.125003 1.80051 1.36451 1.82343 1.37626 0.0432612 -0.142363 
1.26903 0.335551 1.06929 1.24552 2.75483 0.510293 0.749183 1.64421 1.06811 0.936395 0.354715 0.0338874 
1.20806 0.426216 1.08608 0.960755 1.86715 0.833583 0.870543 1.41559 1.7282 1.08335 0.602422 -0.044412 
0.929424 0.690167 0.908363 1.3384 0.84187 0.973887 0.995259 -0.0980799 1.37437 1.08312 0.499047 -0.276857 
1.04992 0.329295 0.824595 0.95366 1.28685 0.949696 1.55694 1.02027 1.13205 0.710989 -0.0215963 -0.238639 
1.19971 0.46652 0.542175 1.44379 0.602126 0.890079 1.69658 0.988761 1.42274 0.770276 0.140903 -0.156028 
1.08649 0.692601 0.882978 1.59286 0.973369 0.669374 1.54828 0.852526 1.47775 0.986255 0.256657 -0.101812 
1.07905 0.6368 1.05756 1.05624 1.82024 0.433795 1.61751 -0.0665856 1.59294 0.562925 0.28012 0.021235 
1.1641 0.762488 1.33837 1.17597 1.3821 -0.0579624 1.94486 -0.674982 1.56124 0.388016 0.0326377 0.0718058 
1.13966 0.633259 1.49784 1.21145 1.54433 0.287978 1.73756 -0.306159 1.3677 -0.164932 0.572386 0.160116 
1.05831 0.71808 1.36439 1.7785 1.62251 -0.266437 1.49336 0.546986 1.5441 0.16858 0.245589 0.0254746 
1.07049 1.04074 1.10047 0.825473 2.2351 0.205642 1.07646 0.243406 1.46053 0.12862 0.217278 0.0149554 
1.02957 1.35596 1.16324 0.337173 1.90703 -0.137682 1.32728 1.05835 1.9348 0.0376076 0.788289 0.110588 
0.978903 1.22132 1.36643 0.942095 2.25054 0.469115 1.78897 0.813413 1.96735 0.0240644 0.983568 0.165316 
1.11573 0.905015 1.0698 1.11056 2.41547 0.673131 0.963097 1.21467 1.24995 0.064007 0.476559 0.0859018 
0.899545 1.28751 1.32026 1.28567 2.54654 0.501538 2.07683 0.877362 1.34387 -0.320095 0.607908 0.150903 
0.791297 1.30856 1.17787 0.9409 2.1562 -1.1223 1.52421 0.814131 1.34383 -0.11226 1.19134 0.082445 
0.912775 1.15059 1.7302 1.60916 2.25439 -0.49364 1.56111 0.928069 1.36991 -0.548673 0.765113 0.21253 
0.925876 1.15171 1.97059 1.0376 2.04581 -0.24945 1.59195 0.97914 1.5481 -0.0433625 0.735425 0.243024 
0.891047 1.08991 1.23918 1.33103 2.20665 -0.541052 0.943971 0.38265 1.6205 0.177835 0.862908 0.127812 
0.972668 1.06273 0.737683 1.6993 1.08207 0.184374 0.758185 0.445122 1.75754 0.425657 1.08799 0.00156623 
0.953844 0.991652 1.2606 0.531745 1.62609 0.210521 0.874872 0.279347 0.550331 0.0803229 0.300169 0.0606816 
1.06043 0.696152 0.143783 0.773423 3.03494 0.494183 0.981532 -0.849675 0.876074 0.434899 0.369073 0.0800831 
0.982495 0.329696 0.0112302 0.664805 2.53522 0.973805 0.495606 -1.13929 1.54569 0.179906 0.539476 0.0869261 
0.861744 0.770707 0.924623 0.522049 1.83852 -0.099829 1.09507 0.553248 1.54778 0.568322 0.68823 -0.00654749 
