0.764014 1.28663 1.25448 1.36447 1.49379 0.677799 1.12211 0.591798 0.384776 0.498675 -0.0453406 0.0862662 
0.732697 1.0463 1.55579 1.29536 1.22601 1.42548 0.890196 0.395175 0.828977 0.35496 -0.453062 0.147559 
0.518938 0.976156 1.45427 1.30879 0.967864 0.83012 0.970997 0.726558 0.673172 0.455867 -0.262719 0.106293 
0.403429 0.93913 1.47808 1.55211 0.943019 0.892246 1.80689 0.943823 0.590913 0.812612 -0.121685 0.113841 
0.498806 1.02447 1.84464 1.3214 1.06747 0.876864 1.66636 1.27004 1.25812 0.982082 -0.242152 0.156005 
0.656716 0.893667 1.49903 0.805274 1.23703 0.823947 1.06458 1.5459 1.01297 0.732458 0.00695347 0.0392074 
0.788597 0.704008 1.01642 0.442236 0.958634 0.577848 0.916417 0.849398 0.440348 0.355492 0.784361 0.0407067 
0.618456 1.16644 1.42752 1.284 1.13622 0.683568 0.41424 -0.136319 1.66717 0.319316 0.28853 0.0489467 
0.528917 1.2328 1.57887 1.17005 1.40139 1.52326 1.22846 0.528279 1.22461 0.18818 0.576793 -0.0401947 
0.594674 1.13796 1.59716 1.37952 1.20598 0.960846 0.868331 1.40113 1.06171 0.268676 0.61371 -0.031933 
0.578295 0.914879 1.47279 1.59964 1.37017 0.952756 0.242941 1.01137 0.859126 0.585468 0.225438 0.010766 
0.624966 0.8125 1.46582 1.69291 0.677488 1.69825 0.830427 0.721534 0.207367 0.753459 0.622491 -0.0660974 
0.593574 0.961873 1.41978 1.9463 1.54572 1.37754 0.0547463 0.874246 0.622581 0.212003 0.648388 -0.0354381 
0.666398 1.11361 1.41968 1.13921 1.2888 0.722949 0.447857 0.226227 1.15196 0.860182 0.42358 0.051817 
0.698081 1.25257 1.09988 1.46162 1.5451 0.75387 0.632369 0.170933 1.01495 0.752592 0.207527 0.0343477 
0.610406 1.30159 1.23831 0.988252 1.31145 0.553273 1.73571 0.850978 0.37436 0.738122 0.446032 0.0350457 
0.677836 0.962811 0.955118 0.586048 1.2916 0.929539 1.32004 1.65307 0.500394 0.412052 -0.162037 0.0618148 
0.672872 0.50118 1.23681 0.352184 0.774689 0.615741 0.367515 0.591687 0.940088 0.022661 0.59234 -0.0665158 
0.556771 -0.646832 0.524937 -0.087859 -0.24853 -0.967568 0.199276 0.102844 1.05352 -0.570092 1.16111 -0.0303898 
0.797507 -0.184966 1.1284 0.737843 0.124561 -0.0316259 0.943676 0.310224 0.709276 -1.23117 0.706872 -0.423351 
0.561638 0.115803 1.47159 -0.479288 0.685811 1.84057 1.62656 -0.0381289 -0.26895 -1.08181 0.602912 -0.626974 
0.259368 -0.267037 1.01353 -0.893968 1.02126 2.14933 2.02806 -0.974972 -0.818651 -0.79356 0.816652 -0.561547 
0.434761 -1.04257 0.78459 -0.295851 1.30582 1.22469 1.3182 -0.165295 -1.10431 -0.598513 0.334684 0.12625 
0.411503 -1.06553 -0.0512919 -0.0390426 0.272888 0.87756 0.865758 0.486546 0.216747 -1.18962 0.550633 0.091013 
0.141276 -1.4384 0.184577 0.123982 1.82434 0.37642 0.464241 -0.39001 0.907878 -0.987664 0.0183113 -0.134561 
-0.152561 -1.73222 -0.433949 0.598749 2.21094 0.188722 -0.0938309 0.20623 1.03228 -0.985332 0.326293 -0.351243 
0.0704441 -1.15815 -0.648721 0.594719 2.00498 0.600952 -0.203705 0.809724 1.423 -0.276567 0.582623 -0.365672 
0.136761 -1.16418 -0.574188 0.469939 1.88233 1.80303 -0.183456 0.308134 1.01695 -0.334239 0.791769 -0.464592 
0.22673 -1.38612 -0.643538 0.541796 1.9507 1.31637 -0.327667 -0.0886913 -0.019483 -0.659604 0.76511 -0.653312 
0.285121 -1.53092 -0.575832 0.574062 1.23001 -0.19262 0.661894 0.34232 0.652976 -0.346203 0.951409 -0.0713426 
0.345738 -1.8358 -0.617108 0.260189 0.511899 -0.688963 0.701108 2.03627 1.32433 -0.0593808 0.411825 -0.0081758 
0.499154 -1.33788 -0.410034 0.24128 1.79897 -0.807847 -0.0418947 1.41537 1.89456 -0.332619 0.2982 -0.376037 
0.645352 -1.21702 -0.743444 0.583144 1.39924 -0.370492 0.0485776 1.13795 1.89333 0.11402 -0.0633456 -0.258641 
0.894397 -1.17486 -0.368157 0.578053 1.4884 0.228207 1.20697 1.52365 1.81278 -0.108016 0.0848945 -0.154477 
1.28707 -0.341979 0.560379 1.05353 2.51318 0.895651 2.01918 0.855255 0.962607 0.445835 0.0239184 -0.0849003 
1.92874 -0.575152 -1.19579 0.691319 3.28033 1.07375 1.76652 0.63676 1.56865 0.236263 -0.247294 -0.139019 
2.13758 -0.321734 -2.40394 1.31356 2.99552 1.49641 1.46453 0.557071 1.75134 0.0968277 -0.18649 -0.329745 
2.23216 -0.114914 -2.20602 0.769065 3.50868 1.59565 0.830324 0.870794 1.23642 0.429626 -0.317084 -0.345328 
2.36975 -0.600375 -1.28115 0.851134 3.5366 1.85634 0.269486 0.746875 0.859842 0.459359 -0.156648 -0.312513 
2.21671 -0.559643 -1.01804 1.77622 4.0543 1.82787 -0.0323561 0.3552 0.464605 0.466996 0.0244391 -0.164182 
2.00192 -0.261556 -1.06794 2.66932 4.20994 2.15278 -0.175312 0.0200336 0.425583 0.65223 0.170513 -0.0850709 
2.04054 -0.257312 -1.22215 2.30122 4.64374 1.37407 -0.198397 0.82193 0.660833 0.761922 -0.0475265 -0.117979 
1.88773 -0.0255083 -1.05452 1.52055 5.11001 1.61428 -0.602156 0.559883 0.71669 1.04725 0.0987559 -0.198574 
1.84493 0.0564608 -0.783252 2.0755 4.57405 1.77825 -0.265396 0.216956 0.584648 0.899604 0.0818064 -0.187918 
1.91106 0.164272 -0.571854 3.04977 4.57033 1.70403 -0.474917 0.231977 0.493879 0.820272 0.0935082 -0.106987 
1.98447 0.0948876 -0.642968 2.57448 4.65958 2.02224 -0.129049 0.880258 0.328848 0.895001 -0.000132455 -0.1305 
2.06083 0.0358526 -1.12718 1.64857 4.32561 1.61564 -0.183571 1.73011 0.892981 1.14964 -0.113478 -0.261279 
1.90928 0.0606994 -1.34392 1.96987 4.37818 1.18537 0.216979 0.776978 1.70274 1.10863 4.00622e-005 -0.203368 
1.84441 0.096752 -1.06966 1.96656 4.17671 1.80855 -0.496192 0.965204 1.30926 1.35613 0.274797 -0.195139 
1.93282 -0.0653461 -0.286385 1.95235 4.2524 2.17219 -0.555692 0.288438 0.930014 1.0448 0.305604 -0.205871 
1.97799 -0.189238 -0.782708 2.52798 4.93981 1.73571 -0.220595 -0.00848071 0.939847 1.12837 0.206245 -0.191896 
1.91538 -0.248242 -0.341341 2.64737 5.3638 2.21597 -0.225083 0.0244901 0.70962 1.1957 0.362942 -0.112723 
1.85024 0.00679382 -0.162348 2.5439 5.58382 2.34054 -0.949292 0.0152629 0.84067 1.17711 0.434171 -0.128285 
2.13434 0.0999432 -1.00872 2.6761 5.00803 2.03185 -0.15302 1.18743 0.430498 1.18623 0.243725 0.0432423 
2.08404 0.453155 -0.922467 1.95721 5.09165 1.80956 0.828167 1.04152 0.41818 1.4251 0.216124 0.0209644 
1.96325 0.504073 -0.236668 1.72377 5.07915 2.50517 0.333688 0.468533 0.562268 1.30295 0.425715 -0.0525077 
2.13602 0.613851 -0.699246 1.61973 4.15808 2.11471 1.1259 1.33101 0.928223 1.06324 0.00786732 -0.122272 
2.17251 0.681368 -0.664728 1.82919 5.41107 2.68344 0.495187 0.0751212 0.489539 1.213 0.439427 0.00452416 
2.12894 0.531127 -0.526856 2.83882 5.50416 2.47575 -0.224712 0.0309488 0.420596 1.07019 0.329293 -0.0231203 
2.06127 0.587305 -0.345211 2.55712 5.34662 2.47635 -0.542968 -0.59983 0.680475 0.948689 0.372803 -0.119635 
2.0615 0.137369 -0.943642 1.94499 4.98659 2.60396 -0.215571 0.0315949 0.407116 1.03468 0.287078 -0.136088 
2.05009 0.367223 -0.923942 1.55143 4.91593 2.83217 -0.299836 0.696968 0.18165 1.14545 0.316527 -0.10124 
1.98084 0.457061 -0.589965 2.41883 5.38886 2.83821 -0.0974172 -0.35326 0.307353 1.00824 0.331846 -0.0750135 
2.06851 0.419186 -0.227783 2.12097 5.71318 2.51177 -0.523722 -0.579542 0.517275 0.909184 0.408934 -0.0628861 
2.13943 0.412712 -0.153064 2.51464 5.76715 2.76076 -0.00349927 -0.529503 0.339754 0.899266 0.332046 -0.0753002 
2.08499 0.538123 -0.506051 2.08646 5.28956 2.35285 0.386824 -0.176751 0.451067 0.940513 0.438238 0.100083 
1.98546 0.603866 -0.117046 2.6101 5.52928 2.93112 -0.0928758 -0.674541 0.761561 0.929545 0.559391 0.00754419 
1.92987 0.577167 0.203636 2.20334 5.26866 2.69654 0.622418 -0.328644 0.588619 0.810336 0.395456 0.0541765 
1.89213 0.579838 0.113963 1.51588 4.74417 2.9924 0.37267 0.361522 0.456268 0.831854 0.422014 0.0187742 
2.06239 0.631397 0.3522 1.43061 4.04628 2.67705 1.0253 1.41686 0.669246 1.17312 0.123027 -0.21369 
1.80792 1.16708 0.156114 1.63712 4.38198 2.39918 1.48002 1.12224 1.65002 1.01181 -0.1734 -0.142965 
1.68161 1.19007 0.491506 2.38321 4.91334 2.29834 1.59371 1.12277 1.75036 0.983067 -0.21326 -0.0153986 
1.70965 1.33945 0.584853 2.24654 4.37326 2.62457 1.6631 1.13905 1.54301 1.19783 -0.164927 -0.0710508 
1.65146 1.32839 0.673582 2.4029 4.39873 2.54263 1.08866 0.720513 1.56384 1.27264 0.0741691 -0.0643639 
1.66066 1.12961 0.851048 2.31949 3.87135 2.36121 0.399554 0.459723 1.53358 1.16272 0.362326 -0.0209176 
1.65591 1.30822 0.600876 2.40758 3.5158 1.42538 1.08949 0.682997 1.68647 1.04006 -0.332509 -0.208724 
1.60051 0.987336 0.622132 2.2056 3.91049 1.59937 1.18785 -0.157941 1.44521 0.699717 -0.361504 -0.227287 
1.66652 0.895799 0.722682 2.14053 4.143 1.30112 1.68132 -0.0999382 1.35001 1.0251 -0.0369841 -0.012414 
1.66145 1.17124 0.83344 2.20731 4.18529 1.28555 1.06744 0.33348 1.79632 1.10753 0.0992781 -0.00891367 
1.62943 0.930829 0.94828 1.84172 4.14297 1.88607 0.797736 0.533063 1.65151 1.44655 0.263651 -0.0194937 
1.49126 1.15602 1.05782 1.79386 3.58283 2.27211 0.755835 0.489164 1.29425 1.45612 0.574638 0.104265 
1.43967 1.13941 1.01893 2.00857 3.67858 2.03093 1.22523 0.274618 1.1876 1.19934 0.378279 0.101797 
1.54452 1.02738 1.17854 1.48897 2.84893 2.65088 1.32648 0.105677 1.11283 1.06498 0.406651 0.119271 
1.46343 1.30145 1.69546 1.61433 3.23071 2.26562 1.26537 0.545254 1.97289 1.2574 -0.0323915 0.081267 
1.48827 1.45589 1.72422 1.66213 3.84203 2.07243 1.08853 0.122787 2.31386 1.26676 0.169334 0.124452 
1.52823 1.54487 1.77261 1.52674 3.13277 1.94023 1.39044 0.0319711 1.83076 1.40519 0.394081 0.226706 
1.44679 1.45918 1.29532 1.87968 3.28112 1.83329 1.41633 0.322752 1.55269 1.47977 0.371946 0.148475 
1.36307 1.26551 1.55309 1.90116 2.68632 1.78409 0.755775 0.341469 0.679437 1.48443 0.856689 0.192579 
1.34983 1.11957 1.77319 1.59155 2.85659 1.30618 0.995136 0.600653 1.56384 1.07581 0.286779 0.140279 
1.295 1.06358 1.96061 2.01222 2.8633 1.75642 0.923676 0.448748 1.16484 0.877512 0.556076 0.157268 
1.31413 1.38785 1.33498 1.0133 3.17022 1.32331 1.34172 1.43096 1.44925 1.26237 0.247038 0.144473 
1.27008 1.72216 1.62468 1.07352 3.52954 1.60974 1.52527 0.951616 1.70903 0.949085 0.283387 0.23044 
1.26295 1.72325 1.86278 1.7747 2.80246 1.28024 1.12717 0.458338 1.43703 1.15491 0.520214 0.250318 
1.33489 1.32401 2.15494 1.41385 2.6306 1.58431 1.67097 0.723788 1.63755 0.859508 0.442379 0.308182 
1.20019 1.10721 2.16278 1.87771 3.12522 2.04197 1.75013 0.589273 1.60095 0.144048 0.515048 0.343316 
1.19064 1.44749 1.60132 2.25647 3.03815 1.20086 0.305088 -0.0273771 1.26935 0.574276 0.808843 0.0887333 
1.2428 1.83591 1.73404 1.39761 2.43513 1.08161 0.12605 0.0971897 1.83669 1.38903 0.632404 0.241083 
1.22116 1.88786 2.11714 0.878152 2.2129 1.37316 1.36405 0.445895 1.90629 0.663427 0.746599 0.345272 
1.21515 1.74279 2.23563 1.60877 2.6618 1.3876 1.7945 1.10866 1.63033 0.529344 0.49422 0.292068 
1.23855 1.73478 2.14455 2.46225 2.19396 1.30443 2.51842 1.0024 1.50834 0.688601 0.321374 0.26608 
1.06067 1.49418 2.65893 1.65238 2.1164 1.35061 2.08936 1.36169 1.21883 0.318732 0.762839 0.286333 
1.13273 1.42883 2.6711 2.02658 3.01028 1.55731 0.845563 0.460272 1.47507 0.249947 0.643179 0.21266 
1.07814 1.44566 2.08387 2.22351 2.49969 1.87376 0.0543414 0.414595 1.8125 -0.124839 0.579796 0.0729085 
1.0302 1.47385 2.00879 1.87242 2.66206 1.41801 0.824994 1.31447 0.763098 0.289732 0.362515 0.0702896 
0.975159 1.68831 1.81069 1.64656 2.92823 0.883756 1.57831 1.28237 0.16747 0.514306 0.996573 0.119623 
1.14172 1.53665 2.05333 1.69226 2.797 1.23481 0.997333 1.48807 0.855405 0.217135 0.792561 0.157399 
1.19878 1.49145 2.08048 1.52657 2.2134 1.29978 1.33891 0.897636 1.01713 0.444327 0.624518 0.18182 
1.12007 1.69345 2.38773 1.48271 1.93938 0.909691 1.02065 0.356684 1.62326 0.567804 0.307485 0.232861 
1.047 1.50062 2.67374 1.66182 2.46045 0.540864 1.4014 -0.046814 1.26626 0.757154 0.547368 0.242473 
1.09432 1.36431 2.1335 1.72708 1.56695 0.128295 1.4313 0.429978 1.89865 1.06903 0.279951 0.229023 
1.10193 1.2496 2.04711 1.15013 1.74865 0.536727 1.12786 0.481772 1.56329 0.693238 0.650822 0.160532 
1.12242 1.50397 1.81776 0.664518 1.39793 0.402167 0.983243 0.928818 0.471617 0.797904 1.0633 0.151898 
1.02486 1.34774 2.38001 1.55281 1.51238 0.935724 1.26496 1.40447 1.24809 0.275766 0.761356 0.201876 
1.03173 1.53856 2.54752 1.62956 1.80935 1.14619 1.47768 0.904441 1.28528 0.124368 0.788183 0.217906 
1.0087 1.84795 2.23393 1.22357 2.11866 0.689113 1.94152 0.766731 1.14626 0.657682 0.333514 0.235146 
1.00778 1.63315 1.5343 1.33722 1.36365 0.859096 1.80806 0.520366 1.26104 0.615176 0.621476 0.132792 
1.06606 1.49207 2.1808 1.41454 1.80786 1.02536 2.38789 0.682994 1.32635 0.629256 0.729356 0.258628 
1.19439 1.53885 2.1053 1.77499 1.90462 1.30047 1.86151 0.361614 1.44582 0.382701 0.80054 0.260794 
1.04474 1.5947 1.91863 1.82258 1.3628 1.15085 1.57943 1.22427 2.03813 0.284474 0.170952 0.215241 
0.960627 1.49466 1.94508 1.5834 1.49007 1.19371 2.0034 1.94903 1.57185 0.640848 0.203043 0.240171 
0.985922 1.40508 2.30028 0.97909 1.28501 1.91363 1.96915 1.54245 1.25253 1.08143 0.0918425 0.190336 
1.00635 1.83871 1.68579 0.922931 1.13687 1.09035 1.79966 0.94876 0.807195 1.02679 0.240635 0.14324 
0.941085 1.53162 1.84915 0.991064 0.854231 0.849599 1.81421 0.821584 0.864988 -0.169844 0.139488 -0.0249416 
0.958122 1.35799 1.95412 0.78686 1.64879 1.17768 2.01216 1.62847 0.558571 0.104802 -0.188897 0.0844286 
1.02285 1.49108 1.66758 1.40556 1.97167 0.748504 2.09045 1.51503 1.12124 0.295922 0.296053 0.184525 
1.01707 1.37788 2.0132 1.25537 1.50663 0.666389 1.7016 1.41017 0.593353 0.426573 0.249614 0.149362 
1.00261 1.26784 1.47217 0.519785 0.66995 1.27158 1.47629 1.14742 1.34885 0.242458 0.222678 0.0681562 
1.08579 1.40176 1.37927 1.01734 0.670857 1.45072 1.70463 0.46396 1.26155 -0.466685 0.626255 0.102157 
1.08205 1.4448 1.55821 1.58334 1.2222 1.0931 1.41109 0.917713 0.943081 -0.325311 0.319009 0.0772819 
0.924118 0.858698 1.12191 1.01467 1.32989 0.925931 1.41124 1.08987 0.630488 -0.325961 -0.387076 0.0175869 
0.892634 1.48947 1.31139 0.449296 1.28491 0.98583 1.53927 0.553205 0.717017 0.328127 -0.109798 0.134542 
0.928614 1.7256 1.6644 0.801429 1.74433 0.901488 1.6953 0.199065 0.76839 0.414801 0.0692171 0.14327 
0.846438 1.20736 1.68332 1.26085 1.66619 1.77957 2.42671 0.4841 0.644735 0.34451 0.556168 0.15504 
0.875502 1.36231 1.86405 0.838468 1.21545 1.02467 1.84713 1.59461 1.06972 0.635147 0.50657 0.128973 
0.851406 1.33525 1.59619 0.602037 2.53958 1.04217 2.01163 1.07655 1.07217 0.838205 0.783234 0.157693 
