0.471755 0.619255 0.957278 -0.518536 0.464518 -0.368633 0.301383 0.959853 1.23585 -0.172397 0.570873 0.104351 
0.584075 0.533953 0.800585 0.0982948 -0.0570176 -0.797475 0.243085 0.482947 0.842784 0.63645 0.488882 0.168255 
0.56022 0.378748 0.282918 0.0493349 0.914044 -0.0594582 -0.482414 0.784234 0.956685 0.141155 0.414326 0.0842141 
0.360938 0.245656 0.443212 0.216064 -0.0318238 0.137087 0.436504 0.402263 0.195056 -0.0176865 0.469228 0.226781 
0.545034 0.195023 0.945513 0.612096 0.220967 -0.127755 0.83042 0.585692 0.438646 0.206172 0.461974 0.16085 
0.572854 0.332461 0.807999 0.716317 1.34717 -0.218167 0.216329 0.025334 0.672078 0.0964515 0.10688 0.154285 
0.471493 0.241974 0.901026 1.02934 0.314916 -0.959471 -0.207013 0.127856 -0.11952 0.696215 0.195094 -0.0300633 
0.33321 -0.000331587 0.811373 0.547769 -0.102467 -0.240523 0.443965 -0.12704 0.108455 -0.221985 0.0562117 -0.00928727 
0.50345 0.0417431 0.515606 0.201784 0.0857734 -0.206215 0.466787 -0.251881 -0.033801 0.375088 -0.295876 0.234955 
0.447835 -0.072525 1.2416 0.679118 0.148272 -0.578794 0.983849 -0.141951 -0.478744 0.289381 0.495744 0.172001 
0.394805 -0.71632 1.81677 1.75452 0.232975 -0.269404 1.2154 -0.889849 -0.704858 -0.166585 0.271872 -0.0817849 
0.19455 -0.457305 1.79487 1.47403 0.23277 0.504594 1.18427 0.515013 -0.661851 -0.0679467 -0.0061017 -0.202427 
-0.0280207 -0.561264 1.89943 0.628778 -1.29468 0.112542 1.90781 0.083648 1.30064 0.218389 -0.439652 -0.0245526 
-0.171521 -1.58478 3.591 1.31744 -3.4779 0.884322 2.78794 -1.40549 1.31471 0.864316 -0.35207 -0.0733339 
-0.477249 -1.75747 3.84069 1.56846 -3.99884 0.791578 3.32368 -1.1988 0.63366 0.909477 -0.0291737 -0.168521 
-0.640378 -1.85456 4.156 0.518345 -3.55241 0.990968 3.11748 -1.27188 0.299737 1.55823 -0.22845 -0.225322 
-0.740075 -1.80949 4.52249 -0.645304 -3.76777 0.718034 2.36689 -1.9969 1.17886 1.60156 -0.590907 0.0291402 
-0.716191 -1.90994 4.82347 -1.86785 -2.37293 1.96649 1.57845 -1.43229 1.44014 0.969262 -0.879477 0.261771 
-0.915259 -1.42713 4.93161 -1.68848 -2.13486 1.32203 1.0078 -0.435638 1.34734 0.879093 -0.165878 0.331127 
-1.24803 -0.739664 4.51729 -2.36366 -1.20231 0.961345 0.329618 0.298645 0.802488 0.23009 -0.137194 0.167695 
-1.364 -0.466332 3.99561 -1.81149 -1.15607 0.507656 0.857537 -0.283879 0.44614 0.216052 -0.0373033 -0.0778345 
-1.51758 -0.539492 3.7925 -1.70478 0.108434 0.151635 1.33449 0.0338796 0.136907 0.949768 -0.0881733 -0.109211 
-1.47766 -0.577245 3.40982 -1.61905 0.226134 -0.407901 0.832268 0.908126 0.491286 1.32482 -0.168164 -0.0245193 
-1.59067 -0.508976 3.58775 -1.12929 -0.295234 -0.335129 0.493274 1.11581 0.427033 0.871404 0.0151716 -0.0063482 
-1.5217 -0.231385 3.08967 -1.32744 -0.865251 -0.572505 1.04198 0.996425 0.846487 1.10822 0.11509 -0.0483312 
-1.06015 -0.542511 1.42068 -1.8031 -1.66796 0.551779 1.23094 1.00975 0.956744 0.816957 -0.427362 -0.0371407 
-0.860314 -1.36743 2.13594 -1.39172 -1.23044 0.635041 1.10113 1.17359 1.38535 0.682626 -0.247362 -0.146138 
-0.845276 -1.40315 2.67627 -0.792529 -0.964122 0.0331146 0.115208 0.159216 1.13961 1.12682 -0.148297 -0.0275292 
-0.707163 -0.825909 2.62439 -0.409844 -1.41606 0.972924 0.48923 -0.0381278 0.784892 0.0936828 0.0367742 -0.0332341 
-0.347144 -0.378717 3.61761 -1.10478 -0.774386 -0.416286 1.58596 0.268952 1.1174 0.293352 -0.331728 0.0314252 
-0.0732472 0.177321 2.69015 -1.2029 -1.44451 -0.285969 2.01421 0.0744389 0.556358 0.991583 -0.245537 -0.111105 
0.456521 0.76613 3.47239 -0.623357 -1.22423 1.3507 0.998889 0.228045 0.947353 0.827797 -0.185407 -0.364698 
1.29299 1.16698 2.90153 -0.765394 -0.846598 0.379837 -0.125714 0.57772 0.761673 0.831195 -0.377924 -0.325155 
1.52901 1.46794 3.41913 -0.810343 -0.983408 0.591231 -0.863496 0.598373 1.13283 0.378086 -0.354263 -0.24012 
1.51287 1.73187 3.14479 -1.17062 -0.67503 0.362038 -0.417072 0.301374 1.26587 0.37509 -0.370441 -0.161712 
1.87679 1.18064 2.0814 -1.235 0.426631 0.297391 -0.678188 -0.129424 0.999949 0.881552 -0.187936 -0.294961 
2.04017 0.553671 0.698565 -0.540984 0.934399 0.200286 -1.04236 -0.215996 2.21768 0.211024 -0.308127 -0.234925 
2.00257 0.454868 1.33753 -0.460801 0.424314 0.0898969 -0.564081 -0.35646 1.67222 0.880468 -0.228379 -0.278411 
1.83737 0.986172 1.70732 -0.611891 0.232283 0.128998 -0.47569 0.0656924 0.75949 1.20292 -0.030171 -0.376026 
2.04697 1.09698 2.30532 -1.21923 -1.02969 0.784495 0.584741 -0.312751 0.273089 0.886952 -0.108646 -0.228435 
1.97747 1.1294 1.71727 -1.47163 -0.145151 0.703112 0.932099 -0.396786 0.328542 0.458215 -0.151806 -0.0588013 
1.86945 0.749919 1.94854 -1.45256 1.17228 0.432977 0.628085 0.350881 0.114497 0.447129 -0.0476685 -0.055891 
1.83673 0.947182 2.60696 -2.016 0.596285 0.986317 0.741408 0.336324 -0.0895978 0.277649 0.0667544 0.0321969 
1.76785 1.10165 2.44044 -1.60724 1.13015 0.771937 0.0829855 0.00622506 -0.177322 0.523837 -0.0444452 -0.131525 
1.78617 0.961268 2.51404 -0.26478 1.55139 0.516077 -0.359535 -0.5625 1.06914 1.13603 -0.429628 -0.191238 
1.89541 1.23155 2.30356 -0.403382 0.577761 1.40764 1.30874 -0.487195 0.3859 1.21624 -0.231819 -0.122419 
1.98236 1.3288 1.95635 0.170819 0.731805 0.888764 -0.229595 -0.296948 1.85962 1.43199 0.0745538 -0.0631466 
2.13803 1.31834 1.8339 0.0801185 0.923302 1.05329 -0.533543 -0.444229 2.17932 0.741514 -0.094949 -0.0364742 
2.14292 1.48834 1.76592 -0.649089 0.276292 0.763039 -0.213456 0.102087 1.70823 0.233589 0.111673 0.110592 
2.12532 1.63156 1.80942 -0.418089 1.03852 -0.413694 -0.86416 -0.260601 1.94403 0.948882 -0.0373032 -0.14168 
2.00665 1.28611 1.52399 -0.653687 0.0307214 -0.129078 -0.114494 -0.841349 1.33885 0.698746 -0.140599 -0.11818 
2.21826 1.02763 1.22118 0.2377 0.685572 -0.391145 -1.01785 -0.110691 1.97708 0.887559 -0.250065 -0.348061 
1.91131 1.53136 1.76554 0.224979 0.81606 -0.244421 -0.93303 0.597846 2.0927 0.69129 -0.379408 -0.358157 
2.11497 1.41248 1.74091 0.420717 1.53813 -0.508483 -1.35026 0.815232 1.96031 1.10485 -0.273761 -0.43628 
2.0349 1.75146 2.06464 0.457825 1.58006 -0.426182 -0.982013 0.693294 2.61773 0.875646 -0.442526 -0.34933 
2.11236 1.75615 1.75373 0.210686 1.62185 -0.381766 -0.561358 0.821468 2.62857 0.642891 -0.283413 -0.260085 
2.21819 1.61264 1.7526 0.749075 1.18804 -0.401982 -0.586501 0.402635 2.85937 0.652714 -0.448756 -0.270472 
2.09912 1.47621 2.35238 0.955781 1.20059 -0.534937 -0.235511 0.658607 2.35229 1.02714 -0.548613 -0.277375 
2.10664 1.47549 2.13171 1.44191 1.4996 -0.717483 -0.528986 1.53152 1.94666 0.725025 -0.401291 -0.235656 
1.98887 1.51709 1.42328 1.30645 1.74152 0.154506 0.312771 1.05067 2.02881 0.281549 -0.141359 -0.0258211 
2.03071 1.89322 2.39876 0.940535 1.04637 -0.234852 -0.121745 0.682407 1.88125 1.16931 -0.00794489 -0.0509068 
2.00993 1.87983 2.39715 0.942826 1.06681 -0.304308 0.637985 0.438671 1.84199 1.72976 -0.0211969 -0.06356 
1.8258 1.69073 2.42555 1.26253 0.969088 1.15943 0.643297 0.648917 1.30708 0.811584 -0.216852 -0.0982083 
2.04857 1.87884 2.02572 0.874983 1.72954 1.86163 0.684608 0.811322 1.56896 0.0287867 -0.159077 -0.0916524 
1.88982 1.83459 1.73133 0.862457 1.58809 1.27127 0.594289 0.171701 2.12362 0.314807 0.0901075 0.0532076 
1.7984 1.65893 2.17542 1.3567 2.33123 1.71354 1.03622 0.571151 0.0298471 -0.0929423 -0.122856 -0.080843 
1.64857 1.91194 2.16576 1.54834 1.72172 1.18443 1.19344 1.17983 1.05926 -0.130688 -0.203764 -0.0792257 
1.70379 1.88977 2.19949 1.02683 0.86556 0.850339 1.04189 0.810287 1.27555 0.285864 -0.226367 -0.0974159 
1.84383 1.88537 1.99434 0.839409 1.75864 1.3532 1.41605 1.23996 0.270666 0.140647 -0.127461 -0.108636 
1.66397 2.02338 2.15675 0.88914 1.5559 1.33492 1.18959 1.32152 0.768199 -0.49411 0.0216469 -0.0575666 
1.65617 1.76786 2.51086 1.11126 1.27605 1.36365 1.85038 0.120294 0.84023 -0.289186 0.127893 0.14763 
1.58152 1.86215 2.36656 1.12952 1.55534 1.67304 1.69656 -0.539201 0.481086 -0.0507313 0.117788 0.135184 
1.45643 1.84318 2.13904 1.12199 1.97042 0.320157 1.13298 0.697862 0.496497 0.196272 0.38225 0.173631 
1.52918 1.50176 1.69977 1.82961 1.73159 0.583939 1.95702 0.707228 1.06814 0.427773 0.476649 0.230156 
1.61902 1.56128 1.74684 0.676587 1.50359 0.184972 0.492004 1.196 1.35149 -0.024201 0.353186 0.175051 
1.56681 1.51703 1.88035 0.535281 1.6251 0.419683 0.424448 0.337882 1.38383 -0.13077 0.143991 0.128647 
1.40554 1.21683 2.29978 0.533538 1.59213 0.309694 0.793709 0.731807 1.1576 0.366212 0.00463604 0.0767849 
1.54683 1.24678 2.35402 1.05271 1.11969 0.385083 0.923908 0.125273 1.0824 -0.108738 -0.128213 0.098736 
1.52896 1.33985 1.80941 0.783055 1.33637 0.645739 0.0987752 0.0639604 1.23287 0.266291 0.320634 0.152423 
1.54055 1.20885 1.71969 0.343136 1.7526 0.533898 1.12228 0.62102 1.61036 0.023546 0.263249 0.241592 
1.65874 1.26743 1.13297 0.137892 1.48331 0.852859 1.49911 0.897281 1.18615 0.259456 0.146559 0.076635 
1.49807 1.21189 1.69038 0.844076 1.17149 0.117513 2.21489 0.975748 0.894369 0.147255 0.53073 0.263399 
1.55247 1.42508 2.11831 0.825333 0.723787 -0.122247 1.87526 0.624314 0.792654 0.388647 0.477281 0.24489 
1.48799 1.33577 2.0991 1.17561 0.516984 1.01573 1.94304 0.337057 1.45169 0.0503978 0.821955 0.370274 
1.31377 1.48602 1.92652 0.699111 0.355622 1.21457 1.87424 0.0941344 1.5149 0.432524 1.03634 0.331806 
1.26723 1.69293 2.15973 0.848109 0.0881867 0.158841 1.24131 0.654678 1.70693 0.702959 0.570968 0.246028 
1.33036 1.27299 1.57117 0.830868 0.644468 -0.415745 1.47432 1.22438 1.22198 0.59785 0.321485 0.117213 
1.41436 1.5072 1.85848 0.913465 1.55908 -0.0706155 1.83194 1.26153 1.19906 0.00451533 -0.00658116 0.117333 
1.44436 1.46066 2.03758 1.21482 1.48426 0.358955 1.26546 0.453047 1.16409 0.7402 0.208023 0.192431 
1.33579 1.45081 2.11692 1.39308 1.77596 1.03103 1.33296 0.326585 1.17325 0.336758 0.519866 0.254634 
1.31315 1.48635 1.66419 0.764813 1.45313 0.876883 1.8866 0.638117 1.45805 0.371278 1.04385 0.341422 
1.30342 1.56659 1.50573 1.46731 1.84632 0.597949 1.89243 1.29017 1.80912 -0.0212359 0.642412 0.24142 
1.35153 1.6884 2.07027 1.22836 1.74795 0.95967 1.4888 0.349487 1.2181 0.784745 0.318309 0.223678 
1.21215 1.56665 2.58485 1.6579 1.35091 0.619608 2.27145 0.0799246 1.36228 0.000850368 0.414266 0.221232 
1.159 1.53713 2.18083 0.956226 1.15748 0.641824 1.99513 1.1417 1.67263 -0.111635 0.760243 0.222579 
1.16231 1.22057 1.26003 0.719699 1.11854 0.819322 1.93668 1.01706 0.961522 0.358253 0.947107 0.197016 
1.17387 1.35674 1.74072 0.722909 1.04809 1.38647 1.56915 0.403989 1.15674 1.08659 0.773826 0.21429 
1.06974 1.60627 1.75332 1.06807 1.43928 0.829134 1.45149 0.24605 1.0538 0.770131 0.670345 0.205517 
0.993088 1.45341 1.61881 1.24044 1.07597 1.10611 1.77157 1.06671 1.658 0.914428 0.558482 0.171 
0.995288 1.49627 1.78618 1.42983 1.12237 1.71165 0.964298 0.533256 1.1633 0.361412 0.713005 0.156416 
1.13795 1.43187 1.96531 0.709633 1.01279 0.627765 1.77082 0.422606 -0.0417468 0.243911 0.41691 0.0838448 
1.13164 1.29099 2.2603 1.19278 1.44447 0.353812 2.30051 0.749848 0.31185 0.308631 0.53319 0.149098 
1.19934 1.07949 2.12938 0.740507 1.53038 0.446887 1.67371 0.881188 0.566974 -0.174081 0.16846 0.163913 
1.07109 1.04304 1.88883 1.26628 0.926513 0.448016 2.14708 -0.0245664 1.26546 0.234579 0.295993 0.0697806 
0.92838 0.862844 1.79539 1.01298 0.971378 0.534087 1.38523 0.546142 1.24296 1.04183 0.672386 -0.0611351 
1.04883 1.1781 2.0187 0.676615 1.00632 -0.242202 0.869769 1.63565 0.74884 0.148813 0.714908 0.133888 
1.07314 1.17309 2.12106 1.36614 0.856176 0.111241 2.13779 1.7663 0.753516 0.00301895 0.423019 0.145953 
0.980005 0.707104 2.27571 0.94355 0.297333 0.353998 2.28083 0.961613 1.13987 0.330503 0.510342 0.133883 
1.07487 1.17037 2.75714 0.83475 0.490161 0.630215 1.53009 -0.443072 0.67517 0.568474 0.284193 0.157234 
0.987916 1.24706 2.48573 1.60488 0.745831 0.146297 1.45593 -0.853052 0.221902 0.896617 0.119511 0.058404 
0.986935 0.890857 1.90823 1.19789 1.17367 0.927663 0.959839 0.137525 0.105242 0.830459 0.55897 0.0184303 
1.01319 0.755567 1.86691 0.383522 0.110123 0.734848 -0.0575043 -0.76941 -0.28872 0.763111 0.539808 0.0453198 
0.93232 0.932835 2.41003 -0.103898 0.096428 0.614874 0.587539 -0.209373 -0.0110416 0.68607 0.34634 0.0151535 
0.86472 0.91111 1.53794 0.116665 1.0252 0.306807 0.891979 0.444986 0.355489 0.412286 0.284 -0.0117531 
0.937498 0.927313 1.61368 0.786651 2.02568 -0.235318 1.1036 -0.0432752 0.75681 0.558441 0.292762 0.129087 
0.92809 1.14182 1.97013 1.53041 0.306737 -0.0953961 0.070238 0.45293 0.571236 0.313444 0.15895 0.217656 
0.883004 1.05345 1.66035 1.12877 0.0312078 0.411936 -0.504105 0.592233 0.839096 -0.308106 0.667691 0.186232 
0.775261 0.963261 1.74443 0.412594 1.29706 -0.0193059 0.645528 0.926705 1.50307 -0.0695609 0.64462 0.124973 
0.68925 1.28778 1.46577 0.823371 1.16758 0.720183 1.15876 0.694976 0.47869 0.394775 0.383787 0.0807865 
0.692742 1.21724 1.27777 0.877421 1.15033 0.261572 0.963435 1.10691 0.457638 0.598942 0.590167 -0.057969 
0.681199 1.20839 1.81699 0.516898 0.787932 0.364057 0.657252 1.13519 0.506895 0.582674 0.881179 -0.0556553 
0.742588 0.978025 1.48156 0.666813 0.695448 0.489888 0.117953 0.111963 0.374933 1.16141 0.59216 0.000369853 
0.816689 1.17691 1.201 0.776566 0.986056 0.718197 0.118998 -0.708952 0.579937 0.404389 0.643999 0.0972223 
0.730831 1.20229 1.3855 0.897626 1.66788 0.0999945 0.939724 -0.215927 0.308463 0.60408 0.575316 -0.0399356 
0.660165 1.0481 1.86739 0.470695 1.12208 -0.500498 0.957192 0.397553 0.443698 0.665015 0.685508 -0.0460714 
0.76199 1.04161 1.67051 0.470895 0.383689 0.291107 0.418579 0.632521 0.496875 -0.321039 0.991853 -0.0443391 
0.684779 1.02138 1.50326 0.893556 0.0724764 -0.144764 0.329428 0.143091 0.300894 -0.261892 0.532114 -0.190934 
