0.77279 0.936484 0.77737 0.37243 0.838299 0.0289476 1.35849 0.324941 -0.172397 0.410546 0.198257 0.0329701 
0.808997 0.636769 0.573701 0.44323 0.854047 0.80859 1.23766 -0.298321 0.791004 -0.384411 0.293147 0.00741057 
0.724657 0.804335 0.447972 -0.239041 0.172993 0.873211 0.697715 -0.645993 0.324632 -0.554333 0.456535 -0.0130967 
0.72449 1.38095 0.650054 0.248475 0.0680996 0.0133897 1.4729 0.628411 -0.38801 -0.107059 1.0883 -0.130884 
0.67211 0.978274 0.914133 0.65035 0.60966 -0.468654 0.737451 1.09592 -0.239361 0.114905 0.768893 -0.0486087 
0.4914 0.907045 1.04556 0.33198 1.16368 -0.218009 0.354547 0.840611 0.44928 0.293497 0.297117 -0.0857484 
0.408159 0.697228 1.06234 -0.0575348 1.62113 0.166454 0.726696 0.277593 -0.158105 0.46982 0.395916 0.0549958 
0.576583 1.02648 0.578134 -0.200001 1.12803 -0.480881 -0.102479 0.780801 0.315038 0.151468 0.330896 0.137608 
0.696774 0.925763 0.525177 -0.0256295 1.4587 -0.573319 0.0441384 0.27381 0.703703 -0.118292 -0.274449 0.108551 
0.728889 0.821098 0.524936 0.279516 0.794086 0.506565 0.728647 -0.0146768 -0.0649217 -0.421539 0.273862 -0.101797 
0.74389 1.22451 1.07933 -0.0642028 0.778848 0.22162 1.3004 0.176752 -0.618525 0.165829 0.421588 0.00560339 
0.788775 1.21359 0.953208 0.0249191 0.00891406 0.348377 0.872314 0.472966 0.852059 0.356279 0.557389 0.0368829 
0.854583 1.2273 0.962297 0.468315 1.00343 0.321738 0.204718 0.368462 1.69903 0.221038 0.120924 -0.043579 
0.958253 1.09074 1.18573 0.828237 1.22372 0.460026 0.596712 0.992136 0.04179 0.222655 0.575047 -0.0349737 
1.29184 0.981046 0.24844 1.67268 1.02617 -0.425684 0.718721 0.888888 0.846571 -0.0263095 0.619512 -0.0395877 
1.54323 0.981288 0.223042 2.36804 -0.00939787 -0.537486 0.939494 0.477048 1.20967 -0.487647 0.62685 -0.0537183 
1.66581 1.55563 1.79084 1.31495 -0.130986 -0.452494 0.486551 1.16748 1.65816 -0.135312 0.616824 0.246345 
1.90015 2.07746 1.22764 1.1651 1.22514 0.0613135 0.503264 -0.254275 1.79208 -0.334275 0.160206 -0.0711135 
2.0319 2.37162 0.686506 1.28956 2.14272 0.486573 0.189798 -0.803978 2.49147 -0.485981 0.289723 -0.312935 
1.75196 2.55155 1.33556 1.40255 3.11046 0.304695 0.12002 -0.336678 2.42506 -0.871507 0.32138 -0.306519 
1.65886 2.82917 1.79673 1.2517 2.79398 -0.101748 0.205427 -0.182136 2.29217 -0.798236 0.42062 -0.214064 
1.59778 3.20001 1.76516 1.16788 3.0603 0.549981 0.78391 0.0727821 2.04603 -0.328667 0.418507 -0.230218 
1.66304 3.04961 1.88698 0.474796 3.27158 1.11205 0.947827 0.832396 1.59319 -1.15053 0.578865 -0.333686 
1.66941 2.90133 2.33612 0.52322 2.60099 0.699617 1.96086 1.45538 1.32756 -1.78812 0.449698 -0.278222 
1.65369 2.8813 2.04223 0.884162 2.9294 0.603592 1.66273 0.585465 1.54531 -0.830436 0.337573 -0.0931546 
1.54199 2.95512 2.09927 1.57651 3.15014 0.283934 1.51813 -0.0655332 1.47097 -0.606488 0.356943 -0.0365377 
1.68322 2.80549 1.99386 1.67308 2.73434 1.00028 1.79687 -0.369383 0.782369 -0.505898 0.296525 0.044301 
1.70601 2.8144 2.42299 1.64737 2.32556 1.57833 1.04037 0.0421723 0.00875714 -0.6106 0.329041 0.0280878 
1.76063 2.72475 2.63558 1.67415 2.82991 0.984507 0.836935 0.296816 -0.159978 -0.467296 0.252236 0.0340225 
1.76745 2.90755 2.72815 1.91538 2.61762 1.21375 1.04775 -0.0525656 0.0323364 -0.476113 0.201313 0.0156313 
1.69765 2.85168 2.60428 1.73561 2.65952 1.29596 1.47113 -0.0914323 0.0976286 -0.784723 0.289276 0.00397807 
1.61595 2.96331 2.71035 1.69758 2.87028 1.33775 1.33907 0.169961 0.486605 -1.15289 0.488545 -0.0905754 
1.7044 2.91567 2.59102 2.11182 3.33791 1.50846 0.495646 0.504427 0.809399 -0.90421 0.48108 -0.106265 
1.71718 3.08261 2.64754 2.20159 3.87588 1.17065 0.545664 0.758173 0.529367 -0.685115 0.355363 -0.160937 
1.57919 3.33256 3.24277 1.5718 3.70948 1.59787 0.709709 1.00029 0.815553 -1.12882 0.703452 -0.283897 
1.66641 3.31705 2.99558 1.80233 3.83475 1.65302 0.784855 0.205041 1.12685 -0.909073 0.529263 -0.173172 
1.71274 3.1976 2.71254 2.46694 3.73252 1.49033 0.810496 -0.206024 0.849228 -0.17562 0.192829 -0.0928778 
1.66095 3.39391 3.07462 1.96257 3.85628 0.449491 1.2705 0.107737 0.955751 -0.57822 0.199938 -0.0757238 
1.74767 3.3112 3.48094 1.61856 3.76056 0.468921 0.927743 0.291428 1.19249 -0.624011 0.211078 -0.0254511 
1.63076 2.93337 3.0652 2.18849 3.38121 1.5506 0.730216 0.810718 1.01346 -0.696892 0.436902 -0.0956046 
1.51856 2.99088 3.05611 2.26844 3.87466 1.49546 1.10389 0.987939 0.151636 -0.692466 0.523407 -0.189086 
1.57501 3.03925 3.36213 1.91561 3.68763 0.918989 0.846201 0.813418 0.321307 -0.711916 0.364219 -0.161799 
1.71593 3.18675 3.43212 1.67618 3.18452 1.64017 1.44394 0.248624 0.0825915 -0.635422 0.134342 -0.104095 
1.59006 2.95218 2.92746 1.88656 2.71047 1.51941 1.47355 0.815752 0.596343 -0.37432 0.303417 -0.0470936 
1.50787 3.03923 2.83682 1.74832 2.8078 1.49908 1.60541 0.500961 0.739701 -0.636818 0.480031 -0.0547579 
1.52228 3.10539 3.42124 1.81965 3.15907 1.13536 1.55447 0.793303 0.509869 -0.73322 0.532734 -0.0932979 
1.50574 3.07354 3.37488 2.3889 3.37472 1.54316 1.65467 0.371712 0.54819 -0.719947 0.500307 -0.104356 
1.61782 2.85007 3.39718 2.22094 3.40328 1.86074 1.08508 0.988097 0.635139 -0.349671 0.412752 -0.0264027 
1.65549 2.81113 3.36867 2.67763 2.80963 1.39264 1.41757 0.811565 0.829655 -0.375518 0.366578 0.0367102 
1.60765 3.00116 3.41169 3.08641 3.04368 0.775179 1.58362 0.0267573 0.202663 -0.434121 0.134497 -0.072547 
1.73874 2.92864 3.58832 2.43635 3.09728 0.985028 1.15226 0.746141 0.00617753 -0.879288 0.199859 -0.131891 
1.78248 2.73909 3.62439 2.16286 2.84177 1.64092 1.11033 0.260707 -0.103092 -0.611186 0.095956 -0.101015 
1.7912 2.59104 2.95398 2.4143 2.91551 1.876 0.966306 -0.357698 0.0442093 -0.568204 0.16549 -0.0506889 
1.59495 2.46025 3.07745 1.79582 3.29631 1.76102 1.2627 0.057695 0.769688 -0.365198 0.341633 0.0800784 
1.5903 2.33897 3.49053 1.40064 3.23099 1.13431 1.26883 0.690548 1.02942 -0.215088 0.241428 0.161132 
1.62062 2.34485 2.6982 1.66605 2.94188 0.964293 0.96387 0.602389 0.67045 -0.444781 0.300828 0.0462331 
1.51317 2.07592 2.44731 1.5393 2.2484 0.919769 0.845318 1.03759 0.489526 -0.496412 0.30053 0.00642356 
1.46953 2.39619 2.81117 1.52944 2.05751 1.21853 1.38941 1.15081 0.593589 -0.358731 0.4027 0.00476116 
1.48527 2.29661 2.65916 1.72571 2.16896 1.06918 1.84522 0.297807 0.581131 0.145136 0.133016 0.0575287 
1.47301 2.2713 2.75272 1.47492 2.71266 1.19304 1.64378 0.249732 1.48931 0.155846 0.104669 0.158452 
1.52538 2.23597 2.80142 1.84307 2.52605 2.02252 1.31012 0.636791 1.48582 0.268628 0.200216 0.145778 
1.6086 2.31739 2.9797 2.15202 2.11401 1.74501 1.42921 0.715654 1.22597 0.506291 0.245533 0.175063 
1.49411 2.49835 3.26861 1.90907 2.06742 1.69075 1.63521 0.466411 0.789601 0.318162 0.516958 0.225159 
1.31567 2.08929 3.0353 2.08824 2.07932 1.32015 1.89915 1.63534 0.943621 0.450893 0.706174 0.261786 
1.29739 2.11334 3.08932 2.43282 2.16757 0.853451 1.62797 1.35522 1.75627 0.200048 0.606168 0.35769 
1.38722 1.94206 3.00131 1.87816 1.92629 1.40212 1.9132 1.46235 1.49596 0.731743 0.374272 0.292829 
1.49965 1.77573 2.52608 1.71492 1.71807 1.71494 2.54612 1.29667 1.24001 0.448955 0.508856 0.273578 
1.52603 1.98327 2.56654 1.44809 2.14403 1.50255 1.96237 1.24932 0.448459 0.882606 0.577277 0.269659 
1.35931 2.24257 2.17594 1.70498 1.59031 0.961347 2.0301 1.34572 1.53963 1.06362 0.411724 0.290505 
1.31948 2.31273 2.42507 1.39974 2.57298 1.17235 1.46155 0.718294 2.26541 0.695298 0.306744 0.313787 
1.42288 2.27153 2.69219 1.27316 2.23026 0.102942 1.81352 1.17533 1.49084 0.467904 0.347889 0.281422 
1.47457 2.03333 2.48319 1.33743 1.89755 1.14073 2.26488 1.94248 0.620291 0.114999 0.171228 0.0304968 
1.39541 1.96854 2.78207 1.77877 1.67209 1.4073 1.46741 2.04856 1.10989 0.35624 0.0456258 0.0697165 
1.38588 2.05618 3.28591 2.04898 1.23306 0.852101 1.26247 2.17703 1.05417 0.448687 0.353571 0.18903 
1.37856 2.17307 2.42446 1.6652 1.36827 0.870936 1.80687 1.70736 1.24625 0.609697 0.462831 0.204434 
1.30844 2.16268 1.97533 1.38389 1.54629 0.405829 2.17726 2.11271 1.28635 0.638723 0.636582 0.240718 
1.26546 1.96171 2.3449 1.97858 1.86219 1.16302 2.00663 0.811032 1.07776 0.46442 0.780824 0.264861 
1.40648 2.11908 2.44995 1.72682 2.27632 1.5573 2.19237 1.01905 1.63322 0.566977 0.240415 0.235686 
1.33487 2.30583 2.5068 2.27116 2.68122 1.47243 1.70245 0.976641 1.31821 -0.0553893 0.601978 0.16528 
1.21473 2.02014 2.85601 2.7565 2.83144 1.44858 1.8172 1.39119 1.52595 0.339365 0.287029 0.255002 
1.32787 2.16405 2.95294 1.7351 2.558 1.16428 1.77706 1.02408 1.01781 0.721207 0.309578 0.245691 
1.30671 1.87433 2.85074 1.67903 1.98475 0.66815 1.56249 1.48648 1.33408 0.65055 0.363015 0.279043 
1.29128 1.88384 2.5928 1.21976 2.07186 0.652307 1.75636 0.981414 1.28978 1.1544 0.325907 0.324143 
1.20115 2.00352 2.51385 1.19234 1.41558 0.836969 2.40936 1.1451 0.57189 0.826276 0.718434 0.21503 
1.26613 1.70358 2.43194 1.33961 1.53354 0.497964 1.80954 1.29687 0.593239 0.60765 0.943173 0.254821 
1.40276 1.79033 2.43115 1.67683 2.24858 0.825452 1.2192 1.59609 0.505577 0.150863 0.361914 0.114303 
1.31581 1.43945 2.32851 1.68178 1.93895 0.883784 0.495094 0.615897 1.10033 0.706313 0.088743 0.0593604 
1.12854 1.43321 2.02492 1.62323 2.09315 0.388407 0.623922 1.48082 0.485031 0.391411 0.432971 0.0358813 
1.21405 1.3567 2.26738 1.69379 1.43387 0.135794 0.620928 0.732623 1.1434 0.642166 0.61952 0.190287 
1.3451 1.67794 2.24386 1.40632 1.23865 0.497257 0.960366 0.117415 1.48773 0.129008 0.882588 0.318413 
1.48577 1.94689 2.21772 1.28675 0.948921 0.0239096 1.28084 -0.00293971 1.50025 0.468821 0.531293 0.287318 
1.49179 1.83971 2.09977 1.42933 2.02951 -0.529995 0.451389 0.876637 1.38007 0.760457 0.59602 0.345674 
1.26986 1.83933 2.25711 0.741555 2.24802 -0.320009 1.73538 0.582654 0.897991 0.564162 0.798742 0.354845 
1.27284 2.15685 2.1208 0.676752 1.90734 0.804723 2.218 0.350449 0.573253 0.128031 0.757271 0.222268 
1.40881 2.06456 1.8611 0.873274 2.21321 0.479056 1.70624 1.46029 0.902522 -0.103594 0.711396 0.203444 
1.39375 2.10633 1.64906 0.810729 1.68806 0.28247 1.26033 1.21261 1.77275 0.107173 0.807912 0.203863 
1.2619 1.69557 2.04928 1.28881 1.29118 0.132875 1.6248 1.00224 1.27145 0.688368 0.733931 0.282953 
1.19587 1.60044 2.21025 0.861538 1.86391 1.26343 1.86534 0.712772 0.251099 0.696154 0.413121 0.163888 
1.36713 1.06758 2.46492 0.518498 1.94433 1.22068 1.74943 1.74366 0.44367 0.629627 0.300702 0.0677089 
1.30217 1.19936 2.06184 1.07516 1.23226 1.02532 1.85724 2.19606 1.43944 0.535235 0.117059 0.111969 
1.21588 1.46727 2.20813 1.11233 0.633847 0.166023 0.777795 0.885155 1.14911 0.349754 0.134111 0.11735 
1.07873 1.46145 1.37768 0.380402 0.545703 -0.205255 1.01196 0.602108 1.58013 -0.320209 0.548036 0.00902706 
1.12228 1.1718 1.80311 0.7421 1.15121 0.00271794 1.20713 0.911224 1.45103 0.430433 0.817013 0.188583 
1.25499 1.32514 1.99155 0.935949 1.04281 0.246022 0.453149 1.24204 1.16636 0.428808 0.862959 0.203957 
1.15355 1.58213 1.42102 0.500816 1.52758 0.580696 0.0255659 0.337216 1.0804 -0.294326 0.770026 0.0199405 
1.02584 1.20464 1.46322 0.916149 1.11183 0.516852 0.367502 0.774978 0.75574 -0.127083 -0.0939394 -0.0576258 
0.986024 1.06775 2.07868 1.11191 1.42241 0.6391 1.24748 0.76806 0.491859 0.483936 0.426507 0.0705383 
1.02085 1.59158 2.05701 0.644514 0.75387 0.904432 2.03139 1.45161 0.990986 0.418909 0.751714 0.0776974 
0.99812 1.62527 1.92906 0.99539 0.317493 1.45077 1.86261 1.32929 1.38933 0.251422 0.470502 0.0944437 
1.04908 1.8032 1.55558 0.737613 1.13511 1.16596 1.34675 1.38137 1.32377 0.440999 0.729167 0.117103 
1.26709 1.88434 1.65222 0.54158 1.71102 0.758969 0.225432 0.849507 0.665303 0.605286 0.915648 0.210798 
1.17753 1.78569 1.94862 0.786447 1.77771 0.78362 0.413938 -0.663711 0.957201 0.53189 0.482915 0.211194 
1.14968 1.9714 1.6425 0.405018 0.453382 0.835334 1.33735 -0.499435 1.52383 0.258126 0.209118 0.114204 
1.12915 1.48038 2.03813 0.182772 0.950599 1.13476 1.79817 0.243698 1.60817 0.392226 1.15913 0.276278 
1.11247 1.56611 1.74922 1.09483 0.797059 0.607201 1.33495 0.348185 1.60691 0.95009 0.773402 0.192312 
0.878484 1.6695 1.89082 0.682997 0.47146 0.267033 1.01715 -0.30814 1.38086 0.754864 0.158029 0.099644 
1.0604 1.23427 1.46597 0.668837 1.39258 0.557054 0.572374 1.04114 0.609552 0.00928857 -0.196975 -0.0102938 
1.03217 1.38432 1.3504 1.82505 1.25881 1.00866 0.80898 1.09856 1.57513 0.0232995 0.077728 0.0815565 
1.08552 1.63415 1.46416 1.56702 0.887566 1.16475 0.82636 -0.297931 1.17016 0.0847036 0.0192541 0.0187809 
0.987705 1.53889 1.59301 0.767285 1.22539 0.759934 0.908071 -0.0959367 0.379128 0.474538 -0.23629 -0.00768158 
0.963325 1.5352 1.96904 0.977216 0.934714 -0.507458 1.14637 0.634744 1.13128 0.570214 0.220125 0.13991 
1.07638 1.69084 1.69681 1.00364 0.983155 -0.708116 0.913523 1.04206 1.0871 0.591862 0.368743 0.164615 
1.03379 1.54156 1.22464 0.621256 0.992558 -0.544861 0.327259 1.1779 1.0179 0.915985 0.662907 0.12361 
