1.04696 1.41347 2.02038 0.78889 1.6392 0.577291 1.66405 1.10095 0.412583 0.0971377 0.390532 0.0639959 
1.09841 1.54327 2.35978 1.31427 1.4349 0.747376 1.63402 0.729972 0.925331 0.122858 0.273638 0.120849 
1.02444 1.38533 2.46568 1.03398 1.09395 1.05305 2.03018 1.24482 0.694434 -0.0351304 -0.137774 0.0455418 
1.00503 1.64621 1.71603 0.227754 0.732384 1.10206 2.46758 0.927591 0.529608 0.0369967 0.0716372 -0.0632332 
1.03151 1.30063 1.89307 0.3585 0.64267 1.57888 1.65513 0.538461 0.743393 -0.0371573 0.153134 0.0532573 
1.11446 1.29537 1.8155 0.603761 1.37669 1.68318 1.95998 0.977308 0.549666 0.442555 0.302817 0.0939965 
1.17431 1.45778 1.82372 1.1438 0.663801 0.580879 1.82943 0.640201 1.31573 0.565267 0.322427 0.130468 
1.05446 1.23793 2.08134 0.985657 1.25987 1.0257 0.841053 -0.404898 1.02896 -0.100594 -0.104686 0.112727 
0.98022 1.54624 1.76832 1.39429 1.56882 0.103211 0.537888 -0.613603 1.0713 0.317316 -0.0304237 0.0162642 
1.01256 1.52172 1.88534 0.778422 1.19717 0.494918 0.885012 -0.0681453 0.352738 0.429307 0.235641 0.054389 
0.989312 1.35818 1.38827 0.840073 1.35052 0.668831 0.335512 0.554653 1.53069 0.369431 0.184304 -0.0218016 
0.941879 1.03708 1.65209 1.67905 1.62314 0.381701 0.777601 0.985519 1.28396 0.255321 0.261677 0.0555107 
1.00117 1.46517 1.64005 0.634131 1.15757 0.0641828 1.60967 1.06322 1.03987 -0.384858 -0.0190764 0.0511459 
1.13272 1.78211 2.06631 0.180576 1.43437 0.838492 1.91295 0.600261 1.1232 0.410286 -0.247243 0.108691 
1.06636 1.48861 1.71641 0.0467401 1.55881 0.508671 1.83312 0.761114 -0.591068 0.384032 0.210777 0.0308938 
1.12695 1.27432 1.46057 0.62472 1.69374 0.573645 0.679553 1.24468 0.453948 0.308254 0.203246 0.0609483 
1.06835 1.13555 1.62398 1.00481 0.925679 1.32064 0.966813 0.911379 1.0178 0.6272 0.363637 0.067188 
0.976972 1.15427 2.23109 0.891482 1.37231 1.09147 1.31514 0.941592 0.570553 0.26524 -0.00852766 0.0449499 
0.813059 0.781583 1.78482 0.290437 1.12273 0.511661 1.69673 0.342137 0.799413 0.616494 -0.182434 -0.0855862 
1.00297 1.00189 1.84175 0.175232 2.13805 -0.149385 2.38938 1.50495 1.27875 0.282011 -0.130695 0.223538 
0.930277 1.35463 1.85618 0.569403 1.8959 1.26567 2.00554 0.970672 1.16906 0.188737 -0.215936 0.144938 
0.958303 1.45332 1.41461 0.706768 1.51863 0.626233 1.68046 1.20426 1.23457 0.172357 0.0122753 0.0187557 
1.12598 1.02234 1.94257 0.107467 1.35771 -0.309422 1.98842 0.941153 0.577316 0.245234 0.0221567 0.192195 
0.85016 0.857209 2.49282 -0.0262716 0.442371 0.711884 2.28344 -0.0933256 0.838293 0.205553 0.196248 0.197893 
0.759534 0.802545 2.63416 0.022964 0.434247 -0.165825 1.41638 0.528102 1.40254 0.949511 0.2879 0.211372 
0.51979 -0.0347905 3.66243 0.509789 -0.8411 0.933948 2.37727 0.397876 1.12589 0.205643 -0.337914 0.175072 
0.328363 0.147235 4.21727 1.61984 -1.58777 2.15659 3.34708 0.361763 0.672807 1.16414 0.130052 -0.0878105 
0.130096 0.459562 5.0533 1.04196 -1.54089 3.37711 3.05405 -0.022604 0.456955 1.47039 -0.424087 -0.00780547 
-0.136932 0.213945 5.13448 0.394605 -1.34357 1.25713 2.02311 -0.213223 0.342046 0.809619 -0.423405 0.212711 
-0.2875 -0.0538052 4.84802 0.276727 -1.30407 1.35007 3.1607 -0.416109 -0.105967 1.0293 -0.338877 0.13467 
-0.195333 -0.0561211 5.1362 0.843185 -1.41752 1.05765 3.18141 0.30179 -0.766784 1.7224 0.127792 -0.291839 
-0.254757 0.487427 4.8203 0.911686 -1.19962 1.42644 2.79026 0.0556138 -0.423071 1.56543 0.0739439 -0.248792 
-0.295394 0.615405 4.31015 0.844779 -1.60919 1.78128 3.01062 -0.172039 -0.171034 1.46169 -0.269872 -0.31609 
-0.379383 0.228194 4.94582 0.685799 -1.26042 1.56857 3.17511 -0.506429 -0.49863 1.92493 -0.594095 -0.267165 
-0.606117 0.585254 4.5348 0.450402 -2.07002 1.91298 2.94994 0.0921936 -0.125337 1.84552 -0.653909 -0.34091 
-0.738441 0.513412 3.53594 1.2262 -2.15678 1.60402 2.4164 0.0669868 -0.0359739 1.24384 -0.187237 -0.185721 
-0.553577 0.207229 4.88107 0.236372 -2.03069 1.85642 2.62712 0.0401534 0.0139541 1.71175 -0.375684 -0.0687816 
-0.629062 0.26002 4.87663 0.559368 -1.15196 1.79219 2.34773 0.12284 0.0391788 1.43318 -0.27902 0.0705002 
-0.53421 -0.0425114 4.91027 1.27963 -0.959949 1.49242 1.96124 -0.383166 -0.614819 1.22403 -0.17021 -0.15708 
-0.508906 0.115054 4.9362 0.644882 -0.953989 0.932219 2.79492 0.151613 -0.807915 1.59047 -0.0634785 -0.368871 
-0.527461 0.472679 5.13027 0.115726 -1.01817 1.18857 2.90076 0.694477 -0.335322 1.61374 0.119992 -0.357196 
-0.552456 -0.328931 4.88914 1.35126 -0.537001 1.82994 2.11475 0.25388 -0.647753 1.0414 0.191712 -0.163329 
-0.445333 -0.530752 4.56433 1.91747 -0.345534 1.76456 1.29594 -0.390019 0.101612 0.444658 0.118118 -0.0740673 
-0.412771 -0.287438 5.03658 0.67843 -0.106819 1.26252 1.16482 -0.240354 -0.648346 0.459749 -0.0892373 -0.134103 
-0.411238 0.273428 4.86938 0.724022 -0.406386 0.921435 2.33077 0.847596 -0.715029 1.4009 -0.107893 -0.0536254 
-0.412358 0.407045 4.21694 0.522545 -1.4248 1.88511 2.05382 1.32256 -0.0169838 1.00413 0.027301 -0.111297 
-0.2159 0.308586 3.89036 0.854258 -2.43525 2.23911 2.64166 0.775388 0.698541 0.840585 0.239704 -0.262322 
-0.0311019 0.304449 3.32559 0.824539 -2.06466 0.798026 3.15982 1.11217 0.151671 1.24797 0.148048 -0.376326 
0.169097 0.337311 3.44339 0.721099 -1.57247 -0.187042 3.25851 0.940788 -0.223978 1.6654 0.0295993 -0.267848 
0.286849 0.847993 3.83202 0.669628 -1.69005 0.997153 3.04774 -0.301181 0.685824 0.945331 0.0685952 -0.386364 
1.11741 1.04011 3.41321 0.711728 -0.617314 1.5656 1.29843 -0.233322 0.18019 0.344231 -0.218264 -0.244584 
1.70953 1.2775 2.6002 1.10466 -0.10419 -0.13554 0.690925 0.170004 0.642797 0.309726 -0.439838 -0.272755 
1.68074 1.3541 3.10692 1.34492 -0.493228 -0.330763 1.05457 0.399314 -0.151163 1.18886 -0.335055 -0.463297 
1.93841 1.42562 2.63754 1.62414 -0.540927 -0.0517482 0.189069 0.326315 0.59576 1.08327 -0.362274 -0.410102 
1.93915 1.55695 2.07919 2.42763 0.0884649 -0.65774 0.451821 -0.48364 1.63016 1.29295 -0.61358 -0.516493 
1.85437 1.54682 1.99452 2.40416 -0.0261394 -1.03196 0.567405 -0.736618 1.41868 1.44789 -0.662689 -0.565609 
2.07496 1.27167 2.43538 0.944287 -0.0833954 0.0802128 0.450248 0.190453 0.701394 1.22437 -0.342775 -0.522804 
2.33101 1.08203 1.62533 1.06323 -0.215532 -0.395275 -0.252519 -0.267186 0.6937 1.07359 -0.0705594 -0.444136 
2.16592 1.43452 1.51276 1.95733 -0.043932 -1.19434 0.354416 0.130249 0.615302 1.33207 -0.0793311 -0.513928 
2.52368 1.24711 0.753671 1.48906 0.687253 -0.722546 -0.55864 -0.674654 1.50855 1.26045 -0.0555046 -0.519354 
2.55534 0.981858 1.35362 1.85853 0.165401 -0.724529 -0.579674 -0.675623 1.16533 1.55987 -0.0427756 -0.62845 
2.31515 1.01003 1.81223 1.8575 1.05578 -1.75181 -0.272132 0.524983 1.21043 1.1393 -0.409566 -0.503236 
2.49861 1.09774 0.770917 1.88906 0.637073 -1.28569 -0.327988 -0.40625 1.49607 0.922377 -0.19926 -0.492892 
2.50767 0.911656 0.545374 1.67467 0.430586 -0.40466 0.128458 -0.937941 1.30831 1.09055 -0.0513607 -0.532231 
2.79599 0.186419 1.09972 1.37421 0.723252 -0.779666 0.834086 -0.513327 0.917076 1.35629 -0.201264 -0.535012 
2.39464 1.17843 1.142 1.96524 0.578875 -0.0193964 0.411066 0.0574363 1.3553 0.852203 -0.232338 -0.459204 
2.28818 1.50765 1.23897 2.10846 0.864328 -0.367469 0.306404 -0.307073 1.31682 1.10113 -0.00416614 -0.370615 
2.39712 1.30005 1.12985 1.87919 1.29758 0.259705 0.574747 -0.0988545 1.76043 0.816007 -0.382437 -0.502286 
2.66253 1.00988 1.38153 2.01425 0.270232 0.000861968 1.15446 -0.626811 1.32782 1.18305 -0.0397143 -0.354904 
2.44673 0.961596 1.41318 1.71643 1.15135 0.124625 0.834834 0.0455357 1.3366 1.36071 -0.0599167 -0.455064 
2.45909 1.20652 0.61293 1.17876 1.53104 0.0877969 -0.266574 0.0493796 1.73917 1.04505 -0.134285 -0.426781 
2.41509 1.52359 -0.212039 1.06755 1.12551 0.318197 -0.0822095 -0.0667033 2.18585 0.316553 -0.390745 -0.597526 
2.39511 1.25635 -0.0180184 1.4056 1.04879 0.280495 0.3923 0.19602 1.78701 0.210697 -0.491349 -0.542918 
2.52958 0.891316 -0.220374 2.05398 0.49055 0.181237 0.774381 -0.189528 1.73781 0.596855 -0.321599 -0.691931 
2.42314 1.3552 -0.527599 0.902257 1.32474 0.247735 -0.262959 0.174021 1.64816 0.476461 -0.324844 -0.538441 
2.80757 1.35236 -1.19278 1.71261 1.09158 -0.274959 0.334549 -0.237714 1.85608 0.357698 -0.154099 -0.672541 
2.69006 1.15428 -0.418649 1.40681 1.04055 -0.0936035 0.0665285 -0.0445449 1.56224 0.72138 -0.190738 -0.557907 
2.75209 1.24698 -0.507581 1.47892 0.882798 -0.113632 -0.00433675 -0.0901079 1.48085 0.894176 0.0120441 -0.511711 
2.87922 1.42671 -0.949287 1.33275 1.45678 -0.607658 -0.436665 0.0270957 1.56026 0.896574 -0.0105503 -0.44824 
3.04815 1.23799 -1.1687 1.20494 1.22505 -0.811164 -0.343786 -0.170636 1.66964 0.943429 0.0969497 -0.44535 
2.89438 1.19567 -0.963615 1.15256 0.890813 -0.669078 -0.182755 -0.432872 1.5763 0.946239 0.134453 -0.505774 
2.96482 0.985443 -1.12452 0.949627 0.307097 -0.497126 0.104741 -0.568356 1.40647 0.763235 0.0128 -0.582898 
3.03618 0.697696 -1.20465 0.974234 0.168651 -0.246729 0.645025 -0.696127 0.975693 0.693038 0.0640159 -0.592377 
2.97072 0.857359 -1.16557 1.30228 0.405319 0.117711 1.12994 -1.00315 0.893005 0.588492 0.193258 -0.638457 
2.78724 1.00119 -0.708796 1.47946 1.49367 0.196012 1.00015 -0.473951 1.33839 0.650385 -0.0762263 -0.646392 
2.53821 1.18412 -0.415453 1.77506 1.29095 0.086487 0.947515 -0.143567 1.10561 0.952321 0.251789 -0.509017 
2.70319 0.774911 -0.706391 1.97594 1.24467 -0.449442 1.4853 0.0850289 1.32003 0.638623 0.3125 -0.415844 
2.50739 0.768063 -0.613461 1.88297 1.39772 -0.473732 1.61821 0.421083 1.3411 0.727645 0.376512 -0.292614 
2.34512 1.1724 -0.312817 0.954769 1.73772 -0.198798 1.10709 0.898819 1.16158 1.15861 0.380809 -0.0620494 
2.68938 1.232 0.167832 1.11006 2.82439 -0.733315 1.37591 0.538385 0.896277 1.18689 0.147145 -0.0723396 
2.67967 1.25891 0.192547 1.53653 2.94345 0.573073 1.96776 0.339905 -0.0382426 0.363894 0.178113 0.0111402 
2.68828 1.3337 -0.174514 1.20268 2.9384 0.146498 1.96467 0.391883 0.265681 0.469924 0.188695 0.115281 
2.59453 1.38865 -0.294519 1.04414 2.72758 1.07926 1.1198 0.310018 0.602174 0.771369 0.265474 -0.0614492 
2.6669 1.51304 -0.00365325 0.901707 2.27143 0.855482 1.84054 0.144219 0.884441 1.20061 0.51527 -0.0846892 
2.55863 1.34987 0.164997 0.951679 1.91285 0.785717 1.27572 0.127894 1.0061 1.39836 0.60934 -0.0658048 
2.5441 1.50162 0.148005 0.818316 2.3402 1.18761 0.766874 0.235862 0.964816 1.26659 0.413922 -0.150666 
2.42546 1.72265 0.0742932 0.72886 2.19917 1.10011 1.17737 -0.119212 1.01201 1.09875 0.298216 -0.215928 
2.33347 1.46317 0.558969 0.503727 2.18033 1.54847 1.81022 -0.555159 0.44316 0.959898 0.162065 -0.192083 
2.24943 1.3825 0.123322 0.72392 3.15437 2.57793 1.74941 -0.227899 0.421599 0.385558 -0.0604434 -0.229135 
2.28213 1.33829 0.620345 0.517298 2.65811 1.14829 1.94115 -0.310079 1.08613 0.458133 -0.364649 -0.249737 
2.37015 1.57837 0.843925 0.299049 2.1233 1.08119 1.64703 0.413365 0.844393 0.735007 -0.0768327 -0.190241 
2.28096 1.37783 1.44344 0.703278 2.4218 1.98786 0.868108 0.112834 1.30642 0.551133 -0.0755456 -0.108281 
2.20498 1.70074 0.459895 0.507013 2.7006 2.50653 1.62237 0.00883874 0.781421 0.398842 0.245543 0.0377139 
2.19086 1.62213 0.500798 0.500999 2.6617 2.01176 2.41848 0.409102 0.234242 0.837705 0.385782 0.20239 
2.0289 1.9349 0.520228 0.730545 2.06706 1.52775 1.73685 0.555386 1.36063 0.800314 0.347449 0.053872 
1.9339 2.01683 0.375007 0.587752 1.83866 0.740788 1.60213 0.587812 1.69447 1.09546 0.494562 0.0840849 
1.96765 2.07733 0.679861 0.491711 2.18798 0.407465 1.82669 0.675248 1.13219 1.44736 0.295864 0.130045 
1.84829 2.10251 1.37173 0.642875 2.67492 1.79909 1.7497 1.17807 1.26247 0.486423 -0.0462851 -0.0531307 
1.98993 1.91751 1.71189 0.600606 1.99464 1.39349 1.75768 0.933918 0.943934 1.04106 -0.0822599 -0.114432 
2.02724 2.11468 1.29195 0.214837 1.85254 0.539907 1.83558 0.534616 1.06553 1.26716 0.0601358 -0.00328365 
2.065 1.93112 1.31849 0.355982 1.8276 0.344768 1.43233 0.99401 1.75205 0.650407 0.134038 0.0516808 
1.97146 2.09654 1.84793 0.586802 1.34744 1.26746 0.959788 0.946627 1.77656 0.2834 -0.0363908 -0.0857297 
2.00644 2.15849 1.49873 0.501359 1.64453 1.91353 1.54285 0.940922 0.808303 0.0465479 -0.321417 -0.216865 
1.90188 2.02342 1.7429 1.21695 2.28416 2.50019 1.56972 1.03871 0.581905 -0.0924886 -0.267742 -0.140498 
1.8435 2.0077 1.59298 1.32481 2.86494 1.5838 1.36915 1.06706 0.355998 0.220299 -0.319227 -0.183016 
1.88456 2.30314 1.35306 0.984181 1.78093 1.56303 1.42686 0.604308 0.656942 0.205002 -0.0728753 -0.0896337 
1.78987 2.26172 1.43855 0.623954 2.08208 1.68622 2.21273 0.509169 1.26218 0.480253 0.0169116 0.0472451 
1.7089 1.68042 1.36455 0.712134 2.69039 2.24259 2.32288 0.428731 1.41563 0.00347673 0.0311565 0.150923 
1.61454 1.97526 1.66311 0.397058 2.45433 2.09581 1.72677 0.712842 0.970678 0.243964 0.125833 0.120155 
1.8623 1.95525 1.44447 0.552581 2.03853 1.30512 2.26771 1.02233 0.712088 0.639852 0.116305 0.131658 
1.77396 1.46535 1.55357 0.749428 1.57684 1.28437 1.99927 1.19114 1.24679 0.676142 0.317486 0.186638 
1.53584 1.6138 1.88104 0.592203 1.72519 1.73098 2.93064 0.963005 0.853087 0.119431 0.753419 0.422559 
1.49888 1.95467 2.18796 0.978021 1.64969 1.28751 2.51929 1.34315 0.82758 0.60609 0.660851 0.298479 
1.52743 2.04922 1.92155 1.51834 2.13964 1.76018 2.12367 1.55184 1.33298 0.703808 0.210555 0.179395 
1.56016 2.17339 2.28637 1.16986 2.52609 1.45635 3.05007 1.64003 0.65374 0.577631 0.0811449 0.182503 
1.47867 1.97584 2.41963 1.60697 1.79757 1.26115 2.18641 1.48501 1.08576 0.62532 0.335363 0.201591 
1.46588 1.75599 2.5697 0.750373 2.08426 1.38608 1.94232 1.27225 0.794081 0.622262 0.358794 0.215851 
1.44728 1.65797 2.66924 0.946491 1.98955 0.838763 2.69892 0.84992 0.734984 1.24688 0.314294 0.29352 
1.28246 1.89326 2.70912 1.2309 2.13944 1.22158 2.52822 0.863445 0.420796 0.914442 0.537164 0.264161 
1.18871 1.82091 2.55488 1.04923 2.68096 2.13462 1.36394 0.421324 1.16889 0.432064 0.363898 0.265496 
1.40149 1.89579 2.46749 0.508544 1.85777 1.69634 1.15227 0.737546 1.14961 0.657102 0.583308 0.306837 
1.38145 1.95124 2.42389 0.914498 1.24812 0.85043 1.88485 1.037 0.864801 0.589488 0.541544 0.200322 
1.25745 1.8911 1.9754 1.16525 1.20637 1.42136 1.45909 0.612195 1.33803 -0.00234927 0.547152 0.126871 
1.23836 1.92227 1.97254 1.49767 1.81845 1.72621 1.45599 0.76815 1.68067 -0.0373187 0.0176858 0.0896425 
1.30315 1.93483 1.67738 2.04275 2.19736 0.943133 1.33726 0.893474 1.18857 0.888518 -0.214735 0.0988277 
1.24463 1.66383 1.48636 1.08776 1.44475 0.844568 1.40225 0.692803 1.37395 0.757227 -0.163 0.0679818 
1.26562 1.95593 1.72013 1.05738 1.85959 0.432019 1.39627 1.29996 1.705 0.279993 0.688948 0.202302 
1.3342 2.02807 2.35563 1.76069 1.73861 1.53234 1.99112 1.13336 1.34521 -0.628945 0.714161 0.152985 
1.29446 1.69184 2.68121 1.09544 1.8391 1.94547 2.50256 0.845881 0.950567 -0.247207 0.402044 0.210628 
1.32016 1.86446 2.48506 0.984436 2.25967 1.29066 2.22118 1.45193 0.935304 0.498822 0.360129 0.221077 
1.46915 1.94465 2.06356 1.76286 1.31752 0.530008 1.76559 1.66164 1.48994 0.417286 0.396498 0.197545 
1.29869 1.65512 2.08914 1.32566 1.14878 -0.0604152 2.34495 0.785568 1.11306 0.704423 0.775121 0.288363 
1.29168 1.77201 2.22651 0.606672 1.2735 0.109361 2.23699 0.795286 0.17215 1.14855 1.00465 0.309006 
1.27638 1.70068 2.28785 0.54209 2.80576 1.19934 1.71661 0.720272 -0.0292323 1.0121 0.665605 0.277474 
1.19765 1.75785 1.98587 0.70205 2.0591 1.19972 1.35979 -0.356876 1.51927 0.634986 0.567448 0.322592 
1.17717 1.58401 2.1796 0.747591 1.68283 0.594578 2.16517 0.713492 1.13715 0.849725 0.39271 0.263364 
1.05966 1.7949 2.10156 1.1839 2.11277 0.656474 1.39209 0.558301 1.33228 0.767802 0.289456 0.221669 
1.11386 1.63403 2.09316 1.36709 2.52956 0.430916 1.8354 1.14549 0.756737 0.167535 -0.237879 0.137051 
1.14509 1.7738 2.30614 1.0394 2.80223 0.666702 1.93842 1.18091 -0.0877087 0.441065 -0.249441 0.0647873 
1.19786 1.72226 2.26105 1.12414 2.83283 0.65463 1.31008 1.46345 0.668531 -0.0539467 0.13899 0.0621917 
