0.378636 0.970239 1.44846 1.03427 -0.166932 -0.229809 -0.396522 0.481691 0.03499 0.124497 -0.0372029 0.127654 
0.413206 1.19159 1.39296 1.18712 0.616134 0.562259 0.177503 1.34157 1.04282 -0.207594 0.523376 0.0385627 
0.413683 1.40442 0.770969 0.436138 0.25195 1.32406 0.938468 0.376472 1.20095 0.100131 0.412547 0.0466954 
0.47538 0.866306 0.86782 0.0916285 0.703352 0.95647 0.790688 -0.451381 1.3996 0.873772 0.256277 0.111303 
0.356269 0.856362 0.759311 0.911103 0.0972096 -0.742064 0.091522 -0.173439 0.846475 0.763247 0.207847 -0.00173162 
0.462721 0.747182 1.35713 0.714127 0.422293 -0.167926 0.738527 0.335844 0.263638 0.54059 0.202023 -0.10358 
0.494829 0.815154 0.942219 0.804082 0.54039 0.459951 0.77807 -0.426038 0.339061 0.702718 0.376816 -0.155158 
0.455623 0.935679 0.820228 0.688564 1.06723 0.263172 1.02983 0.426036 0.848683 0.518968 0.256062 -0.186217 
0.463155 0.964392 1.02747 1.03659 1.25099 0.394168 1.25842 0.629116 0.0649976 0.138835 -0.0616152 0.0327365 
0.446694 0.820099 1.02363 1.14585 0.821624 0.0908344 0.734886 -0.549727 -0.136398 -0.053744 -0.161742 0.0398693 
0.578706 0.861251 0.710311 0.900406 0.662988 0.877951 0.755239 -0.12448 -0.376459 -0.170541 0.176484 0.119891 
0.543284 1.08806 1.17612 0.792666 0.00962273 0.471879 0.270596 0.535221 0.871719 0.115572 0.213647 0.236875 
0.38483 1.0945 1.56962 0.824346 1.63785 1.86756 0.737585 0.253851 0.557093 0.788848 -0.148572 0.280309 
0.191279 0.58436 2.26858 -0.666257 0.518951 1.91719 0.935155 1.03013 1.79425 0.21269 -0.0787691 0.265851 
-0.025707 0.382762 2.87978 -1.46601 0.485682 1.45804 -0.0416504 0.712297 1.94643 0.409913 -0.0664285 0.237009 
-0.181673 0.0705839 2.96182 -1.49486 0.810083 1.14988 1.00115 0.158293 0.354294 0.671804 -0.158461 0.402488 
-0.545142 -0.105118 3.01296 -2.73541 1.27497 1.75037 0.220148 -0.240777 0.928011 0.402077 0.468747 0.462622 
-0.661054 0.0502356 3.05214 -1.70951 1.61469 1.92437 0.348699 -0.65194 0.457224 0.467186 0.319292 0.401234 
-0.873698 -0.0111638 3.33186 -0.0784544 0.541469 1.6194 2.0004 -1.05571 0.0130625 0.713013 0.00138715 0.329232 
-0.875007 -0.307027 3.49356 0.176698 1.36426 0.831401 0.639704 -0.955408 0.621098 0.896857 -0.00722898 0.384289 
-0.866234 -0.689545 2.94052 -0.554861 1.39623 0.690596 -0.866462 -0.931401 1.8955 0.624772 -0.076153 0.320445 
-0.936696 -0.680415 2.74252 -1.6311 0.522378 0.440857 -0.371932 -0.604908 2.94335 1.39258 -0.275579 0.505388 
-1.06642 -0.471561 2.99027 -1.8667 0.341946 0.392394 -0.720952 0.641798 2.54669 1.17426 0.0937462 0.45204 
-1.24224 -0.249002 3.7601 -1.41391 0.198775 0.262182 0.73532 0.101384 1.02987 1.08683 0.302394 0.361352 
-1.42334 0.220275 4.00919 -0.193347 1.98791 0.858561 0.104144 0.00677018 0.343677 0.681694 0.0161926 0.142078 
-1.51262 0.0539353 3.5049 -0.23024 1.49085 0.322734 -0.622029 0.566238 0.481454 0.264996 -0.102986 0.146076 
-1.35709 0.0325877 3.53832 -1.12415 0.154882 0.877449 -0.00926766 1.06409 0.947954 0.649953 -0.0526453 0.352041 
-1.39928 0.0600041 3.72747 -1.46442 -0.512761 0.686895 0.582158 1.35305 0.93154 0.721516 -0.0162776 0.457117 
-1.26287 0.00427492 3.70792 -1.39787 -0.3541 0.283582 0.798195 1.45668 0.7596 0.599295 -0.0461512 0.579516 
-1.44493 -0.381058 4.15826 -1.03014 0.732165 1.1234 0.9553 0.648606 0.556634 0.297746 0.0500998 0.438943 
-1.54808 -0.212032 3.80227 -0.629189 1.88755 1.3183 1.04684 0.396843 -0.101349 0.495704 0.217426 0.226164 
-1.2712 0.149321 3.05457 -0.639164 1.33816 1.02807 0.853419 0.906212 -0.239743 0.683638 0.224177 0.247495 
-1.20581 0.199736 2.7712 -0.830345 1.71823 0.464663 0.110724 1.30656 -0.0582292 0.643434 0.173776 0.332795 
-1.28164 -0.208249 3.02086 -0.665816 1.18322 0.665726 0.226038 1.11087 0.345215 0.357603 0.0471113 0.551087 
-1.2754 -0.70098 3.13255 -0.146729 0.808933 0.5093 0.481392 1.09603 0.483134 0.190605 0.317918 0.466833 
-1.25762 -0.51891 3.3074 -0.748009 1.0208 0.784395 0.909815 0.93835 0.543299 0.357809 0.240829 0.462838 
-1.25739 -0.528867 3.27327 -0.992876 0.313662 0.417625 1.11327 1.11195 0.875768 0.291965 0.103179 0.460665 
-1.22934 -0.839068 2.2027 -0.554796 0.465209 -0.359941 1.09317 0.461724 1.52577 0.742719 0.206928 0.305772 
-1.29607 -0.741415 2.27231 -1.27286 0.497903 -0.00371199 0.0709027 1.22204 1.79712 0.642662 -0.00262279 0.30851 
-1.36388 -0.525005 2.44298 -2.07401 -0.0491366 -0.11746 0.991496 1.30792 1.63704 0.64532 -0.377713 0.218073 
-1.33074 -0.658132 1.97775 -1.72556 0.640879 0.0285331 0.999997 1.146 1.77035 0.710285 -0.515747 0.290424 
-1.20631 -0.735884 1.96557 -1.62345 1.42137 0.401384 0.532235 0.638929 1.09918 0.348642 -0.347311 0.257793 
-0.909412 -0.928773 1.96837 -2.26279 0.964 0.298116 0.317689 1.9753 0.953384 0.138587 -0.157247 0.0333125 
-0.364889 -0.209199 2.39341 -2.12132 1.19923 0.500427 0.357231 0.782519 1.27068 -1.11393 -0.418452 0.0596973 
-0.13412 -0.200418 2.7138 -1.67777 0.617226 0.0959373 1.16892 0.779828 1.10608 -0.620599 -0.557385 -0.15181 
0.420213 -0.025548 2.34968 -1.94088 1.59505 1.72165 1.42436 0.649066 1.54555 0.112789 -0.563927 -0.364282 
1.33468 0.263407 0.607693 -1.81319 2.25319 2.22567 1.17577 0.727287 1.30096 0.138898 -0.420534 -0.424541 
1.61236 0.269964 -0.00927821 -1.62723 2.71724 2.38278 1.12603 0.932136 1.38076 0.163574 -0.225029 -0.446441 
1.80325 0.226232 -1.03532 -1.51925 3.31264 2.44072 0.433571 0.953826 1.43898 -0.191031 -0.24538 -0.624916 
1.78315 0.045183 -0.514218 -1.48551 3.45191 2.38826 0.359079 1.09856 1.25755 -0.144145 -0.44452 -0.639015 
1.5901 -0.0707972 0.118264 -1.47915 3.34159 2.71724 0.156897 1.4344 0.880512 -0.183361 -0.294 -0.631473 
1.4182 0.154312 0.53901 -1.60426 3.34413 2.68122 0.467478 2.12129 0.472425 -0.364233 -0.00719718 -0.443189 
1.11751 0.526531 0.320369 -1.23378 3.69607 2.33118 1.41408 2.10621 1.175 -0.216867 0.308005 -0.168272 
1.15853 0.441406 1.03848 -1.5634 3.05219 2.38669 1.23738 1.721 1.02347 0.295833 0.179083 -0.16282 
1.06904 -0.0164309 0.929364 -0.82722 2.447 1.78641 1.6862 1.91982 1.24796 -0.32592 -0.0379841 -0.210032 
0.938073 -0.0650801 1.2837 -0.499806 2.75774 1.865 0.911986 2.02389 1.7954 -0.494674 -0.386933 -0.22132 
1.06686 0.269625 1.087 -0.826202 3.04956 2.31221 1.29665 1.60266 1.44917 -0.766786 -0.405212 -0.0941038 
1.14833 0.247604 0.727617 -1.08736 2.22145 1.91393 2.82472 1.52438 0.947122 -0.32274 0.158753 -0.0644887 
1.18508 0.473807 0.884744 -0.620449 2.4187 3.04951 1.46788 1.1412 1.40919 -0.215612 0.456036 0.106453 
1.24712 1.00166 1.4468 -0.685642 3.19649 3.06499 0.82177 1.51188 0.999043 -0.147689 0.0191621 0.00106044 
1.03482 0.566153 1.4032 -0.597571 3.15946 2.8618 1.60751 1.5338 0.848564 -0.366764 0.530478 0.218223 
1.08762 0.329623 1.44787 -0.957414 2.6457 3.17204 1.00454 1.74761 1.29185 0.329519 0.436127 -0.0232103 
1.00958 0.262576 1.29537 -0.57109 2.65146 2.83712 1.98149 1.79371 1.63374 0.123715 0.85741 0.0964926 
1.06189 0.487903 1.06844 -0.595266 1.7934 2.92402 3.14175 1.69558 1.15841 0.0560325 0.534241 0.112596 
1.22011 0.846419 0.798701 -0.950622 2.52298 2.56809 2.32725 1.82434 1.52815 0.015689 0.0498592 -0.00128824 
1.25279 0.44443 0.495843 -0.846985 3.15885 2.82469 2.26082 1.69233 1.41258 -0.101799 0.503764 0.160668 
1.07122 0.383039 1.42315 -0.56834 3.24636 2.35935 2.23722 1.70541 0.890463 -0.1621 0.521193 0.291838 
1.07002 0.670183 1.77271 -0.604781 2.92656 2.96793 1.46106 1.1939 0.865046 0.106044 0.278812 0.235303 
1.24504 0.816801 1.41872 -1.36144 2.63993 2.65293 1.95355 1.42132 1.29748 0.319548 -0.0063997 0.107664 
1.25919 1.46438 0.948873 -0.214351 2.32586 2.22563 1.90301 0.958557 2.32822 -0.505893 -0.328053 -0.0894661 
1.19434 1.43103 1.15944 -0.812197 2.54413 2.35006 1.45866 0.651936 1.85004 -0.0268624 -0.0513809 0.0487631 
1.01907 1.47799 2.63367 -2.01338 1.50088 1.60161 0.407597 0.828692 2.05854 0.397309 -0.181359 0.25168 
0.364343 0.990858 3.59554 -2.08484 0.567607 1.82747 0.809942 1.233 2.52144 0.151429 0.0872254 0.143794 
-0.0356621 0.512408 3.59677 -1.66326 1.41135 2.2166 0.860131 1.89507 2.27185 -0.275063 -0.205899 0.0858558 
-0.154822 0.4086 3.60176 -1.33991 0.913307 1.83246 1.61213 1.3611 2.49833 -0.247944 -0.519585 0.175507 
-0.397178 0.457933 3.96565 -1.10903 -0.0102933 2.24116 1.12578 2.06883 1.5415 -0.228169 -0.189814 0.148864 
-0.357847 0.136108 4.22248 -2.37347 -0.644297 1.24593 1.33746 1.79391 1.59533 0.151107 0.0434795 0.149346 
-0.471655 0.403196 4.55484 -2.23234 -0.751947 1.69103 0.931813 1.28364 2.68249 -0.0309621 -0.0274216 0.306891 
-0.538786 0.519473 4.27615 -1.73803 -0.701091 1.65955 1.0541 1.71587 2.16275 0.0112278 -0.0997983 0.23494 
-0.496971 0.113602 4.1898 -1.54017 -0.291636 2.23584 1.71786 0.856011 1.61613 0.0578733 -0.459805 0.146024 
-0.569693 0.0761479 4.25836 -0.957125 0.222818 2.18555 1.61418 1.51824 1.42709 -0.0771963 -0.0421598 0.250474 
-0.580837 0.208144 3.95064 -0.870609 0.433875 1.13205 0.767699 2.42309 1.22866 -0.249376 -0.065298 0.479466 
-0.53935 -0.0316859 4.50047 -0.903633 -0.544495 1.15495 0.45374 1.57578 1.40555 -0.485166 0.181074 0.346949 
-0.61085 -0.282049 4.69454 -0.46123 0.304539 2.21765 1.53549 -0.196537 1.42087 -0.35564 -0.329469 0.448228 
-0.448784 -0.414449 4.16646 -1.05471 -0.703758 2.26554 0.772041 0.549804 2.05538 -0.576264 -0.382163 0.373158 
-0.549035 -0.118007 3.9452 -0.265169 -2.86182 2.03105 0.464546 1.52219 1.76758 0.182827 -8.73259e-005 0.323467 
-0.481084 -0.0251052 4.36524 -0.201189 -2.56979 1.84279 1.53672 0.71333 1.78685 0.451849 -0.110313 0.162892 
-0.432351 0.0400543 4.69149 -0.0887933 -1.75298 1.80567 1.98923 1.01724 1.70756 0.482034 0.012846 0.137882 
-0.436124 0.277815 4.19691 -0.396752 -0.282834 1.58495 2.5435 1.11521 1.10893 0.543827 -0.103924 0.223394 
-0.539536 0.0370059 4.03759 0.0161428 0.3723 2.01656 2.49604 0.339243 0.668907 0.508739 -0.265381 0.37392 
-0.509492 -0.177952 3.9675 0.343126 0.300041 1.69247 2.70508 -0.225167 1.29586 0.227507 -0.139712 0.485364 
-0.413162 -0.00651833 3.657 0.405887 0.0454826 0.972497 2.96032 0.413857 1.87061 0.3568 -0.130802 0.176313 
-0.36309 -0.484874 4.31483 0.761654 -0.295287 2.04106 2.82701 0.662614 1.71025 -0.0643127 0.146271 0.283501 
-0.285377 -0.517775 4.64216 0.744062 -0.862105 2.07241 2.10184 0.120628 1.8446 -0.0132692 0.206964 0.308966 
-0.125879 -0.8383 4.83726 1.08979 -1.09677 1.35693 3.50622 0.606789 1.86742 0.306785 0.495237 0.154036 
0.0347318 -0.714243 4.33823 1.477 -0.601741 1.67054 2.90204 0.680592 1.75321 0.135871 0.426489 0.269558 
0.122602 -0.258776 4.04804 1.17038 -0.6168 2.09873 2.99418 0.349315 2.3424 0.427472 0.312763 0.11456 
0.0792731 -0.0846071 4.24656 1.07345 -0.559211 2.11026 2.81963 0.137931 2.06637 0.431995 0.275026 0.206878 
0.0591325 -0.134202 4.46604 0.602322 -0.531624 2.00427 2.75894 0.714491 1.12121 0.672206 0.110923 0.193321 
0.215205 0.0716344 4.09248 0.440689 -0.0813305 1.47594 2.85205 0.178516 2.47523 0.676586 0.160469 0.280717 
0.272895 0.311906 4.23957 0.785917 -0.226289 1.76035 3.03838 0.975572 1.43915 0.525354 0.554426 0.157193 
0.248245 0.437304 3.98426 0.920784 0.135612 2.08268 2.21996 0.0574675 2.07874 0.688918 0.477566 0.101031 
0.262479 0.416458 3.88989 0.432245 -0.154641 2.33659 2.16881 -0.491876 2.07544 0.361941 0.36361 0.123755 
0.298943 0.178543 4.16446 0.506299 0.483714 2.31548 1.25449 -0.0864914 1.79543 0.186874 0.0620483 0.298285 
0.354779 0.230903 4.27196 0.607186 0.749831 1.8866 1.70362 -1.10871 2.66305 0.462914 -0.0672338 0.468175 
0.324211 0.0333874 4.24632 -0.0712404 0.357518 1.66264 1.65332 -1.07468 2.27119 0.709664 -0.192806 0.333373 
0.407126 -0.109209 4.76968 0.0183912 0.160014 1.24289 1.92154 -0.986523 1.2259 0.888562 -0.125996 0.242242 
0.463605 -0.007051 4.04855 0.509609 0.213987 1.82435 2.47202 0.0660044 1.38926 0.999399 0.297919 0.0468119 
0.474093 -0.1266 3.88268 0.873278 -0.264835 1.76928 2.01891 0.325162 1.806 0.457804 0.285931 0.0951329 
0.234477 0.115978 3.62565 0.927013 -0.203988 0.584544 1.25538 0.279601 2.02972 0.546577 0.278911 -0.184587 
0.346994 0.334233 3.66619 1.04797 0.0871969 1.07045 2.00313 0.207281 1.2068 0.88029 0.494366 -0.151155 
0.517284 0.525271 3.64105 0.771968 -0.268035 1.60334 1.71038 -0.259719 1.47058 0.574307 0.371669 0.0810285 
0.505387 0.555258 3.68493 0.29734 0.293985 1.73694 1.33161 -0.16656 1.98951 0.328969 0.218356 0.301962 
0.437626 0.619706 3.80372 0.239417 0.767025 2.27721 1.05419 -0.136633 1.38276 -0.0373778 -0.0395507 0.291569 
0.556187 0.586587 3.47094 0.851492 1.04377 1.73132 1.34855 -0.176108 1.01764 -0.0757477 0.0780287 0.21459 
0.565214 0.620461 3.09602 0.668134 0.740971 1.33002 1.3903 -0.191531 1.14007 -0.0931206 -0.0228805 0.22279 
0.582025 0.658802 2.97905 0.982967 0.133446 1.6532 0.279752 -0.297475 1.18169 0.255751 -0.116632 0.217308 
0.552925 0.56234 2.45885 0.692217 -0.352461 1.59202 0.91523 -0.181464 1.52697 0.632311 -0.12246 0.0700293 
0.587651 0.53138 2.4896 0.764668 0.412048 2.04391 1.51148 -0.186045 2.26636 0.166833 0.435437 0.18035 
0.814733 0.613281 2.54709 1.08019 0.496073 1.19409 1.12218 0.221011 2.05767 0.797286 0.199812 0.201242 
0.586687 0.641739 2.3801 0.796877 0.712415 1.15507 1.30886 -0.125027 1.50376 0.622564 -0.0228622 0.120071 
0.436643 0.914396 2.36826 1.02213 0.18077 1.04972 1.18302 0.417344 1.07002 0.365307 0.0971757 0.0146013 
0.602721 1.00811 2.05129 0.440413 -0.184962 0.516317 0.776634 -0.132086 0.682702 1.19322 0.194404 -0.0888006 
0.636872 1.023 2.3733 0.775181 0.170282 1.28801 1.25909 0.155311 1.3269 0.535659 0.275966 0.102497 
