0.70555 1.02451 0.786909 1.0244 0.119531 1.3655 0.829096 1.46683 0.968567 0.208667 0.604885 -0.100065 
0.647445 1.06759 0.974756 0.77924 0.775121 0.0592501 0.947377 0.335504 -0.215374 -0.15123 0.452681 -0.0856228 
0.777926 0.89929 0.892676 0.0676525 0.273022 -0.0691983 0.642874 0.140716 0.860755 0.322849 -0.0115519 -0.191856 
1.15282 0.641797 -0.0326202 -0.885503 0.767106 0.80995 1.00414 -0.254949 0.668408 -0.125547 0.50457 -0.0824925 
1.11927 0.196393 -0.373494 -1.46453 1.91893 -0.35649 1.22674 -0.820767 0.576563 -0.926077 0.457993 -0.0116956 
1.00637 -0.25888 -0.111962 -0.940926 2.17109 -0.562042 1.34978 -1.22373 0.48656 -0.278397 0.0558463 -0.113975 
0.983027 -0.37467 0.805767 -0.592064 1.84499 -0.217576 1.66135 -0.588683 1.66957 0.833117 -0.0947857 0.101458 
1.31588 0.393584 0.426542 -0.386929 1.5646 0.0183251 2.67865 0.0393835 1.73372 1.03991 0.333155 0.12551 
1.59536 1.38522 0.640778 -0.734222 1.75459 0.795746 2.82894 0.529669 1.55963 0.927726 0.334754 0.247969 
1.76556 2.04241 1.15741 0.425042 1.57006 0.234228 0.748025 0.105863 1.4652 1.62019 0.240088 0.0215773 
1.99737 2.0559 1.51115 1.26399 1.49146 -1.27699 0.896015 0.529407 1.27391 1.35492 0.0811785 0.0391957 
2.20839 1.86533 1.5188 2.45106 1.35167 -3.12191 2.08642 0.81729 0.689045 0.764681 0.356584 0.341796 
2.16887 1.98129 2.02303 1.89233 0.823036 -2.96037 2.52984 1.02691 0.409985 0.647504 0.366807 0.318269 
2.0863 1.89517 1.58972 1.61931 1.43002 -2.5598 2.46918 0.506495 0.226239 0.330798 0.150624 0.3786 
1.93182 1.88612 1.64503 1.71786 1.74251 -2.19897 2.34874 0.361661 0.291842 0.280161 0.100231 0.363985 
1.94372 1.94698 1.43918 1.94833 2.16655 -1.88329 1.4694 -0.0764602 0.564557 0.592515 0.024685 0.256793 
1.94134 1.99224 1.64213 1.6685 1.90083 -1.59319 1.33383 -0.0352104 0.57029 0.104227 0.0804198 0.259931 
1.99308 2.26156 1.81869 1.38549 1.63949 -0.743769 1.54413 0.245156 0.776466 0.302637 -0.0129203 0.060292 
1.91901 1.78006 2.16051 1.71897 2.05637 -0.886298 2.18282 1.45459 -0.328972 -0.00703993 -0.0964014 0.0846979 
2.07972 1.80552 2.24656 1.4176 2.05734 -0.541823 1.13624 1.52095 0.0266554 0.606492 -0.00734495 -0.0277316 
2.04163 2.21251 2.034 1.36341 1.9945 -0.583316 1.23524 0.949681 1.0965 0.329912 -0.0603872 0.0590372 
1.95235 2.34207 2.44023 1.40985 2.57291 -0.217064 1.50902 1.26781 0.581002 0.165259 -0.140933 0.037628 
1.9834 1.93762 2.42404 2.61087 2.87907 -0.0838269 1.45982 1.0101 0.00146757 0.3413 -0.0678816 0.0414181 
1.99501 2.17608 2.28079 2.19936 2.21888 -0.188076 2.01702 1.47959 -0.0285181 -0.159708 -0.0418865 0.0791077 
2.19791 2.65218 2.47482 1.17352 2.98523 -0.83117 1.03025 1.28771 0.566161 0.124391 -0.301392 0.0388308 
2.03367 2.62802 2.71333 1.80798 2.91584 -0.234341 -0.425647 0.424586 0.561836 0.169019 -0.169467 -0.0822174 
1.80323 2.70782 3.07571 1.51038 3.15033 0.219419 -0.497549 0.00388744 0.300997 -0.000544496 -0.14505 -0.109749 
1.88436 2.44646 3.23355 0.893545 3.77497 -0.186928 -0.395156 0.385136 -0.125374 -0.575767 -0.162048 -0.11941 
1.89201 2.50719 2.54363 1.68334 3.04777 -1.30219 0.879191 0.552179 -0.365743 -0.826986 -0.286255 0.114796 
1.91236 2.61733 2.58184 1.51656 2.56149 -0.966246 0.724446 0.493032 -0.165013 -1.02338 -0.0942455 0.0742072 
1.99426 2.92961 2.56403 0.916851 2.3232 -0.718288 0.702459 1.1277 -0.247384 -1.31459 -0.0745774 -0.096744 
2.04926 2.97776 3.18838 1.20155 1.6355 -0.155763 0.718189 1.52641 -0.555431 -0.90005 0.0283794 -0.191262 
1.94743 2.68623 3.01062 1.76955 1.91307 0.652646 0.698769 0.995665 -0.258173 -0.442886 0.0256154 -0.0875974 
1.9878 2.70177 2.57489 1.81171 2.29284 0.373474 0.896921 1.31482 -0.0503612 -0.603729 -0.0483453 -0.0675093 
1.82584 2.53612 3.10767 1.71314 3.42054 -0.653577 0.353069 1.17119 -0.32344 -0.459356 -0.125068 -0.0245088 
1.91303 2.56466 3.33295 2.41906 2.4545 -0.00808247 0.71787 1.06926 -0.370398 -0.240932 -0.0137564 -0.0284444 
1.96359 2.74844 2.98193 1.96398 2.09399 0.719727 0.866336 0.928311 0.532721 -0.146593 0.0826284 -0.000138902 
2.01943 2.50933 3.03778 1.63934 2.71083 0.551445 1.3929 1.2832 1.22073 -0.239334 -0.0216404 0.052441 
1.83009 2.50791 2.92135 2.04303 2.57168 0.841037 1.16265 1.37977 0.919452 -0.149597 0.0670334 0.00548101 
2.10028 2.56171 3.0941 2.15536 3.00613 0.484262 0.408535 0.822485 1.39494 -0.0825244 -0.0434409 0.0481435 
1.86339 2.49754 3.07495 1.95049 2.61343 1.02801 0.412216 1.58462 0.692598 0.791117 0.0820917 -0.00445663 
1.82736 2.52432 2.84208 1.40654 2.82766 1.32797 1.48692 1.83473 0.359847 0.585523 0.0621957 -0.0230512 
1.99674 2.72619 2.69088 1.03682 2.16329 0.663892 1.79189 1.14257 1.08682 0.224946 0.0986851 0.0752389 
1.91044 2.53641 2.52327 1.33174 1.42427 0.316021 1.3821 0.493218 1.02268 0.557101 0.313275 0.210843 
1.86457 2.52322 2.21361 1.68458 1.9797 0.229209 1.4127 0.701573 0.475198 0.263395 0.349531 0.241585 
1.76907 2.20179 2.0746 1.97672 1.99732 0.015967 1.15373 1.05051 0.299167 0.672702 0.271859 0.215158 
1.73954 2.42506 1.90853 1.25478 2.20294 -0.220741 0.805409 0.962047 0.814322 0.308782 0.424849 0.248767 
1.68667 2.44624 2.41422 1.30922 2.66891 -0.153922 0.406056 0.745707 1.19292 0.415364 0.292342 0.201581 
1.6569 2.51699 2.4046 1.38973 2.86097 -0.591414 1.1396 1.02452 1.51442 0.74535 0.123168 0.274112 
1.60085 2.59541 2.30352 1.70337 2.29177 0.123533 0.754685 1.10069 1.59663 0.546446 0.279198 0.1816 
1.53413 2.13971 2.19519 1.32712 2.12683 0.657637 1.19889 1.66079 0.785767 -0.128912 0.209399 0.0519227 
1.54404 1.7742 2.08249 1.35257 0.51973 0.600027 1.47792 1.55256 0.954738 0.0741826 0.477086 0.158394 
1.59047 1.67351 2.23029 1.20643 1.14619 1.56761 0.759927 0.804565 1.14387 0.309661 0.215525 0.154489 
1.52231 2.22064 2.16415 1.25305 1.61004 1.21473 1.94311 0.247431 1.26894 0.191456 0.145548 0.116876 
1.47192 2.35999 2.05954 1.60607 1.84807 0.888522 2.45514 1.05198 1.60815 0.432899 -0.00842459 0.0744518 
1.46541 1.86208 2.62046 1.62694 1.23855 0.785726 2.32109 0.995142 0.940185 1.54945 0.0129184 0.128024 
1.43104 1.8819 2.56665 1.01312 1.01304 0.53813 1.95777 1.1799 1.55483 0.495714 0.381714 0.209511 
1.41223 1.95454 2.0993 1.45006 0.835804 0.258216 2.11866 1.40483 0.724962 0.182983 0.262007 0.054789 
1.46368 2.15018 2.37857 1.34603 1.33733 0.866773 2.15743 0.833469 1.27099 -0.38907 0.632572 0.168421 
1.62975 2.22007 2.07578 1.36443 1.87611 1.45865 2.07203 0.39345 1.7411 -0.0455435 0.421596 0.207496 
1.60969 2.14529 2.30459 0.953506 2.10959 1.91656 2.0336 0.401255 0.982969 0.624054 0.353936 0.293957 
1.48924 2.02274 2.7781 1.37968 1.62771 1.00299 2.0859 0.728637 0.656052 1.08399 0.0518698 0.138028 
1.48509 2.06252 2.47081 1.89656 2.31344 0.575152 1.75583 1.37454 0.547476 0.392904 -0.0604164 0.0614325 
1.50376 1.8884 2.22892 1.15402 2.09812 1.55022 1.69116 1.76284 1.11562 0.0202662 0.250476 0.118899 
1.50369 1.51058 2.47979 0.50948 1.49086 1.85879 1.34037 1.73574 1.14076 0.571683 0.545838 0.211594 
1.52849 1.81322 2.00063 1.23711 1.29453 1.81557 1.83864 2.06149 0.652192 0.698316 0.549987 0.213014 
1.53594 1.98369 2.20989 1.6609 1.47736 0.872961 1.79235 0.909664 0.599194 1.39864 0.487502 0.27319 
1.56241 1.84223 2.37857 1.91878 1.35513 0.455486 1.09571 1.54375 1.56263 0.827753 0.553078 0.329734 
1.57834 1.94012 2.34711 1.38734 1.83879 1.13134 0.82386 1.7796 1.83598 0.928434 0.402887 0.232848 
1.51743 1.94821 2.60199 1.65696 1.16928 0.242906 1.45477 1.52878 1.39511 0.708928 0.473252 0.28113 
1.44867 1.94478 2.34689 1.53729 0.959933 0.428495 1.78721 1.71611 1.18363 0.331677 0.671726 0.236063 
1.42115 2.21455 2.3782 1.33736 1.33858 0.663325 1.22288 1.41825 0.910471 0.110633 0.487971 0.129842 
1.41444 1.98499 2.75916 1.22769 1.56249 0.917354 0.454119 1.7815 0.480615 0.265943 0.377298 0.0673557 
1.4174 1.63855 2.52879 1.07151 1.72429 0.680642 1.46139 1.49083 1.09243 1.05017 0.414261 0.223315 
1.43812 2.00719 2.44648 0.910322 1.98735 0.331938 1.6626 1.69998 1.21177 0.760738 0.194291 0.169833 
1.41783 1.91856 1.92941 1.14598 1.35782 -0.150818 1.0186 1.77068 1.64003 0.684015 0.502695 0.212005 
1.37559 1.82489 2.01335 1.40817 0.899604 0.277145 1.03151 1.04585 1.68899 0.715 0.524446 0.207963 
1.39208 1.84349 1.78194 1.45764 1.12801 -0.0357646 1.77026 1.19053 1.93827 0.447949 0.267075 0.114146 
1.33208 1.67266 1.70126 0.721985 1.37529 0.552724 1.54286 1.37478 1.39802 0.0494192 0.527542 0.0874651 
1.26843 1.71632 1.81291 0.426166 1.59307 0.281126 1.24257 1.11673 0.987272 0.142438 0.908006 0.164655 
1.43462 1.63393 1.97066 0.597306 1.58072 -0.148 0.157004 1.38564 0.637103 0.277359 0.691288 0.198429 
1.31676 1.54249 2.42557 0.753604 1.03618 0.412585 1.40434 0.722427 1.10283 0.67397 0.366503 0.212583 
1.31594 1.23799 2.20646 0.225798 1.21382 -0.112063 1.43468 0.867423 0.628702 0.732638 -0.101073 0.0793764 
1.3029 1.40677 2.08577 1.31799 1.00466 -0.352161 1.38858 1.33371 0.957122 1.17387 -0.117358 0.0789937 
1.1903 1.39207 2.16651 1.17791 0.826285 0.435423 1.23179 1.01817 1.85321 0.320055 0.221833 0.177361 
1.04218 1.54982 2.29776 1.02143 1.84172 0.682629 0.848489 0.969458 1.36378 0.325858 0.182814 0.184259 
1.14852 1.60267 1.79359 0.665039 1.81877 0.291697 2.73682 1.13858 0.810049 0.397419 -0.0497869 0.150538 
1.11641 2.07774 1.85281 0.697181 0.975889 0.73147 1.75559 1.28794 0.743286 0.444741 0.453179 0.0834749 
1.1157 1.60718 2.36999 0.876036 0.760087 0.103482 1.21818 1.20212 1.04027 0.534621 0.967064 0.205948 
1.24534 1.76491 1.99569 0.403906 0.564055 0.659666 1.55164 0.736558 1.35118 0.0795806 0.612612 0.149146 
1.07357 1.26326 1.62914 0.935625 0.920724 1.59529 1.28326 0.909899 1.47577 0.176707 0.384003 0.121406 
1.08289 1.24809 1.40757 0.799568 1.20634 0.537026 2.0172 1.16857 0.889093 0.495026 0.5249 0.0708134 
1.19515 1.32337 1.72292 0.378411 0.869188 -0.22107 0.919162 0.556847 0.498423 0.826473 0.231084 0.0652407 
1.18529 1.56077 1.61962 0.135803 0.467572 0.497658 1.08712 0.98139 0.301963 1.01812 0.508219 0.0151024 
0.977218 1.73671 1.85374 0.532339 0.753756 -0.0946421 1.90304 1.29707 0.723815 0.83391 0.569873 0.0521971 
1.01138 1.7972 2.10617 0.562449 1.08932 1.07276 1.97528 0.283688 0.268843 0.35526 0.0268812 0.0376467 
1.07947 1.60474 1.8432 0.413461 1.66452 0.84906 1.67953 0.680057 0.668888 0.370619 0.157126 0.120113 
1.14655 1.59402 1.84817 0.346278 1.37141 1.56317 1.54086 0.590229 1.03508 0.615562 0.661154 0.200195 
