0.554371 1.51553 1.48038 1.43547 1.41363 1.51003 1.45803 0.745971 0.738316 0.184941 0.530397 -0.00460926 
0.529393 1.69001 1.47736 1.66617 1.18054 0.928587 1.69147 1.49189 1.07382 0.0324176 0.183765 0.130637 
0.60863 1.3311 1.75445 1.18768 2.15029 1.00426 1.14927 1.59556 0.768919 0.396142 0.285946 0.108726 
0.538773 0.933505 1.00263 0.907454 1.56837 1.39461 -0.103699 0.615055 0.609576 -0.0128881 0.177447 0.0805728 
0.641508 1.0068 1.13547 1.26675 1.9481 0.729048 0.288487 1.49284 0.306661 -0.216246 0.121083 0.0131168 
0.607492 1.0342 1.69615 1.20415 2.51767 0.841714 1.38243 0.666104 0.839378 0.559824 0.362141 0.0588516 
0.684096 1.18057 1.58386 1.0954 2.40448 0.667146 1.6712 1.4547 0.932792 0.117359 0.403714 0.114775 
0.581386 1.11164 1.44317 1.80788 1.766 0.324638 2.05256 1.56187 1.20779 0.166551 0.151152 0.209798 
0.66968 0.919548 1.66634 1.34687 1.77726 1.52534 1.06374 1.57423 1.13326 0.420252 0.0593927 0.132668 
0.50174 1.06695 1.63457 0.774147 0.933671 1.22766 0.691027 1.01153 1.11397 0.326666 0.102638 -0.0178526 
0.439312 1.30821 1.93438 0.823577 0.700392 1.17935 0.558426 1.29789 0.197406 0.653431 0.301664 -0.0656491 
0.587384 1.05116 1.76392 0.918774 1.00192 1.01237 1.04524 0.447634 0.663825 0.768409 0.120487 0.0176624 
0.622736 1.37072 1.50847 1.69661 1.21306 0.868981 2.22356 0.0533558 1.23083 0.494904 -0.209549 0.170283 
0.415892 1.06726 1.1196 1.10692 0.69797 0.622859 1.7213 0.701331 1.81611 0.171982 0.112331 -0.0110332 
0.292966 0.91902 0.877069 0.662616 -0.0997758 -0.354235 0.375498 0.786168 0.844428 0.261526 0.392518 0.173265 
0.473482 1.06666 1.39849 1.07654 1.28233 0.753687 0.363948 1.62076 0.832819 0.515265 0.158748 -0.0392162 
0.607698 0.840608 1.57107 0.489352 2.14302 0.53973 0.949775 0.969073 1.48059 1.00539 0.303434 -0.0920219 
0.560385 1.08285 1.08533 0.728943 1.02601 0.391974 1.34217 0.385702 0.592084 1.27838 0.455834 -0.109178 
0.62513 0.747067 1.59473 1.49958 0.278708 0.598256 1.60384 0.75146 1.52067 0.670536 0.437526 -0.0362408 
0.622747 0.574618 1.55262 0.83058 0.896567 1.55786 0.501796 0.0643922 1.18786 0.781674 0.28426 0.0326184 
0.653265 0.992181 0.958898 0.364574 0.929896 1.4564 0.362453 0.526172 1.48793 1.25705 0.424831 -0.074527 
0.805094 0.997402 1.45396 0.267654 0.833433 0.911995 0.780067 0.0958684 0.72049 0.888205 0.41776 -0.033734 
0.909716 1.64216 1.854 0.611715 0.621069 -0.0283477 0.693318 -0.322862 0.432471 0.372463 0.155499 0.0436494 
1.17829 1.87789 1.40715 1.06884 0.569577 0.0297456 1.55623 0.809644 0.253625 0.184751 0.0985075 -0.0184287 
1.26025 1.61945 1.62876 1.21251 0.782733 0.465058 0.297833 -0.0904655 -0.286349 -0.312933 -0.270189 -0.135654 
2.56807 2.30092 1.4683 1.45938 2.55185 -0.554031 -2.09765 -1.57359 -0.648825 -0.581098 -0.696491 -0.490035 
2.81433 2.06069 0.719737 1.36409 3.27398 -0.728684 -2.38534 -1.97883 -0.976338 -0.301922 -0.739232 -0.552617 
2.44467 2.27558 1.27717 1.92078 2.59019 -0.626589 -2.20351 -2.15194 -0.60463 -0.651746 -0.7729 -0.579786 
2.39665 1.85961 0.57007 1.18484 1.80923 -0.924201 -1.96862 -1.44685 0.192448 -0.820458 -0.71945 -0.391052 
2.48768 1.80379 0.563665 0.80537 2.02472 -1.87862 -2.08839 -1.94921 0.0133681 -0.778686 -0.844458 -0.331636 
2.67372 1.31804 -0.869147 0.601899 1.95058 -0.953685 -2.24664 -1.65309 -0.235687 -0.221321 -0.489547 -0.291202 
2.69192 1.25034 -0.487798 0.894538 1.3354 -1.06214 -2.33346 -2.37313 -0.192476 -0.706457 -0.690817 -0.366692 
2.7373 1.06873 -1.06266 0.453993 1.28232 -0.866808 -1.71075 -1.79217 0.133096 -0.197163 -0.401898 -0.30635 
2.8065 1.28096 -1.16929 0.618641 1.40759 -1.87459 -1.89845 -2.59883 -0.0360002 -0.595789 -0.497331 -0.255136 
2.84819 1.06626 -1.19546 0.449587 0.923828 -1.57758 -1.71541 -1.98089 0.241343 -0.26854 -0.40827 -0.261582 
2.5445 1.21353 -0.965497 0.0515167 0.844927 -1.31137 -2.54549 -1.90293 -0.00495028 -0.560939 -0.461124 -0.209071 
2.89631 1.27915 -1.02728 0.395722 1.17804 -1.83863 -2.27176 -1.73067 0.0717376 -0.198388 -0.483179 -0.240725 
2.9177 0.819159 -0.899273 1.01038 0.622062 -1.08516 -2.36164 -1.51711 0.309005 0.0072319 -0.379865 -0.193734 
2.90696 0.6205 -1.03249 0.640253 0.626149 -0.403396 -1.30339 -1.36126 0.523681 0.294412 -0.199111 -0.217019 
3.10211 0.379633 -1.09442 0.465277 0.638525 -1.09269 -2.01381 -1.89768 0.0665058 0.231467 -0.256382 -0.278813 
2.8706 1.10085 -0.457242 -0.0755993 1.01812 -0.899594 -1.73484 -1.55237 0.0460023 0.00234898 -0.377155 -0.320951 
3.11065 0.555533 -0.422077 -0.265187 0.852115 -1.25543 -0.917633 -1.91439 0.0251598 0.479622 -0.297365 -0.298449 
2.96811 0.802166 -1.18243 -0.135641 0.913601 -1.01807 -1.46101 -1.50368 0.108106 0.0536332 -0.395685 -0.403121 
3.08797 0.450428 -1.85981 -0.157428 0.930631 -0.900744 -1.70716 -1.50015 0.301148 0.420928 -0.093331 -0.287139 
2.90171 1.16115 -1.35351 -0.70166 0.459978 -0.884407 -1.63084 -1.36422 0.309467 0.0266515 -0.334335 -0.338862 
3.0541 0.893697 -1.3947 -0.687858 0.241086 -1.56379 -0.968588 -1.17907 0.916497 0.438992 -0.272756 -0.380265 
3.01957 0.924168 -1.38419 -0.43221 0.865928 -1.77928 -1.02125 -1.38844 0.533512 0.226441 -0.407695 -0.415743 
3.10324 0.733443 -2.42467 -0.686777 1.51733 -0.785714 -1.65601 -0.839691 0.626693 0.692211 -0.24811 -0.496281 
2.77596 1.11181 -1.64633 -0.685171 0.614694 -1.14605 -1.64209 -0.637171 0.953663 0.476326 -0.366129 -0.546781 
2.92566 1.27268 -1.4658 -0.663619 1.22113 -1.46675 -0.95659 -0.357828 1.28726 0.640775 -0.451921 -0.518641 
2.8205 1.29454 -1.22223 -0.600215 1.5098 -0.889127 -0.9072 -0.681784 0.964895 0.652453 -0.264366 -0.469573 
3.12169 0.58721 -2.50074 -0.628857 2.38572 0.671251 -0.474616 0.25894 0.857763 0.561241 -0.543752 -0.652984 
2.95932 1.00162 -1.63257 -0.721892 2.30807 0.0980127 -0.597124 0.471118 0.544909 0.365563 -0.70237 -0.664119 
2.85295 1.18371 -0.912551 -0.417876 1.3376 0.103434 -0.356759 0.180961 1.12736 0.368453 -0.594666 -0.688201 
2.69874 1.16654 -0.973655 -0.00639199 1.66009 0.585289 -0.131578 0.0592177 1.02302 0.409389 -0.400377 -0.58018 
2.93306 0.634205 -2.34762 -0.317026 3.70487 1.35112 -0.449913 0.145103 0.385205 0.931925 -0.204984 -0.50725 
2.81904 0.999347 -1.55299 -0.265968 3.30796 0.902634 -0.237245 0.454354 0.48675 0.871787 -0.276447 -0.517411 
2.6941 1.19444 -1.13677 0.354343 3.15549 0.41716 -0.546762 -0.0583954 0.493186 1.02973 -0.0140128 -0.338985 
2.65034 1.16165 -0.572613 -0.0266175 2.77212 0.8808 -0.472977 -0.533489 0.490611 0.677948 0.121123 -0.2335 
2.58318 1.41383 -0.380748 -0.131947 1.73204 0.569849 0.316392 0.270553 1.12909 0.628246 -0.111726 -0.368818 
2.604 1.12067 -0.245639 0.240047 2.16474 0.954732 1.14857 0.0718433 1.16596 0.675968 -0.258788 -0.467275 
2.42456 1.02978 -0.672643 0.736927 2.99404 0.888119 0.389482 0.676128 0.837481 0.566724 -0.353512 -0.387151 
2.48605 1.02116 -0.684974 0.776708 3.72002 0.718161 0.494686 0.690647 0.502157 0.571409 -0.481221 -0.360753 
2.63574 1.04664 -0.36815 0.561232 3.4785 0.783958 0.124311 0.929248 0.895469 0.620484 -0.494982 -0.464822 
2.66143 1.05961 -0.637131 0.49874 3.09824 0.778151 -0.257649 0.287353 1.03522 0.822696 -0.100291 -0.27768 
2.56585 0.932442 -0.33844 -0.371398 3.69164 0.693963 0.0625088 0.792779 1.2594 1.04688 -0.0575726 -0.150266 
2.69601 0.866921 -0.580441 0.0962437 3.02872 0.78196 0.36288 0.858719 1.3843 0.782477 -0.207333 -0.212842 
2.45185 1.51333 -0.437211 0.154838 2.41641 0.737522 1.03391 0.869362 1.3486 0.484775 -0.317043 -0.302948 
2.47112 1.79749 -0.299473 0.200745 2.10286 1.6205 1.29705 0.445044 1.66565 -0.0444639 -0.481454 -0.510002 
2.3381 1.67101 -0.289319 0.132834 2.33154 1.12087 1.15001 0.183336 1.06964 0.272685 -0.00448389 -0.12033 
2.3344 1.51476 -0.60321 0.822258 3.69291 0.788558 1.09305 0.518371 1.27051 0.575505 -0.402905 -0.279847 
2.36253 1.60761 -0.487702 0.566842 3.07092 0.743771 0.84229 0.51672 1.80416 0.586357 -0.312962 -0.373534 
2.28347 1.46321 0.60549 0.503087 2.43434 1.17157 1.0548 -0.235588 1.51349 0.246288 -0.19096 -0.152851 
2.1816 1.49826 0.490749 -0.280211 2.01672 0.909281 0.487485 1.08905 1.04747 0.453771 0.263253 0.0128924 
2.05567 1.71192 0.477109 0.347465 2.51121 1.14866 1.3461 0.604743 1.19165 0.253112 -0.204286 -0.20602 
2.12407 1.64036 0.19043 -0.140469 1.94852 1.62204 1.2892 0.181969 1.30986 0.199899 0.318805 0.0783039 
1.98695 1.8741 0.497144 0.164461 1.96025 1.78637 1.26821 0.629348 1.00664 0.522909 0.20767 -0.00444438 
2.00277 1.94004 0.843329 0.663097 1.72351 1.19792 1.63529 0.631447 0.895259 0.871566 0.319882 0.111922 
2.07637 1.76329 1.1658 0.994753 2.39512 2.1718 2.09006 0.68627 -0.00578604 0.485516 0.0878993 0.0583694 
1.86453 1.50422 1.14329 1.40856 3.71929 2.11768 1.1991 0.844038 -0.00107015 0.723659 -0.00713575 -0.0590911 
1.83849 1.71609 1.27854 1.76275 2.87122 1.43612 1.66703 0.301692 1.43271 0.713466 0.108612 0.0283598 
1.91666 1.84716 1.54074 0.963183 2.96381 1.09298 1.72258 0.510971 1.6037 0.624403 0.119398 0.14119 
1.82422 1.73648 1.68255 0.867697 2.86621 0.87468 1.20467 0.544587 1.14433 0.999261 0.161891 0.123449 
1.76573 1.51199 1.48312 0.818055 2.65274 1.84162 1.57155 1.23981 1.25535 0.223833 0.195762 0.150421 
1.7876 1.70068 1.30395 0.0718392 2.38287 2.14539 1.57144 1.59192 1.07564 0.281287 0.333642 0.143195 
1.79166 1.56172 1.2187 0.611761 2.6314 2.34029 2.54537 1.15242 0.702383 0.768181 0.228173 0.208203 
1.73615 1.73395 1.58563 0.0616392 2.11284 1.91007 1.7832 1.4274 1.02576 0.298393 0.344994 0.19353 
1.74139 1.88514 2.07341 0.00992639 2.11283 1.54436 1.2003 1.15393 1.05501 0.758837 0.494775 0.238768 
1.53026 2.02262 1.79708 0.689988 1.61565 0.427785 1.77683 1.7571 1.31833 0.741545 0.737393 0.292421 
1.54272 1.94804 1.03747 1.44395 1.71786 0.50753 2.13921 1.30102 1.36148 0.839186 0.543574 0.261764 
1.50581 1.82477 1.13719 1.00823 1.86317 2.23245 2.10722 1.73161 1.32195 0.391529 0.456284 0.211409 
1.5895 1.62663 1.38983 1.46974 1.31487 1.10487 2.13886 1.07887 1.93106 0.932439 0.555026 0.220807 
1.75693 1.68855 1.59668 1.63648 1.81263 1.42817 1.70597 1.70189 1.99163 1.03802 0.257291 0.127442 
1.57698 1.80018 1.71826 1.30605 2.63745 2.03913 1.69733 1.37476 1.43259 0.94983 0.291551 0.192851 
1.4984 1.97396 1.81368 1.09406 1.625 1.68151 1.33537 1.13009 1.06693 0.751037 0.845156 0.341175 
1.37954 2.07335 1.74259 1.35012 1.49517 1.52194 1.54464 1.51444 1.42206 0.769808 0.681023 0.267673 
1.31647 1.82795 1.9014 0.898648 2.05481 0.995803 1.22037 1.32727 1.23336 1.2249 0.817738 0.313725 
1.38819 1.94475 2.11428 0.991695 1.50519 0.339844 1.53249 1.41782 0.900747 0.929925 1.05359 0.373046 
1.46599 1.80956 2.13605 1.68801 1.80784 0.448612 1.59444 0.722763 1.95187 0.686832 0.611318 0.349222 
1.5302 2.16691 2.3483 1.42331 2.20422 1.29453 1.79336 1.00052 1.40663 0.834297 0.303952 0.23819 
1.44535 2.06053 2.24684 1.60243 2.22233 1.936 1.36127 0.820584 1.17081 0.415358 0.458565 0.210964 
1.43515 1.73493 2.449 1.77984 1.55667 0.859975 2.0941 0.876779 1.70533 0.640855 0.234757 0.229525 
1.3167 1.86497 2.51538 1.98529 2.709 0.671678 1.26873 1.00393 1.94908 0.825993 -0.130249 0.24028 
1.22705 1.72191 2.16535 1.38038 2.41907 -0.247427 1.46702 1.24313 1.70972 0.716574 0.292219 0.323213 
1.14332 1.52961 2.11729 1.21904 1.99128 0.0802211 1.59317 1.37978 1.91207 0.232004 0.193597 0.266419 
1.17113 1.54759 2.51402 1.53858 1.66217 0.83752 1.82886 1.20057 0.932817 0.312865 0.800209 0.238882 
1.10161 1.66877 2.40752 1.17901 2.2669 0.576729 2.39077 1.99713 0.686586 1.09027 0.306967 0.254752 
1.14731 1.70191 2.10754 1.38564 2.49165 0.786908 1.37148 1.82537 0.698296 0.633493 0.320629 0.167936 
1.1142 1.62178 2.25622 1.24387 2.37452 1.37568 1.26796 1.30067 0.874065 0.459064 0.389512 0.16541 
1.15026 1.47223 1.99341 1.51162 2.41046 0.777026 1.68255 0.776375 1.09199 -0.132615 1.0544 0.272163 
1.03883 1.33714 2.01819 1.22332 1.77291 0.861125 1.52051 0.188924 1.39918 0.391192 0.734573 0.192933 
1.02425 1.35956 1.90922 1.93759 2.08999 1.21603 1.73307 0.502828 1.66172 0.97196 0.317504 0.21843 
0.993694 1.76863 2.30849 1.24366 1.84291 0.987182 0.892812 0.895455 1.85256 0.650079 0.637866 0.277513 
0.999105 1.86666 2.17089 1.09596 1.31787 0.591535 1.68812 0.755615 0.920669 0.431415 -0.00249355 0.1266 
0.987582 1.43921 2.07676 1.34365 1.73453 1.03573 1.7291 0.284735 1.10648 0.514512 -0.0481511 0.124127 
1.06994 1.34601 1.93257 1.44956 1.23482 -0.0689185 1.48937 0.420571 0.986828 0.292579 1.07881 0.136008 
0.991692 1.58116 2.14393 1.25652 2.6902 0.493967 1.8304 1.5632 0.621549 0.525725 0.606333 0.215755 
1.15169 1.82866 2.23487 1.70071 2.17578 0.497289 1.25622 1.36748 1.22478 0.731049 0.570345 0.275577 
1.14885 1.60328 1.85288 1.37477 2.59302 1.16944 1.3025 1.35156 1.09443 0.60292 0.512661 0.197974 
1.07322 1.70797 1.7695 1.14388 1.72258 1.28959 2.13629 0.687101 0.779264 0.499658 1.03667 0.210978 
1.15091 1.43997 2.33728 1.41369 1.52083 1.04296 1.1219 0.64691 1.35458 0.408027 0.972611 0.275521 
1.11139 1.40821 2.82631 1.13911 2.56583 1.64204 0.807934 0.387261 0.846382 0.887083 0.697397 0.206171 
0.935264 1.51992 2.84318 0.99328 2.31021 1.06316 1.33753 0.780392 1.11932 1.27252 0.459521 0.268547 
0.826874 1.2727 2.7429 1.36619 2.68674 1.28345 1.64163 1.04053 1.36728 0.782001 0.637983 0.259395 
0.962864 1.587 2.62586 1.79299 3.15664 1.37397 2.51784 1.37953 0.0800692 0.618483 0.725008 0.214083 
0.967597 1.48665 2.32042 1.90929 2.36959 1.19629 2.52069 0.920606 0.7083 0.265932 1.09398 0.204868 
0.982879 1.54733 2.02031 0.804351 3.39073 0.996731 2.57191 0.857381 0.297976 0.700325 1.10376 0.310674 
1.06902 1.73738 2.34863 1.58201 2.22934 1.60185 1.554 1.20577 1.04134 0.510973 0.595657 0.219177 
1.01906 1.6713 2.32302 1.83976 2.19498 0.92487 2.29279 1.69578 0.676834 0.164142 0.592233 0.207911 
0.987649 1.72986 2.24727 1.93332 2.0866 1.01957 1.75386 1.44148 0.689594 0.043048 0.933079 0.147481 
0.97383 1.76169 2.14658 1.46141 1.59005 1.43143 1.19494 1.15699 1.338 0.805897 0.580937 0.223148 
1.02485 1.56176 1.80343 1.10626 1.66942 1.94243 2.13659 0.930945 1.50524 0.157917 0.650402 0.216153 
1.04414 1.47074 1.88256 1.21546 1.22615 0.924595 2.06604 1.44959 0.86774 0.800624 0.544696 0.155109 
0.971042 1.70975 2.42195 1.56542 1.06889 1.14491 1.57049 1.4159 0.804818 0.879998 0.954521 0.177158 
0.987991 1.64474 1.84543 1.36982 1.81321 0.646563 1.93133 1.7187 0.784576 0.81891 0.778998 0.198139 
1.00598 1.5209 2.11148 1.45139 1.45218 1.45005 1.1519 0.631109 0.588899 0.626532 0.33982 0.12192 
0.85863 1.15672 1.75981 1.77814 1.47384 1.60738 1.1412 1.1508 1.02527 0.375595 0.086828 0.158189 
0.944008 1.44555 1.67147 2.04284 2.00453 2.01697 1.50179 0.439176 1.56304 0.696436 0.426756 0.191261 
