0.605434 1.09624 0.967855 0.990757 1.34293 0.743121 0.961854 0.320098 -0.140951 -0.0416106 0.747734 -0.242765 
0.503184 0.638906 1.17843 0.764868 1.61008 1.01807 0.47213 0.405082 1.03218 -0.122707 0.0938653 0.0181262 
0.546501 0.404015 1.13858 0.656684 0.196206 0.00483126 0.0352261 0.411983 1.73222 -0.197472 0.413698 0.0375634 
0.472572 0.734057 0.825449 1.03288 -0.174923 0.907459 -0.361304 0.778769 1.18099 0.384818 0.726091 -0.221846 
0.599732 0.900375 1.55391 1.47293 -0.0911857 0.533536 -0.293679 0.117258 0.576607 -0.272481 0.570734 -0.125478 
0.589707 1.16955 1.75986 0.791041 0.706454 0.504218 0.256586 0.366067 0.728528 0.0823221 0.465856 -0.00222686 
0.601659 0.988508 1.31294 1.32863 0.640551 0.256347 0.806623 1.01151 0.680918 0.392741 0.726243 -0.0480489 
0.595754 1.05971 1.46534 0.510398 1.05773 0.596625 1.23381 0.303932 0.951398 0.645145 0.214635 -0.0341027 
0.480178 0.795732 1.71986 0.392757 0.995417 0.923698 1.4844 0.747005 1.10526 -0.160422 0.0991402 0.0590013 
0.51527 0.876146 1.28098 1.11405 1.06316 0.606691 1.22416 0.0403047 0.667494 0.00681175 0.365015 0.0380949 
0.467191 0.905284 1.483 1.41698 1.27427 -0.632665 -0.0268946 0.115151 0.0898088 -0.279582 0.199662 0.00851236 
0.543985 0.761769 1.99255 1.28041 1.53326 -0.121435 -0.232121 0.674 -0.250032 -0.194168 0.662862 -0.0755456 
0.535769 0.969627 1.82368 1.29468 1.31439 0.34794 0.626226 0.776163 0.666735 0.543725 0.924702 -0.117348 
0.489699 0.995153 1.32591 1.269 1.56961 0.896829 1.60804 0.305337 0.255457 0.296925 0.563594 0.0268449 
0.56183 1.14117 1.1474 0.679971 0.863076 0.205764 0.858694 0.808432 0.84085 0.241693 0.416624 0.0526567 
0.550695 1.08482 1.35507 1.33802 0.908167 0.474427 0.33482 0.336613 1.07322 -0.197141 0.00902067 -0.0155465 
0.518961 1.30944 1.50853 1.35194 0.405065 0.420432 0.849371 0.136497 1.06601 -0.706959 -0.371844 0.180322 
0.632295 1.11774 1.69505 1.56211 0.262397 0.185266 1.18149 -0.104905 0.71022 -0.276671 0.111901 0.0393979 
0.670586 1.60445 1.35264 1.26743 0.949575 0.200186 1.79858 0.96614 -0.351588 0.897091 0.666737 -0.0181391 
0.637701 1.15607 1.49329 0.880748 1.66392 0.95436 2.73271 0.817693 0.258375 1.70949 0.65767 -0.0574545 
0.818 0.946655 1.60377 2.13594 1.6797 1.39312 1.93696 1.15026 1.12141 1.21063 0.59157 0.0856025 
0.940261 1.41879 1.54367 2.74949 1.88201 0.842409 1.91486 1.69242 1.05983 0.852756 0.642362 0.257405 
1.15604 1.78279 2.37381 2.73585 2.56212 1.52005 2.72781 1.06319 0.862319 1.10557 0.312144 0.285933 
1.39297 2.2414 3.24713 2.0944 2.71849 2.09892 3.18922 1.56772 0.150257 0.856801 0.562461 0.200561 
1.37856 2.37072 3.40347 2.23508 2.56612 1.7698 3.45717 1.61099 0.646403 0.669325 0.626287 0.221751 
1.33337 2.6046 3.52601 2.09113 3.26774 1.61143 2.07309 1.77269 0.936001 0.881049 0.459329 0.271512 
1.47492 2.58775 3.00653 2.24744 3.22076 1.8841 2.01686 1.59537 1.02736 0.470724 0.579985 0.236195 
1.42852 2.53768 2.78176 2.08526 3.09722 2.57264 2.36716 1.24075 0.988676 0.589538 0.506304 0.267071 
1.44449 2.43794 2.63072 2.05141 2.71921 2.34707 2.45651 1.74391 0.971222 0.522547 0.449554 0.232296 
1.37625 2.20838 2.61179 2.22567 2.75547 2.5131 2.3758 1.46975 0.803603 0.445647 0.47631 0.228984 
1.33901 2.04048 2.60584 2.46495 2.93464 2.57114 2.34296 1.33926 1.15415 0.556308 0.34298 0.250991 
1.35454 2.20269 2.63671 2.57507 2.76832 2.26409 2.3528 1.4774 1.3764 0.294369 0.447639 0.235001 
1.39795 2.23142 2.7484 2.44623 2.45834 2.22635 2.26969 1.59113 1.12897 0.50901 0.464695 0.239683 
1.52039 2.33047 2.70476 2.18236 2.25496 2.14425 2.23534 1.69617 1.17492 0.578409 0.459639 0.2396 
1.66632 2.31191 2.57778 2.10129 2.34752 2.03682 3.03525 2.36076 1.05136 0.120443 0.51373 0.229781 
1.7592 2.49866 2.21187 1.1589 2.48705 1.85222 2.98808 1.94398 0.735609 0.367797 0.295855 0.216282 
1.98392 2.34918 0.957455 0.403024 2.47207 1.89862 2.30406 0.106869 0.923136 0.632804 0.702214 0.460261 
2.23241 2.52168 -0.106825 0.244334 1.79262 1.05283 1.75724 -0.616384 0.445167 1.39242 1.05642 0.529867 
2.15951 2.23973 -0.244146 0.498431 1.12233 0.626664 1.43275 -0.368079 0.704527 1.23979 0.979977 0.373366 
2.28222 2.11272 0.0487492 0.640273 1.60636 -0.807838 1.86631 -0.269622 0.107185 1.50846 0.827293 0.536155 
2.2968 2.11183 0.00159098 0.71402 1.70372 -1.05512 1.64696 -0.213602 0.117835 1.31886 0.809688 0.620658 
2.31874 2.14891 -0.284582 0.860105 1.91942 -1.50562 1.23822 0.0519484 0.816549 0.989295 0.637555 0.636206 
2.3515 2.07689 0.125364 1.11097 1.06568 -1.46084 1.25122 -0.51351 1.17145 0.734346 0.892507 0.469496 
2.44709 1.90936 0.0606826 1.125 0.824841 -0.886368 0.929363 -0.814216 1.08276 0.828279 1.00516 0.385421 
2.41189 2.00182 0.200099 0.960436 0.366652 -0.888996 1.29962 -1.52357 1.19798 0.903992 1.12546 0.299085 
2.24591 2.26662 0.521202 0.825095 -0.0742996 -1.23944 1.52429 -1.57287 0.362921 1.19369 0.979327 0.314059 
2.28761 1.99199 0.96809 1.25681 0.280173 -1.70902 0.8935 -1.26059 0.266728 1.47877 0.831816 0.223108 
2.24211 2.15192 1.1173 1.33917 0.678016 -1.05787 0.568558 -1.32016 0.749841 1.46722 0.755592 0.220596 
2.34412 2.08475 0.764945 1.38579 1.45647 -1.12407 0.743032 -0.775588 1.13438 1.06587 0.668354 0.276469 
2.25148 2.12343 0.165807 1.24597 2.01699 -0.891748 0.952051 -0.32408 1.767 0.763617 0.549942 0.239563 
2.19569 2.4005 0.423732 1.19786 1.60545 0.528707 1.29358 -1.03352 1.36298 0.158667 0.779281 0.212278 
2.38361 2.31934 1.05656 1.19628 1.17864 0.28685 0.830593 -0.867995 0.484941 0.721684 0.535151 0.185866 
2.31458 2.15496 0.86702 0.907179 2.52409 0.758697 1.64696 -0.793951 0.257077 -0.023811 0.138743 0.193602 
2.23173 2.27472 0.626416 1.24296 1.50326 0.127335 3.08521 -0.772398 0.159662 0.00978089 0.296761 0.172265 
2.18876 2.17575 1.25841 0.430545 1.55943 0.711419 2.34584 -0.133301 0.126969 0.502745 0.131684 0.202728 
2.00347 1.90682 1.02314 0.947077 0.738009 0.861768 1.90718 -0.678703 1.16809 0.0872413 0.390102 0.155436 
1.81956 1.59982 1.40579 0.969128 -0.97805 0.387297 1.94043 -0.313884 2.29301 0.638052 0.4357 0.0550031 
1.78171 1.62293 1.42681 0.0486527 -0.870843 0.921569 2.51267 -0.519253 1.0121 1.04852 0.293443 0.0788047 
1.99384 1.56667 1.2237 -0.11782 1.07127 1.23267 2.65189 -0.971425 -0.158405 0.54077 0.206391 0.315548 
1.95921 1.70251 0.721656 0.112017 2.57894 0.648521 2.02579 -0.158424 0.160676 -0.0437745 0.175924 0.35457 
1.87644 0.81539 0.62931 0.377986 2.59252 1.01479 3.03224 -0.43223 0.308774 0.208823 0.10313 0.378148 
1.77577 0.389267 0.767215 0.761967 2.27753 1.14578 4.61604 -0.214851 0.0120772 0.365233 -0.310671 0.164573 
1.86092 0.71177 0.496686 1.37479 2.46747 1.76699 3.95246 -0.0537984 0.372378 -0.0171201 -0.192612 0.0774837 
2.07563 0.842733 -0.2784 1.09143 3.39849 2.04388 3.85225 -0.730003 0.229689 0.155501 0.0961487 0.170158 
2.18596 0.617684 -0.426055 0.641029 3.97776 2.45612 3.27065 -0.201215 0.190819 0.246836 0.00360478 0.234971 
2.11454 0.383198 -0.385924 0.971992 4.1196 2.84764 2.33644 0.430405 0.194351 0.308431 0.0357137 0.135824 
2.18156 0.657822 -0.853249 1.12645 4.30298 2.28135 1.79452 0.890986 0.305083 0.189547 -0.303137 -0.00634521 
2.19878 0.480042 -0.389364 1.01815 4.11534 1.96449 1.56619 0.143418 0.704127 0.127176 -0.315995 -0.0165047 
2.31659 0.563144 -0.676428 0.678834 4.46039 1.75379 1.81584 -0.110928 0.710175 0.239567 -0.392488 -0.0171776 
2.14751 0.150936 -0.389306 0.995053 4.14685 2.15557 1.49813 0.362163 0.912084 0.151853 -0.403307 -0.0361242 
2.06055 0.362609 0.0217828 1.0308 3.88755 2.71837 1.63123 0.477805 0.893214 0.132615 -0.411627 -0.10523 
2.05151 0.705539 0.314544 0.907399 4.0128 2.12108 2.23956 0.166112 0.809577 0.174072 -0.414172 0.00108468 
2.01683 0.560434 0.557723 1.12195 3.99946 1.72242 2.4667 -0.0215878 1.16843 0.0532005 -0.649607 0.0709192 
2.13577 0.916808 -0.0747782 0.945657 5.03656 1.23662 2.04725 -0.247201 1.02547 0.291151 -0.434062 0.153172 
2.07302 0.799316 -0.229727 0.851478 4.81171 0.97863 1.95318 0.0939636 1.15533 0.133131 -0.584775 0.115033 
2.0834 0.827332 -0.925207 1.24727 4.47259 1.33787 2.12708 0.342873 0.990913 0.0424783 -0.460426 0.0116281 
1.90264 0.707557 -0.649836 1.43169 4.05226 1.94212 2.06393 0.71624 1.00971 0.148421 -0.356406 -0.0546374 
1.85749 0.657086 -0.20951 1.69419 2.96573 1.53452 2.24565 1.66206 1.20716 -0.593395 -0.464757 0.0925719 
1.84446 0.992849 0.170895 0.778669 2.50378 1.80126 2.01319 1.55832 1.6707 -0.645106 -0.219705 0.0731728 
1.81218 1.07709 0.380041 0.851001 3.01756 2.10849 1.79902 0.959491 1.46293 -0.170165 -0.0732449 0.0500317 
1.84668 1.40254 0.592291 1.13079 3.57787 1.75343 1.59554 1.05334 1.47707 0.0965744 -0.13518 -0.0250157 
1.91792 1.44165 0.941974 0.873597 3.47495 1.61068 1.82937 0.791868 1.47854 0.576218 -0.188251 -0.0709675 
1.80294 1.4261 0.786527 1.13098 3.29017 1.91276 1.83453 0.20997 0.974733 0.403198 0.163825 0.0875043 
1.8585 1.69716 0.601256 1.28705 3.17454 2.09752 0.447747 0.695594 1.04499 0.202117 0.322095 0.00253376 
1.86892 1.78128 0.825916 1.59821 2.81565 1.46076 0.502339 0.228305 0.830043 0.691104 0.447235 0.0738889 
1.86499 1.62036 0.6602 1.58387 3.15733 1.74721 0.910325 -0.212317 1.15905 0.427191 0.502929 0.0832448 
1.85502 1.55292 0.475895 1.33996 3.63039 1.95683 0.822216 0.321603 1.37437 0.236605 0.329549 0.00980928 
1.69431 1.49941 1.29936 1.82378 3.05818 2.13189 1.68213 0.366333 0.660507 0.738222 0.295641 0.104325 
1.7823 1.70979 1.36361 1.45113 2.96059 2.90802 2.18684 -0.164189 1.64463 0.536746 0.160112 0.0953632 
1.67045 1.62363 1.37538 1.44467 2.90038 3.3104 2.30783 0.71174 0.953372 0.436481 0.0559867 0.142508 
1.71209 1.74389 1.519 0.95663 3.21517 3.44779 2.03007 0.481581 0.98175 0.597155 0.170021 0.175973 
1.63039 1.7673 1.28228 1.25105 2.97617 2.59258 1.89354 1.06795 0.789497 0.528365 0.0643351 0.0790383 
1.68795 1.59793 1.60318 1.15235 3.18043 2.19384 1.67451 1.40188 0.871139 0.158388 0.13711 0.10167 
1.58925 1.64847 1.9495 1.22923 3.37299 1.74427 1.59454 1.15784 0.669354 0.613882 0.19007 0.124895 
1.5809 1.57434 2.10289 1.52143 3.12285 1.49608 2.50088 1.15818 0.419069 0.198632 0.305655 0.266197 
1.62832 1.52918 1.92807 1.5512 2.99309 1.74748 2.15651 0.931274 1.11578 0.176891 0.236763 0.243767 
1.46676 1.84531 1.58427 1.43372 2.10546 2.05637 2.42568 1.80566 0.879339 -0.285137 0.245133 0.143968 
1.37007 1.70702 1.70167 1.69264 2.73395 1.60952 3.07716 1.90644 0.815676 0.0197434 0.0173988 0.222783 
1.38754 1.69685 1.9051 2.05828 2.49881 1.91027 2.34602 1.69756 1.18238 0.292866 0.19454 0.219495 
1.18477 1.83208 2.09979 2.13966 2.38811 2.46314 2.93011 2.12099 0.920844 -0.131299 0.324778 0.253156 
1.33495 1.86114 1.67768 1.83563 2.25171 1.74354 2.83245 0.768479 1.90566 0.0963505 0.272741 0.182936 
1.37605 1.70067 1.78563 1.40749 3.20626 0.918636 1.73005 0.989724 1.32374 0.529497 0.308112 0.23536 
1.27979 1.61536 2.22479 1.58537 3.00592 1.38171 1.49794 0.561957 1.31985 0.82542 0.151548 0.205011 
1.22425 1.5645 1.86736 1.75668 2.06228 1.86644 2.29003 0.83906 1.46606 -0.0813643 0.337484 0.194375 
1.29264 1.39631 1.57868 2.45214 2.01496 1.02345 3.24237 1.28537 0.849093 0.049902 0.533691 0.266294 
1.22121 1.4043 1.76035 2.09635 1.87138 1.15312 2.93505 1.11086 1.29537 -0.0266499 0.500439 0.245699 
1.03223 1.62479 2.02325 1.83317 1.5418 1.71169 2.20057 0.692682 1.39132 -0.0276861 0.617361 0.172441 
1.03664 1.63941 2.25257 1.84408 2.00616 2.63537 1.95939 0.269138 1.17984 -0.415898 0.718127 0.174202 
1.08548 1.63865 1.79871 1.41535 2.17408 1.74048 2.43721 0.670192 0.751713 -0.104118 0.456119 0.120906 
1.14662 1.45485 1.83956 1.20468 1.69649 1.2801 2.30589 1.05173 1.1117 0.371802 0.111631 0.0813145 
1.11855 1.55283 2.65545 1.89785 1.50257 0.4892 1.49051 1.2013 0.974574 0.453184 0.388381 0.162017 
1.10128 1.91555 2.44023 1.22097 2.08814 1.10108 1.60292 0.73148 1.47498 0.307836 0.358551 0.185263 
1.16204 1.85381 2.32126 0.881641 1.99671 1.24222 2.17265 0.894212 1.49971 0.623973 0.0210262 0.203691 
1.19416 1.53881 2.32608 0.929862 1.41204 0.409178 1.41986 1.66214 1.07276 0.698518 0.434909 0.12694 
1.17824 0.943002 2.09397 1.11436 1.67603 1.34979 0.739344 1.19681 1.02803 0.433483 0.452022 0.0732305 
1.01206 0.981811 1.24841 0.974609 2.13234 0.429407 1.10842 1.23738 1.61942 0.761601 0.495197 0.0285987 
0.950403 0.839306 1.84319 0.96412 1.74314 0.570623 1.98166 1.05976 1.48325 0.784114 0.221307 0.128236 
0.934705 1.11053 1.71002 0.799759 1.77133 0.819872 1.84598 1.51601 1.53594 0.977443 0.0530466 0.158184 
0.957652 1.87949 1.62916 1.03888 1.94344 0.96255 1.06182 1.42772 1.22617 0.92711 0.728634 0.160574 
1.02108 1.80693 2.09779 1.92482 1.50194 1.28716 1.6151 1.42695 1.39979 0.334523 0.454441 0.176912 
1.04119 1.64065 2.0829 1.9019 1.74965 1.24637 1.11597 0.941204 1.65861 0.0127773 0.853416 0.170443 
0.904309 1.78319 2.49657 2.18419 1.99991 1.15448 2.01369 0.714202 1.52419 0.0371847 0.499532 0.176523 
1.03327 1.74465 2.03787 1.70881 1.92541 1.29246 2.21745 0.869612 1.60718 -0.260122 0.243243 0.115733 
1.14155 1.67523 2.06678 1.65191 1.36201 1.02825 1.35259 1.19265 1.63909 -0.0895048 0.403994 0.112262 
1.01515 1.78096 1.97864 1.66422 1.35549 0.903965 1.24978 1.45866 1.0907 -0.0203826 0.664097 0.0658611 
0.920065 1.5666 2.28454 0.715215 1.62698 0.953122 1.79909 0.95323 0.823905 0.320624 0.695932 0.0428003 
0.866299 2.03537 2.06479 1.21668 1.89932 0.916587 1.31047 0.155162 0.438788 0.518845 0.882988 0.0460462 
0.830388 1.75128 2.3252 1.6644 1.57387 0.446821 1.50397 0.305745 0.821158 1.01941 0.821826 0.137142 
0.905399 1.46391 2.79613 1.36414 1.78793 0.461011 1.44388 0.490728 1.36536 0.759447 0.642176 0.260652 
1.01173 1.59595 2.36835 1.30338 2.13523 0.0666134 1.61381 1.17878 1.54642 0.46254 0.846559 0.297588 
1.02319 1.56339 2.03343 1.77144 2.19666 0.710602 1.67697 1.34491 1.11799 0.0616937 0.641942 0.192076 
0.933485 1.38472 2.14784 1.59911 1.65266 0.0102671 1.06946 0.885048 0.833323 0.400389 0.377291 0.103918 
0.876964 1.43536 1.95018 1.75966 1.1197 -0.0412365 1.92848 0.556702 1.0807 0.555052 0.651327 0.0823414 
0.770236 1.80763 2.10805 1.00996 0.943156 0.399418 2.1564 0.294746 0.748524 0.390493 0.670937 -0.0570012 
0.828102 1.32295 2.20054 0.551936 1.33788 0.853047 1.54999 0.426197 0.956832 0.408264 0.698028 -0.0641335 
1.02633 1.51747 2.18356 1.34076 1.33156 0.14435 0.914458 0.639249 1.31178 0.244802 0.666668 0.124261 
0.923691 1.44957 2.39474 0.976383 0.776094 0.287113 1.13283 0.536304 1.36574 0.503885 0.826697 0.134767 
0.788913 1.62461 2.39506 0.687347 1.12427 0.564143 0.257331 0.192175 0.970959 0.381863 0.44525 0.11964 
0.916318 1.63693 2.24046 0.428651 1.71041 0.177258 1.08979 1.22877 1.05455 0.322908 0.335757 0.117417 
0.99219 1.32684 1.94977 0.804702 1.3517 -0.0715596 1.6231 1.75944 1.58654 0.881367 0.417082 0.186997 
0.904168 1.15785 1.85099 1.12034 1.15689 0.322943 2.27941 1.15966 1.34621 0.572379 0.287389 0.141759 
0.796545 1.48219 1.95356 0.979007 2.04499 0.516628 1.3404 0.746011 1.51239 0.274304 0.743057 0.1075 
0.752132 1.32879 2.1895 1.26597 2.41656 1.10306 0.975474 0.307022 1.19425 0.851379 0.606191 0.0691632 
0.738071 1.45878 1.70993 0.852999 1.43008 0.776146 1.17278 0.824687 1.10811 0.134274 0.498009 -0.0156 
0.787266 1.23623 1.68718 0.913473 1.43117 0.568145 0.635561 0.61273 0.431371 0.909516 0.950146 -0.10432 
0.835508 1.20422 1.37946 1.72468 0.986886 1.06361 1.24973 -0.238932 0.952865 0.839153 0.520922 0.00483584 
0.676315 1.27607 1.50156 1.1652 1.02958 0.347941 1.5546 0.316408 0.567194 0.844736 0.499981 -0.0496766 
0.841093 1.04824 1.89462 0.996007 1.81357 0.876999 2.03012 0.830017 1.16428 0.816443 0.183482 0.113942 
0.703265 1.37656 1.49982 0.405033 1.7701 1.66985 1.85204 0.602567 1.04197 0.519701 0.679707 0.0289342 
0.619958 1.26126 1.20617 0.618598 1.80883 1.08169 0.808757 0.0481018 1.27577 0.998053 0.404376 -0.0650876 
