0.680337 1.11752 1.28523 0.309468 1.17892 -0.509638 0.411412 0.650737 0.606952 0.417633 0.345334 -0.211529 
0.636354 1.41366 0.975421 0.508214 1.37432 0.248166 0.494214 0.950823 1.50231 0.0959413 -0.0951535 -0.101296 
0.597358 1.18798 0.928682 1.26563 1.52234 0.735701 0.845443 0.959891 1.28175 0.719148 -0.0871495 0.040627 
0.57846 1.25127 1.22963 1.80285 1.59346 0.0564144 0.711093 0.865458 0.693046 0.268452 0.493519 -0.0298474 
0.579571 1.38391 0.688979 0.98435 0.790324 0.195216 0.975016 1.31219 0.529083 0.38459 0.14534 -0.118903 
0.652031 1.31021 1.24627 1.43293 1.09134 1.309 1.09951 1.28232 1.08633 1.13429 0.138397 0.0781694 
0.493797 1.11725 1.80349 2.14212 1.40823 0.912588 0.809994 0.517445 1.94679 0.29303 0.625519 0.00404428 
0.477913 1.04136 1.40535 1.65049 1.04306 -0.162868 0.325189 0.691654 1.13271 0.691329 0.379621 -0.0463475 
0.444659 1.12026 1.4891 1.40605 0.752459 0.191517 1.10866 0.906958 1.56443 0.5804 0.546632 -0.0446798 
0.518545 1.09998 1.11723 0.469085 0.645603 0.438642 0.739445 -0.0918833 1.4402 0.575034 0.408751 -0.0889917 
0.547964 1.00894 1.27745 0.997519 0.822819 1.05644 0.895673 0.598036 1.21511 -0.0056338 -0.0882441 -0.0357219 
0.553482 0.984842 1.58015 1.25499 1.89367 1.51216 0.724099 1.75764 1.19102 -0.100152 -0.0946596 0.233531 
0.854121 1.42721 1.89603 1.83287 2.06667 2.13906 1.16153 1.65644 1.4115 0.0463332 0.254683 0.238002 
1.02692 1.85045 1.95768 2.04585 2.45286 2.16456 2.28577 1.25615 1.11586 -0.091829 0.500943 0.206126 
1.22681 2.44444 2.48038 2.75473 2.97858 2.03053 2.11091 1.04337 0.853044 0.289861 0.286483 0.114942 
1.54389 2.94298 3.28636 2.78481 2.76011 1.65239 1.74877 1.01949 0.493451 0.215075 0.106174 -0.0119877 
1.60404 2.91062 2.99962 2.57071 2.404 1.43549 1.87314 0.624244 0.998549 0.0158543 0.0347644 -0.0360438 
1.88541 3.03917 2.95339 2.85069 3.08715 2.07102 3.06364 0.439743 0.564144 -0.248593 0.191591 0.00992857 
1.82513 2.72194 2.79592 2.91982 3.04334 2.04145 2.94062 0.775672 0.469375 -0.0380805 0.264196 0.0686923 
1.6947 2.37095 3.48366 3.02568 3.23138 1.63354 1.9187 0.917415 0.57313 0.0809207 0.156394 0.0224112 
1.54082 2.06204 3.33953 2.60172 2.47929 1.16927 3.05743 1.45635 0.439229 -0.214103 0.29572 0.0706099 
1.36107 2.03911 3.32469 3.38918 2.78451 1.50712 2.88097 0.0748673 0.72071 -0.245678 0.449582 -0.00651949 
1.21563 2.02477 3.2615 2.86564 3.16901 0.784764 2.33298 1.23899 0.259851 -0.0946559 0.282229 0.0549781 
1.18246 1.58769 3.76333 2.93813 2.59303 0.576281 2.50764 1.88097 -0.110612 -0.333824 0.610142 0.100191 
0.793909 1.69481 4.01639 2.61207 3.90905 0.464992 2.10212 2.59026 -0.451678 0.265699 0.636892 0.0206279 
0.677527 1.81965 3.71263 3.03577 3.52161 0.628429 2.72488 2.00941 0.0146565 -0.199479 1.28869 -0.0284348 
0.646024 1.28581 3.86711 3.40343 2.91934 0.754091 2.52451 1.61327 0.654189 -0.678301 1.55402 0.087464 
0.611011 0.842313 4.3135 3.31968 3.61029 -0.246378 1.83273 2.2431 0.0877323 -0.0827909 1.03139 0.0932092 
0.495368 1.49345 3.68772 3.19863 3.70991 -0.40107 2.24936 1.90174 -0.174084 -0.0658191 0.962197 -0.0289677 
0.603016 1.06817 4.0555 1.79108 2.06452 0.18887 2.66348 1.99691 -0.222097 -0.530057 0.742605 0.191998 
0.606551 1.35535 2.97112 3.12519 1.71706 0.665694 2.48674 0.796186 0.419455 -0.97492 1.33598 -0.113827 
0.542577 1.27539 2.68918 3.47429 2.26621 0.411075 1.97058 0.770125 0.449623 -0.255305 1.48217 -0.220259 
0.573876 1.16895 2.64372 3.18417 2.21184 0.464772 2.66518 0.918496 0.429403 -0.184012 1.45176 -0.0321566 
0.636233 1.30956 3.28854 2.39352 2.49545 -0.0127055 2.88654 1.26431 0.0932585 -0.00436409 1.03784 0.104373 
0.594093 1.54579 3.18932 2.33876 2.11345 0.466137 3.56528 1.78668 0.103312 -0.536382 0.807553 0.196779 
0.703668 1.31407 2.53477 3.22437 2.90556 0.855167 2.05138 0.472038 0.600982 -0.557836 0.988269 -0.0335309 
0.632618 0.9472 3.33048 2.65501 2.89426 1.07242 2.82495 0.724007 -0.327084 -0.269869 0.856414 0.0521708 
0.951609 0.522311 3.28481 2.65386 2.47852 0.927682 3.09778 0.434086 -0.468516 -0.044751 0.637958 0.122189 
1.44876 0.363167 2.54479 2.92161 1.58269 0.468446 2.86383 0.945888 -0.442417 0.0926857 0.381597 0.0453038 
1.54157 0.619457 2.2041 2.19079 2.12725 1.03969 2.23817 0.684735 0.192414 0.0134795 0.0596918 0.102402 
1.71002 1.21598 1.00346 1.84343 1.80796 1.33038 2.26997 0.0435467 0.415018 0.216927 0.0172312 -0.0631815 
1.67807 1.40384 0.590218 2.08126 2.24669 2.24571 1.89051 -0.226313 0.264403 0.517248 -0.0738428 -0.146818 
1.84441 1.39442 0.566358 1.34891 2.46078 1.51666 1.31429 0.518986 0.895675 1.30128 -0.349452 -0.403656 
1.77162 1.31433 0.337534 1.47261 1.92225 1.79342 1.16148 0.835343 0.5094 0.742322 -0.254948 -0.241667 
1.84715 1.37175 0.1444 1.60329 1.95016 1.23568 1.06682 1.09843 1.2323 0.765677 -0.517634 -0.440915 
1.78531 1.34075 0.742652 0.818261 3.05772 0.449528 0.771223 1.7582 1.06637 1.3224 -0.858058 -0.560724 
1.86404 1.18105 0.821717 0.872898 3.05435 0.296805 1.41864 2.0197 0.522816 1.28934 -0.862006 -0.533231 
1.87621 1.54507 0.434053 1.15784 2.54169 0.572908 0.867591 1.5775 1.45629 1.07851 -0.764124 -0.549794 
1.81216 1.81726 0.225832 1.06463 3.22693 1.05139 0.510799 1.75703 1.14431 0.924117 -0.764933 -0.50497 
2.07738 1.50241 -0.21454 1.44447 2.59731 1.1912 1.49275 0.923776 0.769648 0.925118 -0.345775 -0.397243 
1.91952 1.46565 0.0296743 1.49186 2.70524 1.50611 1.69503 -0.361786 1.14078 0.258711 -0.0788004 -0.255209 
1.69481 0.699414 0.0323227 1.43562 2.25054 1.54447 2.29626 0.912221 1.53171 0.163031 0.211119 0.125819 
1.66642 0.993042 -0.328773 0.500261 2.30863 1.1164 1.76088 1.28994 2.52487 0.234869 0.0471058 -0.111451 
1.53809 0.945483 -0.312393 -1.83538 1.48062 0.985441 1.46977 1.57068 0.660594 0.45357 0.187037 -0.0874199 
1.19918 1.01651 -0.34818 -0.86522 1.30701 0.11999 0.826703 0.49571 0.941831 1.12225 0.862224 -0.0267013 
1.44514 1.27519 -0.448193 0.0884685 1.62136 -0.0608293 0.890515 0.608222 1.83784 0.934608 0.930702 -0.0141339 
2.09938 2.19062 0.356506 0.175492 2.08309 -0.118584 0.659892 -0.180931 1.51629 0.237899 -0.00441318 -0.220596 
2.14871 2.13624 0.274748 0.0623525 1.51234 0.158145 0.209084 -0.0432299 0.570413 0.432438 0.057558 -0.180535 
2.37276 2.43709 -0.177702 0.523839 2.06614 -0.23679 -0.234086 -0.439536 1.15476 0.207046 -0.0272652 -0.306194 
2.27773 2.46546 0.662929 0.865474 1.83489 -0.111947 0.186064 -0.447723 1.2973 -0.215338 -0.0693048 -0.253968 
2.12136 2.58804 1.1123 0.653233 1.14735 -0.13663 0.404848 -0.488538 0.725186 -0.361165 0.117829 -0.0433064 
2.31745 2.42974 1.42781 1.20079 1.7957 -0.276299 0.914225 -0.782063 0.410026 -0.449348 -0.218163 -0.0851596 
2.14034 2.60992 1.26391 0.988505 0.898153 0.246572 1.51502 -0.19909 0.35843 -1.03186 -0.282721 -0.224666 
2.17569 2.50537 1.40642 1.08314 1.25034 0.266353 1.68608 -0.0944005 0.654396 -1.42757 -0.416891 -0.237578 
2.22 2.72741 1.54921 0.612399 1.9906 -0.518374 0.765056 0.000356594 0.158261 -0.963284 -0.495158 -0.191975 
2.18533 2.78411 1.42005 0.85694 2.14381 0.679049 0.709485 0.0605002 0.798477 -1.23712 -0.332469 -0.32848 
2.16364 2.63207 1.44914 1.51888 2.20684 0.629244 0.879126 -0.40646 1.29876 -0.732354 -0.216467 -0.299544 
2.04761 2.40716 1.8728 1.47402 1.89784 0.562324 0.476432 -0.426853 0.437696 -0.329242 -0.247438 -0.200244 
2.15436 2.49049 2.10584 1.04649 1.75236 0.848518 -0.134473 -0.700608 -0.456063 -1.22737 -0.293401 -0.157903 
2.08137 2.45058 1.5347 1.0505 1.79016 0.37146 0.403385 -0.331778 0.30495 -0.940635 -0.292448 -0.222949 
1.98512 2.43321 1.78459 0.826095 1.86545 0.370766 1.35457 0.17362 -0.0531022 -0.523964 -0.284716 -0.105963 
1.99331 2.42033 1.90496 1.12963 1.97485 0.651475 0.631149 -0.262895 -0.121525 -0.478541 -0.207155 -0.1301 
2.17381 2.28845 1.7282 0.801923 2.01636 0.982363 1.1327 -0.0407275 0.171464 -0.725451 -0.372832 -0.158724 
2.16389 2.60911 2.08597 1.22785 1.80501 0.548773 0.579094 -0.148105 -0.56418 -1.00527 -0.377388 -0.188351 
2.00614 2.42161 1.8622 1.35579 1.77848 -0.83198 0.524097 -0.416148 0.00243316 -0.117691 -0.0719569 0.0628324 
1.89513 2.14936 1.40381 0.492379 1.03018 0.454545 1.27824 0.453663 0.33778 -0.738861 0.0176203 0.00164661 
2.01815 2.21609 1.03173 0.792988 1.13934 0.144323 0.64562 -0.202247 0.190367 -1.26068 -0.134313 -0.0291236 
1.85961 1.90203 1.74908 0.908239 0.707448 -0.223087 -0.144493 -0.229183 0.0504203 -0.626117 -0.233996 -0.0701708 
1.72334 1.93327 2.52787 0.357838 0.790147 -0.948369 -0.266603 0.103084 -0.164286 -0.499656 -0.154512 -0.0435805 
1.72417 1.889 2.08541 1.05921 0.858051 -0.29624 0.0209714 0.0409128 -0.076836 -1.16523 0.0814389 -0.0141331 
1.77551 2.19563 2.0225 0.867262 1.25222 0.270275 0.178365 -0.583022 0.462833 -0.625217 -0.0969716 -0.0764895 
1.69378 2.1699 2.35246 1.32407 1.92854 0.331521 0.803584 0.412519 0.423839 -0.13893 -0.144815 -0.061241 
1.61378 2.45927 2.57478 0.745463 1.57057 0.054186 1.41137 1.19119 0.124674 -0.664752 0.265605 -0.0399637 
1.6332 2.40717 2.46933 0.985739 1.88159 0.0288215 1.80264 1.29958 -0.0871947 -0.403969 0.0812355 -0.0375735 
1.63015 1.93457 2.19472 1.44514 2.43358 0.6107 1.77225 0.961953 0.578262 0.584157 -0.269168 -0.0213129 
1.59687 2.13512 2.05329 1.31591 2.55757 1.17258 1.43526 1.2487 0.759699 -0.0996083 -0.234071 -0.1165 
1.62237 2.17767 2.48558 1.00829 3.00659 2.01065 0.634134 1.28452 0.251644 -0.257298 0.161451 -0.105685 
1.66548 2.10132 2.14315 0.966915 2.39839 0.944759 1.00162 1.12488 0.401154 -0.195054 0.13384 0.00615031 
1.60879 2.17484 1.80263 1.25606 2.30043 1.09761 1.06858 0.557136 0.987044 -0.521415 -0.00486307 -0.0982402 
1.52256 2.17102 2.30719 0.898707 2.55199 0.171203 1.67158 1.18786 0.909515 -0.263769 -0.24019 -0.05214 
1.52281 2.07462 2.63596 1.23431 2.55599 0.0167206 1.4223 0.883571 0.822002 -0.239276 -0.227359 -0.000881463 
1.57891 2.28045 2.50728 0.843811 2.34488 0.673398 1.08072 0.254176 -0.114198 -0.372025 0.204929 0.0200684 
1.60885 2.05055 2.88026 0.869436 2.52337 1.09246 1.47227 0.696219 0.889994 -0.242046 0.0222755 0.0909079 
1.57536 2.1438 2.46186 1.20948 2.49492 1.18304 1.37529 -0.0954861 1.1817 -0.21839 0.137613 0.137545 
1.47131 2.00144 2.69262 1.68817 1.48633 1.42351 1.56848 0.246829 1.07901 -0.787028 0.351378 0.0934933 
1.55862 2.09194 1.97045 1.239 1.89704 1.66343 1.60209 0.681445 1.32941 -0.797056 0.370043 0.0948705 
1.37897 1.91916 2.16557 0.434382 1.80686 1.33146 2.07246 0.987291 0.0989228 0.570806 0.400543 0.18934 
1.41101 1.53262 2.18406 0.864435 1.83017 1.3537 1.10398 0.998075 -0.618063 0.651039 -0.114775 -0.123275 
1.33448 1.36519 1.53806 0.905422 1.56269 1.23681 1.65549 0.784728 -0.211438 0.174392 -0.069304 -0.0134609 
1.36726 1.6043 2.49356 1.6049 1.60304 1.42968 1.63248 0.796229 0.3663 -0.21936 0.128043 0.0316346 
1.26654 1.79879 2.59613 1.81077 1.91776 1.56815 1.43331 1.00882 0.545737 0.320449 0.0358757 0.0657746 
1.23366 1.42219 2.19525 1.55342 2.09824 0.849073 1.41171 0.51094 1.33965 0.0878074 0.392185 0.226356 
1.34502 1.0415 1.66398 0.884558 2.96088 0.590727 0.62438 0.127662 0.938899 0.723935 0.803559 0.245168 
1.43949 1.03078 1.00827 1.24204 3.00681 1.36256 0.241935 0.281993 0.403081 0.431631 0.710663 0.117996 
1.32212 1.18197 1.39711 0.136127 2.92482 0.803373 1.13413 0.188886 0.522627 -0.0772599 0.406527 0.176989 
1.24368 1.01325 2.12268 0.344056 2.09293 0.526604 1.40402 0.329116 0.656081 -0.000778513 0.103282 0.103077 
1.10792 1.27497 2.0409 0.738065 1.89948 0.397524 0.894652 1.07528 0.484458 0.354668 0.0104198 -0.0313739 
1.16698 1.36765 2.06349 1.79316 2.16195 0.724906 0.929855 0.245479 0.22481 0.515033 0.17721 0.00550245 
1.20234 1.30542 1.98676 1.28705 2.07303 0.925489 1.48592 0.774322 0.406531 -0.0948091 -0.141155 0.0310316 
1.44166 1.45403 0.627559 -0.306722 1.25572 0.0419199 1.41817 1.79171 1.6258 0.302081 0.0887827 -0.101761 
1.28504 1.4947 1.14494 -0.374869 1.27237 -0.513122 1.78909 1.63051 0.581772 0.0678855 -0.172149 -0.192377 
1.28312 1.22965 1.46712 0.72429 1.54406 0.747763 2.21782 1.00694 0.473363 0.784437 -0.351274 -0.0498735 
1.16427 1.41116 1.53905 0.609654 1.55171 1.05737 2.62902 0.527471 0.854041 0.730269 0.0257375 0.140857 
1.06797 1.43968 1.95862 0.498107 1.4042 -0.0819236 1.17759 1.23114 0.651995 0.247671 -0.0315606 0.0484982 
1.09427 0.901111 1.87192 0.932739 1.37266 -0.538379 0.540581 1.66183 0.600079 0.482497 -0.267082 -0.0199723 
0.934926 1.09279 1.35401 0.527374 1.56359 0.791419 0.993557 1.09592 0.790224 -0.406667 -0.131628 -0.0820559 
0.788094 0.908091 0.934869 0.3573 0.443153 0.531578 1.22192 1.67288 0.827769 -0.217673 0.382275 -0.0476161 
0.93285 1.33885 1.35068 1.11975 0.936184 0.207068 1.90695 1.41416 0.826625 0.323205 0.758188 0.0638086 
0.982201 1.24547 1.97512 0.865214 0.765008 0.783424 1.79408 -0.0883157 1.10775 0.27063 0.603664 0.135274 
0.85583 1.24629 1.80976 0.839597 2.0948 0.899811 2.06043 0.92247 1.42785 0.568987 0.518185 0.150464 
0.97548 1.36334 1.46841 0.333882 2.7124 1.89761 1.82692 1.35825 1.55486 -0.047835 0.199038 0.151778 
0.957241 1.27737 1.4243 0.169925 1.69625 1.46721 0.746061 1.08353 1.25002 0.204172 0.262742 0.071051 
0.967028 1.22894 1.37835 0.60408 1.00406 1.4467 0.434902 0.821156 0.66681 0.376974 0.238936 0.0997183 
0.915064 0.999087 1.37729 0.495432 1.20134 1.08367 1.07674 0.551455 0.137096 0.535362 -0.505216 0.10711 
0.999653 1.29398 1.6881 0.945777 2.10438 0.97923 1.3528 0.930058 0.765897 0.42719 -0.477524 0.114961 
0.879282 1.15035 1.65745 1.21303 1.70296 0.667855 1.49223 1.80846 0.679586 0.227922 -0.0439423 0.0709032 
0.785214 1.06563 1.14399 0.978386 1.52169 0.51356 1.10914 0.531412 0.942919 0.596924 0.477727 -0.0731027 
0.806177 1.21243 0.710628 1.02586 1.21704 0.30889 1.35953 0.860975 -0.0441897 0.103876 -0.364632 0.0655366 
0.922289 1.51224 0.851222 0.556368 0.996844 0.889878 1.22328 0.870134 0.723497 0.30811 0.00692136 0.0363514 
0.974297 1.20187 1.36519 1.35605 1.713 1.36723 1.31919 0.0675063 0.814873 0.536638 0.1855 0.0998337 
0.765268 1.44503 1.16384 0.867166 1.63079 0.73029 1.38768 1.27865 0.64321 0.137952 0.274228 0.00722953 
0.663794 1.38417 1.74841 0.683788 1.18369 0.556744 0.794935 1.30568 1.49644 0.0752786 0.213305 0.0605567 
0.789233 0.961373 1.27609 1.16575 1.13262 0.4227 0.443303 0.946955 0.789241 0.249141 0.347994 -0.000501972 
0.772477 0.979961 0.882523 0.658958 0.888318 0.0401929 0.688245 0.656643 0.0275431 -0.472057 0.020222 -0.0687962 
0.705837 1.0128 0.520181 0.735574 0.897748 0.615712 0.844607 1.20474 1.13177 0.067555 0.244363 -0.0691761 
0.612406 0.714071 1.2692 0.796279 0.394796 0.51224 0.746257 0.521431 0.831702 0.371417 0.144496 0.0351005 
0.650069 1.08195 1.4334 0.353821 1.07651 -0.240372 1.1784 0.893311 0.456665 0.488971 0.209819 0.0577807 
0.680054 1.25294 1.10382 0.837158 0.739423 -0.268738 1.67156 0.716354 0.76585 0.229921 0.0187531 0.0469866 
