0.417391 0.952331 1.41753 0.782687 0.62686 0.429276 0.588821 1.25063 0.426088 0.0606262 0.141831 0.183446 
0.366768 1.35498 1.45628 1.44104 1.16779 0.252397 1.33283 1.30673 1.42104 0.201336 -0.028116 0.254196 
0.559458 1.28243 1.38387 1.83605 0.932532 0.22195 1.17557 1.01057 1.54693 0.455063 -0.191623 0.226481 
0.474577 0.893675 1.53738 1.53816 1.07785 1.2829 1.24978 1.38169 1.16365 0.786074 0.569188 -0.0686533 
0.528862 1.20324 1.20996 2.07071 0.702057 0.289568 0.950266 0.59093 1.27059 1.42154 0.649515 -0.101363 
0.46261 1.15178 1.35635 1.54577 0.520528 0.43407 0.46678 1.48403 0.485153 0.966136 0.484222 -0.0107807 
0.384876 1.16696 1.28592 1.02225 1.7631 0.863515 0.293633 1.4303 0.093848 0.58459 0.167236 0.0295941 
0.309311 0.895968 1.09732 1.179 1.38589 1.3825 0.695021 0.654251 0.865074 0.530406 0.0299536 0.123059 
0.2666 0.883845 0.874167 0.268478 1.41487 1.19217 0.941163 0.652455 0.57833 0.485471 0.0502073 0.22044 
0.415943 0.871004 0.768152 0.303978 1.3157 0.753498 1.16995 1.50245 0.769132 0.857019 0.0914317 -0.0805345 
0.491552 0.871894 0.619263 0.932472 0.697628 1.28885 0.438148 0.875572 0.831711 0.613396 0.236516 -0.0134209 
0.382408 0.850432 1.21226 1.52384 1.24105 1.45996 0.537843 0.82775 0.324178 0.302238 0.277181 -0.0764264 
0.514259 0.994044 1.27287 1.77451 1.71138 1.15587 0.932423 0.935879 1.00525 0.601732 0.595987 -0.07103 
0.621265 0.97289 1.89432 1.76906 1.77113 1.5281 1.21636 1.2221 1.78624 0.666182 0.646107 0.0694461 
0.887166 1.7447 2.47804 2.21106 2.13354 2.36157 1.27733 1.8398 1.18059 0.366664 0.274728 0.278651 
1.13795 2.32621 2.94011 2.64367 2.40993 3.09365 1.17101 1.8309 1.18189 0.0669622 0.448933 0.172474 
1.41116 2.57015 2.7276 2.71601 2.92986 2.55572 1.40416 1.54973 0.308242 -0.0499553 0.571906 0.0446628 
1.6748 2.65899 3.2388 3.24028 2.97536 2.52508 1.89549 0.516937 -0.593823 -0.372986 0.52046 -0.0547036 
1.71692 2.74834 3.70406 2.65397 2.52191 1.72993 1.41019 -0.544434 -0.173376 -0.0599447 -0.0383778 -0.0820377 
1.83653 2.97141 2.68512 1.89025 2.64334 2.42081 1.73636 -0.42403 -1.09555 -0.781803 -0.00279202 -0.0327265 
1.98359 2.83843 2.22153 2.15772 2.83668 2.76429 1.5335 -0.426116 -0.934318 -1.30519 0.0926718 -0.00282566 
2.04119 2.52871 1.93398 1.51497 3.67568 1.66542 1.79176 0.0432733 -1.18274 -1.00514 -0.0957987 0.0968936 
2.10437 2.33649 1.94521 1.45878 3.03498 2.01561 1.76788 -0.68706 -1.20465 -0.972674 -0.0796329 0.100362 
2.17659 2.31651 1.58722 1.48777 3.70555 1.37321 1.61218 -1.17727 -0.372484 -1.06661 -0.181984 0.084482 
2.16911 2.24624 0.545218 1.49275 4.28799 1.27897 1.04949 -1.28381 -0.348886 -1.15449 -0.179502 -0.000997873 
2.20639 2.08411 -0.0989851 1.15283 3.96759 1.49581 0.286491 -1.34548 -0.617936 -1.15184 -0.262572 -0.120454 
2.30071 1.79544 -0.727191 1.18611 3.73361 1.10913 0.160577 -1.9928 -0.691972 -1.35038 -0.426982 -0.158008 
2.26734 1.80388 -0.808183 0.741216 3.54852 0.92615 -0.00331292 -2.33244 -0.777206 -1.59643 -0.422842 -0.175259 
2.37037 1.9831 -1.18806 0.881101 3.57273 0.780925 -0.404283 -2.26616 -0.955427 -1.42359 -0.471749 -0.188984 
2.38241 2.22246 -1.56294 0.861634 3.62522 0.327688 -0.710786 -2.51893 -1.31046 -1.28402 -0.57777 -0.14042 
2.50256 2.14463 -1.79811 0.890488 2.8016 0.957126 -1.52617 -2.5281 -1.62605 -1.21447 -0.426285 -0.15148 
2.52792 1.53329 -1.29619 0.309118 2.8281 0.398144 -1.66128 -2.28678 -1.54921 -1.14049 -0.475697 -0.0461158 
2.41197 1.35932 -1.18019 -0.224068 2.66338 -0.211975 -1.66155 -2.56245 -1.28977 -1.24004 -0.398527 0.0341107 
2.44784 1.35585 -1.39673 -0.292787 2.57841 -1.1627 -1.12888 -3.12728 -0.867146 -1.30144 -0.442397 0.161886 
2.40425 1.3209 -1.50399 -0.244212 2.18083 -1.55065 -1.27867 -2.95464 -0.495137 -1.30598 -0.341464 0.212844 
2.59369 1.41259 -1.85348 -0.289028 2.57393 -2.15274 -1.26674 -2.24366 -0.687443 -0.745352 -0.586827 0.355654 
2.64019 1.50411 -2.24923 -0.202443 2.39222 -2.22612 -1.51829 -1.78478 -0.507748 -0.392004 -0.561681 0.388378 
2.71585 1.14069 -2.32346 0.137948 1.75033 -1.99295 -1.07959 -1.72697 0.357771 -0.621097 -0.301403 0.234632 
2.65226 1.10392 -2.38826 -0.169359 1.73281 -2.2322 -1.02847 -1.03678 0.784776 -0.120755 -0.324281 0.228749 
2.65093 0.965961 -2.81906 -0.0389088 1.64752 -2.73684 -0.989034 -1.36032 1.34508 0.108534 -0.0922659 0.212642 
2.58272 0.774293 -2.74497 0.113353 1.62342 -2.73597 -1.20978 -1.17848 1.50293 0.324809 -0.0338646 0.160159 
2.8366 0.591989 -2.90569 -0.0504128 1.9222 -2.75933 -0.524301 -1.23312 1.73758 0.297534 0.0126527 0.262458 
2.89189 0.456558 -2.82282 0.171215 1.89865 -2.11571 -0.494998 -1.00606 1.43988 0.254273 0.0920938 0.224672 
2.82706 0.307045 -2.39503 0.388356 2.3038 -1.97757 0.0462594 -1.32223 1.20228 0.02128 -0.155006 0.071267 
2.83094 0.611722 -1.7829 -0.0361331 2.67249 -1.8041 -0.393722 -1.47328 0.317942 0.0159074 -0.377961 0.136975 
2.76653 0.769474 -1.50777 0.0228414 2.98472 -0.887051 -0.831951 -0.361028 -0.0277205 0.121537 -0.523783 -0.11706 
2.72698 1.2815 -1.84018 0.0937321 3.11811 -0.787581 0.0174488 -0.658366 0.274523 0.109662 -0.562784 -0.08188 
2.70322 1.049 -1.71831 0.416269 2.93243 -0.769857 -0.303135 -0.908338 0.134756 -0.284256 -0.522688 0.000780229 
2.67229 0.81906 -1.46264 0.385266 3.14906 -0.749134 -1.07845 -0.966621 -0.22195 -0.0654598 -0.451426 0.0193118 
2.7356 0.795874 -1.51817 -0.419182 2.7664 -0.602646 -0.97037 -0.32041 -0.370261 -0.00406486 -0.251164 0.236984 
2.79321 0.880985 -1.69206 -0.58926 2.68586 -0.317153 -0.845272 -0.0299578 -0.0964292 0.255435 -0.156936 0.198328 
2.67405 1.05541 -1.37821 -0.0611406 1.68601 -0.0992248 -0.992346 0.153873 -0.207413 0.0067696 -0.079041 0.204624 
2.69081 1.01847 -0.888037 -0.403212 2.66249 -0.0838225 -0.68513 -0.170845 -0.137981 0.370219 0.261927 0.371356 
2.62636 1.09558 -0.97599 -0.00746087 2.71409 0.275798 -0.102482 -0.944582 0.522591 0.484761 0.386692 0.35741 
2.48425 1.35974 -0.61523 0.604165 2.51308 0.608336 -0.440348 -1.60787 0.533572 0.337353 0.517078 0.230168 
2.40051 1.25319 0.0503306 0.210439 2.45041 0.38977 -0.200147 -1.31599 0.365511 -0.209423 0.154746 0.318051 
2.50171 1.43422 0.0971373 0.384666 2.66165 0.00150784 -0.245387 -0.681303 0.535867 -0.0639841 -0.0949414 0.145956 
2.47899 1.34321 0.0336849 0.941328 2.19295 0.746345 0.72383 -0.648319 0.139584 -0.0833015 0.321035 0.326433 
2.55985 1.29125 -0.1474 0.874917 2.27929 0.50926 0.142614 0.3715 0.0563429 0.029969 0.202947 0.314451 
2.4279 1.55679 -0.0506878 1.19048 2.26088 0.221344 -0.17725 0.340502 0.649457 -0.0924835 -0.0889257 0.132623 
2.38544 1.55978 -0.279479 0.723972 2.66149 -0.438532 0.907846 0.280374 0.910192 -0.190855 -0.304664 0.165083 
2.22445 1.66554 0.150724 -0.371173 3.27023 0.271298 0.189213 0.146269 0.189879 -0.0327158 -0.0793162 0.12398 
2.13289 1.72487 0.43001 -0.0798222 2.36597 0.639688 0.418803 -0.0792279 0.0595747 -0.391723 0.125106 0.224539 
2.1534 1.26777 0.685566 0.393794 2.87523 1.47062 0.931474 -0.21355 0.564169 -0.64128 -0.0690978 0.252859 
2.14847 1.43236 0.69778 1.01953 2.44594 1.09097 0.697243 0.163772 0.698106 -0.691682 -0.157367 0.130515 
2.23768 1.55488 0.454798 0.681715 3.24655 0.266631 0.490678 0.8165 1.04031 -0.176055 -0.439207 -0.034894 
2.16021 1.29783 0.472283 0.858897 2.61969 1.29865 0.513585 0.335998 1.17039 -0.363884 -0.052083 0.125691 
2.18176 1.22732 0.896939 0.281262 1.39178 0.872416 0.129311 -0.000686912 1.09625 0.0233729 0.161493 0.209547 
2.12072 1.1879 0.584694 0.134468 1.94116 1.2974 0.242972 -0.21665 1.13127 -0.366083 -0.0335553 0.132628 
2.02698 1.40278 0.280079 0.284696 2.41224 0.934726 -0.0977886 0.641505 0.656288 -0.236445 0.212687 0.152335 
1.90495 1.72123 -0.0302098 -0.247374 3.01635 0.714211 0.211173 0.73776 0.315047 -0.19542 0.258841 0.116877 
1.91084 1.3466 0.361915 -0.116931 3.10721 0.954714 0.937809 0.874603 0.816298 0.0763224 0.134426 0.136134 
1.94847 1.51696 0.611906 -0.000437523 2.54912 0.831882 0.0949876 0.617045 1.26273 0.366544 0.623705 0.233769 
1.919 1.82956 0.156002 0.0167456 2.52501 0.57925 1.15337 0.340131 1.24496 0.253282 0.736518 0.384851 
1.90836 1.33442 0.728191 0.813578 2.12632 0.817139 1.84889 -0.197642 0.984357 0.0491091 0.262629 0.262573 
1.85212 1.45083 0.628721 0.570746 2.02907 0.766282 0.737243 -0.5664 0.495043 -0.253542 0.125225 0.128937 
1.869 1.49567 0.805172 0.217272 2.51364 0.984174 1.11189 -0.40999 0.798642 -0.321397 0.232627 0.274569 
1.89497 1.64383 0.970399 0.223608 2.15114 1.62122 1.10458 -0.394142 0.729295 -0.178792 0.465792 0.3449 
1.8704 1.44066 1.91889 0.898864 1.70832 1.34528 1.37048 -0.731846 0.255063 0.518495 0.286875 0.244853 
1.67753 1.44598 1.51025 0.759022 1.75829 1.07197 1.80954 -0.0788708 0.601827 0.44537 0.42405 0.289406 
1.59892 1.53023 1.20256 0.546065 1.89265 1.28728 2.05895 0.900669 0.632077 -0.00281299 0.673317 0.3658 
1.41922 1.57622 1.49505 0.755063 1.59156 1.02584 1.96484 0.874456 0.8041 0.28351 0.572726 0.233329 
1.38933 1.62171 1.86686 0.475768 1.2792 1.37312 1.81636 0.104418 0.14585 0.445401 0.247822 0.126927 
1.35524 1.40742 1.78169 0.689147 1.27792 1.77169 1.78706 0.352109 0.0267424 0.466506 0.367021 0.11959 
1.49319 1.27045 1.47647 0.711049 1.29378 0.999008 1.39347 0.4343 -0.335047 0.792587 0.539665 0.128856 
1.50753 1.63514 1.43041 0.67577 2.05458 1.8095 1.04282 0.560556 0.492451 0.341966 0.373641 0.149924 
1.54093 1.58082 1.84767 0.629514 1.97779 1.40095 0.782924 0.707226 0.250825 0.301023 0.267433 0.10168 
1.32004 1.47995 2.07582 0.73065 1.68002 1.17307 2.00822 0.141061 0.284738 0.865949 0.569347 0.245281 
1.28907 1.37014 1.46239 -0.135542 1.8701 1.43772 2.41666 -0.259027 0.727199 1.1823 0.746888 0.418829 
1.34758 1.33766 1.42221 0.146236 1.6084 1.19676 1.96861 -0.716844 0.627457 0.475252 0.38995 0.296002 
1.35673 1.44831 1.90559 0.725513 1.37927 0.887949 1.92622 -0.217334 0.00865684 0.505848 0.722726 0.276512 
1.11014 1.53176 1.82167 1.57708 2.31941 0.187791 0.826637 0.639051 0.604921 0.801366 0.797406 0.210568 
1.24231 1.44099 1.66007 1.3033 2.22837 0.871011 1.76334 0.653877 1.60286 0.373539 0.720784 0.288504 
1.30803 1.2834 1.68883 0.786553 1.27864 0.769975 1.63752 1.79737 1.35106 0.161706 0.807802 0.239065 
1.25446 1.58584 1.80281 1.05454 1.62564 0.615757 1.1537 0.663553 0.953278 -0.0644125 0.640725 0.185585 
1.26981 1.37253 2.33781 1.32881 0.849007 1.04386 1.95017 0.0200599 0.681348 0.253178 0.614607 0.170346 
1.19572 1.67203 2.41495 0.868376 1.18499 1.01456 1.79602 0.607613 1.25142 0.261776 0.658928 0.223422 
1.23744 1.55128 1.79551 1.1728 1.43316 1.35051 1.09052 0.461509 1.53922 0.112773 0.554339 0.194936 
1.20736 1.66465 1.77016 0.77243 0.357288 1.01554 1.36449 0.18016 1.3432 0.40382 0.654103 0.169385 
1.13833 1.72692 2.09153 0.930189 1.46566 -0.158837 2.18782 1.00126 0.495651 0.21011 0.477046 0.1527 
1.02523 1.66592 2.22612 0.627408 1.26498 0.451813 1.80762 0.845406 1.02112 0.309643 0.404329 0.145885 
0.985433 1.43456 1.24592 0.256695 1.43878 1.22951 1.49326 0.89613 0.452675 0.386614 0.430121 0.106085 
0.965833 1.23704 1.22816 1.1477 1.41782 1.16967 2.46354 0.769192 0.614871 0.065504 0.691093 0.126318 
0.844681 1.22201 1.98904 1.56746 1.46045 0.677137 1.90064 0.567146 0.578738 0.600333 0.741202 0.0511235 
0.693781 1.29033 2.00484 0.465078 1.65648 0.00807222 2.01422 1.71093 1.2599 0.780281 0.390231 0.058029 
0.887351 1.26414 2.15635 1.07208 1.49639 0.307688 1.5898 1.27772 1.73932 0.369781 0.428162 0.224579 
1.05427 0.998066 2.38361 1.23282 1.7296 0.206793 1.02774 0.526554 1.7189 0.757405 0.807876 0.31295 
1.04303 1.11791 2.02417 1.44694 1.39953 0.300768 2.04927 0.550606 1.07678 0.916732 0.791905 0.213386 
0.939912 1.4715 1.78722 1.58267 1.23116 -0.319183 1.91137 0.753722 1.25741 0.845351 0.324265 0.217544 
0.808456 1.5522 1.60483 1.68251 1.30407 0.19947 1.74479 0.952796 1.73561 0.939132 0.66025 0.188497 
0.749581 1.16459 1.83431 1.55492 1.13332 1.45752 1.52642 1.06206 1.95145 0.545537 0.715277 0.142878 
0.869104 1.11179 1.83873 1.39664 1.1807 0.354476 0.962787 0.792466 1.85219 1.19702 0.560786 0.152447 
0.854721 1.60592 1.47236 0.756556 1.344 0.95146 1.44558 1.00407 1.44019 0.629306 0.479307 0.10169 
