0.543843 0.921381 0.850658 0.856512 0.859836 -0.309234 0.332727 0.0266374 0.907525 0.386232 0.1354 -0.0371019 
0.647031 0.721808 1.29025 0.70781 1.15223 -0.148122 1.39937 -0.22176 0.568905 0.753632 0.22651 0.0524174 
0.580556 0.47725 0.821425 0.337544 1.58247 0.111958 1.07521 0.176891 0.208487 0.121541 0.255952 0.19191 
0.625011 0.534597 0.496159 0.776769 1.75816 1.13316 1.3993 0.00713443 0.505666 -0.128532 0.17903 0.118941 
0.580785 0.63497 0.997083 0.493337 1.391 0.509456 0.726487 0.244971 0.396224 -0.0526883 0.657935 -0.0239827 
0.53676 0.883636 1.18811 1.21245 1.03153 -0.450749 -0.0840734 0.213381 0.78891 0.546185 0.786266 -0.0985513 
0.619178 0.778595 0.774755 0.732626 0.221466 -0.258296 0.526347 -0.247677 -0.00114363 0.0966824 0.449985 -0.143675 
0.640753 0.711534 0.706125 0.869536 0.692911 0.184682 -0.057676 -0.0666076 0.697091 0.408251 -0.111397 -0.0668168 
0.597844 0.675214 0.85368 1.24769 1.25772 0.626287 -0.360837 0.675001 1.20926 0.620956 -0.232809 0.116232 
0.529945 0.769099 1.25198 0.807723 0.941731 0.982059 0.570514 0.797303 0.100123 -0.0894037 0.114722 0.26621 
0.528421 0.912414 1.42293 0.607118 0.873265 -0.0830129 1.89899 0.997382 -0.120822 0.416451 0.427317 0.0484737 
0.556691 0.649716 1.33409 0.40042 0.665178 0.461927 0.479802 0.751427 0.195305 -0.0345751 0.103544 0.177852 
0.568305 0.26055 1.35119 0.317191 -0.0871696 0.545697 -0.799138 0.1243 0.833349 0.609288 0.175759 0.262167 
0.496751 0.756955 1.17837 0.75867 0.65086 0.267598 0.222395 0.380024 0.571917 0.920667 0.162221 0.079964 
0.400446 -0.733347 1.52407 2.6315 0.230957 -0.22734 2.13989 0.598003 0.276906 0.262806 0.559209 0.00913132 
0.580014 -1.55548 1.94323 3.50875 -0.806937 -0.199697 2.52997 -0.334021 0.394684 -0.0279813 0.431055 -0.144897 
0.291859 -1.46704 3.37406 3.53693 -2.25212 -0.628027 4.50655 -0.870413 -0.823146 0.719809 0.494382 -0.437117 
-0.125029 -1.75804 4.22336 3.06382 -3.44247 0.197805 3.37096 -1.31637 -0.47067 1.39576 0.279064 -0.286918 
-0.637473 -1.08384 3.90156 3.16871 -3.38144 0.0153199 3.85052 -1.00792 -0.266616 0.945864 0.725198 -0.331841 
-0.959658 -0.953007 3.81571 2.24819 -3.24848 -0.0313246 2.74387 -0.910787 -0.264416 0.486422 0.75893 -0.45999 
-1.21046 -0.435288 3.4726 1.68124 -1.7645 1.09744 2.61912 -0.674324 -0.304307 0.897235 0.302701 -0.390816 
-1.37234 -0.43784 4.20652 0.590689 -1.90473 1.56056 2.27513 -0.363388 -0.411601 0.956242 -0.0192331 -0.330668 
-1.51325 -0.336283 4.41691 0.507826 -1.7324 0.831535 1.65195 -0.321405 -0.131643 0.703739 0.0729035 -0.182448 
-1.57681 0.0629478 4.06747 0.776231 -0.858698 0.37393 2.26768 -0.987004 0.920968 -0.0702396 0.597977 -0.177919 
-1.22101 0.00929681 2.07176 -0.261924 -1.90313 0.216677 2.87359 -1.15217 2.07072 0.203194 0.50772 -0.27719 
-1.35406 0.0170213 1.84195 -0.465154 -2.29045 0.244361 2.54215 -0.48786 1.66838 0.045982 0.164691 -0.299725 
-1.70295 0.195167 2.9708 0.284897 -0.562809 0.124908 2.08228 -0.143206 0.631129 0.234853 0.214461 -0.129458 
-1.74116 -0.165202 2.9114 0.545927 -0.3508 0.393619 1.14855 0.232819 0.965011 0.314111 0.0789825 -0.0106853 
-1.80778 -0.566321 2.95085 -0.35716 0.167473 0.598283 0.209555 0.458859 0.912105 0.564025 -0.201826 -0.0355311 
-1.72065 -0.568395 3.245 0.248098 -0.0588167 0.26437 0.105356 0.349486 0.388912 0.0302941 -0.0672521 -0.0548587 
-1.58488 -1.01506 3.38557 0.657844 -1.26995 1.29782 1.67655 -0.751824 0.819099 0.0332561 0.237991 -0.112977 
-1.35744 -1.2487 4.16933 0.569521 -1.64834 0.735217 1.94429 -0.38702 -0.10766 0.357868 0.317857 -0.274003 
-1.10594 -1.26776 3.38623 0.413992 -1.51321 0.278807 1.46487 0.0696339 0.819748 -0.448463 0.317773 -0.0407102 
-0.687806 -0.530414 2.99414 0.677994 -1.46073 -0.291212 2.28843 0.118031 0.538908 -0.203891 0.315604 -0.25794 
-0.183306 0.135462 3.23795 0.682376 -1.14543 -0.799431 2.36167 0.791436 0.488764 0.578645 0.291571 -0.316529 
0.18472 0.543824 3.03166 0.52132 -0.735526 -1.18108 1.40353 0.739862 0.375483 1.05718 0.0364253 -0.324704 
1.17544 0.999944 2.67007 0.00771135 -0.633758 -0.802537 1.51207 0.0481018 0.586548 0.620832 -0.0484716 -0.177805 
1.79261 1.15452 1.20484 -0.516456 -0.482657 -0.440056 1.57144 -0.941492 0.53899 0.826688 -0.0113859 -0.159999 
2.07721 0.601322 0.410643 0.234415 0.44306 -0.843353 0.829257 -1.02763 0.97526 0.86985 0.107098 -0.223588 
2.0394 0.926818 0.774572 0.0251316 -0.163952 -0.482812 0.561458 -0.851731 1.15972 0.646284 -0.0407082 -0.231291 
2.03191 1.30236 0.95408 -0.154174 -0.941316 0.561849 0.420387 -1.07973 1.21754 0.514468 -0.069812 -0.153855 
1.95514 1.34492 0.797422 -0.156173 -0.248872 -0.269258 0.0993832 -0.679194 1.59568 0.283259 -0.1593 -0.282137 
2.0431 1.27935 1.10379 0.123084 -0.0863064 -0.706538 -0.238485 -0.344449 1.78379 0.166618 -0.379477 -0.284544 
2.0519 0.880117 1.20096 0.156451 -0.246822 -0.21491 -0.238716 -0.20236 1.24618 0.0624177 -0.362917 -0.235719 
2.07148 0.609689 1.52796 -0.00138936 0.415273 0.132987 -0.834032 -0.0553405 1.21671 0.287324 -0.276852 -0.248772 
2.02288 0.877387 1.6842 0.347012 0.908837 -0.842913 -1.05614 -1.18157 2.0998 0.781472 -0.436976 -0.102985 
1.83669 0.956824 2.09102 0.529912 0.292539 -0.945282 -0.286267 -0.800006 1.01556 1.20389 -0.238226 -0.20426 
1.87393 0.761598 1.76871 0.690515 0.813746 0.402407 -0.324515 -0.6119 0.984838 0.960397 -0.109806 -0.238312 
1.8606 0.659948 1.8303 0.214058 0.755355 0.993854 0.520484 0.340243 -0.258992 0.880846 0.258638 -0.294547 
1.87361 1.02328 2.35575 0.43133 0.660187 0.447866 0.249804 -0.0344506 0.382921 1.52738 0.0185501 -0.289949 
1.9589 1.10931 2.08512 0.149 0.424146 0.507808 1.07601 -0.211103 1.27814 0.60119 -0.288541 -0.0397961 
1.87991 1.36991 1.40712 0.473822 0.341318 0.554448 1.58473 -0.0505852 1.02374 0.55751 0.165355 0.0311388 
2.02649 1.38407 2.31261 -0.0728794 0.129154 0.00394866 0.979311 -0.46639 1.10723 1.15107 0.0144123 0.0839798 
1.92307 1.23778 1.84385 -0.279715 0.728217 0.534714 0.503541 -0.145568 0.94391 0.490311 -0.0484657 -0.00918885 
1.99493 1.01487 1.42221 0.174575 1.06454 0.623565 0.721981 -0.601118 1.03875 0.277929 0.00669416 0.120404 
2.16843 1.18865 0.934859 0.367615 1.55704 0.122303 -0.11804 -0.457684 1.11331 0.399593 -0.00809701 -0.0797243 
2.12658 0.47641 0.721036 1.10224 0.875703 -0.203384 0.060637 -1.00057 1.68113 0.691187 -0.292918 -0.278033 
2.06472 0.345403 1.27461 1.0059 -0.135279 -0.681913 0.756004 -0.160864 0.911059 0.375867 -0.114499 -0.108427 
2.32982 1.18245 0.860677 0.236044 0.431115 -0.950018 -0.0453904 -0.194182 1.27304 0.421423 -0.225906 -0.215379 
2.40369 1.17943 0.946402 -0.373931 0.951928 -0.854189 -0.451274 -0.585348 1.83667 0.562936 -0.427577 -0.218808 
2.42637 1.16436 0.800232 -0.707194 0.622442 -0.578193 -0.651411 0.27964 1.47614 0.411305 -0.170917 -0.20239 
2.38372 1.33271 1.03865 -0.26038 1.01292 -1.10964 -0.696882 0.496402 1.77734 0.764277 -0.150455 -0.203819 
2.22697 1.51076 1.08877 0.566183 1.34062 -0.78553 -1.19493 1.04874 1.92687 0.7786 -0.173037 -0.308734 
2.24774 1.56206 0.994043 0.564619 1.17063 -0.903845 -0.230184 0.420285 2.02264 0.821551 -0.193927 -0.277041 
2.22446 1.41367 1.1458 0.904493 1.54867 -0.561945 -0.0173348 0.434396 1.52512 0.748766 -0.425213 -0.410026 
2.20796 1.38867 1.79043 0.476427 1.29848 -0.310013 -0.575767 0.545891 1.95762 0.938648 -0.0952913 -0.16414 
2.12354 1.43652 2.00477 0.209624 0.637667 1.02924 0.325683 0.497665 1.04978 0.184404 -0.13032 -0.0746049 
1.94086 1.72615 1.73124 0.58987 0.241392 0.772481 1.51755 0.00136768 0.393256 0.271047 0.026417 -0.00711928 
1.97672 1.71064 1.32778 0.593679 0.949176 -0.0801596 1.83575 -0.0236113 0.746652 0.233392 0.14854 0.109641 
2.03603 1.67418 1.50867 -0.0706349 0.536187 0.803541 1.64715 0.277378 0.527246 0.693791 0.125198 0.0182664 
2.01727 1.88022 1.3083 -0.103102 0.954022 1.15179 1.90009 0.87743 0.79322 0.322344 0.26281 0.178253 
2.04618 2.20548 1.6159 0.203383 0.792939 0.78098 1.46838 0.362762 1.63106 0.586896 0.255963 0.115655 
1.93499 1.98556 1.84651 -0.0156616 0.809789 0.686044 1.12872 0.743007 1.56425 0.764671 0.452473 0.237392 
1.9768 2.1688 2.01914 -0.203564 0.778087 1.06534 1.46959 0.871322 1.17091 0.925162 0.275514 0.147382 
1.94022 1.98076 2.31023 -0.214107 0.865609 0.343876 2.29526 1.11459 0.340882 0.831785 0.178286 0.129711 
1.80678 1.99639 2.57571 0.332705 1.66845 0.115932 2.00599 0.700453 0.515282 0.932444 -0.0120988 0.14224 
1.75626 1.98393 2.16545 0.371195 0.336517 0.923081 2.31013 0.47958 0.843251 0.629479 0.195708 0.111918 
1.69844 1.8397 2.08738 0.739313 -0.053059 0.62145 1.72619 0.892394 1.06032 0.820412 0.525792 0.164339 
1.86485 1.9637 1.78588 0.364563 0.899352 0.0465987 1.40946 1.6085 0.781607 0.901493 0.449404 0.152063 
1.85145 1.66124 1.93701 0.216946 0.932211 0.510458 1.18554 1.33843 1.24735 0.667688 0.475845 0.200452 
1.75736 1.91267 2.14469 0.700509 0.868327 0.405278 1.60651 1.2765 1.35365 1.11395 0.256164 0.105411 
1.80508 2.12239 2.22699 0.711997 1.46507 0.436592 1.81211 1.82137 0.206959 0.572523 0.247221 0.0773597 
1.66954 1.95096 3.01953 0.855866 1.91315 1.20079 2.20894 1.00349 0.12937 -0.115389 0.368711 0.171647 
1.62655 1.95537 2.9061 0.895688 1.06415 0.899046 2.03727 0.996747 0.977964 0.645776 0.365461 0.195596 
1.61218 1.45161 2.21166 0.617391 1.26518 0.683219 2.35319 1.04164 1.21193 1.04795 0.633684 0.341398 
1.55429 1.70418 1.82785 0.84972 1.11177 0.950298 1.51702 1.36321 1.24819 1.05602 0.75214 0.298598 
1.51985 1.70679 1.74013 0.982017 1.67311 1.14483 1.45153 1.19504 1.60182 0.962052 0.319392 0.17644 
1.53085 1.66591 2.31154 1.24031 1.24164 1.21015 2.37825 0.876308 1.07322 0.317754 0.317116 0.177112 
1.45729 1.89781 2.57306 0.582037 1.63174 0.703578 1.74115 0.760159 1.20293 0.18027 0.566617 0.301531 
1.40904 1.89751 2.17987 0.560265 1.79707 0.472839 1.17851 1.00535 1.82787 0.8051 0.617864 0.333407 
1.24574 1.58064 2.40005 0.685996 1.52852 1.12136 0.666709 1.33513 1.37597 1.201 0.846242 0.30489 
1.32853 1.51891 2.4004 1.32553 2.37581 1.00845 1.39262 0.824453 1.55467 0.267534 0.470553 0.312217 
1.30107 1.84534 2.16708 0.904171 2.67393 1.11966 1.17966 1.26719 1.07884 0.237153 0.447217 0.169583 
1.29918 1.71151 2.42096 1.03082 2.09351 0.734742 1.65919 1.57141 -0.218549 0.394204 0.725628 0.150135 
1.31821 1.72608 2.11797 1.13411 1.38006 -0.151606 2.0062 1.82033 0.0362945 0.580763 0.487846 0.142836 
1.24694 1.46432 1.97435 0.716948 1.16398 0.30271 1.06452 1.4886 1.13803 0.568909 0.524976 0.138059 
1.20805 1.43582 1.71786 0.640331 2.53054 0.195373 0.761945 0.819436 0.991047 0.259518 0.60688 0.136312 
1.12509 1.38957 2.13742 1.19719 1.84189 0.336282 1.07044 0.582968 1.61186 0.235211 0.522769 0.203464 
1.08186 1.34697 2.77844 1.28847 1.75599 0.471501 2.29199 0.409954 0.969894 0.578402 0.532169 0.264448 
1.05138 1.17576 2.42021 1.40368 1.55473 0.293162 1.82169 1.14434 1.28676 0.299687 0.691057 0.252891 
1.07585 1.06033 2.18281 1.55375 1.40326 -0.132847 1.48131 0.820875 1.19058 0.178684 0.705067 0.227569 
1.07159 1.15703 2.09479 1.26747 1.72229 -0.0851377 1.15963 0.847611 1.42881 0.21314 0.753318 0.221599 
1.05805 1.08444 2.24959 1.51786 1.53202 -0.320527 1.33773 0.771968 1.65429 0.700874 0.31767 0.275763 
0.950861 0.799827 2.20675 0.962569 1.63611 0.581538 1.54307 0.0143383 1.04167 1.10623 0.216895 0.171314 
0.92861 0.850908 1.87673 1.10508 1.15466 0.876293 1.08952 0.375689 1.18712 0.8258 0.922338 0.0111799 
0.88492 1.19388 2.0742 0.799009 0.587102 0.77265 1.06251 0.715846 1.81661 0.562524 0.867342 0.0612389 
0.85667 1.01582 1.79265 0.529786 0.765673 0.312625 0.964436 -0.550277 1.5694 0.699606 0.312869 -0.0887502 
0.971437 1.00997 2.28447 1.56587 0.409318 0.971061 -0.0664252 -0.659246 1.21072 0.500021 0.674247 0.0899334 
0.986543 1.26779 2.19927 1.32292 0.403024 0.6669 0.761784 -0.296789 1.07802 0.0979343 0.487761 0.137232 
0.975959 0.889227 1.81795 0.274619 0.174782 -0.212561 0.830051 -0.0522951 0.958469 -0.0378598 0.286777 0.0857707 
0.952927 1.23213 1.47515 1.40859 0.0973825 0.565741 0.455064 0.464224 1.4612 -0.114166 0.366077 0.0423392 
0.895411 0.897153 1.52891 1.28781 1.13364 0.386647 0.826072 0.731779 1.13601 0.225074 0.379278 0.0372699 
0.842676 0.837281 1.90165 0.55067 0.827734 -0.0025695 0.87969 0.735398 0.834989 -0.0432152 0.562344 0.0718565 
0.882449 0.876239 1.73044 0.159639 0.476888 0.165843 1.85225 0.383147 0.985915 -0.450345 0.165674 0.103441 
0.775744 0.967298 1.74975 0.524792 1.64697 1.03713 1.37569 0.9766 0.642553 0.393406 0.183534 0.0616322 
0.896118 1.34442 1.79422 0.671347 2.45255 1.31189 0.755187 0.890425 1.04742 0.453064 0.234702 0.138865 
0.78872 1.21145 2.12699 0.570172 1.78273 0.416258 2.0312 0.567723 0.303431 0.10903 -0.315234 0.234124 
0.789787 1.11487 2.52703 0.509229 1.20467 0.873402 1.72587 0.677049 0.6944 0.0826828 -0.432204 0.190898 
0.773231 1.23251 2.39252 0.77354 1.20739 0.0902056 1.86781 1.50224 0.910424 0.341372 -0.107124 0.196986 
0.817945 1.00269 2.16599 0.943039 1.60959 0.436964 1.53197 0.792106 0.507536 0.36368 0.0920422 0.131587 
0.914685 1.35613 1.63422 0.594283 1.56055 0.172533 1.56747 1.55285 0.983222 0.0931085 0.561045 0.089951 
0.966986 1.20658 1.89515 0.417855 0.806097 0.10351 1.62801 1.12787 -0.277708 0.0206223 0.453674 0.0270947 
0.869447 1.20633 1.62563 0.737054 1.13495 0.00234449 1.084 1.00477 0.304299 0.383391 0.383592 0.0905574 
