0.379295 1.05993 1.8051 1.34209 1.75559 0.889683 1.03639 1.22755 0.581209 0.353578 -0.0117052 0.104977 
0.396578 0.864417 1.43536 1.75139 1.51507 0.204892 1.29022 -0.084887 0.309375 0.340011 -0.449513 0.0291061 
0.473661 0.980499 1.44024 1.08717 1.09105 0.340909 0.66113 0.0573703 -0.365746 0.310742 -0.453456 0.0156054 
0.575752 1.02589 1.50705 1.29025 1.50889 0.886746 0.771181 0.76246 -0.0304203 0.349497 -0.101173 0.0700711 
0.488412 1.02796 1.83145 1.67927 2.65501 1.08249 0.132401 1.53382 0.383696 0.214514 -0.0312024 0.115701 
0.54794 0.978456 1.85491 1.69732 1.82858 1.4475 0.309681 1.09194 0.507899 -0.108425 0.11667 0.140575 
0.660107 1.16357 1.38686 1.16864 0.745575 0.250661 0.481409 0.701453 0.246821 0.119608 0.304118 0.113329 
0.712461 1.38541 1.35913 1.04202 1.54907 0.401232 0.376781 1.00727 -0.189986 0.584746 0.590163 0.0404222 
0.750722 1.2837 1.30672 1.10496 2.49938 0.630657 0.525973 1.51785 -0.329154 0.300516 0.0811656 0.104005 
0.649577 0.747731 1.78482 0.750635 1.68973 0.781512 1.17548 1.19269 0.855919 0.092154 0.378344 0.0941351 
0.753322 -0.107801 2.68642 -1.18163 0.130973 0.785225 -0.0253923 -0.317802 -0.570821 1.03548 0.362927 -0.137459 
0.660563 0.0373252 2.37564 -1.67033 -0.159198 0.880435 0.0297376 -0.511271 -0.626187 0.729326 0.122852 -0.247403 
0.560593 0.514463 1.57687 -2.13693 0.47538 1.11357 2.39296 0.244901 0.458752 0.759958 -0.38191 -0.584814 
0.539221 0.482267 1.52966 -1.29146 0.00193466 0.265997 2.71714 -0.14267 0.534079 0.941 -0.911205 -0.593644 
0.418341 0.449368 1.47372 -0.841757 -1.01546 1.08202 1.69001 0.37249 0.632671 0.156055 -0.485186 -0.883235 
0.521185 -0.303576 0.753762 -1.15137 -0.870805 2.91942 1.67576 -0.253598 0.00667972 0.401173 0.332025 -0.909973 
0.55708 -0.179817 0.130468 -1.27231 -1.53453 3.64339 2.07421 0.224842 -0.00343249 0.451255 0.313467 -0.769995 
0.832931 -0.610258 -0.487062 -1.07228 -1.0581 2.07473 3.16581 -0.0719677 0.670684 0.455171 0.191624 -0.390461 
0.865624 -0.611139 -0.136179 -0.698705 -0.117581 1.59588 2.77993 -0.691973 0.242829 0.300984 -0.00753351 -0.277232 
0.757874 -0.814474 0.786439 -0.490993 0.0226161 0.550508 2.25868 0.496485 0.349191 0.361318 -0.164742 -0.676042 
0.56362 -1.06378 0.0354509 -0.369153 0.88358 -0.389733 1.8455 1.38522 -0.112466 1.36452 -0.405544 -0.695064 
0.719133 -2.00727 -0.520415 -1.05961 1.02181 -0.0437526 1.68715 0.516459 0.752146 1.92054 -0.357561 -0.718619 
0.550797 -2.20049 -1.43773 -0.933893 0.635263 0.310652 1.17762 0.273071 0.971678 1.89415 -0.344904 -0.624141 
0.739678 -2.29096 -0.968814 0.0136294 1.50568 0.207477 0.671345 0.416933 1.0186 1.34818 -0.478708 -0.503081 
0.786419 -2.48019 -1.1591 -0.133778 1.89584 -0.416226 0.67079 0.774863 1.11225 1.63266 -0.381614 -0.567481 
0.906991 -2.33643 -1.57391 -0.0561266 1.37731 0.245382 0.762656 0.565799 0.783268 1.90782 0.0436841 -0.533101 
1.07377 -1.72716 -1.55816 -0.090152 0.379027 0.0329879 1.40453 0.54214 0.802159 1.26533 -0.0642423 -0.364276 
1.12888 -1.18294 -1.25246 -0.548175 2.28492 -0.0253354 0.591366 0.750222 0.882756 0.790022 -0.554229 -0.251221 
1.05365 -0.951232 -0.0399602 0.0376008 3.11342 1.01487 0.766536 1.52016 1.31897 -0.0806088 -0.145633 -0.275528 
1.1702 -0.405467 0.448482 0.879024 3.01365 1.23741 1.24897 1.54588 2.30159 0.92107 0.00380371 -0.28886 
1.99448 0.0137535 -0.0993389 1.08703 4.02791 2.17381 1.52563 -0.216862 1.14257 0.365438 -0.275451 -0.00157131 
2.3812 -0.177247 -1.20246 0.191149 3.4519 3.04884 0.297878 1.29966 0.681465 -0.0494079 -0.0516267 -0.0141805 
2.24307 0.193436 -1.96041 0.639202 3.5648 2.68519 1.02415 0.809859 0.853733 0.0685184 -0.0814639 0.0318854 
2.18759 0.293639 -1.21414 0.337604 3.56137 3.05592 0.485836 1.02272 0.650104 -0.00756869 -0.0555252 -0.0236769 
2.2107 0.36183 -0.632117 0.0776721 3.43881 3.07576 0.688212 1.31798 0.691565 -0.116957 -0.0837269 -0.0506796 
2.17344 0.52004 -0.981702 0.373098 3.72244 3.80154 -0.0902349 0.973666 0.433884 0.185252 0.260356 0.0248265 
2.13704 0.45565 -0.834108 0.128719 3.94594 3.01774 0.893691 0.606564 0.741223 0.230662 0.20904 0.0537738 
2.0694 0.385875 -0.736954 0.629558 4.34803 2.59946 0.71141 0.683465 0.777251 0.224419 0.195375 0.149632 
1.91007 0.762029 -0.766919 0.341625 4.49298 3.10674 0.767911 0.527353 0.775722 0.254305 0.429063 0.0916463 
1.78194 0.617709 -0.778691 0.607543 4.45035 3.15511 -0.23045 0.863407 1.29375 0.146205 0.605292 0.0515255 
1.71512 0.464194 -0.64696 1.17257 4.50291 3.6367 -1.20414 0.676856 1.44422 0.191377 0.813436 0.102885 
1.59623 0.709493 -0.868876 0.986335 4.61064 3.63804 -0.800219 0.376937 1.52039 0.0494319 0.930083 -0.0257837 
1.65235 0.681779 -1.08576 0.437115 4.69754 3.69378 -0.297801 0.369314 1.05883 0.0991717 0.861435 -0.0205856 
1.74583 0.406823 -0.64504 0.178022 5.08842 2.90782 0.153112 0.284229 1.37679 0.146411 0.534057 0.0516171 
1.87698 0.495942 0.147665 0.264757 5.74466 2.79924 0.564808 -0.317633 1.05216 0.287222 0.261207 0.194145 
1.83763 0.576669 0.568765 1.12544 6.0473 2.65905 -0.156679 0.0058588 0.98939 -0.0410015 0.344724 0.17684 
1.61066 0.80581 1.02477 1.30245 6.45864 2.70222 0.607347 0.174739 1.36284 -0.33582 0.184491 0.249464 
1.64111 1.12347 1.01639 1.02946 5.43206 3.25584 1.20036 0.765525 1.47276 -0.302842 0.0878846 0.144073 
1.77922 1.07314 1.00792 0.396304 5.41685 3.33588 1.10395 0.982212 1.76237 -0.0423462 0.00372932 0.0388135 
1.65344 0.946809 0.472484 0.403782 5.01106 4.00715 0.337592 1.16481 1.44507 0.0213619 0.543758 0.0133553 
1.73705 0.525445 0.532849 0.55347 4.88203 3.52264 -0.19386 1.46523 2.03662 -0.148 0.446522 0.0947605 
1.81576 0.5466 1.10439 0.920593 5.07256 3.89388 -0.286912 1.22414 2.08821 -0.297927 0.426318 0.220566 
1.76785 0.854955 1.17069 0.606624 4.72139 3.97619 0.338207 1.46621 2.12409 -0.399031 0.203007 0.112556 
1.74282 1.02864 1.35622 0.512075 5.38666 3.94075 0.613001 1.07868 1.93609 -0.324354 0.400357 0.187268 
1.74033 0.972472 1.04353 0.50731 5.28678 3.59091 1.23984 0.821064 1.80397 0.0564587 0.283989 0.243952 
1.74746 1.05531 1.16455 0.629418 5.34158 3.28723 1.50641 0.931552 2.23681 -0.122608 -0.00803449 0.232006 
1.68503 1.13196 1.4769 0.923531 5.64459 3.49464 1.47474 1.05508 2.23423 0.00475722 0.0219515 0.228586 
1.6826 1.06723 1.43171 1.0881 5.32625 3.57076 1.36996 1.37046 2.06435 -0.0716072 0.050893 0.218648 
1.82634 0.903154 0.761331 1.87188 4.93049 2.65343 1.68135 0.629876 1.85547 0.164675 0.0741102 0.277042 
1.73035 1.27998 1.21712 2.1368 4.23841 2.66629 1.45673 1.13561 1.64509 0.32147 0.178589 0.175318 
1.79666 1.26103 1.18641 2.41262 4.60827 3.70636 0.6138 1.19482 1.65476 0.422902 0.241197 0.0764032 
1.84572 1.20209 0.995216 2.05588 5.00459 3.74869 1.63662 0.757661 1.74754 0.170337 0.103945 0.151207 
1.89001 1.27153 0.993073 0.623964 4.76622 4.1377 1.83092 1.19168 1.30694 0.179172 -0.0551288 0.00908502 
1.9607 1.14059 0.810648 0.923415 5.1545 3.2579 1.63468 0.992004 1.05656 0.568093 -0.0105503 -0.00177964 
1.7853 1.08544 0.918126 1.04618 5.49143 3.2765 1.06938 0.263284 1.31512 0.337879 0.428491 0.197267 
1.72567 1.51691 0.744434 1.17471 5.24759 2.20777 1.46687 1.22902 1.53382 0.147663 -0.0430412 0.0268532 
1.73732 1.14735 1.63691 1.19923 4.3394 2.65749 2.07272 1.62924 1.93064 0.110149 -0.544329 0.0529234 
1.73642 1.40649 1.21994 1.55254 3.53818 2.48652 2.66417 1.74699 1.91076 -0.28827 -0.466044 0.0543956 
1.73264 1.31016 1.15411 1.68955 3.6207 1.97395 1.69216 1.62737 1.68991 -0.236604 -0.308003 0.0429948 
1.63247 1.63586 2.03915 1.4979 3.80502 1.92807 1.35875 1.71496 1.55763 0.17658 -0.0353506 0.0590113 
1.70541 1.5283 1.51262 1.22998 3.58753 1.92445 1.24313 0.76625 2.29701 0.129411 0.101057 0.105131 
1.49018 1.67746 1.87028 1.14311 3.23866 1.67132 1.15811 1.23987 1.71904 0.00629353 0.26944 0.14149 
1.45441 1.95371 1.69871 1.29735 3.19564 2.57229 2.1805 0.97894 1.45748 -0.117596 0.0160207 0.110284 
1.53576 1.4685 1.77601 1.97425 3.63061 2.44487 1.89374 1.18549 1.44802 0.230575 -0.172701 0.0942353 
1.58457 1.57144 1.97635 1.75566 3.50873 1.7653 1.27057 0.846687 1.13651 0.432617 -0.0139176 0.0415763 
1.50666 1.44474 1.45255 1.7407 3.60848 1.94626 2.11696 1.20894 0.974866 0.573875 -0.323972 0.0651186 
1.45126 1.15928 1.59407 1.7793 2.5767 1.76969 1.93691 1.05787 1.62568 0.541186 -0.301282 0.0611316 
1.55952 1.21879 1.3824 2.03061 2.70126 1.02346 1.42657 0.449947 1.80182 0.851132 -0.194771 -0.0413592 
1.53639 1.35546 1.51288 1.08891 2.04743 0.882066 2.03925 0.781623 1.76792 0.528077 -0.226871 0.00977451 
1.40847 1.84698 1.8183 0.00439671 1.30153 1.22823 1.49875 1.06215 0.957446 0.490273 0.241126 0.0684863 
1.26204 1.37911 1.86143 1.55597 2.42747 2.10567 1.59904 1.6668 1.56416 0.216106 0.131979 0.201936 
1.3728 1.52521 2.24207 1.61145 2.58194 1.55015 1.50024 1.14241 1.34525 0.363361 0.598775 0.295031 
1.51784 1.83286 2.23293 0.747244 2.19188 0.846486 1.82749 1.16184 1.65839 0.255125 0.74113 0.395481 
1.53528 1.60514 2.28686 0.7545 2.24673 0.390946 1.93784 0.981588 1.29487 1.0993 0.696435 0.456606 
1.4908 1.62749 1.89822 1.12878 1.93364 0.969491 1.19262 1.33157 1.60246 1.14331 0.802652 0.343502 
1.33644 1.7356 2.27784 1.6085 2.1643 1.52082 1.85268 1.11914 1.85827 1.67115 0.0293265 0.28198 
1.33146 1.63249 2.17748 1.77337 1.74831 1.5265 1.94666 1.61509 1.66549 1.10736 0.327446 0.272094 
1.339 1.89098 2.10455 2.05663 1.93305 1.14833 1.47664 0.987406 1.42098 1.00587 0.659036 0.321263 
1.33327 1.84153 1.86473 2.49407 2.25947 1.48052 1.63382 1.02823 1.2008 0.957712 0.61394 0.286834 
1.38732 1.81337 1.99209 1.89461 2.07082 1.35839 1.91401 1.42059 0.936838 0.64345 0.770179 0.317739 
1.41831 1.9653 2.2798 1.27166 2.33207 1.5957 1.73294 1.49038 1.27655 0.589886 0.615683 0.287407 
1.4608 2.02067 1.99298 1.2215 2.43995 1.48886 1.81134 0.87006 1.08164 0.834369 0.630642 0.331469 
1.42831 1.83111 2.20179 1.55955 2.28519 1.84551 2.00441 0.941619 1.05812 0.775769 0.536297 0.292813 
1.39428 1.84988 2.48782 1.77095 1.84888 1.18797 1.52695 0.505123 1.27803 0.964086 0.595105 0.321043 
1.3758 1.81211 2.38948 2.32825 2.06535 0.998348 0.551606 0.635423 1.36414 0.618001 0.679246 0.290262 
1.40278 1.70212 2.62694 1.95847 2.39623 0.558847 0.791793 1.58705 1.34897 0.701822 0.430561 0.285253 
1.21252 1.73679 2.42172 2.03586 2.49206 1.31777 1.66023 1.8544 1.27915 0.697619 0.399655 0.285699 
1.23234 1.82079 2.56832 1.60392 1.58431 1.47266 1.51008 1.56948 1.37244 0.19464 0.941127 0.286103 
1.32686 1.7051 2.18926 1.81621 1.81211 1.88182 1.04061 1.65649 1.32875 0.529498 0.743691 0.30103 
1.21298 1.49171 2.04667 1.60129 2.3783 2.06106 1.30891 0.970218 1.42215 1.4667 0.361774 0.262412 
1.21514 1.59876 2.25225 1.83051 2.27565 1.37396 1.7415 1.01642 1.61418 0.9782 0.42886 0.302147 
1.33736 1.87457 2.8027 1.44434 2.16295 1.56754 1.30565 1.43958 1.31281 0.882266 0.409539 0.273774 
1.48446 1.76262 2.21632 1.27139 2.20709 1.67448 1.70895 1.15518 0.909182 0.431805 0.758118 0.326089 
1.35978 1.76173 2.3198 1.46409 2.29236 1.09378 1.0446 1.83951 1.00358 0.691875 0.702974 0.259337 
1.14926 1.84864 2.26174 1.47999 1.5658 0.921335 2.0145 1.26435 0.897877 0.907015 0.745175 0.252752 
1.27318 1.49368 2.2811 1.52622 1.28774 1.06598 1.88921 1.58004 1.4347 0.956263 0.327529 0.222583 
1.27237 1.56216 2.39035 1.16483 1.65688 1.39861 1.30875 0.434389 0.879721 1.18409 0.415394 0.227266 
1.25508 1.75388 2.31114 1.02846 1.97617 1.15377 1.05096 0.734339 1.76518 1.21494 0.401277 0.311423 
1.27415 1.86759 2.0729 0.928385 1.81792 0.823182 1.81321 1.69464 1.46648 1.14374 0.251839 0.224328 
1.22368 1.39396 1.83391 0.861861 2.23718 0.703218 1.26633 2.019 1.09881 0.302897 0.625425 0.182061 
1.12203 1.64317 2.13244 1.18334 1.87284 0.442797 1.58571 1.54399 1.67837 0.255858 0.375869 0.225189 
1.08003 1.79602 2.4336 1.07758 1.38677 1.13405 1.92734 0.536938 1.35316 0.719579 0.273965 0.222654 
1.14433 2.1816 2.21046 0.596438 1.80674 1.26124 2.10559 0.877544 1.09374 0.321473 0.233676 0.16612 
1.1636 1.94188 1.74561 1.49914 2.39726 0.589903 1.20885 1.03503 1.01182 0.790138 0.80184 0.262054 
1.19601 1.93608 2.08901 1.0361 2.14343 0.451178 1.18085 0.784293 1.69363 1.2492 0.440294 0.336155 
1.29054 1.64721 2.34305 0.91363 2.14433 0.741335 1.12791 -0.240831 1.56305 1.58544 0.486165 0.404124 
1.30272 1.71944 2.21867 1.48165 2.39851 1.28434 2.23308 0.977214 1.26036 0.445603 0.478103 0.289982 
1.18344 2.04625 2.5307 1.52932 1.65267 1.35089 1.74383 1.38401 1.25298 0.594471 0.607376 0.247181 
1.14037 1.81452 2.31188 1.12547 1.86591 1.03361 0.785943 1.93815 1.34821 1.03254 0.712891 0.26011 
1.1027 1.59114 1.93232 0.606746 2.13333 1.27307 0.993359 1.6224 1.65733 1.50343 0.513183 0.228407 
1.03852 1.47646 2.00173 1.40096 1.2199 0.91391 1.34052 1.2919 1.72647 1.14857 0.526407 0.238664 
1.16016 1.70801 2.02453 1.98346 1.05593 0.887106 1.67325 1.01898 1.26621 0.412886 0.613095 0.192997 
1.09978 1.68159 2.30012 1.26937 1.6633 1.22313 2.18685 1.50235 1.01347 0.115211 1.00364 0.192449 
1.06773 1.56777 2.13094 1.11585 1.50295 0.323384 2.16375 1.20033 0.936663 0.80125 0.617452 0.210307 
0.93872 1.59892 1.86399 1.06601 1.73449 0.347118 0.984182 1.1082 0.618064 1.12699 1.36905 0.117695 
0.972346 1.57721 2.3503 1.07525 2.93507 1.1102 1.19906 0.35028 0.855386 0.970403 0.832003 0.203072 
1.06549 1.63642 2.21556 1.81252 2.25462 1.13743 1.91548 0.0736738 1.04492 0.900495 0.275634 0.207658 
0.966621 1.72871 2.39758 1.24955 2.35722 1.38074 1.80726 -0.18109 1.37295 1.00124 0.432385 0.304514 
1.02348 1.93753 2.34631 0.938498 1.62925 0.347369 1.16111 -0.0630657 1.46046 0.954469 0.898604 0.344606 
1.09648 1.72663 2.4221 1.34303 2.0172 0.962811 1.16578 0.544179 1.92924 -0.0167786 0.637901 0.266441 
1.13067 1.52539 2.0127 1.67003 2.1837 1.58513 0.811235 0.793922 1.77732 0.264101 -0.112612 0.158078 
1.11472 1.63656 1.67149 1.2388 1.29476 1.29998 1.38269 0.188807 1.26383 0.361303 0.0273471 0.104637 
0.976817 1.81158 2.01265 1.29567 1.7206 1.17897 0.437086 0.7592 1.49675 0.829398 0.583224 0.206019 
0.950492 1.53336 2.2488 1.41481 1.78377 1.16543 1.586 0.881066 1.16687 0.291369 0.57088 0.174269 
0.940031 1.27841 2.11098 0.826519 2.17884 0.833648 1.71662 0.459682 0.945049 0.592957 -0.0239487 0.167594 
0.923001 1.39601 1.83694 1.03321 2.42629 1.67934 1.17138 0.574013 1.26209 0.187959 0.913705 0.152738 
0.95369 1.42727 1.9471 1.93056 2.15428 0.720575 1.07617 0.82823 1.18663 0.563657 1.0121 0.145378 
0.940376 1.35754 1.61291 1.69105 1.77177 1.33927 1.59361 0.981974 0.864992 0.168392 0.292809 0.131934 
0.878002 1.19075 1.25828 1.27218 1.69322 0.578667 1.40775 1.12639 0.638627 0.370038 0.250168 0.0815026 
0.854696 1.82379 2.05741 1.91129 1.01324 0.622797 1.04663 1.09589 1.50591 0.253576 0.814457 0.170187 
0.780604 1.60172 1.72855 1.50504 1.2363 0.836831 1.16512 0.883616 1.26109 0.881422 0.975478 0.0706574 
0.785867 1.51986 1.25706 0.774171 1.20457 1.23268 1.50135 0.849049 1.48273 0.47948 0.903589 -0.0288236 
0.756224 1.34375 1.16897 0.496193 1.53841 1.31706 1.5527 0.825475 1.00334 1.14783 0.717903 -0.015459 
0.772734 1.35788 1.59353 1.42688 1.57278 0.220227 1.74869 0.80826 0.994384 0.694971 0.192093 0.175219 
0.812756 1.38883 1.90388 1.69721 2.56667 0.382638 1.01744 0.507984 1.40081 0.979633 0.20008 0.179421 
0.774758 1.28631 1.88477 1.7688 1.04778 0.459177 0.827189 0.961546 1.12293 0.935369 0.396618 0.0786325 
0.839359 1.53512 1.42292 2.31654 1.13903 0.934906 0.961693 1.00362 0.705099 0.59655 0.415744 0.126291 
0.892264 1.74261 1.35538 1.54861 2.29643 1.20554 1.29312 1.63112 0.799739 0.510931 0.234935 0.163405 
0.77984 0.993314 1.31341 1.62507 2.22329 1.51279 0.982928 0.855801 0.813967 0.659634 -0.0915145 0.117447 
0.717516 0.960499 1.57213 1.16157 1.07352 0.788666 0.975166 0.558381 1.33542 -0.162446 -0.00791924 0.131215 
