0.672719 0.669894 0.982737 0.611164 0.397633 1.21784 1.07289 0.0175896 1.72032 1.05693 0.257082 -0.261306 
0.693539 0.88785 0.598184 0.575944 0.658927 0.595339 0.85332 0.764794 1.18181 0.943375 0.498049 -0.197338 
0.837743 0.900017 0.814693 0.451474 -0.0778559 0.463976 1.32639 -0.0910651 1.32971 0.997603 0.659729 -0.147213 
0.846127 0.411797 0.938104 0.486907 0.0763573 0.771133 -0.134385 0.694737 1.46603 1.26539 0.496349 -0.0689903 
0.902281 0.813611 1.11695 0.205652 0.700008 0.246753 -0.401395 0.790015 1.01246 0.598399 -0.020324 0.0333601 
0.927745 1.27258 1.05292 0.500622 0.954382 0.507156 1.37721 1.02787 0.70114 0.439826 0.0845861 0.0640627 
1.15547 1.64548 1.12846 1.05893 0.827376 0.330382 1.78119 0.770138 1.34874 -0.311458 -0.411279 -0.0762809 
1.44403 1.92582 1.53091 1.75219 1.43241 -0.662694 2.04835 0.888518 0.970309 0.197586 -0.403367 -0.00112677 
2.32755 2.63184 1.758 1.68099 1.45525 -1.17996 -0.0302511 -0.851441 -0.0683254 -0.247173 -0.337429 -0.158237 
2.15756 2.13739 1.21917 1.24287 1.09031 -0.575106 -1.87016 -1.1834 0.0584724 -0.514782 -0.42055 -0.318992 
2.84297 1.71356 1.40993 1.2814 0.5464 -0.908231 -2.2042 -2.39096 0.597415 -0.36715 -0.90139 -0.42919 
2.81409 1.48007 1.93526 1.75719 -0.0604306 -1.12676 -1.44325 -3.18358 -0.0434304 0.257179 -0.552484 -0.331657 
2.93467 1.23812 0.848181 0.745192 -0.095421 -1.0873 -1.02178 -2.81569 0.440029 0.117235 -0.66908 -0.338915 
2.87596 1.30449 0.0203559 0.554252 0.310066 -1.04994 -2.0161 -2.03353 0.63893 -0.126637 -0.604945 -0.367799 
2.81036 1.6961 1.47152 0.549272 -0.760608 -1.96145 -1.50138 -2.76442 0.134642 0.0692347 -0.384884 -0.168088 
2.88559 1.72715 0.822649 0.208953 -1.17658 -1.794 -0.964483 -2.75271 0.404802 -0.0590651 -0.415628 -0.273221 
2.82685 1.84614 -0.0587346 0.251806 -0.801281 -2.0245 -1.1149 -2.02118 1.10562 -0.428032 -0.536552 -0.5068 
2.76813 1.81183 -0.226048 -0.545763 -0.639347 -1.71563 -0.871808 -1.63931 0.992463 -0.345913 -0.418641 -0.364234 
2.60321 1.53848 -0.224309 -0.603376 -0.423512 -0.778102 -0.500222 -1.39866 1.21892 -0.100138 -0.338137 -0.382411 
2.69337 1.33977 -0.0635261 -0.684538 -1.08291 -0.998472 0.815857 -1.92449 1.67784 0.302381 -0.322437 -0.351229 
2.85284 1.41778 -0.302667 -1.18959 -0.430809 -1.23806 0.998594 -1.10282 1.84673 0.533239 -0.344839 -0.328827 
2.81922 1.44507 -0.734007 -0.783761 -0.387863 -0.31952 0.489942 -0.458724 1.9145 0.281057 -0.402794 -0.555357 
2.87743 1.29606 -0.814797 0.293262 0.246405 -0.328132 0.694197 -0.49201 1.55153 0.109224 -0.616831 -0.785977 
2.93943 1.17968 -0.293406 0.334792 1.10064 -0.862427 1.21828 -0.655762 1.49728 0.341855 -0.760215 -0.727532 
2.89855 1.13694 -0.0496733 -0.0705884 1.16165 0.61777 1.34456 -0.0571648 0.774259 0.247342 -0.535314 -0.537618 
2.88722 1.0081 -0.520597 0.215974 1.50823 1.04358 0.843161 -0.101893 0.626476 0.213793 -0.424188 -0.531392 
2.86974 1.31859 -0.518873 -0.00672241 1.72276 1.14849 1.6222 -0.68524 0.840878 0.299956 -0.329321 -0.523179 
2.63486 1.32562 -0.276768 0.0419638 1.82966 1.83409 1.07228 -0.000892623 0.798544 0.453339 -0.21035 -0.491836 
2.41246 1.33252 -0.240451 0.235861 1.66418 1.67765 1.41354 -0.187601 0.972758 0.386142 -0.232794 -0.476108 
2.48748 1.30249 -0.380909 0.290229 1.98256 1.45545 0.793723 -0.488257 0.878531 0.391454 -0.13726 -0.422772 
2.6603 1.11204 -0.74163 0.392272 2.53924 0.820039 0.610838 -1.19761 0.674489 0.525812 0.000183113 -0.333414 
2.6223 0.750492 -0.459308 0.377351 2.42314 1.21269 1.23453 -1.01469 0.781644 0.756925 -0.0610012 -0.376719 
2.60897 0.691048 -0.539458 0.330493 3.31161 0.9092 0.991041 -1.15469 0.715588 0.931175 0.0229036 -0.215425 
2.51869 0.596268 -1.07573 1.06701 3.7871 1.1531 -0.477897 -0.89501 0.556669 0.887674 0.214101 -0.215859 
2.53233 0.580576 -1.16326 0.428575 3.57205 1.54775 0.671002 -0.119748 0.451151 0.642563 -0.104352 -0.338397 
2.47683 0.617859 -0.808938 0.365508 3.79796 1.60256 -0.0013298 -0.41987 0.111643 0.590153 -0.0641202 -0.339965 
2.331 0.849415 -0.822106 0.55411 3.3766 1.98451 0.457542 -1.05761 0.272778 0.487115 0.152572 -0.245734 
2.33245 1.15232 -0.202338 0.0236984 2.62012 2.2031 1.19619 -0.48069 0.702816 0.62367 -0.0498851 -0.379237 
2.31733 1.29256 0.174842 -0.0858378 2.5574 1.74347 1.14342 -0.279845 1.30533 0.315623 -0.278148 -0.324326 
2.26581 1.60045 0.152615 0.289484 2.56393 1.58158 0.430159 0.149051 1.3555 0.315163 -0.231534 -0.432142 
2.30563 1.41278 0.307398 0.374985 2.34539 1.69983 1.2121 0.113266 1.64915 0.52469 -0.349894 -0.469028 
2.25494 1.5112 0.494862 0.948733 2.0434 0.766526 1.42404 0.454995 1.28791 0.921447 -0.127915 -0.348629 
2.15193 1.54732 0.754402 -0.0766136 2.49201 1.20704 0.497033 0.00483804 1.35867 0.758067 -0.0064783 -0.236082 
2.11731 1.33857 0.702727 0.384333 1.30204 1.09011 -0.128276 -0.138143 1.50235 0.83454 0.117662 -0.167895 
2.04267 1.68418 0.889847 1.12414 1.67233 0.99242 -0.045139 -1.25526 0.475027 1.04296 0.273139 -0.114699 
1.96221 1.68584 0.614861 1.21466 2.30011 1.29403 -0.0782223 -0.729883 1.18711 0.53784 0.0263783 -0.259595 
1.97033 1.59645 0.925956 0.852377 1.50729 1.95696 0.760054 -0.358643 1.30466 1.19799 0.0702589 -0.176529 
1.95837 1.61042 0.94945 0.446295 1.38905 1.42212 0.521298 0.342402 1.61727 0.803438 -0.0476227 -0.193808 
1.81747 1.53963 1.34591 0.33208 1.858 0.881944 1.06998 0.48933 1.00432 1.53309 -0.16291 -0.191925 
1.69776 1.25279 1.17465 -0.0261007 1.98634 1.08265 0.956359 0.167686 1.01321 0.805143 0.0973337 0.00492786 
1.62072 1.1771 1.2419 0.619398 1.36053 1.04776 1.3496 0.298025 1.29183 0.767955 0.000501729 -0.0624616 
1.59057 1.2579 1.23116 0.522536 1.36938 0.660063 1.37982 0.322612 1.46046 0.965768 0.0456025 -0.0465888 
1.5354 1.19163 1.52118 0.235507 2.20023 1.31781 0.860129 -0.377976 1.42067 0.848947 -0.124979 -0.0153073 
1.35324 1.15462 1.14042 0.197062 1.71226 1.07696 1.3676 0.0763674 0.972626 1.13869 0.231637 -0.0106319 
1.25796 1.56634 1.23627 0.302544 1.54516 0.222877 1.14947 0.61979 1.43033 1.03375 0.511054 0.105182 
1.28209 1.54124 0.877739 0.595855 1.22586 0.870393 1.96 0.182288 0.811005 1.02274 0.275909 0.0807274 
1.21771 1.25799 1.00003 1.21677 1.92303 0.821451 1.86533 0.164088 0.650774 0.51515 -0.0122602 0.040847 
1.21936 1.40171 0.867817 0.54523 1.34911 0.556547 2.01387 0.717092 1.1197 1.03075 0.134533 0.0454246 
1.22652 1.25409 1.62215 0.424057 0.421138 0.580086 1.67575 0.620619 1.14487 1.06269 -0.158034 -0.0133903 
1.09241 1.23174 1.36943 0.427694 0.591064 0.193606 0.989219 0.390962 0.998349 1.06553 0.563689 0.0140056 
1.06049 1.15356 1.50827 0.274903 0.767404 0.788716 0.614014 0.598187 1.15077 1.00764 0.652429 0.00152097 
0.990153 1.30096 2.3052 -0.00439972 0.779503 0.294905 1.00051 0.863555 0.843447 1.04965 0.731474 0.0475624 
0.994249 1.42702 1.81888 -0.249962 0.914894 0.565827 1.53717 0.370157 1.33165 1.15312 0.309006 0.163624 
1.15571 1.72051 0.956934 0.0924724 0.62687 0.22712 2.6931 0.187238 0.493231 0.708276 0.399087 0.162488 
1.23636 1.4405 1.699 0.381155 0.365711 0.547754 1.78771 0.474027 0.638524 0.722467 0.411158 0.106814 
1.3236 1.03372 1.78627 0.302067 0.445792 0.585546 1.22661 0.243591 1.42348 0.546737 0.3773 0.167149 
1.27202 1.09159 1.80995 1.18492 0.843596 0.746731 1.09378 0.729429 1.34527 0.299135 -0.110636 0.00219769 
1.1602 1.49116 1.10987 0.426178 0.148176 1.61484 1.39922 0.416815 0.943378 0.597862 0.213181 -9.86619e-005 
1.18253 1.388 1.42229 -0.341922 0.891797 1.08612 0.797207 1.44446 0.912095 0.212426 0.0132161 -0.0962019 
1.19075 1.7595 1.517 0.345071 0.977159 0.717992 0.5935 0.736843 0.815359 -0.279613 0.154339 -0.0172474 
1.20727 1.7869 1.48987 0.734518 0.341811 1.42152 1.64005 0.323433 1.78519 0.376487 0.250568 0.11605 
1.19248 1.63705 1.55259 0.165925 1.14859 1.44796 1.42501 0.528603 1.39015 0.772851 0.458862 0.217749 
1.24704 1.40801 1.31019 -0.171033 1.01009 0.522884 1.33326 0.852779 1.04366 0.898208 0.387093 0.1139 
1.16131 1.34767 1.24777 -0.206343 0.889742 0.244777 1.42324 1.01049 0.543953 0.0571492 -0.101077 -0.0486882 
1.15954 1.6133 1.71811 0.296352 1.43233 -0.132667 1.11408 1.47819 1.18323 0.226034 -0.0556386 0.00907609 
1.2854 1.27144 2.09424 0.386104 1.90639 0.736948 1.91597 1.49782 1.18326 0.169086 -0.13095 0.1077 
1.16513 1.46075 1.84547 0.399545 1.45741 0.52705 2.01325 1.8949 0.841893 0.184585 0.0911602 0.0533052 
1.20071 1.60267 1.71004 0.172226 1.4093 0.339476 1.86532 1.46897 0.968056 0.157906 -0.171308 0.0515047 
1.16922 1.584 1.29674 0.963012 2.35139 0.781544 1.27365 1.49052 1.10696 0.393313 0.0988991 0.110729 
1.15593 1.34979 1.51886 0.282578 2.15813 0.676615 2.16653 1.62801 1.25225 0.346082 -0.128754 0.127655 
