0.517431 0.940922 1.2373 0.652163 0.531455 0.24874 0.371648 0.694788 0.605522 0.498696 0.572296 0.0279814 
0.46928 1.06039 0.868962 0.424517 0.127344 0.163138 0.13442 0.266144 0.693723 1.14667 0.69493 0.0899406 
0.616786 1.35556 1.09767 1.13939 0.607879 -0.306486 -0.160429 0.276819 1.03797 0.381754 0.173559 0.146269 
0.718219 0.812137 1.12224 0.821328 1.52496 -0.246928 -0.259501 0.111445 1.09701 -0.193227 0.115742 0.233475 
0.627274 0.832009 0.808475 0.329383 0.993236 0.152061 0.254116 0.171954 1.04653 -0.0992539 0.275057 0.258062 
0.559289 1.09206 1.07299 0.901543 0.593097 0.983719 1.47204 0.252879 0.794862 -0.358978 0.367914 0.108185 
0.620455 1.06435 1.03358 0.362606 0.771474 0.0974124 0.16891 0.436713 -0.194113 0.604209 0.562411 0.219775 
0.634214 1.06309 1.22181 0.696296 0.283688 0.107385 -0.177627 0.822239 0.137226 0.825077 0.288846 0.224712 
0.631263 0.836956 0.676779 0.95319 -0.261786 -0.108808 -0.00052531 0.496432 0.230512 0.673458 0.128577 0.22473 
0.370645 0.959504 1.05238 0.453377 0.142631 -0.20817 -0.349467 0.110085 0.719404 0.363989 0.550975 0.149928 
0.423948 1.019 1.30409 0.894129 0.138972 0.332515 -0.347248 0.823253 -0.130407 -0.147469 0.760476 -0.133119 
0.626411 1.13032 0.909348 -0.12347 -0.113444 -0.421989 -0.216083 0.692657 0.172712 0.731782 0.763715 0.0536032 
0.637924 1.06719 0.934273 -0.157616 0.496222 -0.37539 0.569168 0.328521 0.41081 1.28237 0.572501 0.0607858 
0.667286 1.07271 1.74651 1.28432 1.02434 0.578229 1.24243 1.08273 0.964583 1.15801 0.44553 0.0384715 
0.71915 1.26547 1.5501 1.16611 0.576803 1.03352 1.43213 0.915702 1.63542 1.30971 0.833746 0.0170535 
0.77898 1.35361 1.88629 0.811815 0.325969 2.05629 1.19288 1.08429 1.30905 1.58397 0.847953 0.0472776 
0.981114 1.75869 2.24747 1.59042 0.933634 1.568 0.83393 1.51036 1.8073 0.796143 0.636292 0.28211 
1.12111 2.46259 2.88153 1.80421 2.10902 1.47773 1.11347 0.964562 1.91521 0.634678 0.0138199 0.323238 
1.28778 2.64977 2.90121 2.35487 2.45118 0.157809 1.12439 0.227903 1.07982 0.593721 -0.0706617 0.227601 
1.52441 2.76841 3.06987 2.18701 2.16652 1.33319 0.429384 -0.125249 -0.431359 -0.428653 0.130005 -0.12839 
1.57594 2.47479 2.76917 2.35009 2.47002 1.01571 0.356066 -0.729244 -0.496077 -0.262171 -0.0848325 -0.182597 
1.88989 2.37452 2.14385 2.03964 2.37894 1.52825 0.665402 -0.480573 -0.491121 -0.647786 0.0189363 -0.0744758 
2.45187 1.93862 1.10981 1.45104 3.74925 1.29754 0.373327 -1.26744 -0.231198 -0.827859 -0.294998 -0.0276681 
2.36702 1.91952 0.635308 1.23889 3.82939 0.76685 0.0472301 -1.25064 -0.590203 -0.835395 -0.279999 0.0122544 
2.54115 1.75934 0.480664 0.804049 4.23041 0.0937448 0.364489 -1.60889 -0.83339 -0.764724 -0.610773 0.133271 
2.51166 1.79128 0.190895 0.303634 3.79617 0.152734 0.410631 -2.2857 -0.763932 -1.01715 -0.58783 0.118906 
2.45406 1.86433 -0.538529 -0.0296377 3.40022 0.256263 -0.0466067 -2.29173 -0.78987 -1.18227 -0.497273 -0.0329371 
2.31271 1.94386 -0.754831 -0.466066 3.43617 -0.0722773 -0.290271 -1.90782 -0.8672 -1.16056 -0.543791 -0.0763713 
2.58638 1.75086 -0.606968 -0.754454 3.75592 -0.620585 -0.289607 -1.98661 -1.1186 -0.814847 -0.898653 0.023557 
2.37298 1.88171 -0.58521 -0.405341 2.80509 -0.495052 -0.356072 -1.90832 -0.730322 -1.32077 -0.516756 0.057606 
2.5427 1.83776 -0.954224 -0.163893 2.70741 -0.839276 -0.295344 -2.11841 -0.470352 -1.00067 -0.477477 0.0991743 
2.5428 1.80476 -0.868944 -0.527896 2.28851 -0.819233 -0.30098 -1.92475 -0.32776 -0.924447 -0.344985 0.143295 
2.67346 1.58776 -1.07938 -0.809167 1.95648 -0.532903 -0.718725 -1.63239 -0.125078 -0.755205 -0.400458 0.0292673 
2.79727 1.39937 -1.38423 -0.880605 1.46822 -0.547724 -0.689294 -1.71005 0.204012 -0.447733 -0.26161 -0.00454138 
2.80126 1.51671 -1.6324 -1.18414 1.77058 -0.486966 -1.06311 -1.41357 0.163625 -0.0779794 -0.20537 -0.105393 
2.81933 1.36751 -1.83825 -0.525645 1.24248 -0.431237 -0.702777 -1.59638 0.647354 -0.0655217 -0.0557147 -0.158216 
2.82543 1.26518 -1.7834 -0.108378 1.85139 -1.28522 -0.393362 -1.59549 0.709144 0.29402 0.120199 -0.0070105 
2.84997 1.09409 -1.57119 -0.0750178 2.20751 -0.577314 -0.999913 -1.06065 0.127648 0.39268 0.080892 0.0209196 
2.84495 0.878675 -1.42222 0.177069 2.56429 -0.0303173 -0.602881 -1.17852 0.161554 0.289163 -0.0182845 -0.0859219 
2.70185 1.14334 -0.942296 0.367241 2.35323 0.262913 -0.59762 -1.11689 0.376081 0.281824 -0.0626712 -0.212748 
2.61047 1.48133 -0.2206 0.211019 2.63059 -0.340679 -0.667871 -0.313787 0.575612 -0.163027 -0.6231 -0.26459 
2.58111 1.63946 -0.133791 0.15312 2.2994 -0.0498711 -0.602386 -0.646203 0.251846 -0.268331 -0.306827 -0.0920356 
2.61886 1.64127 0.237335 0.171225 2.16702 -0.339291 -0.580083 -0.991714 0.589951 0.331823 -0.076575 -0.103009 
2.56737 1.76818 -0.310312 -0.165848 2.31696 0.114664 0.0781146 -0.788874 0.561949 -0.142174 -0.192161 -0.0801075 
2.71077 1.60209 -0.374202 -0.549418 2.90264 0.656836 -0.0865578 -0.80743 -0.261096 -0.354788 -0.272747 0.0212952 
2.59201 1.60377 -0.157608 -0.242509 2.71863 0.720828 0.373817 -1.15186 0.137534 -0.591821 -0.338096 0.0214271 
2.62111 1.66511 0.00930087 -0.0542563 2.67079 -0.11508 0.570877 -1.12141 0.129138 -0.412437 -0.443284 0.0346514 
2.44829 2.00345 -0.0426786 0.0230926 2.19031 1.02917 0.058441 -1.18774 -0.158548 -0.305034 0.133807 0.0178101 
2.45038 2.00546 -0.198685 -0.335672 2.64049 0.96658 1.32051 -0.958417 -0.240392 -0.559517 -0.0980614 0.136279 
2.34756 1.65796 0.150377 0.0804436 2.35759 1.62666 0.926603 -0.65194 -0.214877 -0.595549 0.00754527 0.14663 
2.55853 1.66294 0.319019 0.541626 2.09083 1.00491 0.557065 -1.35284 0.513404 -0.190914 0.0857585 0.120522 
2.37391 1.77056 0.508227 0.251349 2.96617 0.781279 1.0931 -0.44117 0.57058 -0.433525 -0.254678 0.0765026 
2.3789 1.8399 0.709313 -0.404226 2.60115 1.27815 2.0097 -0.372662 0.367698 -0.46651 -0.240614 0.216059 
2.31531 1.54896 0.505152 0.0413551 2.03555 1.23808 1.17932 -0.577999 0.882799 -0.293486 0.123004 0.258838 
2.36277 1.54256 0.279088 0.20386 2.69261 0.70913 -0.0071101 -0.0644202 0.905997 -0.134228 0.118348 0.188288 
2.08288 1.58689 1.00565 0.0515917 3.03594 0.64356 0.699384 0.44355 0.701684 -0.137687 0.130739 0.230821 
2.01825 1.54781 0.950549 0.34786 2.40159 0.781014 0.744833 0.381957 0.354854 0.381313 0.263402 0.142828 
1.95888 1.64516 0.793907 0.439883 1.70354 0.167623 0.685428 0.164271 0.858646 0.537115 0.296059 0.122107 
1.97371 1.78551 1.07709 1.05389 1.25574 0.179468 0.268315 -0.511716 1.18121 -0.0339546 0.349587 0.150975 
1.97618 1.69338 1.25051 1.10849 1.72975 0.0960329 -0.24859 -0.609766 0.778894 0.331517 0.299597 0.109687 
1.79742 1.31408 1.5608 0.728749 2.5598 0.364714 -0.0773829 -0.581486 0.458034 0.438737 0.280542 0.120068 
1.85921 1.23793 1.50691 -0.0544136 2.37597 0.511873 0.450037 -0.375337 0.109889 0.384205 0.487954 0.346372 
1.78446 1.38467 1.13306 0.145513 1.86004 0.65487 1.19561 -1.35981 0.562585 0.51615 0.290511 0.259546 
1.75626 1.52027 1.34376 0.28754 2.59598 0.464401 1.02501 -1.06809 0.818534 0.361897 0.0278165 0.152853 
1.85246 1.37405 1.66019 -0.0429613 1.87661 0.00730058 0.340716 -0.948647 0.761297 0.604442 0.0162274 0.141294 
1.6347 1.3356 1.15835 0.37334 1.02356 -0.172593 -0.0265172 0.0724153 0.347036 -0.180952 0.440559 0.0925372 
1.64324 1.43991 1.50882 0.00794171 1.12864 0.0730477 0.769669 -0.20247 0.417657 0.388801 0.356644 0.149811 
1.68694 1.74335 1.07339 0.842588 0.981029 0.886941 -0.0806266 -0.366202 1.06118 0.136396 0.549028 0.158244 
1.61837 1.69003 1.27145 0.0289428 1.29662 1.21704 0.24749 -0.438042 0.794742 0.382418 0.685167 0.282501 
1.54725 1.42977 1.27782 0.226936 1.36835 1.31359 0.278248 0.382753 0.37411 0.618243 0.591262 0.175815 
1.57904 1.20902 1.47063 0.0130095 1.24851 0.126506 0.216725 0.758235 -0.15823 0.740805 0.62009 0.144351 
1.54666 1.3188 1.6755 0.518618 1.56374 0.580358 0.600268 1.13884 0.56752 -0.0658279 0.549517 0.211378 
1.52846 1.32227 1.78668 0.81159 0.877618 0.977041 0.420595 0.849535 0.0994397 -0.358455 0.741807 0.271046 
1.4982 1.36847 1.80421 1.16033 1.13298 -0.160518 0.415543 -0.0718053 0.371158 0.18285 0.564114 0.244759 
1.44296 1.29407 2.00005 0.0921929 1.27739 -0.71272 0.132966 0.466179 0.440792 0.624209 0.218564 0.182596 
1.41596 1.14418 1.46506 0.375642 1.37934 -0.418094 1.15093 1.15471 0.457649 0.162306 0.382828 0.217084 
1.29514 0.999864 1.41107 0.681471 1.4911 0.0478189 1.63313 0.987483 0.546883 -0.665786 0.209511 0.209756 
1.37046 0.947338 1.49001 0.883743 1.4004 0.3818 1.45638 0.416723 0.803103 0.000493109 -0.0509661 0.0826919 
1.18041 1.25222 2.03995 0.4927 0.804348 0.612761 1.74498 0.205187 -0.00655603 -0.0945402 0.332967 -0.0445443 
1.22371 1.68381 1.69501 0.686987 1.1187 0.0262626 0.837622 0.835747 0.375711 0.470899 0.544727 0.109671 
1.22777 1.48639 1.75743 0.194402 0.854436 0.692375 1.20273 0.0644141 0.526101 0.219334 0.313661 0.109796 
1.21704 1.55077 1.59299 0.447284 0.66057 -0.722995 0.386468 -0.0498689 -0.0930097 0.450692 0.613775 0.144241 
1.11132 1.37831 1.59184 0.649992 0.0515806 -0.64417 0.349449 -0.105178 0.212754 -0.108428 1.17615 -0.0287813 
1.24204 1.27308 1.26342 0.374315 0.990968 -0.338425 1.15007 0.228028 0.482367 -0.51534 0.705297 0.146812 
1.24739 1.18075 1.41746 0.304618 1.10501 0.0810148 0.871169 0.620097 1.18669 -0.192652 0.705365 0.207052 
1.12208 1.29304 1.85661 -0.247761 0.917491 0.335954 0.973618 -0.361754 1.40233 0.500326 0.198362 0.179915 
1.07859 1.3624 2.03488 0.0732546 0.764994 0.0327624 1.57187 -0.0299489 0.491001 0.359065 0.545546 0.0576793 
1.19415 1.36373 1.90254 -0.117442 -0.0855048 0.321185 1.08324 -0.0157302 0.593298 0.510871 0.646399 0.131743 
1.32731 1.49309 1.87545 0.479851 0.202985 0.113998 1.27487 0.888035 0.666798 0.906148 0.714125 0.188911 
1.07377 1.32386 1.75768 0.663515 0.640739 0.665956 1.13501 1.56857 1.17037 0.94222 0.449148 0.138967 
1.12441 1.57088 1.35496 1.07412 1.1609 0.00327139 0.413119 1.18065 1.01123 1.49096 0.90234 0.247741 
0.997196 1.37471 1.52009 0.85862 1.44867 -0.599764 0.459636 0.645506 0.950778 1.02774 0.889077 0.14123 
0.853761 1.46957 1.44878 0.372691 1.50129 -0.289756 0.572744 1.42344 1.41851 0.505493 0.596765 0.0522484 
1.07686 1.14543 1.37814 0.274724 1.82748 0.393043 1.11344 0.700433 1.46641 0.487775 0.448102 0.18501 
1.17378 1.19989 1.99264 0.62364 2.00298 0.515032 0.345977 0.380078 0.966461 1.4675 0.503361 0.167499 
1.02163 1.43202 2.28547 0.32711 2.15193 0.156054 1.29694 0.781508 0.438907 1.05367 0.371955 0.165523 
0.754933 1.55772 1.91074 0.0698027 1.52243 0.428634 2.00831 0.355923 0.173811 0.565222 -0.123597 0.0114801 
