0.671224 1.14253 1.99474 1.83699 0.726021 1.58939 1.61193 0.917817 1.06848 0.955111 0.181515 0.12826 
0.636559 1.20124 2.05695 1.64708 0.983611 -0.197017 1.00355 0.700844 1.19425 1.04327 0.0583436 0.204576 
0.698038 1.17859 1.70043 1.39878 2.11598 0.404797 2.18169 1.23281 0.299279 1.50395 -0.0901841 0.18561 
0.716421 1.1514 1.87258 0.538076 1.53216 1.53709 1.42396 1.51349 0.872257 1.28647 0.0055861 0.113251 
0.71844 1.15485 2.14711 0.378027 1.51839 1.05912 -0.0798698 1.22469 0.424991 1.15831 0.142388 -0.0125921 
0.646565 1.05187 2.33612 0.838122 1.05838 0.734622 0.12848 0.909977 -0.526253 1.01479 0.497018 -0.196574 
0.528753 0.902839 2.32825 1.33799 1.2469 1.58888 0.891381 1.23758 0.133997 0.507727 0.370257 -0.022887 
0.573598 1.21148 1.53145 0.566515 1.4463 1.2517 0.938722 -0.397029 0.391937 0.962472 0.440195 0.050709 
0.511918 1.27345 1.29504 0.782434 1.31759 0.753851 1.1331 -0.587378 0.396469 1.06344 0.443418 -0.0272767 
0.485214 1.31618 1.58376 0.247762 1.3647 1.12407 0.946737 0.126968 0.260586 0.804704 0.494218 -0.0558352 
0.316719 1.12043 1.60012 0.834895 0.698892 1.72058 0.300503 0.755229 0.214154 0.938843 0.687537 -0.256293 
0.410578 1.0162 1.47244 0.657511 1.10224 0.898004 1.16408 -0.463902 -0.178733 1.23955 0.701159 -0.144431 
0.627328 0.811661 0.887999 0.798199 0.83552 0.50012 0.978599 -0.63869 0.882103 0.62856 1.00832 -0.046978 
0.744067 0.923979 1.27525 0.879423 1.10704 0.840419 1.47449 0.933723 0.508465 0.4718 0.761361 -0.0942976 
0.728907 1.15026 1.66443 0.863624 0.25983 1.20608 0.565795 1.76306 0.11787 0.680143 0.288305 -0.0876556 
0.96307 1.53818 1.58079 1.07381 1.14061 1.22709 0.58974 0.540879 0.758225 0.162675 -0.148187 0.0960795 
1.0114 1.76233 1.92295 1.23602 1.45643 0.0917353 0.403901 0.185502 0.0261163 0.349823 0.223871 0.0512027 
1.89907 2.29444 1.64802 1.29427 1.00541 1.11845 -1.17269 -1.37267 -1.01128 -0.839203 -0.234688 -0.162749 
2.21734 2.36879 1.23995 1.41565 1.98385 0.212234 -0.898745 -1.87175 -1.48677 -1.43169 -0.556571 -0.312679 
2.35342 2.45509 1.67537 1.55313 1.75555 0.212641 0.363759 -1.66305 -1.17787 -1.14604 -0.554338 -0.261202 
2.42916 2.51865 1.28511 1.75828 1.33558 -0.984955 -1.80738 -1.65227 -0.542566 -0.685545 -0.473508 -0.268894 
2.39931 2.35029 1.17335 1.0898 1.16193 -0.523393 -1.54707 -1.83182 -0.879855 -0.804127 -0.396775 -0.231448 
2.59962 1.76405 -0.205616 0.320333 1.12658 -0.35932 -1.80083 -1.99459 -1.2112 -0.885495 -0.272297 -0.06303 
2.69351 1.89433 0.441179 0.504279 0.586317 -0.117768 -0.900837 -2.07148 -1.53353 -1.03094 -0.278024 -0.0215332 
2.60574 2.30304 1.14685 0.393052 -0.0689264 -0.479085 -1.11116 -1.90764 -1.06503 -0.398308 -0.055941 0.0133227 
2.44769 2.15847 1.31351 0.585836 0.430225 -1.25018 -1.41991 -2.20707 -0.665346 -0.196413 -0.033323 0.0128625 
2.76409 0.94864 0.469856 0.775767 -0.0526491 -1.04853 -1.12032 -2.62679 -0.173256 0.185481 -0.137364 -0.161403 
2.68777 0.938256 0.653868 1.86475 -0.331685 -1.19069 -1.15074 -2.93 -0.0599531 0.322572 -0.174795 -0.342508 
2.77104 1.59674 0.81364 1.5044 0.769061 -1.00607 -0.708228 -2.22945 0.281118 -0.0569997 -0.381212 -0.366491 
2.43017 2.21109 1.49934 0.53347 0.235207 -0.418723 -0.836692 -1.25406 -0.284741 -0.0390545 -0.15303 -0.121987 
2.43079 2.56864 1.65228 0.171857 0.235365 -0.563195 -1.44922 -0.858129 -0.120364 0.452112 0.173366 0.00312287 
2.59925 2.21132 1.2506 1.02506 0.665267 -1.36769 -1.57023 -0.872123 0.384972 0.507717 -0.0826363 -0.216559 
2.88432 1.55305 -0.210059 0.69222 0.37374 -1.39875 -1.40126 -0.983053 1.14676 0.766309 -0.0279913 -0.387214 
2.76495 1.72253 -0.00882033 0.24372 0.617133 -0.594278 -1.26004 -0.709993 1.06178 0.789515 0.0289344 -0.354176 
3.12678 1.34922 -1.96555 -0.394195 1.9996 -0.442535 -0.0472398 -0.31741 1.41679 0.940665 -0.133351 -0.455726 
2.82386 1.74586 -0.628456 0.161838 1.7288 -0.629402 -0.401396 -0.4226 1.47192 0.809861 -0.231149 -0.52364 
2.71754 1.902 -0.261821 -0.138582 1.25902 0.0119876 1.04823 -0.0756075 1.97859 0.597032 -0.20475 -0.502241 
2.432 1.80556 -0.0680013 -0.201745 1.5983 1.02073 1.2804 0.246075 1.06892 0.497861 -0.22403 -0.445503 
2.73521 1.07169 -1.53985 -0.460467 2.18089 1.15907 1.42325 -0.0366161 0.773202 0.304301 -0.22845 -0.403132 
2.52855 1.67495 -0.692844 -0.358413 2.00692 1.91872 1.35674 0.0656814 0.685144 -0.0471597 -0.327283 -0.443067 
2.62622 1.55625 -1.02027 -0.36853 2.48036 2.04715 0.935176 0.0286946 0.190922 0.214345 -0.106739 -0.319735 
2.48004 1.62173 -0.684381 0.409077 2.95965 1.72617 0.891916 0.301865 0.399994 0.263714 -0.258705 -0.330731 
2.56227 0.928581 -1.72609 -0.029286 4.62509 1.73657 1.25627 -0.100873 0.138791 0.782171 -0.0601797 -0.0605969 
2.3739 0.994813 -0.531782 0.173438 3.86027 1.84765 1.82406 -0.196662 0.288182 0.454048 -0.157338 -0.124443 
2.54668 0.790468 -0.792205 1.13389 3.80009 1.22597 1.54807 -0.0654866 0.740815 0.539603 -0.113443 -0.161519 
2.33287 0.99111 -0.589522 0.821609 3.7528 1.28175 1.05143 0.370567 0.750743 0.778737 -0.0308351 -0.129998 
2.15884 1.5503 0.242377 0.903333 3.42907 2.2941 1.21129 0.563006 0.653975 0.0524901 -0.165531 -0.139835 
2.27134 1.79056 0.29253 1.13944 3.19669 1.32274 1.96755 0.903657 1.20795 0.717651 -0.239232 -0.244802 
2.23223 1.42189 0.817425 1.15304 3.35976 1.99609 1.36403 1.37065 0.899174 0.838594 -0.0661628 -0.201394 
2.29618 1.56879 1.00174 0.61787 3.42847 2.2461 1.01672 1.13909 0.613029 0.469591 0.100839 -0.0818414 
2.22244 1.61375 0.583815 0.0541057 3.12497 2.39783 0.847238 0.542564 1.05953 0.271991 0.282415 0.0326442 
2.13474 1.81632 0.479532 0.688726 2.56991 1.80378 1.3852 1.17782 1.49213 0.630462 0.152079 -0.0518135 
2.1436 1.65079 0.59129 1.16301 2.61094 2.57092 1.97294 0.667048 1.07713 0.911115 0.0943061 -0.130656 
2.09288 1.75927 1.1092 1.01978 2.27594 2.0212 2.57688 1.21886 0.5828 0.432691 -0.113069 -0.0421612 
1.98985 1.7396 1.01294 0.0253132 2.61813 0.742913 1.6629 0.646923 1.13119 0.640004 0.232657 0.218788 
1.89812 2.05839 1.12774 0.102932 2.40717 0.802527 0.933967 0.460287 1.79083 0.841041 0.304242 0.0450317 
1.92987 2.12542 1.08714 0.182179 2.91508 1.88403 1.53869 0.554263 1.40261 0.363093 -0.174168 -0.188874 
1.89206 1.99422 0.553767 0.478565 3.06597 2.27089 1.5326 0.5252 1.34022 0.388539 0.0799953 -0.114092 
1.80595 1.76401 0.836738 0.592267 2.07405 2.1772 1.42605 0.0884473 1.48305 0.372308 -0.0797689 -0.13646 
1.8244 1.67241 1.17289 0.792412 2.16662 1.66776 1.7306 0.89661 1.31436 0.538523 -0.116618 -0.0794494 
1.76706 1.58474 1.31381 0.728523 2.78278 2.15217 1.47297 0.944785 1.7565 1.12286 -0.125557 -0.110598 
1.74375 1.81631 1.47199 0.924968 2.05885 1.23126 1.29757 1.07856 1.3726 1.31271 0.166799 0.0528972 
1.6195 1.32027 0.949767 0.867847 2.06236 1.62874 1.54724 1.34821 1.04622 1.08789 0.349466 0.117917 
1.55729 1.43895 1.43371 0.706321 2.13932 2.29199 1.84207 0.701888 0.602985 1.08876 0.06082 0.0942684 
1.58192 1.51456 1.69564 0.427651 1.60442 1.82527 2.06607 0.619096 0.789462 0.873865 0.340665 0.2168 
1.38246 1.48325 1.81959 0.451397 1.82042 2.21929 1.72372 1.08457 1.34786 0.679283 0.507084 0.265061 
1.40673 1.36758 1.82839 0.854384 2.04788 1.89397 1.58183 0.816692 0.815952 0.943466 0.671867 0.271444 
1.46865 1.43312 2.1041 0.919702 1.93557 2.11204 2.21541 0.670537 0.970195 0.818644 0.268922 0.230337 
1.54078 1.29167 2.38157 1.67786 2.12668 1.45036 2.05876 0.782852 1.22321 1.40816 0.103903 0.130743 
1.50567 1.55569 2.65133 1.24083 1.94357 0.969354 1.95383 0.428226 0.844869 0.750745 0.498224 0.313587 
1.43058 1.54719 2.27053 1.70847 2.69286 1.23982 1.52632 0.585447 0.518722 0.575877 0.60019 0.241887 
1.4297 1.28492 1.71815 1.7026 1.65004 1.76597 2.25721 0.660432 0.791292 0.650546 0.688949 0.265482 
1.44004 1.52388 1.97979 1.1173 1.07623 1.75714 2.02185 1.48893 1.24305 0.751868 0.34283 0.158225 
1.40866 2.1578 1.93144 1.74746 1.82281 1.38006 1.85597 1.34137 2.09316 0.536154 0.14419 0.134646 
1.3969 1.85945 2.30395 1.56569 2.24132 1.16504 1.00841 1.22422 2.15642 0.160332 0.580788 0.285187 
1.43759 1.62186 2.28886 1.49302 1.98154 0.962231 1.96728 1.41616 2.49084 0.333378 0.155475 0.280722 
1.3731 1.84487 2.04294 1.92901 1.99563 1.04336 1.73656 0.628731 1.69155 0.565716 0.591577 0.279844 
1.36342 1.86271 2.19276 1.84024 2.3554 1.27975 1.43821 0.921045 1.30657 0.272295 0.769949 0.285695 
1.36325 1.89251 2.31778 1.76656 2.46223 1.44014 1.49833 0.464067 0.954935 0.386393 0.628151 0.245882 
1.28922 2.08962 2.2548 1.67349 2.3705 1.28615 2.04506 1.72453 0.782569 0.391396 0.456886 0.194194 
1.27079 1.97783 2.33791 1.34685 2.53001 0.972443 1.92089 2.23316 0.991451 0.753198 0.346377 0.221021 
1.26573 2.19355 2.79052 0.980218 3.00405 0.758088 1.52166 1.08277 1.28539 0.607312 0.511214 0.314558 
1.18925 2.13233 2.74462 1.33915 2.58973 0.751951 2.6357 1.6434 0.335357 0.83925 0.38475 0.234349 
1.21604 1.50936 2.47599 1.16675 2.22097 0.741553 2.16042 1.76998 0.951906 0.9723 0.385492 0.259096 
1.20043 1.73852 2.10308 1.27709 0.908707 1.78577 2.77141 1.3349 1.35286 0.545053 0.313149 0.142802 
1.22808 1.9776 2.48715 0.83253 1.21513 1.41489 2.61179 0.330013 1.09371 0.518724 0.486947 0.219329 
1.27838 1.98481 2.27135 0.825412 1.61518 1.34188 2.2945 1.44803 1.30063 0.738325 0.183597 0.179139 
1.28087 1.8524 2.40126 1.3662 1.49061 1.07796 1.86823 1.37419 1.96754 1.09723 0.0831204 0.265082 
1.1545 2.37399 2.65024 1.26038 1.40181 1.00282 2.21392 1.01977 1.54354 0.964294 0.215388 0.2844 
1.05359 2.00867 2.82149 1.62887 1.60213 0.355868 1.96176 0.460979 1.50462 0.987919 0.29475 0.355707 
1.13927 1.62898 2.21654 1.46179 1.59831 -0.0189761 1.18583 1.40298 1.65753 0.786064 0.710736 0.325783 
1.33002 1.64776 2.1856 0.73569 2.05433 1.13193 0.524249 2.13696 2.01127 0.369933 0.588093 0.189823 
1.23346 1.77349 2.07714 1.29963 1.86611 1.03961 0.530834 1.51046 2.09601 0.71895 0.3425 0.217046 
1.10158 1.84997 1.91197 1.64119 1.42358 0.517888 1.15252 1.38549 1.54154 0.53582 1.0123 0.253891 
1.0937 1.55798 2.02674 1.408 2.01367 0.733517 1.42736 1.91477 1.58852 0.29187 0.784054 0.251216 
1.07517 1.79369 1.85971 0.593538 2.11268 0.401031 1.11662 1.90526 0.930839 0.618702 0.542792 0.107722 
1.03094 1.56119 2.20618 0.585648 2.68139 0.963851 2.16506 1.27582 0.160276 -0.135544 0.622611 0.123811 
1.06943 1.95273 1.94908 0.726976 2.13409 0.884758 2.13685 1.68298 0.904097 0.142771 0.839509 0.120212 
1.08297 2.05024 2.0865 0.748303 2.42671 1.2305 1.82858 1.37205 1.05967 0.313795 0.392226 0.159526 
1.04545 1.7236 1.91358 0.623119 2.33031 1.2284 2.11171 1.40665 0.984968 0.103511 -0.0106158 0.162326 
1.22003 1.72494 2.00143 1.19942 1.72789 1.31707 1.36451 1.92401 1.2901 0.643748 0.567779 0.215188 
1.21851 1.71728 1.98373 1.11983 2.0688 1.37622 1.81741 1.63188 0.882631 0.648764 0.547359 0.220008 
1.19592 1.86483 2.05781 1.74451 2.18648 0.530908 2.47988 1.80485 0.854771 0.218133 0.374252 0.211783 
1.15879 1.8533 1.95615 1.06603 2.18841 0.684807 2.62559 1.88855 0.80065 -0.0796487 0.446412 0.126718 
1.17812 1.93368 2.49093 1.08914 1.59798 0.774022 1.61182 1.50202 1.14644 0.338026 0.398693 0.146426 
1.16942 1.84786 2.26419 1.17372 1.49911 0.818038 1.26293 1.68341 1.76728 0.734098 0.117634 0.190941 
1.28857 1.61684 1.71794 0.930505 1.39233 0.610766 1.73562 1.50126 1.36179 0.298054 0.756124 0.196432 
1.26617 1.68074 1.55547 1.02774 2.04481 0.868399 1.91983 1.23407 1.14612 0.646555 0.616828 0.239852 
1.14321 1.92289 1.80854 1.62775 2.50837 1.85952 1.57921 1.12772 1.25983 0.565614 -0.0225056 0.170302 
1.07955 1.71455 2.47276 2.46562 1.76187 1.31594 2.16382 0.78052 1.09968 0.501793 0.300913 0.182774 
1.03975 1.7524 2.2597 1.91835 1.12146 0.708184 1.3331 0.606897 1.03734 0.201526 0.708338 0.0846549 
1.12054 1.97953 2.26465 0.902626 0.586876 1.28489 1.16866 0.729771 1.45592 0.344134 0.685446 0.128669 
1.02134 2.00485 2.51425 0.947008 0.711293 1.14797 1.75808 0.90278 1.17066 0.78309 0.283024 0.126084 
1.0709 1.67337 2.00185 1.39283 1.1582 1.51082 0.961779 0.688977 0.72031 0.813911 0.434591 0.109941 
1.12985 1.51144 1.85535 1.01164 2.15643 0.488295 1.24781 1.44714 0.365155 0.972702 0.261936 0.102907 
1.23725 1.60336 1.73554 1.22967 1.70329 0.0800423 2.17182 1.16014 0.81843 0.984406 0.288768 0.209373 
1.19951 1.90569 2.13722 1.8921 1.65127 0.121828 1.26291 0.655191 1.22518 0.77484 0.509937 0.248556 
1.15869 2.11654 1.89378 1.13809 1.87546 0.323529 1.39582 0.892561 1.29436 0.606854 0.521751 0.17796 
1.19266 1.84128 1.83545 0.729411 1.31699 -0.0545959 1.58235 1.33287 0.70929 0.927296 0.185604 0.09887 
1.03917 1.74909 2.06523 0.433594 0.606024 0.33266 0.585755 1.44128 1.32798 0.473923 0.651622 0.123022 
0.881581 2.00745 2.48423 0.694451 0.250453 -0.276126 0.00707769 1.27862 1.62287 1.03043 0.817861 0.336744 
0.984743 2.03836 2.32597 0.959467 0.744129 -0.660928 0.890264 1.35406 1.47928 0.877173 0.959336 0.249595 
1.14815 1.56214 2.67049 1.09954 1.04433 -0.232283 1.12728 1.3137 1.34488 0.604595 0.777374 0.256455 
1.0158 1.36114 2.11803 0.990741 2.23789 0.0840463 1.71167 0.993474 0.368923 0.977352 0.637628 0.13931 
0.920444 1.7024 1.98854 0.984148 2.35049 0.690948 1.07165 1.00964 0.931652 1.03514 0.189885 0.113677 
