0.52121 1.05927 0.990065 0.117431 0.241491 0.171808 0.129978 0.804573 0.26611 1.21788 0.608458 -0.0691472 
0.620404 1.01763 1.12603 0.41172 0.532035 -0.219489 0.0958677 0.29945 0.558139 1.20329 0.362537 -0.164415 
0.698312 1.29152 0.413426 0.379129 0.148757 -0.4414 -0.487549 0.5606 1.00942 0.677133 0.527497 -0.0394293 
0.563161 1.02937 0.748352 -0.503125 0.187565 0.396146 0.556103 0.539469 0.431818 0.234111 0.00767046 0.0318268 
0.511572 1.03134 0.563975 0.0386468 0.719466 1.43311 0.783334 0.530346 0.0944172 0.329564 0.140044 -0.140733 
0.451718 0.777031 1.08189 0.773732 1.0419 0.89283 0.436402 1.10143 0.940747 0.987181 -0.238967 0.0210304 
0.466642 0.942314 0.906444 0.624007 0.929913 0.966162 0.212044 0.643529 0.550047 1.42795 -0.196972 0.0057724 
0.492721 0.848347 1.04066 0.194188 0.90837 0.794846 0.404906 1.32899 0.144368 0.358984 -0.204278 0.147629 
0.674391 0.848784 0.917001 0.152874 0.0118177 -0.0201856 0.398837 1.46576 0.516263 0.252661 -0.0327741 0.0782631 
0.61875 0.823897 1.00355 0.50009 0.439236 0.614614 0.919395 0.261123 1.35639 0.449068 0.121259 -0.0949615 
0.419379 0.93787 1.5196 0.332127 0.465167 0.72956 -0.348629 0.874278 1.41976 1.21228 -0.334446 0.178248 
0.509164 1.07776 1.05195 0.549268 1.35552 0.281061 0.164823 1.50583 0.769056 1.122 0.0684634 -0.112991 
0.563227 1.00397 1.2074 0.350164 1.39239 -0.223586 1.11093 1.27561 0.327908 0.547991 0.674883 -0.261436 
0.396547 0.965724 1.33159 0.862748 0.439467 -0.443431 0.000995124 -0.149936 0.222546 0.38171 0.414146 -0.149512 
0.43179 0.5736 1.23143 0.732844 0.854063 0.672972 0.855014 0.214718 0.0366548 0.517784 0.247358 -0.198689 
0.440369 1.01597 1.37092 0.390274 1.03397 0.556994 -0.337265 0.524882 0.489581 0.52946 -0.138993 -0.0103944 
0.465196 1.12702 1.1473 0.709402 0.0763672 0.178853 -0.994925 0.484447 1.13961 0.740777 -0.0234514 0.0674789 
0.421896 1.31481 0.993651 0.990767 0.456181 0.228955 -0.453984 1.11833 1.27569 1.21065 0.418487 -0.0637306 
0.382748 1.00653 1.4413 0.843588 0.271485 -0.139948 -0.120249 0.585105 0.696898 1.25066 0.2064 -0.110671 
0.517802 0.550002 1.1904 0.395425 -0.336236 -0.176332 0.489698 0.54896 1.00024 0.481131 0.280347 0.08645 
0.498106 0.563637 1.01128 1.00962 1.11823 0.280603 0.632039 0.393476 1.12298 0.619745 0.562926 -0.121971 
0.2054 -0.27363 1.91601 -0.448611 1.77876 0.304322 1.59828 0.652848 0.260504 1.07763 0.348178 -0.311518 
0.0631662 -0.72989 0.909326 -2.25289 0.284926 -0.00165016 1.78096 1.04923 0.286485 1.05701 0.170427 -0.450927 
-0.095847 -0.647332 1.37145 -2.87679 -0.335123 0.267562 0.961528 0.837057 0.0789781 0.440261 -0.0528641 -0.655634 
-0.216313 -1.12286 1.70799 -2.77002 0.597944 0.943803 0.795193 0.853398 -0.201147 1.02578 0.197927 -0.524145 
-0.155994 -1.48398 0.233999 -2.7523 -0.384386 2.2079 1.68538 1.19797 -0.520924 0.996591 0.525876 -0.274361 
0.177839 -1.55878 0.410827 -3.0194 -0.37669 2.21616 2.56899 0.165876 -0.741988 1.12823 0.382891 -0.0675262 
0.673462 -1.43416 0.487811 -2.65315 -0.621828 2.71592 2.15295 -0.0718557 -0.503508 0.40671 0.237244 -0.27157 
0.838412 -0.784057 0.25649 -2.39989 0.0298261 2.10492 2.71001 1.22976 -0.529352 -0.0687444 0.520331 -0.457554 
0.979661 0.11783 -0.0559502 -1.36763 0.822332 2.19339 2.95597 1.28855 -0.879025 -0.443906 0.381971 -0.609193 
1.00039 0.0478288 0.195935 -0.459565 0.362161 2.57564 1.74156 1.21723 -0.478824 -0.478517 0.0969405 -0.590426 
0.889537 0.564172 0.711711 -0.308936 0.727657 2.60734 1.38509 0.933392 -0.668959 -0.157445 0.14017 -0.312841 
1.14677 0.555966 1.04466 -0.316127 1.36943 2.47875 2.45425 1.80777 0.648468 0.68161 0.395747 -0.0578045 
1.42204 0.997388 1.31711 1.15711 2.19279 2.41617 1.25599 1.19913 0.485146 1.06692 -0.690463 -0.225342 
1.43766 0.698743 1.41428 0.785502 2.62903 2.12827 0.854879 0.496963 0.187931 1.58318 -0.406973 -0.344004 
1.32248 0.506751 1.5072 0.956803 2.42077 1.62915 1.0024 1.3011 0.700716 1.39001 0.262452 -0.0823975 
1.54701 0.195947 1.83549 1.38083 1.55131 0.957862 1.46244 1.63788 0.527569 1.09435 -0.288053 -0.37564 
1.6272 -0.0617159 1.82802 0.997386 1.40779 1.04607 1.66219 1.39924 0.607227 0.278493 -0.409266 -0.255112 
1.74283 -0.294141 2.09601 1.40181 2.17066 0.822217 1.23673 2.27742 0.11026 0.44631 -0.382894 -0.563074 
1.89403 0.0591098 1.16421 1.27552 1.85358 0.50864 1.65691 2.81128 0.192205 0.571329 -0.326999 -0.571624 
2.03226 0.15898 0.10883 0.286914 1.10981 2.03452 1.99125 2.03139 -0.275558 0.0978739 0.0890356 -0.225649 
2.24922 0.0717229 -0.49212 -0.741282 3.00871 2.09735 0.614786 1.97168 0.234297 -0.249467 -0.156305 -0.278928 
2.24675 0.321239 -1.10918 -0.820248 3.45206 2.44027 0.637385 1.07816 0.347887 0.00152831 -0.15133 -0.269538 
2.18065 0.38997 -1.69826 -0.136344 3.81802 2.15745 0.675483 1.27182 -0.0862602 0.184764 -0.289729 -0.20903 
2.06183 0.609652 -2.22794 -0.0543611 4.23569 2.18376 0.844805 0.779474 -0.225493 0.479083 -0.247108 -0.149405 
1.90736 0.832605 -1.95041 0.0881366 4.3918 2.81268 0.368117 0.122006 -0.293906 0.467938 0.189529 -0.12235 
1.82354 0.67626 -1.24975 0.656287 4.89526 3.13408 -0.232993 -0.430696 -0.385051 0.449874 0.470028 -0.0823301 
1.88593 0.825513 -1.54618 0.975085 4.99513 3.26895 -0.690245 -0.350514 -0.514005 0.771292 0.478548 -0.0905864 
1.94205 0.652855 -1.61067 1.33812 4.87159 3.3195 -0.462378 -0.18866 -0.457277 0.915886 0.387563 -0.0422933 
1.97145 0.502183 -1.61773 1.67484 4.64849 3.40432 -0.576896 -0.0155092 -0.254624 0.967747 0.344992 -0.0316367 
1.99515 0.76547 -2.60829 1.84019 4.72017 2.54207 0.0892834 0.183971 -0.0100803 1.16252 -0.00231558 0.0310936 
1.89649 0.676804 -2.51337 1.5669 4.351 2.81195 0.0645757 0.262032 0.234676 1.1068 0.164517 -0.0598146 
1.81344 0.719373 -2.00515 1.23457 4.55307 3.32113 -0.554808 0.00188555 0.086356 1.06138 0.427546 -0.128465 
1.85624 0.437683 -1.86443 2.06148 4.45061 3.00285 -1.16964 -0.190892 0.375759 1.0299 0.283183 -0.153322 
1.91839 0.367559 -2.11898 1.46003 4.43341 3.05579 -1.04182 0.146589 0.460798 1.17884 0.266077 -0.218397 
1.90917 0.35509 -2.22566 1.40069 4.02091 3.72638 -0.614343 0.0505795 0.561963 1.19335 0.415998 -0.183555 
1.92781 0.0780741 -2.347 1.99563 4.82838 3.05374 -0.494252 0.711898 0.585757 1.49189 0.256113 -0.0424339 
1.98663 0.512936 -2.01702 2.07591 5.09642 2.6293 -0.0296999 0.59794 0.399237 1.51347 0.205481 0.0479841 
2.06673 0.50758 -1.34235 1.7905 4.87532 2.94864 0.246092 0.506337 0.28036 1.34193 0.404078 0.000716125 
2.02072 0.460814 -0.968758 1.42955 5.35346 2.55698 0.598741 0.191827 0.562183 1.21777 0.42608 0.0341476 
1.98589 0.68513 -0.547738 1.33249 5.81609 2.83445 1.02795 0.00591439 0.369797 1.15193 0.386799 0.0761551 
1.83972 0.845253 0.0518787 1.19552 5.36372 3.2062 0.376532 0.133974 0.923474 0.814913 0.495386 -0.0197911 
1.75989 1.10079 0.202744 1.56129 6.00148 2.82891 1.10846 -0.0024703 0.805207 1.00075 0.345413 0.0586706 
1.8539 1.04832 -0.430884 2.46663 5.47572 3.81097 -0.0241654 0.0148535 0.6109 1.17699 0.604715 -0.0032727 
2.03123 1.00038 -0.056689 0.667671 4.86603 3.9681 -0.0794046 0.705165 0.178064 0.618654 0.652686 -0.0382706 
1.97027 0.846482 0.0759418 1.21779 5.46101 3.77209 0.297478 0.485337 -0.0343395 0.856026 0.388938 -0.124893 
1.92606 0.619789 0.486694 1.85678 5.16081 3.3791 0.165568 -0.0475114 0.807883 0.570161 0.251086 -0.0556603 
1.6995 0.726058 0.0437792 1.44877 5.02873 2.75723 0.115213 -0.202124 1.28609 0.492056 0.496734 0.0133224 
1.62373 1.04581 -0.237628 1.44725 4.58549 2.87508 0.741719 -0.272288 1.19489 0.664643 0.608447 0.0115921 
1.72304 0.705828 0.197789 1.76733 4.57325 2.93691 0.84454 0.024169 0.982672 0.85747 0.213492 -0.0507429 
1.69673 0.496549 0.193281 2.10321 4.57728 2.04625 1.33694 0.361774 1.00839 0.734127 -0.184822 -0.0414324 
1.61272 0.662936 0.520246 1.91077 4.38665 1.81298 1.80298 0.437713 1.12111 0.929045 -0.279425 -0.0146436 
1.73379 0.52525 0.37024 1.90678 4.86779 2.05325 0.790906 0.135631 1.01986 0.385111 -0.0561585 0.0417646 
1.78986 0.409724 -0.124758 1.25839 4.37224 2.208 1.21434 0.0773646 0.536769 0.967674 0.0358982 -0.134406 
1.53007 0.495736 0.248902 0.895221 3.54945 3.21243 0.912857 0.101284 1.35316 0.641886 0.178227 -0.0444384 
1.34718 0.581211 0.809131 1.45154 3.77203 2.97216 1.38943 -0.222946 1.37326 0.925038 0.449753 0.175284 
1.5489 0.696104 0.641938 1.8697 3.6777 2.47735 1.83616 0.0497812 1.50301 1.04212 0.278806 0.11 
1.46238 0.853377 0.41551 2.07987 3.9668 2.11449 1.53101 0.320266 2.03923 0.963803 0.211345 0.0524792 
1.42352 0.52142 0.664003 2.07838 3.70452 2.41227 2.12627 0.280149 1.85195 0.979214 0.0976318 0.143942 
1.4529 0.873278 0.832127 1.26778 3.90448 2.2837 1.9827 0.134902 1.77563 1.24435 0.213889 0.164545 
1.39627 0.995914 0.689939 2.07818 3.85419 1.61053 1.7355 -0.0534245 2.20145 0.851668 0.455178 0.152968 
1.3381 0.798146 0.90077 1.76344 4.74631 2.40958 1.21086 0.358249 1.43665 0.927286 0.368748 0.185748 
1.41069 1.01587 0.84052 1.52059 4.84716 1.78797 1.29775 0.811565 0.870159 0.878044 0.175714 0.151195 
1.44729 0.802153 1.09355 1.98576 3.92222 1.94775 1.69756 0.394282 0.763042 0.994184 0.0901626 0.0903417 
1.31268 0.922751 0.747283 2.05587 4.06231 2.36672 1.12758 0.25303 0.601363 0.938297 0.0386136 0.0191153 
1.25886 1.13312 1.29988 1.74201 3.60978 1.72759 1.17931 0.474185 0.560077 1.3686 0.105568 0.0440772 
1.28366 1.20262 1.65211 1.4046 3.2461 1.75489 1.62812 1.05161 1.7364 0.787813 0.0382692 0.19423 
1.30295 1.01381 1.72275 1.49744 2.55467 2.19711 1.38166 1.41374 1.56747 0.548613 0.403999 0.251198 
1.22365 1.10646 1.77249 1.74182 2.64187 2.2613 1.38456 1.83495 1.11878 0.928235 0.262652 0.216597 
1.24101 0.805406 1.93448 2.13548 3.51122 2.48879 2.02236 0.707079 1.00991 1.02152 0.341849 0.294116 
1.24113 0.990468 1.85929 1.75409 3.41596 2.31753 1.98871 0.598491 1.54709 0.777539 0.31842 0.332426 
1.22848 1.00962 2.12441 1.39675 2.83993 2.03974 1.56271 1.16395 1.74975 0.885547 0.245706 0.283483 
1.22984 1.35789 1.92176 1.32909 3.2306 1.23782 0.958756 0.625059 1.37346 1.15329 0.679788 0.245898 
1.19019 1.16418 1.36753 1.37936 3.02189 1.08279 2.1235 1.05166 1.23808 0.4933 0.438234 0.275143 
1.1208 0.98313 1.06139 0.999556 2.20279 1.74502 1.89339 1.2679 1.58868 0.511129 0.465561 0.130965 
0.965111 0.89805 1.16349 0.89548 3.11523 1.90891 1.48235 1.14642 1.42402 0.678651 0.414273 0.140747 
1.1153 0.899285 2.01122 0.540379 3.17437 0.940423 1.98621 1.45994 0.903636 0.516453 0.642059 0.316887 
1.09636 0.791555 1.78338 0.880317 1.94093 1.567 1.74076 1.37122 1.24247 1.18736 0.807311 0.148294 
1.16763 0.910878 1.38805 1.59861 1.61773 1.32781 1.92282 1.09549 1.26575 0.731767 0.712042 0.177738 
1.03491 0.823415 1.34781 1.55698 1.23836 0.589919 1.77898 0.775494 1.66622 0.621896 0.228489 0.108612 
1.00855 1.2467 1.88423 1.31836 1.73625 0.232994 1.01964 0.730923 1.32186 0.865575 -0.129269 0.110221 
1.04906 1.36064 2.53607 0.554674 1.62538 0.620987 1.49405 1.52555 1.03635 0.896735 0.168026 0.151872 
1.27949 1.33679 2.42642 0.487954 1.89231 1.48698 1.41603 0.338241 1.40714 1.27549 -0.00408829 0.234163 
1.15289 1.26562 2.10199 1.15647 2.35662 1.81769 1.51197 1.50794 1.39805 0.415006 0.113068 0.20264 
1.15167 1.64477 2.20244 1.38484 2.1667 1.66824 1.61572 1.20279 1.40538 0.375976 0.621972 0.250631 
1.0823 1.79375 2.24315 1.09638 2.56125 1.18254 1.19334 0.778519 1.97339 1.05458 0.426848 0.336881 
1.11941 1.71058 2.377 1.68914 2.84053 1.08769 0.802836 0.533294 1.25658 1.0641 0.571281 0.247119 
1.05544 0.955691 2.14158 1.25299 2.639 1.03499 1.53798 1.27341 0.706143 1.11925 0.980194 0.184965 
1.10365 1.2181 2.25086 1.75514 2.95064 0.768631 1.39549 1.04264 0.485704 0.36514 1.13286 0.232552 
0.929179 1.36589 1.77183 2.40885 2.01038 0.357005 1.19321 0.822545 1.13029 0.318689 0.886473 0.134059 
0.955201 1.16853 1.60136 1.57846 2.14104 1.23927 1.26555 0.613007 0.283089 0.59939 0.655356 0.0426102 
1.04029 1.05567 2.02161 0.738634 2.26834 0.665459 0.473088 0.515479 0.437543 0.64833 0.656214 0.0159931 
1.01445 1.25734 2.14183 0.741523 1.78799 0.621469 1.25972 0.632012 0.0765135 0.0458255 0.851973 0.0508639 
0.81305 1.17673 2.08381 0.814001 1.89711 0.910797 1.87245 0.685951 -0.199988 0.724497 0.268813 0.0668634 
0.958886 1.21621 1.89641 1.58011 1.77507 0.789404 1.8232 0.61349 1.54511 0.730041 0.0997731 0.13868 
0.875045 1.43813 2.6367 1.33569 1.68514 1.03618 2.58088 0.478526 1.29351 0.403892 0.406855 0.217282 
0.947333 1.2685 2.60595 1.77164 2.41237 0.879483 1.76572 0.893019 1.1865 0.382953 -0.0598753 0.259301 
1.01727 1.32716 2.08491 1.56641 2.76916 0.852218 0.952634 0.541136 0.483834 0.590615 -0.0557161 0.0741509 
0.885474 1.18466 1.85655 0.456568 2.19488 0.975776 1.085 0.380235 0.569748 1.02155 0.315218 0.0943039 
0.78508 1.00086 1.892 0.812487 1.45307 1.12891 1.03898 0.612617 0.338021 1.39574 0.525815 -0.0432372 
0.773875 0.939677 1.52839 0.640045 1.52402 1.20621 0.595472 0.097034 0.665995 1.11581 0.440946 0.00183971 
0.876714 0.849991 1.72927 1.41494 1.88378 1.27868 1.33177 -0.000839667 0.951109 1.18955 -0.0319632 0.0846427 
0.835686 0.97342 2.20115 1.28429 1.73165 0.404906 2.09989 0.808307 1.02345 0.546183 0.716868 0.16338 
0.817634 1.20744 2.29979 0.944824 1.51255 0.113778 1.80377 1.29942 1.71735 0.797771 0.859427 0.190806 
0.892219 1.23738 2.07366 1.32015 1.37623 0.30557 1.38006 1.24651 1.03603 0.729733 0.757378 0.142594 
0.871286 1.3028 1.46602 0.958334 1.51386 0.245478 0.615407 1.3162 0.443859 0.922302 0.316451 0.11112 
0.828856 1.12232 1.36486 1.61039 1.11395 0.336535 1.05386 0.485999 0.610436 0.710938 -0.249604 0.14688 
