-1.15273 -0.766971 4.16879 0.163052 -0.298734 1.45736 0.201146 -0.216487 0.875233 0.181252 -0.023838 0.110163 
-1.06489 -0.708876 4.49163 0.334231 -1.25772 1.56974 0.410316 -0.436883 0.732604 0.509843 -0.0385522 0.0606872 
-0.918367 -0.566082 4.05494 -0.150472 -1.47202 0.949389 1.79336 -0.004078 1.24571 0.331866 0.279112 -0.08044 
-1.01717 -1.23744 3.22939 -0.705929 -1.656 0.590557 1.99662 -0.0368463 1.29981 0.759644 0.163047 -0.0900669 
-1.19595 -1.42313 3.10225 0.637866 -0.667393 0.235549 1.39913 0.884824 1.0948 0.359698 0.407645 -0.099011 
-1.0685 -1.18606 2.68946 1.20442 0.29146 0.906244 1.07246 0.558338 0.592107 0.00854216 -0.107977 0.153012 
-0.744844 -0.819158 1.6077 1.26685 0.195514 1.27237 1.99873 -0.229826 -0.327803 -0.0921814 -0.446861 0.298676 
-0.48774 -0.896495 2.00489 0.666999 -0.670677 0.909809 2.29209 -0.671097 0.561118 0.324802 -0.304214 -0.00125342 
-0.246807 -0.349557 2.93405 0.554199 -1.24561 1.24211 1.49163 -0.110429 1.03186 0.289977 -0.125476 -0.279062 
0.188924 -0.0731222 2.35724 0.279867 -0.990863 0.574696 0.982838 0.415123 1.11075 0.283844 0.0358255 -0.129823 
0.408135 0.181768 3.02241 0.77254 -0.971994 -0.243579 0.790798 0.786053 1.98997 1.12798 0.0717931 -0.0925547 
1.24152 1.23304 3.37152 1.09019 -0.972512 -0.599407 0.994224 0.371428 0.980898 0.733818 -0.582129 -0.0469074 
1.86356 1.43019 3.60292 1.04393 -1.61521 -0.505715 1.01082 -0.343608 1.06552 1.03568 -0.464626 -0.268273 
1.77888 1.70067 3.96233 0.516367 -0.988196 -0.409796 0.822161 0.0184257 0.866556 1.41818 -0.486864 -0.278733 
2.08865 1.53145 2.16527 -0.787102 -0.189616 0.935873 0.279512 -0.875684 0.455789 1.23783 -0.177605 -0.206461 
2.38227 1.19196 1.67546 -0.810677 -0.30489 0.923798 0.423603 -0.908976 0.281628 0.920119 0.0133009 -0.185163 
2.4676 0.929078 1.33027 -0.722297 0.298802 0.439326 0.248649 -0.401332 0.513768 0.91114 0.0854877 -0.224721 
2.69471 0.779799 0.472608 -1.1217 0.803905 0.303803 0.108602 -0.942344 0.884109 0.772897 -0.0953863 -0.111085 
2.72927 0.639542 0.184497 -1.23993 0.260273 0.719798 0.00973648 -0.810758 1.28178 0.561986 -0.193216 -0.0930739 
2.58697 0.928 0.825462 -1.07885 -0.370831 0.517023 0.299298 -0.234678 0.778481 0.354826 -0.04079 -0.0613414 
2.45569 1.40129 0.757509 -0.817434 -0.270798 -0.0281333 0.439913 0.243047 0.877704 0.191086 -0.124027 -0.174498 
2.31532 1.576 1.05843 -0.943383 -0.583105 0.24362 0.859741 0.498948 1.24074 -0.000593871 -0.0392601 -0.0158834 
2.37038 1.35807 1.49871 -1.5794 -0.725206 0.351623 1.19403 0.179612 1.26568 0.214811 -0.188521 0.0770855 
2.26809 1.35883 0.777708 -0.970936 -0.443684 0.36964 0.828078 0.600689 1.63119 -0.0164659 0.03006 0.0641173 
2.44032 1.24476 1.62883 -0.282145 0.149609 -0.0948606 1.00101 0.015394 1.15219 0.691215 -0.0470506 0.0207119 
2.49986 1.37335 1.89546 -0.208571 0.0218923 0.428656 0.808692 -0.284599 1.60287 0.925877 0.066638 0.179608 
2.3568 1.604 2.06422 0.21362 0.0990913 0.734116 0.999477 -0.57104 1.47889 0.824171 0.0614528 0.1697 
2.3299 2.17372 1.87718 -0.267869 -0.0640201 0.650172 0.786607 -0.316144 1.20088 0.723878 0.191032 0.125916 
2.33899 1.76554 2.06374 -0.402597 -1.0904 -0.0416129 0.697651 0.0335621 1.40055 0.557415 0.122454 0.102945 
2.33686 1.9174 1.53878 -0.783725 -1.13908 -0.253791 1.28837 0.0421077 1.00951 0.257378 -0.00821271 -0.0131133 
2.24938 2.19886 1.13354 -0.953548 -1.15589 0.386417 0.884703 0.296865 0.887446 -0.189445 -0.0564302 -0.062871 
2.52289 2.37847 1.04606 -1.48352 -0.720556 0.472556 1.73535 -0.019524 0.50971 -0.0207751 -0.260856 -0.0514659 
2.64009 2.28195 0.992612 -1.07301 -0.144445 0.323834 1.48776 -0.354887 0.523388 0.266562 -0.110763 -0.0718985 
2.62135 2.15953 0.340368 -0.953608 0.101149 0.676711 0.85877 0.324634 0.54874 0.386959 0.154009 -0.0673962 
2.74395 2.03663 0.711573 -0.689659 0.378794 -0.0770219 0.741945 0.478463 0.45118 0.439643 0.00817851 -0.167458 
2.52781 2.08904 0.054506 -0.724654 0.526047 0.879263 0.481708 -0.0845587 0.426018 0.408195 0.156441 -0.159783 
2.65412 1.75096 0.231903 -1.05685 0.941408 0.566088 0.633623 0.564053 0.122875 0.311769 -0.0287761 -0.234432 
2.48408 1.87488 0.116337 -0.810302 0.742599 0.323896 1.55027 0.216819 0.311731 0.386568 0.0244726 -0.0823425 
2.66485 1.87835 0.143898 -0.74831 0.862836 0.440358 1.26315 0.296119 0.589957 0.544999 0.0668749 -0.159591 
2.52197 1.90944 0.20263 -0.548226 0.32156 0.954039 0.975603 0.360609 1.05796 0.485252 0.115721 -0.157986 
2.41471 2.10348 0.702819 -0.390517 0.900084 0.855764 1.85028 0.285735 0.803591 0.547547 0.0125132 -0.123348 
2.34034 2.0231 0.697455 0.206305 1.53386 1.37784 2.65812 0.0517795 0.0838047 -0.127932 -0.226017 -0.056181 
2.1603 2.2408 1.13076 0.159054 1.3191 0.869338 1.78431 0.299582 0.576275 0.609689 0.0439315 -0.00424262 
2.30604 2.38567 1.36229 -0.472117 1.1365 1.5743 2.21948 0.628239 -0.240586 0.616221 0.0159021 0.11294 
2.23559 2.22399 1.37951 -0.326027 0.957281 1.39074 1.34024 0.561438 0.103546 0.389881 -0.00388158 -0.0280173 
2.16969 2.0973 1.53775 -0.598126 0.302099 1.21608 1.92249 -0.0480284 0.53459 1.11503 0.108788 0.0860334 
2.03152 2.13485 1.15475 -0.603634 0.594159 0.93443 2.23208 0.30932 0.661615 0.656496 0.235625 0.225801 
2.11048 1.95493 1.03293 -0.824315 1.0103 1.43096 1.46831 1.06679 -0.157402 0.615427 0.266119 0.122754 
2.05906 1.86549 1.68749 -0.0576614 0.352995 1.58801 1.45787 0.163518 0.643002 0.556706 -0.0507656 -0.042485 
1.94012 2.03501 1.42814 -0.467189 0.693705 0.675609 2.07768 0.107041 0.667877 0.424549 -0.232504 -0.0784483 
1.85778 2.04189 1.64698 -0.0433209 0.784017 0.418329 1.91842 0.648984 0.78074 0.897527 0.0589669 0.01665 
1.90293 1.61908 1.18501 -0.0380316 1.14026 0.663331 1.74105 0.660083 0.903276 0.467579 0.415117 0.221375 
1.89734 1.87312 1.7194 0.441823 1.42153 0.254555 2.00563 0.80515 1.09406 -0.226235 0.0815532 0.140941 
1.79668 2.04034 2.41504 0.538863 0.804181 1.36058 1.70386 0.744131 0.923129 0.740362 0.0881466 0.0573808 
1.92213 2.11664 2.43817 0.131894 0.573657 0.81713 1.54612 0.723214 0.682674 0.812828 0.0306573 -0.0114836 
1.66506 2.08077 1.84041 0.738189 1.71416 0.532626 1.99814 1.23275 0.400813 0.221749 0.106417 0.0730804 
1.50653 1.79222 1.8871 1.05506 1.42094 1.01263 2.45226 0.86117 0.620812 0.10422 0.360714 0.169529 
1.50563 1.57518 1.26793 0.830946 0.908716 0.103416 2.45162 0.962161 1.40048 0.564374 0.812562 0.293059 
1.61309 1.57235 1.69294 0.350327 0.978561 0.467487 2.54241 0.643382 0.932162 0.897665 0.746933 0.372906 
1.59657 1.82987 1.71314 -0.182867 0.0580325 0.384219 3.33658 1.05561 0.729346 1.29467 0.777575 0.277099 
1.55005 1.67367 1.74471 0.127335 0.659588 1.09782 1.85078 2.06663 0.984185 0.616259 1.05646 0.295317 
1.59889 1.61429 1.99988 0.901411 1.2062 0.685335 1.19678 1.67403 1.12757 0.843065 0.697382 0.267185 
1.67796 1.89517 1.32962 0.432363 1.57737 0.522138 1.93863 1.75653 1.53273 0.900895 0.280564 0.119295 
1.53876 1.96269 1.91142 0.68166 1.31643 0.959014 1.35927 1.60017 2.01595 0.84331 0.226892 0.109128 
1.47734 2.1501 1.98109 0.68937 1.00484 0.318875 1.06383 1.14348 2.30903 0.462595 0.283612 0.116381 
1.40041 1.96438 1.66526 0.687426 1.35717 0.249378 1.93596 1.01978 1.73362 -0.0272746 0.209045 0.086455 
1.32414 1.72876 2.05321 0.900374 1.42695 0.468667 1.37219 1.62434 1.47353 -0.193932 0.319461 0.124183 
1.39529 1.5091 1.84359 0.560431 1.70843 0.449035 1.02185 1.77885 1.45147 0.368901 0.647686 0.205167 
1.38349 1.53011 1.88523 0.201495 0.651472 -0.021892 1.19141 1.42029 1.08756 0.10135 0.655934 0.18341 
1.31709 1.43275 2.46987 0.993317 1.22348 0.443024 1.67174 1.57156 0.97997 -0.0118733 0.779809 0.251472 
1.41737 1.3448 2.02837 1.44819 0.69766 0.988611 1.82213 1.48084 1.27605 0.424275 0.786044 0.281681 
1.40601 1.20988 1.77355 1.21696 0.275633 1.06207 2.27807 0.644 1.45908 0.629367 1.17146 0.341308 
1.34224 1.68336 1.83254 0.659266 0.824122 1.33869 1.81522 0.562326 1.48624 0.427929 0.964742 0.319087 
1.29235 1.32175 2.08125 0.623937 1.50228 1.08166 1.26989 1.33962 1.39766 0.424829 0.610349 0.234034 
1.21166 1.20975 2.10116 1.3407 1.21962 0.315842 0.981578 1.13714 1.07813 0.356361 0.661221 0.23637 
1.16445 1.32129 1.2109 0.78359 1.15661 0.174241 0.753995 1.05515 1.8521 0.545205 0.992059 0.187359 
1.18497 1.38148 1.34536 0.454549 1.37936 1.07259 1.11088 1.62839 2.09438 0.0182102 0.394543 0.0915342 
1.31309 1.48719 1.50821 0.730513 1.36633 0.732759 1.42688 1.40121 1.29115 0.581983 0.344874 0.122043 
1.17143 1.31482 1.36231 0.596373 1.47644 0.670044 1.01713 0.973614 0.861533 0.645868 0.466075 0.0772584 
1.0525 1.15481 1.68789 1.45881 1.44453 -0.0526738 1.0553 1.03492 1.68601 1.05613 0.24772 0.115095 
1.07755 1.21792 1.72322 1.31508 1.3273 -0.61978 1.06432 1.01309 1.25031 1.12145 0.565998 0.210128 
1.19481 1.21329 1.68732 0.53528 1.56486 -0.188314 1.6166 1.44506 0.778347 0.527521 0.814904 0.230824 
1.13726 1.03794 1.78314 1.0339 1.21275 0.344007 2.30737 0.893229 1.10803 -0.233582 0.508298 0.228529 
1.10076 1.30064 1.82672 0.865869 1.06098 0.869671 1.60253 1.30306 0.50054 -0.175051 0.745193 0.116772 
1.04727 1.16383 1.60305 1.22942 1.34743 0.557146 0.92646 1.53776 1.50422 0.355317 0.439008 0.112742 
1.21815 0.781195 1.32916 1.12191 1.22986 0.0751709 0.849482 1.40192 1.2175 0.19796 0.165997 0.0902254 
1.28179 0.138277 -0.0342751 0.311691 -0.325048 -0.984534 0.96799 1.27321 -0.314205 -0.78873 0.109791 0.120581 
1.35317 0.180866 0.168631 0.233655 -0.402823 -1.03249 1.07786 1.26537 -0.183867 -0.918897 -0.0107121 0.0749955 
1.28416 1.05992 1.01855 0.792961 0.0849105 0.416407 1.07581 0.894285 0.175157 -0.0620371 0.0519674 0.040924 
1.27673 1.22034 1.20805 0.625786 -0.0878464 0.125759 1.17876 -0.191961 0.676324 0.0447428 0.0371101 0.0487076 
1.10837 1.26906 1.35852 -0.0880883 -0.0310323 0.917498 1.3666 -0.255649 0.654624 0.0667933 0.172391 0.0438902 
0.98594 1.65941 1.89586 0.411575 0.676149 0.23804 0.0571788 -0.849172 0.878733 0.0614199 0.636836 0.144635 
1.08911 1.17096 1.75852 0.526009 0.152321 -0.591591 -0.246954 -0.745236 1.00289 0.648122 0.215058 0.158092 
1.04756 1.09856 1.33925 0.759182 -0.392475 -1.4554 1.54257 0.20624 1.4152 0.49655 0.240623 0.0605675 
0.893219 1.03651 1.22707 -0.372164 0.593662 -1.07764 1.71119 0.310165 0.576201 0.409163 0.172113 0.217474 
1.00848 1.35995 1.55304 0.126111 0.854935 -0.404454 1.47501 0.867225 0.989386 -0.0588422 0.0928028 0.137837 
1.09661 1.47407 1.97786 0.885768 0.608334 -0.0640399 1.32281 1.12065 0.89441 0.195238 0.366637 0.153747 
0.830367 1.22072 1.74966 0.882251 0.989415 0.167365 2.02533 1.73399 0.689993 0.410668 0.262513 0.115506 
0.85151 1.27645 1.79732 0.682076 0.765115 0.616617 1.19302 0.0351534 -0.156469 0.731846 0.588246 -0.0686104 
0.938175 1.3313 1.75083 0.442429 1.34208 0.591651 0.612618 -0.0313422 0.865531 0.372686 0.360445 0.0988022 
0.957083 1.34924 1.55241 0.712584 1.79755 -0.3077 0.512418 0.370861 0.975832 0.51289 0.181346 0.0991751 
0.837133 1.00703 0.921302 0.3967 2.0266 0.462552 0.853548 -0.0972036 0.664644 -0.270655 0.351297 0.0208974 
1.03754 0.90393 1.24876 0.882702 0.983704 -0.0493928 1.2105 0.488017 0.371509 0.0471566 0.310121 0.0242795 
0.872177 0.825945 1.39732 0.65317 1.01102 -0.321663 0.804916 0.143978 -0.62531 0.238952 0.152967 -0.044705 
