0.649851 0.977067 1.1796 1.10818 0.516242 -0.00640721 0.865015 -0.0952003 0.637358 -0.0300325 1.01768 0.0353253 
0.645317 0.696882 1.24185 1.0524 0.69547 0.545009 1.12567 0.857745 0.404102 0.536721 0.597248 -0.00624571 
0.522923 0.940746 1.94986 0.174575 1.7525 0.877862 1.11717 0.181069 -0.250422 1.00551 0.244115 0.0289017 
0.635669 0.961064 1.86026 0.960036 2.03245 0.183854 0.726608 1.18225 0.264494 0.939913 0.66329 0.0139918 
0.622151 1.27069 1.52579 1.66513 0.353068 0.361341 1.90179 1.44455 0.885216 0.553349 0.515353 0.0881027 
0.575677 0.780316 0.903931 0.906874 0.579832 0.658284 1.99551 0.873241 0.900003 0.362149 0.00803335 0.0544477 
0.54074 0.677079 1.14554 0.729613 0.953035 1.13671 1.25918 0.841617 0.5219 0.380652 0.128065 0.0475383 
0.529452 1.01672 1.26415 1.35425 1.14849 0.481413 0.343401 0.675294 1.01952 0.541147 -0.465806 0.0927889 
0.500903 1.04939 1.22838 0.869671 0.785503 -0.122499 0.771266 0.45054 0.535151 1.17291 -0.436121 -0.0396907 
0.674073 0.930115 1.21309 1.49314 0.993973 0.0248875 0.71156 1.51034 0.376057 1.41833 -0.0575164 0.0849865 
0.708316 1.08069 1.23708 1.7765 1.07371 0.946952 0.849663 1.83992 0.810642 0.452335 -0.0460314 0.157774 
0.677625 1.64904 1.83169 1.84918 0.892857 1.2133 2.40531 0.229558 0.584154 -0.54475 0.143016 -0.0549438 
0.941587 1.81399 2.38935 1.75398 1.71695 2.32587 1.37124 0.0853841 0.275228 -0.535214 -0.36909 -0.0627044 
1.23824 1.9754 2.12344 1.67606 1.71319 1.4702 1.17186 1.15554 -0.0755307 -0.485535 -0.572839 -0.220352 
1.43081 1.85265 1.69803 1.026 2.00543 1.28161 1.11305 1.78929 -0.0546102 -0.340051 -0.882371 -0.363986 
1.47126 1.65735 1.22495 1.19879 1.76885 1.47635 1.25279 0.34377 0.334774 -0.214026 -0.810556 -0.342158 
2.02691 1.36721 0.469036 1.19803 2.74001 1.63265 1.94265 0.104441 0.151817 -0.22163 -0.606761 -0.340417 
2.1187 1.49984 0.188262 1.27295 2.40457 1.81956 2.60203 0.164252 0.785027 -0.19548 -0.603517 -0.447039 
1.96883 1.62051 1.03432 0.683397 2.27893 2.3881 2.62178 0.968916 0.398674 0.101245 -0.705477 -0.345631 
2.19131 1.51482 0.152902 0.438834 2.44516 2.32295 1.73654 0.740317 0.570416 0.231136 -0.476695 -0.445042 
2.19143 1.51993 -0.0700578 0.907169 2.1201 1.8293 2.62517 -0.0164092 0.840061 -0.00562223 -0.582054 -0.568716 
2.13572 1.03504 -0.385799 1.49538 3.62635 0.889611 2.70568 -0.522205 1.1584 -0.355625 -0.76602 -0.376469 
1.9855 1.20708 -0.0594038 0.756468 3.03298 1.47391 2.26861 -0.467146 1.05802 -0.503701 -0.622523 -0.294819 
2.0678 0.947882 -0.928008 0.853445 2.60768 0.215526 3.03924 -0.514777 0.845808 -0.520294 -0.366445 -0.194595 
2.09669 1.02684 -0.545202 2.49212 3.25332 0.270603 3.19589 -0.31419 1.13907 -0.733307 -0.513904 -0.365271 
2.36186 0.276705 -2.09061 1.04954 2.98441 0.442957 2.43898 -0.681452 1.38487 -0.426273 -0.348896 -0.420918 
2.50446 0.0617219 -3.01173 0.604832 3.67219 0.414347 2.39714 -0.197178 1.72307 -0.420894 -0.713444 -0.484378 
2.38382 0.427943 -1.89219 0.603807 2.73957 0.676688 2.12018 0.128357 1.2507 -0.437882 -0.75395 -0.511708 
2.50168 0.466423 -2.51537 0.666024 3.09112 0.393825 2.32459 -0.150406 1.45853 -0.587206 -0.689089 -0.488026 
2.48619 -0.0529498 -2.39375 0.990409 3.25301 0.272586 2.11356 -0.00461883 1.40184 -0.483924 -0.764751 -0.462619 
2.37688 0.222317 -2.72136 1.07491 4.0617 0.258425 1.7565 -0.0144277 1.34367 -0.371567 -0.835074 -0.372403 
2.17985 -0.181109 -2.77435 1.05756 4.40801 0.604491 1.97889 -0.611931 1.34782 -0.472881 -0.670359 -0.287771 
2.36168 0.106988 -2.00566 1.70945 4.46113 0.547006 1.91421 -0.978475 0.671335 -0.564505 -0.461027 -0.0901959 
2.36122 0.171443 -2.85929 1.30583 4.51766 1.16285 1.59155 -0.562751 0.767254 -0.50002 -0.523412 -0.174943 
2.29533 0.595769 -2.14603 1.72426 3.83516 0.632037 2.13794 -0.162831 0.858405 -0.652185 -0.491462 -0.2026 
2.2403 0.811039 -2.11802 0.928031 4.10537 0.639824 2.09527 -0.223528 0.944144 -0.276997 -0.629371 -0.18557 
2.30567 0.379333 -1.78788 1.17092 4.33833 0.640656 1.48363 1.20932 0.895889 0.133271 -1.07525 -0.379328 
2.31751 0.387522 -1.71628 1.25157 4.04501 0.631497 1.8642 1.23965 0.901889 -0.174108 -1.04433 -0.3052 
2.3929 0.390129 -1.863 1.29807 4.81117 0.440921 1.49594 0.87233 0.62072 0.013459 -1.00196 -0.154206 
2.28979 0.845129 -1.70101 1.30341 4.70578 -0.0901799 1.94695 0.934161 1.02195 -0.0572046 -1.34218 -0.161946 
2.33405 0.694968 -2.11267 1.66992 5.29907 0.326118 1.6638 0.296677 0.916007 -0.012251 -1.14678 -0.128261 
2.27999 1.01529 -1.71931 1.68801 5.36427 1.02092 2.01389 -0.272175 0.468617 -0.0146506 -0.685925 0.0220301 
2.34579 0.862927 -2.13673 1.22129 4.83683 0.960741 2.54875 0.0998054 0.497944 -0.0586453 -0.557198 0.0876043 
2.15127 0.811777 -1.36453 0.874598 4.75024 0.909544 1.87344 0.757975 0.648869 0.278545 -0.724185 -0.012474 
2.14191 0.563285 -1.53267 0.921237 5.52635 1.34372 1.54953 -0.228775 0.633307 0.692063 -0.331244 0.0198952 
1.88111 0.367756 -0.908032 1.02434 5.41995 1.88456 -0.0167359 0.0396192 0.970637 0.721606 0.161152 -0.0690592 
1.93685 0.129815 -1.32046 0.378016 5.1998 1.30712 1.34455 0.581181 1.17645 0.664454 -0.382797 -0.0557565 
2.13847 0.117283 -1.8286 0.775186 4.98649 1.64242 2.06324 0.715692 0.738188 0.650628 -0.389358 -0.0920216 
2.15653 0.104919 -1.74863 0.601494 4.90198 1.87968 1.97533 0.674087 0.978858 0.830392 -0.243218 -0.125036 
2.21224 0.321289 -1.03584 0.933936 4.96406 2.05848 1.84609 0.215203 0.60763 0.691235 -0.0659929 0.0542363 
2.1624 0.232758 -1.46067 1.16549 5.38273 2.10611 1.91719 0.353414 0.683099 0.960772 0.177633 0.187338 
2.27486 0.267973 -0.46121 1.70817 5.47148 1.49581 1.9926 0.689568 0.879044 0.905566 -0.266331 0.0468542 
2.27008 0.338493 -0.606875 1.49727 4.83785 2.56102 1.50924 0.96638 0.555405 0.902058 0.0561998 -0.0824953 
2.11465 0.493367 -0.360989 2.08045 4.84209 2.50526 1.99016 -0.103418 0.764388 0.608947 -0.0399568 -0.0377053 
2.02464 0.280453 -0.322885 1.58097 4.83927 1.99827 1.30199 0.539198 0.990496 0.577108 -0.284221 -0.0594292 
1.9712 0.457833 -0.37754 1.44426 4.14724 1.6939 1.35416 1.25137 0.887116 0.55707 -0.521888 -0.240742 
1.83232 0.283675 -0.348407 0.888131 3.32493 1.93466 1.54521 0.76288 1.11625 0.19608 -0.533203 -0.262718 
1.77032 0.263684 -0.0382369 0.533751 3.84475 1.83411 1.4525 0.71642 0.685617 0.277225 -0.653607 -0.250444 
1.78654 0.245337 0.12443 0.910883 4.05774 1.32015 1.58323 0.718762 0.868493 0.0280734 -0.927948 -0.179965 
1.86872 0.713803 0.00415553 1.01783 3.67033 1.98687 1.8128 0.395743 0.846821 0.281135 -0.640913 -0.278659 
1.77033 0.665514 0.0594084 0.996672 3.14425 2.09219 1.32927 0.575254 1.40338 0.196144 -0.6201 -0.316898 
1.76596 0.455356 0.215614 1.47612 3.17243 1.94532 1.25845 0.568367 1.64817 0.272222 -0.577859 -0.279395 
1.69958 0.285043 0.643286 0.939953 3.21367 1.80911 0.786747 1.15266 1.29159 0.667035 -0.125733 -0.197353 
1.60791 0.320957 0.0838116 0.313149 3.32441 2.16771 1.50662 1.61981 1.32777 0.0165926 -0.250655 -0.111439 
1.62778 0.758709 -0.0285902 0.729513 3.67917 2.11578 1.20658 0.575519 1.78136 -0.210836 -0.130615 -0.0859522 
1.61226 0.723364 0.0374023 0.80185 3.58559 2.63125 0.752853 0.590672 1.5118 0.112105 -0.489294 -0.325975 
1.64438 0.825074 0.229475 0.287423 3.88898 2.23908 1.17441 0.838889 1.31552 0.382541 -0.499739 -0.275242 
1.63174 1.05596 0.0623737 0.518168 3.59602 2.2374 1.72967 1.02957 1.43876 0.23713 -0.396847 -0.155398 
1.62919 0.884149 0.198894 0.733479 3.41167 2.42568 1.80009 1.53236 1.47453 0.314783 -0.249617 -0.0417303 
1.5778 0.62241 0.304713 0.712744 3.39989 2.22275 1.97587 1.39554 1.87851 0.439666 -0.400778 -0.0547258 
1.60956 0.940568 0.2557 0.537756 3.73807 1.90707 1.43226 1.09718 1.76113 0.789205 0.0756585 -0.0253561 
1.63638 1.22038 0.76426 0.883057 3.3298 1.79769 1.90242 1.67667 2.02177 0.386161 -0.0851595 0.0499453 
1.55433 1.03554 1.21708 1.38457 3.29965 1.9769 1.97293 1.93126 1.48322 1.04366 -0.347756 -0.0125606 
1.45263 1.0067 1.23679 0.84507 2.95339 2.39189 1.89605 1.66988 0.977762 0.901573 0.121799 0.123948 
1.45446 0.954465 1.33968 0.989397 2.50107 2.26349 2.03696 1.16678 1.25711 1.16373 0.198958 0.135682 
1.54627 0.928404 1.11557 0.852801 3.02011 2.33141 2.52733 1.37108 1.04982 0.819954 -0.287916 0.044169 
1.49573 1.12127 0.734075 1.21654 2.98696 2.36837 2.14265 0.071659 1.7551 0.114412 -0.316669 -0.0165365 
1.45252 1.36097 1.1476 0.732491 3.20382 2.06326 0.88844 0.172002 2.10413 0.723087 0.0855547 0.000651406 
1.50083 1.29381 1.59438 0.887949 2.98078 1.49491 1.18332 1.62844 1.81355 0.0150445 0.156237 0.14784 
1.50203 1.39936 1.67221 0.911722 3.69095 1.98301 0.85855 0.813629 2.00231 0.330155 0.338479 0.167588 
1.39332 1.21399 1.3249 0.701873 3.64566 1.92036 1.22643 0.177624 1.44286 1.02019 0.515802 0.228868 
1.60498 1.32399 -0.130391 -0.272923 4.58652 1.51566 1.86977 -0.541874 1.02045 0.948987 0.530881 0.284021 
1.60579 1.12374 0.318506 0.296836 3.57716 1.81109 2.42906 -0.11521 0.967901 1.17734 0.151403 0.161442 
1.49742 1.13938 1.2038 -0.0792471 2.49087 1.76234 2.1132 0.773704 1.08234 1.23709 0.0913957 0.111425 
1.4052 1.3013 0.75404 0.843066 1.87456 2.06487 2.10345 0.256983 1.35334 0.830186 0.380531 0.125578 
1.43612 1.53633 1.27212 1.49817 1.77138 2.43867 1.46399 0.597924 1.86997 0.00353576 0.484804 0.204958 
1.36941 1.37129 1.35738 1.46384 1.90601 2.31759 1.48883 0.395161 2.69444 0.504166 0.314035 0.183965 
1.32031 1.46583 1.44928 1.1336 1.88755 1.51607 1.15184 1.0986 2.20098 0.862322 0.45315 0.186201 
1.27355 1.41067 1.79413 1.03807 1.35939 0.518464 1.19796 0.767397 1.62369 0.894571 1.25461 0.356508 
1.33619 1.34328 1.6593 1.03993 1.3718 -0.104381 0.746806 0.511728 1.73802 0.892826 0.972355 0.330306 
1.27315 1.30233 1.4082 0.492364 1.77701 0.171483 1.78283 0.456762 0.896799 1.01912 0.592415 0.202037 
1.17738 1.29123 1.52774 0.724159 0.628543 0.618591 1.15199 0.652567 1.05616 1.29483 0.890658 0.144922 
1.09218 1.52779 1.57085 0.306883 0.817604 0.855274 0.0945418 0.0616019 0.651654 1.11597 0.327793 0.187321 
1.08554 1.24297 1.75474 0.557142 1.53051 0.929351 1.27812 1.29572 0.621643 0.400203 0.154513 0.113996 
1.04742 1.52647 1.39211 0.717531 1.72414 1.19974 2.01596 0.671306 0.527126 0.966943 0.192926 0.166933 
0.989299 1.5098 1.75136 0.812493 1.00933 1.81137 2.55783 0.382417 1.04255 0.715638 0.216948 0.126562 
1.06073 1.5535 1.80886 0.951917 1.69419 1.27127 1.13609 0.134389 1.63977 1.13403 0.554549 0.199484 
1.18884 1.54982 1.76894 0.906265 2.1452 0.700815 0.455346 0.53428 1.37989 0.667407 1.003 0.204529 
1.08851 1.60333 1.42041 0.861531 2.40365 1.09527 0.0450992 1.08576 1.13164 0.812481 1.15032 0.111875 
1.1258 1.34949 1.79234 0.653872 1.63713 0.689392 0.66182 0.776154 1.57854 1.02419 1.02554 0.214054 
1.16187 1.37049 1.84851 0.331821 1.81366 0.61494 0.955488 0.963867 2.09241 0.580867 0.796374 0.21764 
1.12738 1.09152 1.87301 0.898431 2.09042 0.152782 1.35661 1.19032 1.41865 0.882085 0.397699 0.167381 
1.12825 1.37327 1.54571 1.10458 1.15177 0.154361 2.01274 1.175 1.09149 0.446069 0.666932 0.136588 
0.949713 1.32993 1.83407 1.00059 0.78751 -0.209526 2.09166 0.987558 0.400794 0.0975833 0.484245 0.0533367 
0.933408 1.36588 1.86427 0.83731 1.75872 -0.470065 0.8488 1.6452 0.376513 1.10827 1.04281 0.0876129 
1.06352 1.32158 1.89469 0.649391 1.70992 0.500879 0.813797 1.11469 0.375518 1.1526 0.863015 0.132374 
0.912685 1.30211 1.51162 0.773638 1.93623 0.157635 1.03275 0.755817 0.661157 0.569508 0.590453 0.0366531 
0.953302 1.5686 1.55443 0.364618 1.91499 -0.617736 1.21804 1.14285 0.483511 0.250152 0.439456 0.123771 
1.00836 1.31507 1.80965 1.26517 1.08416 0.436701 1.26496 0.93534 1.58993 0.768333 0.76591 0.174105 
0.959343 1.07197 1.60522 1.92703 0.636285 0.117774 0.0744059 0.908849 1.72707 0.814407 0.897048 0.165562 
0.860462 1.27377 1.41153 1.01218 0.542858 0.351035 0.807076 1.65646 1.73264 0.487857 0.67941 0.0988473 
0.859793 1.50461 1.48662 0.511151 1.45537 0.588548 0.633873 1.6116 1.34771 0.579721 0.926508 -0.00968976 
1.03398 1.40817 1.26578 0.780907 1.27576 -0.00683442 1.02932 1.42606 1.69195 0.726557 1.01243 0.108212 
0.860083 1.47049 1.40792 0.998823 0.424127 0.00467896 0.590299 1.28649 1.33813 0.905218 1.34224 0.0702718 
0.852456 1.18408 1.32258 1.00731 0.852961 0.345089 1.42133 1.10065 1.27496 0.6054 0.67427 0.0559162 
0.907964 1.59424 1.74681 2.02116 0.848547 0.911483 1.17665 0.605497 1.65111 0.718438 0.449053 0.176581 
1.06377 1.63522 2.20613 1.61715 1.16883 0.392067 0.374483 0.355742 1.54369 0.577663 0.679461 0.26598 
0.937152 1.40898 1.93244 1.37876 0.0575749 -0.0289356 0.607749 1.03329 0.890031 0.717435 0.461868 0.195277 
0.99852 1.41086 1.56713 0.939777 -0.0233327 0.0852672 0.761295 0.881826 0.467701 0.315704 0.326178 0.100776 
0.92479 1.52428 1.28995 0.725199 0.295023 0.142091 0.542222 0.679424 0.578734 0.0894511 0.411765 0.0876254 
0.804729 1.42436 1.37609 0.642725 -0.0768541 -0.0507941 0.960476 1.22321 0.123533 0.432983 0.594343 0.0450791 
0.753914 1.09805 1.49248 0.835504 0.994601 -0.112984 0.69344 0.80216 0.271541 0.137543 0.609401 0.0881459 
0.795631 1.25818 1.82961 0.433272 2.19831 -0.322421 1.46396 0.849077 0.704623 0.881301 0.484889 0.132242 
0.721082 1.3212 2.0778 1.2341 1.88983 0.224648 0.615622 0.898228 0.987205 1.27991 0.591315 0.0522444 
0.689984 1.21553 2.42091 1.27127 1.01443 0.889934 -0.349925 -0.318575 0.376277 0.862051 0.757769 -0.0466949 
0.734556 1.24807 2.06054 0.948418 0.471285 1.23445 0.818605 0.936227 0.374801 0.810812 0.414508 0.0389599 
0.862232 1.28215 1.46364 0.82505 0.332618 0.495569 0.455452 0.727465 0.800676 -0.275193 0.333825 0.098515 
0.671761 1.17271 1.44189 1.19355 0.764943 0.0729031 0.926913 0.879326 -0.109955 0.0245718 0.274486 0.100953 
