0.445077 0.821811 1.04626 1.56831 1.11552 1.02544 2.27217 0.198064 1.13207 0.0914885 0.0796721 0.0412131 
0.509793 0.683877 1.48253 0.788153 1.62745 0.685059 0.795021 0.811455 0.548786 -0.120538 0.36339 0.0148027 
0.516885 0.589445 2.0723 1.30602 1.54516 0.636474 0.644962 1.38972 -0.0671112 -0.159448 0.424071 0.116262 
0.43755 0.844271 1.44668 1.66485 0.965409 0.446933 1.62825 1.04461 1.15825 0.271995 -0.111577 0.204944 
0.527688 1.26913 0.906061 1.48926 0.958858 0.192959 1.20228 1.10272 1.26475 0.446382 0.555617 -0.0516298 
0.686419 1.59842 1.23847 1.46076 0.749615 0.916049 0.939883 1.95854 0.981481 -0.124534 0.342257 -0.14242 
0.872005 1.69754 1.61047 1.07709 0.811328 0.448546 0.802451 2.22058 1.20597 -0.375543 -0.108962 -0.132849 
0.809496 1.43204 1.71934 1.40802 1.4789 0.559269 0.0892162 1.42479 0.723588 0.452172 0.0676358 -0.0925433 
0.815741 1.75477 2.00087 1.11079 1.43593 0.729086 1.3156 1.21546 0.460143 0.133476 -0.176844 -0.0293743 
1.26261 1.99861 2.02733 1.28968 1.06649 1.58327 1.381 1.73084 1.43145 -0.306578 -0.323655 -0.107866 
1.72265 1.85199 1.82349 1.01352 0.893002 0.95788 1.26163 1.39168 2.2489 -0.169006 -0.62023 -0.340564 
1.71837 1.79915 1.91496 1.31863 1.7931 1.25627 1.24872 1.73929 2.28135 0.329945 -0.679329 -0.30307 
2.2456 1.17908 0.0806151 1.21151 2.42776 -0.359192 0.652339 2.48653 1.9822 0.60718 -0.85844 -0.505157 
2.13458 1.53037 0.787939 1.03294 2.90462 -0.348783 0.856814 2.51239 1.74031 0.632971 -0.984794 -0.532859 
2.12772 1.59211 1.06552 1.05059 3.12737 -0.239514 0.945406 2.55494 1.41435 1.07362 -0.716506 -0.433276 
2.43394 1.30714 -0.0665218 0.462126 3.51573 -0.272485 0.112105 2.89194 1.43495 1.19203 -0.81185 -0.593252 
2.41288 1.47052 0.116926 0.0151246 3.68301 0.138246 0.763224 2.76213 0.962386 0.771888 -0.945245 -0.585892 
2.46002 0.823901 -0.484228 -0.870728 3.84359 -0.404889 0.834931 2.62853 0.936693 1.15014 -0.929831 -0.567639 
2.50938 0.454463 -0.669726 -0.110487 3.70398 -0.119089 0.115257 2.48392 1.01292 0.899884 -0.823164 -0.721858 
2.54828 0.65417 -1.15494 -0.232266 4.09657 -0.305599 0.86765 1.64322 1.29352 1.19955 -1.00506 -0.607028 
2.36964 0.504691 -1.51945 -0.545305 4.25696 -0.542049 1.67504 1.37156 1.39862 1.07184 -1.20132 -0.403014 
2.42135 0.567818 -1.38695 -0.433451 4.11708 -0.432585 1.53638 1.28996 1.33767 1.07324 -1.12972 -0.487975 
2.35978 0.997746 -2.0798 -0.315682 3.88279 0.385495 1.37284 0.976072 1.38338 0.888328 -0.937797 -0.58148 
2.026 0.970616 -2.14645 -0.364001 3.91851 0.682869 0.973336 1.35802 0.959561 0.89659 -0.98066 -0.600405 
2.06419 0.507201 -2.74947 0.0654622 4.27824 1.08359 0.425201 1.17044 0.771177 0.900436 -1.02907 -0.656084 
2.30216 0.66004 -2.45777 0.286599 3.89396 1.06059 0.134303 1.30234 0.735543 0.857341 -1.00365 -0.669071 
2.01283 0.699661 -2.75018 -0.079853 4.17761 1.27559 0.447789 1.0778 0.768778 0.958758 -0.874977 -0.629103 
2.12188 0.637727 -2.72967 -0.0146863 4.10936 1.41049 0.500796 0.88264 0.769031 0.754529 -0.801864 -0.586468 
1.96603 0.761847 -2.91522 -0.211927 4.16095 1.84582 0.327073 0.953875 0.647955 0.894583 -0.65126 -0.610482 
1.97599 0.888931 -2.8685 -0.184566 4.17901 1.72754 0.616025 0.967887 0.662191 0.863971 -0.753433 -0.57484 
2.03283 0.905114 -2.68789 0.524671 4.81309 1.60129 0.311165 0.409063 0.236656 1.0094 -0.651793 -0.291597 
2.04594 0.658273 -3.28039 0.377872 4.83021 1.82975 0.825913 0.491667 0.533648 0.927282 -0.713892 -0.345958 
2.21169 0.571513 -2.49451 0.848232 4.13924 1.31559 0.89096 1.40054 0.903588 0.80354 -0.873669 -0.471229 
2.33587 0.174926 -2.79563 0.917808 4.25431 1.77614 0.448134 1.1866 1.08936 0.801416 -0.713175 -0.543641 
2.16115 0.428133 -2.31048 0.0152187 4.08727 1.57035 0.904478 1.53401 0.904768 0.823214 -0.666619 -0.515704 
1.87813 0.74526 -2.10617 -0.231373 4.75874 2.06247 0.310414 0.753597 0.449996 0.742783 -0.157285 -0.361008 
2.05773 0.222923 -1.74096 0.358827 4.76916 2.1283 0.443918 0.756212 0.618392 0.905519 -0.165273 -0.32718 
1.99436 0.444853 -1.90376 0.758428 5.756 1.22958 0.496281 0.458069 0.491143 1.46996 -0.283323 -0.112781 
2.24236 0.581501 -2.29886 0.292085 4.85302 1.65492 1.20395 1.1883 0.781234 1.27994 -0.3666 -0.227815 
2.2791 0.587441 -1.62991 0.110859 4.69201 1.63642 1.18187 1.50307 0.537466 1.12761 -0.289542 -0.207045 
2.30913 0.175166 -1.49142 0.240021 5.65097 1.69054 0.428275 0.743619 0.479869 1.57919 0.0465627 -0.231131 
2.25431 0.145633 -1.73534 0.618178 5.58616 1.56418 0.726892 0.813822 0.807852 1.5899 -0.0545449 -0.20595 
2.14134 0.468906 -1.24801 0.882431 5.0136 1.60475 1.43621 1.21922 0.990939 1.32668 -0.223757 -0.172514 
2.10833 0.349113 -1.39249 0.875402 5.3647 2.46391 0.7778 0.5195 0.585121 1.28026 0.296047 -0.0289397 
2.14405 0.304055 -0.966123 1.53434 4.92523 2.66467 0.793922 0.0447378 0.594172 1.14646 0.452922 -0.00266227 
1.98673 0.0350702 -0.640115 2.35649 3.74785 1.63667 1.92344 1.17022 0.795241 0.856194 0.0887608 -0.0828563 
1.93695 0.477383 -0.595836 1.42229 3.51464 1.84966 1.88282 1.02933 0.562387 0.751912 -0.238273 -0.215158 
2.0597 0.670802 -0.95308 0.821776 3.79164 1.82382 1.50938 0.734486 0.37933 0.34068 -0.312533 -0.177278 
2.10882 0.480222 -0.666414 0.915305 4.73242 1.47221 0.589704 0.948363 0.493629 0.68731 -0.538147 -0.366311 
2.06509 0.271182 -0.681731 0.681638 4.47432 1.73453 0.453162 0.47245 0.431263 0.615095 -0.40602 -0.426787 
1.96927 0.359215 -1.21408 0.241946 3.6269 2.42759 1.00947 -0.201631 1.03297 0.399127 -0.0892652 -0.363623 
1.9328 0.476794 -1.0872 0.82943 3.54445 2.06789 1.32788 -0.00523863 1.47496 0.495384 -0.195003 -0.384085 
1.79237 0.0611857 -1.04254 0.614731 3.54005 2.06594 1.24468 0.934726 1.86423 0.565236 -0.244116 -0.370605 
1.79574 0.138893 -1.21268 1.02043 3.77961 2.07767 1.50259 0.489498 1.51 0.449346 0.0757277 -0.135817 
1.78791 0.281319 -1.26527 0.653359 3.44839 1.76644 2.08351 1.17613 1.40664 0.440891 -0.0964264 -0.162846 
1.77067 0.501645 -1.00933 0.67466 3.96472 2.26849 1.09869 0.632961 1.74023 0.432863 0.0321987 -0.172817 
1.7406 0.85487 -0.550255 1.23794 3.31153 2.2375 1.26641 0.535489 1.89372 0.581642 -0.0558445 -0.243382 
1.61314 0.795807 -0.568593 1.15493 3.52746 2.32001 1.52378 1.35803 1.57927 0.543634 0.0135458 -0.0429469 
1.67915 1.109 -0.00875889 0.80789 3.56537 3.1067 2.11998 0.585774 1.31572 0.885151 -0.0859106 -0.0754688 
1.77732 1.03543 -0.0650897 0.498489 4.25643 3.0845 1.99735 0.50545 0.997047 0.914892 -0.0833924 -0.101213 
1.77262 0.714385 -0.0803691 0.942163 3.61132 2.31747 1.96869 0.874829 1.57722 0.776573 -0.262116 -0.166785 
1.66422 1.1684 0.230274 0.603698 3.38971 2.89279 1.73458 0.859791 1.61722 0.57916 -0.309759 -0.20283 
1.66631 0.930419 0.700275 0.995426 3.29701 2.29182 1.28803 1.52003 1.71774 0.774835 -0.133532 -0.0929789 
1.67895 1.26491 1.03639 1.68186 3.07711 2.35308 1.04584 1.29357 1.55769 1.06717 -0.202608 -0.140364 
1.53769 1.04585 1.41659 1.53304 3.49635 2.5026 0.878561 0.946379 1.33145 0.745488 -0.0442119 -0.0159836 
1.45797 0.782252 0.329672 1.30546 3.26473 1.78864 1.63155 0.742179 1.33002 0.61846 -0.485528 -0.185009 
1.46457 0.684086 -0.0335562 0.584419 3.26204 1.95687 1.22281 1.61614 1.63006 0.762642 -0.383853 -0.318792 
1.85874 -0.0521922 0.159583 1.83312 2.90311 -0.450134 0.768804 1.99611 0.922637 0.985622 -0.136244 -0.207131 
1.80444 -0.13659 0.185664 1.68666 2.53558 -0.788137 1.17203 2.3704 1.12587 0.747264 -0.269421 -0.183145 
1.53894 -0.400314 -0.0854803 1.81459 2.50019 -0.413734 2.20347 2.95235 2.42206 0.377365 0.0252753 0.12077 
1.55085 -0.178465 -0.0202325 1.23749 2.30372 0.692219 1.99354 2.49772 2.63704 0.812585 0.133121 -0.0604162 
1.51562 0.743771 0.408349 0.886019 1.94007 0.623804 1.71488 2.73462 2.32764 0.537953 -0.0262325 -0.0362152 
1.40309 1.18073 0.129143 0.805282 2.62787 0.389907 1.63971 2.27838 1.68478 0.553874 -0.151373 -0.0624639 
1.43407 0.589017 0.189107 1.15532 2.98926 0.801803 1.4381 0.927722 1.78734 1.22772 0.0267145 -0.123681 
1.4354 0.713161 -0.0609427 0.841008 2.87002 0.809172 1.168 1.10452 1.11876 0.754874 -0.175301 -0.138788 
1.26687 0.976746 0.847454 1.14148 2.25821 0.802046 1.2703 1.03615 0.536773 0.643981 0.0398672 0.0402769 
1.15475 0.803134 1.62896 1.40028 2.18269 0.358747 1.06517 2.09805 1.53682 0.587543 0.194841 0.168677 
1.37518 0.547661 1.23737 1.45789 1.7668 0.938334 0.887412 1.80441 2.22371 0.363696 0.253355 0.17613 
1.36303 0.884061 0.898798 1.37639 2.13727 0.756417 1.12473 1.54941 2.29227 0.27465 0.433689 0.171998 
1.16533 1.09893 1.04209 1.21043 2.40633 0.814547 1.373 0.24277 1.46599 0.441177 0.573634 0.0997164 
1.22343 0.963489 1.59481 0.66957 3.15315 -0.315973 0.779708 1.12156 1.6391 0.688485 0.402264 0.225015 
1.17878 1.05342 1.25876 0.729591 2.79424 0.740309 0.510694 1.20016 2.07414 1.09651 0.307296 0.0412865 
1.01728 1.16814 1.20231 0.933455 2.32629 1.14489 1.17935 1.53488 1.36851 0.982023 0.162445 0.0717015 
1.04889 1.09629 1.69753 1.15837 2.48193 1.43184 1.34463 1.34501 0.68653 1.06215 0.290359 0.120847 
1.09421 0.984707 1.82833 1.04015 2.63275 0.899328 1.13709 1.26878 0.559614 0.84186 0.425643 0.106914 
0.989868 1.19666 2.00183 1.71099 2.39981 0.793957 1.11352 1.44479 1.09463 0.269634 0.304827 0.15299 
1.07754 1.19587 2.14789 1.49559 1.96093 1.08549 1.55873 1.5363 0.882549 0.116838 0.49609 0.164426 
1.1476 1.41219 2.03282 1.30345 2.77555 0.967731 1.65324 1.31872 1.45876 -0.0732876 0.179911 0.226409 
1.02531 1.39087 1.5071 1.08217 1.39068 1.21439 1.98226 1.03055 2.37971 0.359597 0.233102 0.150338 
1.07054 1.19205 1.65137 0.546117 1.27213 0.605195 2.22274 0.592285 1.59527 1.00333 0.543143 0.162469 
0.988023 1.12166 1.23254 0.368075 2.14016 1.18239 1.74727 0.763235 1.06175 0.840747 0.29237 0.136224 
1.04608 1.00805 2.18102 1.25677 2.05409 0.245853 2.00082 0.575047 1.16311 0.521692 -0.0653543 0.196166 
1.07007 1.10836 2.19374 0.983735 1.81196 0.463071 1.79182 1.24167 1.58282 0.552795 -0.447329 0.200978 
1.1296 1.25818 1.81015 0.932484 2.39479 0.785232 1.33722 1.28487 1.90863 0.598231 -0.2939 0.172984 
0.960651 1.12177 1.24586 1.3618 1.67465 1.21955 0.931967 1.29396 1.06508 0.365656 0.206053 0.0894507 
0.9241 1.14364 2.13225 1.0881 1.15857 1.03222 1.15597 0.779923 1.18338 0.240387 0.354541 0.123823 
1.04756 1.05698 1.47714 0.437958 1.31008 1.6436 1.66483 1.10842 1.60361 0.297311 0.127079 0.071896 
0.979538 1.28955 1.87781 1.09976 1.35683 0.698481 2.15206 0.968053 1.22552 0.655014 0.10236 0.147403 
0.927972 1.52179 1.96309 1.16224 1.50146 0.748457 2.22449 0.244565 0.71536 0.83415 -0.0590471 0.16463 
0.983321 1.2704 1.67284 1.29576 1.45843 0.205211 1.54501 0.414565 1.43925 0.412172 -0.712037 0.099276 
0.94391 1.2875 1.72764 1.71367 1.38402 0.623589 1.96994 0.596377 1.51567 0.798361 -0.0474374 0.152407 
0.94932 1.54671 1.84748 0.667065 1.38738 1.119 1.86405 0.841151 1.90497 1.03087 0.204216 0.21797 
0.85195 1.28435 1.88348 0.554021 1.1838 1.09016 1.14738 1.77627 1.23834 0.802192 0.455598 0.0583789 
1.06483 1.12825 2.13155 1.21599 1.40723 1.09008 0.786956 1.02984 0.0658919 0.404269 0.27954 0.030139 
0.971259 1.54488 2.41615 1.56929 1.98612 0.325865 0.8939 1.06564 0.575275 0.782251 0.222587 0.15608 
0.967748 1.48555 1.97432 0.974282 0.738725 0.968489 1.51182 0.82237 0.708901 0.688108 0.428294 0.0987252 
0.939185 1.11067 1.64412 0.626995 1.02732 0.904747 1.21126 1.00819 -0.664604 0.112793 0.258837 0.033888 
0.891397 1.16821 1.82982 1.21182 1.22904 0.505846 0.631624 0.264401 0.0586714 0.370726 0.467032 0.0698407 
0.90983 1.25618 1.89005 1.88236 2.0972 0.603843 1.36912 0.0338963 0.730737 0.848715 0.0787307 0.0854572 
0.971345 1.53923 1.97372 1.10922 1.18282 0.796736 0.612431 0.684144 0.333609 1.29387 0.341759 0.111951 
0.791649 1.37621 1.84579 0.894595 1.22238 0.541045 0.587881 0.22587 -0.106246 0.943 0.111672 0.0735367 
