0.568647 0.802082 1.13136 1.05558 1.23494 -0.082694 0.378328 1.29658 0.294778 0.623144 0.742651 -0.105657 
0.616596 1.03691 0.985385 1.49955 0.784175 0.112173 0.817753 1.17162 0.534318 0.03678 0.462716 0.0860742 
0.49831 0.943564 1.54117 1.76692 1.36523 1.18504 0.987383 1.29951 0.8176 0.112468 0.594498 0.0367329 
0.511781 1.12495 1.37134 0.991884 0.520616 1.07473 0.454055 -0.0415825 0.359482 0.654733 0.967727 -0.172264 
0.62891 0.834405 1.33636 1.22043 0.967812 1.10377 0.684619 0.544027 1.11441 0.12022 0.555705 -0.0117148 
0.574221 1.26679 1.86478 1.28169 0.253085 0.191336 1.4188 0.223411 1.01527 0.497842 0.467142 0.0383632 
0.52046 1.64541 1.56256 1.77897 0.775512 0.130374 1.28927 0.053362 0.428115 0.791106 0.37543 0.0792408 
0.487485 1.54938 1.03777 1.38526 1.00946 0.153461 0.735333 1.10255 0.559439 0.210423 0.478075 0.0430609 
0.520899 0.737332 1.62523 1.2069 0.625855 0.721893 0.461004 0.281415 1.21053 0.737387 0.267948 0.00925973 
0.503568 0.512244 2.10093 1.34273 0.946145 0.387768 1.59256 -0.281503 0.698218 0.820618 0.0654518 -0.0291896 
0.433948 0.165219 2.8912 1.46533 0.0800758 -0.243316 1.6783 -0.279006 0.331529 0.418281 0.201368 0.0651391 
0.444877 -0.145901 2.84638 2.04146 0.612182 0.658613 1.77394 0.29556 0.107873 0.657376 0.267671 -0.126959 
0.217385 -0.484643 3.26666 1.83072 -0.755496 1.1809 2.92124 0.202691 0.092085 0.831681 0.0122898 0.0274841 
0.121688 -1.08178 2.85566 1.65778 -1.10443 0.433932 2.77934 -0.68543 0.000624744 0.821816 0.210037 -0.0115772 
-0.0922345 -1.01466 3.18941 1.62083 0.371695 0.830774 2.29546 0.614663 -0.371407 0.867947 0.00304316 -0.117695 
-0.315492 -1.10399 2.88121 1.78487 -0.326116 0.135472 2.06257 -0.211047 -0.387551 0.877491 -0.084462 -0.135496 
-0.621421 -0.904195 3.27662 1.75232 -1.16831 -0.392541 3.45523 0.282214 0.0945079 0.38181 0.386793 0.00311184 
-0.720087 -0.961121 4.04334 1.79443 -0.611907 0.407659 3.49411 -0.0895635 -0.517175 0.719482 0.162269 0.0976756 
-0.696488 -1.24155 4.52942 1.02928 -1.01903 0.967655 3.0982 -0.174417 -0.55089 0.962728 0.202703 -0.0487853 
-0.548069 -1.21879 4.77974 1.0349 -1.27224 1.10163 2.44481 -0.373192 0.0387351 0.787862 0.381604 -0.00864562 
-0.80931 -1.10237 4.36093 0.716039 -2.02295 0.824289 2.40544 -0.937907 0.697168 0.854298 0.279449 0.0813574 
-0.892109 -1.26277 4.38204 1.17064 -1.92541 1.21103 2.40205 -0.574234 0.646418 0.662138 0.35221 -0.0396682 
-0.843125 -1.39911 4.3241 1.53829 -1.40211 0.664565 2.39214 -0.124794 0.292459 0.912149 0.348394 -0.0989544 
-0.967853 -1.42786 4.04375 0.458177 -1.14567 -0.211011 2.52016 0.343705 0.296545 1.28866 0.0995233 -0.0057718 
-0.974899 -1.06092 3.50992 0.400162 -1.52817 -0.719829 2.26174 0.0655776 1.53906 0.60719 0.125012 0.231909 
-0.884795 -1.26764 2.92398 -0.190475 -2.14949 -0.269839 2.20822 0.239372 2.23141 0.566115 -0.144003 0.119108 
-0.922918 -1.28012 2.43539 -0.597824 -2.40366 0.254985 1.97068 0.0458252 2.11076 1.46624 -0.41062 -0.0598087 
-0.794729 -1.49473 2.18646 -0.888395 -2.63181 0.796433 1.89017 -0.266249 1.4917 1.64927 -0.483761 -0.1537 
-0.740774 -1.58757 2.20232 -0.660091 -1.7379 0.459134 2.10302 -0.102614 1.31753 0.907134 -0.49266 -0.0522387 
-0.651732 -1.37212 1.97409 -0.331594 -1.87067 0.00474564 1.6761 0.875207 2.00623 0.423376 -0.166381 0.0250185 
-0.665037 -1.16641 1.27488 -1.61638 -1.45831 0.613567 2.20504 0.429676 1.06553 1.23008 -0.0570572 -0.0750846 
-0.461612 -1.42732 1.59635 -1.54402 -0.869426 0.230948 1.51837 1.14042 1.3171 1.12545 -0.138545 0.0353697 
-0.134238 -0.630198 2.55082 -0.409515 -1.17929 -0.524672 2.32115 1.21598 1.40646 0.284287 -0.270021 -0.0108611 
0.170368 -0.546748 2.9534 0.389381 -1.60931 0.545457 3.16561 -0.0789422 1.62799 0.545906 -0.272918 -0.340976 
0.565677 -0.353313 3.08786 0.771985 -0.573558 0.853548 3.29338 0.522288 0.900419 0.886653 -0.276524 -0.359498 
1.77395 -0.372217 -0.0116102 0.840584 1.02082 1.241 2.55641 -0.110434 0.718979 1.11131 -0.11236 -0.658764 
2.09121 -0.666182 -0.831861 0.429335 1.76248 1.66034 1.62542 -0.0598872 1.74276 0.493866 -0.491837 -0.454358 
2.10966 -0.731738 -0.0725791 -0.237603 2.09952 1.59083 1.73818 -0.243696 1.69844 0.84757 -0.815192 -0.412884 
2.09811 -0.607988 -0.181508 0.356151 1.53212 1.66504 1.82478 -0.293873 1.66896 0.888641 -0.641619 -0.547805 
2.1368 -0.614215 -0.912865 0.538083 1.66971 1.90055 1.95975 -0.6362 1.62241 0.546615 -0.621879 -0.569165 
2.13227 -0.571131 -0.733445 0.0255245 1.97422 2.35672 1.84999 -0.319864 1.24416 0.532584 -0.571644 -0.539134 
2.14214 -0.626701 -0.74338 0.485127 2.23052 1.8507 1.7872 -0.0202345 1.23392 0.380216 -0.646252 -0.510552 
2.00718 -0.289878 -0.627123 0.611618 2.58329 1.98293 0.956625 0.763119 1.28928 0.353177 -0.577046 -0.547836 
2.08818 -0.302572 -0.415112 0.602562 1.90769 2.05282 2.01279 0.309214 1.41843 0.708981 -0.597785 -0.628347 
2.01031 -0.151919 -0.112227 0.0657386 1.90138 2.73069 2.57819 0.105827 1.06374 0.609681 -0.570601 -0.439704 
1.88877 -0.386004 -0.27649 0.295925 2.24934 2.77144 1.81807 0.99987 1.25846 0.333481 -0.283983 -0.248012 
1.67854 -0.658724 0.320991 0.94831 2.18601 2.64775 2.29113 0.218647 1.21849 0.663747 -0.467337 -0.280661 
1.77959 -0.360529 0.218155 0.801245 2.41567 2.93023 2.79798 0.264938 0.704352 0.388912 -0.101332 0.0676366 
1.52182 -0.318929 0.0631449 0.839536 2.76617 3.07138 3.59671 0.154047 0.755343 0.897413 0.169517 0.100525 
1.61309 -0.22399 0.829151 1.09872 2.78482 2.08967 3.1596 0.591561 0.76818 1.64677 -0.0798987 -0.187164 
1.86975 -0.086108 0.816718 0.473307 2.79415 1.96042 3.2714 0.788502 1.04102 1.05949 -0.287097 0.0154228 
1.74685 0.248554 0.787242 0.23945 2.43059 2.4949 2.99961 0.19104 2.10006 1.40715 -0.276042 -0.0426228 
1.61919 0.175738 0.578147 0.611441 2.04207 2.78126 3.05363 0.179786 1.96131 1.40033 -0.268854 -0.159435 
1.76876 0.197913 0.643926 0.335253 2.67031 2.6224 2.48857 -0.0580893 1.92656 1.48976 -0.247669 -0.1543 
1.84661 -0.159001 0.909405 0.755744 2.64612 3.18868 1.8765 0.620903 1.61779 1.22935 -0.174367 -0.163338 
1.6878 0.259619 1.11887 0.927742 2.64002 3.11749 2.22642 -0.146544 1.35352 1.28157 -0.256234 -0.0521075 
1.66146 0.502057 0.851617 0.0356415 2.57657 2.40488 1.71887 0.806848 1.77852 1.29921 -0.018118 -0.0925549 
1.64516 0.0594444 0.845528 1.08161 2.82208 2.59179 2.28081 0.473971 1.11407 1.16822 0.107953 0.0371984 
1.68682 0.181148 0.984926 1.59654 3.39129 2.13883 2.4464 0.516792 0.678814 1.27708 -0.0621311 -0.0691756 
1.65146 0.294737 0.774158 1.22265 2.75209 2.21548 2.40086 -0.176738 0.708865 1.35549 -0.266428 -0.249726 
1.68164 0.357876 0.688377 0.770405 1.84749 2.08463 2.29182 -0.550126 0.98529 1.62796 -0.486301 -0.502073 
1.80469 0.666534 1.90023 -0.0358702 0.15926 0.561752 0.851506 -1.24478 0.540421 1.53156 0.250837 0.063579 
1.29475 0.865798 2.67144 -0.84167 0.112248 0.521687 1.78547 -1.09642 0.446786 1.53198 0.0414923 0.155386 
0.370724 0.317352 2.83448 -0.282658 0.127662 1.03928 2.57258 0.209112 1.29632 1.21277 -0.593161 -0.265114 
0.180037 0.252093 3.40177 -0.0752292 -0.990086 0.627728 2.25162 0.585079 1.32032 1.25874 -0.424878 -0.30698 
0.145826 0.138721 3.37033 0.324069 -0.710948 1.64428 2.29736 -0.0449599 1.3464 0.546667 -0.329842 -0.122781 
0.0928726 0.206534 3.49839 -0.0752388 -0.586386 1.76895 2.12685 -0.288675 1.8184 0.522943 -0.301225 0.0281276 
0.140709 0.0277259 3.58953 0.207301 -1.16881 2.00766 2.87206 -0.0601185 2.39691 0.399659 -0.303944 -0.00428439 
0.175722 0.270146 3.69052 0.20476 -1.35526 1.83502 3.45257 -0.20961 2.26865 0.597595 -0.192628 -0.0346237 
-0.0127395 0.297078 3.53982 -0.455043 -0.316581 2.18079 2.41342 0.889159 0.939218 0.422301 -0.141335 0.081024 
-0.186929 -0.0326062 3.35015 -0.189087 -0.49414 1.41384 2.64095 1.0607 1.03879 0.747457 -0.625036 0.0340566 
-0.169845 0.214902 2.95072 0.214011 -0.38319 1.41169 2.79808 1.29999 1.70729 0.779041 -0.56775 -0.0538223 
-0.116341 0.55355 3.70235 0.493854 -0.461817 1.96486 2.77414 0.811693 1.79319 0.616271 -0.234251 0.292284 
-0.237419 0.289899 3.71287 0.494097 -0.087277 2.56498 2.99073 0.284533 1.6074 0.344569 -0.21383 0.293678 
-0.279621 0.470571 3.76765 1.12009 -0.893425 2.32508 2.54227 -0.0785616 1.44897 0.463282 -0.207187 0.261354 
-0.273177 -0.0232096 4.06419 1.45601 -0.625123 2.69243 2.15955 -0.366508 1.06893 0.888575 -0.423221 0.204447 
-0.190464 -0.283669 4.11789 0.54946 -0.281823 2.83656 2.50138 -0.614684 1.7554 0.727921 -0.408686 0.158482 
-0.367652 -0.162631 3.42488 1.31922 0.342084 1.95232 2.93982 0.693678 1.5174 0.629619 -0.165029 0.127458 
-0.424057 0.293828 3.49988 2.12263 -0.906511 2.12724 3.45033 0.822047 0.639837 1.08215 -0.0175184 0.157627 
-0.233562 0.0235904 4.20623 2.21966 -1.75338 1.81717 4.0063 0.250225 0.620119 1.10169 0.349274 0.0236945 
-0.300448 -0.22078 4.13004 2.28134 -0.69935 1.32347 3.7896 0.85825 -0.115844 1.02966 0.435989 0.0721306 
-0.224307 -0.278262 4.02242 2.45338 -1.64525 0.582488 3.49558 1.66299 0.252872 0.842542 0.426922 0.00546717 
-0.251837 -0.4477 4.41583 2.96041 -1.65443 0.875626 3.609 0.830203 0.341477 0.685194 0.83781 -0.107746 
-0.161487 0.0334795 4.34173 2.65456 -1.36469 0.573259 4.19574 0.664105 0.483464 1.01375 0.879187 -0.111398 
-0.0835409 0.201428 4.04268 2.65919 -1.04276 0.147214 4.10402 0.933917 0.467123 1.17281 0.805111 -0.132131 
-0.104166 0.0911309 4.18315 2.45301 -0.946259 0.611704 4.0344 1.07294 0.502591 1.1161 0.703521 -0.0315033 
-0.026864 0.223345 4.07362 2.49586 -1.10031 0.686286 3.83474 1.24169 0.364519 1.0982 0.832767 -0.0440844 
0.173908 -0.326534 3.43479 2.56942 -0.454504 1.62096 4.54431 0.840036 0.141156 0.952642 0.66799 -0.048648 
0.357875 -0.331687 3.55059 2.17443 -0.0609444 1.5235 4.12062 0.823543 0.638374 0.989591 0.679649 -0.0184736 
0.431082 -0.226444 3.80881 2.47983 -0.884044 1.30701 3.88901 0.736937 1.01121 0.902004 0.684044 0.052617 
0.362492 -0.202809 3.85533 2.25706 -1.09474 0.688432 3.30943 0.377019 1.48493 0.807818 0.685307 0.00545089 
0.361771 0.0362669 3.6825 1.81708 0.564781 1.5851 2.43837 0.403158 0.907421 1.0043 0.346843 -0.0327223 
0.509696 0.18168 3.54647 2.03245 -0.463123 0.372399 3.05853 0.185601 0.947803 1.10088 0.414111 -0.0682882 
0.492181 -0.136325 2.96518 2.30823 -0.805333 0.410168 3.33898 -0.0208308 0.787256 0.859354 0.482251 -0.146247 
0.378292 -0.162949 3.1307 2.12905 -0.59351 0.989727 2.99381 0.254637 0.635169 0.546704 0.60138 -0.108504 
0.483364 0.145988 3.29054 1.65612 -0.266239 0.84305 2.5731 0.105827 0.0205841 0.549032 0.589301 -0.148243 
0.442941 0.274509 3.324 1.81313 -0.0509423 1.36417 3.13859 0.0184938 0.512994 0.721287 0.322001 -0.0301111 
0.418532 0.223361 3.56515 1.74002 -0.574991 0.860999 3.91673 0.571134 0.516462 1.00782 0.438532 -0.0426942 
0.539493 0.143665 3.69908 2.29844 -0.114154 1.07528 2.66033 1.05767 0.516296 0.663067 0.687599 0.0508435 
0.556052 0.293523 3.3541 2.37588 -0.151249 1.45727 2.56162 1.03185 0.847395 0.192083 0.582366 0.184691 
0.604944 -0.0223544 3.2277 2.04812 0.123752 1.25247 3.08752 0.115089 0.492422 0.563018 0.531243 -0.0539545 
0.618404 0.111883 3.18676 1.16952 1.13297 1.312 2.84879 0.252822 0.0524089 0.890634 0.614116 -0.149525 
0.771982 0.707948 3.23273 1.31287 0.716807 1.50121 2.28217 0.66498 0.331164 0.294144 0.603881 0.048506 
0.683334 0.649084 3.05914 1.70792 0.0631507 1.69696 2.76455 0.485218 0.503708 0.159073 0.539219 0.0721668 
0.59136 0.266675 2.63671 1.33812 0.321612 1.8519 2.97042 0.332899 0.401005 0.508898 0.76341 -0.0836206 
0.776527 0.540805 2.98575 0.681596 0.954029 2.18412 2.95506 -0.0694935 0.517023 0.231461 0.822193 0.11805 
0.76382 0.825108 2.66346 1.57943 0.560267 0.835834 2.06372 -0.0372073 0.67889 0.391003 0.56789 0.0205259 
0.479011 1.11954 2.63846 2.0557 1.46802 0.377257 1.77421 0.725606 0.704459 0.540587 0.573856 0.0353891 
0.62233 0.508552 2.85298 1.68558 1.6953 1.3451 2.03637 0.692435 0.957397 0.513368 0.111807 0.232803 
0.720219 0.504155 2.71441 1.08486 1.02884 1.56735 2.45586 0.707578 0.555781 0.419403 0.0982183 0.125254 
0.818555 0.727969 2.84119 1.36635 1.42679 1.03737 2.1961 -0.10571 1.03094 0.195023 -0.00164221 0.276315 
0.706708 1.14302 2.47618 1.48087 0.347939 0.242555 2.02708 -0.642146 0.709921 -0.0115644 0.418943 0.0459298 
0.772046 0.962542 1.90646 1.69269 0.736006 -0.366468 1.47535 0.614963 0.304362 0.0452075 0.19465 0.103047 
0.704263 0.694806 2.63392 1.81586 0.821429 0.313811 2.10294 0.848456 0.780811 1.02778 -0.208417 0.189338 
0.663782 0.976166 2.27831 1.63437 1.26968 0.368761 1.688 0.568096 0.799922 0.900033 -0.245625 0.168399 
0.626766 1.21973 1.75606 1.15081 0.907409 0.328568 1.67326 -0.377461 0.495184 0.42105 0.275124 0.0425991 
0.617915 1.44214 1.93506 1.38982 0.787538 0.768343 1.47507 0.043221 0.770562 0.199295 0.538089 -0.02799 
0.640621 1.37976 2.08602 1.40675 1.6341 0.710057 1.60531 0.658608 0.854227 0.875226 -0.174421 0.223177 
0.776523 0.994278 2.4415 0.821127 1.82916 1.04749 1.82763 0.628241 1.31474 0.907198 0.0218671 0.222849 
0.800114 1.12655 2.33184 0.728423 1.97845 0.409207 1.18505 0.141042 0.881636 0.30481 0.529522 0.171794 
0.719211 1.28842 1.39505 0.790225 1.80985 0.798361 1.54434 0.134735 1.48755 0.529044 0.552526 0.12108 
0.762367 1.31207 1.14355 0.885502 0.315486 0.695846 1.60188 0.291667 1.10099 0.284185 0.780249 -0.0142172 
0.789058 1.02118 1.42518 1.76474 0.263455 -0.119012 1.20048 0.508146 0.136118 0.916705 0.372297 0.0572079 
0.749269 0.689422 1.52054 0.82289 1.2902 -0.059156 0.880504 1.15366 0.609016 0.134898 0.357058 0.0760982 
0.665182 0.889997 1.44041 0.740977 1.04625 0.100897 1.12137 0.870778 1.32205 -0.366702 0.425508 -0.00412584 
0.684174 0.92941 1.76883 0.744432 1.51816 0.562397 0.48886 0.831579 0.918816 -0.107594 0.269641 -0.0270633 
0.638401 0.947979 1.79656 1.02227 1.78559 0.195176 1.59765 0.725592 0.759465 0.996049 -0.120424 0.138862 
0.585982 1.49067 1.69302 0.727924 0.964721 1.28253 1.13236 -0.0447794 0.784948 1.13631 0.00170778 0.160208 
0.771546 1.19422 1.59728 0.689383 0.501923 1.69566 1.22504 0.446576 1.11007 0.881758 0.466849 0.0380034 
0.860296 1.37739 1.73271 1.3728 1.90536 1.4577 0.505421 1.24736 0.605549 0.320869 0.83694 0.0497516 
0.789599 1.42735 1.41261 1.48805 0.816008 1.61611 0.570287 0.875394 0.620667 0.562678 0.735905 0.0512297 
0.783681 1.13629 1.63172 1.42662 0.672711 1.02746 -0.0385009 0.669154 0.968942 0.34165 1.07818 0.0479882 
0.732203 0.936234 1.67332 1.1417 1.28741 0.460963 0.519467 -0.24766 0.654238 0.130396 0.730351 0.0816203 
0.590891 0.79887 1.78695 0.286937 1.33182 -0.332401 1.50234 -0.0859897 -0.112064 0.426909 0.44863 0.132809 
0.651414 0.872213 2.19812 0.755388 1.04238 -0.0333857 1.26464 1.03885 0.716989 0.818781 0.0284126 -0.0097486 
0.59369 1.19864 1.80127 1.50469 0.345916 0.698084 0.868525 0.64016 1.59554 0.435247 0.0856784 0.0359976 
