0.618545 1.23575 1.21874 -0.375457 1.17848 0.257067 1.96575 0.494504 0.723278 1.28756 0.307107 0.046061 
0.616269 1.45717 1.05671 -0.00558989 1.19224 0.434047 2.18472 -0.617862 0.834387 1.14759 -0.186208 0.176739 
0.564212 1.69494 0.874498 0.253585 0.938162 0.692714 1.79445 -1.52091 0.53014 0.977617 -0.16298 0.233493 
0.519523 1.01322 1.51948 0.660596 1.06596 0.154286 0.977422 -0.508178 0.504363 0.1727 0.167467 -0.145471 
0.713839 0.794595 1.83597 0.44804 1.73718 0.112187 0.896687 -0.0663226 0.739941 0.82998 0.253284 0.0350557 
0.807696 0.994066 0.942375 0.374122 0.327251 -0.0317677 0.660765 0.0277108 0.67194 1.04654 0.366269 0.0244892 
0.76507 0.911644 1.03878 0.165017 -0.294206 -0.289535 2.01291 0.034471 1.0717 0.511789 -0.0667045 -0.176469 
0.774279 1.13364 1.25474 0.373305 -0.0817732 0.394931 2.10437 -0.0104289 1.39967 0.558698 0.266743 -0.0599686 
0.888475 1.17957 1.16705 0.486625 1.15686 0.740105 1.09387 -0.264693 0.77561 0.0610018 0.541375 0.0335107 
1.06188 1.54391 1.67341 0.325062 1.33995 0.12679 1.38336 -0.319517 0.914072 -0.289752 0.0325525 0.0225951 
1.13506 1.32911 1.75878 0.193507 1.29004 0.271579 1.29123 -0.0330173 0.0961719 0.0735254 0.398843 0.0514353 
1.80293 1.94081 1.62268 1.65566 1.50066 -0.403162 -1.50792 -1.14227 -0.214387 -0.42961 -0.443111 -0.320009 
2.5161 2.09638 0.45878 1.62493 2.0495 0.0411231 -1.74782 -1.92266 0.451593 -0.932436 -0.748625 -0.606259 
2.8138 1.7862 0.0609422 1.74645 1.72749 -0.321388 -1.58199 -2.21644 0.357986 -0.723853 -0.875825 -0.657801 
2.52942 1.87042 0.429846 1.32494 2.00862 -0.640507 -2.53509 -1.64181 -0.10328 -0.449696 -0.604416 -0.437653 
2.84765 1.16631 -0.352537 1.33912 1.83595 -0.70996 -2.26196 -2.15787 -0.024412 -0.358996 -0.687601 -0.44994 
2.82032 1.1761 -0.564739 0.968627 1.56926 -1.09844 -1.56623 -2.30841 0.292648 -0.691877 -0.8836 -0.46408 
2.64345 1.47695 -0.735656 0.334177 1.52999 -0.531182 -2.52826 -1.87809 0.0315186 -0.484691 -0.498344 -0.306633 
2.80234 1.44541 -0.820479 0.217555 0.825362 -1.02864 -2.28599 -1.87344 0.327171 -0.573874 -0.722959 -0.39456 
2.6514 1.56466 -0.732028 -0.0398125 0.937446 -1.17085 -2.41525 -2.00379 0.344545 -0.348012 -0.473724 -0.399244 
2.62699 1.41482 -0.665134 -0.232863 0.763216 -1.3846 -2.21312 -1.69305 0.497794 -0.241395 -0.571903 -0.472131 
3.08624 0.82149 -0.617724 0.130365 0.459431 -2.43857 -1.79376 -1.6202 0.665086 0.157494 -0.743439 -0.536316 
2.97667 1.28383 -1.30401 -0.418114 0.696816 -1.57977 -2.14168 -0.725007 0.701755 0.0938442 -0.710709 -0.534463 
2.98757 1.05739 -1.57919 -0.941774 0.406385 -1.37514 -1.03367 -0.859416 1.23512 0.213706 -0.644636 -0.588151 
3.06454 1.10129 -1.82513 -1.25815 0.601537 -1.03148 -0.783933 -0.134216 1.44223 0.581123 -0.485143 -0.57589 
3.13676 1.28519 -2.03033 -0.893042 1.15457 -1.06378 -0.261345 0.175459 1.7181 0.735118 -0.479047 -0.581176 
2.91604 1.34394 -1.7978 -0.554195 1.32638 -0.396397 -0.810251 0.710084 1.3355 0.701332 -0.626335 -0.694058 
3.12448 1.3109 -1.89954 -0.408084 2.33788 -0.642212 -0.204226 0.0111793 1.04475 0.408827 -0.862926 -0.701354 
3.1911 1.07017 -1.74097 -0.103634 2.32729 -0.0759571 0.0732015 -0.0959375 0.713623 0.177765 -0.737046 -0.659586 
3.01587 0.994631 -1.94588 -0.0373421 2.26521 0.834442 0.0191171 0.311872 0.430846 0.172974 -0.560965 -0.529963 
3.15916 0.790491 -2.3473 0.0733121 3.59236 0.337507 0.513012 -0.164147 0.780405 0.351943 -0.592677 -0.415181 
2.62244 0.659645 -2.06275 0.0754565 3.1575 1.28529 0.337028 0.266521 0.740705 0.442478 -0.374381 -0.430276 
2.84393 0.485472 -2.16311 0.132851 3.51447 1.37211 0.295204 0.678079 0.798357 0.643498 -0.390286 -0.485428 
2.74516 0.674706 -2.22554 0.152464 3.1474 1.11995 0.660201 0.202224 0.986415 0.712412 -0.213123 -0.467083 
2.79974 0.824799 -1.56336 0.279398 3.15726 0.705795 0.131457 0.124227 0.749443 0.5909 -0.433507 -0.540254 
2.86816 0.53238 -1.51017 0.484235 3.51111 1.0815 0.128245 -0.915441 0.0572364 0.228516 -0.325351 -0.38014 
2.81782 0.669696 -1.3302 0.372237 3.34424 0.78693 0.189447 -0.817296 0.1952 0.410957 -0.205738 -0.314955 
2.78119 0.491905 -1.38958 0.335493 3.15636 1.49259 -0.187432 -0.117729 0.531582 0.786746 0.0448715 -0.339818 
2.63124 0.800051 -1.56293 0.0897407 2.77326 1.40012 0.56988 -0.091938 0.763565 0.583104 -0.149296 -0.41986 
2.61527 0.762319 -0.820465 0.0897812 2.02889 1.37541 0.806994 -0.580534 1.31798 0.475935 -0.261901 -0.383048 
2.53886 0.874909 -0.874826 -0.30951 2.32695 1.2501 0.663872 0.301848 1.43923 0.405929 -0.490391 -0.505847 
2.51004 0.943792 -0.679163 -0.855643 2.78821 1.21231 0.660422 0.20673 0.863106 0.606793 -0.144753 -0.29326 
2.41641 1.1162 -0.453896 -0.944628 2.32922 1.00367 0.569075 0.495688 1.3176 0.599801 -0.278254 -0.441707 
2.31834 1.3716 -0.611153 -0.626091 1.94655 0.612151 1.18284 -0.456012 1.66702 0.240152 -0.138905 -0.246074 
2.46466 1.39035 -0.317166 -0.557034 2.11775 1.34614 0.319059 -0.315433 1.41945 0.420516 -0.0901183 -0.323305 
2.37726 1.24107 -0.187162 4.77794e-005 2.52474 1.07832 0.488146 -0.19691 1.30716 0.57058 -0.202915 -0.348357 
2.24535 1.28985 -0.304397 -0.00554845 2.15341 1.08104 0.656082 -0.315753 1.20993 0.957288 0.343701 -0.111579 
2.26338 1.33418 0.172493 -1.06234 2.10872 1.01314 0.381537 0.171445 1.31452 0.573568 0.153706 -0.0915026 
2.09568 1.26253 -0.104954 -0.841039 1.83679 1.03263 0.210094 -0.481658 0.829424 0.534577 0.267192 -0.0493965 
2.11228 0.883896 0.0390399 -0.139601 1.70992 0.674057 0.36259 -0.614574 1.46179 0.438188 -0.126551 -0.173799 
2.0857 0.96208 0.302894 -0.320406 1.90432 1.15886 0.70268 0.487749 1.30867 0.425818 -0.332917 -0.349175 
2.01039 1.10681 0.374974 0.285712 1.86293 1.14447 0.364059 0.826996 0.891113 0.710944 -0.175884 -0.34229 
1.96995 1.08215 0.814048 0.357396 1.50547 0.958739 0.489138 0.150441 1.58719 0.83769 -0.165792 -0.258251 
1.94869 1.02059 0.474395 0.360491 1.21356 0.828069 0.568203 -0.16853 1.35591 0.769452 0.52639 0.137969 
1.89823 1.20353 0.694051 0.658577 1.24295 0.572999 0.617694 0.0844589 1.18986 0.885879 0.298759 -0.0158857 
1.92308 1.21887 1.08076 0.292307 1.42457 0.856754 1.30144 -0.122013 1.35378 0.950744 0.185361 0.036329 
1.84872 1.23228 1.17548 0.434647 1.24956 1.13507 1.50495 -0.436678 1.43354 0.677148 0.168934 0.0787072 
1.7008 1.28326 1.40548 1.27396 0.966339 1.25498 0.380591 0.225617 1.32395 1.03048 0.0828575 -0.0613817 
1.7414 1.16307 1.11613 0.790648 1.06784 0.752349 1.15186 0.0119767 0.930095 0.699384 0.396695 0.0989507 
1.75746 0.87518 1.07246 -0.0354869 1.25611 0.0942904 1.96143 1.07261 0.366563 0.498324 -0.120172 -0.103822 
1.62342 0.744079 1.27639 0.102675 1.5311 0.984697 1.06373 0.667705 0.755279 0.667325 -0.0631014 -0.102211 
1.44105 0.654665 1.0612 0.646371 1.71424 1.46245 0.979392 0.701336 0.64973 0.527837 0.423374 0.0921267 
1.34946 0.838154 0.695467 0.333035 1.80099 1.12987 1.18941 0.0598179 0.296801 0.401543 0.344011 0.116906 
1.41615 1.166 0.568835 0.170982 1.61819 -0.262724 -0.0576017 -0.534275 0.687735 0.436325 0.0212421 -0.0356435 
1.49132 1.14179 1.05391 -0.576245 1.28435 -0.153794 -0.417764 0.0713145 0.643164 0.744735 0.178124 -0.0164329 
1.55252 0.929031 1.31945 0.126738 0.856393 0.07116 1.16527 0.936219 1.26821 0.241413 -0.257286 -0.106849 
1.45573 1.08511 1.33336 0.329764 0.637284 -0.296026 1.25437 0.420101 1.52847 0.324747 -0.0625315 -0.00343892 
1.58525 0.801094 1.4384 0.67531 0.695808 -0.0440574 0.982452 -0.615614 0.825193 1.00938 -0.118169 -0.0833247 
1.49167 0.827879 1.41349 0.00468078 0.965291 0.382163 1.08317 -0.0446392 0.703615 0.712382 0.217714 0.0733654 
1.31117 1.17988 0.966419 -0.463138 0.969741 0.659539 1.05461 0.490035 0.698498 0.559132 0.159118 -0.0961085 
1.44053 1.00683 1.16172 0.27065 0.511983 0.0811662 0.778843 -0.251998 1.01987 0.934973 -0.153723 -0.158252 
1.47238 1.24344 1.46251 -0.33854 0.586216 -0.3075 0.945783 0.2908 1.08583 0.509496 0.0596556 0.0425084 
1.44929 1.53468 1.58735 0.199327 0.835553 -0.229038 1.69028 1.31891 1.07132 0.228719 0.452983 0.156338 
1.47011 1.73576 1.22914 1.0738 1.35613 0.482839 2.40151 1.01802 1.4329 0.1723 0.140455 0.0827595 
1.33971 1.46696 1.08794 0.243738 1.73966 0.761177 2.36554 1.76806 1.2051 0.930316 0.335516 0.143583 
1.32579 1.27859 1.14557 0.388896 1.46228 1.48975 1.95675 1.17835 1.28977 -0.0031104 0.474031 0.159441 
1.28067 1.24126 1.32307 1.0556 1.31951 0.386918 1.58548 -0.098168 0.642485 -0.391025 0.00877569 0.0106764 
1.31875 1.29834 1.02094 0.227476 1.22555 0.164774 1.04668 -0.311691 1.06529 0.348053 0.101902 0.00688751 
1.3113 1.41935 0.921489 0.286763 1.31759 0.561111 0.908023 0.329484 0.710462 -0.0589917 0.364199 0.126245 
1.23148 1.37119 1.24785 0.180569 0.249868 0.415964 1.34016 0.936169 0.865313 0.692547 0.134869 0.00558974 
1.11181 1.13451 1.73501 0.766471 1.27496 0.301153 1.42605 0.913194 0.311524 0.395344 0.0507187 0.0371651 
1.12354 1.48296 1.77484 0.658072 1.8215 0.758893 1.68118 0.938361 1.09715 0.0781161 0.16044 0.110045 
1.20892 1.31194 1.80557 0.485377 1.44947 0.519308 2.00417 0.740878 1.39495 0.522964 0.325677 0.201824 
1.12348 1.54538 1.63527 -0.0654505 1.60505 0.364216 2.18333 1.11821 0.9225 0.378943 0.584112 0.138668 
1.18146 1.38533 1.5116 0.622176 1.83771 0.614053 2.67533 1.60909 1.45011 0.803547 0.0936868 0.140939 
1.1081 1.34113 1.47278 0.960678 1.46885 1.1982 2.26339 1.45972 1.32563 0.0284295 -0.0745653 0.0477828 
1.15591 1.4378 1.61034 0.733129 1.9054 1.45746 0.847051 0.938965 1.48983 0.216054 -0.297645 0.0119456 
1.20752 1.17463 1.8116 0.388214 1.85842 0.314745 1.2227 0.887366 1.0588 0.583064 0.101715 0.100635 
1.11388 1.17043 1.97707 0.474004 1.97554 0.568162 1.30347 0.547486 1.12637 0.328361 -0.132203 0.129538 
1.02634 1.03058 1.67792 0.736621 1.72361 1.43469 1.75661 0.738173 1.34298 -0.199163 -0.373218 0.145438 
1.10337 1.05686 1.51093 0.773527 1.11668 1.08775 1.73583 0.947089 1.11453 0.53595 0.2383 -0.00597893 
1.14172 1.17638 1.30767 0.764567 0.945966 0.161783 2.25705 1.02489 0.944596 0.304305 0.265895 0.0154112 
1.05578 1.19895 1.75473 1.07416 1.44193 0.12633 2.48087 1.32819 0.82668 0.856247 0.455067 0.15385 
0.985933 1.4719 1.48698 0.662221 1.01445 1.61371 2.45719 1.00096 1.15971 0.575447 0.32753 0.130407 
0.940971 1.57923 1.20304 1.10083 0.976769 1.10864 1.99555 1.7213 1.26146 -0.192739 0.182768 0.061326 
1.16431 0.919718 1.77884 0.48419 1.59607 0.542228 1.81218 0.915101 0.01635 -0.261427 0.254686 0.129846 
1.12304 0.80798 1.79791 0.684332 1.59266 -0.181007 1.46145 1.25585 1.27591 0.529272 0.141266 0.117731 
