0.956108 0.453505 -0.0907915 -1.14682 0.30039 0.543015 0.690031 -0.115111 1.19533 1.07591 0.047753 -0.304899 
1.01776 0.790543 -0.690796 -1.55568 0.567764 0.153594 0.186686 0.24773 0.97263 0.73853 0.24423 -0.176163 
1.05179 0.758417 -0.637557 -1.64225 0.359305 -0.523776 -0.233873 0.736687 0.40897 0.426274 0.29348 -0.135187 
1.03315 0.59916 0.14783 -1.71852 -0.501188 -0.392465 -0.14364 0.140136 0.49562 1.02804 0.103877 -0.0155895 
0.978064 0.542658 0.196866 -1.36066 -0.163155 0.532916 0.093165 0.528154 1.12472 0.459235 0.122116 -0.300821 
0.956333 0.811201 0.794511 -1.41716 0.0270333 -0.0870338 0.281964 0.266357 0.992679 0.714635 0.274361 -0.177995 
1.0788 1.02484 0.624509 -1.22605 0.120691 0.191574 0.24886 -0.0572508 1.25002 0.261578 0.175778 -0.170293 
1.08819 0.597529 0.713944 -0.616284 -0.809365 0.609133 0.457161 0.672657 0.821756 -0.147494 -0.0626606 -0.322476 
0.927331 0.652072 0.914742 0.237182 -0.307265 0.270882 0.512436 0.583689 1.178 -0.00955211 0.0993653 -0.209756 
0.9039 0.86739 1.2433 0.236024 0.598623 -0.327373 0.338383 0.330761 1.15534 0.255295 0.47133 -0.216764 
0.896055 1.06348 1.41383 -0.0103518 1.4435 0.367192 0.560704 -0.690275 0.56577 0.415295 -0.164541 -0.042866 
1.12489 1.70833 1.73013 0.477418 1.87772 0.671978 0.0593109 0.103863 0.588836 -0.0631815 -0.166475 -0.0291341 
1.22099 1.95005 1.90629 1.50441 2.09274 -0.264014 0.36206 0.717162 -0.0534454 -0.45483 0.0330302 -0.0469554 
1.72324 3.00885 2.84403 2.30303 2.61645 0.491527 0.625472 0.63579 -0.0649198 -0.371691 -0.249102 -0.22022 
1.8353 2.7211 2.86145 3.27658 2.90682 1.04457 -0.0863418 -0.392008 0.391279 -0.625997 -0.413271 -0.351361 
1.94576 3.18547 2.67944 3.58284 3.04286 0.275852 0.0971985 -0.720787 0.832271 -1.02043 -0.413028 -0.428013 
1.78107 2.6837 2.58271 3.5352 3.0065 0.597524 0.166779 -0.443747 0.307094 -0.715878 -0.387952 -0.363543 
2.05651 2.30588 2.26064 4.37855 3.48991 -0.393557 -0.0287414 -0.206742 -0.548032 -0.0138416 -0.626904 -0.34267 
1.73729 2.58333 2.76328 3.51689 2.77336 0.585665 0.142033 -0.497022 -0.583436 -0.711622 -0.425808 -0.39231 
1.9354 2.30186 2.0905 4.11174 4.05742 0.283578 -0.713712 -0.882063 -0.0683954 -0.664037 -0.644403 -0.542745 
1.77999 2.62381 2.18597 3.3707 3.90359 -0.0438919 -0.540808 -0.324862 -0.331845 -0.676157 -0.618831 -0.417985 
1.8214 2.37736 2.09505 3.6239 4.17175 0.35046 -0.766226 -0.629477 -0.30833 -0.356406 -0.566422 -0.492324 
1.70943 2.52649 1.92072 3.49928 4.45525 0.363387 -1.15211 -0.209784 -0.223921 -0.763575 -0.479787 -0.547774 
1.64291 2.15064 2.129 3.56867 4.01792 0.13811 -0.953523 -0.307687 0.196265 -0.643632 -0.4676 -0.46137 
1.71072 2.23301 2.16766 3.76217 3.69406 0.467263 -0.988515 -0.58123 -0.0274068 -0.588912 -0.477713 -0.498728 
1.83904 2.41752 1.89808 4.17752 4.31612 0.565488 -0.967807 -1.16354 0.345007 -0.777267 -0.52309 -0.666246 
1.83322 2.16249 2.08048 4.0148 4.38792 0.943787 -0.896187 -0.509555 0.665185 -0.367307 -0.422706 -0.526436 
1.76984 2.28042 1.81376 3.74847 4.29436 1.29385 -0.517828 -0.227539 0.934213 -0.124643 -0.232015 -0.441292 
1.8527 2.52567 1.89206 4.03069 4.81387 0.911316 -0.944271 -0.859002 0.433973 -0.635903 -0.40441 -0.640945 
1.8623 2.52237 2.20481 4.17782 4.76386 0.325908 -0.648328 -1.14022 0.412122 -0.564329 -0.640954 -0.640641 
1.73124 2.5768 2.35922 3.82922 4.80832 0.157858 -0.339859 -1.14382 0.0429135 -0.571465 -0.589167 -0.585528 
1.83798 2.31756 1.87486 3.872 5.8948 -0.199398 -0.483937 -1.00044 0.369292 -0.39264 -0.71439 -0.540073 
1.78974 2.03359 1.87461 3.7602 4.98034 -0.0217356 -0.516853 -1.08132 0.745024 -0.569936 -0.47455 -0.479054 
1.73518 2.20319 1.67738 3.08265 4.88037 0.34876 -0.466078 -1.12714 0.642584 -0.661875 -0.197013 -0.43714 
1.70979 2.44764 1.93574 2.93732 5.45726 0.391533 -0.267009 -1.19335 0.724739 -0.308886 -0.270206 -0.499468 
1.75657 2.33015 2.6113 3.35215 5.72318 0.559616 -0.16973 -0.567452 0.558565 -0.0375408 -0.42266 -0.468371 
1.78199 2.2193 2.5217 3.49995 4.77762 1.26158 -0.192441 -0.397089 0.288508 -0.0830386 -0.174693 -0.407282 
1.71473 2.29534 2.59762 3.08811 3.95219 1.44521 0.184705 -0.439479 0.0535099 -0.206021 -0.0950422 -0.294999 
1.70327 2.22006 2.5279 2.98176 4.68488 0.571744 0.803723 -0.520046 0.559106 0.356848 -0.320397 -0.171854 
1.67726 2.39403 3.16815 2.72681 4.3726 0.437293 0.722108 -0.425795 0.338157 0.0998797 -0.433881 -0.160363 
1.71468 2.33811 3.52278 2.17935 4.29573 0.517084 0.0803198 0.390037 -0.184679 -0.166943 -0.249281 -0.202852 
1.75279 2.51623 3.26009 2.35596 3.68389 1.16919 0.313654 0.217317 0.0472356 -0.168212 -0.152389 -0.194844 
1.95866 2.6635 3.12973 2.48869 2.92237 1.06697 0.857238 -0.266676 0.270532 -0.953641 -0.219705 -0.175149 
1.88812 2.4911 3.30884 2.42088 3.25189 0.442924 0.622964 -0.787383 -0.14283 -0.635067 -0.385773 -0.167998 
1.83151 2.27822 3.04911 2.8041 3.79957 0.748801 0.241267 -0.266194 0.0572585 0.440968 -0.321341 -0.216303 
1.64147 2.50953 2.7883 2.74756 3.48814 1.16792 1.26055 0.116305 1.27647 0.164578 -0.0774039 -0.0277194 
1.69764 2.88443 3.07589 2.59266 3.21183 0.748205 1.91386 -0.76619 0.684838 0.083347 -0.224784 -0.0125619 
1.81849 2.67765 3.17361 3.00468 3.72463 0.537195 1.13158 -0.0206963 0.696252 -0.562069 -0.188418 -0.0908989 
1.6624 2.51246 3.08811 2.92296 2.65325 1.15827 1.32806 -0.160323 0.884689 -0.568548 0.0235438 -0.0778063 
1.84967 2.37097 2.75376 3.1016 2.57439 1.46638 1.76869 0.155774 0.566434 -0.74058 0.135729 -0.026419 
1.82006 2.44408 2.88612 2.39947 2.49289 0.96149 1.26202 0.899869 0.7971 -0.245728 0.0161886 -0.00691577 
1.81335 2.4478 3.3188 1.46154 2.25942 0.844546 0.542442 1.27411 0.794841 0.30021 0.0563791 -0.0113345 
1.69685 2.55309 2.88348 1.62016 2.22462 0.790597 1.16157 1.09854 0.401547 0.230077 0.0155458 -0.0121375 
1.74309 2.46723 2.83412 1.81442 2.15924 0.98064 0.894543 0.378367 0.166699 -0.269012 -0.037974 -0.0749266 
1.69833 2.3493 2.56 1.79861 2.38824 1.22054 0.816593 0.325207 0.518619 -0.0710008 -0.119007 -0.0978329 
1.76436 2.44456 2.57098 2.15149 1.42551 0.75166 1.49302 0.746336 0.618358 0.0591599 -0.0779727 -0.0915551 
1.72218 2.24037 2.70648 2.01477 2.15168 0.702308 1.53879 0.417058 0.324793 0.255754 -0.194438 -0.0739316 
1.65324 1.88666 2.71001 1.50305 2.21606 0.605995 1.07165 0.557205 1.07562 0.296902 -0.134108 0.0653456 
1.5451 2.0254 2.5055 0.606836 2.44997 1.21072 1.28229 0.547469 0.912371 0.176689 -0.280401 0.0112944 
1.58577 2.06296 2.43392 0.929432 1.79416 0.679994 0.207327 0.306656 1.1328 -0.340009 0.0768877 0.0156296 
1.56903 2.12528 2.17118 0.687502 0.686249 0.128299 -0.107859 0.932797 0.248543 -0.254403 0.48632 0.0242753 
1.57969 2.0042 2.07214 0.832152 1.00145 -0.25051 0.0186115 0.42938 0.663462 -0.170002 0.391237 0.0737366 
1.52104 1.92937 2.15033 1.56029 1.8174 1.10159 1.08209 0.536625 0.504323 -0.0637412 0.0426433 -0.0022069 
1.61877 2.17021 2.08891 1.63665 1.7507 0.681332 0.974205 1.36868 0.828862 -0.239155 0.248818 0.0632913 
1.60251 2.42464 2.91224 1.26027 0.810439 0.384856 0.986356 0.865241 1.07823 0.155285 0.337228 0.110156 
1.59809 2.13043 2.67237 1.30546 0.817403 0.292427 0.760674 1.14393 0.830377 0.412345 0.454259 0.17973 
1.48361 2.16501 2.80275 1.36976 1.14759 0.395922 1.56985 1.30529 1.22351 -0.0560803 0.55707 0.180451 
1.4624 1.74565 2.73478 1.61016 1.97599 0.574075 0.654232 1.5494 1.26479 -0.350305 0.24261 0.160519 
1.41641 1.71185 2.03911 1.43524 2.06107 0.140258 1.43246 1.06949 0.823294 -0.100081 0.421353 0.203988 
1.52948 1.88506 2.07794 1.02433 1.05928 -0.109392 1.52121 0.523615 1.27605 0.177367 0.568615 0.257714 
1.38934 1.85279 2.42354 1.54335 1.43614 0.695194 1.21458 0.612604 0.956211 0.00371517 0.228229 0.0953865 
1.57187 1.91674 2.20793 1.533 1.44895 0.777039 1.06355 0.628456 1.60964 0.667393 -0.088827 0.0451275 
1.58909 1.50218 2.13302 0.732036 1.16151 0.370496 1.30239 0.699532 0.935422 0.786733 -0.0384233 0.0147129 
1.40366 1.84439 2.19802 0.720739 0.516607 0.772994 1.05708 1.04204 0.658341 0.634002 0.291675 0.077941 
1.33429 1.57223 2.03333 1.26336 1.36973 0.0316059 1.3566 1.09748 0.807619 1.23119 0.537407 0.23923 
1.23971 2.01733 2.16775 1.71115 1.34514 0.235015 1.47387 0.673553 1.01693 0.555994 0.305727 0.203196 
1.28673 2.12974 2.28371 1.61036 1.30866 0.583987 0.976761 0.646821 0.742593 0.290231 0.403855 0.147689 
1.35745 1.85468 1.78517 1.14045 1.36641 0.368431 0.575979 1.43757 1.03957 -0.202182 0.331893 0.0538688 
1.37421 1.69822 1.53712 1.28348 1.40688 1.59421 0.591384 0.295121 0.672249 -0.215025 0.352122 0.0832432 
1.3774 1.88365 2.14488 0.898819 1.23127 0.853072 0.67546 0.0388862 0.473201 0.694694 0.231723 0.140802 
1.28456 1.8218 2.05169 0.883092 1.39864 -0.451298 0.329061 0.666759 0.347148 0.595951 0.346593 0.128685 
1.25307 1.66567 1.97641 0.580166 1.94246 -0.141254 0.734414 0.520302 1.28459 0.650331 0.433216 0.195148 
1.15962 1.61839 1.37936 0.181758 2.172 0.391925 1.01171 0.945453 1.65166 0.823005 1.09649 0.230939 
1.16294 1.58893 1.80376 0.494629 1.50577 0.214804 2.10837 1.42404 1.05563 1.00167 0.452419 0.213446 
1.16612 1.49758 2.20105 0.77601 1.31332 0.650542 2.19644 1.89839 1.31127 0.853907 0.145261 0.149007 
1.14354 1.30067 2.5211 1.16885 1.57916 0.180055 1.12322 1.29452 0.64376 0.907066 0.322586 0.150672 
1.15405 1.48231 2.40164 1.26654 1.40767 0.382715 1.53281 0.279826 0.798092 1.36604 0.161678 0.21479 
1.17071 1.40602 2.41942 0.612081 1.16327 -0.344133 1.72145 0.748104 0.924378 0.666926 0.839735 0.312436 
1.19413 1.45377 2.03658 0.915938 0.726445 -0.492466 0.807936 -0.297875 0.222308 0.32458 0.524144 0.166326 
1.1977 1.6527 1.84532 0.56729 1.18348 0.0738116 0.472172 1.20766 0.42346 0.643892 0.185822 0.0641164 
1.15224 1.75083 1.82554 0.505508 1.30008 -0.403294 1.21396 0.976331 -0.0347968 0.69087 0.39504 0.111674 
1.05584 1.3248 2.14894 0.668677 1.34876 -0.00965892 0.636467 0.207705 -0.0638108 -0.276921 0.300176 0.0380363 
1.01519 1.82778 1.96537 0.994315 1.31014 -0.273873 0.323304 -0.186628 0.340012 0.0897846 0.728721 0.129301 
1.07911 1.69779 2.4737 1.02427 0.749962 -0.283318 0.789862 0.398318 0.228336 0.318955 0.773493 0.113622 
1.09007 1.57648 2.37821 0.343276 1.51797 0.0369652 0.930241 0.185627 0.583037 0.582554 0.597694 0.201632 
1.04747 1.71598 2.12988 0.313178 0.890814 -0.383336 1.37085 -0.0613523 0.554542 0.704464 0.703751 0.261215 
1.13531 1.79161 1.45245 0.788411 0.645392 0.584842 1.69977 -0.112719 0.769934 0.121317 0.507117 0.0669253 
1.08933 1.77229 1.57438 0.786867 0.946766 0.104775 1.89472 -0.369543 0.379422 0.0561196 0.685371 0.0539764 
1.1464 1.45629 1.62412 1.40594 1.16455 -0.250619 1.26268 -0.225098 0.219439 0.692985 0.507258 0.0997871 
1.04855 1.39354 1.6036 1.19092 0.303551 0.230143 0.79862 0.672575 0.237759 0.713213 1.14975 0.0898324 
0.902496 1.44963 1.27177 0.0537338 -0.424201 0.867704 1.47767 -0.324847 0.742955 -0.0257233 0.446326 0.0228705 
0.928644 1.54995 1.7803 0.0563664 0.303143 0.12543 0.492813 -0.888504 1.28615 0.35157 0.376727 0.206583 
1.10233 1.22431 1.97189 0.634255 0.836711 0.419355 0.50247 -0.20379 1.72955 0.542932 0.452468 0.258757 
1.01344 1.31592 1.65733 1.13552 1.40878 0.812786 0.795939 0.705253 1.01236 -0.170233 0.6434 0.114405 
0.916247 1.41255 2.00685 0.866547 1.15393 0.141694 -0.0858886 0.941018 0.939685 0.237981 0.522572 0.10853 
0.845727 1.22256 1.63768 0.278729 1.20736 0.437956 1.27513 0.636996 0.577683 0.303598 0.56755 0.0500105 
0.875118 1.27387 2.23777 0.674753 1.61333 0.375924 1.05661 0.0593937 0.864326 0.622938 0.544589 0.126063 
