0.718503 1.21046 1.77345 1.27145 0.500853 0.999519 1.68018 0.395052 1.44359 0.357256 0.381627 0.045974 
0.518658 1.29161 0.946439 0.883281 0.960054 0.964075 0.341096 -0.204953 1.07894 0.287826 0.0124025 -0.0521759 
0.583527 1.18102 1.05205 1.32232 0.664336 0.94526 1.55654 0.0392203 0.319641 0.54578 0.444712 -0.0893659 
0.601126 1.08322 1.68712 1.24945 0.788071 0.919849 1.44153 0.438145 0.657137 0.305308 0.000782028 0.00184518 
0.675756 0.76407 1.4315 0.999786 1.35984 1.78838 1.19615 1.26164 0.907646 0.593936 0.0453338 0.0725916 
0.579148 0.966527 0.774674 1.78386 0.95692 1.19782 1.59734 1.5247 0.83924 0.398735 -0.0377766 0.160238 
0.490713 1.02427 1.05979 2.05168 1.03237 1.20892 2.22441 0.955867 0.625449 0.512136 0.090932 0.110742 
0.583392 1.13178 1.12054 1.35701 1.35571 0.646027 1.28924 0.547908 0.219622 0.616818 0.374502 0.00840526 
0.664854 0.912742 1.03824 0.961706 0.739928 0.886032 0.85407 1.10627 1.05364 0.100353 0.256059 0.0794471 
0.608839 1.10404 1.25276 0.856489 1.91288 2.2489 1.46803 0.915401 1.04068 0.780123 -0.301041 0.262688 
0.515454 1.01114 1.23332 1.78527 2.69554 1.47233 1.50606 1.85631 0.470101 0.618792 -0.237026 0.299661 
0.479469 0.904441 1.54794 1.45025 1.73926 0.406895 1.52891 1.83525 1.42295 0.387179 -0.0134846 0.172227 
0.790811 1.20839 1.39454 1.53438 1.99898 0.637282 1.23719 0.695174 0.938491 0.749506 -0.0507145 0.160471 
0.821507 1.14203 1.41979 1.19802 0.996311 1.41108 0.844829 0.655406 1.08863 0.180513 0.36835 0.109747 
0.741407 1.11157 0.935189 0.743138 1.47317 1.72703 1.21581 1.06069 1.16691 0.155835 0.265378 0.0601956 
0.641182 1.13077 0.649688 0.806342 1.20428 0.750234 0.565476 0.574522 0.141942 0.492776 0.136242 -0.0804395 
0.618259 1.20507 0.689752 1.13455 1.20804 0.762077 1.08937 0.771182 0.332577 0.424318 0.0257248 0.0903477 
0.614504 1.06436 1.25916 1.70398 1.68656 0.794242 1.08404 1.39683 0.490341 0.51292 0.0207725 0.156487 
0.565364 1.04206 1.34901 1.58783 2.06946 1.78254 0.789859 1.05534 -0.588041 0.504578 -0.171721 0.289433 
0.624044 1.1439 1.24639 0.732506 1.56389 0.856888 0.163943 1.02224 -0.207203 0.244169 -0.218797 0.0444556 
0.622546 1.25169 1.08082 0.890933 1.46621 1.07084 0.429509 0.793209 0.678339 0.449632 0.208218 -0.0790893 
0.576091 0.96224 1.21273 1.62259 1.44016 1.16138 1.1192 0.691292 0.583517 0.847778 0.367902 -0.0169353 
0.474593 0.805961 1.11005 2.18796 1.42459 1.28627 1.62197 0.712309 0.0880729 0.646828 0.596795 0.00804319 
0.568018 0.697376 0.968136 2.25969 2.01907 1.81199 1.79425 0.703562 0.636465 -0.0703771 0.61433 0.211885 
0.623376 1.58262 1.73176 1.29071 1.43811 1.12656 1.32022 0.772855 0.729948 0.168549 0.896812 -0.0344961 
0.480207 1.53837 2.0695 0.761843 0.819361 0.813011 0.844186 0.593895 1.05408 1.01998 0.566772 0.0579007 
0.523835 1.25514 1.36458 1.14333 0.903465 1.16969 0.409178 1.32986 1.54386 0.581143 0.382223 -0.011246 
0.527632 1.28989 1.66783 1.39037 1.26835 1.76469 1.73034 0.773791 0.389168 0.464694 0.463909 -0.0292911 
0.627755 1.16993 1.67251 1.44759 0.774595 0.797121 1.52672 1.20758 0.803167 0.276415 0.304583 0.0640125 
0.860873 1.3084 1.9503 1.43462 1.52685 0.977864 0.969967 1.64842 0.995435 0.115087 0.233091 0.134375 
0.874813 1.58287 2.15053 1.57959 1.11259 1.39868 0.706791 1.25723 1.75108 0.571877 0.576941 0.222719 
1.03693 1.81187 2.01869 2.65823 1.32288 1.83624 1.39224 0.713111 1.62017 0.518734 0.329373 0.182486 
1.32799 2.33651 2.918 2.96233 2.58925 1.84729 1.9638 0.625957 0.809963 0.38509 0.160322 0.0658488 
1.80378 3.09967 3.04964 2.6335 2.896 2.20905 1.28205 0.46398 0.419856 -0.0706448 0.0676842 -0.0672938 
1.67562 2.48526 2.75498 2.50412 3.08091 2.02363 1.49068 0.715919 0.211418 0.0334745 0.154263 -0.0106556 
2.21308 2.55239 1.45166 0.941052 2.94396 2.92868 2.23679 -0.521172 -0.432384 -0.100738 0.10542 0.183228 
1.85301 2.16308 1.66897 1.81041 2.69751 2.48453 1.93405 -0.326843 -0.491916 -0.279833 0.0595587 0.0433341 
2.44757 2.01798 0.49514 0.208082 1.98772 2.77902 1.68454 -0.757485 -0.370829 0.143811 0.340761 0.158499 
2.57534 2.02692 0.235176 -0.32651 1.89091 2.62643 1.03735 -0.873853 -0.537948 -0.0861958 0.473879 0.280628 
2.53612 1.99855 0.414232 -0.076395 1.68919 1.90039 1.25553 -0.978199 -0.517366 0.265626 0.591646 0.351657 
2.54934 1.77757 0.144856 0.503886 1.78598 1.39767 1.03029 -0.713903 -0.585395 0.441577 0.736184 0.379453 
2.6097 1.50302 -0.247977 1.42788 1.58003 -0.448246 -0.0698351 0.00750659 -0.556618 0.322468 0.632749 0.445896 
2.7159 1.70656 -0.264116 1.5196 0.693082 -0.945006 0.390655 -0.960128 -0.513456 0.252867 0.840244 0.266495 
2.7447 1.62349 -1.15033 1.03304 1.41086 -0.982299 -0.493916 -1.76655 0.407849 0.440255 0.734318 0.129752 
2.51306 1.63244 -1.303 0.839783 0.493935 -0.786964 -0.244584 -2.86608 0.610357 -0.122908 0.937783 -0.0725689 
2.48367 2.02069 -0.696734 0.503765 0.574817 -0.726515 -0.763362 -2.68442 1.07849 0.125906 0.686854 -0.16911 
2.7734 1.72577 -1.41307 0.737578 1.12837 -0.944004 -0.717339 -2.8482 0.649407 0.174252 0.692788 -0.1519 
2.73497 1.9419 -1.09944 0.836204 0.965967 -0.815302 -0.602645 -2.53939 0.668187 0.324259 0.824626 -0.0502863 
2.83012 1.23394 -1.80797 1.44904 1.57828 -1.29533 -0.901907 -2.9157 0.730128 0.0373715 0.653925 -0.162825 
2.79884 1.17835 -1.95665 1.2223 1.77628 -1.19118 -0.909181 -2.97208 0.811324 0.0944397 0.666005 -0.109125 
2.85462 1.21133 -1.78662 1.14007 1.91699 -1.39299 -1.00827 -2.95273 0.643648 0.0966427 0.547458 -0.0415469 
2.76769 1.30767 -1.22203 1.39561 1.23906 -1.62595 -0.797728 -2.93027 0.910913 0.0820442 0.525233 -0.187333 
2.67624 1.29924 -1.64421 0.752534 2.07437 -1.34722 -1.38477 -2.52115 0.674644 0.175746 0.246884 -0.0609637 
2.6664 1.0651 -1.28054 0.515271 1.75209 -0.712112 -0.969508 -2.39285 0.718954 0.354623 0.407838 0.0201851 
2.83823 1.23303 -1.59894 0.794056 1.59359 -1.12575 -1.06727 -2.63662 0.657093 0.345222 0.462952 -0.115374 
2.85067 1.01021 -1.78054 0.96628 1.58826 -1.37446 -0.979535 -2.34905 0.858626 0.312369 0.444743 -0.0608706 
2.59048 1.30806 -1.51467 0.41088 1.49557 -1.15469 -1.43646 -2.17223 0.628093 0.23978 0.287439 -0.0767258 
2.81783 1.37221 -1.81409 0.680728 1.54436 -1.57792 -0.621373 -2.3019 1.18653 0.22951 0.357871 -0.20676 
2.84034 1.12231 -1.08761 0.17548 1.18299 -1.02322 -0.960324 -1.23395 1.0274 0.825356 0.291121 -0.0837663 
2.83096 1.13514 -1.73422 0.302042 1.44225 -1.54175 -0.968277 -1.63125 1.30549 0.692016 0.188266 -0.232201 
2.96236 1.03087 -1.9394 0.153834 1.9291 -1.68371 -0.991915 -1.23491 1.33651 0.827297 0.00856126 -0.233489 
3.07094 0.528772 -2.03685 0.256643 1.27728 -1.68214 -0.278821 -0.847525 1.70232 0.735855 -0.102761 -0.414703 
3.07876 0.744071 -2.47519 0.608047 1.38214 -1.17635 -0.592625 -0.532194 1.84379 0.736104 -0.0777064 -0.539754 
3.0785 0.43698 -2.69124 0.619248 1.47956 -0.671378 -0.160268 -0.336229 1.77745 0.705963 -0.0443374 -0.506579 
3.05345 0.67627 -2.52651 0.117248 1.72231 -0.327663 0.417737 -0.476522 1.4887 0.578295 -0.0371089 -0.439485 
2.9161 0.693928 -1.95036 0.54774 1.73451 -0.707734 0.94347 -0.363623 1.70435 0.320788 -0.282974 -0.519526 
2.9005 0.755545 -1.56559 0.145329 1.7218 0.274792 1.35718 0.252236 1.34257 0.457705 -0.202737 -0.376072 
3.02994 0.324974 -1.753 0.0709658 1.85552 0.0686306 1.50185 0.293445 1.26573 0.552181 -0.105819 -0.234701 
2.77132 0.580546 -1.70948 0.252244 2.60201 0.642911 0.163804 0.0427531 1.32224 0.719386 -0.0189528 -0.15607 
2.77734 0.481806 -1.43962 0.568187 2.98016 0.73804 -0.24093 -0.370312 1.00598 0.535632 -0.0781842 -0.0878053 
2.87356 0.687844 -1.53795 0.289705 3.01703 0.702703 -0.420576 0.798747 0.846442 0.815536 -0.10163 -0.250727 
2.8415 0.89119 -1.20516 0.653603 2.96847 0.80632 -0.223705 0.36781 0.559552 0.652931 0.0787692 -0.0639334 
2.76545 1.02788 -0.905624 0.373441 2.90006 0.794553 -0.17624 0.300985 0.360263 0.436641 -0.0181073 -0.0637426 
2.64127 1.14738 -0.998324 0.0230619 2.38713 1.58487 0.354306 0.00726534 0.614926 0.702553 0.272369 -0.129038 
2.61073 1.17496 -1.12485 0.523326 2.51445 1.41883 0.227953 -0.533779 0.527506 0.336619 0.108447 -0.139278 
2.79791 1.3264 -1.17124 0.939022 2.77596 0.642506 -0.168935 0.101275 0.779087 0.471229 -0.27196 -0.302878 
2.65368 1.01803 -1.14274 0.940033 3.51965 0.960382 0.795526 0.0207845 0.782439 0.546784 -0.148682 -0.226665 
2.70594 0.757675 -1.25842 0.754941 4.10439 0.536726 0.273897 0.0399944 0.440146 0.648885 -0.184382 -0.102688 
2.70062 0.573779 -0.58513 0.709126 3.9078 1.01631 0.698679 0.291703 0.488242 0.559792 -0.0990574 -0.0407059 
2.543 0.88326 -0.580008 0.577344 3.33699 1.96212 1.00378 -0.236132 0.516434 0.265052 0.0664647 0.0409756 
2.55573 1.2516 -0.868894 0.540073 2.17596 0.911779 0.527912 -0.465165 1.22155 0.671447 0.433468 0.0409377 
2.60173 1.2273 -0.856292 0.955418 2.22866 0.509181 0.872643 -0.755699 1.38044 0.711558 0.546929 0.055043 
2.43949 1.24129 -0.735128 0.578571 2.47158 0.893749 0.322493 0.163576 1.46654 0.974063 0.376307 -0.0440919 
2.46736 1.10975 -0.311217 0.839231 2.74623 1.3288 0.931042 -0.199812 0.698276 0.363112 0.201982 0.0657169 
2.42389 1.08804 -0.0739414 1.323 2.5261 1.78625 0.89525 -0.626981 1.13823 -0.0789962 -0.283107 -0.213499 
2.37899 1.13929 -0.234594 0.38316 2.39475 0.931703 0.638367 -0.563009 1.08402 0.405185 0.194824 0.0334872 
2.47293 1.23799 -0.0199075 0.446232 2.71015 0.339953 1.0691 -0.427849 0.829774 0.441942 0.163977 0.19351 
2.23322 1.32794 0.075963 0.992284 2.67277 -0.192417 0.346709 -0.162939 1.57412 0.631545 -0.105792 -0.150389 
2.12968 1.17822 -0.151542 0.316034 3.42098 1.16912 0.149288 -0.224599 1.19243 0.260248 0.0178773 -0.115617 
2.23753 1.0491 -0.0942846 -0.156004 2.86849 0.764865 0.492162 0.0137375 0.782657 0.548656 0.159452 0.0394769 
2.11539 0.949544 -0.0719706 -0.301501 1.95306 0.508708 0.0935518 0.198209 0.516351 0.117316 0.0298913 -0.0859116 
2.0992 1.20525 0.369173 0.314276 2.24995 0.596347 0.413585 0.344992 1.28829 0.89402 -0.00200475 -0.229647 
2.04722 1.05657 0.373104 0.365777 2.44206 0.83811 0.38813 0.115038 0.27596 0.538445 -0.138244 -0.291778 
2.02407 1.15221 0.0512793 0.0608951 2.32451 1.12362 0.798312 -0.116274 0.900448 0.202047 -0.0161878 -0.16236 
2.04202 1.10776 0.758136 -0.199847 2.31199 0.522848 0.687022 -0.106665 1.48159 0.406109 -0.222157 -0.0949082 
2.05458 1.51305 0.860315 0.163152 2.37323 0.943789 0.458634 0.255255 1.26021 0.160381 -0.458648 -0.39246 
2.04721 1.39664 1.29685 0.44876 2.52161 1.01451 0.669965 1.05057 0.758063 0.625967 -0.472926 -0.453892 
1.98095 1.22546 0.886471 -0.308997 2.80519 1.15617 0.927091 0.81011 1.25182 0.629953 0.164576 0.0260624 
2.11027 1.78696 1.58271 0.515578 3.42767 1.11775 0.93776 0.471675 1.00368 0.565266 -0.18785 -0.12564 
2.18312 1.50849 1.61536 1.0783 2.9317 1.78367 1.51499 0.551258 0.774855 0.7468 0.0614696 -0.0297661 
1.95487 1.79229 0.967433 1.65762 3.0488 1.5086 0.988119 0.650378 1.31244 0.849778 -0.146107 -0.217951 
1.84574 1.80164 1.20522 1.13458 2.80134 1.46579 1.57255 0.874502 1.22741 1.05655 -0.139099 -0.106607 
1.82791 1.91937 1.56293 0.978491 2.98541 0.826219 1.72295 0.544158 1.06426 0.683937 -0.169408 0.0124381 
1.72569 1.52999 1.81739 0.619136 2.68444 0.552084 0.442005 1.28335 0.592012 0.177515 0.134807 0.0265778 
1.66038 1.35362 1.29841 0.661176 2.36988 0.485394 0.941062 0.180162 0.957064 -0.198324 0.053669 0.091831 
1.67457 1.26955 1.65043 1.53659 2.63928 1.20732 0.652334 0.00379727 1.49639 0.213398 -0.363622 -0.127389 
1.46006 1.0593 1.71932 1.04726 1.50031 0.364298 0.817025 0.534778 1.46083 0.775036 0.347004 0.144221 
1.55171 1.48469 1.99559 1.36369 2.08771 0.158716 1.12761 0.287784 1.44645 0.564069 0.233704 0.208174 
1.38717 1.40262 2.23011 0.94157 2.31736 1.16416 1.33201 1.0309 1.44125 0.742087 -0.0185865 0.132126 
1.35137 1.29407 1.65362 0.581696 2.26999 0.916835 1.49904 0.817051 0.821579 0.816212 -0.0720874 0.0697276 
1.35742 1.66086 1.29943 0.292746 2.07686 0.523369 0.73032 1.30062 1.18809 0.57071 0.254354 0.0147956 
1.51533 1.72229 0.761792 1.24857 2.01878 0.965656 1.31628 0.840376 2.00131 0.762606 0.619301 0.140575 
1.59839 1.4588 1.47379 1.31303 1.14449 0.80317 1.64071 0.702045 1.19979 0.00815315 0.593015 0.240735 
1.43227 1.70264 2.30285 0.554247 1.22521 0.512729 1.08593 1.11144 0.599222 0.770608 0.605903 0.162518 
1.33621 2.05246 2.75244 0.235066 1.57806 0.785875 1.05567 1.14663 0.658692 0.709406 0.599326 0.185745 
1.47007 1.48313 1.76169 1.14826 2.02664 0.00218765 0.878439 0.907765 0.919329 0.219303 0.486845 0.210665 
1.4909 1.2159 2.18739 1.30485 2.15833 -0.491264 0.981015 0.968285 1.14554 0.671826 0.392627 0.311544 
1.34509 1.52624 2.0315 0.980419 1.8511 0.0804256 0.555341 1.10941 1.68291 0.424714 0.229002 0.186497 
1.30623 1.58905 1.86471 1.16903 1.23579 0.12957 0.844807 1.06082 1.33683 0.681592 0.631532 0.227655 
1.30617 1.1604 1.96975 0.733108 1.5621 0.361855 1.75604 0.86484 1.29227 0.844307 0.736754 0.276322 
1.26232 1.21333 2.0716 1.33031 1.22694 -0.261153 1.36881 0.591756 1.45146 0.80661 1.0205 0.349479 
1.31595 1.77943 1.95425 1.64001 0.756341 -0.0688431 1.62409 0.0709337 1.38965 1.01949 0.836647 0.3209 
1.37833 1.85344 1.69294 1.02405 0.934899 -0.0762144 1.90575 0.59958 0.922724 0.951823 0.588401 0.249606 
1.49049 1.87551 1.99486 0.816293 0.715747 0.130426 1.47851 1.14628 0.733768 0.454981 0.434001 0.123333 
1.41331 1.98129 1.78584 0.654887 1.3473 0.55875 1.32057 1.17037 0.872547 0.606825 0.300952 0.0965787 
1.35218 1.86403 2.45434 -0.0554665 1.50285 0.936907 1.45005 0.615169 0.80689 0.449502 0.282401 0.151411 
1.19748 1.57186 2.51676 0.0809588 1.37848 0.804626 2.50124 0.106885 0.367687 0.463813 0.341491 0.157388 
1.11278 1.63586 1.50071 0.486862 1.59219 0.459751 1.65905 0.794991 0.179727 0.101488 0.177551 -0.00325877 
1.14174 1.66851 1.45264 0.654061 1.66314 0.817345 0.843404 1.47728 0.431205 0.578039 0.476983 0.0291747 
1.173 1.30873 2.54517 1.30331 1.59162 0.383489 1.01277 0.0973521 1.19303 1.15709 0.4895 0.224978 
1.28615 1.27713 2.41943 0.479942 1.58404 -0.113584 1.31721 -0.274302 0.835242 0.501473 1.02102 0.426039 
1.19875 1.44077 1.88695 0.967292 1.87771 0.325011 1.99247 0.839445 0.878775 0.173682 0.728608 0.229479 
1.20242 2.00543 2.18806 0.674599 1.75593 0.737955 1.1881 0.792566 0.716516 0.66292 0.283519 0.16151 
1.19658 1.86976 1.89564 0.594518 1.87524 0.450417 0.197065 0.356674 0.798802 1.10135 0.61898 0.228932 
1.27323 1.78418 1.78547 0.836236 1.48357 0.268196 0.775293 0.838974 0.470572 -0.11347 0.989483 0.199214 
1.20949 1.59438 1.76268 0.906899 1.07203 1.27812 1.49187 0.823178 0.628791 -0.238611 1.54638 0.252857 
1.16617 1.48749 1.67247 0.3471 1.07462 1.19128 1.60468 0.467286 0.278872 -0.0741194 0.707126 0.156456 
1.24359 1.48163 1.83831 0.760939 1.38701 0.439003 1.46124 0.933033 0.629228 0.12032 0.616861 0.132488 
1.31105 1.36971 2.28814 0.981172 1.32287 0.0566377 1.80354 0.289536 0.503555 0.618613 0.294884 0.161774 
1.24168 1.4976 2.12475 1.19125 1.28286 -0.141267 1.48446 0.0210658 0.789586 0.599691 0.58322 0.210042 
1.20864 1.52361 1.84842 0.922604 0.732457 0.797777 0.454063 0.64582 0.255867 0.196764 0.88741 0.159629 
1.22925 1.43148 1.7891 0.663582 0.664594 0.434427 0.497224 1.28363 0.785982 0.395364 0.644703 0.136031 
1.13761 1.58794 1.78422 0.574121 0.990457 0.291533 1.91196 1.10992 0.361195 0.627785 0.623221 0.113068 
1.15793 1.68139 1.52616 0.840587 1.26124 -0.129309 0.954236 0.388771 0.425475 0.525687 0.614149 0.163808 
1.07885 1.97656 1.4725 0.877333 1.41653 -0.324441 0.615278 0.980846 0.267982 0.599046 0.629211 0.158958 
1.1998 1.94555 1.79063 0.497996 1.08516 -0.119216 1.87486 0.683657 -0.354975 0.31978 0.629077 0.127987 
1.19842 1.72859 1.53546 1.05281 0.174765 0.144814 1.22373 -0.00809389 -0.318411 0.157659 -0.0191004 0.0151535 
1.11913 1.81581 1.76699 0.786061 0.43447 0.699709 0.921879 0.215513 0.971478 -0.214818 0.721952 0.0928137 
1.10212 1.73324 1.65864 0.0971348 0.793052 -0.0840698 0.414262 0.0174301 0.912675 -0.0556396 0.740445 0.211224 
0.979421 1.60143 1.56479 0.743183 0.0999455 -0.0301963 0.686483 0.849024 0.304981 -0.0917461 0.656793 0.0790771 
