0.698056 1.18915 1.75501 1.40626 1.09995 1.20447 1.62259 0.713533 0.69112 0.536143 0.600036 0.0460056 
0.745076 1.51527 2.11347 1.46943 1.64359 2.05068 1.44998 0.993595 0.576809 0.507077 0.934468 0.0408341 
0.730291 1.66193 2.03421 1.20804 1.22093 1.29417 0.989314 0.85318 1.06984 0.459022 0.78009 0.0424723 
0.656224 1.56819 2.03882 1.99625 1.60607 1.44806 1.00193 0.741565 1.27894 0.847515 0.0407482 0.232481 
0.717058 1.48207 1.56982 2.33451 1.75079 0.546181 0.365497 0.679028 1.65619 0.141309 0.428032 0.0386927 
0.73917 1.88474 1.42486 1.70283 1.81976 1.57763 0.632218 1.31275 1.4146 0.959314 0.588382 0.148525 
0.817299 1.37523 1.50768 1.64778 1.34415 2.50962 1.64802 1.64206 0.988582 0.720945 0.234558 0.207051 
1.06998 0.738972 1.82465 2.26598 -0.00841935 0.673859 2.21733 0.335451 -0.0149067 0.706827 0.124862 -0.265113 
0.818902 0.89721 3.03791 2.02083 -0.349889 0.678774 2.63861 0.00652832 -0.581669 0.676315 -0.134573 -0.370485 
0.569675 0.628904 3.46824 1.19892 0.215679 1.25015 3.24175 0.277607 -0.466973 1.41748 0.114148 -0.278053 
0.256867 0.0878956 3.73706 1.5892 -0.0736057 0.879412 4.13965 0.925161 -0.0254439 1.83723 0.0388983 -0.109364 
0.0263384 -0.193106 3.32077 1.98928 0.0744666 0.340284 3.97543 0.983424 -0.412961 1.54276 0.0566638 -0.110688 
-0.00470225 -0.471408 4.15726 2.34088 -0.207569 1.03249 2.84713 -0.47058 -0.276162 1.29472 0.0816173 -0.261594 
-0.221748 -0.488757 4.93362 2.1505 -0.36872 1.1722 3.37866 -0.772931 0.283876 1.4276 -0.118835 -0.0695352 
-0.311979 -0.526542 4.67542 1.44504 -0.640645 1.68604 3.32121 0.391525 0.355921 1.33055 -0.0347816 -0.0384582 
-0.328253 -0.355605 4.99551 1.8702 -0.693384 0.39108 3.92329 0.206822 0.341107 1.05227 0.55664 -0.131751 
-0.657805 -0.0969926 4.29457 1.92551 -1.15932 -0.534574 4.48496 -0.670112 0.756323 0.413697 0.874695 -0.286443 
-0.684699 -0.0591949 4.50832 2.18536 -0.319498 0.665352 3.83805 -0.142272 1.38024 0.170696 0.841637 -0.252682 
-0.751378 -0.352546 5.30269 1.37809 0.286076 1.30313 3.87413 -0.254119 0.837395 1.12358 0.185054 -0.0325855 
-0.842561 -0.352996 5.09875 1.14078 0.146821 1.26557 4.00002 -0.512745 0.394688 1.40584 -0.142216 -0.028992 
-0.91541 -0.281122 4.84497 1.65587 0.607754 1.95937 3.37074 -0.338922 0.675128 1.3523 -0.132378 0.147408 
-0.959685 -0.254407 4.86204 1.47963 1.07628 1.30805 3.01853 -0.637553 0.629575 1.33144 -0.332071 0.174124 
-0.88956 -0.284342 5.24278 1.29445 0.647404 1.13148 2.12973 -1.20351 0.508631 1.24483 -0.51746 0.0807964 
-1.0458 -0.482273 5.1577 1.77026 -0.431877 1.41263 1.28048 -0.943829 0.333897 0.952625 -0.570567 -0.0935598 
-1.14259 -0.306756 4.82853 0.572783 -1.21349 0.587116 2.69292 -1.83725 0.799344 0.712315 -0.237238 -0.0691053 
-0.834404 -0.731896 4.15831 1.24119 0.118908 -0.0745432 3.1857 -0.553295 0.582788 0.807466 -0.188751 0.06107 
-0.449388 -0.549916 4.37124 1.45838 0.583417 -0.0921181 3.1462 0.28639 0.345117 0.993235 -0.125413 -0.0344393 
-0.044809 0.044922 4.61301 1.65026 0.0185771 0.774849 1.89174 -0.952547 -0.101512 0.420969 -0.410435 -0.42029 
0.203765 0.59669 3.91511 1.38576 0.406994 0.941589 2.07155 -1.50205 0.290826 0.380887 -0.651086 -0.242132 
0.78842 1.25254 4.20128 1.36427 -0.270136 1.76043 2.06987 -1.47107 0.384092 0.337986 -0.553478 -0.240134 
1.59194 1.36712 3.51176 0.931093 -0.650494 0.795481 1.93442 -0.344683 0.711222 0.920487 -0.798665 -0.360702 
1.91848 0.963463 2.77804 1.01702 -0.619681 0.205353 1.93569 -0.715651 1.32628 0.872442 -0.880899 -0.384677 
1.79557 1.1614 2.55603 0.801699 -0.366705 0.847999 1.59063 -0.53324 0.898974 0.421262 -0.888472 -0.413811 
1.78383 1.08122 2.65898 0.276219 -0.402883 0.723917 1.38415 -0.560925 0.367984 0.604189 -0.878905 -0.483568 
1.72989 1.43856 3.22538 0.428226 -0.37587 0.4196 1.93707 -0.219415 0.609991 0.587378 -0.771007 -0.360365 
2.08911 1.30942 1.81193 0.199653 -0.146661 -0.0656617 1.67193 -0.87748 1.26015 0.658819 -0.666448 -0.364691 
2.25569 1.41127 1.20149 -0.502702 -0.584646 0.515666 1.83548 -1.32968 0.792246 0.310773 -0.580538 -0.325186 
2.51019 0.106574 -0.142653 -0.271056 -0.156253 -0.586577 1.78457 -1.37511 1.86695 0.166029 -1.1225 -0.286241 
2.55956 0.1027 -0.421798 0.0707164 -0.0449428 0.0616605 1.07007 -0.948006 1.73701 -0.0303528 -0.923515 -0.261267 
2.66544 0.0986683 -0.613308 -0.0129192 0.415641 -0.494348 1.25328 -0.313625 1.63473 -0.100262 -0.950098 -0.252635 
2.65854 0.460216 -0.537742 0.385552 -0.299052 0.0926608 0.879559 -0.574937 1.8945 -0.0849966 -0.777055 -0.253036 
2.78504 0.639137 0.000690191 0.173077 -0.318357 0.0853849 0.909923 -1.00423 2.07996 0.514787 -0.788826 -0.35561 
2.57761 0.53887 0.377352 0.713303 -0.485915 -0.236528 1.32298 -1.22943 2.09456 0.416612 -0.779453 -0.292877 
2.45249 0.507534 0.70499 1.03204 -0.80986 0.258346 1.48526 -1.21986 1.73078 0.335224 -0.66672 -0.188146 
2.63767 0.433832 0.838998 -0.127055 -0.107512 0.448013 1.45169 -0.585113 1.65356 0.375335 -0.586915 0.226084 
2.58989 0.879301 0.475794 0.0216267 0.284203 0.313208 1.34291 -0.296679 1.95962 0.166948 -0.48381 0.0229295 
2.57663 0.770834 0.191667 -0.00898065 -0.0634041 0.806215 1.28333 -0.606724 1.33787 -0.0987796 -0.443587 0.00497501 
2.75428 0.804119 0.741973 -0.267394 -0.851793 1.37903 2.16283 -1.47419 0.61164 0.356015 -0.619776 -0.135345 
2.64381 0.840225 0.437337 -0.717348 -0.793977 1.21216 3.21364 -1.23413 0.911464 0.355941 -0.605645 -0.127982 
2.46507 0.85815 0.530597 0.751027 -0.045643 1.02854 1.66614 -1.13733 1.31283 -0.196657 -0.607326 -0.14366 
2.55008 0.991549 0.379522 0.128881 -0.197011 0.894866 1.69388 -0.473288 1.2864 -0.396556 -0.701111 -0.167475 
2.93582 1.08721 -0.164571 -0.166086 0.554478 -0.0955109 0.447775 0.0118485 1.85322 0.141455 -0.704302 -0.287349 
2.85171 1.13982 -0.182983 -0.521953 -0.104444 0.414887 1.45677 -0.445787 1.38336 0.0124149 -0.488573 -0.172902 
2.91472 0.88467 -0.269128 -0.284006 -0.00325155 -0.175803 0.773883 -0.0685012 1.31826 -0.0924885 -0.707807 -0.268658 
2.74955 1.09631 -0.665836 -0.00900776 0.982621 -0.749741 0.986111 0.186013 1.5456 -0.179998 -0.562599 -0.180028 
2.84993 0.908749 -0.271594 0.0970569 1.24475 -0.264136 1.05754 -0.43154 0.737614 -0.34986 -0.862442 -0.360362 
2.7986 1.04277 -0.596679 -0.404388 0.663244 -0.163862 1.43784 -0.424147 0.415853 -0.341805 -0.487102 -0.237067 
3.10386 1.06029 -0.334935 -0.341199 0.280562 -0.115722 0.871527 0.0743794 0.6602 0.198929 -0.314649 -0.331207 
2.93899 1.31151 -0.326627 -0.619348 0.436931 -0.60569 1.57883 -0.263907 0.659992 0.0970874 -0.361919 -0.270497 
3.0152 0.788412 -0.44877 -0.727765 0.509344 -1.30894 0.940774 0.0806638 1.09187 0.413151 -0.558292 -0.328725 
2.85487 1.17875 -0.0848267 -0.460114 0.428869 -0.90103 0.961439 0.00540602 1.07362 0.363349 -0.342012 -0.277821 
2.68566 1.28109 0.0257919 0.144658 0.784403 -0.941676 1.54108 0.537199 1.15455 0.276945 -0.242899 -0.172435 
2.70323 1.3932 0.284952 -0.111833 0.814898 0.137981 2.0451 0.75902 0.940221 0.591333 0.0295395 -0.119246 
2.56883 1.61122 0.112166 -0.14218 0.734091 0.787747 1.62662 0.60623 1.07765 0.339443 0.0935386 -0.0211084 
2.61211 1.67788 -0.0671468 0.294602 2.24334 0.169388 1.25823 0.986075 0.561799 -0.205478 -0.416364 -0.00451058 
2.6855 1.94956 -0.168303 0.331239 1.8129 0.544643 1.06742 0.967759 0.179453 -0.154294 -0.250202 0.00514762 
2.72422 1.90329 0.0537055 0.448002 2.3127 0.694094 0.916079 1.12085 0.212004 -0.376554 -0.499323 -0.0723926 
2.6908 1.59017 0.352861 -0.336972 1.23509 1.06274 1.43792 0.990152 1.03534 0.0896061 -0.101383 0.0205694 
2.48813 1.51226 0.398794 -0.258542 0.611981 1.3944 2.49208 0.956772 0.989882 0.0665614 0.0663969 0.171409 
2.43661 1.8674 0.445864 -0.658657 0.925054 1.69948 2.34159 1.08163 0.617546 -0.00418066 0.000676003 0.121065 
2.40819 1.87111 0.100322 -0.273783 1.54233 0.86349 2.06423 0.962947 1.0911 -0.165154 -0.118655 0.0608431 
2.41398 1.52902 0.519224 -0.314071 1.33619 0.759403 1.26779 1.15266 0.620625 0.182685 0.172236 0.16683 
2.29976 1.76037 0.448971 -0.95017 1.06607 0.324516 1.8031 0.776474 0.81323 0.25896 0.116765 0.16517 
2.25281 1.97946 0.34318 -0.429022 0.974841 0.661468 1.75116 0.302197 1.14373 -0.129978 -0.00509308 -0.0133975 
2.17531 1.71557 0.720637 0.0254562 0.96889 1.65911 2.19284 -0.289029 0.702844 -0.59937 -0.192605 0.0570436 
2.17961 1.80409 0.252906 0.0150095 1.19633 1.64538 1.85067 0.752903 0.166906 -0.34831 0.140255 0.237898 
2.13492 1.73926 0.741697 -0.00469474 0.88698 1.57413 1.69742 1.35612 0.432318 -0.389651 0.109353 0.189728 
2.1049 1.50443 0.533664 -0.5472 0.789814 1.09534 2.2706 0.42561 0.365818 0.342053 0.184518 0.136507 
2.15935 1.95235 0.871982 -0.186224 1.3717 0.928969 1.5993 -0.152842 0.645004 0.0975671 -0.164025 -0.106714 
2.01375 1.87867 1.18188 0.921088 1.46653 1.16478 2.00439 1.09039 0.854393 -0.02123 -0.25407 -0.138728 
2.08566 1.98585 0.868708 1.15111 1.76044 1.73811 2.76374 1.08698 0.74272 -0.267776 0.00294722 0.0956322 
2.21139 1.96201 1.1933 0.565357 1.21969 2.27968 2.09077 0.779889 1.49935 -0.316972 0.111744 0.218358 
2.08637 2.13523 1.28336 0.912563 1.69978 1.43282 2.49897 0.902301 0.904796 0.103027 0.174606 0.165074 
2.10197 2.26047 1.78584 0.714487 1.07236 0.667787 2.23069 0.892503 1.19501 1.12821 0.42751 0.211001 
1.97011 1.79487 1.653 0.761767 0.5566 0.705223 1.53709 1.82911 1.95862 0.923054 0.714776 0.304082 
2.00616 1.96907 1.82998 0.670491 1.49534 1.96679 2.2236 1.25083 0.950999 0.694926 0.275816 0.167528 
1.87944 2.46617 1.89836 1.42487 2.34413 2.31438 2.62626 1.34593 0.712011 -0.0351784 0.0865098 0.0914747 
2.02696 2.41464 1.98169 1.27396 1.4393 1.19246 2.07261 2.01476 0.784332 0.251237 0.155487 0.0519111 
1.7904 2.13878 1.81288 0.977792 1.1805 1.30871 1.94656 0.979076 1.15358 0.318676 0.315699 0.143622 
1.69192 2.01226 1.73939 0.611497 0.690682 1.16894 2.12862 0.781129 1.37276 0.521701 0.578369 0.254862 
1.69219 2.20718 1.90329 1.07453 1.97133 1.58463 2.49233 1.14386 0.850219 0.000116522 0.513717 0.277381 
1.70149 2.20958 1.59845 0.591876 1.87669 0.868236 2.16157 1.99994 1.01194 0.0364473 0.715045 0.308464 
1.71973 1.89205 2.0295 1.33578 1.9853 1.03507 1.4866 2.6483 1.13706 0.22202 0.664538 0.297842 
1.78617 2.29174 2.27163 1.85825 2.24799 1.26188 2.42675 2.387 0.756069 0.378506 0.480779 0.263347 
1.71197 1.92834 1.93854 1.32983 2.13169 1.7598 2.21989 2.09882 1.01335 0.440564 0.513455 0.278378 
1.49529 1.88539 1.42871 0.901382 2.11882 1.86241 1.72434 2.18715 1.17578 0.570185 0.641851 0.247001 
1.48273 1.79959 2.12296 1.52134 2.36706 2.25593 1.5112 2.04658 1.38121 0.727545 0.318654 0.208078 
1.3983 1.96968 2.5398 1.56177 2.18168 2.22512 1.73741 1.06988 1.08991 0.421636 0.569774 0.273378 
1.37777 1.73905 1.53835 1.65759 2.20102 1.70416 2.04373 1.08943 1.51193 0.0931567 0.697718 0.270047 
1.51317 1.84717 1.42126 1.29797 2.3589 0.820437 1.58785 1.6866 1.10725 0.473897 0.684444 0.304233 
1.4519 1.89208 1.90235 0.783749 1.60095 1.13115 1.7146 2.19843 1.29993 0.335762 0.756431 0.21622 
1.3903 2.21296 2.62671 1.15041 1.81887 0.784483 1.96641 1.37498 1.03489 0.0106583 0.506274 0.152483 
1.34976 2.11962 2.68649 1.24797 1.56141 0.60165 1.50637 1.29012 1.37703 0.00270095 0.218407 0.120519 
1.31613 1.76335 2.5032 1.56918 2.06281 0.575758 1.89864 1.46666 1.21201 0.135028 -0.0317158 0.145269 
1.5011 1.14094 2.59099 -0.0601211 1.59648 0.399831 1.35532 1.73059 0.747629 0.289132 0.258652 0.120384 
1.43547 1.25886 2.14813 0.51927 1.18652 -0.259364 1.53717 1.35302 0.321602 -0.565588 0.247405 0.125523 
1.39461 1.69245 2.11009 1.52406 1.36862 0.722857 2.97521 0.911121 0.514188 -0.27167 0.349848 0.114696 
1.26705 1.83109 1.85005 1.45938 1.61202 1.15211 1.86197 1.31598 1.67843 0.321825 0.579744 0.222764 
1.34327 1.6404 2.05687 1.52383 1.4259 1.26172 1.46069 1.06832 1.96476 0.505402 0.717812 0.308629 
1.30365 1.48539 2.22454 1.82364 2.28495 1.48419 1.78976 0.733655 0.952135 0.70438 0.491142 0.242827 
1.40751 1.78095 2.11198 1.17276 2.63087 1.60694 2.8692 0.544766 0.393365 0.657407 0.41275 0.329502 
1.45949 1.70673 2.59784 0.863951 3.2336 0.966074 2.23559 1.41934 0.702478 0.510323 0.48312 0.362489 
1.23493 1.57198 2.98739 1.32032 2.27093 0.680061 2.17464 0.968284 0.891853 0.718966 0.588543 0.326907 
1.24673 1.63303 2.39119 1.26934 2.42305 1.40652 1.57992 1.7088 0.665571 0.450852 0.532308 0.191006 
1.24312 1.9112 2.26261 1.43192 2.37366 0.884496 1.50594 1.56538 0.773325 0.212184 0.783411 0.205045 
1.19513 2.04126 2.11505 1.93358 1.91731 0.266042 2.31181 1.04035 0.794366 0.196995 0.494351 0.184657 
1.18575 1.88035 2.22356 1.65394 2.51887 -0.228536 2.66697 1.28361 0.801077 0.195035 0.516305 0.305074 
1.30841 2.00903 2.2427 1.32155 1.96709 0.605075 1.92955 0.708632 0.776046 0.543587 0.562051 0.248455 
1.2138 1.68313 2.56046 1.15433 1.50159 1.33967 2.22346 0.657537 1.21113 0.675918 0.517812 0.250446 
1.25284 1.72448 2.42239 1.98957 2.20873 0.990431 2.23614 1.37574 1.11953 0.346655 0.406046 0.249869 
1.27954 1.64185 2.1847 2.63584 1.81907 0.948756 2.07613 0.474694 1.00401 0.434938 0.691818 0.21293 
1.30193 1.33761 2.10725 2.07804 1.64152 0.821993 2.85072 0.741706 0.906812 0.599456 0.86863 0.291095 
1.29586 1.40348 2.49217 1.94193 1.53875 0.86433 2.96364 0.892174 1.07729 0.715899 0.527904 0.256141 
1.29329 1.84265 2.10776 1.75686 1.91371 1.03322 2.26831 1.21057 0.805426 0.0960633 0.335081 0.163638 
1.39376 1.33259 1.80155 1.7671 1.68292 1.45956 1.9276 1.59044 0.48566 0.153992 0.156408 0.127433 
1.29017 1.43013 2.13478 1.59033 1.98299 1.20565 2.33863 1.256 1.42034 0.907977 0.224032 0.249743 
1.26183 1.75802 2.41441 1.85544 1.6016 0.673234 2.02971 1.87921 0.922211 1.12444 0.326881 0.252309 
1.1941 1.76545 2.01579 1.56335 2.10318 1.64982 1.45176 1.55962 1.53255 0.00296084 0.370553 0.178988 
1.19951 1.56943 2.10825 1.50695 2.13925 1.30821 2.3704 1.6102 1.33388 -0.223651 0.757136 0.27667 
1.29158 1.3371 1.85927 1.02109 1.82244 0.510038 2.7091 1.82422 0.967828 0.303504 0.83317 0.302899 
1.22002 1.99791 2.16558 0.974278 1.159 1.44519 1.95756 1.81365 0.512823 -0.0764752 0.980728 0.0877948 
1.26726 1.6639 2.57605 1.09948 2.17546 1.10671 2.51017 1.52324 0.080829 0.126083 0.628045 0.159188 
1.34523 1.5703 2.02568 1.05246 2.20847 0.772727 2.36041 0.489459 1.31199 0.32229 0.40397 0.314085 
1.16218 1.63019 2.25992 1.20187 2.28003 0.0618544 1.01387 1.35867 1.4293 0.970675 0.353271 0.275132 
1.12463 1.75671 1.74916 1.25401 1.75474 -0.0572118 0.828888 1.61 0.303263 0.487558 0.0815449 0.0561407 
1.06571 1.66393 2.34542 1.07239 1.41106 0.619537 1.3281 0.959985 0.120376 0.269966 0.403873 0.0549304 
1.12445 1.54767 2.43794 0.423565 1.92878 2.06575 1.48187 0.517515 0.367407 1.01422 0.647459 0.221315 
1.17253 1.71743 2.54381 0.693417 1.74383 1.21477 2.06674 0.537474 0.372458 0.471866 0.855345 0.209641 
1.06128 1.64068 3.03186 1.70415 1.10654 -0.00253172 2.22241 0.169135 0.818383 0.615394 0.539748 0.226034 
1.05948 1.33248 2.91509 1.37821 2.11518 1.1898 2.17838 0.0244472 0.574863 0.348923 0.471956 0.200943 
1.11623 1.50405 2.08383 1.19564 2.1246 0.351964 2.33057 0.652223 0.240308 0.0485769 0.569667 0.176304 
1.14432 1.55771 1.71471 1.81856 1.87129 0.596629 1.64398 1.17874 1.22787 0.0574478 0.590204 0.190084 
1.18599 1.56326 2.36977 1.42221 1.95389 1.11151 1.35887 0.929987 0.914632 -0.0913087 0.497934 0.157224 
1.20493 1.43691 1.89592 0.775867 1.91846 0.53623 0.898327 1.2825 1.18151 -0.0307583 0.270264 0.0809421 
1.13968 1.38372 2.21117 0.831111 1.97069 1.12331 1.22307 1.35898 0.721823 -0.0912304 0.466714 0.119029 
1.06509 1.58868 2.26705 0.274628 1.259 1.34184 0.78421 1.10255 0.735516 0.623253 0.373786 0.141951 
1.10506 1.52309 2.21347 0.673596 0.657544 1.82052 1.30841 0.726134 0.898796 0.597453 0.23881 0.120699 
