0.819074 1.48825 1.48623 1.15745 0.0053223 0.379272 1.26825 0.85485 1.0693 0.749867 0.404775 -0.0256708 
0.752998 1.51938 1.55793 1.07204 0.21274 0.560941 0.817197 0.947096 0.477333 0.431322 0.511752 -0.0708782 
0.661439 1.40223 1.55847 1.48879 0.983926 0.731415 0.243214 0.0650446 0.655964 -0.0310388 0.1323 -0.0285878 
0.744105 1.06227 1.26059 0.0860879 0.862295 1.46777 0.156559 -0.145224 0.888119 -0.536729 0.483993 0.0986257 
0.768736 1.30843 0.965347 -0.0412191 0.999294 0.774439 0.222739 0.839953 -0.0571681 0.513907 0.304415 0.00699383 
0.68525 1.32472 1.46054 0.331051 1.27626 0.656144 0.57849 0.0812289 0.30673 1.00939 0.683758 -0.114594 
0.745476 1.30565 1.24301 0.985041 1.538 0.526252 0.732796 0.544959 0.202083 0.794207 0.765623 -0.0381835 
0.822036 1.32894 1.45213 1.27377 1.61721 0.0690941 1.43878 1.59487 0.206074 0.237538 0.387003 0.118543 
0.88763 1.23523 1.84376 1.23567 0.929501 -0.225802 1.04559 0.786203 0.950547 0.88107 0.437761 0.158184 
0.811515 1.41826 1.38387 1.0142 0.969521 0.657045 1.15124 0.685473 0.539411 0.745321 -0.0387495 0.105079 
0.684277 1.38094 1.29118 0.759501 0.216133 0.417424 0.937371 0.755143 0.090599 0.516356 0.223692 -0.0696894 
0.700809 1.13783 1.65129 0.482793 0.446198 -0.338395 0.478042 0.511121 0.534923 0.445366 -0.0799724 0.129058 
0.616641 1.09186 1.71259 1.57383 0.759042 -0.973315 1.3679 1.03007 0.344645 0.787104 -0.284603 0.295823 
0.752467 1.23436 2.17814 1.02423 0.73838 -0.973934 1.19651 0.939984 0.882097 0.519358 0.359265 0.122209 
0.6942 1.27292 1.68782 1.1158 -0.234413 -0.496793 0.563225 0.14063 0.7764 0.32762 0.0863791 0.0401312 
0.774104 1.28497 1.54237 1.39617 0.517592 0.0862366 0.0904487 0.886936 0.767554 0.561183 0.212515 0.0697665 
0.637867 1.17817 1.27312 1.45497 1.02837 0.948538 0.963032 1.52718 0.64359 0.555323 0.521579 -0.0558769 
0.743125 1.4281 1.38609 0.606949 1.21079 -0.00193414 0.537802 1.43906 0.472028 0.414089 0.807638 -0.0828434 
0.99702 1.86349 1.48709 1.47941 1.05502 0.479309 0.91594 1.11371 0.474161 0.585883 0.783989 0.109492 
1.01382 2.13474 2.06244 1.55903 1.87882 1.71345 0.921348 1.32167 0.631131 0.786598 0.518371 0.179607 
1.27509 2.25468 2.71382 2.25251 2.423 1.85763 1.20268 1.27469 0.543487 0.292038 0.295061 0.0844096 
1.72068 2.58888 2.61552 2.17551 2.15222 1.91355 1.35889 1.24495 1.0603 0.359204 0.0726794 0.0226792 
1.74494 2.52793 2.39782 2.12005 1.83758 1.2204 0.781262 1.06776 1.47093 0.934175 -0.149293 -0.0232444 
2.11064 2.46679 2.202 2.03277 1.95605 0.768513 0.788992 0.213269 2.5857 1.49509 0.0798586 -0.112722 
2.2355 2.37782 2.02721 1.37175 2.10974 1.13335 0.328035 0.78801 2.28355 1.61303 0.25692 -0.129912 
2.28286 2.32693 1.19197 1.42943 2.77081 0.345108 0.376936 0.763745 2.24809 1.57444 0.140235 -0.237132 
2.27991 1.9624 0.884394 1.60934 2.85595 -0.604177 0.37931 0.560939 2.00422 1.89634 0.038251 -0.227779 
2.2313 2.01822 0.893304 1.16861 2.32106 -0.228908 -0.0832196 0.279298 2.22944 1.76875 0.17121 -0.279183 
2.16891 1.84837 0.697945 1.41999 1.99363 -0.145329 0.10928 0.354515 2.23345 1.47854 0.0628483 -0.324335 
2.21481 1.4582 1.05282 1.28882 2.9035 0.0875418 -0.558023 0.984227 1.60945 1.32098 -0.101865 -0.343806 
2.13288 1.57878 1.3416 1.84484 2.17691 -0.274134 0.285579 0.523289 2.01763 1.55588 -0.0438478 -0.238232 
1.91439 1.78399 1.59588 1.67846 2.02968 0.517844 0.452656 0.711169 2.09627 1.46105 -0.0520989 -0.149278 
1.82634 1.81875 1.58044 2.33453 1.59185 0.34343 1.39155 0.569368 2.42233 1.11374 0.0808004 -0.0352633 
1.71414 2.22335 1.15959 1.274 1.86559 0.415353 0.550821 1.47886 2.43496 0.972019 0.349793 0.0296877 
1.66939 1.76436 1.34769 1.50465 1.37421 0.593913 0.689622 1.31778 2.31864 0.772224 0.343308 0.116665 
1.51531 1.69167 1.42722 2.04403 0.741605 -0.366555 0.450008 2.50379 2.52316 0.812974 0.457382 0.315371 
1.40107 1.7729 1.02666 1.9879 0.329418 -0.965072 1.17019 2.6902 1.89253 0.665763 0.71247 0.326462 
1.48639 1.61587 1.30196 2.01182 0.526149 -1.38723 1.13686 2.77671 1.15399 0.345673 0.458562 0.326059 
1.35908 1.52039 1.93007 2.31502 1.56512 -1.21899 0.731353 3.01752 0.576553 0.389762 0.169197 0.357391 
1.22439 1.329 1.54808 4.10291 0.674558 0.489721 1.45051 1.72678 1.33536 -0.50338 0.365216 0.238184 
1.21487 1.31872 1.86787 3.66196 0.83972 1.05946 1.98319 0.982431 2.07677 -0.850585 0.468892 0.18385 
1.10084 1.38694 2.20108 2.88656 0.75959 -0.244042 1.4747 2.00228 1.94565 -0.496811 0.634184 0.408386 
1.1674 1.35306 2.05585 2.73294 0.948861 -0.0276427 0.889436 2.85458 1.51161 -0.262595 0.320067 0.402251 
1.14285 1.29325 1.51735 2.45599 1.47258 -0.513282 1.32165 2.75392 1.14333 -0.0462551 0.139828 0.309985 
1.0975 1.52938 0.802596 1.18501 2.08392 -0.839994 1.80992 2.61073 0.193355 0.333947 0.934393 0.246555 
1.36942 1.44398 0.696003 1.66525 1.31143 0.725688 1.20121 1.78416 1.2633 0.836029 0.138109 0.0394442 
1.73019 1.09011 0.404498 1.54379 2.00278 0.880442 0.641814 2.14632 1.27687 0.832809 -0.0153376 -0.0407898 
1.8266 0.626849 0.129763 1.39169 2.37685 1.10875 1.10821 1.33016 1.28725 0.577116 -0.0102077 -0.0822957 
1.93409 0.608165 -0.646999 1.58478 2.82923 1.16112 1.19069 0.749905 1.27364 0.703991 -0.0382407 -0.2172 
2.25171 0.491298 -1.51338 1.80729 3.54675 1.32145 0.826614 0.728457 1.15502 0.647793 -0.128816 -0.219923 
2.34023 0.571209 -1.95788 1.37956 4.35504 1.26255 0.452846 1.06116 1.00761 0.978187 -0.356559 -0.229354 
2.4608 0.383057 -1.8872 1.13949 4.66778 0.841975 0.735271 1.04671 1.2276 0.992757 -0.431078 -0.252991 
2.46869 0.386614 -2.24033 0.923167 4.8301 1.11078 0.574728 1.03176 1.11203 1.10532 -0.467664 -0.300502 
2.33108 0.567181 -2.6888 1.0556 4.31373 1.37823 0.487229 1.08639 1.39647 1.24337 -0.424095 -0.366502 
2.33968 0.555441 -2.8241 0.718574 4.60259 1.2618 0.697604 1.17704 1.30043 1.30335 -0.58045 -0.381082 
2.28272 0.211529 -2.35529 0.685359 4.11607 1.54586 0.374435 1.52007 1.33254 1.07913 -0.461279 -0.464111 
2.45225 0.251659 -2.603 0.738386 4.51869 1.28271 0.256195 1.58544 1.32251 1.22523 -0.629573 -0.495123 
2.31769 0.298515 -2.65176 0.617614 4.46542 1.26846 0.526053 1.59376 1.23467 1.19867 -0.627404 -0.44123 
2.33837 0.346623 -2.58654 0.488859 4.50393 1.49038 0.362493 1.81906 1.07047 1.34342 -0.587916 -0.449174 
2.42325 0.199938 -2.47974 0.730917 4.41959 1.37684 0.657615 1.40004 1.45216 1.13319 -0.456786 -0.425541 
2.2294 0.353813 -2.48931 1.06255 4.19218 1.58241 0.490073 1.37045 1.35625 1.14463 -0.39078 -0.359323 
2.20548 0.450838 -2.0993 1.12516 4.91946 1.78757 0.0286306 1.30739 0.590577 1.3573 -0.331586 -0.24362 
2.31027 0.546892 -2.28247 1.42189 5.56086 1.25311 1.02769 0.991084 0.552545 1.07308 -0.600819 -0.0363472 
2.33514 0.734169 -2.39643 0.959624 5.28374 0.880683 1.31297 0.846535 0.909108 1.09662 -0.707591 -0.101647 
2.34395 0.742201 -2.02111 0.614093 4.3593 1.35094 0.976452 1.36906 0.907546 1.0321 -0.545349 -0.322097 
2.1496 0.957948 -1.70045 0.639628 4.17246 1.04738 1.32008 1.74813 0.306985 1.07249 -0.705021 -0.201008 
2.28499 0.982223 -1.8648 0.67699 3.97332 0.874821 1.53263 1.50677 0.668242 0.841801 -0.626506 -0.17342 
2.42533 0.842453 -1.84989 0.478808 3.44105 1.13157 0.936106 1.74298 1.35116 1.04311 -0.392391 -0.339349 
2.51006 0.703512 -1.84423 0.443405 3.82543 0.984448 0.991219 1.39759 1.45942 1.37553 -0.096325 -0.260464 
2.10369 0.829058 -1.5857 1.03722 3.08489 2.54446 1.66552 0.473628 1.93866 0.518993 0.131755 -0.245093 
1.97098 0.961283 -0.921867 1.16589 4.14739 1.90285 1.54133 0.783261 1.61934 0.867531 -0.0696665 -0.15266 
1.57654 1.24131 -0.859872 -0.0230266 4.1961 0.958614 1.32687 1.67919 1.48853 0.870944 0.0778307 -0.096414 
1.81758 1.28549 -0.963165 -0.522593 4.14734 1.15035 1.45607 1.50312 1.25523 0.609842 0.047423 -0.0374414 
2.19584 1.14816 -0.295976 0.710881 4.28669 1.55452 0.883098 0.184795 0.841634 0.35532 -0.275654 -0.185218 
2.45533 1.35017 -0.458192 1.0922 4.12809 1.74753 0.651311 0.607825 0.596994 0.301333 -0.402565 -0.268915 
2.50312 1.43128 -0.810215 1.05512 3.60167 1.44751 -0.117817 0.390339 0.799997 0.246085 -0.358628 -0.235588 
2.5643 1.6986 -0.617517 0.528288 3.04671 0.619993 -0.312296 -0.00928084 1.19813 0.382258 -0.322525 -0.361698 
2.4123 2.06505 -0.556093 0.440031 3.6004 1.15546 0.0740383 0.403342 0.854419 0.767555 -0.229224 -0.435865 
2.38012 1.87593 -0.0935408 1.31605 4.10759 1.23428 0.122304 -0.0993166 0.485799 0.517162 -0.229026 -0.317116 
2.14828 1.62176 0.25251 1.47879 3.37039 1.87776 0.373995 0.352978 1.08115 0.332175 -0.29012 -0.401356 
2.35839 1.44962 0.223468 1.02859 4.38883 1.35508 1.26131 0.498529 1.08596 0.349741 -0.639603 -0.368174 
2.28022 1.56133 0.046705 1.65072 3.59532 2.00187 1.04208 0.692735 1.1485 0.00963035 -0.565448 -0.414188 
2.30659 1.82343 0.23822 1.71273 3.26602 1.52573 1.01002 0.996016 0.77862 -0.0977125 -0.476237 -0.247907 
2.06758 1.85432 0.715772 1.31025 3.1897 1.86046 1.09563 0.727109 1.57413 0.317034 -0.400636 -0.42387 
2.01529 1.74532 0.69156 1.83023 3.31659 2.01681 1.08982 0.919686 1.76203 0.287848 -0.512686 -0.439121 
2.04239 2.02474 0.97066 1.42752 3.37468 1.49432 0.108462 0.510189 1.48618 -0.264696 -0.254126 -0.359826 
1.97972 1.95232 0.811394 1.2226 3.62908 1.17452 0.93233 0.583587 0.645114 -0.00490771 -0.309632 -0.211737 
2.18882 1.87751 0.993115 1.06706 3.5397 1.27368 1.07482 0.754018 1.31942 0.575509 -0.441137 -0.412692 
2.17316 1.82591 1.00792 0.983001 4.07663 1.26358 1.18709 1.41927 1.09246 -0.0194486 -0.644795 -0.315121 
2.2857 1.88188 0.664505 1.46858 4.07897 1.14744 0.744383 0.728625 1.21769 -0.128852 -0.674887 -0.374882 
2.07512 1.49979 1.08268 1.53213 4.43834 1.60007 0.201519 0.803304 1.1392 0.45603 -0.379191 -0.368635 
2.01476 1.74137 0.55798 0.937361 4.43198 1.61791 0.176563 0.963542 1.60053 0.264738 -0.0682837 -0.271014 
2.04173 1.86879 0.713628 1.32101 3.29317 1.72808 -0.0612503 0.129136 0.942375 -0.135185 -0.16824 -0.319124 
2.14885 1.92857 1.49705 0.808268 3.53704 1.85746 0.113595 0.166372 0.0800006 -0.649703 -0.188821 -0.217193 
2.05798 2.19286 1.92026 0.842605 3.22816 0.761208 0.232479 -0.188206 0.116424 0.247712 -0.211466 -0.209971 
1.94411 2.22564 2.00924 0.791625 3.22517 1.50995 1.13233 1.01766 0.453364 -0.424492 -0.324354 -0.234856 
2.02112 1.79481 1.62571 1.67485 3.68825 1.97759 0.918754 0.626905 1.13864 -0.0530854 -0.33076 -0.226711 
1.95818 2.02107 1.90167 1.66546 3.93195 1.84888 0.102131 0.665077 1.27807 0.41908 -0.165472 -0.307021 
1.87426 2.11316 2.13559 1.70545 3.65075 2.70639 1.2746 0.793081 1.20056 -0.323817 0.0746053 -0.0103116 
1.84028 2.33579 2.17501 1.39027 3.1547 2.37716 2.08636 0.354535 1.18102 0.167289 -0.0693429 0.0258103 
1.85424 2.18941 2.24097 1.41601 2.79057 1.5948 2.22839 1.4404 1.06348 -0.15235 -0.291763 -0.0895023 
1.88638 2.03341 2.63852 1.33506 2.74136 2.50596 0.850751 1.71719 1.08346 -0.398549 0.0229774 -0.059016 
1.77711 1.95156 2.10916 1.14516 2.92432 2.28474 1.30181 1.03492 1.50503 0.701519 -0.223274 -0.110585 
1.80313 1.75576 2.34207 0.878189 3.43957 1.56775 2.14269 1.17458 0.747286 0.827778 -0.430151 -0.0749521 
1.73544 1.93093 2.20957 1.32187 3.20625 1.05654 2.35878 1.67489 1.21278 0.88453 -0.247328 0.0611244 
1.65958 1.85162 2.40293 2.11726 2.72051 1.12971 1.70216 0.818639 1.10351 1.14698 0.106849 0.144567 
1.58362 1.83855 2.33793 1.56646 3.05501 2.556 1.79219 2.13486 0.520276 0.712939 0.195482 0.113806 
1.60664 2.18251 2.5301 1.35483 3.33344 2.47528 2.53725 1.95378 0.974949 -0.0142006 0.278357 0.178991 
1.6478 2.10492 3.35842 1.72121 3.03389 1.91911 1.45997 1.2494 0.516661 0.677669 0.277966 0.113262 
1.5238 1.9816 2.68998 2.21423 2.62233 1.83424 1.31678 1.19032 0.700758 0.459369 0.215357 0.106286 
1.51173 2.20342 2.55229 2.15839 2.4031 0.97043 0.333701 1.21666 1.44789 0.923138 -0.257243 0.045924 
1.41455 2.01124 1.94056 1.86933 2.25427 1.60104 0.542521 1.14402 2.06193 0.307979 -0.0646729 0.0159322 
1.47561 2.25387 2.07354 1.9383 2.00765 1.80339 1.66643 1.04185 1.63193 0.468129 0.020256 0.0744577 
1.51938 2.1171 2.59723 1.68108 2.60997 2.14493 2.22852 1.21701 1.31273 -0.0263349 0.135727 0.130198 
1.5283 2.26866 2.61395 1.95028 3.13337 1.49563 2.46034 1.10374 1.42476 0.0423813 0.290037 0.210798 
1.46529 1.99545 2.34828 1.64803 3.14412 1.30446 1.88392 1.58794 1.32791 0.329356 0.23634 0.206837 
1.41485 1.9529 2.60823 1.91502 2.18316 0.858412 1.55838 0.643502 1.62985 0.0730753 0.284189 0.226169 
1.36088 1.86653 2.86394 1.47416 1.57695 1.63083 2.24814 1.10726 1.07237 0.195016 0.469322 0.198757 
1.43862 1.98638 2.5012 1.61526 1.58909 0.838763 1.89785 1.38527 1.24568 -0.227881 0.0812511 0.0408141 
1.39797 1.78486 1.60461 1.31217 0.968345 0.271446 1.98967 0.562239 1.04862 0.102178 0.24812 0.0142715 
1.54308 1.46484 1.18753 0.907878 1.26704 0.831581 2.35617 1.85239 1.4296 0.532173 -0.155699 -0.0569259 
1.43495 1.80108 1.77615 1.38735 1.94181 0.80356 1.34407 1.91273 1.61211 0.8509 0.0465326 0.102365 
1.35892 1.81176 2.17832 1.54357 2.11999 0.64219 1.64178 1.34814 0.828271 0.288114 0.308702 0.157281 
1.31983 1.81154 1.88015 1.22354 2.01088 1.85187 2.101 2.00086 0.615808 0.0774051 0.107469 0.0934466 
1.27704 1.48519 2.07655 1.23948 2.59725 1.6406 1.84677 1.41018 1.25631 0.0146302 0.264259 0.221742 
1.24231 1.7313 1.84524 0.742796 2.82882 1.38764 1.63502 1.11577 1.4966 -0.207507 -0.165794 0.0703275 
1.40853 1.57044 1.95495 1.36925 1.52872 0.179699 1.65262 0.968102 0.945478 0.358687 -0.197992 0.0280938 
1.43586 1.66531 2.3124 1.5027 0.809074 0.700521 2.00727 0.459176 2.08016 0.549654 0.174542 0.179004 
1.41048 1.92243 1.68553 1.27103 0.983511 1.18178 1.85932 -0.0115881 1.54669 0.515518 0.0893051 0.0477089 
1.3969 1.51507 1.77279 0.873712 0.609979 0.710016 1.22807 0.250985 1.09459 0.432292 0.339991 0.0760319 
1.35691 1.13711 1.29306 0.84827 0.499254 0.266342 0.950902 1.06786 1.14322 -0.0423641 0.494081 0.0958919 
1.51161 1.09688 0.670852 0.755339 1.50068 1.1887 1.66183 1.22305 0.930866 0.00723456 0.321898 0.143311 
1.30323 1.64887 1.87687 1.35851 1.23574 0.758103 2.45254 0.750353 0.502398 -0.0475625 0.908267 0.217059 
1.19676 1.56788 2.35538 1.1472 1.39053 0.157258 1.86915 0.378262 0.929916 0.0409919 0.337334 0.198438 
1.21128 1.85342 1.89982 1.08759 1.36645 1.20753 2.25702 0.236773 1.40941 -0.146091 0.314414 0.1347 
1.12827 1.55772 1.72518 0.984716 1.84059 0.771109 2.52321 1.19514 2.04681 0.341809 0.368684 0.231773 
1.11182 1.65847 1.30146 1.283 2.35752 0.479812 1.76059 0.961475 1.38298 0.691628 0.665154 0.230177 
1.10086 1.29706 1.75856 1.2997 1.20631 0.330903 0.807697 0.808801 1.14883 0.79082 0.935916 0.190457 
1.1819 1.60789 2.20292 0.885742 0.919438 0.508441 1.55213 1.18846 0.691245 0.7138 0.785467 0.17387 
1.22031 1.92995 2.19059 0.529756 0.863786 0.937767 2.1803 1.2407 0.740116 0.485514 0.604159 0.103606 
1.30484 1.69517 2.3636 1.42692 1.56192 0.825303 1.85559 0.713792 1.44645 0.323332 0.309555 0.227606 
1.17867 1.61213 2.52458 1.09593 1.78404 1.30862 2.358 0.436069 1.42317 0.188325 0.644145 0.312079 
1.08779 1.28889 2.20546 0.759751 1.66495 1.16381 2.26569 0.686548 2.00587 0.388954 0.903246 0.340391 
1.18495 1.43298 2.04271 1.60033 1.47437 0.674439 1.62393 1.10874 1.97387 0.455166 0.603778 0.274883 
1.18674 1.9089 2.08745 0.998193 1.51666 0.0442802 1.45999 0.967471 0.844244 0.981606 0.220672 0.216743 
1.08044 1.70813 2.23412 1.27976 1.01967 -0.363268 2.0097 1.12217 0.954056 0.737349 -0.234542 0.145689 
1.22953 1.55409 2.2063 1.21915 1.265 0.68261 2.40392 0.776638 1.57841 0.684455 0.215979 0.207794 
1.27188 1.77884 2.06512 1.07317 1.05975 0.617109 1.25372 0.662537 1.74084 0.191823 0.825817 0.266842 
1.25193 1.97396 1.67948 0.434685 1.4393 0.657656 1.51487 0.815879 1.42962 0.220874 0.646305 0.173895 
1.13512 2.0087 2.20612 0.64376 1.49891 0.938726 1.50089 0.634548 1.3448 0.319781 0.410306 0.188246 
