0.71885 1.41291 1.4737 1.21571 1.13644 1.20985 0.94254 -0.276088 0.60256 0.509869 -0.101881 -0.0242035 
0.795981 1.28125 1.62111 0.598179 0.975534 0.888479 0.482859 0.797072 -0.418602 0.503817 -0.205876 -0.151195 
0.660628 1.51765 1.1343 0.702545 0.137636 -0.388124 0.833314 1.00009 -0.108914 0.182492 0.311449 -0.298047 
0.627474 1.23314 1.62536 1.28692 -0.209927 0.261895 1.79593 0.976711 0.54584 0.423745 0.130103 -0.117065 
0.7387 1.27778 1.25798 1.05443 0.477655 0.775647 0.839959 1.35843 0.732832 0.551955 0.264013 0.0343948 
0.755382 1.49062 1.39282 0.764837 0.817017 0.499189 0.442495 1.29236 0.653516 0.348792 -0.277163 0.0578761 
0.662803 1.25536 1.06701 0.901202 0.999196 0.671145 0.953606 0.879269 0.962069 0.886008 -0.357224 -0.00803672 
0.63167 1.29975 0.862966 1.30223 1.03376 1.11339 1.12025 0.587548 0.0796044 0.102414 0.249219 -0.118947 
0.847576 1.39164 1.40693 1.00683 0.654099 0.534465 1.06763 0.806414 0.277891 0.21378 0.718353 -0.157299 
0.858998 1.49366 1.71776 0.9529 0.612595 0.892106 0.707891 0.614725 1.15924 0.110752 0.418116 -0.0591081 
0.968914 1.70277 1.65416 0.914082 0.824448 1.10941 0.244735 0.738272 1.68708 0.464652 0.121952 0.0527643 
1.21295 2.25683 1.11277 1.57779 1.10387 1.37225 1.48665 0.974436 0.850801 0.0588645 -0.693335 -0.178388 
1.49578 2.13954 0.574468 1.48551 1.16318 0.978501 2.09807 0.256216 1.72892 -0.16417 -0.86158 -0.563304 
1.59974 2.5391 1.62839 1.54612 1.33377 0.567671 2.68162 1.04814 1.14799 0.596309 -0.676582 -0.247671 
1.62083 2.77052 1.39963 0.822194 2.11986 1.69195 2.04295 0.983864 1.0902 -0.151661 -0.480263 -0.288251 
1.65169 1.87677 0.885531 1.05499 2.31847 2.04846 1.09472 0.843061 0.52206 -0.172222 -0.492066 -0.271746 
1.99071 1.60328 0.481177 1.21964 2.99505 1.77053 2.00027 -0.0300107 1.14915 -0.290869 -0.638409 -0.399236 
1.84627 0.970169 -0.082144 0.982277 2.47653 1.70484 1.60404 0.167814 0.316152 0.0606768 -0.629459 -0.432946 
2.11119 1.08942 -0.417785 1.49039 2.11915 0.0265936 1.85865 0.236675 1.68885 -0.0741564 -0.882677 -0.736964 
2.27414 0.999412 -1.27426 1.16629 2.71499 0.394144 1.46641 0.0224932 1.31536 -0.268491 -0.827904 -0.665931 
2.51308 0.499386 -2.65086 1.15099 3.22141 0.110121 1.40859 -0.172527 1.72113 -0.22408 -0.66039 -0.654471 
2.5341 -0.0159113 -2.76157 1.31166 3.26606 -0.0274607 1.89178 -0.358106 1.80696 -0.39799 -0.567113 -0.616434 
2.402 0.814397 -2.70202 1.14796 3.377 0.0351685 1.59142 -0.451128 1.7346 -0.332112 -0.642705 -0.669555 
2.36875 0.444913 -2.81409 0.615971 3.42051 0.779894 1.3441 0.147842 1.26503 -0.132775 -0.826164 -0.64328 
2.47753 0.584462 -3.09227 0.925849 3.98118 0.735775 1.55972 -0.497683 1.28319 -0.347268 -0.673856 -0.499275 
2.40538 0.142314 -3.15989 0.902524 4.25883 0.748078 1.47556 -0.397498 1.16937 -0.327902 -0.804528 -0.488035 
2.34497 0.366772 -3.16662 0.646169 4.28355 0.734453 1.13921 0.374214 1.13297 0.0888983 -1.10391 -0.5689 
2.34197 0.444853 -2.87095 1.37194 3.37122 0.557977 1.89726 -0.124602 1.44615 -0.637141 -0.626879 -0.580429 
2.26488 0.143434 -2.14408 0.900859 3.92955 0.560121 1.87611 0.456116 0.596855 -0.144544 -0.853977 -0.402546 
2.34421 0.247069 -2.58528 0.777824 4.09313 0.838546 1.86902 0.158941 0.742952 -0.365404 -0.840443 -0.32219 
2.37684 0.553586 -3.03771 1.03422 3.8934 1.02853 1.90645 0.289099 0.858003 -0.530178 -0.814252 -0.331532 
2.41935 0.641077 -2.86307 1.20549 4.28699 1.111 1.1242 0.798312 0.534991 -0.0501379 -1.14083 -0.391885 
2.33428 0.859785 -2.84751 0.849459 4.62324 1.09628 1.15222 0.27828 0.339775 0.294972 -0.970366 -0.276618 
2.36513 0.733354 -2.8358 1.18418 5.20452 0.989585 1.12543 -0.787782 0.539279 0.218105 -0.588506 -0.16008 
2.1628 0.610625 -2.55954 0.956472 4.34638 0.547877 1.78349 -0.00448485 0.891945 -0.0591401 -0.66423 -0.148312 
2.15669 0.289999 -2.09162 0.787184 4.85858 1.33538 0.610594 0.875739 0.415408 0.603488 -0.675854 -0.264392 
2.17779 0.167344 -2.53261 0.17794 4.88567 2.04555 0.770294 1.12227 0.353665 0.635064 -0.546982 -0.262952 
2.25727 0.124953 -2.53371 0.818028 5.08083 1.88605 0.631989 0.829576 0.586906 0.750609 -0.4975 -0.240891 
2.15139 0.374797 -2.29224 0.763209 4.99032 1.68952 1.04777 0.337391 0.417133 0.700281 -0.305235 -0.113466 
2.19001 0.282095 -2.6279 0.745182 4.61772 1.51995 1.74064 0.612315 0.903628 0.384408 -0.607413 -0.265968 
2.24108 0.205191 -2.8185 0.375324 5.09645 1.92975 1.89187 0.482181 0.728069 0.623884 -0.39605 -0.133299 
2.18497 0.0244881 -2.36549 0.856419 5.2197 1.57208 1.93178 0.177301 0.963045 0.634456 -0.302241 -0.074258 
2.31961 0.164904 -2.50423 0.857544 5.30898 1.22269 1.72078 0.868908 1.01332 0.772926 -0.640354 -0.136952 
2.28617 0.354289 -2.07527 1.3869 4.94765 1.37104 1.17332 1.0724 0.927044 0.728091 -0.527607 -0.129387 
2.25401 0.493106 -1.25487 2.04701 4.87536 1.66542 1.03015 0.995105 0.604376 0.753106 -0.359378 -0.170859 
2.15951 0.57082 -0.601106 2.40319 5.07299 2.00238 0.836506 0.710315 0.125631 0.507888 -0.177693 -0.0188429 
2.19594 0.850391 -0.385302 1.51929 4.73569 1.85296 2.52561 0.543084 0.445873 0.257922 -0.540098 -0.0945988 
1.99057 0.323505 -1.27563 0.695298 4.14387 2.01622 1.92006 0.756385 1.54735 0.520284 -0.35475 -0.23123 
2.00536 0.260165 -1.39468 1.05734 3.91698 1.82626 2.06423 0.583424 2.05665 0.424183 -0.35889 -0.272767 
2.03691 0.0263461 -1.61107 1.23489 4.55074 1.62286 1.23492 1.11458 1.40462 0.423814 -0.370922 -0.0652862 
2.09009 0.0696881 -1.37717 1.0609 4.85468 1.48691 1.24901 0.294539 0.745698 0.115072 -0.537307 -0.0430795 
1.91879 0.134608 -1.22229 0.691102 4.44666 2.13363 0.922109 -0.0450139 0.282956 -0.00813346 -0.424762 -0.213333 
1.86991 0.150151 -1.10837 0.705896 3.76506 1.69484 1.22875 0.514903 0.427314 -0.197119 -0.729033 -0.314349 
1.95131 -0.114303 -1.35179 1.18929 3.74044 1.48772 0.529064 0.649135 1.14809 0.215012 -0.608869 -0.409842 
1.95188 0.110647 -0.891106 0.20764 4.14195 1.45057 1.06729 0.551789 1.34665 0.379304 -0.54506 -0.32436 
1.94719 -0.00721609 -0.752176 0.445247 4.36785 1.98716 1.46324 0.217575 0.726836 0.405145 -0.288185 -0.129487 
1.93009 0.181124 -0.743487 0.123469 4.23172 2.24949 1.41105 0.514436 0.685344 0.236441 -0.233052 -0.11039 
1.73621 0.302518 -0.417937 1.17147 3.82007 1.98308 1.47723 0.276938 1.18001 0.273616 -0.513774 -0.263404 
1.70125 0.138131 -0.36072 0.807703 3.20377 2.44369 0.843675 1.34867 1.55518 0.436019 -0.639558 -0.474178 
1.7713 0.302168 -0.710685 0.310598 3.05303 2.49153 1.1384 1.157 1.43733 0.170849 -0.594503 -0.463108 
1.88057 0.476443 -1.1566 0.108334 3.20984 2.33986 1.81918 0.880742 1.42239 0.40975 -0.245859 -0.323742 
1.66786 0.235604 -0.727713 0.215792 3.60288 1.94559 2.16057 0.993654 1.77087 0.79977 -0.00523301 -0.143886 
1.6773 0.567902 -0.710221 0.952943 3.46582 2.0236 2.48248 0.938569 1.52838 0.343648 0.0071722 0.0507066 
1.68017 0.834469 -0.159346 1.16939 3.52149 2.29316 1.79134 1.3732 1.19815 0.265766 -0.19197 0.0216658 
1.69508 0.733214 -0.0138938 0.929726 3.86759 2.08073 1.69271 0.786107 1.54189 0.491102 -0.105463 -0.00893523 
1.69163 0.623956 -0.130533 0.729025 3.89278 2.36652 1.85649 1.24231 1.47112 0.50718 -0.165163 -0.0257147 
1.71184 0.750078 0.318002 0.678559 4.23886 2.67642 1.38387 1.3353 0.93877 0.564539 -0.187351 -0.0877312 
1.81758 0.605493 0.453688 1.33606 3.90219 2.42812 1.15371 1.09979 1.53742 0.54916 -0.47391 -0.232759 
1.74368 0.601059 0.567939 0.983071 3.93828 2.24679 1.32973 1.16818 0.621173 0.930671 -0.287163 -0.226572 
1.84467 -0.408271 -0.425692 0.409839 3.74297 1.65864 1.84522 -0.679105 0.412743 0.774907 0.237597 0.154535 
1.67674 -0.711988 -0.217332 0.882584 3.9332 0.38581 1.89752 -0.495154 0.28747 0.592742 -0.191456 0.0963611 
1.48516 -0.0460494 0.13656 1.48725 2.67736 0.77786 1.80065 1.07897 0.398018 0.418254 -0.197372 -0.152377 
1.37447 -0.136534 0.223598 0.604528 2.41401 1.13039 2.09626 1.20867 1.21901 0.754808 0.0208753 -0.191808 
1.58949 -0.282709 0.54554 0.563917 1.99667 1.57178 2.31096 1.29604 1.0087 1.06413 0.129318 -0.207266 
1.5486 0.30881 0.643286 1.27503 2.36726 1.54285 1.8855 0.638282 1.57578 0.936487 -0.328342 -0.178276 
1.51032 0.39167 0.419393 0.984911 2.34297 0.892145 1.87373 1.24695 2.30093 0.815787 0.0335619 -0.0403291 
1.29582 0.229526 0.714049 1.22696 2.57926 0.816259 1.5295 1.7349 1.97989 0.984679 0.398538 0.0207506 
1.35465 0.595075 0.348515 1.03307 2.65268 1.77624 2.06891 1.37179 1.31388 0.923394 0.146515 0.00786262 
1.43738 0.370655 0.392408 0.886362 2.26924 1.96523 2.11709 1.17487 1.85557 0.569963 0.225437 0.0688633 
1.3576 0.416754 0.387696 0.924797 2.61318 1.43496 1.95721 1.03735 1.16463 0.597323 0.617935 0.183774 
1.26817 0.915464 0.663372 1.13426 2.92422 0.984141 1.808 0.662931 1.08506 0.649212 0.356559 0.190256 
1.26907 1.04078 1.04777 0.475832 2.81277 1.39803 2.13883 0.378636 1.25751 0.632853 0.316199 0.253888 
1.16649 0.96768 1.03097 0.307917 2.65863 1.81242 1.48517 1.48184 1.55938 0.708892 0.488433 0.0858496 
1.25592 0.769651 0.979706 0.294273 2.39549 2.04941 1.5091 1.16288 1.77196 0.364407 0.468026 0.109204 
1.04459 0.898524 0.782016 1.03169 1.80038 1.38851 1.58634 0.789965 1.75261 0.39808 0.656353 0.0226962 
0.988686 0.684925 0.700483 0.72294 1.89851 0.910616 0.670217 1.20389 1.82195 0.594063 0.274036 -0.126676 
1.2011 0.506572 0.871256 1.34418 1.48898 0.140055 1.36858 0.703238 1.92806 0.884674 0.0904465 -0.0115418 
1.24322 1.01458 1.2156 1.37983 1.77776 0.853174 2.03546 0.797394 1.91079 1.08573 0.244478 0.0946067 
1.1865 0.945613 0.876004 1.20475 2.10706 1.33424 1.07964 0.908074 2.35722 0.87415 0.0809517 -0.0255736 
1.1581 0.889391 1.46636 0.246144 2.22889 1.20084 0.871503 1.26028 2.01768 0.888058 0.399593 0.0339676 
1.33132 0.83873 1.49112 0.115935 2.15355 1.33558 1.43451 1.63209 0.679657 0.744952 0.567859 0.0879633 
1.15474 1.11556 1.34347 0.326335 2.86715 0.937993 1.40381 1.1127 0.299725 0.181021 0.462466 0.123952 
1.05053 1.37655 1.289 0.280101 1.95002 0.445412 1.56309 1.54664 0.805624 -0.226258 0.462252 0.050637 
1.06823 1.23453 1.28104 0.73609 2.16185 0.880843 1.21784 0.856655 1.25979 0.441637 -0.0956143 0.0903532 
1.05882 1.17455 1.1161 0.846366 1.43225 0.207939 1.67335 0.86838 1.63014 0.159431 0.348497 0.0727244 
1.11791 1.15337 1.21302 0.395068 1.2124 0.0666805 1.98114 1.03826 1.12193 -0.102425 0.687008 0.0815494 
1.06829 0.725397 1.08224 0.39238 1.97445 -0.0192828 2.13922 1.19603 1.32311 0.262538 0.139125 0.114257 
0.991224 1.08585 1.552 0.51851 2.24312 0.285161 1.78908 0.996795 0.945117 0.65068 0.239539 0.117158 
1.0482 1.09052 0.93038 0.549084 1.87383 0.757102 1.55769 1.21678 1.28319 0.818983 0.482453 0.0422931 
1.02614 1.1062 0.991822 -0.00420208 2.04175 0.508791 1.1611 1.0458 0.811433 -0.00144317 0.505738 -0.0120884 
0.896259 1.45268 2.09136 0.203177 1.51233 -0.17446 1.40592 1.11722 0.635687 1.06078 0.749334 0.080639 
1.11991 1.49943 1.50897 0.414125 1.6738 0.217524 1.85827 0.695722 0.400028 1.33123 0.729012 0.227947 
1.10501 1.33223 1.45294 0.582149 1.26168 0.934591 1.56728 1.20741 0.695451 0.907149 0.45602 0.0989179 
0.993874 0.976492 1.19291 0.346208 0.873214 0.710384 1.77972 0.787827 1.32714 1.03794 0.272662 0.00230067 
0.939598 1.00749 1.7737 0.63688 1.44875 0.684621 1.14787 1.45161 1.52386 0.51784 0.1884 0.0742883 
0.919946 1.28333 1.6052 0.384045 1.56085 0.0192667 1.82484 0.593673 1.19352 0.188411 -0.00598617 0.133822 
1.05217 1.39758 1.407 0.574762 1.03549 1.01932 1.77167 0.407013 1.27982 0.744002 0.269743 0.124496 
