0.567201 1.10802 1.21015 0.945487 1.1569 1.8406 0.413018 0.881913 1.41157 0.110209 0.237856 0.0133061 
0.392002 1.09334 1.28173 0.42144 0.725694 1.57493 0.548442 0.111639 1.08268 0.151352 0.0125003 -0.0513437 
0.470242 1.04052 1.39233 1.30298 1.05876 0.677477 1.53671 0.622881 1.25132 1.00919 0.117079 -0.0249609 
0.53567 1.25831 1.59778 1.67243 1.10027 0.461563 0.954883 0.455077 0.90872 0.26991 0.56384 -0.0485529 
0.615889 1.29689 1.08685 0.859919 1.37118 0.52155 -0.0258221 0.5804 0.303534 0.79313 0.668959 -0.0162534 
0.584329 0.994605 0.878514 0.693475 1.04727 0.491317 0.714903 0.849259 0.495553 0.550687 0.593176 -0.0150474 
1.04022 0.318995 0.231894 0.00669932 2.06827 0.562281 0.830885 -0.0296995 0.596375 -0.179515 -0.151204 0.0757228 
1.45044 -0.00233034 -1.92892 1.06261 3.0936 0.661001 1.72832 -0.45352 0.845155 -1.10929 -0.45267 -0.257462 
1.74789 0.298237 -1.88937 0.949534 3.0145 1.05892 1.78344 -0.438616 0.678696 -0.933175 -0.373619 -0.226776 
1.99652 0.706931 -1.40519 0.428749 3.55517 1.42309 1.38314 -0.757592 0.858167 -0.614117 -0.415546 -0.243161 
2.0018 0.670794 -2.51117 0.328221 4.11706 0.87845 1.60253 -0.658058 1.47302 -0.435135 -0.567552 -0.394842 
2.30237 0.919195 -2.28055 0.695837 4.45236 0.41574 1.51761 -0.67978 0.883745 -0.336808 -0.865085 -0.239621 
2.34878 0.338273 -2.49915 0.570983 3.90106 0.984955 1.22037 0.0101892 0.473815 -0.235109 -0.681451 -0.251696 
2.35486 0.114752 -2.27598 0.713423 4.22708 1.12731 1.25937 -0.0434977 0.084593 -0.440176 -0.715305 -0.147142 
2.16856 0.615738 -2.21184 0.913414 4.02389 0.744763 1.55538 -0.379499 0.319568 -0.373758 -0.666642 -0.206859 
1.91243 0.370695 -2.43729 1.08303 4.06525 0.610653 1.28103 -0.50557 0.777814 -0.460733 -0.78614 -0.385932 
2.07879 0.455703 -1.98918 0.840678 4.22811 0.476584 1.2759 -0.377315 0.422684 -0.33937 -0.96045 -0.331329 
2.1049 0.61949 -2.33756 0.627888 4.76996 0.575843 1.26157 -0.67203 0.4606 -0.261948 -0.927346 -0.217592 
2.07429 0.380193 -1.59252 1.23721 4.79273 0.783319 1.23236 -0.621726 0.139618 -0.269622 -0.935188 -0.269885 
2.08829 0.169225 -2.32492 0.817192 4.61439 1.00856 0.913154 -0.0895965 0.246167 -0.345581 -0.980415 -0.27608 
2.19248 0.390493 -2.30484 0.965694 4.36551 0.549371 1.27312 -0.422018 0.536844 -0.357729 -0.91367 -0.313656 
2.24938 0.399328 -2.59005 0.38291 4.45469 0.619276 1.62013 -0.589424 0.963861 -0.208795 -0.887207 -0.354892 
2.33545 0.124807 -2.14634 1.7109 4.89586 0.649781 1.45658 -0.844193 0.475786 -0.506728 -0.697382 -0.147427 
2.1494 0.351473 -2.37131 1.79507 4.93885 0.489682 1.64094 -0.715572 0.830227 -0.533386 -0.758871 -0.144611 
2.29096 0.570193 -2.39707 1.28617 5.02424 0.958591 1.40748 -0.641218 0.618003 -0.153272 -0.648027 -0.110139 
2.48262 0.349082 -2.573 1.12219 5.47738 1.38589 0.537072 0.479345 0.249393 0.463623 -0.944907 -0.312248 
2.23034 0.877627 -1.829 1.48924 5.51495 1.32656 0.680428 -0.506633 -0.0528042 0.26198 -0.604654 -0.0697649 
2.20481 0.440056 -2.07873 1.53284 5.07807 0.90624 1.26743 -0.421666 0.433306 -0.177884 -0.605323 0.00110846 
2.29119 0.556694 -1.72837 1.47561 5.09091 1.11239 0.875733 -0.129519 0.409175 -0.00337295 -0.680327 -0.0796369 
2.26216 0.513036 -2.9944 0.444308 4.6633 1.43181 1.28811 0.761963 0.879857 0.351045 -0.745625 -0.131011 
2.12014 0.578774 -2.75955 0.0589204 4.54443 1.79798 1.39419 1.14463 0.899834 0.49549 -0.651347 -0.198255 
2.35103 0.275497 -2.56956 1.01622 5.30503 2.06887 0.709955 1.08729 0.215976 0.527967 -0.711806 -0.105002 
2.45012 0.763272 -2.52124 0.646985 4.88581 1.40439 1.6504 0.708524 0.450993 0.344983 -0.760442 -0.0735623 
2.3106 0.622366 -2.58452 1.14554 4.81606 1.57316 1.61435 0.0171415 0.48692 0.167723 -0.514111 -0.121789 
2.23104 0.666346 -2.48232 1.29744 5.03688 1.48189 1.62952 -0.409574 0.272675 -0.00299371 -0.482216 -0.0185882 
2.38994 0.363686 -2.70645 1.19909 5.49866 1.6212 0.873957 0.339084 0.263948 0.415501 -0.741807 -0.106449 
2.20742 0.69722 -2.03522 1.36268 4.44381 1.6758 1.22884 0.612926 0.884698 0.273557 -0.654588 -0.253072 
2.25723 0.450038 -2.28837 0.688752 4.24109 2.69713 1.69367 0.695043 0.656307 0.510154 -0.173259 -0.175771 
2.16481 -0.0318564 -2.37074 0.513378 4.55854 2.66656 1.59631 1.49349 0.749303 0.464954 -0.251233 -0.0671421 
2.16682 0.193361 -1.915 0.922828 4.39175 2.30241 1.39153 1.16731 1.33711 0.431303 -0.447781 -0.203466 
2.25858 0.375949 -1.91644 1.54858 4.85485 1.8848 1.29036 0.63618 0.641168 0.403272 -0.490977 -0.166087 
2.3351 0.547322 -1.49603 1.50019 4.17795 1.68829 1.38411 1.35525 1.06128 0.505994 -0.643723 -0.366918 
2.35299 -0.27414 -2.27819 1.19834 4.80913 2.2391 0.987765 0.927238 0.785984 0.499732 -0.294083 -0.161382 
2.32209 -0.103383 -2.21192 1.3159 5.16921 2.31159 0.786405 0.0612431 -0.00525271 0.433154 -0.139919 -0.0888473 
1.85131 0.398181 -1.02969 0.768888 4.84741 2.13028 0.86875 0.00504121 0.595736 0.26686 -0.0818826 -0.00947113 
1.78767 0.114297 -1.70283 0.847622 5.23063 1.95649 1.04308 -0.467961 0.342053 0.461236 0.0108763 0.0221947 
1.90292 -0.377516 -2.17063 0.176673 4.85951 1.75568 0.803046 -0.20128 0.261959 0.211331 -0.481366 -0.351411 
2.02658 -0.0823027 -1.98802 1.00186 4.20873 1.26489 1.80195 0.173181 1.46904 0.223859 -0.380814 -0.23989 
1.94748 -0.202212 -2.71271 0.771128 4.30506 1.95097 2.08191 0.656847 1.87046 -0.110691 -0.417792 -0.245982 
1.88783 -0.0272709 -1.48343 0.884515 3.72158 1.70776 1.749 0.807459 1.99069 0.0939217 -0.544843 -0.268131 
1.88036 0.0482813 -0.859955 0.80867 3.99169 3.12497 1.74399 0.0104416 0.332593 0.510932 0.269953 0.103542 
1.59533 -1.05694 -0.279539 1.96479 2.50487 1.98785 2.53565 1.66364 0.36697 -0.0771745 0.399959 0.242169 
1.53266 -1.01393 0.533511 2.24247 2.47425 1.12703 2.05935 1.63483 -0.134246 -0.305131 0.443035 0.248368 
1.52578 -0.537477 0.806784 2.10311 3.43865 1.16557 1.79135 0.68274 0.527526 -0.0760515 0.349354 0.428995 
1.65805 -0.0217123 -0.112416 1.70547 4.17013 2.22305 1.81785 -0.291615 0.965379 0.575218 0.0923219 0.105064 
1.8619 0.142996 -0.45456 2.37657 3.69132 1.4306 2.63015 0.213705 0.578766 0.610437 0.349438 0.095793 
1.95217 0.305219 -0.344805 2.01502 3.30516 1.53367 3.15126 0.975688 1.23509 0.578234 -0.135985 -0.0975735 
1.8837 0.836992 -0.451835 1.3883 3.75936 1.98519 2.81155 1.40231 1.30778 0.311095 -0.424681 -0.0268537 
1.80366 0.423513 -0.461683 1.16151 3.43558 2.56104 3.22677 1.06808 0.403959 0.452188 0.234274 0.256121 
1.7586 0.596415 0.141535 1.75183 3.84818 1.91618 3.20179 0.189963 1.35864 0.377446 -0.000739836 0.225957 
1.77513 0.712455 0.360656 2.12672 4.21237 2.11503 2.36343 0.554309 1.12231 0.465365 0.0648152 0.212064 
1.66961 0.531682 0.386595 1.38543 3.59844 2.08182 1.98554 1.21397 1.24046 0.389439 0.12641 0.227813 
1.55237 0.71143 0.0668459 1.34176 3.74757 2.5638 2.10333 0.516767 1.28367 0.852135 0.449516 0.208143 
1.53241 0.696059 0.618905 1.82237 4.0145 2.34139 1.88826 0.353793 1.60254 0.589699 0.414336 0.289094 
1.54308 0.73042 0.695815 1.22213 3.74136 2.11096 2.30794 0.946175 1.65968 0.249355 0.143789 0.319759 
1.63834 1.00033 0.521041 1.24815 4.04256 2.43201 2.60578 0.99202 1.37391 0.569533 -0.0977925 0.179658 
1.58955 0.817074 0.140714 1.77411 4.20873 2.59572 2.06689 0.789851 1.22314 0.625052 0.205538 0.22447 
1.52502 0.976816 0.491416 1.46664 4.00166 2.66657 1.94936 1.10908 1.19792 0.474931 0.287384 0.266737 
1.50691 0.968837 0.660979 1.22185 3.3689 2.56686 1.60034 1.17912 1.46145 0.443209 0.416107 0.230993 
1.45627 0.525532 0.244114 1.09215 3.40357 2.34775 1.80572 1.3998 1.74414 0.339252 0.43122 0.239156 
1.13053 0.034363 0.546869 2.92325 2.82871 1.58844 1.42062 0.186018 2.06926 -0.12497 0.758605 0.256283 
0.654366 -0.286431 1.37477 3.64974 2.27034 0.997235 1.52033 -0.340774 1.23065 -0.523135 0.520628 0.224765 
0.484601 -0.31523 1.30133 3.12478 2.4404 1.7363 2.51147 0.293889 0.529764 -0.383632 0.9182 0.444214 
0.669435 -0.114678 0.759431 2.26782 2.69796 2.43037 1.86143 0.450175 1.0126 -0.311055 0.880079 0.289828 
0.947236 -0.244882 1.3976 1.7186 2.48944 1.80965 1.85742 0.847254 1.06357 0.484858 0.215424 0.164966 
0.992257 -0.234795 1.57123 2.95734 1.79278 1.81173 2.28927 0.161708 0.457744 0.0892792 0.563808 0.251123 
0.814795 0.394946 1.40269 1.85094 1.13305 2.20828 1.70599 1.02246 0.636993 -0.284342 1.52106 0.0926048 
0.84249 -0.117147 1.51785 1.78624 0.0382383 1.48865 1.91394 1.4036 2.47449 0.0880777 0.765263 -0.00611233 
0.806047 -0.0512361 1.0909 1.62709 0.74658 1.98031 1.94422 1.36755 2.57902 -0.416851 0.442164 0.0258755 
0.873334 -0.0938985 1.24395 1.51217 1.68426 1.61673 1.19308 1.60185 1.52785 -0.398204 0.26073 0.14638 
0.819173 -0.237018 1.31871 1.52371 0.581592 1.46966 1.62885 1.39428 1.32717 0.214473 0.904506 -0.111943 
0.67353 0.0548723 1.50137 0.738013 0.567659 1.30438 1.88 0.378024 1.338 -0.283047 0.7726 -0.179792 
0.67906 0.152278 1.35788 1.2511 0.217728 0.313925 1.86342 0.968948 1.25435 -0.0554965 0.798414 -0.187619 
0.832657 0.0893783 1.61981 1.02655 0.413383 0.0964861 1.62522 0.802173 0.269884 -0.00834117 1.05604 -0.138939 
0.954457 0.32256 1.44298 1.70416 0.308824 -0.559214 1.9792 0.776566 0.828367 0.23744 0.745167 -0.0263711 
0.997287 0.173986 1.40076 1.50363 0.400464 0.67048 2.02333 0.505226 1.21799 0.00529389 0.578152 0.0373787 
0.981989 0.349827 1.44033 1.81609 0.71262 0.476243 1.81146 0.659011 1.20013 0.309227 0.740947 0.00514677 
0.97155 0.382887 1.57998 1.42584 0.672657 0.365846 2.03269 1.15546 1.28464 -0.0536537 0.711972 0.0724574 
1.07042 0.724974 1.5012 1.55224 1.45316 0.694391 1.21092 1.23738 1.22422 -0.116497 0.37071 0.142546 
1.01395 0.643832 1.7022 1.54818 1.40587 0.676125 1.698 0.984749 1.6685 0.172574 0.0357625 0.175476 
1.08259 0.767216 1.64006 0.921413 1.61297 0.804146 1.5238 0.398474 2.02064 0.274298 0.198381 0.167773 
1.04399 0.953686 1.95665 1.78869 1.85454 0.443445 1.18354 0.710146 1.1102 0.46158 0.468069 0.13946 
1.1451 0.885829 1.87977 1.96857 1.6206 0.719881 1.81714 1.47036 0.872776 0.35401 0.555684 0.215094 
1.27678 0.923184 2.2182 1.37794 2.14689 0.870992 1.63674 1.59539 1.11251 0.267606 0.230777 0.219559 
1.20787 1.00241 2.10301 0.724678 1.92616 1.39505 1.80738 1.33745 1.23867 0.270649 0.535949 0.255395 
1.2028 0.962159 2.38593 1.15403 1.40637 1.17706 1.9311 1.02374 1.39045 0.318422 0.251922 0.244247 
1.20379 0.781176 2.31565 1.59323 1.82994 0.829801 1.82255 1.07713 1.18929 0.607275 0.372825 0.22933 
1.14516 0.731232 2.15318 0.792349 1.69577 0.200542 1.89526 2.32351 1.13186 0.945422 0.571719 0.155533 
1.23053 1.19488 1.9065 0.675612 1.43334 -0.0470295 1.88892 1.85798 1.47582 0.695513 0.690239 0.241561 
1.06961 1.40871 2.07224 1.22516 1.3502 -0.445523 1.16459 1.58361 1.52885 1.15225 0.577122 0.285422 
1.2301 1.26039 2.08368 1.46579 0.968817 -0.122167 1.06337 1.55088 1.36175 0.635881 0.896735 0.305151 
1.09542 1.5393 1.74351 2.75732 1.6395 1.02055 1.04146 0.309996 1.32053 -0.232306 0.575905 0.0899541 
0.992439 1.4499 2.13801 2.32569 1.19306 0.630854 1.11602 0.287845 1.43899 0.169144 0.124268 0.156709 
1.06148 1.33213 2.01359 1.30857 1.04961 0.202773 1.29713 0.642924 1.55469 0.782089 0.659215 0.215517 
1.01843 1.24268 1.95971 1.39689 1.24327 1.22386 0.869859 0.739916 0.628234 0.484034 0.522595 0.103728 
0.985179 1.49096 1.86462 0.953962 0.960692 0.465422 0.352215 0.519293 0.786732 0.572721 0.912516 0.137223 
0.98329 1.42096 1.95484 1.04933 0.993541 -0.33011 0.336021 0.755405 1.16872 0.185965 0.741769 0.175692 
0.910685 1.51296 1.93775 0.581531 1.45101 0.368742 0.103281 0.749779 0.774352 0.574745 0.485405 0.081422 
1.10999 1.16454 2.10571 0.819391 1.23735 0.540101 0.730821 1.03056 0.410606 -0.018542 0.142229 0.0336435 
1.00436 1.30225 1.80733 0.66867 0.776191 -0.176142 1.09746 0.408892 1.13937 0.232673 0.431737 0.0955673 
1.02923 1.60717 1.80142 -0.199807 0.234384 -0.731723 0.943546 0.783482 1.30494 0.918357 0.181935 0.184657 
