0.685638 1.37818 0.973191 1.03617 1.25196 1.17514 1.66774 1.79944 1.07415 0.536799 0.154947 -0.0114637 
0.743091 1.53692 1.29425 0.68931 1.266 1.17685 1.16213 2.16862 0.887588 0.387276 0.0909861 -0.0321885 
0.780367 1.55658 1.31201 0.58807 1.47166 0.825038 1.07303 2.05519 1.60118 0.580491 0.245642 0.0613341 
0.747546 1.41391 1.76259 1.14304 1.76501 1.40208 1.52527 1.89749 1.1051 0.370519 0.0300214 0.234277 
0.610993 0.704361 2.32507 1.53189 1.29446 1.81999 1.52273 0.839147 0.568403 0.844194 0.111714 0.151785 
0.550399 -0.105278 3.75825 1.11733 1.16498 0.62523 1.43126 -0.300492 1.07778 0.649612 0.0659707 0.0963333 
0.445193 0.136011 3.72694 0.654938 0.762874 1.30422 1.28006 -0.505416 1.40615 -0.259284 0.0873047 0.217002 
0.064866 0.205316 4.33849 -0.694418 1.39999 2.84561 -0.839514 2.27487 2.20934 -0.346442 0.501534 0.236681 
-0.16456 0.482988 5.02183 -2.41548 2.23463 2.93767 -0.153204 2.56263 1.40165 0.00684434 0.385295 0.11794 
-0.338892 0.329911 5.77966 -3.06377 1.95002 3.32111 0.128432 1.94519 2.03752 -0.250816 0.169415 0.418116 
-0.456509 0.0910471 6.403 -2.39744 0.788031 4.14481 -0.327074 1.98673 1.07577 -0.267891 0.744935 -0.0294914 
-0.472587 0.37556 6.24989 -1.53151 -0.0889683 3.06208 1.38418 1.18227 0.831663 1.06753 0.397302 -0.337359 
-0.244829 -0.269852 5.79823 -0.289659 -0.783586 3.48234 2.10537 0.223405 1.14572 1.21132 -0.0720087 -0.049855 
-0.379021 -0.631056 5.70005 -0.447133 0.0835814 4.39782 1.89617 -0.0105853 1.35915 0.845081 -0.150456 0.163035 
-0.466736 -0.0836673 5.4528 -1.04298 0.762513 2.57653 1.38903 -0.706946 1.51925 0.684089 -0.477896 0.282388 
-0.490806 -0.214948 6.03178 -0.435856 0.602954 2.25212 1.71873 -0.220778 1.78727 0.588106 -0.301731 0.338813 
-0.443525 -0.307527 5.63727 0.101573 1.67013 1.18553 2.59184 0.137841 1.37448 1.16765 -0.538157 0.499891 
-0.561293 0.220901 4.99376 0.452758 1.12624 0.664187 2.89674 -0.400936 1.53334 0.987969 -0.453691 0.399694 
-0.79044 0.219987 4.93416 0.552602 0.324813 1.16963 2.86235 -1.48823 1.93272 0.531704 -0.274369 0.325024 
-1.05919 0.097363 5.07844 1.15834 1.73149 0.806632 2.29688 -0.772141 1.71025 0.674539 -0.440758 0.505265 
-1.06585 0.0587982 4.62882 0.563368 2.10643 0.345677 1.95726 -0.661191 1.33399 1.10139 -0.806578 0.645253 
-1.01586 -0.0504412 4.27588 0.54599 1.49484 -0.338051 1.68606 -0.414594 1.38479 0.62341 -0.58667 0.551947 
-0.999263 -0.156922 4.32744 0.509931 1.17821 -0.411341 2.38913 -0.684413 1.43864 0.62327 -0.664835 0.608868 
-0.775224 0.1169 3.89711 1.05414 1.49518 0.646708 2.55724 -1.48715 0.893901 0.744981 -0.750965 0.271168 
-0.780758 0.150538 4.54855 1.17844 1.70561 0.834882 2.12621 -0.469218 -0.0156863 1.04866 -0.304028 -0.137898 
-0.882346 -0.51937 4.80656 0.741722 1.16407 0.888686 3.31765 0.101341 0.0421933 1.15568 -0.187638 0.190434 
-0.574151 -0.465842 4.5984 0.571261 -0.335735 0.451444 4.05941 0.24102 -0.12949 1.41102 -0.301751 0.120206 
-0.495748 -0.433023 3.79713 0.85183 -0.799649 0.64612 3.29241 -0.102033 1.00848 0.611576 0.0482735 -0.0173281 
-0.266305 -0.522249 3.66208 0.367147 -0.72572 0.630486 2.48866 0.275491 1.50259 0.494125 -0.240277 0.0658537 
-0.0238151 0.00341346 3.65872 0.700957 -0.447283 0.25324 1.85252 0.755682 1.94372 0.610182 -0.164479 0.121903 
0.313777 0.420392 3.88566 0.540847 -0.0594925 1.63206 1.53673 -0.333981 1.3453 0.672814 -0.172383 0.0760011 
1.5467 1.50763 3.5187 0.689174 -0.531598 -0.313427 1.92763 0.105806 1.57472 0.948604 -0.820586 -0.141831 
1.79674 1.63783 3.27911 0.961505 -0.256216 0.0758479 0.975206 0.860061 1.69539 0.916268 -0.601222 -0.257579 
1.64586 1.66044 2.94011 0.276978 -0.160856 0.726719 0.245465 0.586042 1.62565 0.645658 -0.674514 -0.200747 
2.33187 0.589275 1.28535 -0.0460517 0.0438916 0.880581 0.133603 -0.277048 1.72262 0.258554 -0.630014 -0.214714 
2.54151 0.334844 0.330396 -0.220611 0.66145 0.285972 -0.322736 0.116168 1.68661 0.189533 -0.570984 -0.252093 
2.51796 0.224557 0.515623 0.0583096 0.324487 0.191189 0.496142 -0.227928 1.54744 0.332356 -0.699406 -0.296308 
2.37971 0.218193 -0.27758 0.628377 0.812288 1.02342 0.168337 0.0375139 1.67017 -0.393223 -0.759087 -0.114185 
2.56078 -0.178652 -0.277123 0.436263 0.643615 0.79489 0.251781 -0.139844 1.76721 -0.149316 -0.958442 -0.124043 
2.5608 0.16054 -0.655047 0.18769 0.846425 0.536818 0.369456 -0.051239 1.96192 -0.0556819 -0.799996 -0.228391 
2.60577 0.20603 -0.53155 -0.206124 0.982302 0.457261 0.765842 -0.698716 2.0483 0.141138 -0.787761 -0.127469 
2.62307 0.334976 -0.420169 -0.176633 1.05735 0.83439 0.383407 -0.464487 1.73438 -0.152522 -0.701139 -0.0156337 
2.73168 0.260617 -0.445411 -0.22424 1.25234 0.607176 0.333966 -0.0666942 1.5209 -0.0267711 -0.666795 -0.0479076 
2.66995 0.667576 -0.101789 0.247672 0.614225 0.949819 0.638121 -0.405581 1.64024 -0.112615 -0.745623 -0.190691 
2.74857 0.595104 -0.237655 0.0699316 0.680554 0.998631 0.480347 -0.551612 1.6433 0.0629977 -0.616542 -0.0839904 
2.50354 0.901682 -0.0274633 0.277377 0.461293 0.564994 0.507798 -0.644803 1.96111 -0.0952173 -0.535078 -0.189222 
2.69385 0.16742 0.226896 -0.0255606 0.445872 0.494894 0.202727 -0.920233 2.22216 0.557063 -0.909166 -0.146457 
2.56902 0.630775 -0.12515 0.213554 0.485466 0.376066 0.152933 0.0448529 2.26836 0.0851002 -0.622136 -0.153989 
2.58125 0.990491 0.203632 0.610347 0.59022 0.899185 0.828724 0.392347 1.76269 -0.128051 -0.544189 -0.129756 
2.73129 0.927433 0.497297 -0.091595 0.200071 1.08609 2.5824 -0.968064 0.955292 0.384269 -0.408462 -0.0901426 
2.6983 1.19139 0.333778 -0.145358 0.785372 0.809783 2.0952 -0.275043 1.16424 0.14603 -0.299609 -0.0274869 
2.6916 1.36627 0.14822 0.522019 0.652513 0.670914 2.04153 -0.321925 1.09432 0.174851 -0.0669376 -0.128156 
2.68375 1.2394 0.121796 0.692731 0.698322 0.0193017 1.07431 -0.276164 1.70451 0.369451 -0.193846 -0.214037 
2.92537 1.00163 -0.840065 0.312446 1.39442 -0.832426 1.55816 0.145766 1.33105 -0.0257744 -0.301399 0.0179631 
2.79618 0.927346 -0.460038 0.334987 1.03925 -0.761998 1.67023 0.0682712 1.23692 -0.141788 -0.449758 -0.0962172 
2.84223 0.420025 -0.157275 0.574924 1.00376 -1.27043 1.98793 -0.564406 1.14661 0.109417 -0.840516 -0.262211 
2.8849 0.468143 -0.290247 0.784131 0.478465 -1.2882 2.06796 -0.783457 0.961361 0.126617 -0.604101 -0.434554 
2.65132 1.05814 -0.111574 0.17559 0.528429 -0.978708 1.40899 0.0821638 1.22383 0.106868 -0.405282 -0.305388 
2.47118 1.05836 0.303782 0.0950446 0.103104 -0.379413 2.42207 -0.157318 0.924837 0.601176 0.027655 -0.214834 
2.6294 1.01784 0.407156 0.202553 0.404902 -0.782051 2.28796 -0.114907 1.12112 0.903337 0.038655 -0.20714 
2.40749 1.38143 0.998265 1.2942 0.459853 -1.38065 1.41424 0.577418 1.60117 0.71628 -0.0224034 -0.226044 
2.54426 1.63045 0.527596 1.13431 1.11454 -1.09673 1.20461 0.324982 1.04258 0.619255 0.118578 -0.099628 
2.24652 1.73874 0.876602 1.11284 1.99105 1.01934 1.41643 0.0865076 0.569626 -0.220493 -0.230994 -0.112904 
2.49934 1.7076 1.16059 1.14528 2.15672 -0.515785 1.43609 0.760574 1.68457 0.203218 -0.47416 -0.0978549 
2.5932 1.45569 0.789886 1.07663 1.75993 -0.108262 1.96439 0.498636 1.21028 -0.0147815 -0.18344 0.15024 
2.35118 1.74138 0.403196 0.899967 1.8417 0.348428 1.15541 1.02212 1.62982 0.14776 -0.0355728 0.0393355 
2.42477 1.45817 0.598758 1.23287 2.98083 0.767586 0.840718 1.14893 1.40605 -0.336454 -0.521072 -0.021196 
2.26146 1.49971 0.737142 1.36379 3.16594 1.48678 1.15624 0.647543 1.33 -0.755306 -0.591464 -0.107721 
2.39296 1.71749 1.11419 0.841529 2.66247 1.4301 1.44992 -0.22545 1.24569 -0.138234 -0.353236 -0.107888 
2.29594 2.01851 1.36576 1.207 1.77547 0.583934 1.84587 0.227213 1.18518 1.38643 0.209069 -0.127117 
2.37181 1.87491 1.43891 1.26112 1.59724 0.33512 2.12975 0.354775 1.67311 1.02873 0.097694 -0.0976739 
2.31255 1.71436 1.18642 1.34749 1.99535 0.20764 1.54633 0.87015 2.08388 0.463555 -0.0456409 0.028285 
2.12314 1.74807 0.980201 1.19891 2.63394 1.76219 1.97571 0.714761 1.07906 0.0120476 0.279682 0.274582 
1.93681 2.07185 1.94594 1.38479 2.91487 2.45898 2.15837 0.258362 0.797872 0.26558 0.427035 0.324128 
2.11872 2.01635 2.09492 1.50577 2.42638 1.66139 1.17773 1.22039 1.80466 0.720575 0.219668 0.0914527 
2.33686 1.92538 2.22498 1.71723 1.34984 1.16685 2.07151 1.23167 1.26611 0.850448 0.208208 0.0211639 
2.16299 2.08227 1.809 0.926926 2.17588 0.590201 2.5994 1.35803 0.665792 0.536 0.092981 0.181717 
2.06021 1.62839 1.30042 0.0259889 0.874297 0.465587 1.83515 1.3317 1.4295 0.736374 0.634857 0.357386 
2.04161 1.78128 1.45864 0.356033 0.447252 0.537906 1.55221 0.657258 1.10099 0.925708 0.467368 0.171672 
2.13143 1.84083 1.32183 1.0675 1.29963 0.910204 1.76137 0.318413 0.278877 0.390699 0.0989425 -0.00118924 
1.97693 2.11506 1.93554 0.732398 1.32318 1.80815 1.3635 0.770462 0.980039 0.642861 0.0417529 -0.0048423 
1.92236 2.16628 1.97467 0.910886 1.0834 0.953845 1.54894 1.14715 1.34431 1.15565 0.338558 0.130285 
1.94699 1.92333 1.75767 1.13007 1.71579 0.752092 1.64199 1.6012 1.24701 1.45026 0.451422 0.175606 
2.00504 1.77567 1.4317 1.63537 2.14827 1.66043 1.69077 1.53325 1.04818 0.294639 0.389353 0.270737 
2.02972 1.85225 2.06486 1.6032 2.485 1.29721 1.19331 1.11841 2.12627 0.0343189 0.180431 0.233457 
1.77849 1.97573 1.76736 1.33822 1.71426 0.910089 1.91417 1.42235 1.98484 0.650483 0.391264 0.20721 
1.64059 1.72049 1.72419 0.369311 1.33324 0.822159 2.22513 1.63891 1.1627 0.708315 0.800524 0.355058 
1.63671 1.75374 1.79871 0.154455 1.46464 0.691341 1.97818 1.66129 0.57238 0.0644106 0.960222 0.399501 
1.58928 1.65721 1.45233 0.343878 1.48168 0.617879 1.33334 1.37909 0.847317 0.656096 0.60394 0.222051 
1.73736 1.62257 1.25696 1.08012 1.01347 -0.307076 1.41942 1.43192 1.59433 0.771537 0.41336 0.194 
1.77336 1.56256 1.64149 0.973982 1.58954 0.46148 1.83876 1.36092 0.956479 0.588506 0.533413 0.29818 
1.63446 1.73112 1.98146 1.4325 1.82995 0.526627 2.09567 1.24672 0.7253 0.471586 0.220645 0.165972 
1.61757 1.58149 2.20473 1.44946 2.09621 1.04546 2.64626 1.06183 0.869374 0.42244 0.386303 0.285445 
1.59351 2.11819 2.37443 1.17137 1.43415 0.551662 1.6689 1.88717 1.68987 0.435555 0.56692 0.242888 
1.58725 1.83237 1.94969 1.72545 1.53564 0.981414 1.59769 1.32102 1.37617 0.26784 0.678288 0.309748 
1.48548 1.73042 1.57733 1.38101 1.9313 1.32861 2.02863 1.08104 1.72116 0.286598 0.550478 0.25357 
1.4797 1.62141 2.52868 1.1777 2.81318 1.2153 1.49546 1.60672 1.50954 0.631249 -0.0794479 0.130257 
1.43681 1.88942 2.33162 1.53739 2.39169 1.15983 1.61292 1.68285 1.64097 0.743026 0.143726 0.198756 
1.5312 1.90773 2.06306 1.87651 1.99488 0.148147 2.41376 0.828118 1.69983 0.429734 0.463284 0.322445 
1.51656 1.83424 2.06157 2.3437 1.95778 0.521514 2.08994 0.786061 1.21382 0.341239 0.684391 0.326097 
1.50153 1.99723 2.2001 1.94178 1.4454 0.507881 2.06488 0.984494 1.29549 0.652875 0.687971 0.31629 
1.50828 1.92154 2.1765 1.56846 1.85547 0.0192398 1.65252 1.3414 1.70746 0.743664 0.525018 0.345244 
1.4561 1.66854 2.41141 1.05467 2.02382 0.750653 1.41639 1.25699 1.43008 0.8714 0.592112 0.332381 
1.44837 1.87249 1.82144 1.40247 1.74372 0.4236 0.519128 1.29462 1.93044 0.461159 0.934709 0.33843 
1.42559 1.59705 1.78776 1.24559 1.14383 0.700902 1.58647 0.752552 0.708794 0.567161 1.03513 0.306289 
1.45817 1.50376 1.94976 1.55704 1.33863 1.2149 1.44843 0.590242 0.664181 0.0437479 0.951717 0.32486 
1.26271 1.57785 2.62785 1.55726 1.83112 0.553807 0.508851 0.968094 1.72521 -0.193024 0.534977 0.285586 
1.19551 1.53679 1.92941 1.53588 2.11321 0.698088 1.14231 0.78598 1.02409 -0.230374 0.425666 0.0835525 
1.21439 1.3752 1.49797 1.43378 1.43442 -0.156667 1.49346 0.951127 0.650622 0.541675 0.435896 0.103476 
1.11258 1.21579 1.61397 1.20607 1.44354 0.239769 1.31984 0.614434 0.841569 0.339899 -0.254198 -0.000540285 
1.19555 1.48544 1.8425 1.39074 0.900978 0.819386 0.787595 0.929608 0.711309 -0.309706 0.447937 0.0576737 
1.22395 1.64669 1.75242 1.55779 1.85661 0.558687 1.8748 1.58949 0.317262 0.354709 0.776324 0.218505 
1.22014 1.17492 2.24618 1.03701 2.25443 0.994569 1.04439 1.85148 1.04381 0.513064 0.547032 0.179807 
1.244 1.12688 2.39817 0.612977 1.55391 0.876124 1.7972 1.22593 1.26885 0.536325 0.385288 0.193452 
1.16185 1.45798 2.80291 0.699126 1.93022 1.2007 1.66387 -0.414031 0.484284 0.919745 0.050649 0.185819 
1.14562 1.74043 1.91492 0.802692 2.59231 0.963631 1.40491 0.474339 0.790772 1.12468 0.403594 0.235604 
1.10796 1.55198 1.67598 1.09605 2.21527 0.611195 1.07419 1.0814 1.07044 1.28526 0.662608 0.217199 
1.15622 1.29728 2.06687 1.44065 2.35635 0.624164 0.513135 0.639436 1.16254 0.73556 0.376095 0.1684 
1.22726 1.35374 2.08678 2.03393 1.98041 0.183945 1.4141 1.55062 1.73099 0.466593 0.361468 0.311014 
1.06361 1.3548 2.19072 2.05035 2.45062 -0.809637 1.13014 1.46315 1.49823 0.55919 0.560954 0.398863 
1.06654 1.00724 2.1277 1.67782 1.6701 -0.573515 1.45614 1.14047 1.52666 0.666259 0.843849 0.332784 
1.09126 0.830763 2.0664 2.01294 1.66996 0.271146 1.99533 0.768347 0.625791 0.490317 0.528773 0.150077 
1.07016 0.73514 2.30169 2.50365 1.68862 -0.179925 1.76281 0.219477 1.37019 1.19853 0.449488 0.12646 
1.12891 0.565835 2.26073 2.61839 1.25838 -0.346517 1.97014 0.606852 1.49472 1.14554 0.191803 0.12131 
1.16423 0.801664 1.95721 2.25325 0.670899 0.211176 2.24452 0.695562 1.30066 0.541184 0.0736296 0.0940148 
0.979249 0.963559 1.94002 2.71387 1.23195 -0.280732 1.29598 0.57528 1.31878 0.280702 0.364246 0.161547 
0.943706 0.424926 2.0095 2.65637 0.636998 -0.474 2.47311 1.12052 0.876112 0.346407 0.394537 0.140439 
1.03283 0.880186 2.29155 1.77023 1.02033 0.181908 3.22696 0.961989 0.665152 0.163193 0.484024 0.171711 
1.00682 1.35639 2.31833 1.69741 1.59555 0.253034 2.58412 1.26331 1.04466 0.32693 0.470372 0.239536 
1.08079 0.983687 2.2325 2.53255 1.21575 0.381634 1.88441 0.104698 1.33227 -0.0494935 0.299347 0.186888 
0.954773 1.05766 2.29252 2.06502 0.907901 -0.122643 1.49218 0.763183 0.312489 0.262903 0.590536 0.0638834 
0.957499 1.20811 2.034 1.59376 1.15491 -0.190184 1.83727 0.984481 0.463523 0.331794 0.638445 0.0763086 
0.988905 1.01451 2.10837 2.22358 1.22196 0.0960577 2.36624 0.747841 0.609557 0.550915 0.460515 0.100144 
0.820121 1.28259 2.39921 2.261 1.38457 0.27879 2.48173 1.46954 0.680086 0.0766973 0.278209 0.235261 
0.844872 1.48869 2.2252 2.03576 1.05068 -0.331056 1.09035 0.952229 -0.0111659 0.0905518 0.129541 0.13536 
1.05674 1.21234 2.18022 2.62365 0.505655 0.372497 1.67222 1.23299 0.0642403 0.359917 0.547292 0.0988107 
1.0623 0.94459 2.05685 1.95699 1.12527 0.750004 2.29729 1.37039 1.3519 0.424464 0.60172 0.216423 
1.05562 1.10839 1.81766 2.09377 0.883977 0.141158 1.78036 0.454927 1.42704 0.545419 0.373215 0.148949 
0.985579 0.877609 2.32753 2.24301 0.913135 -0.213926 1.52486 0.507532 0.653216 0.674163 0.272769 0.135317 
