0.603244 1.20666 1.60829 0.893402 2.055 1.4771 1.02587 0.8052 0.847155 0.979401 0.527232 -0.0210529 
0.669773 1.43601 0.744036 1.21387 2.19119 0.484751 1.13296 1.03047 0.458415 0.0523357 0.740439 -0.109633 
0.720385 1.39351 1.4968 1.61692 1.82505 0.523627 1.57156 0.833418 -0.152153 0.503971 0.312146 0.051773 
0.6949 1.48742 1.07312 1.75747 1.56221 0.039898 1.4393 0.230055 0.00396667 0.514779 0.396682 -0.0295395 
0.736778 1.35205 0.886459 0.688094 1.74105 1.18895 1.46461 1.16174 0.317599 0.39793 0.32263 0.0119711 
0.683543 1.08486 1.85982 1.32253 1.65953 1.54086 1.50459 1.81342 0.779862 0.699021 -0.099804 0.226621 
0.617495 1.24391 1.73082 1.4258 1.07676 0.778621 0.71832 1.41366 1.32138 0.773108 -0.177781 0.263055 
0.653854 1.16963 2.38172 1.42087 1.1671 0.438711 0.555853 1.90518 1.04281 0.0239602 0.0710238 0.204054 
0.711263 1.38073 2.94938 1.29186 1.42888 0.923604 1.57796 1.55771 0.564653 -0.629649 -0.173597 0.169011 
0.849738 1.78681 2.07791 2.09126 2.3299 0.663796 1.50762 1.21312 0.598237 -0.174224 -0.135645 0.118948 
0.593436 1.54345 2.08209 1.58327 1.91607 0.634667 1.44644 1.34491 0.912927 -0.17615 0.637565 0.0711855 
0.509414 1.66983 2.42416 0.707862 2.54924 0.0494211 0.540903 1.34602 0.773953 0.472569 0.185707 0.0526253 
0.49104 1.70584 2.08039 1.49892 2.32968 -0.493979 1.17676 0.598431 1.36487 0.0122339 0.00912521 0.241149 
0.375405 0.628597 3.06647 0.943784 1.48756 0.493764 1.61295 -0.205069 0.879053 0.759829 -0.0809546 0.0737861 
-0.0231445 0.259361 4.78773 -0.78352 1.08666 2.3457 0.616032 0.399438 1.35127 -0.0340875 0.29298 0.217171 
-0.406333 0.112098 5.2193 -2.04125 1.90906 2.74119 -0.111509 2.37207 1.63006 -0.521663 0.598019 0.154872 
-0.71879 0.0286982 5.21451 -2.60156 2.39628 0.980773 0.460426 2.5772 -0.295229 0.170898 0.452087 -0.0800215 
-0.811046 0.564521 5.0715 -1.4441 2.11499 0.675576 1.51997 1.62787 -0.264953 0.866745 0.00194029 0.0288169 
-0.89938 0.200752 4.95442 -0.47652 1.72851 0.970416 1.30061 0.990516 -0.541547 0.925196 -0.160945 0.09279 
-1.04553 0.756238 3.80499 -0.525262 1.87505 0.52858 1.19004 0.894081 -0.0949557 1.03493 -0.320432 0.25853 
-1.07767 0.539143 4.18412 -0.848879 1.72811 0.564202 1.03973 0.1774 0.42826 0.850932 -0.330882 0.440104 
-1.02939 0.643273 4.9177 -0.996166 1.0612 1.23829 0.212047 0.258032 0.13884 0.704983 -0.0751431 0.359701 
-0.999693 0.366046 4.44928 -0.237583 1.63061 0.773719 0.535397 -0.0580162 0.962694 0.121029 0.0549186 0.161732 
-1.10334 0.755654 4.49296 -0.463759 2.67353 0.417796 1.42784 0.171239 1.84208 -0.466814 0.141738 0.40096 
-1.25719 0.785806 4.72218 -0.434059 2.36642 0.813053 2.27079 0.437335 1.1903 0.331888 -0.037029 0.388778 
-1.33953 0.60424 4.61794 -0.355048 1.51073 1.21132 1.22882 -0.13202 0.827264 0.504695 -0.190406 0.476839 
-1.31468 0.378506 4.41837 0.202208 2.10794 0.824533 1.79178 -0.16164 0.690366 0.578066 -0.21704 0.486243 
-1.26811 0.171899 4.96033 -0.397883 2.9808 -0.163392 1.58139 0.205788 0.433166 1.03544 -0.554092 0.471776 
-1.40454 -0.324135 4.39994 -0.284568 2.00414 -0.661148 1.60508 0.0392172 0.319161 1.43241 -0.566563 0.295354 
-0.904163 -0.322106 3.62894 0.718633 1.26008 -0.506109 2.63952 -0.231676 0.103446 1.08052 0.0874499 -0.0432823 
-0.795291 -0.170826 4.42402 0.714441 1.61456 1.17616 2.97796 -0.669085 0.26463 1.12008 0.0392364 0.163398 
-0.422675 0.150665 3.99622 -0.489187 1.08863 0.189786 3.08376 0.353861 1.19516 0.887938 -0.438341 0.333089 
0.0368303 0.71992 3.67585 -0.423803 1.45211 -0.470356 2.13481 0.622075 1.11948 0.786669 -0.533018 0.48033 
0.499233 1.59748 3.67111 -0.164731 1.02461 0.565994 1.68881 -0.130543 0.751298 0.162168 -0.598637 0.202366 
1.34205 2.34883 3.35005 -0.314509 0.884346 -0.275934 1.41802 -0.0496192 1.47042 0.225024 -0.657178 0.0672939 
1.55173 2.15843 3.1142 -0.318181 1.20296 -0.706261 1.35511 -0.081427 1.60355 1.0179 -0.939064 0.0967712 
1.78962 1.17136 1.16663 -0.483977 1.82865 -0.649948 1.11668 -0.231555 0.930109 1.14291 -0.604367 -0.248354 
2.31406 0.578597 -0.136012 -1.1978 2.1973 -1.12277 -0.0266278 0.425609 1.21394 0.470238 -0.613997 -0.226385 
2.32297 0.84909 0.763962 -1.30895 1.64739 -0.510133 0.156972 0.0429939 1.69554 0.313426 -0.781311 -0.218597 
2.41137 0.633357 0.299078 -0.97165 1.77755 -0.631391 0.154398 0.147535 1.43088 0.227846 -0.810433 -0.257494 
2.48337 0.533792 -0.329071 -0.471654 1.98063 -0.543695 -0.0725833 0.199542 1.422 0.316426 -0.694726 -0.377759 
2.51046 0.591312 -0.442224 -0.311785 1.67246 -0.171121 0.0665442 -0.280886 1.49527 0.178621 -0.670142 -0.376747 
2.65168 0.597489 -1.04691 -0.313097 1.55372 -0.142606 -0.242554 0.0769071 1.23595 -0.0227193 -0.628631 -0.333415 
2.56355 1.13511 -0.721711 -0.634374 1.62294 -0.509545 0.155417 -0.0381831 1.3316 -0.150997 -0.596508 -0.246496 
2.59558 1.2891 -0.0640674 -1.24816 1.8244 -1.00639 0.290302 -0.493494 0.755383 -0.00236858 -0.760763 -0.189559 
2.54105 1.22465 0.500201 -1.37091 1.54099 -0.467598 0.195376 -0.226804 0.622189 -0.101475 -0.573716 -0.0865771 
2.48855 1.21606 -0.0111232 -0.903192 1.82693 -0.833472 0.437057 0.05144 0.39951 -0.0867804 -0.322254 0.124681 
2.44458 1.02907 0.284862 -0.9147 2.2856 -1.04627 0.345766 -0.164032 1.27383 0.185444 -0.504309 0.237012 
2.38253 1.05032 0.523166 -0.886111 2.0523 -0.490892 0.60453 -0.228184 1.26617 -0.0632109 -0.489881 0.197977 
2.49124 0.700345 0.41815 -1.12479 2.37912 -0.437832 -0.144047 0.481801 1.11676 0.293121 -0.284164 0.216589 
2.46788 1.25798 0.521532 -0.053541 2.72031 -0.598446 -0.0161488 0.369998 1.61037 0.520871 -0.336814 0.0155591 
2.54283 1.23569 0.694007 -0.243957 2.54802 0.0656683 0.908509 0.199048 1.39914 0.719372 -0.117363 0.174113 
2.51292 1.3801 0.829318 0.35213 2.6916 0.141535 0.769317 0.334431 0.971415 0.13283 -0.326734 0.0714653 
2.4861 1.33366 0.682825 0.821691 3.25022 0.100119 0.869911 0.490543 0.636781 0.231856 -0.180876 0.172965 
2.42725 1.61759 0.936926 0.569783 2.72468 0.824156 0.765175 0.0770486 0.404038 0.240404 -0.0556581 -0.0136489 
2.52377 1.46509 0.493533 0.31292 1.88458 0.533713 -0.12492 0.23729 0.78664 -0.128212 -0.126484 0.00780972 
2.70657 1.32366 0.408487 0.214545 1.45092 -0.204221 0.131815 -0.110528 0.830576 -0.222309 -0.453263 -0.080479 
2.59665 1.5703 0.220612 -0.466463 0.959379 -0.443027 0.416264 -0.0445689 0.591077 -0.242343 -0.270809 -0.0311364 
2.68454 1.23354 -0.00374622 -0.910787 1.10357 -0.685277 0.48574 -0.166267 0.67444 -0.0663353 -0.462344 -0.0920313 
2.70513 1.37864 -0.0686916 -0.201823 1.4523 -1.0261 1.10197 -0.289988 0.618673 -0.00432817 -0.521997 -0.185812 
2.85788 1.38029 -0.278453 -0.254808 1.88804 -1.34771 0.744032 0.0960777 0.729828 0.324612 -0.464444 -0.108589 
2.76372 1.75682 0.172329 -0.509477 1.53828 -0.972477 0.402148 0.476188 0.149794 0.543532 -0.152321 -0.145387 
2.58799 1.73881 0.31493 0.460909 1.42328 -1.11958 0.283676 0.547446 0.969277 0.455 -0.236954 -0.196842 
2.5863 1.70509 0.475654 0.218822 1.63012 -1.21775 0.725967 0.613749 1.01907 0.376365 -0.414934 -0.197504 
2.42246 1.64528 0.462185 -0.0143922 1.78416 -0.27321 1.35365 0.552078 -0.0695164 -0.00934242 -0.347733 -0.0768992 
2.46313 1.79569 0.43199 0.248806 2.18014 -0.366639 1.25869 0.0677448 0.345423 0.201025 -0.0580089 0.171152 
2.27805 2.01814 0.94315 -0.493273 1.72276 0.634069 1.91027 0.368564 0.429278 0.51986 0.288301 0.340272 
2.22576 2.00612 1.00258 -0.594798 2.23435 -0.585174 1.55943 0.980424 0.663802 0.452867 0.148896 0.42804 
2.37858 1.8656 0.984641 -0.094876 1.65999 -0.72185 1.13075 0.650388 0.715336 0.650446 0.362958 0.420545 
2.37955 1.83847 0.898952 0.294811 1.5463 0.205147 1.43318 0.390512 0.730688 0.221997 0.146618 0.191782 
2.45525 1.85643 1.49802 0.442496 2.53944 0.818973 1.13394 0.713833 1.4084 0.25911 -0.247285 -0.0625057 
2.18895 2.13796 1.39383 0.636032 1.70961 2.53108 2.02392 0.896205 0.418024 0.0906568 -0.0207207 0.0389641 
2.39131 2.13239 1.47195 -0.424493 1.38533 2.61526 2.5927 0.829656 0.336535 0.311045 0.150356 0.269195 
2.42475 2.15343 1.44505 0.422414 1.21951 2.61313 2.67934 0.492753 0.211637 0.0482387 0.0774514 0.225153 
2.35516 2.0448 0.974203 0.488648 2.0167 1.04931 2.23202 0.779918 1.02535 0.541384 0.365777 0.307193 
2.21892 2.43074 1.68541 0.620185 2.31469 1.97332 2.02691 0.786713 0.587733 0.576986 0.310231 0.232804 
2.04976 2.29634 1.75074 1.25325 2.69165 2.4386 2.01698 1.16495 0.541285 0.0847006 0.195428 0.159643 
2.29461 2.14838 1.43012 0.8975 2.10245 1.93278 2.23631 1.01495 0.474072 0.551369 0.212044 0.132927 
2.14545 2.43443 1.54242 0.702214 1.14685 1.01057 1.46902 0.754328 1.10743 1.25842 0.360833 0.0988307 
2.26318 2.30713 1.60582 0.846891 1.57902 1.26016 1.64364 0.532073 1.45417 1.27881 0.445851 0.122628 
2.0882 2.72842 1.50064 0.141005 1.50791 1.88479 2.17341 0.899939 0.595079 1.03534 0.339152 0.313747 
2.13374 2.6628 1.93849 0.200623 1.90865 2.35337 1.92806 0.808385 0.953475 0.8957 0.37276 0.279033 
2.17641 2.61409 2.35224 0.481465 1.90704 1.40933 1.87709 0.910409 1.5824 1.27084 0.397254 0.240166 
2.27515 2.47499 1.95121 0.745308 1.91567 1.10893 1.67219 1.27657 1.52541 1.4191 0.478051 0.162546 
2.08334 2.74343 2.13786 1.17234 1.48152 0.559375 1.65622 1.09501 1.68181 1.57734 0.409979 0.169211 
2.02403 2.47423 1.80434 0.446645 1.09363 1.15805 2.08269 1.09255 0.774487 1.16381 0.233234 0.133085 
1.7314 2.2729 1.79128 1.04572 1.6543 1.41324 1.9764 1.01925 0.375568 0.491964 0.101065 0.0830961 
1.96227 2.34902 1.74864 0.170413 1.76868 1.90638 1.90305 0.403756 0.108626 0.508387 0.0665339 0.155315 
2.02766 2.40756 1.68999 0.3425 1.84662 1.83176 2.1388 0.832034 0.316674 0.623939 0.130692 0.164669 
1.90779 2.1762 1.81782 1.08225 2.27898 1.14092 2.51785 1.81089 0.38867 0.261118 0.250658 0.23281 
1.73518 1.9825 2.12287 1.34143 2.31402 1.52179 2.50102 1.31703 0.856969 0.408806 0.331699 0.248606 
1.6251 2.03879 2.12112 1.4787 2.66752 2.03828 2.3193 1.18062 0.938297 0.293741 0.519414 0.307436 
1.63979 2.19657 2.11756 1.54585 1.78597 1.51226 1.86457 1.63813 1.76859 0.255925 0.415316 0.186317 
1.51429 2.32726 2.12523 1.46328 2.07555 0.83499 1.64411 1.34944 1.39879 0.229877 0.369606 0.157274 
1.57067 2.23527 2.1872 1.17643 3.15224 1.26427 2.01942 1.02526 0.736094 0.661991 0.241342 0.237526 
1.58276 2.00022 2.72341 0.289066 2.597 2.33587 2.21372 0.6212 0.127357 0.22382 0.424451 0.338939 
1.69944 1.82188 2.65876 0.899185 1.6802 2.23395 1.47977 1.01794 0.378036 0.166794 0.245706 0.105111 
1.63378 1.84398 2.13476 0.598063 2.34455 0.639377 1.82436 1.48353 0.537645 0.328681 0.439596 0.250041 
1.66547 1.97467 1.7183 1.06436 1.27754 0.823441 1.0135 1.48859 1.64988 0.642394 0.724077 0.300026 
1.62279 2.05075 2.44036 0.768378 1.42057 1.39506 0.946747 1.3858 1.38401 0.947554 0.735562 0.340177 
1.61191 1.8621 2.79125 1.42788 1.91424 1.37163 2.0705 1.15961 1.09534 0.808948 0.402362 0.268803 
1.49278 1.94877 2.26229 1.56456 2.11451 1.23194 1.89174 1.63781 0.739702 0.547424 0.67819 0.29607 
1.51238 1.66926 2.38574 1.52543 1.73082 1.07151 1.91895 1.4558 1.50488 0.333892 0.664815 0.34862 
1.53248 1.42945 2.48533 1.64371 2.03878 1.86126 2.71007 0.725634 1.22465 -0.43295 0.791494 0.492103 
1.45228 1.85089 2.38844 1.40053 2.02337 1.93112 2.44581 0.435793 0.568166 0.42198 0.540779 0.274856 
1.29497 1.66565 2.22739 1.4141 2.5876 1.34346 1.25304 0.795389 1.06065 0.448041 0.549577 0.222973 
1.4038 2.07736 2.77733 1.66846 2.48551 0.349538 1.55547 1.60274 1.17356 0.134389 0.327347 0.207729 
1.323 2.06924 2.48025 0.88752 2.45098 1.38814 2.0214 2.0109 0.54192 0.385125 0.42374 0.129111 
1.39097 1.9156 2.22231 1.34373 2.53333 1.54817 1.94944 2.2993 0.815851 0.646769 0.271693 0.17057 
1.38231 1.93662 2.45511 0.734046 1.60676 1.5397 1.31908 2.07916 1.72759 0.748624 0.431371 0.203625 
1.47307 1.92133 2.45829 0.880092 2.23727 0.142315 1.54166 0.944543 1.68016 0.793217 0.53202 0.409361 
1.58988 2.06515 2.51834 1.2976 2.05472 0.74489 2.78792 0.559932 1.09755 -0.231775 0.721636 0.405407 
1.57161 1.85835 2.46445 1.39964 2.04075 0.773413 1.80422 1.16552 0.939224 -0.133428 0.704956 0.344687 
1.49134 1.74762 2.2334 1.18572 1.40948 1.23597 1.58679 1.44674 0.809363 0.41628 0.379046 0.138946 
1.42058 1.7551 2.59746 0.700286 1.88133 1.27859 1.74864 1.42389 1.36317 0.403346 0.5016 0.244036 
1.49639 1.27796 2.27518 0.772871 2.06071 0.899457 1.51927 1.71508 1.21575 1.07565 0.45929 0.204528 
1.57626 1.6121 1.65751 0.826479 1.62943 1.13849 1.47268 1.40289 1.0541 0.957426 0.548799 0.210872 
1.38999 1.594 1.67179 1.13639 2.33887 0.853457 1.23566 1.34526 0.65169 -0.166216 0.384005 0.119066 
1.39205 1.53319 2.22987 1.7538 2.26711 0.881676 1.17348 0.611341 1.21135 0.226442 0.526594 0.23321 
1.44437 1.62609 2.23592 1.15992 1.35834 1.07243 0.705538 0.56132 0.841012 0.0101519 0.747905 0.243714 
1.51236 1.86081 2.1212 0.903225 2.61502 1.06437 1.2122 0.546139 1.0721 -0.137879 0.370251 0.174045 
1.63434 2.02987 2.3359 1.28702 2.28993 0.725411 1.30819 0.993223 1.06902 -0.0813343 0.425864 0.210923 
1.45613 1.7676 2.20311 1.82187 1.67571 1.34266 1.44157 0.469682 1.38115 0.423439 0.456892 0.229486 
1.45642 1.83115 2.11683 1.29972 1.08239 0.344699 1.68512 0.439902 1.00807 0.75785 0.548827 0.272452 
1.47491 1.9224 2.67403 2.33172 1.4338 -0.240023 0.808691 0.0456582 0.789471 0.27303 0.214865 0.213539 
1.59273 1.76113 2.43997 1.78671 1.76004 0.610017 1.27184 0.54692 1.39227 -0.283569 0.192879 0.196293 
1.50097 1.60518 1.85057 1.78833 1.5025 0.651922 1.8229 1.47481 1.57232 0.626338 0.206158 0.175047 
1.48514 1.67778 1.76396 1.69596 1.548 0.693948 1.66301 2.03024 1.53007 0.300563 0.47121 0.239233 
1.51401 1.82249 2.12498 1.39964 1.93058 1.23554 1.7312 0.0919549 1.39207 0.189 0.819102 0.391571 
1.64972 1.7565 1.9128 1.77246 2.22382 0.782847 1.91101 -0.107562 0.919894 0.401171 0.556986 0.323473 
1.58189 1.57859 2.46327 1.47554 3.03184 0.516639 0.521586 1.09118 1.23028 0.446153 0.428252 0.267015 
1.48585 1.62582 1.92977 1.68372 2.09486 1.4569 0.613659 1.25234 0.97592 0.390824 0.410131 0.161203 
1.482 1.97976 1.63416 0.847754 1.77087 0.900642 1.41651 1.34811 0.130797 0.31352 0.740698 0.253177 
1.43405 1.91712 1.8775 0.486147 1.45167 0.584512 1.66162 1.10794 0.988235 0.626193 0.240083 0.116855 
1.52689 1.39092 1.92071 0.921317 2.54454 0.526459 1.77834 1.4447 0.898548 0.161973 0.358833 0.276226 
1.64209 1.5633 1.79836 0.440394 2.53946 0.68936 1.83791 0.911224 0.162575 0.570158 0.378504 0.302162 
1.51686 1.4897 2.03101 0.284938 2.11775 1.22006 1.28363 0.635974 0.295746 0.725428 0.242976 0.134708 
1.46397 1.7565 2.00396 0.497721 1.88524 1.47855 0.926246 0.644061 0.9374 0.444074 0.249469 0.132729 
1.50608 1.73006 2.16396 0.763549 1.63601 1.01925 1.5785 0.799365 1.05834 1.04185 0.539064 0.278585 
1.38942 1.62895 2.44983 0.58882 1.87831 1.22312 1.58296 0.26227 0.636434 0.676071 0.499472 0.268182 
1.45586 1.65512 1.71851 1.13376 1.47125 0.684312 1.18869 0.281634 0.58453 0.483355 0.274034 0.128226 
1.50799 1.81441 1.69239 1.68306 1.5651 0.631937 1.50104 0.15932 0.576531 1.07581 0.475253 0.224477 
1.33075 1.62959 2.36941 1.3191 1.7229 0.608961 1.22903 0.185546 1.06163 0.903249 0.878207 0.355263 
1.35403 1.76609 2.18883 0.919341 1.27723 0.963421 1.59341 0.108739 0.722191 0.536198 0.953471 0.321109 
1.40705 1.84659 2.07187 1.25724 1.24958 1.49523 2.07504 0.243094 0.931393 0.00867362 0.95544 0.293929 
1.41814 1.51173 1.67027 0.946152 1.67471 0.875175 1.02629 0.649772 0.753136 0.0298157 1.12825 0.358974 
1.25043 1.40449 1.62664 0.95313 1.84927 0.707374 0.701917 0.791785 0.737841 0.674791 1.09443 0.267901 
1.23286 1.93268 2.09772 1.35365 3.1402 0.839864 1.41221 1.02987 1.02829 0.405892 0.658788 0.24577 
1.30527 1.98291 2.31062 0.832857 1.98932 0.630481 2.086 1.67492 1.38062 -0.145419 0.676215 0.185341 
1.50234 1.89224 2.15168 0.35318 1.02959 0.787921 1.48275 0.888472 0.888494 -0.334426 0.539749 0.130877 
