0.631817 0.654118 0.441791 0.140297 0.631239 0.0114702 1.15284 0.586432 1.08495 1.14748 0.0795731 -0.0852081 
0.562296 0.592896 0.623541 0.0703095 1.12586 1.09912 2.03408 1.05485 1.50083 0.567027 0.536719 -0.354687 
0.533998 0.501695 0.837016 -0.418622 2.03001 -0.0196398 1.70484 0.797011 0.671265 0.942037 0.414241 -0.0791191 
0.513128 0.330182 0.580907 -0.85004 0.874744 -0.136028 0.953591 0.458259 1.09469 1.26035 -0.147725 -0.0247245 
0.628222 0.688073 0.492968 -1.03057 -0.220182 0.0666677 0.303285 -0.383601 0.772725 1.06555 -0.204891 0.228041 
0.588601 0.335904 -0.272582 -1.08282 0.572771 -0.320949 0.550622 0.317697 0.512441 0.848647 0.00282622 0.0876656 
0.696058 0.302094 -0.178046 -1.51571 0.620389 -0.414627 0.268298 0.202595 0.508367 1.21867 -0.0718176 0.195643 
0.812741 0.106706 -0.406194 -1.59215 -0.292113 0.157861 0.478114 -0.0148708 1.34019 1.59113 -0.0435303 0.0959071 
0.735637 -0.432165 -0.120931 -1.45979 -0.0200488 -0.0369198 0.382736 0.285106 1.60855 1.10793 -0.0686527 -0.0358017 
0.65735 -0.206241 -0.149864 -2.07584 0.167861 0.109519 1.09082 -0.0586061 1.32578 0.682921 -0.505878 0.0621882 
0.794478 0.281005 -0.400938 -1.67267 0.750594 -0.157002 0.487078 -1.08554 1.71376 0.746331 -0.501424 0.0679424 
0.849413 0.46389 -0.484006 -1.33351 0.924908 -0.314952 0.262636 -0.829128 1.4506 0.53562 -0.094387 -0.179529 
0.844417 0.440808 -0.608821 -0.739546 0.745696 -0.367685 1.0734 -1.02931 1.31494 0.765388 -0.379022 -0.257079 
0.851941 0.353239 -0.259289 -0.625471 0.704475 -0.428091 1.18724 -0.146405 1.10669 0.185564 -0.5529 -0.407411 
0.925808 0.429972 -0.133302 -0.231641 0.113362 -0.7123 0.359833 -0.549809 1.45102 0.204687 -0.364894 -0.334615 
1.14786 0.726373 0.333379 -0.223117 -0.486587 -0.565804 -0.114455 -0.488074 0.836921 -0.171834 0.231811 -0.116055 
1.23855 1.34087 0.815571 -0.550507 0.146126 -0.162274 1.47522 -0.246864 0.108679 -0.0633043 0.661355 -0.00571735 
1.64259 1.78101 1.47299 2.2198 2.96421 0.702439 0.328346 -0.107155 1.22806 -0.157775 -0.464395 -0.295659 
1.63086 1.63056 1.28283 2.86998 3.68176 0.172478 0.195941 -0.388456 1.1992 -0.155972 -0.522381 -0.337949 
1.64557 1.77069 1.36659 3.38577 4.19255 -0.373914 0.515659 -1.34518 1.37466 -0.360641 -0.413893 -0.367335 
1.95304 1.65304 1.34558 3.82192 4.89168 -0.971519 0.753254 -1.84032 1.41395 -0.459019 -0.585256 -0.292671 
1.71609 1.71934 1.57143 3.7423 4.38378 -0.986865 0.777901 -1.77522 1.0892 -0.371278 -0.437145 -0.305883 
1.82087 1.83721 1.26587 3.91099 4.94323 -1.28936 0.33114 -1.81438 1.06278 -0.526088 -0.586372 -0.314369 
1.92426 1.72107 0.905281 3.92003 5.83603 -1.48181 -0.0736141 -1.81611 1.06821 -0.619898 -0.818513 -0.226782 
1.81776 1.48178 0.856889 3.78724 5.27556 -1.60117 0.223575 -1.57792 1.07517 -0.240708 -0.672321 -0.185139 
1.7506 1.35204 0.965095 4.05558 5.39099 -1.85143 0.347544 -1.43401 1.0106 -0.0902372 -0.662966 -0.140939 
1.96044 1.2338 0.534258 4.00778 5.47765 -1.5521 0.541253 -1.35716 1.1421 -0.112959 -0.611431 -0.0985651 
2.01674 1.41511 0.614633 3.51922 6.08456 -1.07333 0.107304 -1.62587 0.951612 -0.207742 -0.760463 -0.106868 
1.82525 1.67064 0.987482 3.51942 6.52086 -0.799429 -0.553218 -1.84327 1.02341 -0.395916 -0.649515 -0.356435 
1.73126 1.63206 1.29735 3.52028 6.20008 -0.897083 -0.239648 -1.81155 1.14321 -0.289204 -0.570199 -0.326504 
1.73844 1.55585 0.855092 3.42875 6.42249 -0.889723 0.0675715 -1.54476 1.30819 0.0822105 -0.607499 -0.208078 
1.75212 1.69422 0.699583 2.95898 6.34558 -0.678073 -0.112279 -1.54004 0.86527 -0.0958862 -0.639005 -0.240841 
1.85158 1.42859 0.34529 2.93691 6.20749 -0.283689 0.192277 -1.62008 1.22617 -0.19482 -0.57211 -0.195643 
1.905 1.41883 0.272347 2.97238 6.14434 -0.120365 0.290001 -1.39946 1.15991 0.140529 -0.516414 -0.192641 
1.73688 1.61141 0.816319 3.1996 6.02315 -0.247254 0.320605 -1.05898 1.13991 0.3188 -0.541481 -0.249602 
1.8578 1.27378 1.08063 3.0436 5.77951 -0.354769 0.025997 -1.21302 1.31091 0.188415 -0.624438 -0.216256 
1.82291 1.29552 1.35543 3.26217 5.46461 0.346415 -0.363193 -1.29416 1.56329 -0.156423 -0.399248 -0.335247 
1.60087 1.72759 1.92248 2.72062 4.52369 0.715813 0.46739 -0.641165 0.707485 -0.348484 -0.0806272 -0.169411 
1.65206 1.9025 1.88926 3.08324 5.74643 0.0873725 -0.609846 -1.11834 0.88987 -0.476322 -0.298584 -0.480879 
1.73937 2.00326 1.53006 2.92499 5.19068 -0.255476 -0.311228 -0.963698 0.716558 -0.680418 -0.438934 -0.35252 
1.74927 1.45007 1.71784 2.54692 4.3229 -0.282421 0.56151 -0.250295 1.08734 -0.8175 -0.552442 -0.0132037 
1.75829 1.56152 1.78412 2.53204 3.95894 0.64569 0.606538 -0.0337733 1.01777 -0.539947 -0.415191 -0.15325 
1.98042 1.57069 1.86213 2.45979 3.98147 0.615065 0.693109 -0.0873521 0.771846 -0.484118 -0.467629 -0.125667 
1.87256 1.87259 1.60073 2.38745 3.70424 0.895439 1.3261 0.210966 0.563581 -0.206971 -0.287004 -0.113218 
1.91079 2.00953 1.20524 2.60758 4.03138 0.72645 0.81493 0.269666 0.877113 -0.616493 -0.351306 -0.159706 
1.90142 1.98081 2.01145 2.88282 4.04321 -0.471644 0.464919 0.0640554 0.108258 -0.666984 -0.445127 -0.0446325 
1.75275 1.97874 1.96587 2.5876 3.72337 0.52113 0.786067 -0.334126 0.353325 -0.717429 -0.0578058 -0.074494 
1.65164 1.62288 1.55428 2.15946 2.81391 1.26209 1.24646 -0.123548 0.684387 -0.434683 -0.0634495 -0.0564334 
1.65305 1.38119 1.73612 1.62647 2.53601 0.524656 -0.154203 -0.380071 0.235705 0.108917 -0.256898 -0.184177 
1.72015 1.47079 1.75816 1.40301 2.56248 -0.351686 -0.93217 -0.556982 0.349609 0.105394 -0.485526 -0.285167 
1.79906 1.78648 1.57989 1.42455 1.90975 0.471177 0.181945 -0.281699 0.498174 0.0987205 -0.317961 -0.24001 
1.74368 1.70121 2.04218 1.68392 2.4862 -0.168698 0.161182 -0.774882 0.322784 0.513295 -0.290833 -0.162403 
1.83753 1.84964 2.42806 1.90932 3.54286 -0.413443 0.561179 -0.167435 0.203997 -0.157314 -0.434465 -0.0469939 
1.65572 1.94763 1.80715 1.811 3.87155 0.493561 1.20431 0.454148 0.282966 -0.590309 -0.153669 -0.0160802 
1.65855 1.84667 1.85355 1.00957 3.09545 0.936681 0.914826 -0.840628 1.14627 -0.178471 -0.144327 0.0201105 
1.51899 1.93978 2.06939 1.34097 2.66912 0.323255 0.666541 0.238843 0.64168 -0.126242 -0.267754 -0.0934679 
1.50098 1.67873 2.02121 1.84692 2.65497 0.611373 -0.119752 0.896365 0.721858 -0.202578 -0.327379 -0.199034 
1.40525 1.49344 2.05518 1.92486 2.50991 0.764585 0.398308 0.714353 0.128056 0.0677056 -0.0990542 -0.124933 
1.44383 1.49128 2.0581 1.6478 2.7517 0.509404 0.314347 0.265423 0.0208441 0.0014883 -0.0760577 -0.133893 
1.55047 1.73776 2.08102 1.78237 1.92862 -0.0612259 0.941099 0.262533 0.159052 0.343088 -0.375253 -0.152967 
1.5156 1.67024 1.83824 1.58246 1.95971 0.28583 0.843602 0.517922 -0.0444344 -0.0122481 -0.0385247 -0.0574123 
1.43761 1.72579 1.95841 1.4974 2.27679 -0.436579 0.267608 0.142969 -0.217866 -0.269027 0.0177606 -0.0683639 
1.39692 1.76824 2.09096 1.75134 2.01676 0.149819 1.39559 0.355578 0.122962 -0.15702 -0.188259 -0.0469907 
1.27697 1.72851 2.62687 2.19559 2.84768 0.533692 0.936806 0.866561 -0.393319 0.257365 0.0173236 -0.0599499 
1.38354 1.72919 2.93203 1.92186 2.90428 1.15602 1.64329 1.20002 0.228122 -0.0384751 0.16862 0.051283 
1.3266 1.76337 2.66549 1.64172 2.55413 1.28928 1.60774 0.674505 0.944021 0.229293 0.198498 0.158359 
1.30219 1.75923 2.49348 1.67631 1.62911 1.9622 2.15377 0.815098 1.22179 0.662607 -0.378986 0.0843853 
1.3003 1.55467 2.32074 1.57473 2.36556 0.978084 1.47522 0.666247 0.789601 0.537842 0.0305646 0.122802 
1.18421 1.45803 1.77299 1.66046 2.31277 0.280032 1.04859 0.198335 1.28284 0.393839 0.138434 0.162558 
1.10021 1.49762 2.19091 0.948604 1.55706 0.19228 1.30299 0.612159 1.02414 0.356379 0.367685 0.213002 
1.14725 1.42748 2.42264 1.02429 2.07366 -0.0743928 1.62051 0.782173 1.26417 -0.00876358 0.106166 0.252426 
1.21791 1.2965 2.43037 1.13488 1.79585 1.0819 1.84162 0.690664 0.234583 -0.347512 0.372377 0.0902667 
1.23026 1.36244 2.23643 0.759922 1.33599 1.70509 1.36211 0.423139 0.202937 -0.61411 0.811124 0.147045 
1.14214 1.63969 2.25761 0.963817 1.41093 1.55834 1.64639 0.825997 -0.214558 -0.249977 0.925218 0.0572315 
1.03726 1.63528 2.57583 0.323316 0.737718 0.373185 1.46797 0.925365 0.157577 0.00369982 0.301474 -0.0567578 
0.971865 1.84304 2.36267 1.0604 1.09663 1.0881 0.621845 -0.162532 0.320965 -0.128447 0.210488 -0.0183577 
1.01048 1.53078 2.08376 1.31198 1.34338 0.502512 1.43674 0.975192 0.508006 -0.094658 0.319424 0.0339703 
1.06864 1.31379 2.0176 0.167644 1.63999 0.356742 1.37251 0.965901 0.719515 -0.155799 -0.145155 -0.0499398 
1.09214 1.39121 1.61858 0.508337 1.83013 -0.502346 1.63352 0.944811 0.463222 0.106964 -0.279167 0.00124535 
1.10216 1.59323 1.74939 0.746451 1.66751 -0.267648 1.39392 1.50058 -0.238802 -0.0728816 0.344882 -0.0243462 
1.0945 1.48252 1.91278 1.54996 1.8902 0.333361 1.03528 0.366989 0.572105 -0.0214479 0.345666 0.111778 
1.08994 1.24978 1.8527 0.746187 1.24483 -0.0717346 0.74468 -0.110061 0.439896 -0.156819 0.159686 0.174625 
0.954511 1.18335 2.19234 0.401708 1.50814 0.519816 0.115162 -0.375818 0.335009 0.169592 0.467152 -0.0380401 
1.04623 1.27947 1.95543 0.198582 1.67273 1.44742 0.504466 0.651723 0.775672 0.204492 -0.265948 -0.00805968 
1.04628 1.14172 1.65232 0.0670603 1.99322 1.05586 0.72988 0.884074 0.413271 0.421686 -0.0681293 -0.0526536 
0.887594 1.09096 1.94244 0.0125093 1.20432 0.608207 0.918375 0.979519 0.478368 0.0222996 0.101813 -0.0611441 
