0.539961 0.854873 1.22432 1.11011 1.46165 0.386823 0.553282 0.497955 0.464443 0.470437 0.21453 -0.0339265 
0.623203 0.514917 1.29053 1.21504 1.01336 0.642937 0.0446586 0.825773 0.57822 0.120798 0.0722548 -0.101001 
0.688521 0.7308 1.66469 1.19657 1.68319 0.418311 0.394559 0.0409443 1.26665 0.807306 -0.701794 0.0177658 
0.500427 0.814276 1.62023 0.477883 2.0835 1.17012 0.313876 0.0386881 0.980551 0.210039 0.103806 0.0337171 
0.561447 0.725167 1.48853 1.30463 1.30958 0.458074 0.0106484 0.984049 0.200188 0.2151 0.0650242 -0.0392518 
0.67632 0.739261 0.901311 1.35337 1.44437 0.636509 0.780292 1.55524 0.076168 0.127245 0.194298 0.0344329 
0.590057 0.718843 1.01964 1.11451 1.13175 1.01611 0.427281 1.03198 0.204277 -0.1304 -0.261936 0.109962 
0.419118 0.740981 1.46518 0.84478 1.1416 0.0835035 0.0790194 -0.335679 0.713446 0.33614 0.313964 -0.139948 
0.488416 1.09619 1.32149 0.558321 1.68157 0.764769 0.0430732 -0.595045 0.471558 0.291255 0.499397 -0.166186 
0.59149 1.04351 1.05329 0.866648 1.32151 0.770837 0.78663 0.746676 0.300837 -0.331067 0.23612 0.0248596 
0.593599 1.12516 0.652891 1.03835 1.23873 0.542955 1.23834 0.982926 -0.115084 0.231251 0.33233 0.0648778 
0.615193 1.22725 0.759653 0.949811 1.44181 0.746449 0.252762 0.571092 0.000392098 -0.0226505 -0.0711156 0.0254416 
0.515824 0.927435 0.547024 0.853349 1.97662 0.332986 -0.152519 1.03803 -0.478788 -0.685985 0.162284 0.116802 
0.60803 0.865428 0.810052 1.44954 1.1555 0.259774 0.610972 0.0370608 -0.0820914 0.521775 0.392738 0.0497065 
0.499463 0.845997 1.07875 1.30235 0.77682 0.770892 0.28777 0.0682511 0.787656 0.369562 0.0142724 -0.00697825 
0.489662 0.983973 0.936096 1.30692 0.913719 1.28324 1.00915 0.0389834 0.742258 0.206848 0.0201364 -0.0148591 
0.535525 1.07901 0.808853 1.04335 1.11651 0.714755 0.636915 -0.207849 0.320067 0.770719 0.265118 -0.0767342 
0.538033 0.944438 0.855417 1.73371 1.37759 0.466143 0.549491 -0.589085 0.954279 0.757105 0.608274 -0.204426 
0.502513 0.59895 1.14758 1.82488 1.68136 1.38861 0.466655 0.240912 0.822476 0.0643408 0.706173 -0.0503303 
0.6117 1.0481 0.981791 1.51424 1.75582 2.69012 0.68663 0.201344 0.955733 0.148127 0.188995 0.115915 
0.698153 1.38799 1.13563 1.33289 2.17568 2.30178 1.23825 -0.785852 1.02804 1.51246 0.324443 0.137452 
0.87792 1.3041 1.6195 1.97619 1.73475 1.66549 1.62336 0.217396 0.673367 1.2924 0.810666 0.090499 
1.10404 1.91624 1.80383 2.18723 2.55518 1.64841 1.10797 0.513473 0.901893 0.728508 0.421849 0.159059 
1.37733 2.33925 2.64299 2.38118 2.70826 2.04501 1.35246 0.861166 0.628686 0.294892 0.132559 0.0469209 
1.70741 2.76352 2.97084 2.4479 3.36406 2.29691 0.726846 0.19051 0.526652 0.105368 0.0833749 -0.0684068 
1.95332 2.792 2.27208 2.10252 3.18799 2.38908 1.50457 0.356201 0.537732 -0.315023 0.115512 -0.037367 
1.97321 2.42574 1.81886 1.68237 3.09384 2.64538 2.64799 0.570355 0.107106 -0.413464 -0.000151654 0.089834 
2.16669 2.26433 1.6573 0.997404 3.39502 2.84243 2.71708 0.823417 -0.168051 -0.169588 -0.0919312 0.115496 
2.16555 2.35219 1.922 0.790835 3.50703 2.79149 2.87916 0.225304 -0.142025 -0.512031 -0.14494 0.199897 
2.06938 2.15469 1.54035 0.965904 3.11064 3.28866 2.84326 0.617073 0.0491472 -0.41233 -0.09133 0.152325 
2.39405 2.05813 0.999259 0.977366 2.57462 3.8699 2.54761 0.369101 0.434399 -0.311654 -0.0459625 0.101263 
2.27131 2.2758 0.977788 0.664847 2.78096 3.02344 2.36534 0.601698 0.194792 -0.0977985 -0.00602207 0.0709142 
2.35968 2.25377 1.08598 0.161595 3.60226 2.89774 1.88597 0.635268 0.0800569 -0.20005 0.0444655 0.0670014 
2.48997 1.97538 1.11069 0.228429 2.73776 2.2565 2.59371 0.275442 -0.185066 -0.0373321 -0.092719 0.117398 
2.45849 2.04223 0.900591 0.249224 1.84041 1.72946 2.37961 0.60062 -0.500924 0.355314 0.123393 0.106131 
2.2078 2.04339 0.868528 0.472595 1.65702 2.2841 2.09059 0.417494 -0.168045 -0.0390299 -0.00490738 0.0822227 
2.46125 2.07859 0.713435 0.0890793 2.18283 1.90205 3.10896 -0.103595 -0.0545195 0.0725606 0.0287856 0.206666 
2.56399 2.10834 -0.138132 -0.516807 1.48377 1.44399 1.63409 -0.372128 -0.0141603 0.441652 0.578689 0.308212 
2.86935 1.77671 -1.01163 -0.175432 1.86488 -0.127175 1.01131 -0.499933 -0.0482302 0.458045 0.474875 0.276034 
2.79903 1.42504 -1.4105 0.48261 1.44568 -1.17528 1.00302 -1.09674 0.543864 0.176401 0.617662 0.222121 
2.59437 1.6622 -1.49493 0.0422062 1.40999 -0.97394 0.289908 -1.92072 1.21166 0.286073 0.552785 -0.0738376 
2.65901 1.80981 -1.71578 -0.243231 1.76398 -0.884778 -0.0456273 -2.04151 1.05633 0.448243 0.549657 -0.0473997 
2.50993 1.81487 -1.66984 -0.215692 1.59309 -0.406004 -0.26141 -2.22861 1.03694 0.222553 0.707635 -0.053408 
2.63984 1.88527 -1.95427 -0.236197 2.12624 -0.744961 0.0247107 -2.44443 0.902882 0.21929 0.618227 0.0423569 
2.45988 1.69412 -1.45451 -0.424609 1.70643 -0.236465 -0.330933 -2.35482 0.91301 0.0968245 0.68531 0.0522444 
2.63614 1.85796 -1.94505 -0.0221325 1.517 -0.548383 -0.114917 -2.68923 0.963469 -0.0590312 0.771201 -0.0515475 
2.68654 1.986 -1.67564 -0.193913 1.19944 -0.758218 -0.10489 -2.14839 0.805359 0.0621629 0.603145 -0.00125024 
2.69554 1.46067 -1.33365 -0.333028 1.72686 -0.598663 -0.639251 -1.97076 0.945511 0.678833 0.44125 -0.0555168 
2.67563 1.90995 -1.60966 0.278598 1.85416 -0.900333 -0.30735 -2.51119 1.32447 0.354589 0.609782 -0.174096 
2.5752 1.69742 -1.2482 0.3311 1.80863 -0.737381 -0.119254 -2.65621 1.24425 0.41015 0.686311 -0.100654 
2.64551 1.47627 -1.44315 -0.0641047 2.06151 -0.774182 -0.271552 -2.46128 1.00914 0.554707 0.561406 -0.00140064 
2.58224 1.96925 -1.33916 -0.156006 1.76221 -0.535266 0.30316 -2.40274 0.941003 0.0818182 0.568464 -0.0427693 
2.74853 1.61305 -1.65468 -0.315071 1.8491 -0.773891 0.501362 -2.43791 1.15083 0.343672 0.546901 -0.0200844 
2.71259 1.97122 -0.911081 -0.0117482 1.36882 -0.868518 0.185039 -2.32162 0.935874 0.285277 0.453117 -0.107912 
2.62234 1.57587 -1.14107 -0.0617899 1.65906 -0.609785 0.373111 -1.79217 1.35268 0.695362 0.54167 -0.0715212 
2.77694 1.77081 -1.41835 0.225846 1.47282 -0.930296 0.273649 -2.09565 1.35955 0.465657 0.55769 -0.18911 
2.55518 1.98426 -0.77539 -0.291069 1.07313 -0.50964 -0.109216 -1.86784 1.48629 0.579209 0.53094 -0.190928 
2.65761 1.57306 -1.28656 -0.378434 1.59344 -0.631062 0.556292 -1.69885 1.74314 0.857294 0.528486 -0.139878 
2.6835 2.01181 -1.18341 -0.00623654 1.79561 -0.322555 0.9363 -1.68794 1.50596 0.116106 0.171479 -0.359829 
2.74644 1.2707 -1.2263 -0.313608 1.75802 0.171164 0.995235 -1.30968 1.35116 0.515532 0.101537 -0.254868 
2.57596 1.66346 -1.11348 -0.312968 2.04913 0.509942 1.12039 -0.964779 1.54355 0.27721 0.0090387 -0.356369 
2.77353 1.23029 -1.27802 -0.235724 1.99927 0.36019 1.38278 -1.3089 1.20128 0.365699 -0.166905 -0.472151 
2.68456 0.99866 -1.48571 -0.174484 1.60817 1.02226 1.08135 -0.698717 1.19615 0.380894 -0.170422 -0.541012 
2.32888 0.312365 0.976739 0.440032 0.74461 2.3586 1.24889 0.334223 0.0157248 0.111696 -0.458266 -0.475952 
2.39314 0.200396 0.401941 0.519317 1.49067 2.41086 1.49734 -0.258787 -0.378654 -0.226768 -0.263529 -0.10788 
2.62363 1.05821 -0.847548 0.278491 2.67948 1.93395 1.39441 -0.904442 0.182679 -0.248918 -0.108151 -0.0434633 
2.6458 0.900157 -1.00672 0.362382 2.49935 1.88783 1.30729 -0.831141 0.0344695 0.0533419 0.0325653 -0.131601 
2.6363 0.807613 -0.688557 0.175779 2.08181 1.50052 1.51005 -0.38177 0.483118 0.370715 0.0409782 -0.149296 
2.48654 0.624585 -0.246265 0.953904 2.78931 1.77268 0.488303 -0.968473 0.351561 0.292525 0.00698816 -0.132126 
2.46415 0.351795 -0.875588 1.04364 3.9573 1.86949 0.620468 -1.21034 0.521846 0.468447 0.136637 -0.00828967 
2.49387 0.905592 -0.842857 0.909678 3.59766 1.30487 0.474178 -0.296036 0.653111 0.609001 0.116035 -0.0794427 
2.5173 0.581989 -0.944955 1.02814 3.31056 1.03994 1.18422 -0.557181 0.628808 0.679023 0.363032 0.057316 
2.38258 0.677539 -0.00261822 0.780578 3.10194 1.65276 1.47043 -1.03542 0.492946 0.555776 0.305264 0.164175 
2.47463 0.570492 -0.34121 0.793915 3.08505 2.14072 1.14145 -1.34634 0.572049 0.473795 0.220698 0.0510435 
2.46975 0.655594 -0.782531 1.24423 3.77934 1.16483 1.04295 -0.99575 0.31276 0.439748 0.285394 0.108625 
2.47101 1.00259 -0.544236 0.817044 3.65538 1.02958 0.888435 -0.374131 0.283356 0.610669 0.236208 0.0866027 
2.40628 0.591171 -0.394444 1.45636 3.68876 1.40212 1.56337 -0.765403 -0.0475046 0.245157 0.222191 0.117583 
2.32325 1.04779 -0.221444 1.09124 3.64458 1.98533 1.07236 -0.334365 0.185495 0.256875 0.148174 0.0375495 
2.33816 1.03916 -0.264282 1.19675 4.01338 1.84024 0.741574 -0.453207 0.432163 0.32688 0.00923313 -0.0648257 
2.25818 0.926778 0.162179 1.32721 4.2738 1.79561 0.813288 -0.430966 0.325365 0.519663 0.0929037 -0.0308625 
2.27794 0.83747 0.360009 0.906828 3.52731 1.41333 0.97198 -0.0130515 0.387807 0.587503 0.239038 0.11325 
2.38619 1.06817 -0.115427 0.529918 4.31725 1.67768 0.33372 0.176168 0.182989 0.680024 0.145516 -0.0448694 
2.15131 1.43082 0.462534 0.93795 3.67174 2.3507 1.04078 -0.0706154 0.610341 0.35594 0.1545 -0.0276844 
2.1772 1.26851 0.927034 1.1929 3.24505 2.11446 1.75748 -0.402525 0.757733 0.522592 0.0430472 -0.00450862 
2.24334 1.09942 0.830553 1.46324 3.46218 1.5066 1.48566 -0.00545515 0.567688 0.272328 -0.137233 -0.0363814 
2.10597 1.48404 0.775068 0.826141 3.47718 1.33663 1.64587 0.391714 0.879126 -0.218143 -0.317973 0.00341281 
2.07876 1.58508 0.726359 1.07307 3.39289 1.25255 0.836551 -0.128904 1.36973 -0.305656 -0.415487 -0.24017 
2.13667 1.28392 0.823034 1.40694 3.12356 0.74271 1.24342 -0.281417 0.405447 0.00343483 -0.333798 -0.126763 
1.9794 1.27968 1.14164 -0.0118559 2.55302 1.50465 0.945528 0.036922 0.308451 -0.206807 -0.147111 4.56676e-007 
1.8468 1.05908 0.613976 0.672349 2.02155 1.52689 1.60591 -0.669 0.686472 -0.280372 -0.11777 -0.013339 
1.83729 1.18104 0.54565 0.93235 1.61938 1.69268 1.29916 -0.32129 0.682756 -0.504027 -0.0650516 -0.0180304 
1.85978 1.22013 0.476334 0.825466 1.74156 1.31916 1.25428 -0.44394 0.85659 -0.782582 -0.0924981 -0.00836622 
1.88983 1.17323 0.909946 1.01468 2.08396 2.24509 1.98018 -0.555759 0.84175 -0.122237 -0.440995 -0.192008 
1.88942 1.13562 0.663862 1.35254 2.71836 1.82303 1.51341 -0.0418348 1.02883 0.197728 -0.256495 -0.184334 
1.71538 1.48252 1.08063 1.6104 3.33174 1.97684 1.33844 -0.571156 0.6453 -0.0029461 -0.109923 -0.0981836 
1.73025 1.26313 1.18022 1.42843 3.4013 2.97678 1.71829 -0.751979 0.735458 -0.345417 0.0260085 0.121183 
1.76354 1.20085 1.318 1.22733 3.10626 1.90714 1.44036 -0.116341 0.643628 0.293757 -0.103756 -0.00378464 
1.77881 1.72556 1.74131 1.09627 3.12691 2.99803 1.37588 0.35817 0.358626 0.673252 -0.244886 -0.130193 
1.71714 1.4884 1.90693 1.68363 3.94893 2.8555 1.29739 0.000509162 0.6735 0.0589549 0.193737 0.11449 
1.74229 1.38268 2.18569 1.62801 3.92085 2.15402 1.71679 0.403468 0.137119 -0.131794 0.100806 0.160996 
1.67614 1.62849 1.98887 1.68691 2.8333 2.01739 2.09015 0.560167 0.429546 0.63764 -0.0914635 0.0249536 
1.58566 1.70593 1.78586 1.87138 2.40225 2.38459 1.56852 0.958003 0.0910956 0.260932 0.233 0.131662 
1.69091 1.88038 2.07993 2.44673 2.83654 2.00782 1.83695 0.984608 -0.0934379 -0.178515 0.375352 0.163436 
1.64852 1.7327 2.27598 2.22227 2.90246 1.88714 2.76727 0.526325 0.457433 0.438002 0.290493 0.206073 
1.57758 2.06639 2.78202 2.10286 2.72668 2.07594 2.12017 0.437659 1.11 0.112258 0.147124 0.138291 
1.57432 1.61076 2.37771 2.12339 2.70807 1.37323 2.22002 1.27989 1.07446 0.115302 0.226999 0.231056 
1.46898 1.57728 2.44395 1.72736 2.6466 1.01139 1.98357 0.888009 1.208 -0.109179 0.144127 0.231362 
1.47771 1.98696 2.29789 2.0566 2.61385 1.29308 1.71055 0.635262 1.64384 -0.0401159 -0.110741 0.0505326 
1.39868 1.778 2.21244 1.8681 2.56772 1.86414 1.62483 1.17442 0.974311 -0.244103 0.080926 0.0785926 
1.33966 1.63137 2.38972 1.56661 2.1476 1.6587 1.1142 1.19699 0.054295 0.639623 0.0590084 0.0199416 
1.376 1.51275 2.22224 2.05298 2.69721 1.71912 1.52952 0.718342 0.492128 0.90056 -0.261251 -0.00528493 
1.2839 1.34937 2.53435 1.60109 3.2594 1.52591 1.4006 1.10535 0.586463 -0.174872 0.0887206 0.101692 
1.16869 1.55277 2.42142 1.5949 3.32126 1.13718 1.55489 1.35438 0.475519 -0.219965 0.39659 0.125346 
1.17619 1.64238 2.2668 1.76652 2.66742 1.48415 2.33923 1.18829 0.472834 0.0347312 0.364444 0.180979 
1.17599 1.49288 2.25292 2.0327 2.33258 0.923117 2.14696 0.614484 1.06299 0.134388 0.845983 0.274759 
1.24232 1.38667 2.37003 1.85454 3.08272 1.97059 2.19101 1.32759 1.40048 -0.20261 0.631693 0.381089 
1.10234 1.40696 2.4985 2.54234 2.87468 2.17712 3.21527 0.673415 0.7117 0.234187 0.741561 0.322938 
1.10318 1.37552 2.56892 2.21044 2.82856 1.33374 2.8807 0.799463 0.624043 0.290161 0.821421 0.310439 
1.10997 1.39648 2.83838 1.6949 2.35146 0.725076 1.56273 1.43286 0.758831 0.897488 0.602661 0.250448 
1.11744 1.61943 2.58337 1.09277 2.12423 1.07853 1.50433 1.33686 0.309026 0.843453 0.798329 0.181588 
1.15392 1.39247 2.74667 1.41408 1.11975 1.00127 1.09913 1.77666 0.674137 1.03291 0.808204 0.181404 
1.1495 1.46078 2.42451 1.2779 1.74801 0.593416 1.63222 1.82255 0.919274 0.22843 0.402402 0.144235 
1.0508 1.40997 2.4394 1.95427 2.20144 1.23629 1.33599 1.45967 1.13379 0.411179 0.164312 0.211449 
0.983447 1.54417 2.28534 1.79299 1.71781 1.40058 1.52284 0.15283 1.55044 0.78976 0.315034 0.204631 
1.04405 1.53437 2.14048 1.79906 1.90491 0.940383 1.19937 1.23618 2.0928 0.282869 0.311612 0.257942 
1.13037 1.67372 2.24073 1.0001 1.49778 1.15232 1.89545 0.609095 1.51208 0.361844 0.644904 0.247378 
1.15145 1.44654 2.50301 1.476 0.820977 1.64542 2.40924 0.947936 1.07296 0.711247 0.622161 0.183073 
1.09676 1.66893 2.44693 1.61445 1.57986 1.36553 2.25877 1.03629 1.13781 0.507622 0.512292 0.221406 
1.12313 1.23756 2.20865 1.15251 1.94608 1.01674 2.03517 1.025 1.17253 0.350688 0.486873 0.239525 
1.08543 1.34149 1.69262 1.32763 1.52655 0.446623 2.11218 0.987743 1.32368 0.799758 0.532523 0.175574 
1.15477 1.25305 2.35961 1.01084 1.41279 0.450329 2.59563 1.20301 0.950618 0.575856 0.569039 0.225127 
0.972766 1.37481 2.73509 1.08385 1.31625 -0.0281454 1.69358 1.24329 0.934303 0.605406 0.851519 0.224346 
1.06433 1.23331 2.84563 0.707298 1.12545 -0.0118353 0.964974 0.654557 0.744917 0.926933 0.954532 0.178553 
0.929931 1.53721 2.53479 0.789336 0.705436 0.423118 1.08897 -0.026702 1.07422 0.514296 0.489829 0.111858 
0.982559 1.54873 2.26623 1.17291 0.739261 0.414862 1.85277 -0.00788809 0.131232 0.503275 0.448208 -0.00969318 
0.839988 1.5482 2.24642 0.738734 0.983221 1.1496 2.11514 1.61093 0.266379 0.712302 0.374625 -0.0394528 
0.777928 1.08832 2.39536 0.928125 1.68032 0.706671 1.42858 1.14499 0.385123 0.0654245 0.592002 0.00288709 
0.932566 1.26624 1.75631 0.751661 1.68888 0.993487 2.33456 0.67145 0.738014 0.484554 0.364367 0.110827 
0.930751 1.0629 1.97934 0.697925 1.63641 0.580467 2.22715 1.18669 0.735376 0.941338 0.157025 0.120549 
0.971731 1.36755 2.05246 0.741618 0.799871 -0.269574 1.5224 0.90495 1.3395 0.707865 0.491492 0.207757 
0.993754 1.53867 1.62152 1.38839 1.0312 0.221289 1.97487 0.915576 1.53298 1.04048 0.413617 0.189894 
1.0392 1.35329 1.7666 1.45625 0.934204 -0.243418 1.46569 1.16289 1.40574 0.435202 0.77303 0.227518 
1.08565 1.08745 1.93155 0.884264 1.88067 0.167346 1.57626 1.37321 0.894967 0.421739 0.726427 0.200612 
0.896062 1.21621 1.53741 1.39492 1.2667 0.526782 1.50938 1.13707 0.571355 0.288448 0.593125 0.0424115 
0.941416 1.05217 1.49431 0.760707 0.986992 0.562458 1.52652 0.813571 0.769847 0.531652 0.220963 0.0669744 
0.977101 1.4829 1.59064 0.65642 0.626324 0.0546613 1.00044 1.26442 0.545362 0.82586 0.584093 0.0630215 
0.863505 1.44372 1.94406 0.673694 0.728605 0.372344 0.613781 1.04923 0.984812 0.658349 0.683375 0.0887026 
0.99814 0.960891 1.5164 1.24328 0.283042 0.588691 0.628066 0.615072 0.921369 0.492597 0.783451 0.0146956 
0.843153 1.0282 1.87626 0.876243 0.739257 0.120502 0.968504 0.684562 0.751385 0.240557 0.728722 0.0697845 
0.81849 1.14418 2.12657 0.591305 0.695307 0.0650616 2.21461 0.47876 0.438005 0.442301 0.103705 0.100933 
