-1.00931 0.419043 3.98431 0.858688 -0.0720004 1.74826 1.5032 0.784546 1.01548 0.212602 0.117138 0.193756 
-0.84493 -0.000540153 3.90666 -0.862431 0.29637 0.435877 2.44232 -0.114275 1.0842 0.284621 -0.333804 0.404987 
-0.953814 0.0686966 4.12719 0.555947 0.548954 0.564245 2.90184 -0.552724 0.726169 -0.208984 0.140006 0.281916 
-1.14548 0.0135005 4.34085 0.886877 0.705892 0.931418 2.13144 -0.291262 0.911315 -0.405467 0.375127 0.000535246 
-0.967723 -0.206093 4.65825 0.261802 1.34959 0.971183 2.58095 0.461842 1.54999 -0.369956 0.443687 0.156512 
-1.01461 -0.176876 5.07639 0.48173 1.23482 0.306045 2.31776 0.488157 1.42303 -0.424152 0.319535 0.376542 
-1.114 0.0696808 3.48884 2.04587 0.375945 -0.35558 1.52837 0.486195 0.314437 0.110231 -0.0585687 0.292159 
-0.970961 -0.383485 3.32073 2.20541 0.00792556 -0.36638 1.30738 0.732807 0.359741 -0.00755834 0.0193707 0.031297 
-0.721137 -0.700967 3.37911 1.20412 0.673744 1.41718 1.20926 0.734998 0.796671 -0.264023 0.236063 0.000134409 
-0.473095 -0.310617 3.06447 0.644575 0.707182 1.16107 1.50577 0.133887 1.08415 -0.0134364 -0.287086 0.355677 
0.175598 0.201371 3.35376 0.557576 0.50155 -0.631923 1.56363 0.316177 1.22053 0.0116728 -0.0435752 0.346687 
0.624262 0.714145 3.29652 1.238 0.672938 1.2576 1.92278 0.975075 0.413215 0.164704 -0.161129 0.157582 
1.56634 1.38721 1.56195 0.0247923 0.023916 1.01642 0.554048 -0.50203 0.922038 0.803376 0.116482 0.00480755 
2.25821 1.10027 0.790412 -0.621271 0.674532 0.562413 -0.186267 -0.510108 0.647155 0.396731 0.212066 -0.0114258 
2.50141 0.534004 0.058751 -0.312145 0.823659 0.214165 0.0680579 -0.908299 0.911146 0.413777 0.0305819 0.0218403 
2.40866 0.868314 -0.0338219 0.0635032 0.593087 0.40947 -0.559113 0.0519679 0.380537 0.105376 0.0495571 -0.108197 
2.50167 0.60575 -0.478056 0.00197322 1.30051 0.366951 -0.932126 -0.224986 0.512903 0.454465 0.245866 -0.0806296 
2.6497 0.519938 -0.678291 -0.618904 1.14396 0.273506 -0.0224757 -0.938977 0.653386 0.304233 -0.052728 -0.105018 
2.65331 0.614308 -0.752701 -0.652927 0.801331 0.376144 0.211789 -1.2067 0.565528 0.210986 -0.0137446 -0.0709307 
2.69373 0.857525 -0.681796 -0.999264 0.958312 0.357942 -0.351041 -1.09254 0.892395 0.443227 0.027614 -0.160396 
2.69421 1.00523 -0.401378 -0.691689 0.95358 0.562899 -1.15259 -0.512355 0.867639 0.332999 -0.00956814 -0.226477 
2.77499 0.952237 -0.375344 -0.291435 0.311724 0.459512 -0.581489 -0.501422 1.09063 0.391366 -0.0816326 -0.152774 
2.62389 1.2633 -0.0927408 -0.878039 1.36211 0.356622 -0.891914 -0.100528 1.00906 0.0183583 -0.161529 -0.179394 
2.68752 1.30767 0.294245 -0.460625 1.12118 0.287527 -0.256276 0.0379875 1.15569 -0.356761 -0.418567 -0.021729 
2.5268 1.64764 0.323799 0.164721 1.98963 0.720518 -0.348938 0.387845 0.65526 -0.527911 -0.303206 -0.0486249 
2.50157 1.3227 0.351723 0.0506543 1.8327 0.949069 0.234704 0.656147 0.72008 -0.183981 0.0247133 0.163953 
2.47219 1.30573 0.761732 -0.48037 1.2167 0.743812 -0.186832 0.457057 1.68528 0.29624 0.22391 0.17629 
2.56447 1.18106 0.60626 0.0202805 0.638313 0.710512 -0.26013 0.173165 1.9328 0.617591 0.264673 0.219876 
2.40667 1.3253 0.65431 1.00166 0.590618 0.619525 -0.806707 -0.143398 1.89708 0.453993 -0.0716105 -0.0746261 
2.40048 1.84176 0.500469 0.355942 0.957877 0.0632301 -0.511019 0.318462 1.08755 0.185323 0.072245 -0.0616095 
2.67363 1.94478 0.272691 -0.0603775 1.09705 -0.627124 0.716578 -0.557467 0.941582 0.372756 0.165897 0.0769024 
2.461 2.01494 0.629365 0.434214 0.887275 0.0390471 -0.294391 -0.139291 0.963683 0.6101 0.28651 -0.0355679 
2.74408 1.73223 -0.233514 0.26238 1.72474 -0.549711 0.378417 -0.701471 1.25853 0.64839 0.128057 -0.100116 
2.99707 1.84912 -1.15962 -0.299623 2.45879 -0.657069 0.608988 -0.425057 0.953683 0.63547 -0.103859 -0.0605177 
2.86909 1.7884 -1.01995 -0.298098 1.87411 -0.287199 0.489949 -0.531272 1.06578 0.503244 -0.0229735 -0.198336 
2.83019 1.72733 -0.912892 -0.396623 2.03185 0.00235093 -0.0633592 -0.288297 0.628026 0.587263 -0.0685818 -0.273405 
3.00013 1.759 -1.07913 -0.202258 2.30789 -0.608161 0.302556 -0.905238 0.837532 0.864899 0.11931 -0.179206 
2.86876 2.1525 -0.996625 -0.418607 2.34001 -0.579937 0.429327 -0.917858 0.761187 1.06014 0.308527 -0.0527004 
2.68236 1.94319 -0.642705 -0.26589 1.52385 0.207748 0.550849 -0.0965369 0.508188 0.82808 0.426099 0.0341703 
2.84294 1.80581 -0.943879 -0.56538 2.18506 -0.263893 0.950697 -0.0347603 0.568824 0.878349 0.283014 0.132431 
2.69858 1.80572 -0.410632 -0.628327 1.73465 0.323579 0.634739 0.0259432 0.673361 0.823863 0.377863 0.0425321 
2.8077 1.87179 0.3505 -0.955841 1.06211 1.03712 0.648153 0.932638 0.00382798 0.700992 0.579919 0.13458 
2.53347 2.17742 -0.0125767 -0.746633 0.796038 1.36585 1.5177 1.01371 0.161922 0.602623 0.480748 0.296517 
2.67005 2.00432 0.0200691 -0.450725 1.43258 0.591612 1.2117 1.18833 0.0788871 0.760172 0.448161 0.261147 
2.46569 1.75982 0.50058 -0.270958 0.795459 0.507249 0.99583 0.699509 0.53488 0.919859 0.662944 0.274663 
2.43152 2.10034 0.893234 -0.129583 0.780425 0.996831 1.05916 -0.0746028 0.571597 1.2749 0.742208 0.251817 
2.30067 2.14496 0.962081 0.57165 1.45462 1.10624 0.210126 0.307801 1.29691 1.26089 0.478386 -0.0312465 
2.38854 2.00932 1.09633 0.669516 1.43339 0.303117 0.404705 0.598461 1.85101 1.35155 0.498808 0.042802 
2.39987 1.99747 0.787631 -0.144374 1.01617 1.3157 1.43284 0.514759 1.16563 0.975156 0.645082 0.276133 
2.4455 1.89832 1.32967 0.278941 1.00917 1.37879 0.904774 0.732804 1.20058 1.11654 0.527738 0.123107 
2.30567 2.09498 1.19239 0.212295 1.05209 1.61844 1.8102 0.529894 0.613351 1.05919 0.404765 0.134667 
2.40752 1.96808 1.2296 -0.022268 0.746328 1.60899 2.31883 0.447312 0.672899 0.786116 0.417913 0.26461 
2.12616 1.82159 0.954297 0.449227 1.02771 1.70458 1.71974 0.65579 0.452901 0.67153 0.70587 0.422706 
2.1706 1.6257 0.871002 0.318644 1.99507 1.63154 1.83282 0.806762 0.435611 0.446949 0.504619 0.360567 
2.26523 1.94629 1.51789 0.275478 2.17848 2.4013 2.56734 0.282338 0.325164 0.759716 0.313101 0.276396 
2.15786 2.36765 1.18898 0.717306 1.69365 2.50893 2.93604 0.212767 0.482986 0.714634 0.364763 0.301805 
2.20305 2.18129 1.47932 0.338798 1.26949 2.45407 2.20069 1.01857 0.364853 0.761945 0.425521 0.310146 
2.18357 2.24769 1.75835 0.495832 1.5281 2.36185 2.21691 0.90248 0.566784 0.540324 0.28063 0.239838 
1.96237 2.24267 1.61996 1.106 1.78608 2.16545 2.03325 0.74063 0.651951 0.624935 0.174499 0.123749 
1.93077 2.08868 1.487 1.55307 2.18979 1.79186 2.39709 0.543218 0.936321 0.256401 0.163475 0.109436 
1.8216 2.11773 1.72228 1.52372 2.05906 1.69165 2.08421 0.929738 1.44363 0.52689 0.190028 0.107103 
1.90279 2.01457 1.89337 1.00756 2.19045 1.7096 2.19334 1.09726 1.01877 0.891622 0.264438 0.183727 
1.79515 2.18197 1.9042 1.20471 2.17081 1.66163 1.8804 1.1161 1.67398 0.712319 0.331643 0.188764 
1.94652 2.41183 1.8574 0.883412 1.12167 1.24274 1.10753 1.2747 1.77045 0.830191 0.489728 0.1777 
1.96388 2.38439 1.85931 0.634247 1.34003 1.3915 2.10914 0.896922 1.31547 1.02084 0.229975 0.128876 
1.82599 2.45126 2.09619 0.603652 1.14164 0.93879 1.53923 0.808243 1.9652 0.42943 0.307301 0.11854 
1.76569 1.9842 2.52422 0.855818 0.963104 0.280289 0.7094 0.604859 2.11775 0.828503 -0.0593154 0.0650865 
1.58878 1.82635 2.77737 0.117628 0.792919 0.822056 0.40827 1.08851 1.72736 1.00536 0.0290289 0.0758665 
1.71412 1.87772 2.06649 0.0300643 1.56306 1.20662 0.736853 1.1803 1.30563 0.649982 0.251048 0.0493012 
1.87969 1.88131 1.93763 0.160901 2.1127 0.883983 1.33348 1.22506 0.915555 0.978886 0.123677 0.0315724 
1.68353 1.78925 1.58611 0.837926 1.28241 0.836189 0.957769 0.929046 1.54185 0.374417 0.253598 0.102621 
1.67842 1.30006 1.82895 1.05324 1.41998 1.56513 1.13741 0.820655 1.77723 0.0550744 0.290736 0.252855 
1.74098 1.42071 1.06109 0.722412 2.36676 1.9381 1.74069 0.444362 0.648504 0.127535 -0.0353082 0.058162 
1.65196 1.67916 1.5255 0.472806 1.29946 0.585531 1.35975 1.03512 1.49566 1.02358 0.503594 0.217786 
1.56362 1.87978 1.94469 0.402431 0.876766 1.06085 1.4543 1.60945 0.87634 1.25486 0.46436 0.162323 
1.55644 1.97353 1.82674 0.261822 2.06024 1.84764 1.92016 1.3768 1.41166 0.940372 0.0722879 0.123468 
1.65097 2.14927 2.36404 0.329449 1.99258 1.08506 2.27262 1.33054 1.58098 0.71481 0.0497167 0.148971 
1.60084 2.0615 2.19678 0.507444 1.45868 1.41385 1.62338 0.892093 1.62282 0.148221 0.143511 0.100128 
1.48704 1.86023 2.51441 1.09658 1.68435 1.23069 1.58403 0.381638 1.97754 0.363358 0.138863 0.215503 
1.3565 2.12093 1.88977 1.17671 1.87367 0.896163 1.52588 1.22133 1.68575 0.59216 0.384256 0.174247 
1.44062 2.08904 2.53124 1.21991 1.81995 0.628565 2.01852 2.09866 1.30319 0.556009 0.321867 0.163808 
1.54875 1.99103 2.12681 1.49248 2.74488 1.3776 1.16449 1.45926 0.571458 1.07763 0.397952 0.200023 
1.53164 1.92343 2.00962 2.00613 2.07376 0.91876 2.06913 1.24934 1.31746 0.886558 0.320848 0.231067 
1.42835 2.16442 2.87116 1.65886 2.29293 1.3223 2.77299 1.49431 1.70133 0.335885 0.217929 0.231946 
1.4508 1.68142 2.64154 2.06664 1.99922 1.87103 3.23299 1.36501 0.994627 0.517492 0.156687 0.178316 
1.38233 1.7808 2.13226 1.48132 1.48822 1.62682 2.08115 0.711967 1.43788 0.175265 0.468103 0.220134 
1.40168 1.7887 2.51535 1.5911 2.2517 0.870667 1.22232 1.66695 1.68367 0.238554 0.161268 0.189255 
1.21599 1.6541 2.32861 1.56395 2.01736 1.26233 2.00846 1.67037 1.07377 -0.199889 0.260233 0.133676 
1.25034 1.91168 2.62288 1.00965 1.04403 1.46558 1.80095 0.710295 1.45635 0.130115 0.414639 0.154343 
1.25314 1.84404 2.82241 1.30841 1.52218 0.321523 0.960029 1.08629 1.20055 0.663868 0.238254 0.230867 
1.19051 1.86993 2.6829 1.13575 1.52445 0.848021 1.28789 1.68702 0.706397 0.471895 0.394615 0.0953267 
1.28084 1.82316 2.59495 1.29749 1.77334 0.880652 1.24639 2.10215 0.940614 0.565659 0.214734 0.112401 
1.43586 1.94698 2.59944 0.968724 2.19377 0.747599 1.7892 1.25735 0.45653 0.465291 0.46707 0.192685 
1.37006 1.84234 2.05689 1.29897 1.62559 -0.0374295 1.699 0.73946 0.869089 0.498172 0.389964 0.209962 
1.08715 1.77318 1.9038 1.20118 2.23743 0.265093 1.80703 1.00329 1.28756 0.206999 0.386179 0.200272 
1.0897 1.20445 0.942999 1.15248 1.88869 1.41122 2.87167 1.40627 0.952287 -0.259759 0.148676 0.174017 
1.19986 1.07641 1.00321 0.844283 1.82223 0.699129 2.28884 0.572528 0.346871 -0.286274 -0.158002 0.113504 
1.26787 1.6907 1.90418 0.472919 2.47924 0.801443 1.36565 1.54958 0.327808 0.418379 0.213985 0.0647096 
1.26527 1.44643 2.21767 1.16235 2.36168 0.731603 1.45873 1.18824 0.814753 0.166807 0.175778 0.167379 
1.13887 1.58071 1.87149 1.04204 1.52615 0.675878 1.61203 0.27486 1.3842 0.475181 0.645523 0.233507 
1.15024 1.66075 1.69633 1.35719 2.67206 0.387461 0.973392 0.969872 1.30999 0.48144 0.56129 0.183865 
1.04619 2.1203 1.76403 1.27834 2.10324 0.100948 1.34052 0.970571 1.39563 -0.175055 0.746543 0.09354 
1.05757 1.69022 1.94845 1.03933 1.75912 0.267229 0.738581 0.397688 0.955653 0.432005 0.918462 0.130448 
1.12798 1.45278 1.57328 0.788459 1.66104 -0.0779732 0.677156 0.584889 0.72837 0.189864 0.383096 0.0509957 
1.22142 1.34274 1.9789 1.09934 0.965528 0.424844 1.24963 1.60858 1.42063 0.438547 0.381969 0.138623 
1.17127 1.3701 1.31887 0.894058 0.740092 1.57837 2.0272 1.27797 1.68099 -0.00509766 1.13661 0.156943 
1.05849 1.59343 1.97851 1.05108 1.23032 0.32726 1.86184 0.713606 0.714805 0.154475 0.45601 0.106554 
1.13851 1.51323 2.375 1.05024 1.8627 -0.228347 1.34662 0.999981 0.525013 0.0998483 0.475259 0.162407 
1.2176 1.67287 2.32754 1.67388 2.20556 -0.0925166 1.44673 1.17885 1.32418 0.345075 0.0759616 0.22875 
1.15927 1.8459 2.08172 1.37991 2.34457 -0.124196 1.83194 1.48964 0.454211 -0.140271 0.462402 0.174048 
1.09767 1.20307 1.97798 1.50387 1.69853 0.724841 2.00419 0.74829 0.856535 0.065287 0.435866 0.184802 
1.18705 1.32623 1.86733 1.67344 0.818355 1.12324 1.30115 0.594837 0.715203 0.415473 0.403158 0.129665 
1.13173 1.55445 2.39724 1.30406 1.5569 0.555825 0.451873 0.336878 1.50249 0.520276 -0.0135004 0.19555 
1.18347 1.45802 2.19799 0.564669 1.27401 0.543861 1.9124 0.393777 0.828197 -0.154162 0.219839 0.154828 
1.14811 1.5554 1.61258 0.577704 1.24587 0.540111 1.76822 0.538947 -0.0894338 -0.780443 0.414133 0.0366166 
1.12565 1.77618 2.08538 0.558947 2.01202 1.05825 1.1923 0.559042 0.117237 -0.473879 0.516148 0.0340968 
1.10137 1.54744 1.56975 1.25696 2.15634 1.62246 1.7649 1.03559 1.63857 -0.207958 0.264967 0.139943 
1.24201 1.66953 1.54441 0.433044 1.50254 1.41889 1.12632 1.25619 1.86723 -0.0319397 0.327323 0.0807478 
1.13087 1.77445 2.04209 0.502219 1.2916 0.484077 1.13357 1.15294 1.13292 -0.297699 0.316529 0.0575543 
