0.478986 0.964206 0.853821 0.744682 1.03023 0.238167 0.579523 -0.373672 0.841454 0.660467 0.0463123 -0.0405852 
0.532945 0.69594 1.0645 1.28731 -0.284934 -0.273213 0.409588 0.164733 0.771364 0.0752488 0.466481 -0.0253453 
0.550914 0.438388 1.30025 1.12617 -0.58964 0.409953 1.05029 -0.0876492 0.813158 0.368985 0.147453 -0.0103709 
0.565207 0.601118 1.30408 1.18041 -0.321117 -0.0366874 0.825808 -0.50043 1.43202 0.556983 -0.0763845 -0.0905839 
0.545997 0.728551 0.942992 0.347892 0.434385 0.240025 0.0789532 0.225373 1.03211 0.190468 -0.292485 -0.0222735 
0.526151 0.733879 1.28313 1.20873 0.530845 -0.292032 0.6999 0.564162 0.851908 0.534652 -0.35366 0.0689185 
0.434606 0.811827 1.426 0.834339 0.995997 0.146724 0.586949 0.84865 0.703849 0.370312 -0.10989 0.0345246 
0.448493 0.948978 1.34965 0.475264 1.31778 1.34817 0.495778 0.23597 1.01859 0.142543 0.186858 -0.0872615 
0.401843 1.1282 1.49548 0.706243 0.901769 1.47112 0.887501 0.22851 0.498102 -0.0605345 -0.123035 0.0860222 
0.318603 0.702815 1.4157 0.960746 0.868022 -0.0177916 1.55707 0.716051 0.356751 0.890358 0.153056 -0.0613253 
0.437057 0.480327 1.65013 0.5375 1.60238 0.472933 1.00057 0.794123 0.829718 0.0819881 0.467534 -0.0466273 
0.644122 0.702964 1.34453 1.01321 1.76519 0.710356 0.480078 0.64053 0.968034 1.06809 0.25246 -0.0674479 
0.831968 0.490219 1.57973 0.259421 1.52214 1.04542 0.72774 0.908624 1.16384 0.864348 0.19442 -0.0682525 
0.874524 0.861221 1.62511 -0.235963 0.931836 0.0614056 1.41241 0.841961 1.15577 0.87019 -0.176404 0.0277678 
0.950751 1.10772 -0.0345928 -0.969183 1.47913 0.537175 2.35915 0.717692 0.578417 0.265263 0.408848 -0.203372 
0.862812 1.44118 -0.220534 -1.62237 1.59131 0.678046 2.18576 -0.681328 1.19501 0.266153 0.554977 -0.352306 
0.74456 1.41776 -0.255248 -0.685201 0.983907 0.194949 2.11482 -1.19395 1.29038 0.75499 0.856092 -0.500501 
0.932817 1.07373 -0.0837943 0.257578 0.562369 0.27412 2.00061 -1.5759 2.37383 1.29923 1.13536 -0.347392 
1.24595 1.33577 0.978895 0.465769 0.645799 0.165283 1.59825 0.357876 1.83051 1.38923 0.212951 -0.0827441 
1.99076 1.75851 -0.258541 0.110778 1.95058 0.359774 0.361259 -0.414394 1.8437 1.18067 0.526388 -0.2144 
2.04778 2.04148 0.0545242 0.0839004 2.19612 -0.369948 0.280128 -0.373435 1.70406 1.34026 0.341365 -0.169659 
2.18277 2.06225 0.23494 -0.193374 2.84446 -1.16465 0.126957 -0.42971 2.06404 1.14164 0.0694648 -0.121349 
2.28281 2.22294 0.272525 -0.175969 2.75585 -0.508419 -0.672133 -0.348195 1.8767 0.98259 0.248069 -0.268918 
2.12162 2.63066 0.755039 0.708885 2.75911 -0.502138 -0.231413 -1.37242 1.83982 1.13443 0.393053 -0.159827 
2.0244 2.76842 0.900369 0.167372 3.33488 -0.901725 -0.484705 -0.974174 1.69719 0.617858 0.340115 -0.143355 
2.17056 2.60406 0.800351 0.24907 3.05171 -0.554141 -1.06191 -0.559298 1.66169 0.494563 0.249506 -0.295632 
2.12188 2.53641 0.871218 0.378211 3.22529 -0.0353887 -0.137247 0.370492 1.07745 -0.216017 -0.178579 -0.326526 
2.06654 2.6154 0.924799 0.901012 3.04074 0.254809 -0.0712606 0.583787 1.28829 -0.479144 -0.225797 -0.406476 
1.97205 2.52879 1.65048 0.486754 3.37973 0.367523 -0.266276 0.328305 0.9858 -0.197003 -0.0144892 -0.284994 
1.76706 2.69692 1.90839 0.439158 3.615 0.425588 0.209392 -0.319679 0.738736 0.0987528 0.0605322 -0.113338 
1.8544 2.66975 1.81563 0.429265 3.5993 -0.313156 -0.30808 -0.213852 1.45368 0.0837424 0.165055 -0.130595 
1.78506 2.75247 2.12062 0.623462 3.26742 -0.468088 -0.120983 -0.262217 1.15401 -0.179907 0.13321 -0.0474555 
1.61868 2.72379 2.37892 0.781943 3.17828 -0.415738 0.44832 -0.202963 0.474042 -0.257055 0.0306005 0.00360835 
1.80249 2.75945 1.74898 0.722324 3.69667 0.0838599 0.291823 0.104287 0.262955 -0.279499 0.00171284 -0.144488 
1.77983 2.74464 1.80116 1.0389 3.17887 0.0251344 0.234932 0.0498125 -0.00899475 -0.455941 0.0331045 -0.09186 
1.72194 2.85364 2.25449 1.19459 3.39873 0.130101 0.0597187 -0.234716 0.54884 -0.564336 0.138097 -0.124255 
1.76145 2.91536 2.47764 1.05922 3.60065 -0.639778 -0.1302 0.324595 0.751431 -0.573191 0.0152988 -0.15057 
1.64312 2.95281 2.74311 1.05027 3.62438 0.0167469 -0.0253692 0.521169 0.674315 -0.491262 0.136318 -0.188027 
1.70272 3.11141 2.84496 0.797199 3.82753 0.11901 0.533974 0.281107 0.975293 -0.619213 0.218734 -0.109513 
1.81692 3.09145 2.37023 1.48419 3.59734 0.138761 1.25685 -0.298747 0.690596 -0.00326474 -0.0837439 0.0360784 
1.74669 2.71873 2.7355 2.12825 3.04324 0.390774 0.713672 0.348085 0.786858 0.0911837 -0.0633262 -0.0106646 
1.62286 3.08866 2.7288 1.99641 3.20382 0.314183 -0.280834 1.36021 0.803119 -0.23091 0.228686 -0.14771 
1.61023 3.13699 2.59505 1.34864 3.56367 0.113014 0.146905 1.32179 0.446253 -0.406971 0.293467 -0.237297 
1.75077 2.80392 2.72269 1.21698 2.96726 0.190776 0.441711 0.629547 0.531169 -0.499467 0.139108 -0.0683784 
1.55759 3.19188 3.41698 1.42633 2.37554 -0.247072 0.554999 0.539936 -0.0826737 -0.743 0.299361 -0.148837 
1.75223 2.99751 2.82278 1.63339 2.19988 0.771208 1.09013 -0.0130509 0.440227 -0.550468 0.0798259 -0.0651089 
1.98167 2.85853 3.07069 1.08882 3.45443 0.669459 0.180169 -0.124311 0.428712 -0.506205 -0.0942527 -0.0918213 
1.99405 2.92146 2.69645 1.324 2.42258 0.820035 0.685303 0.82922 0.198328 -0.961133 -0.102228 -0.221994 
1.81248 2.96165 2.87579 1.61221 2.81251 0.822982 0.724088 0.629957 -0.226385 -0.946998 -0.0164633 -0.22893 
1.88068 2.90646 2.93413 0.816629 2.8473 0.810877 1.36538 0.40274 0.137218 -1.33623 -0.0982861 -0.167849 
1.82754 2.88129 2.94714 1.83083 2.78044 0.502314 0.282611 0.254237 0.567952 -0.625372 0.0188893 -0.103805 
1.84863 2.6803 2.67515 1.87854 2.88819 0.604727 0.616298 0.147963 0.98867 -0.584967 -0.0275157 -0.0833385 
1.829 2.50279 2.21524 1.8866 1.91872 1.51537 1.10889 0.651063 1.24577 -0.19914 -0.0101429 -0.090006 
1.66135 2.63626 2.13909 1.62123 2.4345 0.937261 0.36636 0.461028 1.18475 0.364117 -0.158546 -0.117322 
1.73188 2.49833 2.42617 1.78883 1.89975 0.492157 0.715637 -0.0297976 0.59096 0.400586 -0.115027 -0.0132867 
1.73536 2.34017 2.31975 1.43007 1.70374 -0.0249459 1.0985 0.758139 0.280938 -0.587864 -0.0535007 -0.0830065 
1.74486 2.54806 2.15996 1.48226 1.52524 0.379344 0.451737 0.371734 0.861228 -0.394971 -0.0743657 -0.150471 
1.64107 2.39956 2.1641 1.13276 0.637715 0.891239 0.861064 0.368728 0.469967 -0.29588 0.00698571 -0.0943072 
1.51707 2.14543 2.28636 1.25203 2.01008 0.601982 0.505452 0.149436 0.359647 0.326616 -0.257176 -0.0744888 
1.61455 2.2762 2.65016 1.42425 1.82972 0.0106179 1.04412 -0.169454 0.00774522 0.694349 -0.121658 0.0698953 
1.69149 2.2997 2.5094 0.441053 1.00236 0.342768 0.640549 0.761107 0.763585 0.678881 0.302997 0.150554 
1.44107 2.00549 2.97933 0.938263 0.729946 0.579452 0.340535 1.21741 1.03837 1.08306 0.363471 0.236304 
1.5582 2.15496 2.70857 0.557127 1.11203 -0.20301 1.22971 0.806037 1.31784 0.218614 0.47523 0.263757 
1.53792 2.50363 2.23238 1.50548 2.11549 0.0985357 0.866689 1.1893 0.896526 -0.366678 0.379175 0.0572189 
1.62956 2.20078 2.35933 1.17317 1.59262 1.58531 0.743056 0.365185 1.03427 0.787613 0.0728527 0.117152 
1.53112 1.84084 2.09791 0.687571 1.38107 0.626139 1.1241 0.455187 0.864695 0.44481 0.531434 0.210573 
1.61647 1.9646 2.48598 1.02357 1.87394 0.0442221 0.354102 0.977242 1.13592 -0.0567423 0.296868 0.126064 
1.66806 1.96838 2.85232 0.587664 2.31175 0.145106 1.14767 0.860324 0.793439 0.045535 0.104985 0.159917 
1.5491 2.19037 2.62443 0.913621 1.92721 0.0546533 1.25384 0.555741 1.13787 -0.0398409 0.320901 0.203962 
1.59422 2.05681 2.62796 0.716671 1.81103 0.348544 1.60719 0.952465 1.41893 -0.137049 0.435357 0.25925 
1.70692 2.1916 1.88421 0.409898 2.20014 0.530567 0.825838 1.46431 1.43756 0.293951 0.673076 0.227803 
1.58857 2.03034 2.42723 1.08546 2.56779 0.972331 1.27363 1.15022 0.980702 0.763812 0.397479 0.234393 
1.49486 2.17713 2.74522 1.85214 1.8853 1.0546 1.7016 1.42713 0.727547 0.242483 0.311176 0.121392 
1.43633 2.03939 2.57873 1.49654 1.03185 0.458304 1.77606 1.21083 0.786093 0.0507427 0.404453 0.096609 
1.30986 2.03643 2.26299 0.770554 1.10519 0.184365 0.954676 0.644861 0.733142 0.588051 0.425635 0.192057 
1.31594 1.71651 1.68061 0.688042 0.622265 1.1582 0.721199 0.832057 0.687793 0.725875 0.207121 0.0828612 
1.44547 1.62805 2.0451 0.948711 1.72913 0.509921 1.17921 0.623181 0.226654 0.423085 0.204082 0.106297 
1.53378 1.8435 1.89966 0.0562702 1.95803 -0.228928 1.0429 0.979062 0.815044 0.59381 0.458534 0.250494 
1.44828 1.74125 2.30447 0.80498 1.10752 0.171856 0.814163 0.573438 1.75589 0.800279 0.469617 0.296916 
1.28287 1.72321 2.55232 1.12743 0.736759 0.503258 1.10544 0.713115 1.3561 0.819711 0.514903 0.267144 
1.35535 1.3531 2.16182 0.636769 1.09741 0.935241 0.583397 1.64585 1.04239 0.909633 0.749258 0.18548 
1.26974 1.63421 2.07657 0.577084 1.19182 0.332833 -0.133482 0.142953 0.556417 0.5309 0.722727 0.216495 
1.32499 1.63079 1.94806 0.843506 1.43473 0.124146 0.699522 0.492676 0.134575 0.452485 0.719905 0.222838 
1.38969 1.54896 2.07494 0.253841 1.92726 0.441939 1.59352 0.650801 0.274371 0.406806 0.514341 0.239991 
1.33651 1.82794 1.47785 0.409088 2.11191 0.327357 0.842163 0.496437 0.74358 0.106936 0.578719 0.147204 
1.37395 1.79943 2.01008 1.17934 0.921714 0.464064 1.58919 0.249163 0.198839 0.369911 0.769419 0.182093 
1.17872 1.8166 1.9639 1.0487 1.13953 0.527149 1.72676 0.206601 0.664027 0.55704 0.902146 0.195197 
1.12001 1.57359 1.70532 1.10857 1.38271 1.09778 1.23901 0.412824 0.919301 0.430116 0.62897 0.0941313 
1.056 1.5827 2.23407 0.741889 1.16622 0.113332 0.599665 -0.0966346 0.80143 0.618218 0.411036 0.126836 
1.15141 1.36258 2.09921 0.820755 1.95149 0.407765 1.42287 0.920392 0.468229 0.103591 0.229482 0.0813311 
1.05805 1.63209 1.86529 0.783065 1.49094 1.02937 1.63215 0.0527364 0.585717 -0.083239 0.565057 0.072408 
1.02432 1.40332 2.07643 0.697902 1.15464 0.986781 1.79744 -0.0060505 1.29055 0.518424 0.611377 0.178618 
1.21537 1.14306 1.84541 0.915727 1.51871 1.07381 1.25519 0.0450577 0.954349 -0.122509 0.667079 0.168932 
1.18289 1.43115 1.46666 0.944375 1.49734 0.615375 1.21018 0.647378 0.893871 0.492603 0.44484 0.0725381 
1.18316 1.32799 1.76792 0.180324 1.3191 0.202951 1.03555 0.714953 0.696067 0.346369 0.500529 0.121109 
1.11546 1.69737 2.32196 0.369288 1.14418 0.31884 1.46388 0.463918 0.680435 0.827949 0.493197 0.135772 
1.07572 1.79087 1.74679 0.614476 0.594126 0.359527 0.875005 0.28738 0.521351 0.650141 0.727371 0.0823121 
1.05032 1.81698 2.08091 0.852298 1.27336 -0.170207 0.278378 1.49475 0.6666 0.441581 0.806623 0.0842578 
1.07414 1.23148 2.64994 1.57443 1.40005 -0.902254 0.424066 0.972627 1.5559 1.01705 0.378904 0.374 
1.07175 1.03501 2.54483 0.787141 1.50576 0.000252037 0.53395 0.166088 1.51554 1.12385 0.679186 0.263804 
0.903604 1.51826 2.09797 0.846684 1.83782 0.199827 0.430681 0.335764 1.04828 0.453734 0.468314 0.0421372 
0.939377 1.59289 2.32735 0.903337 1.66975 0.105845 0.400943 0.421016 1.29167 0.567322 0.173241 0.198318 
0.929416 1.35302 1.71014 0.516139 2.1083 0.953131 0.965143 0.931138 1.58753 0.170979 0.101233 0.13049 
0.940661 1.0594 1.44061 0.372954 1.72834 0.884668 0.996483 0.754328 0.914134 0.710058 0.620706 0.0366693 
0.972957 1.14382 2.14423 0.170909 1.21078 0.171777 0.487581 -0.168971 0.85148 0.278557 0.276939 0.127185 
0.816316 1.07384 2.53765 0.508933 0.658063 0.100128 0.0973023 -0.0775159 1.267 0.332776 0.765364 0.105057 
