0.446879 1.36956 1.00742 0.815112 0.352828 0.779213 0.777149 0.753736 0.99027 -0.0932573 0.757558 -0.299798 
0.338964 1.12245 0.192492 -0.0226525 -0.135606 0.497892 0.578187 0.495835 0.850091 -0.226702 0.811687 -0.655261 
0.573395 0.949519 0.24751 0.360207 0.2054 0.899087 1.09941 0.43154 0.591401 -0.558206 0.172796 -0.332191 
0.333555 1.34267 0.713102 0.668084 1.40416 0.228299 0.946908 -0.0532815 0.702792 -0.259058 0.574161 -0.452668 
0.283076 1.43946 0.548261 0.468925 1.06188 0.141888 0.804841 -0.134231 1.43423 0.0604145 0.763721 -0.511905 
0.455725 0.721869 0.220081 -0.010705 0.280314 -0.140537 0.347499 0.605948 0.470539 -0.559788 0.514027 -0.557279 
0.286702 1.03754 0.345581 0.0922725 0.607023 -0.226532 0.849598 0.86904 0.778739 -0.576624 0.339665 -0.73938 
0.2641 0.852857 0.843748 0.0636272 0.949292 -1.03529 0.743893 2.10038 1.00288 -0.461438 0.209503 -0.77614 
0.390576 0.570515 1.1241 0.459833 1.0939 -1.30671 0.437913 2.4219 1.31999 -1.14619 0.353657 -0.429729 
0.361757 -0.131407 0.856533 0.657731 0.471561 -0.562217 1.11559 1.24535 1.70882 -1.17213 0.378924 -0.062529 
0.325983 -0.329889 1.67468 0.229098 0.111875 0.241161 1.7897 0.801457 1.37725 0.0249392 0.0459692 -0.568277 
0.593384 -0.400856 1.6169 0.399329 0.313877 0.623107 1.92806 0.653552 0.541825 0.0665905 -0.669711 -0.68223 
0.62482 -0.154387 0.836011 1.04195 1.29342 0.500322 0.874217 1.19451 0.619634 -1.2832 -0.315128 -0.381561 
0.770967 -0.24783 0.291074 0.485104 1.51369 0.132492 0.351884 1.57359 0.644986 -1.73519 -0.234371 -0.374396 
0.702629 -1.01243 0.945398 -0.477015 1.39609 -0.536217 0.636665 1.06759 0.33106 -0.645218 -0.0970403 -0.312209 
0.327807 -1.711 0.920512 0.0464352 1.78661 -0.838598 0.0734727 0.419627 1.45211 -0.456744 0.0550746 -0.377053 
0.531647 -1.3899 1.01474 1.20611 1.82608 -0.69941 0.0672302 0.624484 1.94636 -0.800712 -0.0804643 -0.398169 
0.339962 -1.57046 0.891159 2.15317 2.79979 -0.989427 0.314713 0.717935 0.741937 -0.534347 0.227661 -0.128755 
0.40992 -1.72217 0.672305 1.8993 2.06431 -1.4243 0.346444 1.1646 1.3192 -0.468583 0.54377 0.0622157 
0.371379 -1.93907 0.11219 1.27468 1.08646 -1.48067 0.417271 2.40392 1.94814 -0.250242 0.534826 0.0360916 
0.467089 -2.31192 0.710761 1.02127 -0.386889 -1.66362 0.613812 2.68382 1.86259 -0.490926 0.0243313 0.0518801 
0.853972 -2.13059 0.901521 0.866383 0.48132 -1.35312 0.570417 2.30243 1.4307 -0.250604 0.0746812 0.0565169 
0.94042 -1.68734 0.460063 1.21044 1.35561 -1.09275 1.53046 1.62759 1.17015 -0.267344 -0.258154 -0.0431717 
0.98371 -1.29055 0.672049 1.22188 1.47566 -1.62943 1.65519 2.05753 0.776613 -0.34592 -0.488851 -0.126545 
0.788837 -1.14974 1.33467 1.32904 1.0687 -2.01574 1.21705 2.82452 0.951369 -0.381183 -0.0418141 -0.0405488 
1.24554 -0.496823 1.91228 2.14219 1.97908 -1.01971 1.47687 2.25985 0.903727 0.103671 0.282894 0.260542 
2.06298 -0.269684 -0.351165 1.72173 2.82662 0.145566 1.98586 1.44963 0.402359 -0.121569 -0.0189311 0.135736 
2.29638 -0.142726 -1.66361 0.796986 3.10156 0.412677 2.56126 0.634995 1.32108 -0.179265 -0.257733 0.084349 
2.37979 0.02422 -1.89218 0.756686 3.19276 0.619167 2.09661 1.30266 0.70407 -0.328761 -0.300287 0.140029 
2.28722 0.308287 -1.67728 0.772315 2.92544 1.03831 2.28402 1.02485 0.232413 -0.329843 -0.121143 0.135362 
2.26142 0.721933 -1.14666 0.5703 3.13901 1.50341 2.71412 0.597498 -0.0943484 -0.0509558 -0.203023 -0.0159322 
2.25368 0.779438 -1.69084 0.611506 3.84407 1.52347 2.47236 -0.0641051 0.441867 -0.00502728 -0.189292 -0.0134222 
2.18389 0.677474 -1.8669 1.04901 4.14306 1.70741 2.03351 0.145307 0.516571 0.12497 -0.122825 0.0315368 
2.2152 0.658418 -1.93883 1.05901 4.51421 1.78276 1.83503 0.684885 0.389149 0.467534 -0.18384 0.0806435 
2.11821 0.605569 -1.83225 0.62998 3.8542 2.11872 2.5282 0.667247 0.519448 0.398783 -0.0211243 0.0168406 
2.20859 0.495492 -2.5795 1.47201 3.71394 1.74994 2.75738 0.808858 0.951731 0.0328526 0.0520682 0.0387701 
2.05113 0.441768 -2.34314 0.912003 3.9435 1.76495 2.36963 0.809023 1.1426 0.424067 0.0600564 0.056521 
1.93961 0.394444 -1.63769 0.584361 4.07733 1.69697 1.80627 0.387219 0.961558 0.64142 0.194477 0.0532791 
1.96503 0.529906 -1.45355 1.11968 4.40258 2.11929 1.47023 -0.30977 0.279065 0.701282 0.431935 0.155572 
2.02784 0.395809 -1.25768 0.919053 3.75087 2.8433 1.83047 0.5016 0.117053 0.583239 0.338883 0.119359 
2.08872 0.518633 -0.817935 1.17075 3.76354 2.42337 2.12846 0.561793 0.116506 0.648219 0.294113 0.0962057 
2.1454 0.641888 -0.377004 1.49872 4.62405 2.09003 1.7579 -0.0330316 0.572635 0.530752 0.0272714 0.0455882 
2.1811 0.801193 -0.445385 1.02978 4.57495 2.51096 1.69272 0.861629 -0.00703051 0.510768 -0.0748059 -0.00811993 
2.27672 0.477256 -0.572917 0.911076 4.26192 2.85914 1.54949 1.42264 0.227976 0.468577 0.127407 0.0803136 
2.15006 0.583782 -0.524075 1.30854 4.45015 2.13219 2.21096 0.446189 1.00596 0.464115 0.0109716 0.164661 
2.09665 0.927786 -0.201239 1.84884 4.34697 2.25948 2.63816 0.723579 0.895441 0.60575 -0.211329 -0.0603996 
2.01227 0.769381 -0.145582 3.11337 5.21019 1.59133 2.22961 -0.180239 1.50108 0.281546 0.164312 0.2258 
1.96691 0.772706 -0.0697971 2.33283 5.01351 2.09132 1.57521 1.1104 0.955822 0.51056 -0.152356 0.127247 
1.97358 0.950801 0.446946 1.65647 4.3042 1.13098 2.45667 1.66171 1.39904 0.176994 -0.736847 0.0118368 
1.8912 0.877012 -0.00185103 1.71856 4.09782 1.58353 1.94562 0.766329 0.520959 0.495721 0.129593 0.205048 
1.90125 0.878282 0.362464 2.17592 3.96857 2.30102 1.01243 1.44664 0.631754 0.615143 0.073243 0.0757398 
1.80722 1.22564 0.725701 2.11987 3.81223 2.34202 1.41584 1.51853 1.71761 0.622611 -0.164333 -0.0283486 
1.90046 1.27452 0.525436 1.97773 3.83453 2.39836 2.19807 1.85635 1.66417 0.29081 -0.258201 0.0461489 
2.0146 1.06904 0.887533 2.0391 3.5138 2.7652 2.383 1.10389 1.69275 0.290472 -0.0487394 0.141686 
1.96526 1.03464 0.962655 1.8747 3.63258 2.86607 1.55848 0.671671 1.39272 0.572693 0.432183 0.274814 
1.89824 1.47725 1.13432 1.728 4.30217 3.23294 1.50292 1.2497 1.82132 0.832189 0.0796288 -0.0298136 
1.95161 1.41528 1.35715 1.24563 3.90383 2.93971 1.86791 1.39185 1.47426 1.14466 -0.0707502 -0.124117 
1.85153 1.12392 1.05576 1.63855 4.25658 2.15083 1.5587 1.79093 0.813574 0.797938 -0.235874 -0.0896759 
1.78311 0.703283 0.829008 0.983348 4.02856 2.33859 1.20793 1.47339 0.954355 0.306273 -0.212203 -0.0635175 
1.87718 0.90367 0.883668 0.493342 3.34678 3.36791 1.87917 0.770847 0.954621 0.407824 -0.0609246 0.0126691 
1.81201 1.44108 0.412667 0.342693 3.23957 3.07025 3.07059 0.832171 0.92864 0.577999 -0.156104 0.0588922 
1.58691 1.06855 0.539888 0.433708 3.30972 2.25637 2.71036 1.36058 1.67652 0.303264 -0.234436 0.0947554 
1.63192 1.07737 0.421663 0.643077 2.99092 1.78434 2.09437 1.44151 1.43925 0.0748233 -0.404255 -0.0898764 
1.54242 1.1582 0.698693 0.511999 2.60126 2.31724 1.99053 1.06794 1.81631 0.122837 -0.4102 -0.136719 
1.63077 0.83597 0.60633 0.0158795 3.48989 1.99516 1.1641 1.32472 1.31488 0.503497 -0.362422 -0.257565 
1.69284 0.841648 0.521672 0.809152 2.98114 1.44021 0.866743 1.37822 1.68548 0.370267 -0.579975 -0.343474 
1.59293 0.954516 0.422536 1.00913 2.9715 1.63388 1.45751 1.53141 1.40623 0.365662 -0.487876 -0.21858 
1.57194 1.22835 1.08102 0.843896 2.7697 1.34523 1.35518 1.64557 1.08573 0.224668 0.0025785 0.0122212 
1.41245 1.29505 1.7839 1.13046 2.80597 1.55259 1.02135 1.32028 1.18476 0.751884 0.0185267 0.0520444 
1.38754 1.56165 1.3659 0.294371 2.69349 1.60416 0.510481 0.947779 0.924531 0.554246 0.315237 0.0227609 
1.37291 1.2851 0.924637 0.586834 2.1191 1.33514 1.74063 0.776211 0.867473 0.647532 0.230884 0.0921497 
1.35665 1.52223 1.24822 0.637798 2.14221 1.04316 1.92723 0.860994 0.62534 0.424341 0.739046 0.260036 
1.44874 1.4066 1.43585 0.681962 3.19457 1.55951 2.19958 1.08111 0.587839 0.295264 0.455926 0.326437 
1.39332 1.38951 1.47664 1.13608 2.60492 2.13615 2.16329 1.47765 0.987977 0.615193 0.397018 0.264349 
1.2944 1.74398 1.49467 2.14629 3.57019 2.65937 1.57355 1.02587 1.53149 -0.0780668 0.607092 0.219137 
1.40159 1.42593 1.88291 1.67291 3.80105 2.70126 1.87681 1.01922 1.55821 0.761733 0.0266264 0.227971 
1.36427 1.63286 1.80147 1.13501 3.22385 2.13266 1.78389 0.562399 2.28948 1.24184 -0.062746 0.229554 
1.39567 1.73911 2.19397 1.82951 2.98786 1.8552 1.88188 0.685803 1.94421 0.850524 0.247932 0.285035 
1.40038 1.74657 1.95115 1.49329 2.59839 1.87733 1.36692 0.569108 1.07995 1.29735 0.503333 0.274077 
1.21344 1.74203 1.90492 1.02555 1.85734 1.33029 1.30468 0.877674 1.14203 1.17013 0.854428 0.29931 
1.27944 2.06041 2.42134 1.75128 2.58928 1.55501 1.36662 0.719841 1.11609 0.623117 0.569307 0.248622 
1.31034 1.90276 2.57824 2.10147 2.57543 1.9308 1.0152 1.53335 0.783932 0.907383 0.532978 0.23256 
1.35988 1.72946 2.14448 1.61525 2.06724 2.46601 1.34257 1.51662 1.34452 0.545945 0.580038 0.287931 
1.33329 1.69015 2.59845 1.0342 2.74861 2.48462 1.66579 1.79159 1.2534 0.824306 0.289676 0.248104 
1.34079 1.40786 2.75938 1.33051 3.33637 2.65333 1.49907 1.95091 0.994626 0.996195 0.319703 0.21321 
1.20335 1.62174 2.69427 2.06817 3.01222 1.04853 2.24117 1.84889 0.917008 0.799008 0.373293 0.320656 
1.22347 1.44917 2.52122 1.73322 2.3547 1.72105 1.77158 0.964599 1.41537 0.855128 0.481912 0.306551 
1.38196 1.33076 2.35954 1.77387 2.08947 1.99639 2.51738 1.33334 1.4284 0.418044 0.29724 0.294393 
1.29978 1.68746 2.42745 1.36876 2.66421 0.974953 2.48188 1.71111 1.21226 0.846816 0.193382 0.295986 
1.29121 1.50842 2.51334 2.19588 1.75366 1.33181 1.68019 0.947824 1.18276 0.80153 0.629969 0.280036 
1.20974 1.66551 2.75449 1.48674 2.22336 2.29226 1.29149 0.660887 1.1409 0.422411 0.667423 0.273782 
1.10229 1.71085 2.71453 1.23919 2.20449 1.81506 1.81983 1.28131 1.10555 0.431435 0.500361 0.241618 
1.17583 1.71474 2.29805 1.24704 2.21513 2.03382 1.59625 1.51099 1.05035 0.299819 0.196054 0.178074 
1.20018 1.68969 2.12472 0.961351 2.84784 1.04414 1.14104 1.70582 0.626339 0.524417 0.479377 0.140175 
1.24419 1.64867 2.61889 0.531774 2.23796 1.05162 1.81312 0.849929 0.443696 0.812906 0.675213 0.251345 
1.13417 1.6687 1.92038 1.13974 1.76639 0.694729 1.65069 1.41128 1.24284 0.705722 0.185405 0.179812 
1.15442 1.67993 2.05531 1.53561 2.66788 0.583099 1.18179 0.994354 1.00013 0.715009 0.421521 0.219969 
1.19124 1.71727 2.22146 1.80265 2.10733 1.47926 2.0651 0.426908 1.00975 0.522912 0.573706 0.230062 
1.08789 1.6168 2.34685 1.8843 2.32844 1.51312 1.67391 1.00803 0.746261 0.885037 0.26715 0.197007 
1.11967 1.8348 2.26437 2.02426 2.75648 0.997188 0.772415 0.566432 0.328462 0.867728 0.52135 0.123578 
1.17018 1.48451 2.22444 1.41773 1.87216 1.17541 1.18641 0.571135 1.01474 1.32457 0.502285 0.229314 
1.09777 1.32826 1.8385 1.21327 1.64609 0.849135 1.56532 0.207871 2.01476 1.00909 0.512189 0.248512 
1.0374 1.36429 2.29336 1.13033 1.46246 0.90836 0.506179 1.10557 1.42113 0.801145 0.411587 0.134756 
1.13378 1.61255 1.85065 1.17171 1.37802 1.42254 2.51872 1.30592 1.39181 0.226222 0.426403 0.160365 
1.09253 1.42722 2.04806 2.24795 1.69613 1.58174 2.19359 0.71112 0.746382 0.606537 0.589686 0.167518 
1.13804 1.5516 2.00698 1.97663 1.63147 0.563013 1.74467 0.988747 0.413423 0.952684 0.384042 0.14771 
1.12264 1.47143 2.30939 1.56901 2.13282 0.528394 1.42906 1.00666 0.964811 0.596864 0.484929 0.22176 
1.11454 1.54396 2.07527 2.0184 0.781861 0.812683 1.14257 0.78528 0.639049 -0.1892 0.599281 0.0964562 
0.964447 1.62856 1.91181 1.50417 0.652672 1.26206 1.23267 0.148782 0.844523 0.256145 0.0927002 0.0546937 
1.03573 1.73612 1.94172 1.69936 1.0097 0.574669 1.06569 -0.604711 0.996143 0.363774 0.229195 0.0853473 
1.0904 1.37763 1.99935 1.22852 2.47374 0.734463 1.75579 0.0759784 1.09336 0.738318 0.278095 0.22165 
1.1306 1.39619 1.60243 1.35155 2.81698 0.959931 1.68745 0.840256 1.50191 0.698079 0.24864 0.209932 
1.10975 1.25705 2.11 1.5299 2.63251 1.19767 2.19248 1.20613 0.987545 0.464903 -0.162581 0.219452 
1.09241 1.61358 2.29673 1.32406 1.82458 1.0289 1.75739 1.92164 0.432754 0.918723 -0.164936 0.130822 
0.955925 1.73428 2.74727 1.56119 1.45829 1.00252 0.803613 1.75107 0.801328 0.835832 0.447599 0.205946 
0.814067 1.99146 2.37902 1.64843 2.24142 1.28547 1.69702 0.483189 0.925574 0.848736 0.345051 0.218443 
0.965003 1.81481 2.03064 1.03588 2.80383 1.30541 1.27293 0.4245 1.02327 0.493678 0.644823 0.19233 
1.13703 1.7076 2.27531 1.72026 1.68502 1.19344 1.13778 0.106348 1.14317 1.00853 0.315941 0.217704 
0.967026 1.82026 2.1874 1.48816 1.87101 1.35412 1.39824 -0.185455 1.15485 0.724465 0.435941 0.201171 
0.853148 1.47478 2.21491 1.24767 1.70999 1.66876 1.48152 0.947281 1.20829 0.707612 0.185215 0.222511 
0.837179 1.79921 2.50089 1.6146 1.47219 1.05065 1.9976 0.577023 0.816882 0.906838 0.152612 0.206902 
0.916071 1.88149 1.81138 1.96172 1.68469 0.585428 1.54401 0.00765244 0.989489 0.630576 0.419685 0.122259 
0.85889 1.47876 1.60885 1.93415 2.45546 -0.251481 1.24084 0.86262 0.926424 0.387267 0.379547 0.151128 
0.834638 1.27408 1.66239 1.37471 1.69347 0.871236 1.08634 0.636798 0.983986 0.638128 0.25891 0.117782 
0.862438 1.41873 1.50476 0.938855 0.901174 1.16748 1.06488 0.655115 1.01672 0.371087 0.425244 0.0457294 
0.792091 1.34446 1.54564 0.961204 1.55477 0.636198 0.98993 0.296076 0.907254 0.34253 0.174315 0.0636625 
0.774591 1.22184 1.29837 1.12732 1.53232 0.875796 0.647492 0.896652 0.540976 0.666958 0.510899 0.0361717 
0.848337 1.43193 1.94473 1.17021 1.17336 0.890058 0.97161 1.04298 0.941603 0.936093 0.744103 0.0965315 
0.826854 1.51551 2.11146 1.44366 1.33403 1.6677 1.04487 1.14753 0.503036 0.97142 0.554005 0.0791379 
0.867759 1.31756 1.56821 1.27228 1.51949 1.30368 0.235799 0.657115 0.702787 0.852058 0.252253 0.0181138 
0.819081 1.40865 1.2047 1.57541 1.21605 1.60234 0.856885 0.923174 1.6137 1.05356 0.339864 0.0715959 
0.748346 1.27025 1.70305 1.58772 1.93775 1.8271 1.90845 1.40548 0.665952 0.859812 0.265452 0.17598 
0.586407 1.28188 2.0881 1.80874 0.720851 2.19352 1.46542 0.853497 1.5774 0.571563 0.531341 0.101229 
0.565294 1.39332 2.53205 2.10905 1.66727 0.569508 0.61402 0.896464 1.62048 0.659089 0.35412 0.187805 
0.777852 1.36882 1.99424 0.167485 1.91173 -0.404517 0.300352 0.541665 0.87169 0.44884 0.174346 0.0972034 
