0.963363 1.31574 0.884384 0.259721 1.28211 0.573696 0.950479 1.08789 1.13291 0.0159033 0.634939 -0.049956 
1.09379 1.16336 0.918313 0.493224 1.97255 0.201127 0.741244 0.65915 1.39995 -0.206252 0.602162 0.0759398 
0.935546 1.32411 1.17515 0.362959 0.881465 0.489324 -0.941401 0.0474641 0.934562 0.451129 0.774275 0.000319833 
0.844475 1.06894 1.09839 0.847822 -0.145003 -0.813263 -0.407217 0.205931 0.974156 0.158296 0.474637 -0.0164876 
1.01532 0.921541 1.45143 0.258051 -0.552408 -0.636094 0.507936 0.16052 0.319286 0.10547 0.549645 0.0704745 
0.869501 0.907794 1.72364 0.858611 0.704733 -0.683637 0.420411 0.656471 0.560608 -0.0444973 0.596903 0.152152 
0.992824 0.970968 1.3029 0.918555 1.62835 -0.399896 0.944906 0.850975 1.13877 0.379877 0.563983 0.115404 
0.970874 1.10324 1.26186 1.11252 1.78817 -0.645738 1.76354 0.606516 1.18569 1.01035 0.465002 0.169032 
1.1427 1.01555 1.80159 0.591393 1.24977 0.694104 1.08386 -0.112894 1.6575 0.880446 0.684118 0.207805 
1.12321 0.639229 1.9838 0.315622 0.914995 0.571019 1.42956 0.583636 1.05904 0.352468 0.0668595 0.131107 
1.13262 0.939858 1.41083 0.710063 1.28033 -0.61629 1.36467 1.19865 0.865427 0.664976 0.608256 0.159163 
0.997173 1.12797 1.60095 0.659196 1.69427 -0.659989 1.20394 0.767381 1.37152 0.526302 0.637692 0.206271 
0.926835 1.3396 1.38477 0.485582 1.89397 -0.413657 1.23994 1.55265 1.30346 0.755858 0.947342 0.0926662 
0.964117 1.09398 1.34036 1.09768 1.46335 0.0500155 1.5547 0.88174 1.14214 0.429887 1.02831 0.101741 
1.06492 0.990941 1.47982 1.67172 0.939158 -0.027728 1.48458 0.145902 1.47007 0.564938 0.429875 0.10042 
1.1637 1.49799 1.77562 2.2712 1.76262 0.677863 1.25882 -0.363715 1.71587 0.0316726 0.719956 0.0990781 
1.24498 2.03535 2.28652 2.38911 2.20392 0.751944 1.57552 0.370379 1.20393 -0.0555966 0.113412 0.0412976 
1.53245 2.23878 2.90191 1.88273 2.23056 1.22556 1.54192 -0.328242 0.793927 -0.0266108 -0.0261273 0.0234763 
1.56529 2.22349 2.53267 1.69972 2.40415 1.42567 1.30031 -0.510838 0.00853778 0.0883489 0.00424835 -0.00435187 
1.86488 2.32018 2.29465 1.07538 3.23706 1.21786 1.83849 -0.50244 -0.521578 -0.517475 -0.103826 0.102861 
2.05654 2.16326 2.48424 1.07581 3.42345 0.852258 1.58759 -0.175917 -0.562188 -1.05006 -0.299164 0.110639 
2.15979 2.12369 1.63245 1.43985 3.57088 1.40685 0.629178 -0.197183 -0.181687 -1.42748 -0.2608 -0.0153917 
2.29024 1.87895 1.0729 1.18829 3.3956 1.11349 0.42342 -0.203034 -0.508171 -1.74163 -0.545826 0.0294092 
2.33905 1.87589 0.76272 0.641665 4.19938 0.73878 -0.187113 -1.29911 -0.624201 -1.47097 -0.600943 -0.041635 
2.30382 1.9596 0.356249 1.13878 3.29398 1.28805 -0.764766 -1.64835 -0.557525 -1.50345 -0.309586 -0.130785 
2.35693 1.70733 0.0767943 0.749053 3.41098 0.905666 -1.00602 -1.56123 -0.738754 -1.44542 -0.520983 -0.128402 
2.38673 1.38438 0.268878 0.286274 3.72205 -0.139667 -0.316628 -1.16633 -0.881588 -1.34284 -0.894361 0.0544424 
2.36938 1.78483 -0.101246 0.426863 3.99972 -0.393976 0.0414123 -1.88201 -0.347778 -1.59797 -0.981762 -0.00832891 
2.40388 2.05456 -0.40774 -0.236366 4.31553 -0.792885 0.147824 -2.42047 -0.401522 -1.55898 -1.15107 -0.0553366 
2.33193 2.05623 -0.789574 -0.502659 3.9255 -1.37478 0.099687 -2.43012 -0.488673 -1.51094 -1.12811 0.0197246 
2.28228 1.94329 -0.769045 -0.61357 3.4302 -2.03101 -0.0328991 -1.9699 -0.557509 -1.29042 -1.05552 0.223901 
2.3922 1.72736 -0.638795 -0.143697 2.52297 -1.88392 -0.239589 -1.54198 -0.477302 -1.19597 -0.708805 0.28272 
2.51234 1.16851 -0.685971 0.761965 1.2511 -1.97185 0.490222 -1.14646 -0.285801 -1.25884 -0.231122 0.365936 
2.49053 1.27664 -1.11235 0.658972 1.11773 -1.68589 -0.168426 -0.915596 0.467129 -0.832131 -0.142369 0.219781 
2.54969 1.56556 -1.51481 0.146457 1.75188 -1.39874 -0.635146 -0.848408 1.012 -0.255017 -0.269826 0.0210457 
2.5801 1.45123 -1.74615 0.314316 1.81692 -1.31877 -0.453983 -0.366017 1.21094 0.128294 -0.199539 0.0176554 
2.41108 1.37648 -1.71667 0.409583 2.63974 -2.15686 -0.386622 -0.525808 1.46429 0.887115 -0.059368 0.200112 
2.56186 0.874287 -1.71057 0.00490788 2.8917 -1.86761 0.058576 -0.573875 1.53386 0.869429 -0.111305 0.177686 
2.44026 1.07211 -2.13933 -0.284541 3.41372 -1.08624 0.131534 -0.360168 1.32657 1.07381 -0.0908728 0.109487 
2.47831 0.781067 -1.45077 -0.877391 3.22619 -0.343923 0.505712 -0.106928 1.06953 1.01771 0.125987 0.166148 
2.35417 1.25653 -0.804766 -0.587994 2.3554 0.0705987 0.746781 0.430634 0.613419 0.183444 0.135487 0.238213 
2.27498 1.61123 -0.671768 0.192244 2.63097 0.63712 -0.114473 -0.492913 0.622704 -0.119071 0.193232 0.0387666 
2.34547 1.41417 -0.574886 0.525814 2.30438 0.906326 0.237573 -0.72448 0.482232 -0.611453 -0.00358884 0.0710596 
2.35194 1.22448 -0.260743 0.327938 2.7296 0.840411 -0.109631 -0.31655 0.641096 -0.518257 -0.219172 0.0149363 
2.38286 1.07937 -0.309295 0.332221 3.44063 0.48899 0.489 -0.217314 0.723779 -0.296995 -0.553507 -0.0649811 
2.39561 1.08085 0.297711 0.212722 3.52554 0.214571 0.624015 -1.07635 1.10864 0.00885798 -0.593461 0.0312532 
2.36539 1.34151 0.46998 0.344689 2.50086 0.395823 -0.519326 -0.892404 1.29962 0.106676 -0.128686 -0.0644817 
2.34758 1.57203 -0.133554 0.442603 2.63101 -0.0230373 -0.437659 0.199009 0.623073 -0.219974 -0.140219 0.116478 
2.34092 1.63361 -0.524289 0.505704 1.99761 0.416623 0.349792 -0.00474766 1.03574 -0.0939892 0.152627 0.134594 
2.21623 1.69455 0.243589 0.804553 1.88046 0.32939 0.372987 -0.566892 1.21372 -0.130021 0.201295 0.0839748 
2.12891 1.62562 0.862263 0.617196 2.40259 -0.541863 0.567534 -0.122862 0.818708 0.4075 0.0512848 0.150685 
2.22031 1.71005 0.139735 0.111146 2.54055 0.119298 0.561377 0.562498 1.0697 0.401561 0.109324 0.0859741 
2.18638 1.89051 0.473653 0.298903 2.78477 -0.275379 -0.362263 0.696368 0.706579 0.930887 0.161345 0.00522747 
2.0861 1.72256 0.807224 0.505493 2.52556 -0.514186 1.22471 0.378645 0.0932489 0.599548 0.0131189 0.196216 
2.02829 1.79619 0.526927 0.716996 3.08349 0.171528 1.53754 -0.273376 0.19087 -0.0940084 -0.0964994 0.168704 
2.04201 1.59998 0.677752 0.802577 3.23817 0.401377 1.16815 -0.227377 0.977149 -0.577689 -0.414816 -0.0312243 
2.0376 1.6294 0.903885 0.189329 3.6871 0.566867 0.849175 0.487744 0.514973 -0.5645 -0.489449 -0.0821878 
2.02308 1.6063 1.02852 0.841884 3.17677 1.00792 0.460535 0.119289 0.489813 -0.433219 -0.228319 -0.0839888 
2.13663 1.57965 1.31592 0.828657 2.33903 0.84615 0.0462363 0.430402 0.212179 -0.554143 -0.0677989 0.0540826 
1.90508 1.89013 1.3772 0.57638 2.00494 0.534893 0.298345 -0.454067 1.13529 -0.0758597 0.0907862 0.0429333 
1.844 1.70119 1.43334 0.971589 2.30122 0.495378 0.609425 0.222141 0.665761 -0.0114439 -0.132234 -0.0354721 
1.83315 1.5512 2.03293 0.521379 2.58767 1.02626 1.29913 1.23651 -0.059951 -0.217781 -0.315077 -0.119843 
1.88845 1.64696 1.38513 0.649534 2.93057 0.539956 0.468488 0.854799 0.957755 -0.493068 -0.312399 -0.103153 
1.82838 1.53853 1.11064 1.04594 2.40278 0.561192 1.53236 0.420226 0.255237 -0.600957 -0.266324 0.0147871 
1.99998 1.64269 1.2935 0.783192 1.79566 1.07559 2.1715 0.14758 0.148224 -0.742267 -0.139211 0.120123 
1.97998 1.74652 1.32821 0.924362 1.63211 1.5026 1.79799 0.544024 0.882235 -0.46237 -0.104515 0.028803 
1.82678 1.85126 1.71394 1.10934 1.96834 1.65671 1.1759 0.274295 1.2263 0.239072 0.0844827 0.0487006 
1.69247 1.39522 1.68368 1.225 2.94522 2.04059 0.797637 0.78389 1.03316 0.26211 0.037364 0.0145334 
1.63266 1.1763 1.44145 1.35872 3.00952 2.5309 1.38501 0.9554 1.70188 -0.297527 -0.097931 0.129607 
1.49594 0.554573 0.758311 0.895171 2.37712 1.12694 2.18198 0.592793 0.871912 -0.313697 0.0825065 0.277712 
1.34739 0.251318 0.266161 -0.0565036 1.45434 0.090784 1.25275 0.0188676 0.644149 -0.660249 -0.0722606 0.355572 
1.56461 0.697368 1.07194 0.105007 1.64637 0.719139 1.44349 0.353651 0.991885 -0.917075 -0.164506 0.309136 
1.67307 1.1907 1.72167 1.03555 2.06638 0.922762 1.04963 0.137821 1.29872 0.189914 0.291623 0.264668 
1.39142 1.02731 1.2116 0.970131 1.5615 0.609829 1.40172 0.965991 1.20702 -0.108633 0.259887 0.178746 
1.33104 0.848692 1.33639 0.774534 1.72701 0.323598 1.55746 1.14248 0.784605 0.277639 0.752179 0.287847 
1.0245 1.4114 1.28436 0.290064 1.53121 1.37089 2.14148 0.926819 0.485919 0.967333 0.632601 0.152297 
1.16327 1.15375 1.28496 0.279402 1.77054 1.33679 1.88446 0.941629 0.7685 1.01978 1.00143 0.208255 
1.35469 0.434998 2.16 0.849708 1.3224 0.958251 1.96663 -0.0635981 0.769143 0.721644 0.603588 0.306208 
1.22918 0.265763 2.18733 0.926941 0.739616 0.704132 2.08384 0.0504857 0.599847 0.752271 0.446975 0.134588 
1.25478 0.780176 1.58808 0.522139 1.18983 0.983947 2.31101 0.555323 1.15905 0.240173 0.819533 0.255359 
1.27569 1.13511 1.43764 0.71353 2.36871 1.46416 1.63422 0.178993 0.551462 0.164466 0.336552 0.191075 
1.22733 0.974755 1.51899 0.844615 2.17267 0.978445 1.71655 -0.2636 1.02815 -0.194054 0.154874 0.218926 
1.2237 1.08187 1.90566 0.915804 1.05718 0.753696 1.96641 0.0409078 0.762113 -0.101431 0.43287 0.189989 
1.15806 1.05207 2.08363 0.896574 1.35212 0.096109 1.2216 1.25774 0.788551 0.147633 0.235193 0.11927 
1.03447 1.30263 2.03709 1.03462 0.95973 1.41083 1.66793 0.605459 1.02579 -0.169985 0.86219 0.117094 
1.12413 1.28967 1.89328 1.5943 1.30674 0.522265 1.39122 1.27036 1.49243 -0.685676 0.741085 0.230801 
1.09253 1.06972 2.08499 1.15957 1.58321 0.558747 2.07032 0.698188 0.644712 0.148079 0.41104 0.192102 
0.798863 0.916643 1.907 -0.516613 2.25662 1.68982 1.9544 0.40977 0.777676 0.540176 -0.0300791 0.262768 
0.628115 0.778069 1.51406 -0.821976 1.78152 1.85419 1.22529 0.382785 0.477866 0.0148588 -0.241519 0.31516 
0.84828 1.12068 1.80308 0.160967 1.45475 0.176275 0.791411 0.84638 0.969888 0.327128 0.174567 0.0996469 
0.944881 0.810011 2.33012 0.249132 1.51037 -0.147823 2.06276 1.15683 0.582166 0.639582 0.0795582 0.114653 
0.8056 1.17222 1.90505 0.0955541 1.13781 -0.312586 2.14223 0.596247 0.241951 0.427772 0.337723 0.0095351 
0.597894 1.22027 2.04073 0.127917 1.18665 0.339679 1.11748 0.728503 1.08416 0.583961 0.847813 -0.220011 
0.50077 0.982117 1.56145 -0.081282 1.4464 0.428375 0.997589 0.846607 1.40187 0.209787 0.740245 -0.159838 
0.629107 0.936745 1.78325 0.11912 1.45701 1.33651 1.36922 1.32025 0.594106 0.314641 0.742014 -0.0814209 
0.838794 0.977273 1.98681 0.467776 1.14671 0.263259 0.864612 1.61489 1.03852 0.746938 1.00982 0.0178228 
0.741074 0.736157 2.09353 0.74926 1.51896 0.761985 0.828178 1.66657 1.63825 0.29843 0.715049 0.0628446 
0.883139 0.943966 2.02656 0.916957 1.56889 0.099252 0.695789 0.873906 1.18509 1.04573 0.0966513 0.0980828 
0.918276 1.22248 2.37902 0.593833 0.90919 -0.343125 1.2914 0.60734 1.3408 0.997387 1.03675 0.192249 
0.848197 1.29324 1.8202 0.513058 1.31068 0.35284 1.33419 0.511469 1.31193 0.957402 0.795994 0.127868 
0.939762 1.02884 1.64653 0.356478 1.14586 0.290507 1.28254 0.707352 0.959463 0.61192 0.703195 0.098921 
1.00554 1.04718 1.39964 0.0745123 1.1852 -0.258044 0.575612 0.863743 0.382572 0.731353 0.856006 0.0340233 
0.911089 0.98155 1.51413 0.0803606 1.5388 -0.34936 0.281494 0.472383 -0.0433046 0.725386 0.464656 0.0561543 
0.995673 0.997226 1.64721 0.563317 1.24246 -0.20951 0.199545 0.700672 0.880567 0.678761 0.442073 0.130208 
0.949394 1.24725 1.34493 0.113535 1.1175 -0.327525 0.442974 0.373995 0.965652 0.805434 0.429951 0.213805 
1.02348 1.02937 1.64041 0.186438 1.29575 0.346912 0.72252 -0.124287 0.669904 0.548617 0.28692 0.182992 
0.943127 0.977134 1.14423 0.679125 1.06871 0.536408 1.62629 -0.462612 0.554277 0.663354 0.405115 0.0704457 
0.902679 1.01056 1.27216 0.620728 1.43521 0.716663 1.15603 0.0859193 1.07079 0.304332 0.340718 0.063764 
0.954782 0.907604 1.4902 0.861698 1.23931 0.664342 0.656081 1.35197 1.30371 0.581906 0.255247 0.0366813 
0.959472 0.880645 1.59381 0.55396 0.837208 -0.495494 -0.147025 0.708289 1.26887 0.577127 0.150099 0.12392 
0.963691 0.970859 1.7716 0.901436 0.564143 0.261582 0.297237 0.361693 1.35198 -0.42126 0.56149 0.134908 
1.00246 1.09705 1.59044 0.238103 0.220881 0.569061 0.758131 0.299073 1.33858 0.0664232 1.00379 0.131698 
1.04136 1.02545 1.1037 -0.214182 0.543531 0.366373 0.876574 0.82301 0.856679 0.139673 0.493921 0.0684283 
0.967536 1.33309 1.45125 0.158998 1.17147 0.477655 1.68296 1.18992 0.505773 0.204004 0.167985 0.0146066 
0.646009 0.825411 1.38101 0.338857 1.02007 0.222773 0.410394 0.936219 1.62024 -0.156007 0.118845 0.0424814 
0.291434 0.720452 1.5054 0.0817435 1.37273 -1.63719 0.0381585 0.825482 0.556777 -0.178618 -0.196677 0.166017 
0.425785 0.598746 2.03644 -0.568055 1.12571 -1.47885 0.929617 0.542321 0.529961 0.34027 -0.0334348 0.312688 
0.68422 0.750792 1.88582 0.0803131 0.554332 0.290865 1.20596 -0.160442 0.631419 0.287813 0.3863 -0.0842144 
0.679534 1.04066 1.07367 0.00660263 1.74438 0.458833 1.16461 0.479162 0.751432 0.391664 0.80894 -0.190737 
0.558967 1.04304 1.33511 0.0251448 1.95104 -0.730546 1.46303 0.319133 0.221542 0.101717 0.450412 0.00955682 
0.663848 0.730285 1.47912 0.146383 0.429092 -0.409585 0.790448 0.680573 0.454107 0.23496 0.083669 0.16353 
0.66459 0.847219 1.07729 0.267641 0.694743 -0.96093 0.459989 1.15034 1.25277 -0.448378 0.337822 0.189953 
0.670159 1.25101 0.953766 0.242925 0.954648 -1.46835 0.201882 0.477589 1.21737 0.409815 0.633023 0.0644421 
0.758873 1.14604 0.448807 0.00156212 1.12942 -0.0624372 1.00151 0.439053 0.660304 0.201472 1.26436 -0.00457776 
0.762563 1.05322 1.09181 0.0581663 0.913408 -0.872294 0.853892 -0.137955 0.169145 0.702451 1.23297 0.0162526 
0.718243 1.02589 0.774373 -0.211259 0.412602 -0.781128 0.705601 -0.15163 0.388595 -0.200248 0.830896 -0.00469789 
0.778874 0.972152 0.830104 -0.25297 0.428689 -0.66875 1.06309 0.18269 0.510973 0.379154 0.564066 0.148596 
0.907434 0.910431 1.14909 -0.373981 0.175331 -0.392859 1.47217 0.716257 0.687841 0.862455 0.905998 0.0950195 
