0.620247 0.710344 1.15057 0.249978 0.0757736 1.34217 0.914225 0.30187 1.07197 1.23747 0.483185 -0.110789 
0.551348 1.04461 0.607155 0.343756 0.220774 0.944021 1.54055 -0.931658 0.529481 1.06811 0.470662 -0.0606452 
0.545094 1.09541 0.427677 0.434889 0.464895 0.319054 0.855755 -0.112811 1.07774 0.864143 0.573324 -0.0751959 
0.481155 1.14454 0.430381 -0.469419 -0.180707 0.783396 0.384548 -0.580819 0.980123 0.923469 0.944268 -0.0276584 
0.541885 0.836399 0.952188 0.166748 0.0479857 0.601874 0.434173 -0.310829 1.1049 1.43431 0.839403 -0.287362 
0.603425 1.10398 0.458305 -0.30997 0.0822799 0.578955 0.741455 -0.56886 0.626439 0.897697 0.2615 -0.199088 
0.752229 1.1866 0.462361 -0.0956796 -0.0635315 0.208688 1.93406 -0.0332355 -0.313781 0.042332 0.401216 -0.176311 
0.730432 0.66349 0.988698 0.529433 -0.439415 0.0936205 1.26579 0.606565 0.460807 -0.0140517 0.138919 -0.14122 
0.737267 0.797364 0.0923364 0.24167 0.0518669 0.687467 0.774999 1.04853 0.604181 0.485734 0.63868 -0.108946 
0.811359 1.38341 0.426926 -0.0941877 0.369029 0.363324 1.17861 1.10898 1.03987 0.200219 0.557148 -0.0284086 
0.789181 1.58269 0.993012 0.0934209 1.0672 -0.130407 1.53577 0.990676 1.39916 0.247473 0.574548 -0.0833192 
1.06908 1.63381 1.54889 0.67095 0.861609 -0.998613 1.4167 -0.543362 1.0174 -0.860649 0.0864319 0.0670319 
1.13167 1.76271 1.43503 0.674338 0.667552 -0.669262 0.820787 -0.824276 0.579117 -0.546657 -0.157307 -0.0351106 
1.32356 1.9574 1.81217 1.33663 0.859202 -0.147523 -0.0585421 -0.825407 -0.294765 -0.576112 -0.204535 -0.210706 
1.79966 2.36556 2.2434 1.7941 0.723838 -0.803647 -1.10871 -1.37798 -0.550929 -0.504199 -0.546112 -0.272006 
2.30361 1.78368 1.27971 2.13192 0.974653 -0.57072 -0.501645 -2.70998 -0.41638 -0.582973 -0.394078 -0.423089 
2.58872 1.42343 -0.138519 1.72376 1.56787 -0.39863 -1.14856 -3.07201 -0.100421 -0.96974 -0.486639 -0.426358 
2.68385 1.06605 -0.512361 1.66135 1.54258 -0.563754 -2.07778 -2.64598 -0.468362 -0.738381 -0.439936 -0.220117 
2.78092 0.59887 -0.967528 1.28579 1.28194 -0.523694 -1.31412 -3.06892 -0.337573 -0.649061 -0.424109 -0.23586 
2.70405 0.582598 -0.912947 1.21058 1.55277 -0.646851 -0.992518 -3.31312 0.0355694 -0.412443 -0.218971 -0.160669 
2.79299 0.527162 -0.960605 1.28457 1.34928 -0.617309 -1.15435 -3.19357 -0.0697561 -0.184417 -0.101924 -0.13847 
2.81862 0.384482 -1.23175 0.9478 1.32603 -0.548083 -1.10983 -2.75064 0.0268614 -0.104029 -0.165268 -0.180035 
2.7607 0.406039 -1.01467 0.925795 0.928327 -0.209108 -1.0384 -2.78713 0.167245 -0.0551838 -0.217994 -0.19512 
2.90285 0.0529083 -0.879403 1.17769 0.0917083 -0.162093 -0.630313 -2.44054 0.0611858 0.36822 -0.275025 -0.330849 
2.69234 0.447897 -1.14847 0.579093 0.861336 0.0486273 -1.20991 -1.60602 0.765397 0.217805 -0.215523 -0.235179 
2.96381 -0.165692 -0.937568 0.54165 0.0778644 -0.278508 0.346568 -1.78813 0.462857 0.668947 -0.374259 -0.519454 
2.81252 0.247388 -1.05254 0.596276 -0.229083 0.0592913 0.348025 -1.70185 0.843638 0.443938 -0.497603 -0.661519 
2.90221 -0.0105436 -0.863323 0.790937 -0.492215 0.195331 0.723906 -1.10202 0.862498 0.765041 -0.593227 -0.823124 
2.91378 -0.215174 -0.661578 0.568957 -0.438362 0.0209434 1.1643 -0.696782 1.23828 0.984853 -0.763136 -0.949272 
2.76814 0.299401 -1.21982 0.536795 0.328014 -0.0361795 1.1334 -0.317203 1.75282 0.428305 -0.70238 -0.846223 
2.59116 0.936628 -2.20925 0.0178335 2.13842 -0.0390826 1.23158 -0.0884511 1.75553 -0.104725 -0.663679 -0.650388 
2.52066 0.862798 -2.00972 -0.547859 2.53013 0.438657 1.57957 0.213746 1.31963 -0.0196441 -0.693556 -0.503902 
2.58884 0.416338 -1.42005 0.450694 1.79416 0.935218 1.45526 -0.902004 1.07959 -0.0680137 -0.192136 -0.20527 
2.43631 0.602839 -0.950597 0.393543 2.53209 0.824342 0.681685 -1.23832 0.707383 -0.0666358 -0.00339402 0.035599 
2.5331 0.831269 -1.00906 -0.181002 3.7807 -0.147903 0.391234 -0.979805 0.328946 0.351396 -0.284531 0.105807 
2.61463 1.15037 -1.6047 -0.0511049 3.94313 0.0646472 0.483561 -0.796492 0.0170457 0.192724 -0.49605 -0.0505576 
2.37542 1.17922 -0.904486 -0.126367 3.16421 1.01646 0.351073 -1.0425 0.127146 -0.144968 -0.154014 -0.115507 
2.61775 0.979946 -0.529774 -0.178301 2.82266 1.18921 0.307336 -0.916926 -0.149892 -0.24888 -0.227999 -0.0403597 
2.44831 1.34438 -0.702517 -0.210375 2.62824 1.37911 0.130278 -0.512259 -0.380533 -0.307312 -0.0151491 0.0283403 
2.51635 1.1966 -1.05021 0.0658091 1.91899 0.737946 0.563376 -0.443321 0.250567 -0.246621 0.019277 0.119474 
2.51066 1.31867 -0.3497 -0.571602 2.0947 0.293318 0.0769111 -0.250607 1.07936 0.0567676 -0.232446 -0.0983458 
2.3557 1.3225 -0.485513 -0.593929 1.12137 0.718425 0.489979 0.268775 1.36927 -0.197952 -0.131091 -0.0381168 
2.42534 1.29526 -0.686189 -0.765685 1.95863 0.601086 0.999619 0.438731 1.50476 -0.0683504 -0.144466 0.0386091 
2.4234 1.46641 -0.561816 -0.705997 2.71067 0.894998 0.706091 0.0923468 1.18787 -0.00955983 -0.0487777 0.0320873 
2.37054 1.62296 -0.334218 -0.735972 2.44982 0.86089 0.14449 0.188574 2.05009 0.0932843 0.00539326 -0.20209 
2.35589 1.62029 -0.450552 -0.253704 2.96616 -0.368165 0.366574 0.485467 1.48805 0.231712 -0.503478 -0.22414 
2.37955 1.39354 -0.462417 0.035314 2.57882 0.533656 0.189849 0.466975 1.0831 -0.380325 -0.596468 -0.277139 
2.26 1.30962 -0.141624 -0.325028 2.52226 0.985769 0.716464 -0.0376257 1.08063 -0.272833 -0.395324 -0.251046 
2.16438 1.27695 -0.0727238 0.221408 3.171 0.234523 0.685358 0.455609 1.02988 -0.595354 -0.995154 -0.389518 
2.1272 0.924934 0.534299 0.156105 1.9413 0.0778174 1.46237 0.467236 0.799248 -0.685412 -0.789557 -0.125111 
2.0748 0.78417 0.173075 0.563883 1.88334 0.754245 0.390071 0.329154 0.299423 -0.615099 -0.581527 -0.204826 
2.03298 0.716348 0.0684891 0.716682 2.12877 0.685834 1.05722 0.339227 1.19652 -0.079133 -0.348906 -0.0657584 
1.99131 0.676903 0.289347 1.06091 2.15071 0.524708 2.04919 -0.156178 1.59503 0.31272 -0.581108 -0.253276 
1.86962 0.819509 -0.113295 0.985311 1.54523 1.13166 1.47798 0.343748 1.63847 0.392248 -0.033228 -0.137892 
1.65393 1.05602 0.038377 1.12984 2.00396 0.908558 2.04275 0.361291 1.91164 0.158733 0.0499603 -0.0461947 
1.57967 1.20173 -0.177234 0.5321 2.69204 1.47803 1.45787 1.2025 1.82572 -0.438444 -0.0756097 -0.0893394 
1.67002 1.18475 0.193467 0.356901 2.59321 0.450169 1.01273 0.530788 2.51031 -0.162947 -0.277538 -0.188693 
1.64333 0.855619 0.724436 0.464982 1.8982 0.506064 1.89499 -0.249574 1.69647 0.659123 0.0931081 0.113974 
1.5265 1.04755 1.05075 0.532471 1.23766 0.0160639 2.26024 0.133797 1.96349 0.642907 0.275402 0.198575 
1.53802 1.17277 0.605629 0.63929 1.25898 0.355821 2.4553 0.447999 1.8415 0.562786 0.154688 0.0306391 
1.59054 1.43001 0.724931 1.02985 1.2984 1.08037 2.0921 0.216726 1.70023 0.564486 0.0250703 -0.0861808 
1.59566 1.3194 1.18357 0.714655 1.18011 0.967831 2.15764 0.14599 1.53505 0.684518 0.0017855 -0.00259079 
1.50914 1.38397 1.11677 0.380471 1.59144 0.914185 2.11506 -0.0312057 1.53571 0.280994 0.48855 0.248163 
1.39705 1.44701 1.23679 0.144233 1.70318 0.269811 2.18494 0.0319946 1.00143 0.315925 0.290087 0.195297 
1.20336 1.35963 1.16008 -0.310223 0.814045 1.17623 2.62155 0.128206 0.549257 0.0200626 0.547486 0.0761289 
1.31651 1.0119 1.06801 0.622356 1.00269 1.19104 1.96171 -0.200146 0.563674 0.289589 0.374051 0.0731834 
1.26703 1.43201 1.65724 0.614406 -0.0291411 0.667193 1.7671 -0.263792 0.754252 0.551092 0.634302 0.042101 
1.2165 1.20125 1.20995 0.730122 0.896934 0.00256758 2.19891 -0.127943 0.978574 0.536685 0.289162 -0.0354282 
1.15542 0.994278 1.45515 -0.246436 1.49801 0.0507842 2.05171 0.721874 0.0589728 0.461837 0.247306 -0.0480441 
1.12748 0.90923 1.66111 -0.236052 0.436591 0.834716 3.04475 -0.51698 0.95161 0.583472 0.638375 0.119835 
1.12354 0.871089 1.07689 0.347652 0.917767 0.513728 2.27809 -0.0793904 1.62226 0.651822 0.726789 0.0505281 
1.18966 1.01253 1.22465 0.554947 0.733487 0.518297 2.24854 -0.491105 1.37294 1.02173 1.09169 0.213308 
1.1635 1.11554 1.02011 0.464155 0.993746 0.513038 2.10039 -0.271082 2.20046 0.558224 1.12185 0.218114 
1.17777 1.09465 1.0661 0.605824 1.37387 1.01589 2.89897 -0.25643 2.23368 0.164174 0.685284 0.188698 
1.13568 1.07616 1.80482 0.575637 1.08568 0.333423 3.30086 0.439295 1.65407 0.920924 0.611117 0.227994 
1.03811 1.04988 2.10563 0.228688 0.770565 0.590769 2.39812 0.450994 1.38561 0.966672 1.21241 0.188725 
0.972741 1.29355 1.64407 0.827493 0.848921 0.450654 2.18904 0.277524 1.65923 0.728003 1.19676 0.135305 
1.10664 1.22797 1.11925 0.0908542 1.39812 0.546522 2.4383 0.540248 1.3986 0.0320769 1.37878 0.250601 
1.0211 1.05989 1.09798 -0.042513 1.00905 -0.289032 1.88068 0.00853871 1.60488 0.0728782 1.16738 0.208581 
0.979003 0.987053 1.25446 0.573678 0.471939 0.243957 2.26613 -1.11353 0.829665 0.202616 0.839082 0.0216597 
1.07373 1.42426 1.68929 0.631566 0.301752 1.18275 2.28039 0.152755 0.257365 0.792393 0.822818 0.0965654 
1.01777 1.38633 1.90759 1.22464 1.01823 0.477891 1.00107 0.793774 1.9463 0.584731 0.464483 0.215132 
1.03557 1.45613 1.86951 0.90984 1.69599 0.350586 0.715511 0.736488 1.18133 -0.0402395 0.538864 0.124059 
0.998513 1.52989 2.13678 0.458029 1.66914 0.240827 1.42902 0.711204 0.492 0.85619 0.137031 0.127647 
1.02656 1.48628 1.9312 0.788438 0.985895 0.650765 1.84143 0.444659 0.639713 0.18508 0.0845805 0.0605714 
1.14213 1.3476 1.72309 1.21482 1.35919 0.455233 1.9236 0.432171 0.862597 0.696531 0.418884 0.157865 
1.04663 1.53619 1.80598 1.16053 1.70617 0.12954 2.12345 1.21425 0.940172 0.592995 0.694995 0.188467 
0.969727 1.34932 2.34514 0.850454 1.26934 0.464818 2.36703 1.46947 0.650852 0.164892 0.327226 0.0936734 
1.03027 1.12729 1.80909 0.810613 1.8713 0.00432219 1.96763 1.57888 0.537086 0.866444 0.411872 0.148554 
1.02793 1.2242 1.83722 1.3062 1.64184 0.0371749 2.28617 1.29575 1.42618 0.396329 0.328091 0.229111 
0.869074 1.41117 2.28344 0.917666 1.45616 1.30726 2.28831 0.815488 1.3324 0.320731 0.227437 0.209784 
0.837273 1.21646 2.22238 1.03956 1.73386 2.30499 0.760774 1.052 1.1987 0.818414 0.60114 0.16859 
0.820004 0.998978 1.85913 1.05677 1.44559 1.24098 0.889519 1.35699 1.21923 0.756056 0.461575 0.0742563 
0.979322 0.922247 1.4791 0.507177 1.91348 -0.0390855 1.30549 1.06244 1.02608 -0.169939 0.453493 0.0715348 
0.83787 0.793271 1.39264 1.46505 1.02086 0.354433 1.6393 0.933665 2.04121 0.307328 0.0670158 0.0800948 
0.894036 0.830856 1.65565 1.27368 1.48436 0.658648 1.81669 0.80399 1.94066 0.376106 0.234752 0.165772 
0.791907 1.36586 1.38687 1.02732 1.58257 0.753988 1.99727 1.58457 0.826379 0.435229 0.526156 0.0586473 
