0.594981 1.19044 1.08709 1.22835 0.771367 0.6654 1.27708 0.938082 -0.0247796 0.329998 0.446536 -0.00414715 
0.603341 1.26308 1.1783 0.751098 -0.274718 0.0220505 0.758417 0.49865 0.930283 -0.205233 0.584936 0.0293026 
0.569135 0.98841 0.925655 0.0851885 0.402541 0.292068 0.85337 0.0567281 0.715212 0.0728447 0.84841 0.0297622 
0.506292 0.824502 0.826551 0.319512 -0.147075 0.211511 0.103941 -0.0589961 0.555311 -0.185582 0.367452 -0.0411319 
0.500827 0.949434 1.24965 0.439509 0.764646 -0.19676 0.549445 0.413011 1.38459 0.236385 0.375336 0.032215 
0.646491 0.848158 1.10277 0.370163 0.562769 -0.92435 0.647595 0.184174 1.18 0.5906 0.431341 0.222241 
0.791424 0.987942 0.909717 0.670583 0.753378 0.496961 0.26223 0.508518 1.09425 -0.0281594 0.386816 0.0748063 
0.637019 1.13701 1.26147 1.02391 1.4491 0.338095 -0.84255 0.384659 0.738414 -0.0315388 0.592778 -0.102392 
0.462565 0.929916 1.60992 1.08191 1.00295 -0.511317 -0.0501946 0.693287 1.10778 -0.226728 0.349929 0.11569 
0.61356 1.01598 1.32942 0.76571 0.90608 0.208677 0.470804 0.78784 1.13735 -0.0792118 0.190218 0.165718 
0.564481 1.45313 0.962419 0.752067 0.999007 0.388915 0.951387 0.909362 0.611912 0.297004 0.640885 0.00594821 
0.648765 1.45719 0.903103 1.38095 0.964977 0.404646 0.548135 0.392785 0.979929 0.775396 0.598082 0.038609 
0.706771 1.16916 0.927781 0.299533 0.850692 -0.507939 0.77326 -0.441411 0.154238 0.589999 0.346283 0.158705 
0.642903 1.27354 1.34396 1.33402 0.922058 0.404113 1.10007 0.292996 1.2144 0.356597 0.0140289 0.0986546 
0.644505 1.15899 1.56229 1.19594 0.709859 1.49881 1.19328 0.5456 1.27423 0.208616 0.584384 0.0235159 
0.733373 1.2818 1.57349 1.19731 0.387477 1.59409 0.478504 0.660845 1.45755 1.2466 0.503125 0.104984 
0.596036 1.44981 1.27611 1.29296 0.261164 0.763535 0.348145 -0.0266351 0.33361 1.45726 0.696243 -0.0757754 
0.58852 1.52853 0.850003 1.75279 0.892511 0.850796 1.51819 0.165437 0.548287 0.835077 0.867707 -0.153216 
0.629565 1.57761 1.23936 1.21236 1.01758 0.615931 0.206866 1.71201 1.23794 0.361874 0.922315 -0.0992732 
0.859205 1.60433 1.69083 1.12292 0.946723 1.36658 0.338729 1.17384 1.85646 0.591167 1.00247 0.12848 
0.880809 1.50373 1.60483 1.26455 1.57565 2.4384 1.62628 0.602393 1.70148 0.497957 0.850286 0.172228 
1.23738 2.28526 2.57564 2.24003 1.79432 1.72158 1.74975 0.970757 0.60117 0.255836 0.581783 0.124694 
1.55398 2.89873 2.832 2.02309 1.88641 1.29186 1.09431 0.339326 -0.41544 0.18301 0.276876 0.0843743 
1.86292 2.74959 2.42887 1.06019 2.12754 1.91867 1.92879 0.194322 -1.03193 -0.801329 0.167237 0.158807 
1.97641 2.5544 2.30255 1.04945 1.75798 1.91076 2.53139 -0.580421 -0.845192 -1.0095 0.036321 0.230282 
2.00166 2.73651 1.65155 0.645412 1.69821 1.98531 2.64776 0.00551094 -0.714668 -0.859621 -0.21138 0.131861 
1.98182 2.64874 1.55841 0.292575 2.28618 1.77661 2.28421 0.868831 -0.925323 -0.631829 -0.269327 0.0798119 
2.03779 2.64853 1.90404 0.524938 2.36537 2.28485 1.75017 0.357967 -0.649425 -0.781171 -0.00514838 0.152644 
1.92331 2.59867 1.90616 1.17993 2.67475 2.09793 1.63763 -0.0114631 -0.429597 -1.46446 0.215441 0.149574 
1.96207 2.64908 2.27146 1.15193 2.59407 1.74646 2.22763 0.695427 0.0545215 -1.11658 0.137772 0.137805 
2.05989 2.60117 2.9268 1.27377 2.39202 1.69039 2.33118 0.464719 0.0955124 -0.81817 0.0272503 0.147647 
2.04161 2.81823 2.37382 1.32674 2.35194 1.41858 1.8652 0.0664772 -0.273353 -0.758529 0.0317785 0.105541 
1.99415 2.84972 1.96056 1.73792 1.84899 1.45628 1.55128 0.0205189 -0.350118 -0.899033 0.00993876 -0.00249451 
2.12832 2.90472 2.18982 1.61271 2.91907 1.10053 1.5794 -0.742406 -0.271215 -0.838033 -0.141636 0.0142921 
2.27581 2.58183 2.06947 0.604893 3.62962 1.52401 1.38467 -0.897369 -0.905587 -0.802305 -0.246296 0.136235 
2.23315 2.54505 1.33152 1.12352 3.0248 1.37183 0.957538 -1.09843 -1.48685 -1.11886 -0.21945 0.0657969 
2.3405 2.46748 0.623686 0.873791 4.01434 0.543765 0.374514 -1.51465 -1.47384 -1.45878 -0.571286 -0.00361267 
2.38958 2.42428 0.574565 0.427596 3.98813 0.476931 0.0820978 -1.71847 -1.90952 -1.40237 -0.603809 -0.00809374 
2.36375 2.60645 0.203927 0.348851 4.029 0.140694 0.197424 -1.5327 -2.2631 -1.01878 -0.698828 0.0856675 
2.40756 2.46195 -0.0847551 0.360395 4.30525 0.102503 -0.248039 -1.54929 -2.15318 -0.82788 -0.707716 0.0385995 
2.35116 2.36608 0.158423 0.446216 3.36365 0.173252 -0.505719 -1.71403 -1.99461 -1.07502 -0.396557 0.056483 
2.36626 2.62025 -0.471843 -0.327412 3.85509 -0.261687 -0.587186 -2.14856 -2.2524 -0.953232 -0.603758 0.0441308 
2.34654 2.40153 -0.219297 -0.665005 3.68088 -0.387853 -0.335447 -2.91019 -1.68513 -1.39729 -0.391915 0.123965 
2.47756 2.18937 -0.444785 -0.403087 3.54208 -0.438479 -0.253728 -3.18914 -1.25605 -1.49563 -0.492432 0.124448 
2.5179 2.12934 -0.407326 -0.490544 3.33035 -0.451972 -0.234763 -3.07103 -1.43577 -1.474 -0.501054 0.184687 
2.28625 2.16063 -0.333495 -0.238387 2.8354 -0.555703 -0.422924 -2.57986 -1.4945 -1.46951 -0.230715 0.214565 
2.41145 2.23037 -1.16306 -0.174803 3.14559 -0.617331 -0.56256 -2.98301 -0.988108 -1.22562 -0.152536 0.155894 
2.35681 2.05082 -1.04975 -0.34757 3.2728 -1.16348 -0.862115 -2.56075 -0.621892 -0.772179 -0.22649 0.173934 
2.43547 1.98535 -1.29776 -0.40542 2.65366 -1.45563 -0.899665 -2.2768 -0.755075 -0.894414 -0.436857 0.171508 
2.38847 2.13654 -1.88327 -0.0118838 2.00112 -1.85847 -0.876434 -1.86238 -0.52656 -0.949058 -0.534564 0.196013 
2.26696 1.9576 -1.93942 0.57585 1.7586 -2.37298 -0.90567 -1.24286 0.01617 -0.664587 -0.475301 0.258597 
2.46478 1.69927 -1.82218 0.444704 2.1588 -2.13804 -1.2373 -1.23267 0.42194 -0.195125 -0.367837 0.16947 
2.40243 1.84389 -1.85405 0.677026 1.96693 -1.83507 -0.632854 -1.63875 0.772435 -0.455658 -0.0411697 0.0612426 
2.48053 1.39223 -2.0608 0.844141 2.40042 -1.34976 -0.555475 -1.4955 0.547688 -0.318398 -0.028799 0.0925529 
2.42482 1.33983 -2.25794 0.57607 2.83107 -0.661946 -0.763306 -1.04003 0.319391 -0.0486379 -0.252501 0.0177897 
2.58097 1.45844 -2.40711 0.456336 3.84845 -0.720856 -0.29101 -1.39587 0.0991956 0.237651 -0.476919 0.0610976 
2.6537 1.24001 -1.88068 0.512615 4.45205 -0.0865456 0.0557671 -1.93615 -0.121668 0.0255492 -0.440245 -0.0359382 
2.4138 1.61259 -0.434542 1.26258 2.52986 0.432774 -0.713927 -1.44255 0.127127 -0.374267 -0.139739 -0.163575 
2.57429 1.46917 -0.521214 0.561196 3.63298 0.489759 -0.0698113 -1.25349 0.0527065 -0.101704 -0.192661 0.0128775 
2.64049 1.63692 -0.875351 0.660944 3.6549 1.03477 0.194148 -0.85504 -0.47878 -0.509501 -0.386339 0.00254235 
2.39149 1.63411 -0.51483 0.235638 3.60639 1.3333 0.899756 -0.545666 -0.484662 -0.511168 -0.254315 0.0537538 
2.39944 1.16502 -0.142753 0.211936 3.3815 0.938174 0.987896 0.150108 -0.343018 -0.374801 -0.370068 0.058595 
2.47384 1.36979 -0.00705768 0.0490686 2.66764 0.618317 0.857006 -0.424868 -0.422152 -0.387143 -0.150969 0.208379 
2.41646 1.78063 -0.0420422 -0.114171 2.61212 0.457134 -0.188879 -0.202914 -0.377159 -0.111933 0.0743252 0.194139 
2.5196 1.85867 0.172961 -0.208171 2.19056 0.499392 0.162185 -0.983402 0.378828 -0.227254 0.102688 0.190839 
2.41444 1.90104 -0.199051 -0.373658 2.79119 0.825023 0.337843 -0.729545 0.00634181 -0.0254113 0.379468 0.311058 
2.44362 1.77364 -0.0698018 0.150957 3.12009 0.676233 -0.878886 -0.030891 -0.166804 0.434465 0.386711 0.18258 
2.26481 2.02508 0.573829 0.0953784 2.16992 0.850958 -0.567885 0.117722 0.410285 0.144948 0.388582 0.0909696 
2.27197 2.09899 0.610399 0.0551678 2.29234 0.790423 0.103173 -0.313345 0.197627 -0.309451 0.110933 0.055308 
2.29422 2.03703 0.608323 1.08924 2.09637 0.371269 0.200738 -0.18345 0.272141 -0.0467149 0.0570797 0.057252 
2.29304 2.03703 0.701485 0.601209 2.73054 0.0695777 0.145737 -0.01363 0.440606 0.190127 0.0999687 0.135043 
2.293 1.67983 0.79267 0.638178 3.09183 -0.216432 -0.172714 0.33655 0.324592 0.472938 0.231489 0.271418 
2.12806 1.62181 0.90679 0.868464 2.42054 -0.816669 0.656804 0.742728 1.09063 0.454541 0.254196 0.380394 
1.92988 1.49429 0.755943 0.986274 1.95463 0.209648 0.854055 -0.0638585 0.915181 0.669528 0.894148 0.469182 
1.99046 1.78668 1.03085 0.062893 2.41026 1.09084 1.05146 0.00383519 0.54309 0.0684309 0.550509 0.397808 
1.96505 1.80548 1.12766 -0.0720793 2.76845 0.855389 1.03741 -0.646442 0.339887 0.294208 0.594994 0.483683 
2.1175 1.68841 1.2197 -0.126202 3.00826 0.325971 0.551728 0.0430696 0.395145 0.337027 0.371778 0.38534 
1.95041 2.00019 1.27487 0.44559 2.53279 0.267111 1.20706 0.0156662 0.27518 -0.0214162 0.239151 0.304643 
1.92154 1.99553 0.81836 0.513741 2.83654 0.432718 1.24117 0.0612 0.287417 0.0511449 0.308884 0.32026 
1.83436 1.72809 1.43599 0.507374 2.32636 0.660489 0.832166 0.230262 0.0469146 0.198293 0.288838 0.195268 
1.82823 1.98253 0.979683 -0.246617 2.32928 0.416759 0.554415 0.0141313 0.328624 0.176332 0.248148 0.13245 
1.76477 1.85824 1.26611 0.0536369 1.82383 0.193639 0.38204 -0.205983 1.1512 0.0567613 0.460555 0.22535 
1.72954 2.04676 1.79571 0.603493 1.9196 -0.202827 0.518929 0.367397 0.177736 -0.0393313 0.271598 0.14397 
1.65756 1.7664 1.93643 -0.210167 1.01778 0.368077 1.42939 0.409994 -0.0193866 0.110146 0.371873 0.167111 
1.6159 1.7424 1.66864 -0.0664105 0.996605 0.101008 0.751323 0.0552244 1.04204 0.0298093 0.591618 0.242596 
1.65259 1.61088 1.30252 0.674668 0.878995 -0.0807308 0.944933 0.256219 0.554173 0.399411 0.728421 0.273859 
1.61294 1.89163 1.51871 -0.178077 1.67878 0.424715 0.686407 0.108627 0.111688 -0.0760559 0.375182 0.140345 
1.50514 1.88356 1.43676 0.515826 2.11505 0.851918 1.33032 -0.0613257 0.273275 -0.537351 0.265047 0.0952023 
1.3714 2.00243 0.881839 1.1068 2.0305 0.369192 0.714367 -0.220105 0.0936406 0.0685129 0.592636 0.125971 
1.31726 1.50956 1.34822 1.22139 1.78569 0.140261 0.955071 0.171597 -0.288931 0.140727 0.524098 0.109002 
1.22727 1.59346 1.17439 0.739958 1.75325 0.630132 1.81219 0.546387 -0.121459 -0.762846 0.395835 0.0511301 
1.11739 1.74695 2.05506 0.886713 1.3961 1.79102 2.01393 0.700622 0.480027 -0.739618 0.389796 0.0138921 
1.18279 1.44317 1.79788 1.28531 2.13332 1.47732 1.26374 0.456621 0.349909 -0.656411 0.0468459 0.0259022 
1.18276 1.45309 2.07834 1.36173 1.65895 0.693901 1.66098 0.86502 0.105077 0.0636564 -0.0640901 0.0272284 
1.2987 1.14635 2.60022 1.17279 1.70565 1.22776 0.502058 0.861075 0.438007 0.343167 0.516257 0.100585 
1.20927 1.31609 2.68269 0.766866 1.21911 1.30147 1.44005 0.600252 0.0340843 0.0696773 0.532714 0.0709269 
1.1422 1.66285 2.0914 0.409633 1.87078 0.901524 1.04546 1.03164 -0.150283 0.079911 0.488378 0.0329544 
1.12601 1.52827 1.50891 0.155435 1.66056 -0.640631 0.584128 0.5103 -0.0834603 -0.362841 0.739595 0.102018 
1.17411 1.61752 2.03865 0.661933 1.81927 -0.241749 1.96844 0.0223452 0.395791 0.442064 0.496254 0.242969 
1.15314 1.46375 2.22792 1.14365 1.91741 0.148919 1.65842 0.503237 0.554126 0.513364 0.0471504 0.168417 
1.09003 1.44499 1.45493 1.70528 2.06866 0.919411 1.51148 0.36944 0.936376 0.507176 0.569849 0.133379 
1.1303 1.3434 1.41577 1.59724 1.88335 0.563273 1.46377 0.0716627 1.29589 0.311211 0.0830413 0.0786498 
1.18107 1.50993 1.66193 0.181404 2.11183 0.377986 1.11105 0.515866 0.240172 0.377137 0.390633 0.151677 
0.9811 1.66442 1.92339 1.04971 1.86577 0.0246934 1.40763 0.348163 1.04212 0.915584 0.617579 0.233927 
0.990118 1.89101 1.66067 1.02693 1.32993 0.95406 2.69389 0.437399 1.03797 0.799418 0.559742 0.211165 
1.03867 1.63942 2.06105 1.31712 0.739457 1.26302 2.39475 0.220635 1.12351 0.659542 0.635501 0.153545 
1.1073 1.25467 1.96098 1.04772 2.1927 0.950825 2.08422 0.947989 0.472437 0.57287 0.462745 0.201646 
1.13376 1.30353 2.26972 1.17632 2.29874 1.30569 0.6935 0.417575 1.13084 0.832732 0.510762 0.205058 
0.819559 1.45198 2.62912 0.732727 2.32153 1.43807 0.544685 0.454121 1.04465 0.623876 0.551794 0.185442 
1.0078 1.3787 2.11719 0.544424 1.75173 1.8339 1.40097 1.42019 1.38262 0.783112 0.510182 0.188671 
1.05145 1.27359 1.91393 1.17224 0.670829 1.23762 0.579274 1.54991 1.55827 0.589376 0.39648 0.178789 
0.979622 1.4937 2.01131 1.31072 1.58388 0.36953 0.431111 1.7683 0.969074 0.613146 0.963725 0.167965 
0.945902 1.24482 2.3105 0.950285 0.679509 0.884773 2.00892 1.31451 0.947822 0.927194 0.102861 0.126536 
1.01694 1.50901 1.73425 0.862445 0.612625 0.503562 1.35756 0.566307 0.75618 0.734565 0.322185 0.108194 
0.984308 1.20293 1.59594 1.05444 1.30145 -0.105624 1.3502 0.68931 0.835852 0.365426 0.545214 0.13543 
0.841037 1.34452 1.42071 1.25662 1.89599 0.752066 0.655021 0.0966652 1.26325 0.0657063 0.271326 0.0612923 
0.792913 1.55521 1.42045 1.0045 2.30921 0.305947 0.550757 0.657273 1.20211 0.58433 0.589191 0.0650906 
0.884283 1.43149 1.29569 1.12186 1.89652 0.890791 1.6455 1.98461 0.634427 -0.280105 0.538255 0.10216 
0.727756 1.15059 2.09673 0.750441 1.74903 0.860215 1.38563 2.04463 0.717116 0.313845 0.46837 0.0990601 
0.803677 0.893411 2.1552 0.1466 1.74005 0.682438 1.49109 1.02413 0.493843 0.607185 0.559768 0.066384 
0.732347 1.09263 2.01908 0.764236 1.20454 -0.297505 1.79964 0.735196 0.965779 0.876466 0.373849 0.135557 
0.800128 1.31034 1.47598 0.465269 1.43202 0.335881 1.62738 1.43834 1.3282 0.211886 0.471861 0.08033 
0.74594 1.52518 1.38538 0.985467 2.0434 0.902897 1.02975 1.18896 1.29423 0.459108 0.433911 0.0849329 
