0.905858 0.54491 1.07216 0.957694 2.29703 0.614476 0.19408 0.623842 0.951615 0.508168 0.609104 -0.0957129 
0.932579 1.05158 1.54582 1.27732 2.04041 0.0276483 -0.575688 0.683019 0.322708 0.440461 0.260979 -0.0717211 
1.06957 1.13436 1.52546 0.542636 1.49472 0.0740859 0.584986 0.0887274 0.0587285 0.773737 0.167116 0.0555044 
1.15706 0.651059 1.70559 0.626071 1.41588 -0.117043 0.461067 0.00582149 0.147604 0.703989 0.0857731 -0.0519137 
1.09477 1.1287 1.71568 0.645053 0.906189 -0.0685452 0.835568 -0.124665 -0.0630907 0.405995 0.237797 -0.10549 
0.96796 1.21906 1.75293 0.556296 1.25851 -0.130533 1.86459 -0.0154219 0.581683 0.648662 0.0586263 -0.0159361 
0.998186 0.785224 1.66045 0.943115 1.34725 -0.185783 1.29555 0.368108 0.787724 0.618034 0.00941514 0.0649372 
1.01578 1.11637 1.79821 1.12555 1.08337 -0.23371 1.02528 0.54 0.446069 0.750705 -0.020375 0.0577127 
1.08178 0.892828 1.68975 0.911532 1.15422 -0.332434 0.460616 0.540532 0.393517 0.754586 0.381991 -0.0114269 
1.08634 1.06319 1.38066 0.24141 1.28289 0.994388 0.805351 0.879615 0.274729 -0.122332 0.303126 0.0431606 
1.1348 0.9714 1.63251 0.915239 2.10606 0.861967 1.04544 0.514865 0.765788 -0.0491238 0.384532 0.169568 
1.12366 1.02194 1.47196 0.60226 1.36085 0.695676 0.557288 0.253753 0.694894 0.64907 0.178269 0.0277773 
1.03789 1.02147 1.68461 -0.161608 2.5976 0.823914 0.130623 0.204233 0.854535 0.168754 -0.0956496 -0.0198303 
0.946194 0.905223 1.25135 0.387655 0.963881 -0.14143 0.0961877 0.590378 0.127208 0.397367 -0.05411 -0.175838 
0.90835 1.05552 1.22255 1.01664 1.02392 0.467515 0.481558 0.478387 0.780134 -0.19603 0.598782 0.0858854 
1.08054 1.02366 1.16805 1.01393 1.31327 -0.0721964 1.20849 0.154969 0.459582 0.333422 0.391275 0.0910181 
1.00225 0.997184 0.939331 0.609345 1.44019 0.848379 1.11159 -0.293117 0.277883 0.714692 0.487705 0.0314188 
0.969416 1.04619 1.95145 0.653417 1.50222 1.16659 0.112701 -0.169137 0.0523132 0.722762 0.319293 -0.0120819 
1.02771 1.0158 1.63981 0.558958 0.727968 0.263205 0.0154478 0.0619719 0.0737914 -0.235475 0.467201 0.0478775 
1.12796 1.13425 1.39892 0.431607 1.27843 0.183649 0.0791585 0.634299 0.807055 0.235502 -0.0692837 0.0444456 
1.03288 0.938703 1.6449 0.978952 1.67144 0.284569 0.885448 0.826866 0.216428 0.235486 -0.50998 0.0736568 
0.971053 0.876106 1.43996 0.403095 2.06467 0.992386 0.950643 -0.132085 0.138563 0.387272 0.130244 0.111586 
0.933717 1.13616 1.54512 0.736621 1.67083 0.399383 2.04191 0.158276 0.0762272 0.455891 0.463496 0.0514238 
1.06746 1.29313 1.45118 0.560443 1.5454 0.558239 1.55432 -0.106639 -0.539467 0.3932 0.542512 0.0935474 
1.00148 1.16078 1.45042 0.983463 1.44249 0.510648 0.534117 -0.144551 0.0762904 0.0332693 0.693863 -0.0204321 
0.98663 1.31254 1.33017 0.699267 1.35662 0.312667 1.00698 -0.399837 0.61036 0.140537 0.901317 0.0474578 
1.09843 1.25449 1.38209 0.75178 1.3686 1.19429 0.906622 -0.490545 0.446943 0.167893 0.739541 0.109116 
1.17281 1.16997 2.01242 1.34392 1.7603 1.55675 1.01384 -0.0868998 0.835768 0.550145 0.706181 0.147769 
1.29381 1.63811 2.42906 1.97196 2.65059 1.61183 1.18196 0.465971 0.617829 0.508934 0.144758 0.0758313 
1.52047 1.89351 2.02306 2.32628 3.36373 2.43307 1.15306 -0.077382 -0.123506 -0.0366492 0.442763 0.0451494 
1.64943 2.14629 2.26718 2.125 3.5544 2.68889 2.05068 -0.915337 -0.556325 -0.352335 0.449483 0.119922 
1.61418 2.35138 2.28195 2.25147 3.51984 3.35623 2.00667 -0.619171 -0.563625 -0.37037 0.546174 0.127151 
1.64165 2.05244 2.20359 2.33068 2.84932 2.947 1.7863 0.148739 -0.0616196 -0.120372 0.276897 0.080292 
1.85579 2.20188 2.20725 1.90641 2.97291 2.54738 1.7298 -1.08097 0.533311 -0.298557 0.121639 0.0637125 
1.96678 2.3812 2.08335 1.67264 3.51877 2.57577 1.65608 -0.529414 -0.172473 -0.54835 0.170923 0.0962062 
1.87386 2.22283 1.99611 1.46354 4.09406 2.86699 2.17283 0.119019 -0.645228 -0.160599 0.258959 0.213677 
2.01898 1.82352 1.44567 1.49874 3.54695 2.98487 1.65849 -0.411242 -0.331955 -0.304171 0.222208 0.16053 
2.23987 1.79089 1.62413 0.9768 3.39325 2.57617 1.59422 -0.372712 -0.924151 -0.255113 0.151603 0.16988 
2.2563 2.39776 1.15608 0.774955 3.53602 2.51251 2.0078 -0.489574 -0.928146 -0.347822 0.102018 0.236398 
2.22211 1.98504 1.30437 1.01715 3.00529 2.46816 2.00311 -0.640641 -0.993116 -0.39444 0.0855497 0.194695 
2.21012 1.9618 1.00506 1.28901 2.82036 3.204 1.35776 -1.4174 0.0856791 -0.85278 0.174134 0.148272 
2.04853 1.88137 0.257498 1.28533 4.04747 2.57981 1.16592 -0.921551 0.0324052 -0.780328 0.246488 0.0586112 
2.14987 1.61207 -0.105647 0.852374 3.92937 1.8794 1.541 -0.908642 -0.403679 -0.498323 -0.0298561 0.080525 
2.24416 1.47732 0.155423 0.387336 4.36767 2.15423 1.07834 -1.23445 -0.0279045 -0.440298 -0.0232918 0.0559175 
2.11618 1.93051 0.699226 0.792909 3.10614 1.89641 1.12951 -0.210451 -0.441877 -0.102156 0.146372 0.0936329 
1.92737 1.86751 1.71313 0.965568 1.94656 0.211137 0.952572 0.612557 -1.37146 0.227872 0.165435 0.074516 
2.42412 1.66749 0.573499 0.607817 2.63896 -0.744112 -0.377154 -0.525346 -0.825879 0.637469 0.232305 0.135624 
2.67807 1.50058 -0.124416 0.97893 2.3948 -0.88549 -1.20298 -0.545531 -0.814662 0.428079 0.271 0.177013 
2.41991 1.67901 -0.707779 1.23526 1.98538 -1.19311 -1.95328 -0.556581 -0.610182 0.690724 0.0590921 0.155863 
2.55266 1.39065 -0.934969 1.66808 1.62775 -1.5134 -2.10197 -1.17036 -0.0927671 0.422062 0.150273 0.0562173 
2.89558 1.10613 -1.22157 1.58938 1.61944 -1.5466 -2.04441 -1.64469 -0.0903943 0.251076 0.276992 0.0662294 
2.87595 0.882189 -0.970531 1.39938 1.56794 -1.82907 -2.29508 -1.65346 -0.173535 0.194989 0.152435 0.0373182 
2.86459 1.14977 -1.92982 1.88875 1.29121 -1.55708 -2.51806 -2.12338 -0.00104061 -0.0152604 0.15138 -0.102018 
2.7158 1.16449 -1.242 1.44333 0.835254 -1.94796 -2.29558 -1.86896 -0.176341 -0.0490792 0.0845655 -0.059508 
2.9458 1.20784 -1.2666 1.31546 1.31178 -1.75341 -2.81795 -1.74922 -0.103568 0.317198 0.00679266 -0.122874 
2.80228 1.19149 -0.923885 0.653949 1.17191 -1.34505 -2.79675 -1.58023 -0.313012 0.390068 0.0581125 -0.121477 
2.95278 1.3116 -1.36875 1.0918 0.871862 -1.90543 -2.44575 -1.54326 -0.0109629 0.170728 0.0206103 -0.0654882 
2.7592 1.42157 -0.866547 1.02821 0.169131 -2.08707 -1.87933 -1.09879 0.282877 0.0479004 -0.0203748 -0.0838703 
2.66044 1.32295 -0.623458 1.1124 -0.131371 -1.61832 -1.81919 -1.56531 0.683661 0.445856 0.0591047 -0.307508 
2.81028 1.30854 -0.852938 1.46291 0.329859 -2.04638 -1.57183 -1.27318 1.30281 0.583451 -0.0125982 -0.470131 
2.86381 1.27212 -1.32576 0.744102 0.783683 -1.81299 -1.45399 -0.240164 1.17817 0.433085 -0.270782 -0.318365 
2.74608 1.25257 -1.1198 0.290759 0.238813 -1.2397 -1.02343 -0.157398 1.26456 0.331319 -0.365395 -0.459825 
2.71532 1.25503 -1.14624 0.388821 0.303683 -1.17125 -0.760415 0.0928508 1.30221 0.279586 -0.448585 -0.52173 
2.71774 1.23759 -0.693714 0.522651 -0.104955 -0.559033 -0.272123 -0.315432 1.69323 0.500552 -0.422154 -0.687005 
2.69401 1.5896 -0.634907 0.325634 0.630738 -0.189732 -0.139254 -0.136504 1.67759 0.213519 -0.588416 -0.722981 
2.76169 1.42836 -0.949278 1.04204 0.73764 0.0607617 0.521817 -0.318091 1.21815 -0.0795431 -0.530702 -0.714907 
2.77615 1.26926 -0.879636 0.884076 1.57122 0.207557 0.226667 0.555374 0.929068 0.0320412 -0.688181 -0.576922 
2.90779 0.856625 -0.789196 1.01004 2.33626 0.0336397 0.873627 0.348008 1.05672 0.246739 -0.529909 -0.488827 
2.62488 0.892967 -0.599808 1.15049 2.41874 0.836952 0.451698 0.632729 0.921289 0.26556 -0.459784 -0.412437 
2.68374 0.954806 -0.811806 1.22334 2.47698 1.01146 0.136711 0.185768 1.1587 0.545353 -0.253783 -0.389598 
2.53191 1.05835 -1.04784 1.29595 2.63052 1.15537 0.0128824 -0.273145 1.15928 0.550428 -0.075495 -0.335021 
2.61695 0.992018 -1.2913 1.36016 2.96324 0.94033 0.119657 -0.541366 1.06556 0.50033 -0.0304286 -0.294018 
2.54577 0.759683 -1.03249 2.06943 2.5925 0.42227 -0.137293 -0.841195 1.39616 0.360955 0.0042057 -0.233828 
2.47155 1.12151 -0.948792 1.83505 2.64046 0.35373 -0.162675 -0.579571 1.44134 0.416684 -0.00492699 -0.257487 
2.5573 0.837897 -0.218528 1.86568 2.56686 0.230359 0.203423 -0.135448 1.62465 0.728616 -0.223599 -0.3783 
2.37752 1.10223 0.331421 1.68868 2.66066 1.01396 0.98415 -0.376364 2.05098 0.703408 -0.459493 -0.546012 
2.48155 1.36799 0.124086 1.58834 3.02289 1.50839 0.348133 -0.167107 1.70951 0.216177 -0.543907 -0.504496 
2.3424 1.40812 0.0467734 1.89087 2.99608 0.97723 -0.235516 -0.115766 1.36455 0.345091 -0.418731 -0.455001 
2.51061 1.08032 -0.375887 2.72367 3.2102 -0.0698175 -0.386174 -0.486803 1.36732 0.383984 -0.265766 -0.331896 
2.4111 1.1596 -0.938835 2.62023 3.25864 -0.480629 -0.541454 -0.298613 1.54801 0.427366 -0.19765 -0.232884 
2.28982 0.843158 0.385168 1.61284 2.05303 -0.168009 -0.596696 -0.148813 1.55917 0.383865 -0.165466 -0.110177 
2.33983 1.16645 0.912369 1.23103 1.89675 0.617292 -0.427114 -0.0873647 1.56247 1.1251 0.0912046 -0.232087 
2.25238 1.46414 1.06644 1.31629 1.93879 0.281644 -0.309669 0.943244 1.71171 0.791399 -0.0371658 -0.150532 
2.22418 1.45734 0.990812 1.37711 2.44548 0.243007 -0.057741 0.897495 2.18967 0.549642 -0.276442 -0.188705 
2.2028 1.14987 0.598639 1.95158 3.05749 0.51104 -0.126081 0.166522 1.57742 0.453441 -0.329125 -0.247877 
2.22423 1.31515 0.0151639 1.93025 2.59357 -0.108419 0.291733 0.122906 1.4897 0.599042 -0.292657 -0.342872 
2.19418 1.56748 0.706564 0.947691 1.93962 0.162159 0.330834 -0.948894 1.97046 0.98723 -0.0444909 -0.322667 
2.18216 1.72791 0.862251 0.410839 2.17234 0.306546 -0.0823615 -0.486618 2.0185 0.953442 0.0189371 -0.254968 
2.20831 1.59317 0.691298 0.849374 2.28102 0.202126 -0.358693 0.363093 1.59144 1.37117 0.19501 -0.209639 
2.15497 1.70005 0.81342 1.16483 2.23212 0.214889 0.250299 0.0926831 1.48844 1.41323 0.241694 -0.13487 
2.04116 1.66668 0.811334 0.896434 2.97375 1.20879 0.820277 -0.145669 1.37002 0.711416 0.127835 -0.081976 
2.05314 1.51262 0.907903 1.06879 2.77345 1.6637 0.634802 -0.268633 1.18627 0.277384 -0.0394711 -0.138953 
2.18211 1.37639 1.26907 1.13598 2.62345 0.628593 0.693914 -0.84569 1.32506 0.80083 -0.159621 -0.16044 
2.2072 1.43201 1.65018 1.26489 2.3159 0.318961 0.433797 -0.182853 1.53889 0.878246 -0.23342 -0.182682 
2.18166 1.73787 1.04072 1.02549 2.59013 0.736336 0.239418 0.303823 1.07869 1.1458 0.167673 -0.139541 
2.04774 1.90136 1.45875 0.645709 3.12863 0.936314 0.237526 -0.15699 1.0236 0.672609 0.237934 0.0285363 
1.97613 1.85267 1.53393 1.45729 2.77495 1.59488 1.5128 -0.390453 1.26708 0.29366 0.0199753 0.00275713 
2.0625 1.70582 1.65527 1.65773 2.75828 2.05737 1.82475 -0.243549 1.33595 0.364222 -0.208502 -0.116644 
1.98224 1.88169 1.67739 1.39687 2.9023 1.93564 1.56145 -0.232432 1.66788 0.463658 -0.0813175 -0.0566532 
1.8691 2.02223 2.02854 1.34839 3.21504 1.51715 1.73078 0.52851 0.72814 0.254496 -0.0215155 0.0614662 
1.70206 2.11263 2.11315 1.52717 2.47285 1.38473 1.60529 0.397352 1.07486 1.14261 -0.0506807 0.0682581 
1.92292 2.15889 1.78717 1.621 2.38842 1.43077 2.01028 0.44623 1.12713 0.94359 0.0712054 0.0332123 
1.9399 2.18703 1.79434 1.36858 3.26202 0.792804 1.41546 0.780804 0.812221 0.837221 -0.0641552 0.0178219 
1.69129 2.0749 1.83912 1.35023 2.50291 0.422959 1.36577 0.767302 1.02652 1.24613 0.103469 0.159259 
1.61706 2.12082 1.94481 1.95646 1.98738 1.27301 1.89644 0.996833 1.16147 0.843224 -0.0309969 0.0488895 
1.56669 2.20549 2.10272 1.57308 2.16806 0.392733 1.3579 0.416617 0.58735 0.582411 0.0778152 0.100851 
1.65977 2.18121 2.02462 1.447 2.62762 -0.5466 1.43425 1.01673 0.994271 -0.116242 -0.309733 0.0033369 
1.71173 2.38114 2.19772 1.46542 2.70784 1.02439 1.53716 1.28361 0.0206222 0.483106 -0.212781 -0.0605362 
1.72716 2.61075 2.05073 0.972649 2.58153 2.1925 1.82367 0.598441 0.213793 0.875742 -0.0198241 0.157096 
1.68878 2.15278 2.68715 1.01592 2.79925 1.47785 1.00984 0.763005 1.72454 0.845584 0.250346 0.229934 
1.5228 2.06652 2.37136 1.60335 2.29962 0.335235 1.39411 1.26799 1.61808 1.1788 0.191444 0.271563 
1.48123 2.05358 2.0056 1.89373 2.12452 0.662505 1.122 0.738003 1.63085 0.983897 0.198858 0.204036 
1.43625 1.71606 2.13987 2.04313 2.84205 1.23455 1.12368 0.628191 1.38295 0.571238 0.121687 0.125422 
1.32478 1.7836 1.95471 1.97799 2.48705 0.975012 1.65684 0.290518 1.65238 -0.0846812 -0.00795385 0.0701384 
1.29702 2.02937 2.05416 1.81241 1.63218 0.63255 1.48278 0.376704 1.80503 0.395629 0.457604 0.214025 
1.35028 1.95761 2.22033 1.03249 2.59029 0.550499 1.48346 0.806607 1.83915 0.321541 0.821767 0.378412 
1.38193 2.12226 2.10232 1.45112 1.80061 0.808144 2.11884 1.3644 0.70662 1.13911 0.530381 0.303806 
1.25436 1.84982 1.67393 1.10055 2.54323 1.09725 2.65565 0.775088 0.504672 1.40323 0.395791 0.367377 
1.26309 2.00773 2.24201 1.28574 2.57753 1.24523 2.60583 1.05292 0.587002 0.661576 0.311445 0.25178 
1.22506 1.82029 2.57946 1.31944 2.08324 1.37421 1.54921 1.80838 1.30898 0.508552 0.29621 0.205568 
1.29775 1.88518 2.42729 1.80103 2.31037 1.44876 1.8248 1.08492 1.77485 0.603583 0.301833 0.280324 
1.39632 1.72394 2.01061 1.76603 2.02261 2.18426 1.50519 1.60533 1.65155 0.752525 0.283599 0.232391 
1.3983 1.76515 2.59193 1.39169 1.75731 1.68878 2.29418 1.0585 1.67774 0.422719 0.457982 0.309857 
1.26594 1.93472 2.79535 1.85464 2.20466 0.948569 2.4525 1.70175 1.65137 -0.113898 0.566602 0.291646 
1.20742 2.06671 2.63483 1.31711 2.33696 0.332229 2.02566 1.92723 1.6578 0.217076 0.508382 0.273874 
1.26724 1.89036 2.41363 1.25909 2.06866 0.190586 1.73531 1.27308 1.05718 0.524823 0.476747 0.241205 
1.12425 1.78989 2.3218 0.880046 2.5986 1.08445 2.29967 1.28573 0.940942 0.448915 0.178712 0.207648 
1.12217 1.5668 2.39433 1.1419 2.9295 0.553777 1.57239 1.42469 0.928215 0.661995 0.431361 0.243212 
1.37271 1.35772 2.42993 1.75324 1.78514 1.11365 1.8529 0.831293 1.5391 0.197703 0.492921 0.307522 
1.20829 1.85557 2.14809 1.67584 1.95033 0.729374 1.6385 0.0320366 1.64 0.0423681 0.649776 0.224019 
1.0635 2.02795 2.40736 1.65794 1.21009 1.19385 1.84318 0.480787 1.52838 -0.61974 0.237177 0.0249846 
1.12962 1.74525 2.52522 1.1891 1.69242 1.45965 1.9367 0.333525 1.40147 -0.205826 0.249997 0.164653 
1.20046 1.85844 2.44489 0.560991 1.97734 0.603704 0.243981 0.244286 1.50136 -0.227398 0.25706 0.12935 
1.18202 1.84902 2.39725 0.619556 1.20879 -0.240132 1.53014 0.470251 1.09841 0.00045795 0.567955 0.159528 
1.09846 1.7483 2.22786 1.16625 1.51911 1.51128 2.5851 1.10225 0.590397 -0.0950699 0.512351 0.067735 
1.01091 2.12607 2.13236 1.5661 1.40821 1.25648 2.26952 1.38267 0.181043 -0.159242 0.914527 -0.0249762 
1.15311 1.83152 2.62786 0.976527 1.24308 0.64353 1.42682 0.56208 0.760013 0.277974 0.874059 0.190062 
1.17922 1.67929 3.10239 0.640947 1.39779 0.340543 1.30004 -0.13296 1.04093 1.72347 0.299106 0.403441 
1.1617 1.7002 2.77507 1.13799 0.981843 -0.486778 2.33778 -0.207496 1.1114 1.23166 0.482118 0.362904 
1.16361 1.73936 2.12282 1.39741 1.02393 -0.714809 1.04348 0.804505 0.707437 -0.153867 0.900006 0.17302 
1.17382 2.00456 2.40645 0.912532 1.70187 -0.930295 0.610941 1.40558 -0.0984424 0.30579 0.905118 0.162264 
1.06949 2.06992 2.42777 0.798465 1.06579 0.898789 0.987401 1.04949 0.839293 0.584056 0.691982 0.151561 
0.930227 1.85944 2.33496 0.846891 1.35897 0.791103 0.868929 0.527397 1.40522 0.984229 0.784456 0.254052 
1.05164 1.53116 2.58012 1.08019 1.63152 0.875507 0.618735 0.440242 1.00445 0.493488 0.934015 0.209206 
1.1032 1.6771 2.69888 1.01667 0.76445 0.445241 0.647976 0.847177 0.918287 0.477627 0.549418 0.198049 
1.07566 1.47823 2.8033 1.19204 0.911734 0.0224212 1.39379 0.112005 0.925603 1.34937 0.69656 0.263034 
1.03334 2.08936 2.32543 1.09116 1.73865 0.67958 0.900246 -0.0436255 0.986102 1.04034 0.846061 0.305479 
1.07452 2.15828 2.10432 0.484445 1.9154 0.662994 1.16006 0.0522865 0.281349 0.697423 0.649215 0.244892 
0.943345 1.91296 2.10897 1.23307 1.90784 0.342546 1.16603 0.548474 -0.0475298 0.636269 0.595051 0.0837863 
0.99968 1.82264 2.45737 1.80712 2.30747 1.12571 1.90372 0.638341 0.544685 -0.0473838 0.746043 0.0956796 
