0.797604 1.53347 1.2762 1.78732 1.09277 0.435262 1.86924 0.629079 0.651964 0.00438783 0.220461 0.0508407 
0.682935 1.72585 1.57306 1.39306 0.649809 1.41291 1.54412 0.920258 1.28403 0.502534 0.650238 0.0536029 
0.664668 1.79846 1.68515 1.6925 1.0676 1.31082 0.876081 1.032 1.11645 0.665786 0.547671 0.0915182 
0.790216 1.45805 1.78416 1.08167 1.40772 0.272913 0.533389 0.630775 1.34034 0.644459 0.557263 0.110326 
0.819919 1.42546 2.02692 1.14214 1.6526 0.530729 0.672981 0.571566 1.05922 0.651248 0.619514 0.100247 
0.781942 1.62044 1.43598 2.28715 1.15498 1.05477 1.124 0.783634 0.154717 -0.518364 0.256469 0.049589 
0.780324 1.33895 1.52074 1.84957 1.21793 0.942686 0.746609 0.274903 0.953926 0.614711 0.0753286 0.0471263 
0.816109 1.14536 1.63837 0.897024 1.38205 1.05781 -0.0504425 1.18816 0.465603 0.99319 0.00621241 0.0613743 
0.871788 0.929263 1.81628 1.57945 1.00267 1.04346 0.741827 1.89354 0.434319 0.775616 -0.148681 0.106519 
0.690528 1.06934 1.56288 1.17938 1.68769 0.812459 2.18624 1.42526 0.666663 0.563208 0.104211 0.200634 
0.628038 1.34593 2.05585 0.946291 1.24073 0.925933 1.60541 0.393556 1.02915 1.13563 0.416222 0.111675 
0.601564 1.14174 1.60401 1.31291 1.12885 0.844299 1.10597 1.04367 1.57942 0.602802 -0.124971 0.229094 
0.649331 1.38833 1.90216 1.77258 1.19326 1.53307 1.30017 0.670586 1.26403 1.27212 -0.401431 0.307936 
0.81408 -0.272338 2.65799 2.54982 -0.579126 0.219538 2.48418 0.71132 0.453463 1.00916 0.341288 -0.211072 
0.793492 -0.622232 2.73946 2.1703 -1.26504 -0.22963 2.50288 -0.208186 0.0111869 0.47818 -0.210914 -0.570218 
0.454951 -0.051647 4.1549 2.49336 -1.29445 1.83489 3.15558 -1.70275 -0.125836 0.703462 -0.408299 -0.274792 
0.166787 -0.85825 4.2672 1.10495 -0.782596 0.927636 3.64573 -0.399615 0.239968 0.500616 -0.119242 0.227634 
0.106594 -0.760868 4.46777 1.68399 -1.33046 -0.107296 4.58145 0.0145005 -0.00272877 1.18325 0.355725 -0.150284 
0.0258647 -0.640416 4.23251 2.15866 -2.06392 -0.556044 4.93652 -0.723425 -0.246233 1.28623 0.349105 -0.373653 
-0.305516 -0.404071 4.68072 2.23357 -2.4016 0.340081 4.7427 -1.68638 0.534897 1.30895 0.364326 -0.292695 
-0.629235 -0.218337 4.64369 2.21763 -1.86309 1.45057 5.32994 -1.37884 0.516641 1.79019 0.102162 -0.277977 
-0.701106 -0.548928 4.50486 1.1399 0.324506 1.19678 3.78887 -0.120311 0.125455 1.38083 -0.0886642 -0.0919749 
-0.657395 -0.842369 4.39692 0.48122 0.0358387 0.395712 1.61434 -0.166134 0.0897485 1.37609 -0.110766 -0.00476857 
-0.720326 -0.196448 4.86537 0.333195 0.938977 1.70905 2.54648 -0.480138 0.763088 1.11872 -0.256258 0.324946 
-0.769853 -0.416939 5.25758 0.0353249 1.26188 1.82583 3.4382 -0.63235 1.33105 0.918302 -0.263288 0.542798 
-0.663525 -0.354114 4.77149 0.366612 0.922228 1.08373 2.30822 -0.412993 0.771713 0.468409 -0.10936 0.355116 
-0.468967 -0.493686 5.41034 0.826606 0.600489 1.35149 2.38342 -0.455515 1.08987 0.598246 -0.28261 0.505411 
-0.562887 -0.471106 5.64158 1.20238 -0.31031 2.7647 3.21934 -0.644938 1.49748 0.998095 -0.125922 0.358001 
-0.732188 -0.267472 4.95325 0.849015 -0.255986 3.48692 3.79427 -0.402419 0.982109 1.29285 -0.214971 0.262453 
-0.547557 -0.251808 4.94741 0.186028 -0.969883 1.55475 3.65293 -1.63026 0.770431 1.20757 -0.446558 0.0879931 
-0.345256 -0.663941 4.51483 0.619902 -1.25446 1.53695 4.23075 -1.0854 0.747503 1.00546 -0.313766 -0.0815362 
-0.121752 -0.696498 3.74627 0.146116 -1.38983 1.08495 2.81394 -0.918515 1.41492 0.415823 -0.432268 0.0903177 
0.270985 -0.185485 3.94232 0.329562 -1.08006 1.51077 3.20714 -0.444609 1.9343 0.904857 -0.328328 0.106522 
0.481695 0.00255415 4.25349 0.320259 -1.09154 2.52616 3.66488 -0.455969 1.67174 1.04386 -0.321361 0.0951833 
0.999185 0.736186 3.54504 0.873681 -1.26497 2.07572 1.21878 -0.749244 1.32143 0.662806 -0.20341 0.0565295 
1.94377 0.680531 2.56371 0.0430072 -0.621697 0.572351 1.14253 -0.415424 1.60128 0.156881 -0.75969 -0.0231411 
1.93712 1.0251 2.43847 -0.216792 -0.252769 -0.126599 0.989798 -0.554648 1.88422 -0.0369887 -0.819813 0.0127996 
2.0364 1.01654 2.43338 -0.614049 -1.12878 0.526256 2.05029 -0.797192 0.108654 0.656835 -0.579562 -0.32635 
2.22899 0.914345 1.79397 -0.420954 -0.7299 0.501687 1.91006 -0.883067 0.355077 0.249345 -0.722413 -0.310401 
2.29233 0.920724 1.91696 0.0315549 0.159779 0.168463 2.3005 -1.23727 0.788248 -0.027741 -1.16831 -0.183075 
1.91251 1.52223 2.52245 0.786133 -0.696687 1.42685 1.87589 -0.309952 0.584945 0.464698 -0.728719 -0.430416 
2.11511 1.51401 2.63847 0.38515 -0.317077 0.934833 1.30011 -0.12748 1.05024 0.343836 -0.733441 -0.371077 
2.16354 1.16448 2.72211 0.0106065 -0.141539 1.73784 1.02989 -0.333166 0.941981 -0.167889 -0.83047 -0.180921 
2.0591 1.05115 3.03314 0.443314 -0.164981 2.28106 1.69379 -0.226162 1.01708 -0.320835 -0.836892 -0.0188767 
2.47616 1.05395 1.87285 0.531776 -0.202415 1.4008 1.34247 -0.679869 1.52857 -0.0138097 -1.05631 -0.244169 
2.63123 0.568533 0.407832 0.302989 0.198385 0.91702 1.10601 -1.0959 1.51531 -0.133714 -1.07945 -0.265546 
2.71629 0.616993 0.249366 0.298548 0.59434 0.950292 0.643533 -0.604364 1.56208 -0.449804 -1.19052 -0.228735 
2.73088 0.691417 0.703333 0.501842 0.813541 1.03751 0.499581 -0.805467 1.79965 -0.530006 -1.45918 -0.230462 
2.64245 0.827114 1.10667 0.761713 0.696068 1.14447 0.632938 -0.747048 2.07408 -0.164075 -1.28302 -0.274392 
2.59231 1.21633 0.749512 0.808675 1.40775 1.56017 0.67304 -0.0874759 1.795 -0.60465 -1.00602 -0.26518 
2.54586 1.06611 0.601029 0.561411 1.5877 1.17812 1.0561 -0.405449 1.48317 -0.832373 -1.07018 -0.189905 
2.60325 0.907026 0.395979 0.140427 0.549922 0.678204 0.702777 -0.644248 1.95193 -0.468644 -0.876889 0.00208324 
2.59123 0.940491 0.288509 -0.0984063 0.466725 0.234574 0.546951 -0.623771 2.08147 -0.519989 -0.860184 0.0150732 
2.68885 0.979083 0.309529 -0.349234 0.443577 0.293276 0.48923 -0.810488 1.81009 -0.273966 -0.816027 -0.0574215 
2.63633 1.10914 -0.231544 -0.101885 0.424787 -0.0267722 -0.185616 -0.334094 1.84862 -0.272257 -0.568347 -0.16107 
2.97806 0.612348 -0.23355 -0.571265 0.607063 0.151353 -0.00627828 -0.226377 1.25801 0.00194013 -0.670738 -0.106641 
2.83401 0.825517 -0.0888578 -0.467883 0.849225 0.409229 0.262249 -0.736077 1.28082 -0.154054 -0.703138 -0.0751696 
2.89619 0.657369 -0.12222 0.375427 0.686719 0.156258 0.562562 -0.35242 0.426634 -0.393325 -0.548085 -0.0630415 
2.91486 0.453869 -0.428964 0.676104 0.659976 -0.318641 0.93531 -0.251357 0.256007 -0.518792 -0.46713 0.0028551 
3.01275 1.01661 -0.617587 0.181587 1.51164 -0.395243 0.585269 0.258964 0.141305 -0.48247 -0.449568 0.00966802 
2.67825 1.37275 -0.413811 0.489276 1.15695 -0.595574 0.169793 0.537199 0.622164 -0.20874 -0.352552 -0.102174 
2.67752 1.2357 -0.311837 1.02943 1.39905 -0.939029 0.552991 0.309907 0.977081 -0.15288 -0.286001 -0.0549702 
2.94673 1.21412 -0.0741355 0.497977 1.87622 -1.42647 0.763449 0.361445 1.22953 0.470142 -0.312239 -0.0200852 
2.52898 1.21153 -0.0569234 -0.276231 1.11591 -0.264296 0.802967 0.81307 1.66102 0.436938 0.177118 0.218672 
2.55004 1.50273 0.19611 0.154557 0.921161 -0.58424 0.634138 0.331747 1.04047 0.258402 0.123389 0.117648 
2.59364 1.89645 0.29059 0.544335 1.98481 -1.02193 0.912013 0.470273 1.11619 0.318564 -0.151828 0.0732985 
2.62656 2.14433 0.619926 0.50013 1.98189 -0.666798 1.52117 0.336672 0.632379 0.500911 0.00469461 0.116384 
2.71867 2.22032 0.549182 0.106883 1.77644 1.00598 1.27987 0.508596 0.130262 0.254788 0.109463 0.0603466 
2.59721 2.0679 0.782238 0.245717 1.76219 1.17232 1.17991 0.730156 0.296991 0.236142 0.0547903 -0.000918357 
2.59988 1.70044 0.580807 0.55178 1.75499 0.825132 0.972545 0.474397 1.2022 0.158279 -0.0687914 0.00282627 
2.22643 1.92992 0.775563 0.78501 1.70939 1.29046 1.14816 1.12289 1.03457 -0.0323955 -0.0170055 -0.000909945 
2.4604 1.68283 0.645419 0.383765 2.43246 1.63266 1.77638 1.37968 -0.0273815 -0.357913 -0.206239 0.0766738 
2.37964 1.76058 0.691843 0.645267 1.96683 2.48573 2.0833 0.973608 0.0328924 -0.406742 -0.197286 0.0266112 
2.38985 1.91361 0.501591 0.531298 1.92656 2.15913 1.67584 0.851515 0.406338 -0.0569234 -0.0104078 0.0271216 
2.54947 1.63386 0.794317 0.804417 2.60661 0.971603 1.88837 0.632895 1.09256 -0.395523 -0.505647 0.00640258 
2.24792 1.81075 0.756882 0.8146 1.98552 1.46339 2.04621 1.22444 0.537979 -0.187419 -0.0348678 0.115151 
2.21333 1.49439 1.2647 0.939874 2.82693 1.6998 2.34886 1.01118 0.726829 -0.156524 -0.165444 0.140414 
2.13363 2.06117 1.40967 0.660408 2.18557 3.1496 2.3958 0.893279 0.287077 -0.206391 -0.00207302 0.153569 
2.28899 1.91261 1.08665 0.694163 2.40118 2.43478 1.92221 0.813915 0.296301 0.197587 0.151792 0.123795 
2.13426 1.7148 0.734993 0.945215 2.25375 1.72322 1.7611 1.08844 0.821754 0.100592 0.294075 0.255027 
2.17579 1.80768 0.860984 0.17407 1.3961 2.3888 2.35025 0.988344 0.900911 0.0614579 0.473336 0.438195 
2.20694 1.91577 1.14697 0.403696 1.76232 1.5145 2.29392 1.40382 1.13126 0.0374021 0.290638 0.321003 
2.17715 2.14064 0.922236 0.719988 1.79924 1.16367 2.51482 0.946246 0.813611 0.282291 0.36123 0.315595 
2.0504 2.06937 1.06155 0.633997 1.11463 1.64908 2.62625 0.939058 0.581637 0.237321 0.429687 0.325771 
2.07542 1.63531 0.624694 0.934274 1.16878 1.19229 2.19972 0.569106 0.934128 0.0288982 0.681732 0.451522 
2.06652 1.94708 0.839178 0.735416 1.83322 1.09895 1.06187 0.845027 0.729787 0.0350262 0.337126 0.210465 
1.99521 2.13841 1.53113 0.839236 2.03347 0.984083 1.93606 1.05222 -0.0267238 0.321387 0.0754064 0.105334 
2.00611 2.14172 1.67523 1.21362 1.69739 1.14591 1.33129 1.08312 1.3327 -0.0259489 0.0252231 -0.0247318 
1.94853 2.17338 2.13255 1.44833 1.50726 0.415503 1.52074 0.968635 1.26499 0.762145 0.0597532 0.000790926 
1.94318 2.12849 1.73174 1.43435 1.02375 0.98319 1.84132 0.795339 1.24552 0.335589 0.404157 0.170138 
1.92367 1.95012 1.8479 1.17984 1.75304 1.82054 2.0381 1.00859 0.652774 -0.219875 0.400192 0.291553 
1.92457 2.01331 1.84229 0.424519 1.88811 2.02577 2.5939 0.901983 0.155614 0.225888 0.296163 0.304973 
1.74812 1.80797 1.64147 0.999198 1.86559 2.47882 2.39947 0.992607 0.611991 -0.0375337 0.418129 0.306613 
1.71684 1.97907 1.93696 0.841036 2.41059 2.26377 2.33769 1.41692 0.287235 -0.154383 0.214824 0.17416 
1.57789 1.5492 2.01329 0.500804 1.80414 1.61127 2.36956 1.06595 0.43455 0.138033 0.405456 0.236408 
1.55769 1.39793 2.0644 0.499356 0.965325 1.91886 2.38574 1.53474 0.733666 1.21853 0.517021 0.163848 
1.63412 1.79545 1.81774 0.566021 1.40038 1.28834 2.03127 1.49234 1.02006 0.338645 0.805955 0.34944 
1.60011 2.01868 2.00094 1.08015 2.04003 1.13821 2.55769 1.05213 0.925615 -0.126079 0.696814 0.350991 
1.62099 1.83984 2.10948 1.47862 1.97015 1.24265 2.30983 1.16105 1.22515 0.624647 0.491763 0.295548 
1.46234 1.8013 2.08424 0.715808 2.24528 2.0252 1.96738 1.49095 1.05479 0.516951 0.669214 0.315176 
1.52854 2.01683 2.30736 1.16278 2.91466 2.35455 2.42043 1.77045 0.79837 0.378856 0.252119 0.205327 
1.46261 1.97974 2.42083 1.11197 2.96786 2.35599 2.87409 1.47933 0.502706 0.347572 0.184897 0.22977 
1.54259 2.22314 1.95932 0.998946 2.47208 1.67917 0.979991 2.32768 1.47863 0.56069 0.278177 0.0396775 
1.43764 2.27649 2.05729 0.508536 1.9478 1.18621 1.23724 1.97826 1.36417 0.541067 0.354404 0.0802352 
1.49301 1.99155 1.76363 1.45138 1.32272 0.676552 2.86736 1.0745 1.23267 0.136905 0.296533 0.104331 
1.3796 2.23549 1.68443 1.91557 2.00565 0.30477 1.63246 2.09154 1.70581 0.0292765 0.189409 0.0960783 
1.40413 2.04735 1.57552 1.44754 1.43721 0.492949 1.29411 1.62454 1.64405 0.322492 0.59175 0.176184 
1.28275 1.7507 1.86498 1.48044 1.57434 1.03055 1.2201 1.53652 1.28518 0.0844864 0.495707 0.158495 
1.16584 1.79216 1.59162 0.565423 1.65623 0.613686 1.8366 1.52942 0.698234 0.183923 0.525926 0.0343922 
1.25862 2.17322 2.09347 1.25939 1.20562 0.731486 1.96913 1.14171 0.733304 0.382443 0.410295 0.0742928 
1.12419 1.96949 2.51825 0.860002 1.59685 0.361139 1.55447 1.22276 0.894608 0.403531 0.306394 0.0996248 
1.20326 2.15811 2.54111 0.224904 1.4219 1.25571 2.08033 1.16692 0.559997 0.432046 0.530413 0.103367 
1.36244 2.03478 1.91541 1.00443 1.54053 0.586639 2.68206 1.10986 0.722281 0.259905 0.632285 0.216645 
1.24364 1.50099 2.21063 1.24867 1.35822 0.759912 1.91343 0.882874 1.85467 -0.157671 0.424298 0.235482 
1.2009 1.5275 2.25678 1.55768 1.74221 1.30137 1.7831 1.36958 1.65664 -0.239557 0.492686 0.245107 
1.21162 1.93596 1.9745 1.78753 2.43403 0.81393 1.66226 0.950411 1.59414 0.150815 0.591836 0.221911 
1.24428 1.82759 2.27076 1.53726 2.01157 1.10044 1.66688 1.31618 1.20412 0.939454 0.0502029 0.198532 
1.2895 1.66129 2.85322 1.2615 1.67548 1.11409 1.43383 0.689108 0.977613 0.718052 0.402798 0.212336 
1.34366 1.51481 2.64962 1.19791 1.28328 1.18628 1.41835 0.736382 0.978997 0.462409 0.722313 0.256452 
1.22914 1.53473 2.05435 1.20521 1.57843 1.08804 1.97187 0.826561 1.19791 0.465798 0.476108 0.21846 
1.112 1.69205 1.95239 1.24644 2.81416 0.026399 1.39781 1.30965 1.241 0.620964 0.361578 0.251739 
1.32401 1.56126 2.15455 1.37709 2.31202 1.00556 1.49519 0.569107 0.934151 1.50551 0.132892 0.178352 
1.29629 1.7526 2.27584 0.990232 1.84116 1.46493 1.74041 0.764137 0.0783511 0.422951 0.15357 0.0856391 
1.18221 1.71485 1.84669 1.01865 1.82251 1.51588 2.52658 1.3518 0.84552 0.273407 0.612322 0.19508 
1.19759 1.64259 1.89141 1.44639 1.68694 0.519256 2.85182 0.973456 1.0955 0.346501 0.387679 0.202577 
1.17892 1.83296 2.5446 0.882242 1.99307 0.916862 1.71145 0.841851 1.28401 0.519299 0.355759 0.230861 
1.24393 1.69678 2.60966 0.88912 2.10457 1.03096 1.2828 1.44517 0.551793 1.39981 0.446912 0.207522 
1.2698 1.57564 1.57534 1.79386 1.94636 0.598853 1.80406 1.17642 0.535072 0.273268 0.389979 0.198897 
1.20343 1.52273 1.4762 1.02301 0.802887 1.44241 1.49462 1.44168 0.81596 -0.173743 0.44283 0.0493759 
1.07926 1.45226 1.84992 1.2976 1.50311 0.728051 1.76083 1.69768 0.300638 0.514811 0.344594 0.116204 
1.13031 1.48818 1.80992 0.495135 1.89296 0.792388 2.11935 1.16418 0.688248 -0.284344 0.431175 0.0970674 
1.21415 1.81585 2.50108 0.922674 1.12891 0.82674 2.39925 0.664831 0.862972 -0.281222 0.814805 0.11202 
1.21063 1.57732 2.24094 1.30961 1.3199 0.143422 2.29915 1.34799 0.90381 -0.251938 0.731829 0.188286 
1.10997 1.58925 2.54957 1.14847 1.37747 0.168699 0.905326 2.23556 1.12434 0.249438 0.639531 0.182526 
1.04259 1.71992 2.05756 1.02895 2.01551 0.290717 0.72743 1.77481 0.289436 0.6251 0.14552 0.0535804 
1.17715 1.93295 2.08868 0.942728 1.76753 0.617941 1.32818 1.39957 0.685548 0.404364 0.572537 0.126758 
1.19122 1.7552 2.25886 1.34221 1.1116 0.761305 1.82364 1.00578 1.25814 0.346689 1.11237 0.256634 
1.24438 1.37124 1.86047 1.49729 1.51749 1.29524 2.19939 0.773561 0.0382502 0.0632088 0.521866 0.159129 
1.11378 1.17674 1.8172 0.836065 1.16956 0.437067 2.44783 -0.573522 0.525916 -0.200992 -0.0518396 0.161836 
0.965572 1.33293 1.88188 0.836533 0.492365 0.841493 2.02095 -0.19575 0.994712 0.0627173 0.458074 0.0599663 
1.13836 1.67297 2.0243 0.732829 1.43927 0.257021 1.61046 0.399848 0.383375 0.174188 1.15444 0.205978 
1.18065 1.93336 2.01928 0.926498 1.06875 1.1677 1.63187 0.441975 0.406768 0.267105 0.909481 0.158035 
0.989527 1.49671 2.0665 0.294517 0.750763 1.30823 0.641609 -0.666588 0.853882 0.80837 0.556481 0.191464 
