0.510146 1.24416 0.852565 1.2875 1.79479 0.519579 1.20567 0.185324 0.443347 0.221524 0.0972006 -0.106004 
0.611064 1.30123 1.27581 2.22556 1.25692 0.632489 0.667489 0.757618 0.188724 0.300732 0.0829192 -0.0466479 
0.487182 1.31973 1.57127 1.7845 1.15478 0.433871 0.08204 0.690873 0.509567 0.597508 0.429451 -0.174913 
0.572289 0.892788 1.5898 1.66779 1.76117 1.17411 0.691709 0.778347 0.109446 0.0795108 0.331456 -0.0751542 
0.66213 1.31066 1.3357 1.4976 1.09246 1.0279 0.819416 0.379133 0.47539 0.330888 0.46012 -0.139824 
0.653745 1.62904 1.33187 1.78021 1.41803 1.32307 0.661269 0.826649 1.23962 0.548102 0.300275 0.0803014 
0.64958 1.29717 1.13679 1.50102 1.3483 2.80899 0.755182 1.43035 0.932853 0.425318 0.238384 0.204219 
0.5495 1.27796 1.58811 1.84634 0.738357 1.70403 0.93286 0.455486 0.385544 0.0629174 0.552958 0.0260141 
0.650324 1.21213 1.58871 0.859825 0.665106 1.264 0.986251 0.335134 0.560725 0.261463 0.238827 0.119699 
0.730177 1.16691 1.43096 1.02955 1.30997 1.9405 0.571634 0.261718 0.743341 0.19367 0.181583 0.0428495 
0.671009 1.264 1.39223 1.22188 1.82326 1.85813 0.685269 0.522478 0.474979 -0.0706301 0.415013 0.0214203 
0.542883 1.23457 1.27904 1.47801 1.6758 1.32265 1.20312 0.466488 0.367558 -0.211955 0.459833 -0.0544217 
0.537265 1.45772 1.10046 1.55301 0.661525 1.27533 1.89751 0.930231 -0.21361 -0.679572 0.189517 -0.0621315 
0.560069 1.23289 1.33333 1.83318 1.32522 1.28069 1.90693 1.26648 0.880491 0.0819111 0.102911 0.130237 
0.574949 1.54431 1.44703 1.36448 1.82501 1.50853 1.34569 1.03494 1.67701 -0.425687 0.0282832 0.152677 
0.714468 1.40055 2.01748 1.56068 1.64236 1.49711 1.42254 1.73171 1.7468 0.268475 0.353889 0.231961 
0.843248 1.87776 2.63218 2.00463 1.81743 1.65172 1.88906 1.08568 1.56513 0.472198 0.439491 0.278389 
0.990962 2.16156 2.49409 2.12726 2.57235 2.51666 1.38125 1.10534 1.38894 0.792466 0.171744 0.307995 
1.29566 2.37288 3.11632 2.73743 2.75399 2.18559 1.83709 1.16316 0.876495 0.611877 0.29106 0.162012 
1.67028 2.88075 3.00389 2.55804 2.70485 1.63547 2.32848 1.16587 -0.0709861 0.380008 0.184358 0.0575093 
1.84016 2.62324 2.77201 2.07228 3.20475 2.59497 2.79796 0.412049 -0.275112 -0.0718824 0.168317 0.119001 
2.00395 2.45009 2.51953 2.01534 3.41322 3.14649 2.46701 0.880904 -0.817339 -0.215612 0.263764 0.181027 
2.2981 2.24953 1.82666 1.65499 3.66613 3.01807 1.44106 1.51952 -0.968716 0.0308789 0.278119 0.153763 
2.21816 2.45106 1.75787 1.36642 3.1931 3.24349 1.3606 0.857895 -0.0561179 -0.228961 0.150229 0.0763282 
2.15439 2.66607 1.82925 1.35589 3.38158 3.17938 1.755 0.554106 -0.250186 -0.341711 0.146189 0.115925 
1.927 2.33031 1.71093 1.68869 3.06239 3.00158 2.07089 0.579903 -0.156098 -0.214878 0.188674 0.163954 
2.13462 2.251 1.66589 1.72934 3.3707 3.45365 1.90046 0.604598 -0.139152 -0.38321 0.284372 0.245746 
1.99675 2.33629 1.92617 1.73713 3.40091 3.4946 2.34354 0.564241 -0.106392 -0.381296 0.346726 0.283769 
2.17616 2.26252 1.90783 1.24977 3.58098 2.83137 2.75578 0.472559 0.215716 -0.168447 0.170401 0.302922 
2.14127 2.43869 1.96066 1.20697 3.10009 3.01053 2.47123 0.569751 -0.0973215 -0.136272 0.145767 0.225137 
2.32785 2.39832 1.48422 1.12666 3.14605 3.10692 2.36419 0.267291 -0.0551149 -0.247945 0.148871 0.223199 
2.2553 2.20467 1.39107 1.30746 2.7343 2.38362 2.38589 0.431756 -0.107353 -0.212766 0.00357533 0.122545 
2.2285 2.24524 1.29415 0.824859 2.53993 1.96883 1.83867 0.791763 0.165455 0.118319 -0.00291651 0.0365316 
2.31931 2.19932 1.23768 0.32727 2.39532 2.06094 1.25262 0.623847 0.595952 0.293084 0.172757 0.0324417 
2.46661 2.02756 0.326736 -0.26555 2.01085 2.25501 2.03828 0.215479 0.0803019 0.454526 0.449436 0.269781 
2.61145 2.03282 -0.213552 -0.421108 1.19782 1.64007 2.13086 -0.317377 0.0109462 0.490202 0.640967 0.316234 
2.68136 1.4423 -0.636124 0.335696 1.26219 0.510545 1.51752 -0.695714 0.434517 0.734014 0.817062 0.196634 
2.91579 0.960631 -1.13887 0.604375 1.61583 -0.442072 0.374233 -0.566494 0.651845 0.741337 0.554443 0.0784422 
2.72913 1.18926 -0.719411 0.779869 0.990194 -0.624569 0.191626 -0.520546 0.223518 0.499367 0.507199 0.085218 
2.60621 1.50981 -0.670317 0.240912 1.24897 -0.710553 0.152013 -1.23024 0.448598 0.500929 0.458965 0.0869575 
2.49527 1.77475 -0.793127 0.139185 1.38803 -0.786418 -0.103157 -1.56362 0.843258 0.499743 0.516467 0.0529369 
2.79755 1.88218 -0.883515 0.344157 1.81789 -1.20211 -0.231843 -1.72468 1.12761 0.78019 0.45427 -0.0252841 
2.71551 1.64647 -0.972905 0.191271 2.54793 -1.15183 -0.657182 -1.56111 0.837544 0.968567 0.282816 0.0070612 
2.69272 2.19689 -0.517366 -0.217361 2.16944 -1.39784 -0.709504 -1.95299 0.916059 0.794617 0.190114 -0.1094 
2.79542 1.82245 -1.06358 0.139049 1.90769 -1.38014 -0.479965 -2.15148 0.811819 0.607833 0.353139 -0.0449097 
2.77019 1.94904 -0.782163 0.829398 1.49894 -1.67665 -0.940701 -1.87526 1.13921 0.618144 0.316864 -0.163914 
2.79111 2.1616 -1.09483 0.382661 2.04893 -1.72411 -0.937475 -1.93759 0.874403 0.788415 0.250913 -0.104626 
2.83482 1.95442 -1.04011 0.0971837 1.76044 -1.21563 -1.24873 -1.81431 0.637638 0.813115 0.32643 -0.11066 
2.85787 2.0465 -0.902531 -0.170411 2.14796 -1.96915 -0.716107 -2.18858 0.860713 0.843665 0.168721 -0.0371346 
2.92548 1.92182 -1.55616 -0.261284 2.66682 -1.73109 -0.448276 -2.2225 0.880492 0.823592 0.070076 -0.0607547 
2.93962 1.93866 -1.0578 -0.0110829 2.09375 -1.5952 -1.00884 -1.64508 0.871339 0.969254 0.170934 -0.125253 
2.85673 1.73237 -1.06515 -0.435136 2.24623 -1.25425 -0.487773 -1.83729 0.937951 1.02581 0.233328 -0.104885 
2.77086 1.81181 -0.661828 -0.334959 2.24213 -1.1736 -0.550415 -1.45831 1.07858 1.13262 0.125423 -0.220737 
2.78687 1.50855 -0.83777 0.219648 1.58799 -0.868143 0.0550523 -1.47723 1.3557 1.04346 0.317844 -0.311533 
2.73337 1.42647 -1.37599 -0.014138 1.51066 -0.439904 0.154037 -1.36574 1.67143 0.983349 0.368259 -0.385886 
2.75341 1.69393 -1.4205 -0.416629 1.73403 -0.216021 1.11663 -1.05107 1.30495 0.520561 0.170065 -0.294934 
2.74576 1.46771 -1.20357 -0.447434 2.11349 -0.320063 1.1289 -0.806297 1.16177 0.638987 -0.0578519 -0.286014 
2.7636 1.45809 -1.65779 -0.939807 2.77479 0.748507 1.39696 -0.614205 0.659255 0.62919 0.0129406 -0.211999 
2.72499 1.51952 -1.35202 -0.86085 2.326 1.22136 1.04498 0.0119039 0.561074 0.475626 -0.0987078 -0.344034 
2.64818 1.25759 -1.3844 -0.549738 2.10137 1.52395 1.76996 0.16725 0.38978 0.139683 -0.114787 -0.22586 
2.48412 0.722646 -0.896896 -0.0253172 2.52142 1.81971 1.68363 -0.346679 0.534065 0.138933 0.00589861 -0.0420174 
2.54824 0.292608 -1.00186 0.0598762 2.1961 2.02692 1.08443 -1.07721 0.607839 0.401115 0.175631 -0.0125322 
2.66045 0.57678 -1.83724 -0.665698 2.89071 1.83554 1.29142 -0.888292 0.638634 0.570205 0.34001 -0.00418739 
2.62823 0.695722 -1.07849 -0.496347 2.79776 2.17362 1.31717 -0.590104 0.0359136 0.111821 0.133492 0.0475817 
2.60716 0.371889 -0.93531 -0.240747 3.66378 2.37586 1.37976 -0.516749 -0.235084 0.0954016 -0.0518847 -0.0157941 
2.61815 0.505649 -1.08983 0.202412 3.48528 2.48906 0.882284 -1.07333 -0.0149537 0.243528 0.132026 -0.0707643 
2.54375 0.810158 -1.09826 0.93315 3.45154 2.49494 1.38996 -0.923632 0.0160074 0.11315 0.077768 -0.156714 
2.43582 0.951764 -1.40087 0.545722 4.08428 2.67058 1.44593 -0.631079 -0.293326 0.170399 0.117993 -0.0489974 
2.51679 1.08518 -1.33787 0.407843 3.9291 1.99636 1.91275 -0.820937 0.0187772 0.238846 0.148303 0.00385396 
2.56795 0.871357 -0.777453 -0.0623793 3.46466 2.16499 1.61632 -0.412494 0.0896357 0.457098 0.167879 -0.0255461 
2.49632 0.923032 -0.948759 0.268236 4.35827 2.61087 1.23416 -0.868235 -0.121793 0.39388 0.277882 0.0389956 
2.58373 0.651234 -1.17967 1.06107 4.52357 2.21894 1.50239 -1.53251 0.108178 0.415921 0.346354 0.0754695 
2.53553 0.626845 -0.674846 1.1594 3.80652 2.62638 1.54313 -0.863442 0.0204237 0.397971 0.278182 -0.0162218 
2.45706 0.976781 -0.423155 1.16765 3.35934 2.43169 1.70851 -0.733578 0.256912 0.301981 0.173044 -0.0790825 
2.38856 1.08585 -0.426844 1.11353 4.57268 2.43989 2.09859 -1.05435 -0.110565 0.351848 0.205897 0.063251 
2.15249 1.19122 -0.161636 1.43537 4.79259 2.67353 1.13277 -0.943914 -0.0256279 0.442566 0.326102 0.0143293 
2.30402 1.15175 -0.0701775 1.59081 4.60133 2.56628 0.885077 -0.400051 0.27223 0.50027 0.0683263 -0.163308 
2.11428 1.54001 0.0442101 0.64559 4.33358 2.49129 0.96603 0.227474 0.21512 0.526349 -0.0442336 -0.228892 
2.15045 1.7087 0.386475 0.276171 4.04466 2.2335 1.28894 0.0602603 0.613461 -0.129747 -0.125381 -0.118671 
2.18265 1.24811 0.466621 -0.00846596 3.25305 2.17861 1.58054 0.63958 0.0997631 0.220641 -0.00411023 -0.00298145 
2.13086 1.29729 0.232059 0.264277 3.58359 2.54067 1.56345 0.435821 0.186417 0.324788 -0.140232 -0.157512 
1.99527 1.37802 0.371979 0.703086 3.33264 2.87218 2.24086 -0.807341 0.609366 0.22151 -0.0928052 -0.0724349 
1.95108 1.67795 0.343898 0.683081 3.32584 2.21797 1.6597 -0.527043 0.545262 0.36783 -0.0452894 -0.126986 
2.12052 1.73774 0.401544 0.326514 3.63483 2.33203 1.61244 -0.698726 0.171213 0.124932 0.0560909 -0.0129703 
1.87479 1.34376 0.628723 0.813123 3.49317 2.00427 1.13437 -0.32386 -0.116636 0.457154 0.262502 0.0585577 
1.97086 1.56807 0.414663 0.877684 3.38902 2.69647 1.67754 -0.494228 0.211094 -0.330406 -0.0178016 0.00583245 
1.87696 1.38593 0.600492 0.347082 3.50318 2.5614 1.98095 0.170662 0.331515 0.422048 -0.0422024 0.0224698 
1.82918 1.54018 1.17258 0.747243 3.4284 2.23783 1.66496 -0.492771 1.04152 0.713269 -0.0506273 -0.00946732 
1.84583 1.97514 1.19966 1.13126 2.75135 2.4554 2.51055 -0.64325 0.594113 0.601683 -0.061164 0.0179505 
1.90249 1.63349 1.31352 1.26014 2.489 2.36677 2.09902 0.430746 0.59493 0.497849 -0.315877 -0.173838 
1.89167 1.74104 0.925282 0.987556 2.99885 2.32466 1.71838 0.153168 1.35063 -0.234482 -0.215343 -0.137455 
1.75644 1.6479 0.535921 0.35694 2.83731 1.99803 0.826386 -0.116389 1.16955 -0.0641417 0.308467 0.00151667 
1.6706 1.65144 1.26683 0.290101 3.43395 2.69696 1.04621 0.112709 0.423119 0.29272 0.178754 0.064352 
1.56047 1.51194 0.841238 0.593689 2.93907 2.66696 1.68555 0.207206 0.770604 0.539828 0.0429758 0.0902512 
1.77959 1.75565 1.0514 0.927041 3.6193 2.46895 1.39598 0.689494 0.767862 0.577354 0.221497 0.063629 
1.8062 1.8675 1.80006 1.27266 3.33463 2.56508 1.34227 0.613971 0.870554 0.859859 0.265764 0.102903 
1.80333 1.86483 1.70113 1.74026 3.91264 2.41297 2.03496 -0.000682547 0.776968 0.458493 0.0631364 0.076154 
1.78447 1.88255 1.61031 1.04406 4.01469 2.45637 2.29571 -0.0735513 0.554843 -0.00885241 0.0671649 0.206509 
1.44925 1.69037 1.68843 1.45625 3.37484 2.5434 1.92004 -0.0759688 0.386061 0.0383074 0.167804 0.166381 
1.4433 1.7717 1.92491 1.14692 3.55866 1.45712 1.25231 0.73893 0.533788 1.26383 0.208471 0.161383 
1.39084 1.72985 1.72617 0.822115 2.77288 1.69501 2.04142 0.358323 0.311492 1.10955 0.403179 0.324699 
1.41583 1.57851 1.64737 1.83451 2.39141 1.45696 2.68707 0.20198 1.06271 1.05173 0.598248 0.309134 
1.45418 1.52691 2.40737 1.18392 3.14459 2.0047 2.26745 0.659453 1.21818 1.19195 0.278787 0.35027 
1.57979 1.86288 2.57999 1.44139 3.11987 2.19948 2.42777 1.00911 0.952003 0.743402 0.275876 0.286011 
1.51907 1.88661 2.57419 1.76364 3.05434 2.27694 2.21795 1.44564 0.510956 0.307502 0.502784 0.245902 
1.55553 2.16146 2.37544 1.7063 3.0197 2.16304 1.99209 1.30468 0.998213 -0.306505 0.356622 0.1399 
1.46977 1.8772 2.53783 1.68593 2.96135 2.50954 2.22792 0.904783 1.29819 -0.066785 0.381205 0.270212 
1.51281 2.34145 2.69823 2.06161 2.51547 1.76883 2.23868 0.979543 2.11646 0.0986489 0.318723 0.21365 
1.60397 2.35737 2.8531 2.30677 2.46987 1.72828 2.75282 0.766415 1.771 0.471929 0.177607 0.193794 
1.53054 2.07264 2.81002 1.5177 2.59899 1.58732 3.52744 0.781571 0.957313 0.59769 0.331865 0.347086 
1.49068 1.87699 2.9366 1.45681 2.98775 2.09742 3.17376 1.67509 0.652896 0.23679 0.56189 0.334972 
1.35094 2.02085 2.47688 2.29592 2.84179 2.33508 2.32716 2.31399 1.03483 0.37005 0.465971 0.277264 
1.41883 1.86342 2.65867 2.13659 2.18241 2.11326 2.14923 1.77507 0.577451 0.56184 0.545115 0.230993 
1.38145 1.71684 2.07877 1.70899 2.39039 1.75074 2.42335 1.70651 1.03476 0.732626 0.34859 0.260634 
1.37097 1.80723 2.45664 1.88697 1.75823 1.54131 2.80682 1.13872 1.57482 0.592129 0.475987 0.28979 
1.27878 1.80948 2.89473 1.77975 2.35415 1.92912 2.49927 1.52929 1.45033 0.459353 0.462898 0.322086 
1.25141 1.47113 2.37561 1.56446 2.3949 2.10206 2.21446 1.05595 1.03469 0.775337 0.600432 0.314767 
1.30755 1.63431 2.29228 1.82387 2.04669 1.12614 1.77715 0.663875 1.58296 1.17217 0.519731 0.321983 
1.26493 1.86221 2.5562 0.930618 2.07158 1.53612 1.69249 0.927391 1.36293 0.668599 0.787896 0.348737 
1.33015 1.72754 2.58721 0.969535 1.88307 1.68137 2.01064 1.7387 1.4073 0.272296 0.634296 0.270067 
1.31198 1.61959 2.10675 1.70224 2.6061 1.66198 1.93271 1.41985 1.49764 0.517576 0.432473 0.285004 
1.19808 1.68501 1.7412 1.14259 2.29687 2.06577 1.95133 1.22736 1.48242 0.941847 0.490294 0.291214 
1.20065 1.31893 2.14843 0.734509 2.49511 2.39343 2.52111 1.71477 1.13623 0.420717 0.472109 0.32069 
1.12086 1.55568 1.93764 0.830931 2.28518 2.19663 2.25162 1.93172 1.3191 0.256497 0.675097 0.263369 
1.15134 1.54338 1.93723 0.747595 2.61155 1.18477 2.27836 2.41341 0.581548 0.337797 0.89734 0.220914 
1.18685 1.71602 2.62196 1.28266 1.38435 0.827236 1.53015 1.86781 1.60708 0.365621 0.856341 0.292654 
1.12452 1.89874 2.67385 1.75821 1.17188 1.97213 1.29199 1.13287 1.59816 0.37514 0.718591 0.282805 
1.21654 1.85786 2.50999 1.65044 0.988324 1.58385 1.57758 1.19973 1.47771 0.524996 0.629112 0.254634 
1.17044 1.69389 2.62321 1.31364 1.73606 0.731537 0.921194 1.84668 1.40349 0.529666 0.848864 0.292236 
1.03525 1.57319 2.68738 1.65322 1.43459 1.61351 0.110935 1.40527 1.374 0.713285 0.697775 0.268551 
1.01538 1.34752 2.70169 1.02069 1.72503 1.13996 0.858964 0.518847 1.0883 0.607803 0.322497 0.173048 
1.0254 1.60775 2.35708 0.605316 1.85861 1.24327 2.04819 0.69054 1.00407 -0.172946 0.260808 0.138567 
1.08938 1.80418 2.21365 0.557416 1.64628 1.33275 2.69632 1.74155 1.07951 -0.523079 0.138426 0.0172743 
0.994085 1.90755 2.80601 0.739871 1.78308 0.846617 1.51073 2.25574 1.28185 0.484255 0.355869 0.185349 
1.06654 1.45902 2.64474 0.894414 1.26644 0.756021 1.80657 0.682235 1.29502 1.11214 0.378645 0.26469 
1.03381 1.53103 1.97781 0.605321 0.947549 0.812753 1.1199 0.947243 1.10252 0.429116 0.384979 0.133221 
0.964499 1.49982 1.82156 0.305388 0.275857 1.32098 1.51907 0.402403 1.24302 0.140294 0.383679 0.019285 
1.07797 1.20966 2.44082 1.23544 0.50058 1.0758 1.46018 0.670294 1.66007 0.755923 0.0871681 0.19271 
1.09699 1.65624 2.15817 1.30344 1.48585 1.02833 2.11296 0.689168 1.39609 0.684625 0.505469 0.239415 
1.09807 1.66675 2.17911 1.5507 2.10958 0.791913 1.85008 1.45823 1.47477 0.386432 0.576244 0.258437 
1.08882 1.41677 1.98845 1.56169 1.06538 1.19536 1.78794 1.56823 1.9532 0.31061 0.689267 0.233765 
1.09686 1.47125 1.82125 1.78905 1.31465 1.01433 1.44259 1.04357 1.67615 0.27937 1.09073 0.223477 
1.09105 1.49483 2.3118 1.43699 1.4875 0.994807 0.846221 0.733786 1.50855 0.873388 0.823617 0.264808 
1.10362 1.33647 2.2909 1.35715 1.46786 1.07044 1.59386 1.45047 1.12095 0.836382 0.934823 0.235216 
1.05504 1.6772 2.16142 0.995491 1.92433 0.978503 1.91932 1.01161 1.44892 0.254478 0.698123 0.231032 
1.08465 1.63323 2.75422 1.0416 1.58239 0.371039 1.5025 1.5865 0.985092 0.416866 0.386457 0.203706 
1.13722 1.57838 2.54423 0.937616 1.70831 1.22021 1.00935 2.32275 1.17635 0.837841 0.291804 0.16462 
1.21277 1.41477 2.32676 0.819808 1.2405 1.79014 0.566687 1.76622 1.27568 0.522733 0.554051 0.173047 
1.09896 1.59077 2.57353 1.02497 1.0371 1.28775 1.12518 1.75115 1.90262 0.478231 0.428887 0.259711 
1.16492 1.44051 2.25132 1.04859 1.31088 1.53277 1.59899 2.00054 1.91414 0.574248 0.267991 0.217951 
