0.449641 0.662285 1.10074 1.27093 1.03907 0.49671 0.468524 1.14263 0.65085 0.351644 0.117938 0.166482 
0.326655 1.11502 0.967172 0.76194 0.483736 0.284464 1.07091 0.0983338 0.616955 0.423881 0.151787 0.1507 
0.415612 1.17418 1.38859 0.757647 0.879457 0.830552 1.77325 -0.966225 1.34945 0.820636 -0.00377263 0.0908322 
0.465237 1.1308 1.54547 0.969503 1.49962 1.51366 1.51267 0.209707 0.248712 0.720235 0.0446525 0.0444872 
0.471508 1.0545 1.93132 1.69149 1.81328 1.6287 2.59129 0.705075 0.50746 0.7485 0.225612 0.202578 
0.555383 1.34741 2.19807 1.27626 2.43341 1.32176 2.06433 1.06965 1.02903 0.623742 0.672832 0.141379 
0.764732 1.6066 2.32925 1.80443 2.9697 1.32013 1.67433 1.20581 1.49331 0.542646 0.454257 0.290037 
1.11184 1.8976 2.77673 2.88767 2.26951 2.05901 1.4133 1.57437 1.22593 0.0770435 0.68189 0.233056 
1.41488 2.33752 2.90571 3.53336 1.97701 2.19998 1.41128 1.02683 1.1029 0.405267 0.191445 0.118085 
1.58129 2.67927 2.74521 3.01701 2.67539 2.3839 1.7554 0.759364 0.265126 0.326668 0.199584 0.0291188 
1.73362 2.44694 2.96982 2.0227 3.39128 1.84137 2.5282 1.24217 -0.503086 -0.106993 0.206535 0.042452 
1.70346 2.57075 2.88498 1.74832 3.44171 1.85781 2.71471 1.17514 -0.569595 -0.324379 0.181156 0.0376109 
1.6603 2.52507 3.0199 2.12037 2.6176 1.979 2.94924 1.29594 0.0856416 -0.128018 0.292443 0.0419495 
1.71708 2.57495 2.50698 1.98828 2.63433 2.52386 2.30786 0.883768 0.321614 -0.293404 0.237504 0.0683765 
1.94384 2.53491 2.34684 1.83105 2.53048 2.61283 2.83722 0.932898 0.477029 -0.490258 0.140543 0.11983 
1.83838 2.47123 2.26522 1.62859 2.48297 2.96175 2.86311 1.00728 0.199454 -0.160175 0.103202 0.135566 
2.06276 2.35667 2.51075 1.32262 2.2415 2.87344 3.12996 1.16089 -0.224941 -0.0623092 -0.0475434 0.0840897 
2.05893 2.52906 2.32526 0.906861 2.39712 1.91273 2.64459 0.78106 0.295269 0.0521714 -0.162405 0.0406186 
2.0923 2.50747 1.50276 0.177871 2.21852 1.46046 2.25453 0.704064 1.08387 0.377494 -0.11311 -0.0218126 
2.17173 2.29728 1.25685 -0.194727 2.21481 1.18221 2.60491 0.828285 0.913555 0.46165 -0.156684 0.0437356 
2.31545 1.96931 0.671507 -0.605714 0.650249 0.866539 1.85951 0.547351 0.761429 1.06439 0.504588 0.212793 
2.58532 1.82015 0.332905 -1.11287 1.11224 0.190857 0.11531 0.86646 0.387006 1.00365 0.506065 -0.00727584 
2.69661 1.39753 -0.618311 -0.672715 1.16701 -0.298633 -0.942194 0.422205 1.10159 1.02138 0.205058 -0.261877 
2.64736 1.92878 -1.40954 -0.359626 0.807684 -0.492352 -0.199449 -0.347617 1.11543 0.741614 0.290738 -0.208944 
2.61467 1.97591 -0.892677 -0.611453 0.809779 -0.382162 0.15291 -0.708555 0.758369 0.645537 0.387693 -0.0834669 
2.37035 1.9716 -0.510673 -1.23398 1.17313 -0.533394 0.144166 -1.07983 0.987227 0.46077 0.358696 -0.0175739 
2.45458 2.08828 -0.59461 -1.34141 1.14697 -0.172834 -0.143966 -1.23329 1.2239 0.451501 0.592126 0.00842109 
2.86385 1.60323 -0.592234 -1.43017 1.23593 -0.378723 -0.49588 -1.26136 0.708638 0.891516 0.346352 -0.0542451 
2.76871 1.92674 -0.683718 -1.59635 1.18126 -0.172256 -0.297886 -1.40793 0.944107 0.673895 0.453414 -0.010562 
2.66089 2.08896 -0.9193 -1.2093 1.01606 0.0636454 -0.526126 -1.33406 1.23585 0.632156 0.588303 -0.128127 
2.62761 2.09553 -0.970204 -0.815561 0.930549 -0.189046 -0.691905 -1.62589 1.83309 0.881082 0.754453 -0.213704 
2.56826 2.06365 -0.719161 -1.22608 0.949255 -0.281396 -0.170552 -1.30575 1.80459 0.71136 0.599151 -0.137632 
2.71091 2.1926 -1.28214 -1.34728 1.09493 -0.192768 -0.120281 -1.29426 2.20788 0.79235 0.655218 -0.307875 
2.68519 2.19656 -1.24771 -1.02962 1.68793 -0.868807 0.088906 -1.36945 2.07136 1.09692 0.570368 -0.220706 
2.60431 2.16339 -0.839161 -0.989466 1.65654 -0.771676 0.0807529 -1.25808 2.21613 1.05983 0.489577 -0.262668 
2.63411 2.18662 -0.981178 -0.925185 2.02001 -0.623752 0.0394293 -0.760692 1.96945 1.08171 0.187839 -0.418188 
2.75617 1.66796 -1.54608 -0.0916643 2.3484 -0.576514 0.23381 -0.283006 1.83733 1.31082 0.0340127 -0.444156 
2.54218 1.81162 -1.47658 -0.299588 2.29084 -0.284993 0.601745 -0.169476 1.8326 1.01819 -0.0591383 -0.464487 
2.6007 1.48402 -0.981492 -0.636752 2.34226 -0.42753 0.833587 -0.0187729 1.74427 1.01222 -0.277131 -0.433821 
2.43351 1.31582 -0.741731 -0.50164 1.84662 0.88301 0.416288 0.468071 1.83138 0.773315 -0.140523 -0.494391 
2.50879 1.3319 -0.973577 -0.424871 2.23749 0.99617 1.24513 0.0868849 1.20692 0.427711 -0.155054 -0.33273 
2.70668 0.750079 -1.12752 -1.06569 2.8068 1.84432 0.877681 0.207182 0.581301 0.278644 -0.264457 -0.328283 
2.60784 0.672231 -1.54738 -0.700494 3.31128 1.56964 1.19893 0.166913 0.636454 0.293039 -0.387575 -0.31272 
2.64727 0.911255 -1.43517 -0.745273 3.126 0.701985 0.81326 -0.194315 0.755338 0.502354 -0.20626 -0.154946 
2.46254 0.942623 -1.50748 0.120163 4.1766 1.38487 0.0800051 -0.572882 0.17713 0.544994 -0.037215 -0.155013 
2.42235 1.04439 -1.39044 0.42119 4.06606 1.27879 0.550958 -0.310507 0.463637 0.548714 -0.155475 -0.216027 
2.29377 1.36761 -0.287892 0.0139743 2.93081 1.23317 0.768942 -0.673852 1.07327 0.815125 0.29237 -0.143931 
2.30955 1.51819 -0.266412 0.438701 2.8887 1.34835 0.613485 -0.49958 0.948146 0.952423 0.396596 -0.132431 
2.26311 1.64047 0.478813 0.704092 3.20321 1.19101 0.822504 0.76262 0.792704 0.759883 -0.123641 -0.250646 
2.33797 1.68441 0.53138 0.599242 2.70992 1.14443 0.206918 0.399835 1.53066 0.646619 -0.0636388 -0.291808 
2.14571 1.6983 0.575505 0.56052 2.90183 1.11162 0.164423 0.833511 1.55218 0.947118 -0.0563148 -0.353268 
2.34823 1.79535 0.0156002 0.36355 3.49951 1.60798 0.5184 0.474328 1.21086 0.885477 0.0506289 -0.317471 
2.33464 1.74597 0.0528047 0.424968 2.70638 1.25801 0.69099 0.36571 1.32155 0.716156 0.128696 -0.173274 
2.33917 1.34714 0.121966 0.862862 2.90538 0.822256 0.88738 0.21892 1.53331 0.870744 -0.0767031 -0.259816 
2.30352 1.55299 0.669045 0.943313 2.90207 -0.0563607 1.21967 0.0764303 1.32358 1.64837 0.193918 -0.0952289 
2.1796 1.75705 0.461955 0.988327 2.52305 0.674266 1.39135 0.210239 1.20516 1.49143 0.341404 -0.058364 
2.19405 1.6869 0.51631 0.647052 2.49846 1.18498 1.35839 0.0857511 1.13141 1.02737 0.336978 0.0142662 
2.19529 1.69491 0.169361 0.578368 3.16629 1.41902 1.24805 0.645057 1.44032 0.670859 0.0145424 -0.144124 
2.19654 1.43598 0.566566 0.809822 3.1701 1.46938 1.57179 0.733694 1.42525 0.843608 -0.164437 -0.220587 
2.13672 1.52935 0.856741 0.0991965 3.12432 1.75513 1.61052 1.05657 0.844748 1.19821 -0.0557339 -0.234921 
2.08004 1.62625 0.404148 0.120338 2.99524 1.59226 1.20247 0.923314 0.869413 1.01443 0.170404 -0.0945986 
2.04289 1.8292 0.716008 0.345256 2.66044 1.28011 0.99357 0.153572 1.6229 1.15392 0.345111 -0.0379847 
1.9561 1.51967 1.26382 0.594057 3.63125 1.57204 1.13015 0.335473 1.18395 1.11884 0.0209715 -0.0755576 
1.93259 1.55301 1.28075 0.867969 3.20007 2.20475 1.47515 0.0956476 1.01327 0.794963 0.00143941 -0.0515479 
1.91362 1.79273 0.867506 0.586996 2.83586 2.65212 1.6786 -0.305448 1.20664 0.604164 0.144013 -0.00652463 
1.85119 1.47139 0.894143 0.334285 3.32206 2.10437 1.38595 0.395389 0.85949 0.616114 -0.137507 -0.117466 
1.92211 1.37969 1.15133 0.298524 2.67165 1.6158 0.996533 0.261735 0.489317 1.40938 0.00426371 -0.205455 
1.93253 1.55276 0.967514 0.791347 1.97528 1.54194 0.466621 0.0099979 0.392048 1.2549 0.175286 -0.126323 
1.68689 1.50238 1.11785 0.318703 1.60934 1.18539 0.775797 0.751546 -0.0187896 0.841026 0.101407 -0.063817 
1.70406 1.34929 1.44493 -0.294434 1.91409 1.30651 1.07337 0.014653 0.457727 1.01284 -0.292265 -0.204794 
1.77665 1.56476 1.6362 0.39714 2.24881 1.38227 1.14605 0.803573 -0.35919 0.511841 -0.244867 -0.20993 
1.75081 1.9997 1.65899 0.53858 2.81282 1.93163 0.969855 0.231055 0.274054 -0.0211831 -0.0330564 -0.0418271 
1.74674 1.63077 1.78969 0.690204 2.4687 2.26492 1.58094 0.619584 0.469978 0.705107 -0.172845 -0.0439372 
1.66294 1.65494 1.92066 1.71953 2.23704 2.10545 2.09056 0.860716 0.918249 0.16302 0.0991244 0.129597 
1.68449 1.86472 2.18139 1.7218 2.04449 2.55703 1.97686 0.948848 1.47897 -0.0109054 0.0317191 0.115233 
1.67041 1.60149 2.57659 1.40908 2.78247 2.5619 1.57366 1.63324 1.66842 0.398673 -0.130179 0.0730535 
1.60352 1.75466 2.40617 1.75212 3.3884 2.26231 1.92175 1.42118 0.872635 1.23878 -0.0739143 0.0715531 
1.61505 1.80612 1.38967 2.66182 2.49956 2.22103 2.6774 0.863461 1.16598 0.857644 0.160334 0.115473 
1.68297 1.73086 2.66909 1.56483 2.63894 1.81028 1.99641 1.4335 1.12951 0.538146 0.168026 0.181174 
1.54266 1.79548 2.59811 1.88314 2.7455 1.62915 1.73612 1.2296 0.549406 0.570489 0.296105 0.169454 
1.66364 1.89936 2.32757 1.79555 2.49104 1.47475 1.7057 0.373173 0.839813 0.797033 0.362758 0.234237 
1.45078 1.90729 2.51172 2.40974 3.41207 2.00172 1.6504 -0.154976 0.728141 0.681393 0.504766 0.190828 
1.45344 1.76635 1.93064 2.27628 3.2077 1.93751 1.5885 0.118781 0.918341 0.69944 0.503146 0.205336 
1.43196 1.83419 2.08752 1.86218 2.65477 1.84959 1.14145 0.515514 0.93454 0.702319 0.426489 0.190986 
1.38388 1.69421 2.32318 1.81867 2.40488 1.15284 1.43813 0.833721 0.65718 1.21833 0.194505 0.168644 
1.44406 1.60743 2.19716 1.04843 2.25585 0.958294 1.46843 1.62055 0.755321 1.66247 -0.0615517 0.0719988 
1.33787 1.66771 2.37956 0.861022 1.82842 0.783008 1.69989 0.760349 1.23578 0.949549 0.182099 0.227918 
1.15171 1.51901 2.80664 1.06901 1.80214 0.737927 1.51939 0.773279 0.875309 0.593255 0.170777 0.197534 
1.23074 1.09745 2.94447 1.03431 2.7007 0.909813 1.96024 0.216718 0.970803 0.707936 0.32974 0.379946 
1.13238 1.32702 2.42375 1.72727 2.04581 1.83342 2.15379 0.807231 0.846082 0.282487 0.665878 0.251342 
1.19232 1.14229 2.2562 1.46271 2.43767 1.40999 1.50962 1.53011 0.875361 0.754325 0.822674 0.260999 
1.26013 1.38746 2.27541 1.67102 1.97076 1.55634 1.63968 2.21457 0.983695 0.71244 0.396116 0.221572 
1.03284 1.45915 2.56848 2.04306 2.31611 1.47309 1.9008 1.55606 1.2941 0.675783 0.345719 0.304242 
1.13023 1.68366 2.24533 1.51152 2.18424 1.34776 2.07375 1.39451 1.84667 0.496865 0.265393 0.288432 
1.14605 1.67844 1.91641 2.1579 2.23168 1.69217 1.24922 0.163284 1.22152 0.683601 0.819761 0.203177 
1.21004 1.38103 2.28034 2.05902 1.31176 2.29658 1.50566 0.310744 0.892695 0.599076 1.00043 0.271917 
1.16275 1.5903 2.53493 1.3811 0.821035 1.44308 2.01916 0.921792 0.490861 0.789202 1.21912 0.208962 
1.05483 1.78765 2.27549 1.25222 0.821032 1.38562 1.74411 1.47077 0.974718 0.723837 1.12026 0.185982 
1.09125 1.55158 1.76095 1.18403 1.73045 -0.0666793 1.74087 0.788864 1.15302 1.26456 1.27519 0.32061 
0.903766 1.25096 2.55742 0.908236 2.09466 0.446526 2.09808 1.11652 0.973384 1.2672 0.702287 0.239619 
1.04188 1.37485 2.87458 1.66717 1.5549 0.768477 1.92082 0.978426 0.733132 1.14892 0.494834 0.190746 
1.07631 1.41119 2.03669 1.65035 0.8489 1.29598 1.79812 0.923174 1.30721 0.596162 0.620048 0.165423 
0.966467 1.37512 2.162 1.52744 1.55685 0.897998 1.64511 1.16154 1.3413 0.733197 0.357126 0.189177 
0.984386 1.25413 2.35352 1.17529 2.3031 0.765411 1.18665 0.96626 1.21975 0.38088 0.164537 0.155321 
1.02472 1.45927 1.72622 1.03154 2.54963 0.354513 1.43682 1.36048 0.49148 1.01868 0.192167 0.124935 
0.994378 1.29632 2.069 0.910387 1.8721 0.936698 1.26294 0.185598 0.774259 1.16882 0.340617 0.117319 
0.96468 1.00362 2.19535 1.36629 1.63599 0.461673 1.44839 0.45982 0.410025 0.979219 0.290261 0.0241631 
0.791301 1.20114 2.00613 0.96091 2.01513 0.0744886 1.16165 0.834926 1.34555 0.754128 0.433657 0.0859234 
0.952432 1.34455 2.04426 0.939426 2.18073 0.831576 1.04644 0.304502 1.11315 0.757292 0.491543 0.106549 
1.02125 1.3131 2.29543 1.48024 1.00045 1.4133 1.16917 0.733673 1.48434 0.575072 0.481861 0.201692 
0.943593 1.35458 2.28871 1.79957 1.25928 0.947815 1.54311 1.00745 1.22943 0.69165 0.640511 0.201297 
0.901572 1.2016 1.76807 1.26457 2.374 0.666705 1.7232 1.09251 0.509393 1.43867 1.07632 0.120852 
0.965728 1.25493 1.78197 0.93314 1.71608 0.113574 2.86744 1.53872 0.906798 1.3434 0.838488 0.185415 
0.913267 1.11579 2.14262 0.744778 1.42728 -0.170116 2.52721 1.8077 1.14646 1.15146 0.942569 0.163403 
0.927184 1.06183 2.10734 1.03948 2.01193 0.184123 1.93895 2.00554 1.95152 0.431483 0.655673 0.286439 
0.839669 1.1732 2.13198 0.772724 1.91192 0.863612 1.92296 1.52654 1.40378 0.921964 0.517469 0.178252 
0.894137 1.43132 2.00692 0.860106 1.61478 0.640577 1.78584 0.577459 1.15836 0.565862 0.673156 0.162456 
0.906392 1.17386 2.37598 1.1127 1.27428 0.607841 1.44657 0.467926 0.941868 0.882039 1.18501 0.117384 
0.836715 1.12084 2.256 0.601386 1.25925 0.679159 1.61474 1.09176 1.20109 1.00072 0.734841 0.134549 
0.74748 1.22064 2.15345 0.694367 1.49572 0.858769 1.57207 1.96362 0.454692 0.416835 0.620066 0.069278 
0.681308 1.1452 1.83917 0.73266 1.31595 0.491741 1.78819 1.70273 0.529597 0.069277 0.767666 0.0389739 
0.639868 1.03545 2.02766 1.19926 1.85994 0.904832 0.955799 1.77102 0.683705 0.222087 0.459858 0.0792159 
0.55505 1.17556 1.97267 1.10149 1.59452 1.04858 0.336237 0.892274 1.30185 0.460132 0.298421 0.0605544 
0.645644 1.02764 1.64206 0.890021 1.27633 0.288948 1.49699 1.6497 1.3409 0.555194 0.285761 0.0344556 
0.757607 0.982356 1.66927 1.50966 2.01263 -0.211573 1.17342 1.72665 1.04306 0.0697495 0.308289 0.149292 
