0.339967 0.785781 1.63117 1.32617 1.57705 0.960729 1.33777 0.490428 0.921622 0.487653 0.597648 -0.0535623 
0.394949 0.704262 1.24866 0.988418 1.23268 0.491198 0.895236 1.05327 0.283391 0.302685 -0.178216 0.0547297 
0.452676 0.858211 1.81032 1.00094 1.37953 0.727271 0.180427 2.04358 1.62103 0.287773 -0.00936342 0.00224887 
0.462642 0.753765 1.51281 0.873794 0.991579 1.59216 0.415788 1.58694 0.726543 -0.0596736 0.15748 0.182693 
0.356979 0.883293 1.2679 1.14205 1.12038 2.15992 1.11665 1.91505 0.860962 -0.162245 0.468865 0.117183 
0.37561 1.02645 0.894732 1.63663 1.69391 1.48042 1.86873 0.83949 0.495783 -0.189551 0.240395 0.270833 
0.474158 1.02564 0.438705 1.82547 2.57313 1.16551 1.11234 0.387835 1.03373 0.881611 0.0237304 0.0764632 
0.512796 0.987286 0.809694 1.72762 2.1167 0.966673 1.7434 0.950555 1.52825 0.965402 -0.00641687 0.122347 
0.472707 0.848652 1.25939 2.32394 1.02015 1.15785 1.63957 1.34263 0.97985 0.531498 0.721006 0.00866012 
0.564775 0.778167 1.6719 1.811 0.494628 1.85682 0.956882 1.2953 1.21536 0.237559 1.11288 -0.039185 
0.331389 1.23228 1.55129 1.36895 1.42421 1.40545 0.807361 0.503129 1.02522 0.751022 0.232543 0.119817 
0.288676 1.03552 1.39392 1.89958 0.564569 1.26439 0.784719 0.738698 1.57253 0.829128 -0.0750197 0.114413 
0.422861 1.11378 1.49036 1.2558 0.897094 0.333298 1.10605 0.719539 0.822457 0.283352 0.403885 -0.0442948 
0.481391 1.13049 1.33065 1.92994 0.744991 0.637332 0.149441 1.58228 1.03627 0.177479 0.66024 -0.0200981 
0.553601 0.669746 1.25643 1.6875 1.49664 0.822361 0.80518 1.35674 1.03604 0.84259 -0.0444026 0.109057 
0.51077 1.1041 0.994327 1.40278 1.17125 1.46394 1.69686 0.496328 0.21665 0.733596 0.339172 0.0557841 
0.485657 1.00731 1.57572 1.73612 0.1521 1.59921 1.34746 0.688332 0.1341 0.0966523 0.528688 -0.0166255 
0.635693 0.809477 1.63287 1.2931 0.853139 1.88681 1.46497 0.600442 0.556568 0.913734 0.795512 -0.134564 
0.484253 0.926724 1.36044 1.56493 0.669607 1.13108 0.555875 0.89778 0.903598 0.919305 0.427185 -0.0491399 
0.378895 0.955561 1.16243 1.52331 0.498663 1.13545 1.43223 1.11843 0.849705 0.303265 0.232583 -0.0138075 
0.427654 1.17993 1.56326 2.04776 1.93388 1.43895 2.57135 0.696962 1.14122 0.157057 0.244921 0.246566 
0.454187 1.3637 1.73496 1.95795 2.06534 2.06985 2.68158 1.1914 0.622863 0.740975 0.36012 0.27469 
0.552657 1.41668 2.30118 2.55315 2.04473 2.36897 2.28367 1.14791 0.383271 0.909848 0.461262 0.235645 
0.928991 1.80598 2.64287 3.09479 2.4202 2.02767 2.49046 1.33839 1.04673 0.92865 -0.236238 0.344606 
1.2014 2.32123 2.95468 2.98394 3.20268 1.98246 1.91259 1.12808 0.914922 0.850147 0.144568 0.181269 
1.39473 2.97764 3.47271 3.34321 3.2804 2.76718 1.82736 0.763942 0.635733 -0.120967 0.697135 -0.0558024 
1.64085 3.23855 3.26993 2.72662 3.01199 2.54387 2.40523 0.424057 -0.625468 -0.355746 0.295728 -0.10504 
1.63262 3.19827 3.10878 2.51857 3.06291 2.38827 1.86577 0.534893 -0.839083 -0.775009 0.391208 -0.162644 
1.61373 2.59814 2.94988 2.65842 2.34691 1.36664 0.853824 -0.0433356 -0.495497 -0.545313 0.211339 -0.123499 
1.76566 2.84951 2.9788 2.57096 2.50518 1.86609 1.07661 -0.475933 -0.687917 -0.944396 0.0962248 -0.17673 
1.86746 2.92652 2.83001 2.36316 2.80607 1.99852 1.23843 -0.152618 -0.693737 -1.13605 0.0994352 -0.130945 
1.85099 2.63592 2.63783 2.44798 2.60312 1.94571 1.00237 -0.13621 -0.910226 -0.958107 0.14989 -0.0751261 
2.17585 2.54186 2.05909 2.2082 4.077 1.98251 0.169655 -0.314622 -0.0421631 -1.33126 -0.0147807 -0.103309 
2.11585 2.39199 1.68254 2.33364 3.37212 1.87721 0.3615 -0.210319 -0.541149 -1.0243 0.0426351 0.00915357 
2.29879 2.23457 0.876955 2.57755 3.64063 2.06001 0.0364644 -0.740913 -0.185492 -1.13535 -0.0922865 -0.039325 
2.35012 1.887 0.857051 2.36005 3.48934 2.34691 -0.622507 -0.784103 -0.16828 -0.922327 -0.163835 -0.0591676 
2.31533 1.6463 0.550831 2.0088 3.47746 1.97118 -0.566285 -1.28618 -0.220406 -1.0176 -0.178444 -0.0528958 
2.28809 1.75609 -0.203018 1.55245 3.96764 1.63361 -1.30516 -0.988187 -0.837144 -0.691172 -0.261366 -0.140748 
2.30371 1.9705 -0.641695 1.89675 3.60195 1.61505 -1.56271 -0.938542 -1.07081 -0.729205 -0.384859 -0.0770533 
2.44517 1.9838 -0.557332 1.32868 3.85958 0.735422 -1.47158 -1.30181 -1.39613 -0.975582 -0.606803 -0.0754033 
2.44015 1.81561 -0.416996 0.906447 4.08222 -0.286453 -0.814123 -2.34752 -1.00415 -1.04958 -0.54314 0.0433785 
2.44756 1.86723 -0.765913 1.04127 3.92316 -0.656862 -0.486566 -2.68369 -0.594418 -1.24816 -0.5426 0.075029 
2.48577 1.69808 -0.943282 1.19809 3.35152 -0.914519 -0.221629 -2.75295 0.0246474 -1.42837 -0.416946 0.0891835 
2.55948 1.57364 -1.04158 1.11774 2.81261 -1.59269 -0.408255 -2.33264 0.325127 -1.31121 -0.501295 0.172875 
2.60723 1.32194 -1.09478 0.755987 2.30413 -1.80643 -0.734443 -1.52657 0.3874 -0.94278 -0.598193 0.179956 
2.5947 1.63953 -1.56053 0.186618 2.28072 -2.00366 -1.18594 -1.27044 -0.177207 -0.638059 -0.613486 0.281846 
2.55023 1.55099 -1.62369 0.626267 1.46279 -1.51336 -1.42802 -1.47493 -0.0950564 -0.576385 -0.153551 0.177698 
2.4568 1.41313 -1.70959 1.1298 1.15528 -1.55563 -0.901506 -1.47848 0.37358 -0.55258 0.235002 0.154317 
2.5165 1.48007 -1.79813 0.814984 1.62859 -2.03617 -0.642638 -1.50959 0.56936 -0.15321 0.266303 0.233499 
2.4875 1.16012 -2.01465 0.201954 2.11468 -1.78427 -0.416182 -1.21233 0.816623 0.0530136 0.0490598 0.205063 
2.6382 0.885956 -2.07913 0.0982985 2.56661 -2.11396 0.141311 -1.34783 1.17043 0.199059 0.00356902 0.343343 
2.68288 0.986322 -1.72457 0.162879 2.65621 -1.70854 0.512214 -1.60232 1.12327 0.149498 -0.0313588 0.257277 
2.58834 1.23044 -1.73337 0.424939 3.02766 -1.58023 0.356033 -1.50105 0.629196 -0.211868 -0.319221 0.165284 
2.57583 1.34293 -1.47419 0.660376 2.80377 -1.38274 0.176832 -0.751515 0.123695 -0.377892 -0.439094 0.189088 
2.59976 1.3199 -0.0216253 0.534275 2.30443 -1.19932 -0.35772 -0.734875 0.153277 -0.302586 -0.549147 -0.0486805 
2.60869 1.55887 -0.211943 0.357712 2.03786 -0.101141 0.112361 -0.816503 0.111876 -0.55463 -0.35629 0.00142024 
2.47574 1.74697 -0.585094 0.815781 2.50254 0.323199 0.450274 -0.867093 0.477649 -0.683549 -0.275001 -0.0518022 
2.40579 1.76415 -0.474021 0.646787 3.02708 -0.0339801 -0.349686 -1.60995 0.824894 -0.0557762 0.0393255 -0.0468379 
2.33779 1.66883 -0.333903 0.184351 3.37534 -0.451114 -0.276236 -1.33083 0.585626 -0.00343187 -0.0425995 0.154872 
2.45594 1.28111 -0.123824 0.124571 2.82715 0.0688595 -1.19172 -0.387823 0.0241373 -0.00685682 -0.0592364 0.0534822 
2.45394 1.53023 0.0511716 -0.37108 2.86454 -0.456247 -0.326952 -0.344066 -0.466199 -0.056086 -0.165899 0.167033 
2.34278 1.67951 -0.0572526 0.351864 2.69875 0.299616 0.400609 -0.985971 0.0168385 -0.436339 0.196046 0.36387 
2.31368 1.62455 -0.192456 0.495829 2.51729 -0.0427439 0.827226 -0.131092 0.505481 -0.161699 0.388917 0.584357 
2.28656 1.52471 0.0523771 -0.0822301 2.81402 0.259853 0.820663 -0.10956 0.620241 -0.27466 0.201957 0.518976 
2.19717 1.56432 0.321173 0.297057 3.322 0.344254 -0.382296 -0.279718 0.699406 -0.326161 0.0149839 0.16431 
2.23737 1.47661 0.321561 0.885718 2.64882 0.837855 0.649363 -0.114596 0.671861 -0.406483 0.123263 0.282962 
2.22604 1.81726 0.540289 0.798768 2.54315 0.407661 1.71033 -0.0236093 -0.00134481 -0.1999 0.0807246 0.312165 
2.27518 1.69811 0.721519 0.573963 3.16879 0.0860966 1.03555 0.0335394 0.314414 0.160737 0.0424235 0.317165 
2.11636 1.79009 0.971685 0.445075 3.30335 0.540002 0.692687 -0.0149167 0.157331 -0.0553805 0.267781 0.353069 
2.10552 1.70575 1.35406 0.586217 3.25793 0.0984953 0.0609335 0.12291 0.240702 0.344615 0.390002 0.351811 
1.98734 1.79518 0.837025 1.03718 2.94866 0.121964 0.0473972 0.587788 1.21455 0.644709 0.386031 0.204634 
1.91687 2.06222 1.2095 0.656951 2.42331 0.367789 0.313576 0.712824 0.791609 0.0604915 0.581335 0.316082 
1.89097 2.07279 1.27913 0.455576 2.88302 0.659435 0.839247 1.15645 0.411389 -0.6817 0.289762 0.210295 
1.88137 1.84441 1.50544 1.10382 2.97233 1.42055 1.19009 0.66358 0.227909 -0.757663 0.156824 0.196347 
1.89584 1.86291 1.2684 1.66548 2.43539 0.949974 1.08697 0.467166 0.788705 0.283456 0.232731 0.14085 
1.92501 1.60156 1.45738 1.16174 2.93027 0.173603 1.17037 0.438026 0.590108 0.464049 0.291537 0.32407 
1.83877 1.56503 1.63249 0.843655 2.08017 1.52345 1.45333 0.221102 0.503713 0.179107 0.577415 0.39419 
1.74919 1.53831 1.66363 1.27998 2.27355 1.1885 1.01407 0.210066 1.12989 0.381212 0.632494 0.354613 
1.72385 1.6764 1.91288 0.92597 1.49508 1.43129 1.9857 -0.130223 0.162084 0.889518 0.660085 0.371024 
1.81581 1.66242 1.52301 1.12275 1.78491 0.576756 0.628123 0.313667 1.41545 0.75561 0.614113 0.299477 
1.78589 1.51231 1.87189 0.413612 1.73955 0.389104 0.729102 0.546595 1.47317 0.856451 0.517393 0.314521 
1.68911 1.97922 1.99368 0.306886 2.13896 0.379201 0.883627 0.653573 1.11898 0.81715 0.366635 0.237471 
1.63586 1.94806 2.13634 1.24492 2.22438 0.350407 0.652773 0.573198 1.19638 0.915333 0.324025 0.22177 
1.59645 1.54375 2.04882 1.36992 2.57293 1.17646 1.62196 1.12744 0.542887 0.790622 0.295325 0.174924 
1.50864 1.57786 1.40206 0.993983 2.55504 1.71431 1.8513 0.824782 1.22458 0.483399 0.489419 0.265447 
1.53226 1.90131 1.31873 0.895954 1.8249 2.10757 1.97612 0.0565746 0.978972 0.30225 0.657185 0.319957 
1.47913 1.55702 1.70951 1.23176 1.85024 0.983999 1.61951 -0.249371 1.63724 0.594479 0.255647 0.190602 
1.35188 1.79321 2.15647 0.770455 1.88271 0.838139 0.715684 0.271242 1.16891 0.203714 0.731466 0.269177 
1.3281 1.48519 1.80308 1.14974 1.46593 2.10712 1.38499 0.870625 0.889947 -0.249551 0.592847 0.219605 
1.34353 1.69113 2.00039 0.745735 1.42036 1.41474 1.65595 1.14751 0.588481 -0.533284 0.420891 0.101101 
1.33382 1.76832 1.59667 1.00577 1.95953 0.828358 1.59461 1.10091 0.201127 0.0408803 0.267263 0.0948388 
1.26778 1.70963 1.88509 1.17833 1.65724 1.48884 2.07185 0.552122 0.830512 -0.290151 0.0195978 0.0660037 
1.28294 1.7231 1.79939 1.02045 2.11951 2.14066 1.93222 0.649558 0.906766 -0.36544 0.298437 0.156898 
1.34263 1.69985 1.65077 1.80298 1.79115 1.2415 1.89088 0.345596 0.859902 -0.00885455 0.367748 0.114038 
1.29015 2.10287 1.66 0.464903 1.15666 1.61514 1.46431 0.570386 0.655053 0.22666 0.65513 0.202789 
1.21542 1.65037 1.42208 0.429688 1.61665 1.64449 1.52002 1.24251 1.84834 -0.0313752 0.618841 0.136117 
1.216 1.23865 1.82928 0.888976 1.54408 0.513109 2.45694 1.26693 2.08492 0.896015 0.546219 0.280647 
1.27181 1.51084 1.73246 1.17068 1.05373 0.608139 2.43295 1.10531 1.73542 1.16209 0.377358 0.201394 
1.18127 1.59603 1.84438 0.946269 1.1261 1.00697 2.47253 0.893154 1.04897 1.0432 0.74432 0.225092 
1.17281 1.71941 1.83447 0.695251 1.93832 1.42449 0.939766 1.63983 1.2573 1.34264 0.501857 0.213899 
1.22706 1.46769 2.02449 1.02698 0.960988 0.968087 1.5319 1.36416 1.29069 0.7292 1.22846 0.299569 
1.20594 1.3493 2.09942 1.65243 1.18521 0.764147 2.15537 1.2663 1.81008 0.319008 0.825917 0.306661 
1.09738 1.5793 1.96355 1.70976 1.87234 0.629896 1.22158 0.785815 2.04813 0.12537 0.917093 0.265578 
1.03199 1.67677 2.21512 0.918531 2.05749 1.17301 2.13759 1.09388 1.06435 0.698755 0.495498 0.244182 
1.09873 1.62541 1.65199 1.22117 2.45126 0.793046 1.73612 1.02341 0.581957 0.774554 0.479646 0.21616 
1.0434 1.36873 1.9148 1.02632 1.82855 0.256644 1.22483 0.785856 1.09 0.898823 0.752615 0.182328 
1.02374 1.29389 2.05298 1.1012 1.57765 1.11045 1.69748 0.953441 1.81312 0.298117 0.693167 0.217912 
0.916129 1.14866 1.98861 1.06203 1.62016 1.17827 2.0854 1.26028 1.26661 0.356021 0.678243 0.180696 
0.973168 1.27901 2.23163 0.199101 1.19639 1.29513 2.61941 0.712985 1.40444 0.851161 0.795734 0.193302 
1.01202 1.80685 2.39497 0.109578 1.00653 1.96327 2.12728 0.910655 1.35347 0.428168 0.671585 0.183852 
0.93822 1.2559 2.22823 1.55947 1.41769 1.90593 2.03219 1.01439 0.905833 0.572083 0.66639 0.187084 
0.964211 1.3903 1.76597 1.8785 1.40089 2.03931 3.37187 0.784627 1.58728 -0.142039 0.223419 0.22503 
0.974485 1.79962 1.6582 0.978807 1.2723 1.84161 2.89387 0.835245 0.993106 -0.23356 0.819659 0.0696023 
0.964799 1.1651 2.08046 1.4564 1.76107 1.39228 2.53524 0.645174 0.598769 0.318903 1.10213 0.162454 
0.866987 1.06657 1.55236 1.19015 1.94497 2.09221 2.14406 1.27459 1.335 0.467517 0.871131 0.171826 
0.827804 1.46944 1.2466 0.568547 1.55429 1.61925 1.86537 1.62324 1.22179 0.695891 0.698564 0.0718709 
0.820857 1.78567 1.43538 0.186362 1.66039 1.72628 1.8967 1.77596 0.921214 0.531245 0.630851 0.0295712 
0.893248 1.43488 1.43718 0.239605 0.826895 1.00888 2.12671 1.7927 -0.0171199 -0.0416977 0.565532 -0.0543341 
0.908118 1.43152 1.62501 0.616191 1.16568 0.704681 1.90819 1.86161 0.39927 0.804338 0.664104 0.0384856 
0.835435 1.38536 1.65609 0.316389 1.2486 1.04744 1.29342 0.995831 1.34509 0.909293 0.556432 0.0434319 
0.896726 1.20001 1.85595 0.213096 1.48121 0.444457 1.28951 0.679595 1.56421 0.549901 0.314011 0.116186 
1.00309 1.49578 1.91914 0.424715 1.45475 0.640195 1.69486 0.791505 0.545891 -0.197062 0.749261 0.0514468 
0.920992 1.3676 1.37729 0.757 1.11489 0.304173 0.608456 1.50883 1.03915 -0.503237 0.464659 0.050945 
0.859152 1.17221 1.63333 1.25593 0.605327 0.135905 1.69643 1.65456 0.0570613 0.57139 0.372902 0.0954583 
0.78461 1.2928 1.80467 1.12484 0.476927 0.98312 1.46984 -0.0894263 0.974475 1.13914 0.509429 0.0617306 
0.759014 1.25202 1.6333 0.725239 1.26193 0.704562 1.51382 -0.0858517 1.31871 0.427441 0.369487 0.131691 
0.689017 1.12815 1.43374 0.433853 2.1201 1.23414 1.36146 0.467743 1.60939 0.0693957 -0.06588 0.216775 
0.685072 1.26015 2.17053 1.13259 1.91869 0.751272 1.16371 0.654151 0.855006 0.763197 0.164875 0.104295 
