0.420812 0.669908 1.098 0.983719 1.68117 0.339245 -0.203522 0.0102175 -0.0759722 0.47617 -0.103455 0.0571189 
0.446945 0.737917 1.12187 0.875835 0.719854 -0.337151 0.418852 0.180303 -0.145129 0.440003 0.255908 -0.0110011 
0.44777 1.10568 1.49573 1.17208 0.171767 -0.606431 1.05719 1.06496 0.455744 0.00611147 0.612183 -0.0108932 
0.418788 1.04239 1.24603 1.51557 0.397388 0.232408 2.21835 0.905603 0.835606 0.0573326 0.195075 0.0917806 
0.539663 0.831415 1.09816 1.21711 1.59174 0.59695 1.27392 0.253995 0.911418 0.0623081 0.337401 0.0509086 
0.380551 0.935304 0.818705 1.28303 1.16618 0.601912 0.457848 1.34832 1.08908 -0.391736 0.445837 0.0163475 
0.404053 0.996582 0.913023 1.22235 1.21315 1.1507 0.240127 1.02163 0.203725 0.37791 0.448174 -0.142525 
0.503076 0.99069 0.655482 0.995793 1.13648 1.09927 0.643349 0.666696 0.0507802 0.0799834 0.471147 -0.0117879 
0.388545 0.722132 0.829751 0.882342 0.603009 0.428224 0.476203 0.557316 -0.0276558 -0.238531 -0.0517707 -0.0825668 
0.467362 0.819348 1.24441 0.613883 1.45506 0.505394 0.204536 0.307153 1.15944 0.411092 -0.050547 0.14728 
0.567369 0.78801 0.838095 0.392264 2.01358 1.73997 -0.02407 0.533107 0.84849 -0.121393 0.154057 0.183599 
0.614617 1.40335 1.40935 1.38132 1.57467 1.24125 1.61864 0.517335 0.843812 0.52456 0.56431 0.020956 
0.904535 1.80201 1.64559 1.88399 1.48517 1.25794 1.84524 0.676717 1.07997 0.23542 0.332547 0.108492 
1.13806 2.42515 2.33233 2.74988 3.23872 1.47237 1.56366 1.27217 0.854203 0.295918 0.0492195 0.0910651 
1.6832 3.02854 2.69055 2.42502 2.93049 2.13875 0.842792 0.879945 0.392084 0.0225777 0.0719911 -0.0852436 
1.85567 3.09969 2.99811 2.57029 2.9057 1.82937 1.73733 0.453554 0.299915 -0.20028 -0.0236586 -0.10437 
1.89549 2.66466 2.76995 2.27548 2.89173 2.31742 1.81654 0.81025 0.233722 -0.309436 0.0341003 -0.0554308 
1.75017 2.54293 2.49593 2.0043 2.21537 1.94786 1.46547 0.970717 0.327782 -0.0322062 -0.139546 -0.116436 
1.64285 2.44855 2.49473 2.32344 2.44932 2.05732 1.46797 0.840542 0.343335 -0.0345536 -0.0707189 -0.0877982 
2.43863 2.18149 1.32623 1.85322 2.7598 1.8411 0.93601 0.831651 1.26466 0.400757 -0.19171 -0.291866 
2.38044 2.09172 1.43845 1.5547 2.63593 2.0061 1.11979 0.277275 1.4588 0.116568 -0.240662 -0.265033 
2.09752 2.13302 1.45692 1.51087 2.58666 2.04164 1.61484 0.836758 0.685831 -0.167515 -0.236323 -0.151707 
2.33886 2.28343 1.83199 0.73853 2.22017 1.28652 1.13095 0.61617 1.54242 0.851441 -0.0403169 -0.215047 
2.26886 2.15806 1.48473 1.50821 2.64373 1.10309 0.632805 1.17894 1.50521 0.455003 -0.263053 -0.313337 
2.13798 2.11057 2.12548 1.53237 2.93066 0.70514 0.754254 0.771218 1.63861 0.721405 -0.206136 -0.166572 
1.92267 2.1414 2.03773 2.25185 2.75308 1.37718 1.05368 1.29816 1.37097 0.746515 -0.0344427 -0.041618 
2.04801 2.16334 2.28098 2.41508 3.77621 1.30372 1.03286 1.04991 2.30096 0.411624 0.0259103 0.0562712 
1.80517 1.83102 2.0181 3.1003 3.52772 1.5516 1.07232 1.39564 1.87437 0.240309 0.0488373 0.103284 
1.81597 1.51503 2.14741 3.07509 3.13661 1.09048 1.05086 1.82505 2.05457 0.670482 -0.184616 0.0737216 
1.58542 1.66741 2.03841 1.9697 2.23735 0.591454 1.28207 1.70401 1.4809 0.761722 -0.0185768 0.118437 
1.26066 1.48443 2.42729 3.16924 1.96202 0.760275 1.21063 1.00154 1.0233 0.0637929 0.124999 0.158473 
1.07418 1.15975 2.7178 4.07026 2.07449 1.17565 2.53016 0.716904 1.24516 0.162042 0.397777 0.193594 
1.00859 1.16643 2.70091 4.06773 0.979052 1.10224 2.95539 0.0071426 1.26468 0.354564 0.692357 0.0249019 
0.905851 0.680234 2.95507 3.48085 -0.142646 0.289118 3.20381 0.664048 1.13191 0.920466 0.991776 0.0959052 
1.03234 0.735738 3.20726 3.68291 0.541858 0.0352033 2.84543 1.30018 0.271623 0.508524 0.740551 0.167952 
1.13435 0.743403 3.19923 2.87404 0.572833 -0.12876 2.05835 2.08079 0.00819923 0.143304 0.740873 0.209472 
1.03143 0.639378 2.55159 3.39113 1.6494 -0.440876 2.46695 1.4909 0.369812 -0.164241 0.669423 0.300239 
1.15835 0.628997 1.9779 3.10956 1.51624 0.132502 0.890236 1.49013 1.1345 -0.10789 1.05842 0.343684 
1.15232 0.858634 1.77167 2.98419 1.01482 0.270397 1.10529 1.38271 1.33084 0.139976 0.526561 0.220601 
1.11075 0.680948 1.65088 2.01947 1.4164 -0.34565 0.91044 1.79544 1.42423 0.376582 0.601918 0.17131 
1.24052 0.379397 1.72857 1.83628 1.64344 -0.709533 0.423548 1.87075 1.10016 0.5561 0.481415 0.0730089 
1.6655 0.438269 1.7993 1.94348 1.1926 -0.218097 1.19925 1.86178 1.0361 0.909629 -0.110847 -0.163984 
1.70279 0.550403 1.21993 2.32622 1.14369 -1.66516 2.17816 2.40174 1.0791 1.07265 -0.0790448 -0.109748 
1.78645 0.416194 1.25465 2.0686 1.22508 -0.846716 1.26759 2.55165 1.50485 1.1472 -0.340495 -0.308384 
1.88343 0.85746 1.16242 2.1755 1.23124 -0.66433 1.46496 2.04487 1.98868 1.21186 -0.529208 -0.39111 
1.93779 1.05157 1.30701 2.0744 0.840519 -0.333404 1.77802 1.63068 2.31532 1.05721 -0.480069 -0.389128 
1.95764 0.77812 1.53776 1.53159 0.808792 -0.0179278 1.25361 2.35154 1.56752 0.947535 -0.302041 -0.344658 
2.28224 0.879134 0.516315 0.622437 1.18434 0.644622 1.49407 1.84338 1.5307 0.733339 -0.111829 -0.259194 
2.32976 0.750332 0.470504 1.53102 1.32146 0.11926 1.64121 1.45992 2.00667 0.852804 -0.419606 -0.496395 
2.28885 0.840294 -0.0304937 0.303526 2.04499 0.903166 1.52094 1.72395 0.940484 0.777264 -0.172233 -0.339808 
2.23234 1.00673 -0.0164018 -0.0303369 1.76537 1.04892 2.42062 1.90044 -0.0469237 0.602138 -0.0938481 -0.206727 
2.21091 1.37256 -0.414232 0.337324 1.84107 0.974698 2.46571 1.63629 0.174739 0.665044 -0.238722 -0.214393 
2.20623 1.42991 -1.00221 0.248663 2.72589 0.990859 1.18163 1.63295 0.764419 0.896 -0.406726 -0.329537 
2.39587 1.36364 -0.143729 0.494974 2.74453 0.415036 1.18332 1.94532 0.738957 0.889006 -0.424381 -0.393091 
2.36895 1.44844 -0.899502 0.477139 2.18962 0.649012 1.07594 1.85772 1.07642 0.892905 -0.360629 -0.364059 
2.33683 1.29469 -0.253077 0.379295 1.20645 1.18824 1.61422 1.51032 1.3549 0.643002 -0.143648 -0.336341 
1.80323 2.09676 -0.131104 0.178684 1.2428 1.16121 1.05997 1.61566 1.89801 0.644628 0.0168202 -0.320622 
1.37742 1.64884 0.195075 -0.483208 1.874 1.44233 1.98496 1.61732 1.53017 1.19992 0.225588 -0.0171577 
1.12045 1.69182 0.393119 -1.36109 2.74702 1.81934 2.76692 1.83414 0.837523 0.795452 0.147209 0.086113 
0.880066 1.11113 0.571819 -1.14392 2.78565 1.57176 2.97673 2.48372 0.430886 0.980285 0.173803 -0.132504 
1.03909 1.09241 1.10243 -0.393879 1.66885 1.28477 2.30833 2.22218 -0.244431 1.02654 0.491521 -0.117049 
1.50555 1.59642 1.65846 -1.14003 1.55827 1.24874 1.44326 0.452825 0.794008 0.662701 0.438619 0.251652 
1.95138 1.79029 1.50249 -1.33978 1.28373 0.153242 0.857478 0.545307 0.674219 0.871617 0.244829 0.0937777 
2.26316 1.75129 1.14474 -0.427676 0.256165 -0.075864 1.1304 0.387666 0.0202969 0.756048 0.379834 0.0985629 
2.28267 2.20838 1.1607 0.498497 -0.125084 0.145974 0.609867 -0.390401 0.640359 0.317672 0.28004 0.0562564 
2.35503 2.47405 1.06882 -0.386735 0.413852 -0.0927034 0.728243 0.277694 0.487231 -0.138393 0.0690793 0.058234 
2.38659 2.39221 0.97909 -0.369308 0.971123 -0.0226323 0.633537 -0.154475 0.687612 -0.332513 -0.0438051 0.01648 
2.50819 2.39691 0.944511 0.0439632 1.88956 -0.18786 0.369243 -0.923067 0.95967 0.023824 -0.0317619 -0.027331 
2.21601 2.51755 1.38862 0.433002 1.39388 0.219666 0.380912 -0.200492 0.402911 0.241189 -0.0082354 -0.0874561 
2.25405 2.66753 1.59195 -0.0128005 1.88076 -0.139236 0.419478 0.544935 0.333597 -0.318488 -0.293764 -0.21071 
2.41622 2.5737 2.0576 -0.27372 2.30338 -0.61549 0.21915 0.696185 -0.10644 -0.407409 -0.482589 -0.17976 
2.26829 2.66474 1.73731 0.20136 0.946918 0.520323 0.51011 0.252528 -0.319792 -0.850807 -0.311985 -0.13806 
2.341 2.73076 1.74043 0.702049 1.25994 -0.190617 0.00957594 -0.168862 -0.104708 -0.445276 -0.152195 -0.0544521 
2.14159 2.61827 1.99616 1.14702 1.63673 0.0771585 -0.219668 -0.0520395 -0.549889 -0.230354 -0.151589 -0.090911 
2.36811 2.79409 1.89051 0.149278 2.24603 -0.181634 0.397916 0.181895 -0.820846 -0.564285 -0.529139 -0.201487 
2.18357 2.77777 1.81663 0.962769 1.32228 -0.469779 0.974277 -0.265432 -0.0979473 -0.644454 -0.41014 -0.201008 
2.09094 2.58359 1.94009 1.55511 1.47851 -0.287623 0.521572 0.128511 0.500224 -0.260683 -0.289766 -0.21061 
2.00927 2.32005 1.65626 0.742276 1.07904 1.03599 1.55655 0.998985 0.0356599 -0.951427 -0.484079 -0.288958 
2.14665 2.14892 2.2283 0.444969 1.41874 1.34402 1.72557 0.709432 -0.259774 -0.510538 -0.45815 -0.234508 
2.23987 2.50715 2.30988 0.254935 1.63843 0.952398 1.65741 0.418271 -0.717044 -0.98407 -0.627329 -0.237591 
1.99291 2.12244 1.72764 -0.0272936 1.43779 0.420713 0.774414 0.483873 -0.202761 -0.736135 -0.205791 -0.0926286 
1.99782 2.07836 1.92467 0.29551 1.66391 -0.00700956 0.357634 0.172409 0.101138 0.197857 0.102807 0.0818407 
1.94406 2.45627 1.75223 0.183066 2.1893 -0.0637306 0.540534 0.38428 0.273355 0.269996 -0.029715 0.00644093 
2.00196 2.42333 1.68294 0.828813 2.1359 0.360494 0.804104 0.222124 1.12224 -0.0258697 -0.182316 -0.158367 
2.14021 2.35373 2.1875 0.725917 1.93321 0.782867 0.861317 0.274221 0.75901 -0.508992 -0.256906 -0.11419 
2.04916 2.54326 2.29765 1.04997 1.91584 1.2133 1.41309 1.01309 0.964691 -0.320262 -0.112812 -0.109358 
2.01121 2.23161 2.28651 0.888166 0.995381 1.44509 1.84111 0.514909 0.195907 -0.159817 -0.0561301 0.00583268 
1.92444 2.34897 2.09914 -0.103045 1.03877 1.19173 2.55583 0.140958 0.2501 -0.308685 -0.139492 0.145928 
1.85783 2.22292 2.11227 0.352968 1.96228 0.416335 1.70064 0.171091 0.477504 -0.109309 -0.110328 0.0843055 
1.68387 2.05167 2.15713 0.666573 1.64739 0.642456 0.731019 0.289211 0.242893 -0.690367 0.324033 0.102502 
1.71293 2.33984 2.48467 0.720748 1.24343 -0.267649 0.369844 0.0306617 0.407287 0.257385 0.326753 0.204426 
1.78363 2.34407 2.23955 1.1712 1.30095 -0.449882 0.568844 -0.0153536 0.718939 1.0526 0.297344 0.256486 
1.8791 2.22063 2.11935 0.761732 1.50984 -0.514583 0.851873 0.804286 1.29618 -0.0382589 0.424839 0.276234 
1.71255 2.21238 2.31393 1.51445 1.00327 -0.257229 1.05501 0.446986 1.25951 0.31791 0.375795 0.202754 
1.56937 1.92144 1.55777 1.0654 0.878446 0.713146 1.27961 0.938898 1.20443 0.511725 0.384822 0.124123 
1.55237 1.89572 2.16978 0.5906 1.52576 0.385473 0.185789 0.790459 0.686894 0.893373 -0.0561476 -0.0522267 
1.45107 1.82695 2.04146 0.826382 1.4036 -0.0244151 0.843245 0.878964 1.15455 0.591652 -0.0319353 0.0170121 
1.51574 1.82549 1.98292 0.766896 1.42586 -0.12251 1.76441 0.0846215 0.429841 -0.888665 0.0998646 0.0614605 
1.67619 1.96085 1.98624 0.644563 1.33651 0.544132 0.316473 0.408114 0.419955 -0.866049 0.370606 0.0947671 
1.58864 2.01097 1.97925 1.34006 2.40718 0.540393 -0.139665 0.548023 0.309094 0.402272 0.278738 0.0631616 
1.52289 1.39356 1.91939 1.09161 1.78926 0.661419 1.06272 0.381962 0.598723 0.360384 0.307134 0.16402 
1.6253 1.70029 2.1547 0.593279 1.05201 0.554084 0.672801 -0.354031 1.57804 -0.179572 0.396152 0.321649 
1.53226 1.94972 2.11416 0.29403 0.56736 -0.169755 0.295058 0.497786 1.60104 0.260347 0.731901 0.329856 
1.35695 1.97025 1.69977 0.460922 1.49325 0.309254 0.708969 0.922345 0.748405 0.438083 0.772766 0.223009 
1.3323 1.5204 1.95704 1.04552 1.61798 -0.0520964 1.4015 0.811226 0.849217 0.429915 0.634507 0.276213 
1.41996 1.55634 2.10639 1.11488 2.14219 -0.273256 1.35517 1.30744 1.05544 0.259829 0.567472 0.324043 
1.54895 1.62005 1.85782 1.22206 1.32544 0.0882798 1.09053 0.724044 1.0785 0.18354 0.81028 0.356951 
1.51317 1.61717 1.89557 0.454899 1.1502 0.339726 1.62226 0.236463 0.979623 -0.0973804 0.904526 0.4004 
1.43571 1.48218 1.8237 0.473687 1.75177 0.404957 1.17653 0.497323 0.62252 0.121725 0.496631 0.212303 
1.36008 1.30841 1.9301 0.548383 1.60404 -0.341203 1.15232 1.72226 0.906813 0.362024 0.469249 0.156616 
1.28894 1.27768 1.68606 0.311549 0.804267 -0.276832 0.925858 0.948337 0.548413 0.31862 0.439586 -0.0272185 
1.24581 1.2139 1.11514 -0.413779 1.38924 -0.472203 1.52421 0.170781 0.273045 0.469417 0.492709 0.073637 
1.29873 1.43884 1.53409 0.183493 1.8786 -0.396871 0.834162 -0.346725 1.33488 0.440916 0.205814 0.128397 
1.28232 1.67101 1.83777 0.882626 2.09771 -0.240269 0.549679 1.04222 1.5063 0.658159 0.123465 0.118274 
1.21553 1.32745 1.61054 0.351762 1.91335 0.0523201 0.764377 0.772146 1.11137 0.963206 0.121351 0.105237 
1.21745 1.44112 1.39451 0.160557 1.46218 0.1544 1.84002 -0.229115 0.692418 0.601928 0.784837 0.26954 
1.1935 1.47704 1.59951 0.278761 0.279988 0.0480583 2.09925 -0.213857 1.18768 0.523169 0.974348 0.243193 
1.15729 1.46609 1.23811 -0.192435 0.653652 1.08395 1.75612 0.442366 1.00972 0.255566 0.729171 0.16706 
1.18616 1.48104 1.50438 -0.225874 0.327651 0.060065 0.867806 0.497071 1.69183 0.350627 0.691164 0.210279 
1.14097 1.23083 1.85997 0.10845 1.11188 0.0819926 0.657369 0.638196 0.969342 0.583765 0.534888 0.178366 
1.06733 1.12665 1.59278 0.121511 0.610962 0.461856 0.642951 0.698585 0.939314 0.804307 -0.225343 0.0505203 
0.961573 1.41067 1.52444 1.00897 1.53562 0.081835 1.73244 1.72287 0.551812 0.574779 0.303413 0.10108 
1.01442 1.17491 1.7765 1.02693 1.37673 -0.085286 1.48172 1.53544 0.176991 0.418666 0.63307 0.0405442 
1.06379 1.31839 1.39242 0.385001 1.26353 -0.414025 0.568418 0.982328 0.455245 0.972158 0.728513 0.099778 
1.07908 1.30171 1.58923 0.705403 0.966379 -0.700171 0.32373 0.586338 0.679708 0.437917 0.27566 0.0488241 
1.14978 1.0714 1.54522 0.609058 0.249656 -0.874724 0.626737 1.0258 1.26328 -0.272401 0.0351306 0.0843368 
1.0764 1.39723 1.44179 1.36246 0.341688 -0.51063 0.633173 0.976744 0.942645 -0.130274 0.368801 0.176246 
1.11735 1.26606 1.22456 1.26514 0.85624 0.148635 1.28364 0.479553 1.21848 0.685239 0.210105 0.0993057 
0.961799 1.31155 1.48385 0.408932 0.64277 0.778128 0.842857 0.182385 1.70543 1.12165 0.619088 0.121054 
0.947914 1.38303 1.21001 0.840158 0.24491 0.636595 0.507108 -0.68888 1.16214 0.669652 0.257439 0.00224324 
0.928786 1.10825 1.28036 0.766914 0.536458 0.441298 -0.32805 0.579756 0.98452 0.513903 0.311087 -0.084902 
0.895351 1.18832 1.49043 1.21269 0.481792 0.266695 0.539536 0.42952 0.792238 0.271408 0.471076 -0.0168005 
1.00957 1.01641 1.52757 0.93858 0.373742 -0.639807 0.703028 1.18388 0.877922 0.00433337 0.172636 0.123844 
