0.493608 0.892852 1.03516 1.45214 1.20236 1.39632 1.5409 0.686459 0.298265 0.244902 0.0616174 0.051943 
0.522145 1.03428 1.26703 1.02153 1.23539 1.49474 1.45237 0.588132 0.829513 0.405854 -0.36132 0.155219 
0.647676 1.04816 1.99855 1.92344 1.14407 1.10248 1.27994 -0.210194 0.739869 -0.351301 0.0655424 0.0736336 
0.772167 1.18223 0.753998 1.11747 0.942258 1.4705 1.04326 0.434091 1.25131 -0.177841 -0.0508249 -0.017795 
0.610373 1.29566 0.825037 0.780393 1.83112 1.45735 0.487551 1.06896 1.02751 -0.341337 0.277771 -0.0294655 
0.562007 1.32746 1.34174 1.26054 1.52529 0.851421 1.5435 0.627089 1.032 0.624219 0.166693 0.07089 
0.648472 1.61588 1.51586 1.45276 1.0231 0.860724 1.20917 0.742079 0.745513 0.690759 -0.0106152 0.130714 
0.608605 1.12588 1.26532 0.65348 1.75464 1.50226 -0.674682 1.31151 1.0069 0.586465 -0.337217 0.152838 
0.603441 0.787888 1.7955 0.874887 0.666616 1.19545 -0.498633 1.04498 0.747361 0.531388 -0.219359 0.121909 
0.66757 0.917063 2.13206 0.789966 1.07041 1.72409 1.17473 0.370691 1.37446 0.487722 0.326711 0.080554 
0.665484 0.808147 1.84402 0.643433 1.53298 0.77472 1.43826 -0.147666 1.33922 0.937234 0.379602 -0.0121055 
0.632492 0.995398 1.67945 0.567901 0.980818 0.11822 0.493205 0.287501 0.590481 0.743333 0.380607 -0.100109 
0.699359 -0.830147 1.99099 -0.865062 0.0596001 0.609745 1.31832 -0.609861 0.440247 0.468774 0.67174 -0.169689 
0.651803 -0.707247 2.4043 -0.938136 0.188601 0.45693 1.70397 -0.731442 0.495354 0.0710692 0.0328501 -0.41409 
0.432385 -0.339919 2.53026 -0.0363549 -0.869195 0.408798 1.76998 -0.704701 1.10915 -0.244553 -0.2654 -0.634339 
0.25646 -0.932268 1.09138 0.937111 -1.40069 0.758682 2.10854 -0.439904 0.934025 -0.296472 -0.176374 -0.476693 
0.358778 -1.21485 0.830466 0.782114 -1.26846 0.485328 1.84272 0.395936 0.98771 -0.368289 0.0718987 -0.215822 
0.360821 -1.02436 0.592864 -0.821733 -0.744968 -0.45354 1.84966 0.518118 0.743009 0.188925 0.24068 -0.388795 
0.205927 -1.4182 -0.531959 -0.605611 0.589758 -1.12698 0.421091 0.860462 1.57673 -0.187868 0.110395 -0.0941821 
0.335228 -1.46464 -0.800786 0.0950326 1.05468 0.155009 0.63944 -0.279887 1.3105 -0.241113 -0.051448 -0.224301 
0.298685 -1.29426 -0.190737 -0.451705 1.61784 1.42822 1.32124 -1.14528 0.375628 0.49108 0.173254 -0.0802975 
0.307984 -1.29785 -0.671322 -0.459975 2.30259 0.671656 0.757073 -0.273343 0.303929 -0.0200362 0.985742 0.455459 
0.21626 -0.968003 -0.932895 -0.988989 1.48935 0.554496 0.504272 -0.572055 0.100662 -0.0949953 1.29796 0.281405 
0.0475778 -1.056 -1.43036 -0.360487 0.259871 1.23017 0.826278 -0.965766 0.505244 0.0410004 0.722966 -0.16205 
0.23618 -0.911291 -0.860586 -0.429885 0.487479 0.204451 0.470512 0.0899257 1.28822 0.153646 0.554652 -0.290343 
0.77726 -0.708152 -0.558515 -0.542997 0.704376 -0.838268 1.20623 0.257198 0.854388 0.00656877 0.429827 -0.108879 
0.940564 -0.409374 0.011004 -0.111899 0.947797 0.430072 0.767107 0.912908 1.43092 -0.0391344 0.0676549 -0.0756649 
1.01723 0.0545211 0.49922 1.53796 0.95513 1.86784 1.30256 1.11499 2.11217 -0.189143 0.387595 -0.0337832 
1.92773 0.422994 -0.241581 0.266863 0.825087 2.17445 0.451459 0.319139 2.03682 0.888648 -0.0190636 -0.357105 
2.27245 0.696904 -0.731204 0.0655598 0.902005 1.99869 0.387129 0.0359102 2.15278 0.87076 -0.156611 -0.538344 
2.38187 1.12408 -0.851531 -0.308094 1.33332 1.2493 0.687175 0.407565 1.90257 0.700409 -0.185662 -0.589275 
2.39036 1.28994 -0.18021 0.267132 1.29643 0.795376 0.918288 1.02456 1.19628 0.912527 -0.207845 -0.562013 
2.3909 0.923233 0.285085 0.562457 1.46873 0.955064 1.46709 0.379434 1.50315 0.888635 -0.398529 -0.613501 
2.35806 0.825585 0.251043 0.829539 2.34163 1.32169 1.53606 0.541903 1.39576 0.578902 -0.677026 -0.640387 
2.24291 1.11964 0.466079 0.37393 2.17287 1.011 1.29641 1.1955 1.37615 0.706779 -0.601172 -0.607774 
2.35618 1.22509 0.614935 0.0326173 2.08865 0.808246 1.8684 1.6821 1.19652 0.290057 -0.670614 -0.452843 
2.46174 0.904152 -0.409349 0.52667 2.43939 1.48517 1.46615 1.02261 1.55226 0.414557 -0.625536 -0.575541 
2.37324 0.950262 -0.113876 0.584192 2.48117 1.24346 1.50829 1.07087 1.91116 0.351406 -0.835626 -0.635687 
2.28484 0.867581 -0.0542088 0.599726 3.02514 0.972054 1.63371 0.714211 1.53747 0.138755 -0.800496 -0.394836 
2.32169 0.847857 -0.575435 0.838615 3.37373 0.907 1.75505 1.19134 1.42077 0.0175335 -0.938655 -0.415804 
2.32544 0.637024 -0.722006 1.26082 2.90163 1.44859 1.92914 1.15641 1.0312 0.233671 -0.559262 -0.417205 
2.2641 0.395639 -1.0958 1.07423 3.25222 1.38897 1.55783 0.914197 1.22331 0.187455 -0.515242 -0.301517 
2.20525 0.276843 -1.26585 0.805246 3.81303 0.576875 1.88018 0.518264 1.49664 0.273411 -0.686201 -0.26173 
2.16672 0.497361 -1.29578 0.928298 4.22739 0.887216 1.19239 0.82764 1.26043 0.687522 -0.542632 -0.276741 
2.11818 0.659427 -1.29343 1.09828 4.11627 1.20917 1.28547 0.930731 1.15549 0.668695 -0.509459 -0.266351 
2.09412 0.436735 -1.01011 1.69786 3.81763 1.61473 0.998469 0.90408 0.874077 0.289697 -0.590847 -0.291741 
2.08447 0.434795 -0.897151 1.86975 4.25889 1.13905 1.15798 0.436774 0.766149 0.507388 -0.327173 -0.169818 
2.18295 0.642865 -1.10542 1.95797 4.84956 0.597803 1.01977 0.0728493 1.16458 0.739553 -0.30396 -0.122764 
2.12787 0.51438 -0.941127 2.31902 4.94084 0.945183 0.826109 0.192526 1.04151 0.511029 -0.288256 -0.0594262 
2.12053 0.378196 -0.820787 2.08381 4.78717 1.48345 1.4676 0.271641 0.976539 0.61698 -0.140927 -0.0426421 
2.08056 0.481635 -0.771628 1.99243 4.7074 1.55589 1.36832 0.335889 1.07787 0.694488 0.034852 0.0564432 
2.05076 0.840165 -0.154785 1.9737 5.13815 1.70838 1.12486 -0.157727 0.808421 0.634812 0.0262118 0.046754 
2.19713 1.10676 -0.48841 1.56483 4.46328 1.66209 1.7919 0.734532 0.765561 0.816588 -0.232911 -0.131286 
2.24327 0.713449 -0.591631 1.83323 4.37173 1.94398 1.56812 1.31866 0.629167 0.872469 -0.118071 -0.118762 
2.27467 0.828777 -0.867293 2.03018 5.0294 2.2027 0.775441 1.24546 0.357457 0.976129 -0.233634 -0.139313 
2.09782 0.557516 -0.571146 1.45766 4.79284 1.4212 0.952773 1.03145 0.755022 0.966963 -0.251279 -0.153202 
1.96978 1.00335 -0.109055 1.6256 4.64086 2.13048 0.431008 1.04272 0.566549 0.803714 -0.267344 -0.266277 
2.09497 0.722363 0.0580579 1.75673 4.61655 2.28716 0.322573 1.25831 0.368396 0.887077 0.102398 -0.118834 
2.1382 0.987995 0.183813 1.99861 4.94865 2.15191 1.58999 0.67856 0.65136 0.890097 0.0795111 0.0326969 
1.951 0.979485 0.53509 2.17756 4.78444 2.94693 1.48065 1.08064 1.2833 0.936946 0.0816076 0.0165549 
2.03087 1.06126 0.750273 1.96399 4.29325 3.14754 1.86952 1.03408 1.66374 1.05272 0.0753864 -0.0276789 
1.86832 1.24204 0.513831 1.45327 4.06929 3.20024 2.22189 1.38433 1.28136 1.35226 0.0723848 -0.0141609 
1.8861 1.31613 1.14792 2.13637 4.41602 2.3268 1.99871 1.13919 1.92437 1.30617 -0.0635585 -0.0365785 
1.86519 1.36404 1.0988 1.72089 4.06891 2.47523 1.67535 1.72567 1.51843 1.20185 -0.197855 -0.142825 
1.75712 0.999576 0.857137 1.64007 3.72495 2.67 1.47902 1.24259 1.32424 0.992051 -0.280454 -0.16776 
1.74534 0.961553 0.447664 0.936663 3.656 2.34247 1.25704 0.461344 1.99997 0.53232 -0.281123 -0.225984 
1.83056 1.34448 0.974894 1.3148 3.11847 2.36257 1.59656 0.686454 2.34934 0.721074 -0.305848 -0.217246 
1.77652 0.99772 1.0599 1.12272 3.13952 2.46531 1.54509 1.13028 1.6683 1.29117 -0.0229425 -0.101326 
1.71645 1.19907 1.62165 1.55917 3.42647 2.14567 1.73268 1.13725 1.71744 1.11809 -0.14239 0.000459215 
1.68755 0.982516 1.22215 1.41535 3.67659 2.50065 1.62294 1.65568 1.87202 0.967227 -0.341214 -0.0847483 
1.67749 1.16893 0.458341 0.815143 3.60389 2.01289 1.80708 0.645577 1.93578 1.0447 0.00232341 -0.0516801 
1.51091 0.882833 0.413007 0.213447 3.54905 1.55479 0.938473 0.937394 2.031 0.857155 0.0579259 -0.143109 
1.51794 1.33889 0.815619 1.03454 2.93679 1.4986 0.270563 0.748071 2.48278 0.670094 0.0800021 -0.181788 
1.54078 1.39994 1.20045 1.48668 3.25898 1.31002 0.537151 0.317315 1.94871 0.780686 0.211041 -0.0239996 
1.49327 1.10203 1.25124 1.33971 2.83308 1.34774 1.7163 1.16238 1.69723 0.499142 -0.118066 0.07065 
1.41211 1.33554 1.19797 0.917484 2.99953 1.0731 1.49753 1.50651 1.16153 1.05129 0.265796 0.14562 
1.28039 1.07003 1.4359 0.258795 2.61152 1.68709 1.76053 1.52135 1.76393 1.08741 0.257359 0.136818 
1.49589 1.01934 2.08013 0.946859 2.57361 1.44605 1.26972 1.67742 1.11693 1.24172 0.407709 0.131433 
1.61115 1.34292 1.6762 1.73137 2.11826 1.22577 1.37637 1.20815 1.91548 0.736895 0.186022 0.149796 
1.44969 1.19612 1.60841 1.8059 2.6009 1.63565 1.74172 1.75738 1.72025 0.868267 -0.243715 0.0746089 
1.2867 1.28567 2.0955 1.27136 2.81946 1.90217 2.14014 1.14135 1.30177 1.22585 -0.129689 0.217019 
1.26381 1.58993 2.32421 1.98596 2.46582 1.5128 2.19324 1.00241 1.04792 0.944116 0.0865962 0.216095 
1.31141 1.57342 2.58054 2.05234 2.4759 1.42728 1.67827 1.37123 1.34939 0.652035 -0.0327794 0.187451 
1.24827 1.40491 2.12968 1.20246 3.38319 1.60631 1.08754 0.889261 1.80722 0.815676 0.431648 0.267934 
1.39796 1.57554 2.10017 1.62605 3.7869 2.67877 2.08778 0.549389 1.59042 0.902259 0.0689786 0.280875 
1.30193 1.34125 2.26175 1.53394 3.07409 2.27167 1.93481 -0.0427632 1.0556 1.18595 0.412466 0.299613 
1.16252 1.57983 2.33668 1.19255 2.69602 0.909181 1.41073 0.485172 1.00051 1.02769 0.605786 0.267188 
1.20397 1.36832 2.31729 1.60709 2.94614 1.02365 1.7166 1.21081 1.49218 0.866841 0.33829 0.30344 
1.28434 1.92027 2.21133 2.28265 2.3372 1.51777 2.15455 1.33846 1.38402 0.105853 0.707227 0.273357 
1.21298 2.0108 2.42932 1.88317 2.42619 1.34829 2.15009 1.44392 1.24251 0.518424 0.611769 0.290255 
1.27236 1.87599 2.13652 1.6743 2.07296 1.4252 1.45436 2.12042 1.43647 0.310806 0.738528 0.263561 
1.31265 1.57548 1.85468 2.27323 2.72635 1.73071 1.31689 1.46146 1.75602 0.163362 0.622398 0.281654 
1.23789 1.45437 2.3802 2.39209 2.40724 0.772294 1.31573 1.17188 1.30151 1.03721 0.466253 0.279995 
1.1694 1.50202 2.60298 1.90298 2.2951 1.60984 1.46648 1.58964 0.955529 1.18188 0.370629 0.245309 
1.18636 1.53727 2.51648 1.6473 3.01125 2.07324 1.4004 1.88646 1.46808 0.458765 0.42487 0.283842 
1.24412 1.3355 2.14148 1.9593 2.67291 1.92917 1.75735 1.83735 1.19954 0.448843 0.494046 0.300852 
1.19687 1.57383 2.2467 1.86422 2.51488 1.94079 1.90687 0.606918 1.23399 1.21442 0.330488 0.278026 
1.19984 1.66291 2.41611 2.06038 1.57105 2.11215 1.92185 1.46846 1.49266 0.360049 0.612685 0.295228 
1.26645 1.32016 1.88502 1.42833 2.32241 2.03452 1.87811 1.27342 1.32797 0.491306 0.638578 0.301925 
1.23855 1.48005 2.01509 1.25526 2.40905 1.49134 1.69164 1.43402 1.29504 0.336412 0.599035 0.257769 
1.21009 1.57561 2.21091 2.32096 1.1213 2.33882 1.63083 0.89417 1.31778 0.316041 0.530114 0.240203 
1.24849 1.48022 2.2147 1.83726 1.70849 1.47652 1.9731 1.16317 0.711599 0.614809 0.378776 0.182576 
1.12943 1.7574 2.24029 2.38835 2.63241 0.782178 1.41001 0.902775 0.753497 0.0287362 0.815648 0.176933 
1.14606 1.56138 1.69957 2.16929 2.20142 0.306454 1.91771 1.26201 1.68784 0.467782 0.463146 0.274711 
1.21152 1.4194 2.17197 1.5535 1.78492 0.975341 2.26049 0.594647 1.45386 0.655609 0.307404 0.243332 
1.10287 1.38743 2.74952 1.48266 2.24628 1.52359 1.33361 0.510499 1.46616 0.118377 0.35005 0.251841 
1.15319 1.42169 2.17573 0.989048 1.90455 2.22224 1.94606 0.69089 0.949817 0.858356 0.540678 0.255987 
1.10042 1.35803 1.86222 1.11997 2.36484 1.02583 2.20917 1.06748 1.02006 0.933804 0.861254 0.275822 
1.10695 1.57399 2.1148 1.19089 1.48181 0.633713 2.50436 1.11071 1.67015 0.45777 0.978425 0.281702 
1.11802 1.7315 2.8492 1.70026 1.74249 0.533924 1.30847 0.757076 1.42944 0.702851 0.731583 0.34041 
1.24265 1.66027 2.96507 1.06665 2.41142 0.790655 1.71854 1.17319 1.04164 1.2936 -0.0646299 0.246076 
1.07722 1.32126 2.38081 0.973825 2.5138 1.48267 1.03002 0.707482 0.941503 0.988993 0.391431 0.170576 
1.03892 1.36265 1.59767 0.622104 1.84546 1.01744 0.503049 0.735126 1.44298 0.263067 0.261032 0.095057 
1.03092 1.02817 2.43367 0.474265 2.26501 0.668915 0.715801 1.2875 1.58001 1.1446 0.530189 0.200184 
1.04707 1.34504 2.19315 0.436648 2.81999 0.429628 1.39044 0.916175 1.29134 0.512283 0.577417 0.273399 
0.975775 1.24064 1.74702 1.48714 1.58806 0.334269 0.716661 0.700874 1.07781 0.27927 0.223064 0.0676431 
1.06205 1.62118 1.86099 1.73047 1.61852 0.0728205 1.85119 1.18988 0.515992 0.940616 0.352709 0.204281 
1.05781 1.33633 1.91678 1.32384 2.08715 0.380474 1.98255 1.05971 0.712287 1.41534 0.734431 0.220276 
0.986919 1.38116 1.52539 0.622593 1.07952 1.30564 1.9285 0.867306 1.30664 0.926073 0.959188 0.0969635 
0.949824 1.5089 1.43475 1.00397 1.77307 1.36016 1.0103 0.538903 0.883781 0.0218646 0.854374 0.106772 
1.14036 1.67027 1.89859 1.08211 1.2218 0.383408 2.12545 1.25979 0.589322 -0.284589 0.62165 0.0773162 
1.17507 1.67058 1.46274 1.18621 1.19124 1.44905 1.74023 1.17117 1.13045 0.0273747 0.742888 0.149332 
1.08875 1.58646 1.83739 1.43497 1.94603 1.8135 1.28976 0.248523 0.864519 1.05144 0.668162 0.220277 
1.06438 1.57561 1.87183 1.05502 1.45368 1.77715 1.4531 0.318492 0.898415 1.12109 0.722271 0.218324 
0.968284 1.78292 2.26804 1.17889 0.657071 1.06372 1.64965 0.951077 1.43917 0.641611 0.62451 0.163169 
0.875413 1.746 1.72035 1.53202 0.637976 0.493836 1.42582 1.93092 1.486 0.108859 0.86665 0.106975 
0.84572 1.9268 1.13084 1.53545 1.42991 0.146595 1.63143 2.06016 1.06054 0.625354 0.454437 0.169147 
0.92243 1.83942 1.55143 1.45473 1.85543 0.517299 2.13216 1.13297 1.29934 0.26611 0.636922 0.135639 
0.920999 1.57203 1.83917 1.42321 2.28912 0.823893 1.79706 1.19756 0.987151 0.210536 0.932589 0.160848 
0.94019 1.36748 1.97677 1.39029 1.19869 1.11752 0.544403 1.26268 0.778196 0.852167 0.799274 0.110057 
0.929274 1.24191 1.9898 1.45193 1.44799 1.35842 0.854258 1.0936 0.51781 0.485156 0.451789 0.0965465 
