0.68716 1.14173 1.17505 0.779984 2.28173 0.765298 0.962006 0.640965 0.716115 0.0302411 0.0941322 0.0716554 
0.498901 1.03451 1.36376 0.307832 2.19598 1.7919 2.19667 1.04817 0.944292 0.0803096 -0.354295 0.231688 
0.540463 1.20741 1.25198 0.67969 1.0575 1.59556 1.51061 0.737401 0.69334 0.825323 0.202873 0.0255008 
0.498376 1.35256 1.33108 0.386153 0.827243 1.34153 0.533966 0.10838 0.836231 0.558316 -0.359081 0.0926478 
0.537031 1.48698 1.42427 0.876862 0.788341 0.869786 1.04159 0.656749 0.192305 0.725962 -0.331246 0.109646 
0.566185 1.25764 1.42512 0.626592 0.52661 0.6649 1.37044 0.926718 -0.0300369 0.419896 0.160076 0.00290527 
0.589201 0.833619 1.15783 0.854346 0.71574 0.801842 1.28149 1.40048 0.514302 0.902738 0.241119 -0.101279 
0.643122 0.672096 1.87078 1.32017 1.24747 0.590653 1.79216 0.769222 0.90247 0.217064 0.599326 0.0375154 
0.736657 0.530458 1.70654 0.771061 1.16874 0.810097 1.66546 0.829938 0.481164 0.466794 0.594413 0.0137234 
0.767078 0.896816 1.00474 1.09352 1.04417 0.76423 1.31358 1.09325 0.307148 0.0223056 -0.000331418 0.135615 
0.60869 0.933073 0.800163 0.707854 1.63098 0.796846 0.335548 2.02864 0.247494 0.188985 0.277042 -0.152259 
0.580883 1.11139 1.46759 1.077 1.14399 1.42055 1.00499 1.15723 0.373692 0.825605 0.16361 -0.0486461 
0.589954 1.03828 1.19124 1.31849 1.36489 1.14325 1.09126 0.904627 0.436139 0.450217 0.0361015 0.0947434 
0.64491 1.21809 1.16776 1.07478 1.39464 0.795961 0.168576 0.725216 0.804252 -0.244612 0.369541 0.0207386 
0.715917 1.05557 1.22339 0.997824 0.793289 0.313941 0.0287117 0.858052 0.701813 0.37334 -0.139605 0.076513 
0.72187 1.00768 1.85385 1.60316 1.21314 0.884748 0.955875 0.610497 0.791287 0.218845 -0.281961 0.0354649 
0.761381 0.998825 1.71377 0.855586 1.40656 1.9265 2.05583 0.629828 0.19274 0.422569 -0.123097 0.139257 
1.21639 1.07471 0.963161 -0.485827 1.16674 2.05994 1.3077 0.475699 -0.0653105 0.664524 0.528453 0.079383 
1.64992 1.59857 0.474458 -1.50598 2.49562 1.78874 1.4635 -0.200879 -0.778985 1.05507 -0.0771605 0.0511325 
1.65554 1.61732 1.07202 -0.827606 2.07372 1.8061 1.23356 -0.0676051 -0.205209 0.957513 0.149343 0.103734 
1.86674 1.78935 1.45265 1.12545 0.539507 1.12789 0.349237 0.474443 1.59036 0.914052 0.382188 0.112196 
1.97257 2.28665 1.14586 0.878692 2.55582 0.169676 -0.702374 0.208552 1.78085 1.10924 0.304666 -0.148821 
1.94074 2.5131 1.72156 0.675898 3.19031 -0.212973 0.375867 0.115985 1.9704 0.887711 0.205346 0.0524329 
1.84437 2.549 1.63628 1.1194 3.40544 -0.323687 -0.063329 -0.468423 1.91565 1.01763 0.23224 0.0362251 
1.82814 2.59393 1.8736 1.4817 3.2519 -0.109077 0.217211 -0.00469225 1.70326 0.482526 0.101721 -0.00500437 
1.83818 2.63409 2.04495 1.29739 2.62376 -0.0060479 0.606024 0.698024 1.263 0.437734 0.138472 0.0517998 
1.93466 2.50819 2.46326 1.0162 2.7936 0.47053 -0.473618 0.682766 1.57043 0.455933 0.344284 0.047277 
1.80381 2.76165 2.75925 0.543319 3.18692 0.821079 -0.225629 0.460669 1.80923 -0.27548 0.574383 0.0653236 
1.66456 2.8966 2.52444 1.19943 3.15372 1.01435 0.158467 0.744559 1.65683 -0.0634559 0.493269 -0.0199525 
1.69049 2.83548 2.42514 0.984444 3.45801 1.11005 0.78583 0.340168 1.55763 -0.143438 0.423875 0.0320432 
1.83318 2.76548 2.547 1.055 3.19199 0.573459 2.40744 0.423331 0.743616 -0.254357 -0.00338053 0.164795 
1.728 2.73504 2.85457 1.43128 3.53491 0.843212 1.59913 0.266058 0.550301 -0.321966 0.19061 0.114727 
1.71355 2.94907 3.1379 1.5627 3.26695 1.165 1.06725 0.847752 0.456994 -0.865352 0.432844 -0.0588097 
1.82921 2.95041 2.94749 1.46456 2.47813 1.76528 1.23952 1.3674 0.34294 -0.849186 0.389004 -0.0553677 
1.89672 3.07847 2.79317 1.7652 2.79685 0.890718 1.88175 0.547381 0.429559 -0.312739 0.144039 0.0604776 
1.78446 2.87998 2.99556 2.1997 2.47294 1.52112 1.17782 0.694346 0.274975 -0.150594 0.277566 0.0483488 
1.64419 2.96448 3.08311 2.22269 3.16662 1.1812 1.11631 0.320057 0.671272 -0.0353294 0.287569 0.0730052 
1.65984 2.87676 2.80012 2.40426 3.12315 1.29216 1.62409 0.0454788 0.458211 -0.0029232 0.316621 0.105133 
1.75823 3.01352 2.83969 2.23234 3.2245 1.30915 1.57448 0.0126309 0.65562 -0.139577 0.312995 0.110806 
1.80494 2.98091 3.2128 2.28889 3.39714 0.930321 1.5148 0.307701 0.598271 -0.382025 0.260564 0.0960064 
1.76806 3.21283 3.57858 1.78252 3.0615 1.21193 1.66573 0.881117 0.419667 -0.753898 0.44 -0.0136694 
1.65898 3.10305 3.85407 1.86326 2.88742 2.0864 1.19121 0.516977 0.752831 -0.467235 0.436024 0.057968 
1.6461 3.11247 3.57437 1.2843 3.82749 2.17558 1.93087 0.593947 0.648701 -0.580885 0.490846 0.0870677 
1.72708 2.93131 3.36334 1.89379 3.81831 1.24919 2.33217 0.206622 0.742687 -0.511733 0.293322 0.159392 
1.68669 2.85394 3.46559 2.72769 3.67777 1.9838 0.904136 0.1422 0.620763 -0.204172 0.27303 -0.0224398 
1.71588 2.94789 3.11636 2.39538 3.52 1.56911 1.16015 0.69764 0.679065 -0.273303 0.3499 0.00971341 
1.7011 2.97782 2.84929 2.81882 3.23408 2.04986 1.52638 0.712917 0.330651 -0.06514 0.328473 0.0167408 
1.68105 3.03781 3.33112 3.04317 3.30947 1.62712 0.852947 0.417888 0.769073 0.0555162 0.124575 -0.021046 
1.62643 2.91995 3.47201 2.4422 3.39258 1.63451 1.27411 1.06578 0.405365 -0.19833 0.35516 -0.0314003 
1.48698 2.73834 3.07937 2.7876 3.27689 1.60986 2.04314 0.571574 0.816764 0.0792502 0.372817 0.073478 
1.51975 2.77775 3.45156 2.50737 3.41999 1.49907 1.75285 0.423345 0.664253 -0.0214601 0.372377 0.0807866 
1.58079 3.06316 3.71397 1.866 3.81342 1.55569 1.84671 0.555657 0.600745 -0.390118 0.448628 0.0550437 
1.61252 2.87568 3.22296 2.93059 2.81581 1.8379 2.04423 0.597872 1.16414 -0.0100361 0.42438 0.0961252 
1.5825 2.55316 3.08962 2.70284 2.5551 1.82167 1.67863 1.22005 0.873146 0.329711 0.321757 0.120587 
1.67484 2.80359 3.48646 2.98316 3.27086 1.3371 1.46708 0.185634 0.410871 0.0725388 0.120055 0.0117056 
1.6707 2.83905 3.44555 3.06728 3.18741 1.89699 1.15388 -0.170371 0.343162 -0.370163 0.197045 -0.0840784 
1.74587 3.04654 3.49023 2.78449 3.57428 0.978931 1.26798 -0.477165 1.02964 -0.166079 -0.0751691 0.00156024 
1.59406 2.73254 3.36897 2.55056 3.21452 1.18485 1.85682 -0.179984 1.11953 0.030313 0.0726323 0.0930059 
1.6682 2.662 3.27472 2.31431 2.90591 1.722 1.24043 1.1545 0.264996 -0.18519 0.326807 -0.00756529 
1.74439 2.43319 3.02154 2.02201 2.49271 0.73972 1.86804 1.38942 -0.335323 0.0902136 0.203509 0.0228588 
1.5101 2.33023 2.85622 2.0673 2.05515 0.985138 1.5748 1.20268 0.389231 0.187926 0.116455 0.0055581 
1.48322 2.3386 2.98036 1.37944 2.53214 1.27161 1.71891 1.13481 1.16661 -0.355318 0.180438 0.0289325 
1.6635 2.33604 3.4282 1.6189 2.72538 1.73862 1.14627 1.18233 0.788139 -0.634325 0.400423 0.0556262 
1.50185 2.21766 3.17265 1.95972 2.00311 1.2925 1.41708 0.805428 0.507812 -0.0546382 0.293001 0.0438541 
1.41983 2.20716 2.51466 1.8545 2.66835 0.922635 1.12221 1.19706 0.888347 0.57387 0.0437856 0.0751233 
1.52627 2.24459 2.318 1.91181 2.06777 1.18977 2.13541 0.421204 1.05326 0.417835 0.0752766 0.068675 
1.57251 2.30792 3.29679 1.91133 1.99261 1.04549 1.51819 0.510783 0.95369 -0.330473 0.264688 0.087323 
1.54396 2.00288 3.28108 2.57605 1.88656 1.28443 1.43334 0.14645 0.614162 -0.0588249 0.192819 0.0423053 
1.56059 2.07367 3.34192 2.34581 2.26393 1.49484 1.27222 0.793304 0.642184 0.104541 0.339596 0.123366 
1.56117 2.35288 2.89104 1.97819 2.25421 1.22927 2.08832 1.41181 1.42285 0.466311 0.356128 0.223162 
1.51675 2.16281 2.84353 2.07832 2.81738 1.49993 2.61934 1.72948 1.75772 0.549414 0.170809 0.255037 
1.4826 2.19078 2.8818 1.60062 2.72547 1.99604 2.05796 1.90189 1.27991 0.686595 0.272366 0.209502 
1.4513 2.54173 3.21771 1.69356 2.81262 1.66445 2.32273 0.688652 0.863309 0.450878 0.403962 0.245881 
1.51917 2.43551 3.07918 1.71053 3.02879 1.44612 2.39476 0.743209 0.583711 0.334211 0.470116 0.25579 
1.56597 2.08175 2.69781 2.20388 2.33409 1.22986 2.22848 0.903299 1.31204 1.02241 0.301174 0.269327 
1.40783 2.41579 2.45013 1.64336 2.4682 1.97876 1.91681 0.763604 1.89004 0.887194 0.21172 0.289971 
1.29713 2.34931 2.61078 1.40011 2.52721 1.91558 1.59901 0.902034 1.36821 0.673933 0.239806 0.246313 
1.28539 2.13278 2.61162 1.35539 2.55612 1.69893 1.41294 1.08178 0.831488 0.227914 0.318514 0.108774 
1.36889 2.11568 2.6075 1.61421 1.98007 1.39638 1.80806 1.53582 0.991315 -0.0183362 0.321144 0.0839954 
1.27594 1.99413 2.50122 2.47173 2.40192 1.0779 2.39855 1.05336 1.67454 0.0056487 0.422695 0.23769 
1.4006 2.15469 2.60116 1.66862 2.2584 1.35876 2.28617 1.8137 1.85108 0.600835 0.227591 0.246641 
1.36696 1.87527 2.54283 1.65128 2.4951 1.29445 1.84184 0.644705 1.996 0.800761 0.355371 0.358442 
1.37727 1.92572 2.535 2.1679 1.89887 1.04218 1.95777 0.459384 1.84173 0.651842 0.394668 0.292709 
1.30743 2.08204 2.76176 2.36521 1.94167 1.05953 2.4071 1.45788 1.71412 0.740765 0.203323 0.29201 
1.35424 2.11288 2.76987 1.80388 2.92651 1.64207 1.80309 1.46427 1.43149 0.278279 0.489095 0.254531 
1.40395 2.17027 2.93789 2.53441 2.60464 1.34699 1.98613 0.379385 1.06363 0.36214 0.484447 0.215607 
1.33086 2.09547 3.59209 2.61747 2.53544 1.28356 1.32212 1.27359 0.642665 0.650673 0.281021 0.158867 
1.22857 2.02916 3.0114 1.81747 2.82984 2.02394 1.25453 1.29089 1.35615 0.412741 0.308325 0.215061 
1.23925 2.04288 2.59394 1.69474 2.21604 1.14688 1.31491 0.406809 2.31074 0.560081 0.29457 0.33849 
1.20262 1.9272 2.48698 1.88209 2.24151 0.0296682 1.79993 0.744103 2.31243 0.468449 0.384644 0.402941 
1.16741 1.84506 1.84532 1.82142 1.47425 0.478118 2.9847 1.35376 0.797247 0.458701 0.677856 0.217543 
1.28804 1.84499 2.12841 1.63891 0.921427 0.203665 1.86185 1.46814 0.957328 0.418188 0.664589 0.187097 
1.26171 1.84262 2.73578 1.50417 0.92603 0.875139 1.12008 0.910093 1.47801 0.444144 0.30785 0.188449 
1.20306 1.76681 2.66618 0.878604 1.96015 1.33435 1.52642 1.1076 -0.072831 0.50336 0.340769 -0.00170138 
1.13372 1.68331 2.43842 1.36929 1.79659 1.03165 1.94234 0.812383 0.468909 0.567128 0.432415 0.12065 
1.16689 1.83734 2.18305 1.96649 1.49424 1.5278 1.73529 0.584708 1.16425 0.897945 0.491592 0.236847 
1.16819 1.84498 2.21175 1.34872 1.38975 1.46721 2.55892 0.901904 1.03006 0.472986 0.712462 0.2087 
1.23347 1.82113 2.54583 2.3284 1.248 2.03861 2.2429 0.402973 0.917408 0.639151 0.326021 0.137357 
1.27224 1.87401 2.75432 1.78299 1.98934 1.35115 1.98487 1.2885 0.916189 0.87712 0.150402 0.19486 
1.0188 2.01791 2.79026 1.63585 1.82932 1.04916 2.16905 1.13266 1.32216 0.563879 0.267072 0.255273 
1.05425 1.84989 2.66232 1.26558 1.60881 1.22711 2.06404 1.08307 1.34613 0.765541 0.295923 0.252999 
1.08749 1.73719 2.50062 1.10075 2.04333 1.12584 1.29197 0.820429 1.37618 0.549532 0.744701 0.27485 
1.05844 1.98768 2.25743 1.48796 2.53679 1.27894 1.49255 0.642424 1.65838 0.109448 0.47155 0.193783 
1.08249 1.39659 2.46423 1.78201 1.88632 0.904073 1.2499 0.545519 1.3814 -0.0183939 0.408346 0.154642 
1.07429 1.57428 2.16754 1.35073 0.668242 -0.0615746 1.39252 0.374994 0.958509 0.780672 0.150596 0.0954616 
1.1652 1.59473 1.68532 0.971301 0.554695 0.415198 1.0702 -0.338952 1.40222 0.482932 0.0601104 0.0532327 
1.15003 1.21123 1.36407 0.806668 2.0584 1.01488 1.09262 -0.600489 1.37169 0.156451 0.297884 0.136221 
1.16706 0.361017 0.695394 1.54913 3.28361 1.84203 1.02751 -0.746284 0.596811 0.354506 0.188231 0.0850408 
1.09504 0.681837 1.66599 1.24466 2.65402 1.47614 0.904627 0.453791 0.922671 0.136024 0.374097 0.0899462 
1.02159 1.30824 2.19698 1.18747 1.12384 0.608413 1.27365 0.154589 0.818086 -0.119133 0.355227 0.0136155 
1.01866 1.84433 2.17079 0.710301 2.08086 0.965472 1.37376 0.264437 0.649614 0.334323 0.296362 0.135653 
1.02032 1.32114 2.42382 1.07483 1.78664 1.11836 1.19905 0.210029 0.814857 1.12307 0.598175 0.17855 
1.13674 1.1033 1.81526 1.47795 1.30744 0.642401 1.28427 0.460951 1.53907 1.02929 0.221818 0.147287 
0.973782 1.25421 2.09697 1.75986 1.35666 1.30465 1.40988 -0.28532 0.989082 0.867715 0.677422 0.102513 
0.990328 1.07418 2.03054 1.9931 1.69758 1.34666 2.22711 0.309794 0.907459 0.455352 0.262319 0.148696 
0.828599 1.37567 1.95081 1.54303 1.70556 0.732646 1.75072 0.693471 1.32846 0.422456 -0.255864 0.22996 
0.954617 1.31998 2.28484 0.984921 1.94479 0.6089 1.25342 0.372855 0.846738 0.383599 -0.392818 0.1159 
0.947089 1.2676 2.21784 0.803904 1.88317 1.22537 0.808717 0.678714 0.627448 0.701114 0.137804 0.106101 
1.0469 1.64811 2.24849 1.17379 1.26208 1.3154 0.659432 0.679528 0.403196 -0.317621 0.479192 0.0449314 
0.890403 1.38254 2.25336 1.76811 1.60255 0.666943 0.369051 0.848632 0.0226245 -0.144722 0.212984 0.00371378 
0.791654 1.2195 2.79376 1.56702 1.43725 0.987049 0.313862 0.743406 0.996956 0.35979 0.0161192 0.14423 
0.803753 1.29917 2.25462 1.55072 1.40827 0.572251 0.408419 0.971077 1.76438 0.0451334 0.155694 0.159069 
0.927371 0.995566 2.10348 1.63506 0.283467 -0.0672074 0.725664 0.0580875 1.00486 0.0758181 -0.0929193 0.0398657 
0.908683 1.09305 1.84173 1.06649 0.823546 0.041816 1.10268 0.0632831 0.676252 0.0215095 0.186509 0.0320328 
0.84577 1.25663 1.65355 0.956798 0.647576 0.349402 0.807643 -0.308001 0.34997 0.230775 -0.0663221 -0.0143518 
0.965629 1.23026 1.69188 0.94334 0.549745 0.492323 1.33264 0.226908 0.364933 0.547653 -0.0781128 -0.00943247 
0.916797 1.14722 1.41175 0.911526 0.692819 0.849341 1.28376 0.874982 0.672986 0.585402 -0.244647 0.0272699 
0.853673 1.31039 1.73298 1.64353 1.54935 1.02934 0.342401 0.349294 0.539531 -0.0773251 -0.151557 0.0480189 
0.773236 1.63309 1.60366 2.19385 1.35854 0.960857 0.816811 0.817658 0.775046 -0.267114 0.580715 -0.0206638 
0.700766 1.56675 1.73357 1.93942 1.33475 2.10588 1.18907 1.02304 0.601729 -0.112839 0.430585 0.060948 
0.791135 1.42672 1.35247 1.21521 1.48805 1.55024 1.32258 1.08062 0.0335399 -0.737248 0.678887 -0.0143092 
0.835276 1.64376 1.30728 1.30165 1.85462 0.849985 1.9296 0.960755 0.186731 0.0633372 0.300384 0.0750856 
0.868834 1.61661 1.67772 0.851594 1.87598 0.682891 1.77529 0.504685 -0.314984 0.372494 0.315341 0.0433345 
0.78365 1.44753 2.13304 0.865104 1.98651 1.0787 0.325198 1.04951 0.443797 0.414455 0.155864 0.0204625 
0.846894 1.36125 1.78693 0.890996 1.2447 0.818478 0.132809 1.32842 1.13735 1.00943 0.304292 0.100882 
0.790612 1.36169 1.35459 0.906431 1.39947 1.41187 1.15273 1.24895 0.240124 0.293901 0.529608 0.0129088 
0.752776 1.43832 1.75472 1.15016 1.04469 0.827014 0.449403 1.15874 0.789371 0.710638 0.609595 -0.0210989 
0.750119 1.30231 1.59886 0.745592 1.56779 0.500112 0.888923 1.11943 1.00354 0.32933 0.54547 -0.021067 
0.699414 1.04949 1.4922 1.16254 1.29859 0.37978 0.801016 0.725079 0.734631 0.551606 0.499774 -0.0402555 
0.618282 1.33058 1.64563 1.43445 1.0966 0.501322 0.99479 1.2113 0.10059 0.861111 0.363397 -0.00366335 
