0.874967 1.28406 1.91094 1.37653 0.774602 1.06602 0.704375 0.433973 0.54869 1.07108 0.429777 0.0572947 
0.918161 1.22069 1.42807 1.25503 2.1039 1.05625 1.02217 0.668059 0.589706 0.287608 0.678971 0.104456 
0.884555 1.42837 1.54404 0.795232 1.78583 1.47899 0.963189 1.07913 0.957175 0.776455 0.160784 0.122485 
0.741191 1.42755 1.85329 1.04025 0.535711 0.815913 1.6673 0.708065 0.6308 0.132065 0.497182 -0.0328508 
0.726395 0.921795 2.10449 1.32904 0.898379 -0.0327216 1.89512 0.799708 0.354824 0.453307 0.651587 0.0461843 
0.738516 0.596022 2.06172 1.34473 -0.200521 -0.209468 1.9847 1.36591 0.427226 0.70677 0.96446 -0.0346105 
0.688144 0.446305 2.48944 2.38344 -1.00239 0.107997 2.33205 1.97453 0.0151122 0.940915 1.02936 -0.0624417 
0.459043 0.125581 3.16441 1.87429 -0.260276 -0.089242 2.71933 0.9697 0.217294 0.809439 0.977737 -0.158512 
0.191586 -0.068782 3.52875 1.40912 -0.188272 0.860471 2.55064 0.39305 0.367485 1.06301 0.253099 -0.150394 
-0.0653227 -0.503627 4.10178 1.24762 -0.719464 -0.153728 2.92446 0.748396 0.100294 0.75838 0.29901 0.028348 
-0.380357 -0.463634 4.04939 1.47616 -0.904173 0.314673 3.05176 0.0230867 -0.177113 0.408939 0.320818 -0.114319 
-0.228133 -0.793941 3.88831 1.21246 -1.15626 0.510016 2.81386 -0.209887 -0.716341 0.365329 0.0504176 -0.41682 
0.0573755 -0.639691 3.86162 1.35759 -1.12044 0.304961 2.68359 0.0818852 0.409473 0.991506 0.272556 -0.293958 
-0.0830067 -0.655279 4.25305 1.56525 -1.90477 0.204573 2.78867 -0.176943 0.65316 1.0552 0.263917 -0.168243 
-0.281615 -1.01501 4.432 2.26472 -1.60424 0.901361 2.54283 -1.41099 0.847952 0.932889 -0.183109 0.044235 
-0.169248 -0.810349 4.19509 1.28329 -1.39145 0.329705 2.21355 -0.25113 0.673645 0.606203 -0.220254 0.285776 
-0.0700821 -0.517198 3.60256 0.562795 -2.03936 -1.34141 2.14557 0.736038 0.351142 0.392919 0.680538 0.164627 
-0.0533922 -0.972849 3.86603 1.47735 -1.61547 -1.04643 2.39244 0.0530913 0.65996 0.177189 0.805943 0.239454 
-0.332281 -0.856114 3.89816 0.930585 -0.977975 -0.721782 2.08576 0.552574 -0.274533 0.448842 0.80222 0.0478896 
-0.538249 -0.552394 3.85843 -0.236071 -1.43976 -0.449222 2.0067 0.788354 0.162496 0.853695 0.751206 -0.0552519 
-0.490336 -0.837655 3.48665 0.604063 -0.835587 -0.00706568 2.27368 0.376901 0.791676 0.470755 0.535818 -0.112947 
-0.60434 -1.25549 3.85547 0.1173 -1.19777 0.274431 1.93907 0.560998 0.758321 0.549453 0.316117 -0.121973 
-0.598728 -1.0011 4.34863 -0.565355 -1.51166 0.0842458 1.76356 1.02146 0.444606 0.500768 0.50853 -0.138903 
-0.447559 -0.455853 3.99536 0.250167 -1.14533 -0.303072 2.91588 1.2001 1.10302 0.529044 0.483747 -0.0860053 
-0.430644 -1.02666 3.33594 0.242007 -1.25114 -0.869858 2.93489 0.765936 1.07209 0.775661 0.399085 -0.0622873 
-0.551314 -1.1365 2.31317 0.490278 -1.20234 -0.74472 2.30724 0.958196 1.10906 0.514571 0.344996 -0.171549 
-0.567241 -1.30546 1.88484 0.700255 -0.357155 0.0921959 1.67695 0.85592 0.782289 0.847847 0.000645239 -0.214394 
-0.282511 -1.01686 1.46723 0.672339 0.23076 0.521894 1.23074 0.0445076 0.799564 0.429871 -0.127606 0.0143661 
0.0601778 -0.890451 2.04787 0.69257 -0.587566 0.0059356 0.934775 1.32637 1.05231 -0.115172 -0.490496 -0.103506 
0.394946 -0.816274 2.3502 0.844778 -0.743284 -0.157277 1.62573 2.03325 0.423476 0.466368 -0.467142 -0.464013 
1.22211 -0.0593639 0.877741 0.429366 0.0203025 1.36527 2.72012 -0.238007 0.839057 0.939914 -0.148998 -0.5956 
1.7997 -0.110605 -0.255505 0.823939 0.481311 1.04072 2.57319 -0.687841 1.31717 0.914938 -0.239027 -0.751235 
2.04003 -0.513237 -0.609584 0.656252 1.65139 0.76663 1.78928 -0.790559 1.81693 0.838386 -0.584991 -0.678166 
2.00629 -0.345534 -0.751615 0.843027 1.97132 -0.0484614 1.86116 -0.120819 1.72204 0.655336 -0.667151 -0.743927 
2.11014 -0.896191 -1.11428 1.64235 1.78923 -0.293047 2.37614 -0.0370195 1.37104 0.454892 -0.512424 -0.810106 
2.13474 -1.21928 -0.888779 1.3824 2.42835 -0.159071 2.06805 0.377594 1.04243 0.477943 -0.715558 -0.670805 
2.15171 -0.73276 -0.58536 1.15194 2.30252 0.923533 0.723327 1.88198 1.39296 0.108277 -0.86323 -0.644829 
2.21776 -0.68514 -0.232702 1.04293 2.1573 1.25975 1.53104 1.48482 1.12545 0.26265 -0.717688 -0.581462 
2.05938 -0.871383 -0.0213297 1.17731 2.25712 0.653584 1.98714 1.48789 1.4651 0.242507 -0.896015 -0.423149 
1.91773 -0.648457 -0.0827952 0.895887 1.88162 1.63887 2.32443 1.97599 1.26082 -0.00687396 -0.560914 -0.252815 
1.77479 -0.897512 0.496674 0.845413 2.05447 0.931965 1.56003 2.64666 1.76999 0.0221456 -0.749077 -0.27919 
1.87816 -0.846771 -0.172554 0.913805 2.4613 0.554131 1.83758 1.99181 1.7094 -0.158996 -0.770062 -0.13207 
1.87654 -0.326299 -0.215054 1.42232 1.83008 0.905282 1.81894 2.11509 1.50274 -0.354638 -0.729778 -0.197382 
1.93072 0.131351 0.176236 1.49985 1.54833 0.571849 2.13609 1.80509 1.70522 0.084315 -0.648658 -0.302964 
1.96989 -0.043864 0.163595 1.81459 1.70873 0.388002 2.41666 1.49486 2.16243 0.227481 -0.709812 -0.283843 
2.02954 -0.433505 0.137641 1.43922 2.57631 0.701866 2.35994 2.45754 1.8115 0.25437 -0.719748 -0.176033 
1.88088 -0.374301 0.250527 0.85503 2.33456 1.6296 2.57671 2.46649 1.80804 0.611063 -0.298084 -0.165892 
1.75995 -0.0760051 0.194288 1.2341 2.44998 1.47962 2.77155 1.75892 1.79142 1.05338 -0.169787 -0.204796 
1.71858 0.140094 0.688735 1.47751 1.88272 0.468922 2.88501 2.1797 1.66323 1.09704 -0.116365 -0.162806 
1.77436 0.0988299 0.382903 1.51284 1.35555 0.997805 3.04137 1.51983 1.74177 1.1597 0.0874734 -0.239113 
1.60627 -0.259102 0.459257 1.17834 2.18819 1.59079 2.34881 1.25873 2.50462 1.02539 -0.117397 -0.107219 
1.59903 -0.212734 0.363996 1.54204 2.29991 2.00007 2.09012 1.92083 1.56587 1.03453 -0.10418 -0.191722 
1.67155 0.328294 0.85913 1.29579 2.50271 2.18565 2.06334 1.78065 0.533572 0.867562 -0.2 -0.167043 
1.8511 0.306853 0.836865 1.07952 2.48757 2.01221 1.94878 1.06658 0.779847 0.706646 -0.282132 -0.206712 
1.60375 -0.13909 2.11409 0.803662 0.45263 0.762171 2.38966 0.170949 1.04606 0.836075 -0.0315809 0.132723 
0.731561 -0.410533 2.67323 1.11818 -0.346279 0.419826 3.18967 0.483452 1.70567 0.572292 0.0634015 0.0464536 
0.573931 -0.140012 2.64953 0.793297 -0.410194 1.35843 2.75459 0.37772 2.52196 0.431567 -0.0270138 -0.00142219 
0.460057 -0.45081 3.2778 1.50703 -1.32054 1.63939 3.14924 0.786061 2.22805 0.367451 -0.0491945 0.0636253 
0.346519 -0.34927 2.66403 2.00121 -1.36273 1.45618 2.72697 1.2057 1.90973 -0.104475 0.238825 -0.149158 
0.276855 -0.275183 2.48214 2.05444 -1.32729 1.62127 3.06891 0.71374 1.55063 0.0358229 -0.053746 -0.251413 
0.216856 -0.474296 2.6634 1.35763 -1.04946 1.35402 3.03167 1.04046 1.50672 0.0703805 -0.425802 -0.235184 
0.117436 -0.518604 3.07038 0.907854 -0.347476 0.975533 2.53577 1.51234 1.40817 0.510596 -0.411786 -0.392343 
0.0918336 -0.0516586 2.68059 1.84209 -1.51961 0.970334 2.73036 1.12381 1.64418 0.559501 0.0658979 -0.423737 
0.0119925 -0.17064 2.69227 1.10783 -1.03213 1.27342 2.41876 1.93871 1.25146 0.388792 -0.0981794 -0.508167 
-0.112505 -0.170112 3.12109 0.628785 -0.524678 0.717532 2.46661 1.90982 1.2135 0.365273 0.323101 -0.382759 
-0.161171 -0.131646 3.01227 1.23461 -0.653593 0.424843 3.54921 1.38674 1.51382 0.184881 0.559361 -0.19259 
-0.131897 -0.157717 3.41765 1.09465 -1.1812 1.01756 4.00521 0.931959 2.02453 0.503115 0.13952 -0.0900648 
-0.254255 -0.199698 2.95539 0.97287 -0.534201 1.46761 2.67698 1.7501 1.28207 0.359897 0.181092 -0.249677 
-0.310083 -0.069275 2.65363 1.90585 -0.614604 1.6239 3.21849 2.31824 0.999164 0.16792 0.35846 -0.224032 
-0.295199 0.0914307 2.38413 2.45025 -0.0691408 1.43476 2.7494 1.58179 0.735928 0.100201 0.367776 -0.0752774 
-0.342153 0.0159999 3.06586 1.47144 -1.26803 1.81015 3.45864 1.04776 0.625905 -0.0897653 0.0546269 -0.298624 
-0.301733 -0.0582561 2.91168 1.85285 -1.00539 1.86695 3.29716 1.47646 0.92427 0.0850653 0.396452 -0.263449 
-0.19223 -0.0188474 2.85935 2.19695 -0.238307 1.13122 3.81341 1.0796 0.909488 0.814937 0.267024 -0.180242 
-0.271102 0.152107 2.64958 2.34957 0.0612121 1.01211 3.52064 0.938962 1.24584 0.616398 0.493207 -0.350756 
-0.222219 0.09466 2.77931 1.61517 0.763113 1.34439 3.08159 0.814441 1.6213 0.511221 0.464244 -0.280515 
-0.0559284 -0.0223382 3.29313 1.04012 0.350552 1.62164 3.57976 0.715511 1.57723 0.451756 0.272554 -0.00723809 
0.00196807 -0.373506 3.48157 2.82675 -0.692773 1.35348 3.14748 1.33627 0.911746 0.31834 0.782607 -0.00522669 
0.136705 -0.734006 3.34007 3.23971 -1.39306 0.526536 4.00176 1.22563 0.917819 0.0158534 0.88681 0.0201811 
0.124209 -0.435182 3.33626 2.0358 -0.948818 0.519486 4.17664 2.68242 0.288879 0.493607 0.579667 -0.0321482 
0.302606 -0.0571754 2.92461 2.5075 -0.256874 -0.482191 2.48644 2.92965 1.42394 0.0489505 1.23054 0.0199117 
0.428374 0.104555 3.06852 2.46344 -0.378368 -0.085715 2.07182 2.05812 1.44046 0.414618 1.1403 -0.0253949 
0.436468 0.226428 3.41397 2.23439 -0.749771 0.621611 2.46788 2.23485 0.620251 0.901119 0.862859 0.00740651 
0.394757 0.405113 2.83153 2.43723 -0.0369604 0.158408 2.97633 2.03862 0.813972 0.86158 1.00425 -0.0481338 
0.334527 0.501551 2.86322 2.50164 -0.228726 0.29516 2.95229 2.0203 1.17556 0.508268 1.3173 -0.0548788 
0.485043 0.735965 2.64638 2.45763 -0.19558 0.841593 3.49774 1.88767 0.952807 0.175497 1.23527 0.0204254 
0.41631 0.390048 2.85456 2.04024 -0.0831699 1.3049 2.72486 1.74625 1.36511 0.594695 0.953505 -0.0297692 
0.45108 0.244169 2.89248 1.97457 -0.0778751 0.879509 2.32091 1.0307 2.00393 0.705724 0.948858 -0.106506 
0.532496 0.197711 3.14919 2.25369 0.10519 1.45182 2.32072 1.13519 1.10384 0.491948 0.921387 0.0208212 
0.757397 0.51273 3.28867 1.62165 0.078488 1.73012 3.23096 0.554514 0.917718 0.63653 0.685423 0.0493401 
0.655922 0.443007 2.95165 1.4934 -0.430982 1.78947 2.28261 0.536369 0.696819 0.386532 0.695985 -0.0451246 
0.545489 0.581165 2.90127 1.44709 -0.0825692 0.702748 2.43002 0.693986 0.622674 0.370646 0.737545 -0.0946573 
0.599368 0.687888 2.75879 2.41385 0.754385 0.397893 3.41783 0.465006 0.187006 0.837212 0.405537 0.0351896 
0.71197 0.64905 2.6937 2.71027 0.921359 -0.254996 3.44283 0.755803 -0.0791983 0.713585 0.563937 0.100897 
0.621239 0.677059 2.24594 2.50154 0.656998 1.2593 2.78193 1.87426 0.3793 1.08594 0.864278 0.0198394 
0.678472 0.549889 2.56828 1.83762 0.665102 0.935207 2.99779 1.26749 0.818543 1.00022 0.652911 0.0151102 
0.867536 0.30452 2.6719 2.03247 0.746595 0.692445 3.49578 1.07024 0.623184 0.669865 0.0805709 0.157745 
0.793023 0.615278 2.60728 2.12759 0.938131 1.01723 2.60244 0.814726 0.25914 0.261854 0.839757 0.0352117 
0.63777 0.409726 2.45179 2.0147 0.63825 1.02987 1.66535 0.435118 0.891912 0.13161 0.277085 0.00579592 
0.712033 0.753407 2.57416 1.82338 0.651219 0.798689 2.02542 1.43406 0.453107 0.496531 0.538449 0.0489477 
0.868655 0.539 2.68445 1.72597 0.512437 0.570117 1.45167 0.190527 0.247755 0.698527 0.797785 -0.0691595 
0.809076 0.720123 1.9021 1.28882 0.482141 0.386094 1.66716 0.49753 1.03988 0.541418 1.2481 -0.0521783 
0.801978 0.746703 1.89934 1.54567 0.0616298 0.0395729 2.29195 -0.246889 1.0558 0.162499 0.816501 -0.0239054 
0.703633 0.957162 2.50404 0.942061 0.732919 0.551466 1.84924 -0.538287 1.42752 0.81898 0.336874 0.0749538 
0.71149 1.05875 1.96277 0.785838 0.933449 0.625037 1.26829 0.438587 0.877147 0.360014 0.505754 -0.0663011 
0.774182 1.29934 1.35983 0.818793 0.451416 0.118044 1.11899 1.03492 0.632595 -0.223599 0.238381 0.0868378 
0.618747 1.05933 1.97395 1.31824 -0.196979 0.0775827 2.01549 1.04137 0.142095 0.402298 0.77292 -0.0537246 
0.675907 0.896431 2.30644 1.57453 1.06843 1.02968 1.98311 0.671285 0.211984 1.02855 0.940503 -0.110433 
0.815458 1.35839 2.20362 1.1993 1.28495 0.405155 1.83354 0.742851 1.45598 1.10859 0.53348 0.219124 
0.857351 1.36845 2.20664 1.23896 1.54876 1.0466 1.38179 1.31307 1.95485 0.65255 0.343939 0.273795 
0.815926 0.913641 1.88232 1.02204 1.69539 0.310678 2.42192 2.13399 0.515569 0.714297 0.554084 0.0897254 
0.706433 0.807687 1.25673 1.04856 0.671364 -0.128982 1.63154 1.69227 0.72604 0.177971 0.714549 -0.105186 
0.679525 0.904641 1.2856 0.512161 0.415871 -0.304394 1.35038 1.38556 0.399998 0.438745 0.77926 -0.158685 
0.700637 1.31337 2.0437 1.1089 1.06867 0.855599 2.30289 1.12571 0.724884 0.065227 0.910894 -0.0402674 
0.677389 1.1843 1.70329 0.771258 1.96212 1.01729 2.64967 1.40889 1.02332 0.155566 0.424104 0.126563 
0.770365 1.28148 1.87421 0.901174 1.17583 0.0692993 1.77049 1.69943 0.765746 0.0561928 0.349755 0.0917798 
0.723232 1.23521 2.26225 1.02027 1.0833 0.572854 1.18246 0.66933 1.03898 0.949671 0.430784 0.0988331 
