0.846501 1.13174 1.58875 0.880865 1.18915 1.51624 1.27382 0.0657107 0.457167 0.444366 0.0408004 -0.0131755 
0.821758 1.07239 1.78031 1.12643 1.03081 1.32343 2.21692 0.794807 0.392671 -0.0933685 0.503063 -0.0583016 
0.875053 1.01546 1.53944 0.630614 1.60765 0.915149 1.90683 1.01141 0.60888 0.207842 0.336218 0.0354083 
0.962911 1.06712 1.71311 0.76161 1.62504 1.05887 1.62875 0.167166 0.851299 -0.0684775 0.399911 0.147576 
1.0223 1.0375 1.51946 0.505005 1.75635 0.732481 1.27345 0.592046 0.21314 -0.502908 0.386115 0.0747233 
0.947582 1.05538 1.25849 0.845368 0.608526 1.0181 0.579074 -0.241907 0.565762 0.0847367 0.334573 -0.0390142 
0.870432 1.06427 0.810015 0.932544 0.658845 0.885352 0.664827 0.432466 0.624267 0.364794 0.676419 0.00873884 
0.8147 1.07036 1.66907 0.952312 0.661092 0.724238 1.36398 0.29262 0.96284 0.465391 0.501186 0.0108837 
0.839077 1.17967 2.38745 1.41516 0.832481 1.22893 1.34201 0.107572 0.375835 0.329331 0.449769 -0.00951897 
1.04015 0.864706 2.27289 0.353189 0.881623 1.19513 1.77626 0.628212 0.789898 0.24563 0.191924 0.0586239 
0.838812 0.527687 1.66829 0.726308 1.71574 0.449936 1.68143 1.92588 0.239948 -0.354572 0.164661 0.0172792 
0.835777 0.241865 1.78537 2.50837 0.894945 -0.857938 2.1827 1.5009 1.39379 0.127306 0.595867 0.12877 
0.639857 -0.0529535 2.6036 2.44542 0.688238 -1.12309 1.67444 1.14606 1.2642 0.0624184 0.30136 0.114597 
0.507462 -0.278282 3.04009 2.0677 -0.0544492 -0.885681 1.75564 0.912191 0.343279 0.0586696 0.0790722 -0.0666544 
0.528312 -0.128119 2.96443 2.29069 -0.937813 -0.599556 3.08136 -0.101292 0.708964 0.109332 0.39809 0.0715773 
0.411459 -0.260791 3.67226 2.29121 -0.612277 -1.11617 3.42643 0.107142 0.91142 0.304111 0.56226 0.237472 
0.129059 -0.377364 3.37095 2.19733 -0.163565 -1.21232 2.72527 0.359887 0.645248 -0.0678984 0.583984 -0.078414 
-0.00661964 -0.227124 2.94033 2.44479 0.443379 -1.85851 1.6205 0.512548 1.14923 -0.572623 0.38964 -0.193809 
-0.13088 -0.15074 2.65574 2.77409 1.9573 -1.81441 2.12549 0.7135 1.11879 -0.381279 -0.194141 0.291398 
-0.263748 0.156902 2.77669 3.48371 1.52999 -1.19302 2.8385 0.131264 1.28036 -0.116807 -0.128214 0.451371 
-0.164004 -0.00961308 2.82407 2.84679 0.761104 -1.90625 2.67313 0.521892 0.809462 -0.404432 0.0218895 0.479785 
-0.0691722 -0.245927 3.08532 3.0489 1.12371 -1.60658 2.45913 0.712117 0.747208 -0.498569 0.0165351 0.467332 
-0.132942 -0.0099837 3.54116 2.89158 0.0664352 -1.63972 2.36356 0.821647 0.248538 -0.380063 0.328777 0.13953 
-0.0252323 -0.280433 3.52476 2.01662 -0.185951 -1.40823 1.64795 1.55261 0.574182 -0.456731 0.309706 0.0470945 
0.00359567 -0.673894 3.87969 1.03153 -0.215708 -1.48837 1.39407 2.07275 0.178358 -0.211468 0.220857 -0.0564282 
-0.209696 -0.40892 3.51638 1.57384 -0.747656 -1.63244 1.88658 1.78248 -0.163216 0.277137 0.176976 0.0811379 
-0.339259 -0.578297 3.28597 2.31466 0.418756 -1.26744 3.62975 1.11232 0.33546 -0.112154 0.152355 0.256439 
-0.424817 -0.688502 4.03902 2.2218 0.0662766 -0.724424 2.96557 0.456197 0.553991 -0.426958 0.382124 0.242965 
-0.61269 -0.257211 3.79179 1.33341 -0.0353194 -1.47972 2.14756 -0.349408 0.875301 -0.195157 -0.388408 0.416352 
-0.624566 -0.249896 3.99812 2.15963 0.284888 -1.49831 2.66858 -0.684428 0.568405 0.0198911 -0.36152 0.501363 
-0.615924 -0.264947 3.58612 2.31577 -0.357234 -0.926892 2.34687 0.320212 0.102596 -0.0532449 0.287944 0.061427 
-0.445475 -0.665827 3.27411 1.74888 -0.0450598 -0.644137 2.04043 0.692071 0.279563 -0.388543 0.43832 -0.120436 
-0.485799 -0.537668 3.5518 1.93253 0.808875 -0.491883 1.48593 0.0929278 0.782591 -0.73391 0.376964 -0.0886974 
-0.675592 -0.374312 3.32165 1.50472 0.0822189 -1.20691 1.13948 0.55549 0.575125 -0.660108 0.595845 0.020855 
-0.736804 -0.198929 3.52333 1.18629 -0.507996 -0.822404 1.28698 0.972391 0.450549 0.0278444 0.747126 -0.370353 
-0.708049 -0.225079 3.52567 1.03972 0.259657 -1.60505 2.2103 0.621412 -0.00728686 0.429887 0.810406 -0.370618 
-0.714356 -0.578518 3.69955 1.96258 0.232228 -1.6332 2.59096 0.133189 0.555306 0.126667 0.401611 -0.059692 
-0.485277 -0.465546 3.50971 1.09052 -0.462734 -1.67811 3.04135 0.320579 0.963341 0.440084 0.246961 0.0673131 
-0.572368 -0.424963 3.29351 1.11804 -0.532133 -1.32772 3.3097 -0.596565 0.440573 0.509 0.195732 0.101358 
-0.474991 -0.202328 2.89456 1.9447 0.220336 -1.39433 3.19392 -0.246447 0.707635 0.0966962 0.0832684 -0.012033 
-0.298168 -0.359995 2.45387 1.15953 -0.440977 -1.44024 2.94505 1.28645 1.15519 0.29208 0.107057 -0.329913 
-0.286882 -0.398301 1.72426 1.35613 -0.869648 -1.33864 1.98513 1.18484 1.48551 0.0706082 0.082786 -0.276616 
0.134723 -0.345693 1.97626 0.801231 -1.05149 -1.04285 1.65647 -0.422787 1.73238 0.314503 0.00884205 0.0374397 
0.582442 0.662967 3.33792 1.19978 -0.485129 -0.29588 2.1717 -0.0180002 1.25161 1.23073 0.201908 0.0171851 
1.72544 0.924353 1.8695 -0.0654306 -0.160509 0.116973 2.33908 -0.076361 0.258512 1.84502 0.488676 -0.0438886 
2.09638 0.663545 1.37919 0.420833 -0.512092 -0.0482934 2.35016 -0.266625 0.71802 1.5584 0.478346 -0.0971004 
2.37725 -0.105743 0.316292 1.00177 -0.133357 0.207906 1.55406 0.152919 0.732142 0.865971 0.547403 0.102198 
2.67805 -0.335735 -0.509632 1.14323 1.2071 -0.523607 0.816013 1.01527 0.637922 0.452808 0.626229 0.339705 
2.59292 -0.322767 -0.739342 1.116 1.33463 -1.12414 1.44111 0.502733 0.973253 0.545724 0.393766 0.208925 
2.62487 -0.388715 -0.952986 1.19487 1.32491 -1.24944 1.65357 0.32487 0.892838 0.278489 0.268827 0.214602 
2.59175 -0.385705 -1.63103 1.4455 1.09139 -1.58508 1.65585 -0.133318 0.86474 -0.149564 0.477286 0.247693 
2.47514 -0.133556 -1.59625 1.55587 0.935861 -1.3146 1.33443 -1.13712 0.985973 0.0252773 0.471956 -0.194381 
2.59574 -0.204909 -1.63155 1.2496 0.804952 -1.20363 1.56926 -1.54847 0.646466 0.0465744 0.406464 -0.225072 
2.58069 -0.347317 -1.23785 1.5312 0.552421 -1.7232 1.37165 -0.753987 0.550096 -0.0475847 0.229284 -0.198045 
2.49611 0.0795828 -1.3789 1.35403 0.742838 -1.86758 1.21844 -0.638274 0.685969 -0.621884 0.217907 0.0606251 
2.6041 0.191585 -1.31724 0.912749 0.862233 -1.06571 1.29806 -1.09925 0.921004 -0.119242 0.0764454 -0.127819 
2.56576 -0.0757727 -1.00994 0.793996 0.619632 -0.659304 1.94617 -1.47232 1.01799 0.284058 0.00842687 -0.178277 
2.7388 0.0952698 -1.32097 1.11792 0.91707 -0.70391 1.77193 -0.799767 1.01834 0.249425 0.278647 -0.0917559 
2.78793 0.366354 -1.41617 0.7682 1.61839 -0.859236 1.42799 -0.421208 0.789642 -0.263093 0.0163915 0.172697 
2.58537 0.513226 -1.05505 0.953733 0.647094 -0.295449 1.93326 -1.00777 0.812334 -0.599016 0.0453465 0.042882 
2.5647 0.495126 -0.73741 1.11075 0.175493 -0.686516 2.08454 -1.17501 1.37169 -0.400319 -0.0477282 -0.0744431 
2.55506 0.367917 -0.889575 1.30269 0.845498 -0.365727 2.3064 -0.921186 0.839608 -0.569785 0.145758 0.145747 
2.60812 0.202877 -0.659785 0.831744 0.499319 -0.300802 2.29804 -1.15231 0.237278 -0.18498 0.278893 0.239494 
2.44734 0.141883 -0.592492 1.19282 0.726945 -0.441721 1.37011 -1.5057 0.474264 -0.269162 0.147993 0.169529 
2.49364 0.716505 -0.144373 1.76674 1.58755 -0.878067 1.05584 -0.680967 1.33233 0.100835 0.0793691 0.0696921 
2.23849 0.955332 -0.331294 1.43884 1.51885 -0.337555 1.75793 -0.667978 1.62686 -0.354607 0.565475 0.418668 
2.20181 0.716205 -0.644778 1.31791 1.2264 -0.159123 2.58244 -0.842246 1.39058 -0.449435 0.753479 0.407167 
2.21341 0.0482505 -0.466668 1.41993 0.793942 -0.56356 2.21364 -1.56033 1.46814 -0.0680266 0.401246 0.297588 
2.10892 0.748582 0.095307 2.29872 1.07422 -1.52859 1.66112 -1.22447 1.52321 0.515812 0.604146 -0.154011 
2.34073 0.69507 0.243978 1.83537 0.741877 -0.965597 1.98016 -1.33794 1.20264 0.579496 0.554506 -0.0312838 
2.51521 0.583813 0.0946603 1.37063 0.426653 -0.463634 2.35513 -0.976156 0.792936 0.312401 0.657841 0.36663 
2.34325 0.749069 0.119895 1.61378 0.486382 -0.720557 1.90029 -0.979814 1.74741 -0.104697 0.418856 0.319328 
2.24712 0.52334 0.116164 1.7206 0.624 -1.06554 1.99829 -1.16241 1.70332 0.0940846 0.530314 0.296642 
2.19548 1.01929 -0.143027 1.03197 1.30876 -1.08101 1.8829 -0.769429 1.55985 -0.198347 0.616563 0.480376 
2.14017 0.74898 -0.0325814 1.11485 1.39941 -1.27307 1.62927 -1.2712 1.70014 0.192593 0.424029 0.241445 
2.16066 0.636958 0.311865 1.74706 1.04825 -1.13122 2.44167 -1.07249 1.60513 0.305586 0.213736 -0.0879679 
2.15268 0.755363 0.560731 2.44395 0.5182 -1.39537 2.06401 -0.672165 2.19038 0.157331 0.0826067 -0.243014 
2.17173 0.718958 -0.0395715 1.17559 1.20238 -0.751494 2.22209 -0.925952 1.81848 -0.118547 0.215757 0.164191 
2.16492 0.388566 0.0534473 1.21762 0.787019 -1.1021 2.42299 -1.38143 1.66261 0.105573 0.16119 0.0787462 
2.27764 0.783307 0.395693 1.12473 0.596346 -0.968898 2.99015 -1.61232 0.56374 -0.248581 -0.0607652 -0.105739 
2.25271 1.06177 0.369684 0.932387 1.02028 -0.922185 2.74285 -0.966244 0.48326 -0.192743 -0.0708567 -0.0590921 
2.16392 0.937017 0.797482 1.45617 0.971049 -1.28127 2.27031 -0.283123 1.31859 -0.0874463 -0.227082 -0.068924 
2.13873 1.12177 0.953303 1.5229 1.44839 -0.535808 2.71009 -0.543316 0.960218 0.102478 -0.252706 -0.163067 
2.19273 0.656155 0.894036 1.53875 0.54918 -0.720604 3.13579 -0.555115 1.27018 0.863284 0.180316 -0.160566 
2.0881 0.660092 0.953292 1.79461 -0.0723506 -0.777893 2.7075 -0.176599 1.50297 1.24773 0.493351 -0.202226 
2.11946 0.659182 0.843154 1.82222 0.351018 -0.750497 2.66065 -0.61544 0.426655 0.0563319 0.385351 0.0341472 
1.94556 1.12612 1.02345 1.98593 1.19574 0.154497 2.83962 -0.315461 -0.663953 -1.04757 0.303326 0.187771 
2.06814 1.28029 0.855484 1.49079 2.00111 0.337057 2.16667 0.20863 -0.00693663 0.267135 0.266084 0.152301 
2.09016 1.34774 0.727158 1.30285 2.03077 1.39907 2.84592 -0.422867 -0.162924 0.253082 0.550545 0.328069 
2.0793 1.85641 0.839161 1.50108 2.43209 1.48224 1.97197 -0.372658 0.15482 -0.229518 0.287185 0.21344 
2.06168 1.65163 0.511418 1.25458 2.56346 1.53881 2.17305 -0.0600715 0.459662 -0.142949 0.238355 0.210706 
2.00187 1.21528 0.542931 0.805415 1.92225 2.01025 2.59039 0.0765816 0.81885 0.25108 0.475407 0.327752 
1.88877 1.60272 1.21284 1.07678 1.46573 2.17593 2.64113 0.1539 0.671281 0.33903 0.272895 0.171616 
2.06731 1.7692 1.87183 1.451 1.40007 1.04289 1.1619 0.465678 1.36723 0.755836 0.103677 -0.00930255 
1.94376 1.55945 1.67256 1.88201 1.57519 1.56861 1.28225 0.380848 0.373158 0.143652 0.26954 0.126558 
1.80603 1.38316 1.66367 2.28548 2.03329 2.09879 1.39055 0.31986 -0.149069 -0.0238126 0.277883 0.114373 
1.97121 1.5526 1.42246 1.50342 2.5006 1.54218 2.38107 0.619502 -0.388495 0.101914 0.335986 0.269199 
1.95451 2.09628 1.56744 1.33641 2.21355 2.15941 2.6535 -0.0880285 0.330514 0.246263 0.251961 0.209578 
1.94014 2.13841 1.51549 1.20489 1.6745 2.00514 2.14242 0.628366 0.634486 0.729294 0.344117 0.198238 
1.85188 1.97136 2.21686 1.77364 1.75562 2.48206 1.87732 1.45441 0.349391 0.683556 0.296414 0.148801 
1.75897 1.92326 2.28802 1.73426 3.16946 2.378 2.31096 1.33479 0.274412 0.14911 0.525587 0.312203 
1.68206 2.24309 2.35905 2.19297 2.95191 2.12682 3.66031 0.853424 0.241559 0.295118 0.46761 0.311686 
1.68334 1.80391 1.89994 2.22262 2.15723 2.08326 3.22783 0.651772 0.626781 0.296527 0.62439 0.316087 
1.69658 2.04044 2.13254 1.61397 2.81784 2.56995 2.50449 0.874943 0.684851 0.486356 0.417368 0.295102 
1.60652 1.95594 2.24729 1.21997 2.65768 2.88936 2.18101 1.37308 0.514224 0.197374 0.609147 0.330456 
1.61124 2.06961 2.61239 1.69276 2.9834 2.09927 2.39213 0.827899 0.953633 0.193634 0.607281 0.353802 
1.62035 2.14291 2.16761 1.64667 2.37837 1.38985 1.92209 1.49724 1.08637 0.726597 0.479208 0.273654 
1.57265 2.27666 2.40733 2.27842 2.0218 1.38215 2.4433 1.29256 1.14494 0.799979 0.340748 0.220287 
1.48613 1.95504 1.9336 1.97109 2.48949 1.81695 2.61945 1.35579 1.04025 0.00210097 0.454917 0.242414 
1.44539 1.93396 1.77659 1.72277 1.92526 1.62157 1.79328 1.05052 0.363178 0.330177 0.327717 0.136552 
1.47291 1.9351 2.09913 1.56609 1.63799 1.15201 1.55072 0.951678 -0.288891 0.125242 0.0469005 -0.0263368 
1.51207 2.25103 2.18627 1.57693 2.17419 1.85365 2.31602 0.740284 0.0611776 0.47439 0.0791961 0.111399 
1.43021 2.22068 2.03766 1.82486 1.79135 1.4749 2.05212 1.36163 0.875595 0.779922 0.468566 0.248592 
1.45988 2.3809 2.777 1.50452 2.34254 0.887647 1.86693 1.7364 1.71061 0.561633 0.414294 0.263193 
1.52275 2.48845 2.85301 1.91881 2.95654 1.82113 1.93566 0.786255 1.16465 0.27132 0.461367 0.228325 
1.48648 2.38154 2.77351 2.70865 2.2769 2.18526 1.67078 0.809737 1.67883 0.148601 0.371032 0.169867 
1.49872 2.13168 2.77122 2.05795 1.97183 1.74353 1.76279 1.35522 1.56884 0.527775 0.197884 0.190925 
1.45573 2.18352 2.71585 2.01884 2.40114 1.49313 1.85677 1.05965 0.837544 0.402271 0.372514 0.185076 
1.50878 2.01175 3.23975 2.07144 1.88475 2.18483 1.8768 0.102891 1.51159 0.360399 0.1892 0.24847 
1.51737 2.14589 3.06276 1.63054 2.09545 2.01388 2.59036 0.415212 1.59989 0.751718 0.0280203 0.254019 
1.33399 2.1347 3.05725 1.83993 1.33701 1.55145 2.76062 0.765753 2.00453 0.0589709 0.453036 0.239602 
1.32469 2.13323 2.70593 2.57984 2.06153 1.50905 2.47273 1.15814 1.72754 -0.259363 0.469935 0.182742 
1.3612 2.04883 2.48914 2.43655 2.7889 1.50959 1.29608 0.921068 1.44898 0.000685922 0.438968 0.168307 
1.40509 1.96359 2.48141 1.86497 2.6454 1.6332 1.9331 0.505831 1.34204 -0.0279834 0.517291 0.240399 
1.31122 1.82937 2.59681 2.1958 1.74683 2.01754 1.72632 1.02546 1.73988 0.278665 0.306853 0.246818 
1.31931 1.50088 2.06881 1.89017 2.38453 1.4283 1.8384 1.36886 1.22006 0.401063 0.361873 0.236144 
1.17561 1.56186 2.41359 1.72815 2.27514 1.67083 2.21298 1.15201 1.27002 0.451438 0.433731 0.280511 
1.22815 1.44689 2.75762 1.80972 2.27544 1.32861 1.55522 1.35897 1.14233 0.832707 0.386891 0.261452 
1.20728 1.368 2.57636 1.42002 2.51042 1.26347 2.10318 1.72231 0.885012 0.620221 0.469286 0.272046 
1.23211 1.64185 2.73631 1.29587 2.15268 1.21734 2.68244 1.13175 0.775168 0.699555 0.534889 0.278534 
1.24 1.57094 2.47388 1.88421 2.09249 0.249958 1.35981 0.90836 1.20899 0.989273 0.702534 0.338549 
1.15866 1.69541 2.41108 1.28558 1.50229 0.644077 2.26168 1.08307 1.67646 0.822512 0.619994 0.310071 
1.1367 1.64164 2.38585 1.41738 2.49798 1.69422 1.89342 1.16649 1.14567 0.981658 0.446328 0.289208 
1.04028 1.66772 2.3643 2.03217 2.83588 2.00418 1.32484 1.43799 1.1521 1.1146 0.368749 0.281505 
1.00324 1.66833 2.49121 2.59273 2.16814 1.54503 2.1566 1.25237 1.09719 0.499492 0.811122 0.257436 
0.971587 1.6383 2.3643 1.93109 2.32839 0.931305 1.50004 1.1195 0.940052 0.57378 1.2101 0.192577 
0.94841 1.59907 1.89228 1.72767 2.4862 1.17597 1.20294 0.873405 1.89615 0.324443 0.99812 0.185971 
1.0356 1.62837 2.22634 2.17915 1.71264 0.825408 1.96286 0.504642 1.42685 0.610063 0.56179 0.221184 
0.970397 1.58708 2.42789 1.54223 1.88131 1.96836 1.75353 1.1185 0.854503 0.527111 1.00013 0.191606 
1.12634 1.6926 2.34645 1.01391 1.69896 1.41877 1.58058 1.45787 0.871121 0.687946 1.06201 0.22999 
1.10284 1.75387 2.46679 1.0137 1.92849 0.974362 2.20337 1.95155 0.746958 0.959816 0.663377 0.221924 
1.07372 1.84741 2.60418 1.32956 2.18236 1.78749 1.58721 1.16807 0.849044 0.771964 0.802235 0.245726 
1.18621 1.78252 2.77937 2.08908 1.8304 2.09498 1.76414 0.527639 0.664505 0.227025 0.987211 0.194251 
1.28643 1.69057 2.7455 1.65458 1.97201 0.876529 1.54155 1.28047 0.805993 0.851341 0.559521 0.253459 
1.10334 1.377 2.38526 0.696779 2.78941 1.07352 1.60709 1.47871 1.42637 1.12044 0.328486 0.27657 
1.06226 1.39086 2.3797 1.01784 2.30812 0.795919 2.34665 1.26436 1.30508 0.881365 0.559341 0.315204 
1.06605 1.70666 2.30468 2.08388 2.54616 1.03672 1.33572 0.956226 1.0272 0.969157 0.540657 0.244533 
1.13726 1.52799 2.06335 1.65536 1.9194 0.825945 1.71759 0.9121 1.22234 0.664973 0.449962 0.234942 
1.00318 1.49798 2.05658 1.7436 2.35746 0.902566 2.06168 0.849699 0.862576 0.580939 0.627797 0.216329 
0.81567 1.45922 2.01372 1.45837 2.01689 0.840965 1.68434 1.12999 0.692401 1.08975 0.928298 0.0960225 
