0.534662 1.25893 1.09382 0.589833 0.957535 -0.335861 1.12951 0.227885 0.385792 0.320738 0.538187 -0.115123 
0.540573 1.30971 0.888137 0.650353 0.904198 0.169519 1.79235 0.64949 0.405406 0.333011 0.688187 -0.186814 
0.588484 1.13164 1.64184 0.832403 0.718402 0.486046 1.30825 0.463471 0.530976 0.0560084 0.32272 -0.0703099 
0.514484 1.3327 1.56508 1.40319 1.72545 0.940135 1.36197 0.286696 1.11971 0.262342 0.137429 0.0898189 
0.501805 1.5042 1.06553 1.25521 1.24219 0.924756 1.31222 -0.255767 1.09774 0.784887 0.0746696 0.0868563 
0.552729 1.33155 1.3141 1.61768 0.375966 0.562414 0.740003 0.544576 1.13958 0.804265 0.377518 0.0100963 
0.513464 1.29143 1.39629 1.52188 0.772865 0.578134 0.0121087 1.37616 1.57511 1.51392 0.939558 -0.130428 
0.600566 1.08284 1.38045 1.30833 1.73195 0.799057 0.488181 0.70886 0.681996 0.462721 0.0861515 -0.0929996 
0.667981 0.820361 1.23752 1.11944 1.22032 0.761514 0.928422 -0.350161 0.724863 0.163517 0.217657 -0.270396 
0.539533 1.06961 1.34743 1.30158 0.403775 0.55632 0.633345 0.101588 1.11632 0.462579 0.323493 -0.0604813 
0.654288 0.96585 1.11643 1.57137 0.1841 0.513759 0.799351 0.211917 0.996291 0.502886 0.252329 -0.078252 
0.752771 0.939722 1.25555 0.823356 0.21506 -0.514089 0.00373435 0.104638 0.0955538 1.25725 0.222974 -0.0629523 
0.907107 0.963211 1.51136 0.951212 0.900565 -0.327039 -0.605966 0.575998 0.786568 0.803464 0.473476 -0.018368 
1.01537 1.47923 1.86175 1.48668 1.20731 0.436868 -0.371158 0.907131 1.25335 0.688139 0.327852 0.0890617 
1.50907 1.41632 0.34434 -0.170065 1.38736 1.52784 0.246855 0.275523 0.963745 1.63484 0.558042 -0.021347 
1.74183 1.50418 0.103724 -0.123277 1.52568 1.25283 0.569233 -0.890413 1.32106 1.30729 0.496381 -0.144344 
1.76898 1.39422 1.29665 1.48065 1.62326 0.567164 1.00782 -0.367286 0.983593 1.27078 0.222499 -0.0576456 
1.88569 1.95913 1.03808 1.74557 2.17388 0.0854552 0.249403 -0.775147 1.4051 0.982154 0.27428 -0.0593515 
1.47089 2.81132 0.986629 1.4022 3.79445 0.311984 0.46616 -0.0991907 1.66682 0.0870016 0.16751 -0.295367 
1.29029 2.88732 0.498051 1.59557 4.50912 0.739254 0.189864 -0.51159 1.48729 0.49522 0.293566 -0.398689 
1.45226 2.71213 1.16458 1.34581 4.174 0.23469 -0.432666 -0.513983 1.49278 0.410502 0.232583 -0.339368 
1.65231 2.37236 1.29547 1.5035 4.75269 0.621287 -0.441692 -0.501878 1.32304 0.357545 0.150491 -0.360211 
1.80261 2.37681 1.19992 2.06475 4.34355 0.282688 0.142256 -0.55128 1.41172 0.557434 -0.0936975 -0.230188 
1.67186 2.43416 1.69127 1.45704 3.49999 0.042377 1.23541 0.832403 1.17204 -0.531651 -0.0268897 -0.0410028 
1.61765 2.69757 1.83108 1.63292 3.19326 -0.0195863 1.65141 0.714797 0.235188 -0.393946 0.074261 0.0632401 
1.70091 2.47613 2.10079 2.2043 3.46026 0.624425 0.410423 -0.0896068 0.687122 0.428889 0.00802342 -0.0254704 
1.68672 2.82357 2.06157 1.76854 2.91008 0.314404 0.201321 0.33245 0.990714 0.0262127 0.166578 -0.0321197 
1.719 2.92632 1.79459 1.82952 3.00055 0.421012 0.265301 0.169139 1.04426 -0.00623216 0.246664 -0.0429694 
1.7429 2.94565 2.04124 2.11003 2.8801 0.623244 -0.0354673 0.113042 0.789081 -0.314021 0.337048 -0.0295313 
1.71736 2.98756 1.90094 2.68868 3.28454 0.771896 -0.62422 -0.549856 0.409187 0.55268 0.102697 -0.0305127 
1.76059 2.85517 1.63892 2.75906 3.24847 0.929427 -0.0675853 -0.388616 0.532773 0.619302 0.149151 -0.00773831 
1.77673 2.56374 1.95142 2.83026 3.40411 1.1238 0.520232 -0.0723491 1.01467 0.109093 0.297495 0.0122495 
1.87315 2.53884 2.0143 2.13626 4.31864 1.15089 0.950082 -0.455288 1.434 -0.00333872 0.379131 0.0842853 
1.90698 2.45357 2.05492 1.97222 4.4161 1.2089 0.425368 -0.10769 1.70408 0.108728 0.298924 -0.00855417 
2.01896 2.59326 1.89457 1.64547 4.50742 0.978445 0.565627 0.173928 1.65507 0.18612 0.222725 -0.0225322 
2.055 2.39748 2.01362 2.5822 3.85003 0.949273 0.817045 0.111467 0.972447 0.445761 0.164185 0.0735016 
2.01317 2.49727 2.19354 2.70839 3.63841 1.80764 0.21633 0.411355 0.592386 0.272226 0.233246 0.00548567 
2.01733 2.49164 2.23353 2.27756 3.64025 1.91159 0.307831 0.573282 0.717083 -0.150836 0.234846 -0.00398563 
2.00835 2.67906 2.15761 2.25812 3.86476 1.48199 0.631198 0.358119 1.00073 -0.442306 0.229023 -0.0109431 
1.88951 2.88355 2.26407 2.9496 3.94126 1.32827 0.473901 -0.259699 0.642438 0.266081 0.140562 -0.0604176 
1.79689 3.08957 2.42624 2.98607 3.43748 1.0439 1.07074 0.180163 0.452498 0.102314 0.082765 0.00656066 
1.8862 2.83898 2.59575 2.6925 3.80896 1.33626 0.115535 0.592138 0.467905 0.228103 0.0498986 -0.0916191 
1.91426 2.97254 2.62567 2.41398 4.00842 1.23949 0.353796 0.72902 0.463826 -0.363624 0.0932245 -0.145657 
1.8527 2.95172 2.52121 2.62346 3.2098 2.14482 0.928301 0.395263 0.199395 -0.982508 0.276056 -0.116191 
1.7183 2.68702 2.67484 2.51547 2.79578 1.85042 1.4473 -0.0168496 0.225397 -0.571765 0.275669 -0.036509 
1.75289 2.81341 2.82765 2.22597 2.87605 1.35572 1.6826 0.00483129 -0.080021 -0.418059 0.119067 -0.0272465 
1.83065 2.97374 3.03297 2.16641 3.08248 1.31648 1.59205 0.0976371 0.0247676 -0.433403 0.048352 -0.0398721 
1.87654 2.94223 3.1318 1.95403 3.42499 1.30831 1.63737 0.373337 0.484076 -0.655827 0.122093 -0.00138808 
1.73737 2.64512 3.0049 2.10713 2.53346 1.94549 1.69023 0.512403 0.346704 -0.762595 0.321672 0.0132453 
1.79645 2.86425 2.95019 2.2587 2.44514 1.78131 1.98869 0.478451 0.194207 -0.867346 0.27864 -0.0305887 
1.83846 3.08206 2.69758 2.05201 2.37811 1.72484 2.27501 0.909383 0.0197014 -0.705217 0.164299 -0.0572032 
1.85933 2.82964 3.1349 2.46375 3.31352 1.29909 1.13111 1.02104 0.406368 0.0356861 0.165071 0.0245656 
1.89368 2.92084 3.29432 2.25079 3.41564 1.56293 1.61165 1.29383 -0.132618 -0.698805 0.249025 -0.0417998 
1.91737 3.08117 3.27494 2.14003 3.21719 1.71309 0.869841 1.12222 -0.830949 -0.630013 0.0586349 -0.178359 
1.85184 2.81788 3.30563 2.61518 2.99955 1.54869 0.463727 0.198865 -0.427886 -0.348066 -0.0926334 -0.169602 
2.02877 2.63627 2.81988 2.38871 2.72238 1.62754 1.335 0.0646752 -0.359252 -0.811759 -0.0305462 -0.053803 
1.97891 2.90653 2.67232 1.30343 1.9749 0.870887 1.51584 0.504444 0.0099038 -0.284431 -0.0163545 -0.011005 
1.74207 2.28561 2.39685 1.37232 1.5958 1.14305 1.20706 0.95797 0.269893 0.0384497 0.226642 0.0466134 
1.7278 2.18147 2.39254 0.144037 1.78707 1.2767 1.1853 1.02243 0.387008 -0.293912 0.251855 0.041726 
1.63542 2.39478 2.31266 0.589711 0.420577 0.310624 1.19671 0.82052 0.336719 -0.0334093 0.21125 -0.0565551 
1.66856 2.15185 2.24528 1.26913 2.13119 0.530811 1.87569 1.16678 0.813321 0.495704 -0.126441 0.0125897 
1.64153 2.25 3.00822 1.40727 1.82587 1.11265 2.20325 1.6645 0.494281 0.226081 0.314267 0.0659824 
1.61857 2.42204 2.62247 1.85973 2.6828 1.25716 1.77369 1.64203 0.381611 0.349641 0.335287 0.13382 
1.72393 2.60352 2.70621 1.74226 3.22743 1.50983 1.85534 1.00798 0.0798312 -0.40351 0.37715 0.100635 
1.89817 2.60077 2.66617 1.28478 2.87652 0.824968 1.91677 1.44218 0.361707 -0.40091 0.157354 0.0912908 
1.83289 2.42251 2.54931 1.85878 3.09853 0.874745 0.664323 1.4051 0.210592 0.00254626 0.218632 0.0576342 
1.65691 2.25512 2.68146 1.77994 2.65758 0.776541 0.797142 1.08137 0.8201 0.617574 0.293053 0.178584 
1.57602 2.07226 2.61901 1.24525 2.33703 0.857975 1.93173 1.86232 1.32926 0.815566 0.341573 0.241531 
1.65499 2.17268 2.62896 1.71424 1.75289 1.07521 1.97048 1.48057 1.43988 0.748408 0.392461 0.237971 
1.62389 2.05963 2.38367 1.24959 1.91689 0.641722 1.54567 1.64423 0.913979 1.06216 0.574387 0.295797 
1.56102 2.12579 2.77074 1.48324 1.97296 0.990849 1.55901 1.98378 0.735017 0.908246 0.540156 0.233082 
1.62978 2.52852 2.85207 1.19708 1.17119 0.205879 0.210757 1.603 1.95828 1.00279 0.866692 0.452098 
1.58925 2.2185 2.65565 0.93896 1.04329 0.214048 0.634839 1.65556 1.91905 0.950848 0.934029 0.433339 
1.42269 1.92135 2.28098 1.80799 1.3483 0.0440076 1.63764 0.73505 1.78613 1.19686 0.623401 0.395005 
1.51077 1.93655 2.32385 0.638286 1.71481 0.627776 1.18 0.493392 2.0104 0.834187 0.703725 0.433829 
1.5939 1.64453 1.75775 1.04407 2.09707 1.58598 1.78568 0.471116 0.93634 0.797898 0.566857 0.29668 
1.7642 1.44921 1.14142 1.56027 3.2742 1.57878 1.80705 -0.069258 0.148475 0.486002 0.841531 0.454435 
1.73063 1.92005 1.57928 1.21085 2.55483 1.52859 1.35233 0.140521 0.646003 0.100504 0.851584 0.417035 
1.63505 2.16073 2.08551 1.2338 2.54188 1.16162 0.833598 1.09516 1.17121 0.734769 0.533885 0.232676 
1.49576 2.02495 1.8364 1.43246 1.81514 1.32938 1.38394 1.52469 1.11754 0.653023 0.657856 0.271467 
1.47472 1.98841 2.70341 1.74142 1.8533 1.57909 1.46414 1.26395 0.914905 0.549221 0.665072 0.278518 
1.59975 1.68492 2.43064 1.62269 2.15657 1.33988 1.80613 1.35103 1.28384 0.890124 0.436623 0.273179 
1.65015 2.11402 2.03587 1.26286 2.51926 1.60603 0.744625 1.64113 1.45298 0.520597 0.552535 0.189033 
1.592 2.06159 2.44178 1.3918 1.93776 0.929657 1.39944 0.907213 1.9005 1.0939 0.22909 0.243053 
1.51029 1.86274 2.83056 1.62474 2.00287 1.01948 2.12112 1.74815 1.3476 0.871896 0.113679 0.180187 
1.50458 1.79719 2.35827 1.1379 1.40528 1.01796 2.06162 1.56229 0.802347 0.904704 0.398872 0.16554 
1.43719 1.90492 1.83182 0.866932 1.40138 0.224587 0.736055 1.47152 1.17022 0.792126 1.12669 0.365709 
1.46136 1.90731 2.11174 0.880755 1.8184 -0.495585 1.42423 1.18944 1.37143 0.978522 0.736922 0.414356 
1.43223 1.83778 2.323 1.2583 1.6319 -0.341378 2.18259 1.23841 0.970021 0.913805 0.527148 0.320524 
1.38191 2.04473 2.47259 1.37523 1.00393 0.866988 1.74693 0.758071 0.93842 0.915186 0.373833 0.185068 
1.35955 1.87206 2.65212 1.6937 1.79381 0.809544 0.853167 0.983687 1.47371 0.690738 0.184394 0.204966 
1.28472 1.96762 2.27625 1.21077 1.39291 0.155964 0.858716 1.34591 1.00099 0.794469 0.459841 0.184283 
1.25251 1.90284 1.90133 1.27354 1.3639 0.684926 1.57629 1.02889 0.496351 0.760894 0.773895 0.207206 
1.34219 1.59524 1.86651 1.24526 1.67655 1.83171 1.42721 0.443107 0.884117 0.883133 0.567236 0.233385 
1.25922 1.81678 2.22209 0.863546 1.74289 1.47665 1.63859 0.394592 1.66935 0.281563 0.687208 0.296479 
1.27854 2.00659 2.4567 1.42145 1.72009 0.899658 2.00738 1.14953 1.2395 -0.167427 0.75337 0.191604 
1.18159 2.07254 2.34292 1.97144 2.45845 0.77486 1.14395 1.04421 1.89321 0.216293 0.156268 0.190578 
1.2296 1.83428 2.70889 1.28157 1.82747 0.875389 1.27049 1.43894 1.57279 0.184272 0.534832 0.238801 
1.26627 1.63838 2.79323 1.59068 1.48857 0.887608 3.02823 1.70509 1.59461 0.021167 0.280649 0.231429 
1.28077 1.59173 2.35649 1.42463 1.72538 0.906227 2.38085 1.58252 1.49689 -0.0438063 0.45581 0.244095 
1.31322 1.54819 2.70625 1.62471 1.13092 0.368719 1.20793 0.670312 0.943348 0.692055 0.722722 0.294608 
1.55903 1.4691 2.49689 1.1792 1.25836 1.57393 0.787471 1.60403 1.01408 0.922393 0.568948 0.202563 
1.30291 1.72621 2.58613 0.816673 1.84998 1.03561 1.54912 1.22885 1.0774 0.836863 0.441096 0.231516 
1.20353 1.57135 2.54409 1.41663 1.98675 0.0445956 0.760351 1.19091 1.28108 1.10552 0.118164 0.232535 
1.25683 1.6631 2.362 1.62767 2.77133 1.1745 0.349309 1.43377 0.993064 1.1202 0.148169 0.116051 
1.2802 1.84419 2.22986 1.32895 2.37698 1.15647 1.41141 1.21647 0.942108 0.625864 0.361689 0.198615 
1.22884 1.95882 1.64022 0.977044 0.995353 1.64595 2.03683 1.20167 1.42962 0.333388 0.604624 0.149434 
1.08299 1.9023 1.78976 0.987422 1.70484 2.10846 1.81405 0.59575 0.98123 0.0661734 0.475125 0.145455 
1.07035 1.59863 1.79512 1.01105 1.86885 1.82385 1.03065 1.10112 1.02668 -0.277881 0.113942 0.0429745 
1.19756 1.78892 1.71531 1.51485 2.24497 1.17734 1.40095 1.15048 1.33003 0.289782 0.246048 0.127162 
1.18497 1.71725 2.30106 1.29561 1.3996 0.177498 1.61762 0.324852 1.65802 0.130389 0.272074 0.235022 
1.12959 1.45059 2.62941 0.80553 1.13757 0.668616 1.40052 1.19191 0.809066 0.588203 0.19525 0.10203 
1.13843 1.57158 1.8754 0.687817 1.44998 0.331029 1.43101 0.035086 1.54495 0.35716 0.616913 0.247727 
0.977468 1.32381 1.49821 1.44655 2.59491 0.804492 2.05828 0.186629 1.48756 0.793202 0.812717 0.207145 
1.07343 1.55047 1.48777 1.27766 2.79314 1.26866 1.46328 1.18991 1.19383 0.826031 0.605435 0.202141 
1.09852 1.44857 1.81994 0.203051 2.0013 1.09036 1.81804 0.30681 1.77461 0.787875 0.713172 0.30734 
1.08253 1.46052 1.87396 0.775331 2.03657 0.949266 1.67154 0.263963 1.19563 0.942056 0.961845 0.265251 
0.99369 1.68534 1.99386 0.710588 1.94478 0.323111 1.57289 1.19924 2.15363 0.608831 0.468462 0.248043 
1.14937 1.47847 1.36593 1.43863 1.30015 0.713766 1.30435 0.432519 1.52218 0.0131316 0.296818 0.0829372 
1.00208 1.84267 1.9297 1.23679 1.48516 -0.621381 1.4054 0.305956 0.747276 0.342174 0.379132 0.147645 
1.00386 1.98529 2.51191 1.13924 1.49414 -0.429225 1.46106 0.976318 0.966736 1.04903 0.214268 0.3028 
0.909192 1.86402 2.2296 0.575408 1.41804 0.718869 1.8591 0.90443 0.824742 1.08448 0.247639 0.198315 
0.951687 1.59017 1.68924 0.59063 1.67414 -0.174036 0.912547 1.23116 0.396891 0.87231 -0.0930336 0.0688802 
0.906622 1.48802 1.83628 1.52871 1.65019 0.44128 1.6608 1.05911 1.40642 0.47182 0.283686 0.180686 
0.965717 0.475483 1.40855 1.61321 3.53166 0.872902 0.692911 0.891398 1.45162 0.950787 0.65751 0.0464815 
0.989762 0.601187 1.44066 1.55888 3.26439 0.745904 0.89831 0.0890253 1.4326 0.916853 0.675755 0.0767982 
0.874087 1.17099 1.83 1.53121 2.24733 1.02757 1.01556 0.978708 1.35769 0.46728 0.657978 0.124536 
0.91971 1.15651 2.45272 1.3523 1.15742 0.870547 1.53248 1.71404 0.941425 0.814723 0.353765 0.1432 
0.965118 1.68312 2.0426 1.28832 1.323 0.3881 1.29475 1.36113 1.11912 0.396004 0.415774 0.150807 
0.774342 1.14978 1.70306 1.45002 1.38318 0.454912 -0.182262 0.334671 0.966241 0.613736 0.109188 0.0663715 
0.857129 1.08707 1.97307 1.16403 1.6141 1.14485 0.364745 0.512824 1.13686 0.801111 0.693154 0.0446016 
0.966484 1.2192 1.66934 1.6076 2.25209 0.768603 1.19034 0.681628 0.367963 0.271101 0.557998 0.133101 
0.840426 1.18617 1.9129 1.56935 1.77724 0.573087 2.16571 0.578997 0.167823 0.719849 0.411205 0.114293 
0.716909 1.25367 1.64546 1.2262 1.33982 1.1091 1.04324 0.244189 0.550697 0.790402 0.433819 -0.00659451 
0.747033 1.32365 1.43323 0.860159 2.55616 0.935308 0.461534 0.478642 0.633867 0.376669 0.228409 0.0152292 
0.875857 1.37971 1.64574 0.754475 1.92761 1.06547 1.96487 1.22136 0.430082 0.694318 0.43904 0.114486 
0.869362 1.41977 1.7851 1.8344 1.95495 0.927814 1.83208 0.758378 0.411269 0.207194 0.453273 0.109748 
0.767634 1.58913 1.88004 1.73667 2.33031 0.430221 1.78307 0.499681 -0.531124 -0.0928735 0.605032 -0.0788343 
0.801169 1.48321 1.04812 1.75193 2.17122 0.275697 0.496279 0.813978 0.320927 -0.233474 0.0717689 -0.0884015 
0.820077 1.28541 1.87942 1.26285 2.02485 0.580982 1.31087 1.17172 0.987221 0.47563 0.117058 0.15094 
0.729916 1.45996 2.05675 1.19372 1.22503 0.503595 0.974513 0.980347 1.00085 0.539736 0.333399 0.150233 
0.781533 1.3561 1.54265 1.10041 0.874748 0.933561 0.888357 1.23663 0.615871 0.295672 0.25633 0.0559486 
0.81285 1.28309 1.7314 0.640573 1.2418 0.233575 1.40548 1.25311 0.810088 0.0235069 0.3724 0.0419714 
0.693236 1.56284 2.1118 1.38354 1.00363 0.843209 1.71184 0.969236 0.55516 0.560986 0.845715 -0.00467761 
0.691437 1.41134 1.89751 1.22483 1.56149 0.865737 1.49052 0.481777 0.0409372 0.521103 0.600659 0.00149313 
0.784835 1.21289 1.67839 1.46456 1.81848 0.656179 0.801105 1.05355 -0.22383 0.133864 0.522107 0.0070698 
0.681928 0.850835 1.25064 1.02501 1.28636 0.832892 1.19526 1.65844 0.0665236 -0.21413 0.310126 -0.00105866 
0.657363 1.15133 1.89081 2.17955 1.65302 0.611062 0.58082 1.04043 0.320313 0.431007 -0.173054 0.160761 
