0.569517 1.41162 1.35658 1.09826 0.343773 0.265418 1.07573 1.50498 0.765739 0.719695 0.103857 -0.0196607 
0.63071 1.14715 1.40998 1.17435 0.265923 0.738951 1.63512 0.863469 0.976676 0.373172 0.151423 -0.0164854 
0.514667 1.24134 1.2858 0.840599 1.70092 1.46926 1.1778 1.64368 0.620001 0.120912 -0.0396259 0.130879 
0.567533 1.01297 1.69449 1.29129 1.76228 1.26967 1.23837 0.981717 0.58922 0.268623 -0.389446 0.26491 
0.622026 1.30432 1.50246 1.48522 1.65997 1.41792 1.93379 1.08041 0.151577 0.990998 -0.238562 0.26436 
0.5156 1.25098 1.62272 0.929196 1.14098 -0.449582 0.927556 1.28041 1.12348 0.799758 0.29729 0.129849 
0.560701 1.06072 1.52254 0.915509 0.926366 0.378861 0.91343 0.611042 1.5994 0.488565 0.0658043 -0.00294109 
0.593017 0.879753 1.63603 0.927484 0.920226 0.493894 1.1444 1.41198 1.51718 0.340023 0.172629 0.0225124 
0.64075 1.12156 1.61889 1.24355 1.2805 1.22456 1.37459 0.293634 1.11493 0.291707 0.399204 0.0417373 
0.720279 1.09047 1.48218 1.06936 1.78627 0.561135 0.672872 0.870716 0.0937874 0.11365 0.468748 0.00481869 
0.506016 1.07647 1.14444 1.10277 1.95435 0.794168 1.68608 1.26965 -0.378913 0.0431416 0.201547 0.0584943 
0.459514 1.09382 1.21131 0.765015 1.99209 0.156518 1.22449 1.00308 0.312843 0.496173 0.516054 -0.0952056 
0.564759 0.910814 1.29214 0.298841 1.42751 1.21236 1.77686 0.809317 0.899762 -0.0818226 0.414188 0.0028935 
0.661334 0.996887 1.14603 0.361679 1.30252 1.693 1.37183 0.280844 0.521681 0.288923 -0.154519 0.157399 
0.531258 1.35828 1.58614 1.12383 1.31962 0.753514 0.695306 -0.317043 0.475988 0.687359 -0.394929 0.0824989 
0.719206 1.68473 1.72309 0.968652 1.17176 1.12317 1.25556 0.900294 0.335565 0.525181 0.376809 0.0257482 
0.793089 1.66502 1.26882 1.57655 1.15497 1.2439 1.85357 1.62843 -0.155764 0.111939 0.67244 0.00416879 
0.928678 1.48206 1.48401 1.78887 1.50094 1.47861 2.20012 2.39278 0.226306 0.0929272 0.170217 0.19469 
1.02274 1.95936 2.16206 1.83819 2.3659 1.46069 1.90446 1.59572 0.662853 0.446404 0.410317 0.187289 
1.2352 2.45006 3.39949 2.84644 2.91914 1.80912 1.53855 1.54577 0.831575 0.258669 0.485659 0.120611 
1.53058 2.77671 3.71546 3.48708 3.38259 2.1991 1.68255 1.41923 0.335931 -0.135639 0.508075 -0.0494729 
1.45997 2.41657 2.90602 2.99764 2.77736 2.10029 1.50242 1.10332 0.609139 0.107174 0.152091 0.000944199 
1.59478 2.83179 3.33418 3.47506 3.11738 1.41576 1.91204 1.42878 0.899625 -0.0416025 0.34127 0.0680005 
1.61958 2.61484 3.80635 3.14812 2.63439 0.138732 2.50791 2.12554 1.20435 0.18157 0.448403 0.32017 
1.38052 2.65438 4.07174 4.1234 2.18826 1.36918 1.74822 1.90128 0.694128 0.301395 0.33024 0.193428 
0.981661 2.17177 4.20289 3.9765 2.48926 0.550507 2.60318 1.94282 0.243119 0.287505 0.36607 0.202506 
0.980902 1.97448 4.14101 4.08409 2.18678 0.41347 2.442 2.2004 0.0422982 -0.326852 0.74861 0.151244 
0.950999 1.6985 4.26393 4.33859 1.72643 0.553954 2.76609 1.97771 -0.043254 -0.0992952 0.714227 0.150472 
0.766476 1.30563 4.68596 4.50291 1.56718 0.854122 2.63275 2.30145 -0.183597 0.333934 0.742621 0.204627 
0.651345 1.35803 4.71126 3.70403 1.78015 1.68082 2.76035 1.86003 0.285961 0.5667 0.918252 0.133617 
0.483728 1.728 4.46195 4.45272 2.0748 0.946751 3.58162 1.16577 0.870006 0.346811 1.06464 0.110884 
0.402953 1.49603 4.19745 4.72014 2.23044 0.358758 3.20822 2.2158 -0.0846088 1.25303 0.408289 0.382596 
0.428778 1.40922 4.23873 4.24087 2.46379 0.289401 2.62512 2.74644 -0.275852 0.851447 0.647514 0.336471 
0.310293 1.60527 4.19878 4.72617 1.50451 0.728894 2.34934 1.82031 0.288529 -0.125852 1.06034 0.0318796 
0.21021 1.56252 4.28534 3.78818 1.89004 0.912438 2.5629 1.79647 -0.61965 0.420884 0.652228 -0.0345682 
0.145967 1.65599 4.41621 4.00892 2.16245 0.860051 2.44064 2.02864 -0.666921 0.503026 0.643419 -0.0821016 
0.358524 1.8293 4.22767 3.8274 1.69593 1.28933 2.55783 1.77485 -0.247636 0.279229 0.884933 -0.0794879 
0.659049 1.71331 3.66407 3.97177 0.84116 1.2808 3.05109 1.56196 -0.0480041 0.203077 0.757304 0.0577311 
0.619312 2.11337 2.58472 2.6299 1.67749 1.15903 2.57621 2.45527 -0.353757 -0.220966 1.04911 -0.0816279 
0.95027 1.5748 1.63 1.65661 2.51912 1.01686 2.43483 1.54346 -0.0169587 0.016852 0.631609 0.160269 
1.31789 0.846959 1.18804 0.811412 2.61201 1.16737 1.9826 1.42867 0.622178 0.761365 0.00748941 0.0563332 
1.6636 0.471503 0.565602 0.949882 2.61341 1.51999 1.62707 1.68426 0.375039 0.780151 -0.140348 -0.184155 
1.88088 0.321106 -0.218 1.30282 2.8168 1.08878 1.86118 1.55281 0.267393 0.582335 -0.197275 -0.189434 
2.16595 0.459464 -1.19911 1.08799 3.58207 1.38148 0.801829 1.80322 0.704338 0.638904 -0.41193 -0.260602 
2.47274 0.016517 -1.23167 0.474144 3.69344 1.56729 0.945889 1.58133 1.10306 0.639041 -0.251919 -0.280913 
2.42131 -0.114272 -1.56926 0.672504 3.37875 1.76545 1.19806 1.17028 1.58874 0.70965 -0.209399 -0.285862 
2.33111 -0.000620758 -1.80799 0.731071 3.59705 1.61192 1.11512 1.22453 1.45232 0.755113 -0.206587 -0.309472 
2.44914 -0.186155 -1.8123 0.869672 3.77794 1.53708 1.29004 1.07488 1.46965 0.771972 -0.151756 -0.254313 
2.4646 -0.184785 -2.03635 1.18377 4.00242 1.52947 1.20801 1.02655 1.45845 0.716651 -0.143615 -0.20433 
2.44113 -0.343607 -1.73725 0.977623 4.22361 1.51201 1.33223 0.84892 1.31292 0.74669 -0.103583 -0.127414 
2.46883 -0.0794673 -2.03028 1.27394 4.16044 1.90527 1.28866 0.688841 1.19856 0.665556 -0.00283187 -0.108099 
2.45919 -0.170331 -1.53384 1.97531 4.60217 1.75483 1.30083 0.14848 0.900817 0.564232 0.0541891 -0.0320896 
2.4592 -0.14171 -1.55595 2.05972 5.26382 1.73511 0.939473 0.453217 0.75157 0.584676 -0.110072 -0.0236286 
2.479 -0.0555206 -1.78094 1.4577 4.78482 1.99119 1.06189 1.12911 0.491777 0.440658 -0.134428 0.0058855 
2.58041 0.00494649 -1.74507 0.614447 4.99804 1.99812 1.17548 1.14554 0.366879 0.589805 -0.138277 -0.0221108 
2.42911 0.286678 -2.00973 1.15908 4.57447 2.07215 0.990744 0.94799 0.586114 0.638165 -0.148003 -0.0665211 
2.38968 0.390096 -1.9385 1.21245 4.39902 2.2158 0.952645 0.95844 0.517806 0.630222 -0.174831 -0.111611 
2.56133 0.359495 -1.88331 0.695062 4.86598 1.94754 1.29769 1.21688 0.277023 0.592788 -0.289357 -0.0851882 
2.50411 0.775945 -1.65862 0.204016 4.57703 1.75279 1.65247 1.47281 0.0172049 0.76584 -0.337078 -0.0978301 
2.54645 0.505134 -1.25475 0.384655 4.57354 1.37922 1.23751 1.59267 0.505675 0.870786 -0.414487 -0.314882 
2.59675 0.633447 -1.241 0.442722 4.21056 1.78759 1.07813 1.11533 0.844793 0.802544 -0.318157 -0.350079 
2.381 0.818848 -0.806406 0.553326 3.97146 2.77328 1.66588 -0.28537 0.939437 0.500317 0.0700583 -0.097685 
2.13149 0.807934 -0.43343 0.981335 4.5036 2.56812 1.72082 0.57692 0.949858 0.804249 -0.14746 -0.179171 
1.96614 0.564697 -0.637447 0.774851 4.25255 2.44252 1.16178 1.34134 1.10127 0.876013 0.0986394 -0.0501149 
1.55566 0.948364 -1.14766 0.841739 3.27908 1.27032 0.635229 1.79154 2.33749 0.969996 0.488049 -0.154517 
1.62247 1.00554 -1.11388 0.563733 3.19152 1.14627 0.215973 1.32122 3.16294 0.826526 0.679132 -0.292958 
2.05504 1.37278 -0.415189 0.378381 3.19959 1.29139 -0.0232581 0.718448 1.79281 0.725832 0.297219 -0.155284 
2.5645 1.59234 -0.372549 0.70368 2.16289 1.63745 0.415712 0.380681 1.22584 0.498774 0.0246196 -0.202751 
2.68755 1.93407 -0.592529 0.058607 1.63515 1.77208 1.17821 -0.290812 0.912441 0.487208 0.39998 -0.0737492 
2.57737 2.20484 -0.165385 -0.273735 1.73862 1.42017 0.450787 -0.294873 0.437279 0.33914 0.456666 0.0806449 
2.8395 1.97133 -0.750587 0.123301 2.21729 0.892209 -0.72755 0.174133 0.64743 0.58281 -0.0068429 -0.185941 
2.48987 1.8933 -0.247012 0.534499 2.34765 0.796495 -0.664182 -0.161838 1.28763 0.26066 -0.0364692 -0.27272 
2.49842 1.70943 -0.177048 1.27725 2.58975 1.19433 -0.0955094 -0.371096 1.14087 0.189912 -0.109189 -0.275693 
2.57135 1.78337 0.0734073 0.926958 3.08464 0.938515 0.159152 0.42387 0.652845 0.232232 -0.264898 -0.216885 
2.41807 2.03192 0.0131735 1.43504 3.37592 0.598696 0.060581 -0.231247 0.879583 0.413685 -0.147323 -0.240602 
2.4737 1.8955 0.406272 1.76197 3.1618 0.0573893 -0.121477 -0.662365 1.42296 0.59579 -0.148411 -0.318597 
2.41821 1.87572 0.359352 1.58578 2.38655 0.685294 0.446514 -0.38166 1.73803 -0.177246 -0.353681 -0.385868 
2.37519 1.88953 0.195518 0.975655 2.89841 0.401373 0.426066 0.139081 1.46494 0.0669387 -0.494553 -0.426749 
2.40456 1.56315 -0.213059 1.16934 3.16896 0.527626 0.906141 0.0873746 1.41328 -0.0456547 -0.558789 -0.342975 
2.26612 1.54561 0.104766 0.751292 3.15185 1.98965 0.815311 0.616156 1.22244 -0.324342 -0.532784 -0.380637 
2.19042 1.6919 0.673419 1.44259 3.58008 1.57075 1.23017 1.05758 0.511453 -0.332934 -0.439116 -0.134028 
2.25761 1.86358 0.578482 1.90955 3.40679 1.28162 0.834873 0.190893 0.94015 -0.349693 -0.391588 -0.240389 
2.32688 1.86729 1.00523 0.974594 3.42206 1.19841 1.06105 0.151191 0.896745 -0.311836 -0.479802 -0.221265 
2.02962 1.95283 1.11937 1.22296 2.86642 1.33197 0.854905 -0.0422521 0.767794 0.0360353 -0.172754 -0.196174 
2.11033 2.01884 1.17232 1.43359 3.18232 0.983418 0.33067 -0.583436 1.05894 0.0891732 -0.130521 -0.237626 
2.14197 2.07178 1.34721 1.0169 3.33624 1.15775 -0.149033 -0.513664 0.623362 -0.057016 -0.00792558 -0.177072 
2.158 2.11651 1.12882 0.806264 2.52786 1.70444 -0.0505036 -0.868859 0.187634 -0.517541 0.0986323 -0.0705525 
1.97435 1.96283 1.55866 0.986299 2.49493 0.817423 0.118831 -0.370328 -0.0618984 -0.47678 -0.0224281 -0.0646824 
2.03624 1.77073 1.50196 1.35609 2.88303 1.04758 1.53209 0.234641 0.51665 0.130011 -0.385995 -0.204449 
1.97914 1.7271 1.30484 2.05296 2.65632 1.74827 1.31374 -0.229565 0.6424 -0.0778632 -0.177081 -0.18805 
2.02569 1.88098 1.53393 1.40677 2.64312 1.73191 0.975803 -0.265548 0.358561 -0.233225 -0.14976 -0.129762 
1.93424 1.98419 1.60536 1.72812 3.32807 1.44384 1.00713 0.43295 0.921359 0.529665 -0.320182 -0.262647 
1.89677 1.86784 2.06993 2.15692 3.30568 1.5817 1.01099 0.49232 0.843055 0.790611 -0.277944 -0.22549 
1.79035 2.07282 2.20726 2.39363 2.4736 1.57134 1.51527 0.796894 0.655695 0.324973 -0.234379 -0.129902 
1.86292 2.45165 2.39757 2.03655 3.10744 1.17657 1.05936 1.55322 0.495666 0.267034 -0.159083 -0.11382 
1.86178 2.60506 2.41595 2.07417 3.31725 1.08312 1.24858 1.55173 0.813486 0.290685 -0.130929 -0.0854083 
1.77497 2.52921 2.70513 2.16524 2.73375 1.72441 1.00358 1.06367 0.571789 0.137025 -0.0355931 -0.0822668 
1.69111 2.0082 2.25065 1.85778 2.5394 1.73412 1.62529 1.1798 0.549606 0.0457676 0.012635 0.0116991 
1.61124 1.72127 2.24476 1.22214 2.54131 1.55623 1.64931 1.52143 0.889214 0.0611402 -0.149132 0.00189588 
1.64608 2.1046 1.99801 2.13095 1.95086 1.6642 1.55475 0.436988 1.54755 0.264699 0.119498 0.0547855 
1.70555 2.0788 2.10154 2.22434 2.8556 1.90816 1.19165 0.52871 1.68302 0.440273 -0.0274466 -0.0158714 
1.71224 2.22498 2.32052 2.08479 2.76246 1.72243 2.04824 1.13064 1.21064 -0.277848 -0.0121228 -0.000956981 
1.6375 2.22087 2.36108 2.39494 2.66822 1.35033 2.5671 1.42262 0.673992 -0.358231 0.12198 0.0536341 
1.62605 2.08838 2.83732 1.48884 2.2038 1.37812 2.31163 0.708746 0.825564 -0.636663 0.315971 0.153867 
1.43994 1.94315 1.99528 1.7544 2.17132 1.35046 1.83621 0.437941 0.90977 -0.0136657 -0.0369743 0.0146453 
1.48665 1.82662 2.50938 2.11629 1.69931 1.28586 0.449526 0.407497 0.912737 -0.0243086 -0.23398 -0.0519259 
1.58224 1.74593 2.54484 2.32161 1.82586 1.36672 1.43998 0.792719 1.27868 0.0219623 -0.0568439 0.0627928 
1.42935 1.72842 2.39798 2.22635 2.90575 1.25954 2.05556 1.42045 1.62428 -0.144214 0.179346 0.238878 
1.38513 2.3181 2.8541 2.46478 2.8416 1.7675 1.98886 1.20066 0.842731 0.0105007 0.359561 0.098903 
1.5053 2.34512 2.92415 2.88143 2.21612 1.24103 2.76217 0.723749 0.938902 -0.0735405 0.370848 0.0790645 
1.58195 2.15042 2.61804 1.85445 2.37843 1.65952 2.18852 1.08334 0.967699 0.327656 0.0913922 0.0995774 
1.37301 1.99297 2.90546 1.70404 1.67994 0.982431 1.52411 1.01601 0.866389 0.265567 0.2304 0.120363 
1.32462 2.02081 2.26685 0.840544 1.92964 1.19444 1.23478 0.576522 0.601486 -0.112997 0.322251 0.0505951 
1.37128 1.89098 1.5286 0.506142 2.01285 -0.110599 0.903237 0.824315 0.613593 -0.169481 0.0384992 -0.0920687 
1.32228 1.57961 1.88198 1.06366 1.92505 0.0980801 1.96744 0.810917 0.797596 -0.326367 0.123228 0.085383 
1.23437 1.79847 1.6759 1.24974 1.65551 0.848775 1.87918 0.809337 1.04481 -0.392329 -0.133152 -0.0827431 
1.26863 2.09481 2.113 1.81201 2.20401 0.914307 1.93347 1.13195 0.446576 0.0579626 0.00882237 0.0244674 
1.3436 1.65808 2.02796 1.74847 2.72223 0.825385 1.69029 0.796092 0.120316 0.125653 0.0865262 0.071599 
1.4075 1.81965 2.14251 0.912866 2.34586 1.34204 1.22333 1.05396 1.00332 -0.0844472 0.170947 0.0664598 
1.35952 1.94515 2.47955 1.5121 2.93136 1.31599 1.28411 1.28258 1.34405 -0.151071 0.287319 0.132468 
1.33888 1.98083 2.51397 1.60928 2.02538 1.26167 2.04323 0.896831 1.29964 0.391548 0.256166 0.205552 
1.31387 1.71869 2.59676 1.26486 2.03337 1.34879 1.43158 1.40812 1.14822 0.308707 0.0332106 0.131114 
1.15202 1.56699 2.42495 1.414 2.61323 0.861771 1.43752 1.82453 0.618604 0.348839 0.407918 0.173781 
1.154 1.47139 2.31766 0.814557 1.90469 0.651279 1.4402 1.24145 0.769055 0.574477 0.719318 0.207321 
1.09661 1.60686 1.77139 1.02872 1.50354 0.964529 1.34744 0.760285 1.16916 -0.126271 0.53702 0.110999 
1.2666 1.54187 2.32529 1.00929 2.03599 0.785586 1.40194 0.0984209 0.730828 0.107502 0.0631356 0.133003 
1.19624 1.5372 1.97444 1.38603 1.82191 0.660512 2.55702 0.581037 0.236553 0.320268 -0.496059 0.0196195 
1.29107 0.95879 0.367107 0.781235 1.90617 1.56951 2.70457 0.648741 0.730378 0.397486 -0.151769 0.030499 
1.19348 1.15039 1.25622 0.604096 1.85231 1.77372 2.79916 0.55892 0.867769 0.166425 0.0321618 0.188142 
1.04168 1.47861 1.60371 0.354097 1.2841 1.94407 2.24715 0.904898 0.210704 0.6604 0.303809 0.100334 
0.964919 1.40874 1.0298 0.0979866 1.46352 1.15694 1.06114 0.66158 0.817549 -0.129556 -0.202377 -0.0990312 
0.994278 1.2494 1.75066 0.176662 2.00783 0.3025 2.13142 1.26356 1.4374 -0.463149 -0.0402646 0.117061 
1.10476 1.31839 1.89083 1.08104 1.41975 0.748146 2.21862 0.507754 0.950229 -0.117669 0.614977 0.161199 
1.12587 1.6051 1.68056 0.930012 1.77788 0.719407 1.65337 0.49309 0.545304 0.19995 0.492765 0.134034 
1.06773 1.54459 1.87067 1.12389 1.11108 0.748174 1.86036 0.971049 0.966621 -0.0938476 0.511224 0.110953 
0.973109 1.53993 1.77182 1.43452 1.63571 0.903227 1.61852 1.43917 1.30736 -0.260478 0.444974 0.130011 
0.975532 1.67787 1.71122 1.71583 1.44577 1.63082 2.27766 1.58268 1.01126 -0.177602 0.475321 0.138656 
1.10563 1.66553 2.21225 1.14382 2.06233 1.24014 2.64565 0.459042 0.686548 0.0923706 0.216898 0.182505 
0.949409 1.48496 2.09779 0.848163 2.06872 0.455186 1.15779 0.556971 0.896769 0.172292 0.222803 0.0855486 
0.839376 1.34628 1.75816 1.40709 1.48273 0.575987 1.90601 1.1701 1.501 0.376858 0.0244663 0.138416 
0.940518 1.72646 2.00751 1.77026 1.38764 0.441612 1.17005 0.679941 0.544693 -0.0470963 0.227182 0.0402565 
0.964482 1.65283 2.27247 1.52895 2.03167 0.732948 1.83097 1.13623 0.129253 -0.00569389 -0.0143607 0.0493427 
0.879068 1.31425 1.97343 1.08547 2.30709 0.716299 2.55229 1.07818 0.376144 -0.0772476 0.62016 0.149799 
0.922323 1.34329 1.75441 1.31282 1.7877 0.149343 1.27165 1.11702 0.487045 0.368914 0.223338 0.133878 
0.960704 1.5463 1.39416 0.595951 1.02341 0.778077 1.12651 1.0331 1.06308 0.34069 -0.0402324 0.0729856 
1.01469 1.33449 1.72516 1.52398 0.954853 0.806617 1.46921 1.07803 1.15819 0.362544 0.101177 0.122953 
1.08807 1.52197 2.44375 0.885465 0.857447 0.244801 0.974569 1.83419 0.89721 0.137648 -0.14307 0.0623197 
