0.618233 1.17369 1.57276 0.982055 1.14067 0.7768 0.155129 1.13333 -0.0517804 0.255657 -0.187862 0.0410917 
0.713075 1.03444 1.82877 0.826437 1.10077 0.520026 0.433788 1.62275 0.14295 -0.762503 0.095991 0.0202531 
0.673431 1.01487 1.89842 1.0662 1.04184 0.727725 0.695429 1.11315 0.252347 -0.345592 0.0827701 0.12481 
0.563636 0.924768 1.50023 1.28164 1.64187 0.533583 0.94257 0.424338 0.398909 0.697108 -0.192882 0.154189 
0.596745 1.0619 1.24591 1.54536 2.25159 0.294464 1.36256 0.0515403 0.799437 -0.0381117 -0.111719 0.194872 
0.797714 1.16228 1.23482 1.33857 1.70458 -0.361105 0.356526 0.875313 0.351748 0.393646 0.247339 0.0770143 
0.620154 1.07351 1.39267 0.7562 1.32294 0.035703 0.857596 -0.172445 0.0296662 0.136185 0.445788 -0.0409994 
0.523739 1.17074 1.37087 0.689093 1.25694 0.717319 0.724499 1.17168 -0.189719 0.147845 0.711828 -0.102856 
0.331075 1.02484 2.53374 -0.0464903 0.636316 0.886471 0.551441 1.58584 1.69926 -0.23036 0.275397 0.20767 
-0.154969 0.655796 3.01251 -0.634768 0.580945 0.897646 1.39629 0.467272 0.764803 -0.0437982 0.0244618 0.35861 
-0.563177 0.510342 2.43044 -0.590506 0.834494 1.02048 1.75473 0.729447 1.20883 0.125712 -0.576205 0.474251 
-0.803839 0.182201 2.46404 -0.257224 0.881043 -0.300988 1.30635 0.902634 0.653276 0.150569 -0.448155 0.455596 
-1.02747 -0.0037431 3.32106 -0.320723 1.27494 0.423445 0.865061 0.23342 1.22222 0.154908 -0.116031 0.479953 
-1.06324 -0.00924519 3.70501 -0.299469 1.91162 0.78639 0.86635 0.102543 1.24973 0.137158 -0.00040916 0.346426 
-1.10385 0.252351 3.31443 -0.447399 0.719539 0.543782 1.17954 0.535538 1.02724 -0.070048 -0.186512 0.582684 
-1.20353 0.167041 3.94544 -0.941845 1.49011 0.955711 1.06028 0.410591 1.53539 -0.579112 0.0727163 0.56342 
-1.24504 -0.114172 3.91736 -1.00288 2.53525 1.29913 1.53025 0.678795 0.943878 -0.246034 0.0757264 0.570851 
-1.28715 -0.181228 3.0963 -1.66355 0.981797 0.677349 1.33545 0.453735 1.25047 0.506727 -0.0889465 0.475248 
-1.32706 0.104192 3.24495 -1.27158 0.902026 0.900158 1.07182 0.0118258 0.958223 0.235067 0.252495 0.293641 
-1.20871 0.325228 3.43409 -0.697511 1.19584 0.755999 0.579133 -0.0700664 0.0890175 0.428393 0.399157 0.146413 
-1.0934 0.285628 2.94994 -1.13024 0.998596 0.671284 0.0734212 0.640371 0.790525 -0.108354 0.894142 0.0627902 
-1.27574 0.0801103 3.24246 -1.76096 1.99271 1.09565 -0.718621 0.693686 1.14524 -0.153213 0.557009 0.113913 
-1.27322 -0.000208387 3.18279 -0.976691 2.88873 1.10799 -0.852996 0.139396 0.927014 0.349276 0.169333 0.0518335 
-1.10825 -0.24637 2.72823 -1.68975 2.09481 1.59171 -0.17883 -0.0089118 1.40318 0.243517 0.204577 0.140582 
-0.850538 -0.185349 3.31277 -2.8845 1.53239 1.87379 1.02403 -0.159563 1.40039 -0.347238 -0.0743828 0.317031 
-0.640688 0.158578 3.23827 -1.8045 2.54207 2.38504 0.497829 0.0985195 1.17908 -0.588393 0.38071 0.230282 
-0.18044 0.392905 2.77092 -1.92112 2.09256 1.71893 1.39349 0.682057 1.08703 0.0989066 -0.0240776 -0.0317426 
0.240381 0.865897 2.68101 -2.2309 1.77667 1.51209 1.29728 0.763116 0.83311 0.248631 0.214893 -0.194929 
1.17731 0.74463 1.05108 -2.0524 2.79243 2.23666 -0.237294 1.1627 1.42915 0.532724 -0.165746 -0.529182 
1.70626 0.260527 -0.449895 -2.22468 3.62702 1.77788 -0.21861 0.96177 1.84976 -0.0466515 0.118436 -0.633296 
1.44737 0.110782 0.464769 -1.94308 2.68566 2.36893 0.163534 1.79756 1.29358 0.0992727 0.319067 -0.599109 
1.48453 0.0628212 -0.155576 -1.27873 3.69283 1.68861 -0.147031 2.19413 0.912367 0.138885 0.0539432 -0.730935 
1.7696 0.00710392 -0.423047 -1.80233 4.35431 2.15955 -0.151079 2.07452 1.05122 0.547964 0.0736348 -0.83618 
1.70887 0.335199 -0.24956 -1.83484 4.00496 2.384 -0.110592 2.08413 1.00617 0.211443 0.000588683 -0.828639 
1.77361 0.105875 -0.689903 -1.20431 3.55413 2.75452 0.3454 1.86891 1.44953 0.266895 -0.04743 -0.607765 
1.67277 0.0489282 -0.378583 -0.940528 3.20445 3.02161 0.645023 1.90279 1.18411 0.219034 -0.119825 -0.526124 
1.33586 0.667018 0.0585689 -1.01644 2.81704 2.35105 1.72547 1.73628 1.40083 -0.122788 -0.263918 -0.268297 
1.36408 0.860488 -0.115253 -1.64877 3.55951 2.41299 1.28489 2.06266 0.941105 -0.0962022 0.305084 -0.349836 
1.35122 0.536265 0.892809 -2.04632 3.53487 2.8794 0.752338 2.242 0.846503 0.228803 0.46891 -0.354347 
1.22214 0.349901 0.606283 -1.59232 3.24694 2.31875 0.573921 2.03065 1.39716 -0.335737 0.369173 -0.439412 
1.16464 0.610188 0.921899 -1.19951 3.0625 1.91988 0.106021 2.07071 1.874 -0.266434 0.350178 -0.437804 
1.39681 0.6072 0.602563 -1.60468 3.31557 1.77606 0.445892 2.04409 1.59543 0.115315 0.385733 -0.405053 
1.36447 0.732315 1.17805 -1.92667 4.0965 2.28329 0.436469 1.913 1.25302 0.488403 0.373235 -0.270026 
1.39813 0.639946 1.19422 -1.09438 3.43994 1.92673 0.725263 2.80317 0.997552 -0.218406 0.441306 -0.169401 
1.32493 0.535516 1.45225 -0.748475 3.04208 2.11587 0.432714 2.09699 0.71169 -0.191942 0.501569 -0.0493503 
1.33946 0.795625 1.12465 -0.369695 3.02347 2.2935 0.878577 1.3724 1.35783 0.542171 0.527063 0.0543832 
1.31763 0.988359 0.287886 -0.79578 3.44995 2.58542 0.507405 2.01246 1.29063 0.753292 0.579955 -0.253812 
1.36238 0.732436 0.573886 -0.818799 3.19201 2.00197 0.811482 1.84996 1.55292 0.771707 0.39745 -0.179082 
1.3229 0.943363 0.55007 -0.939126 3.62768 2.58195 0.40181 1.45458 1.04235 0.361663 0.559154 -0.17582 
1.33374 1.25121 0.814857 -1.00694 3.3959 1.52111 1.0427 1.30033 1.56251 0.118526 0.143815 -0.136415 
1.19827 1.27372 0.904097 -0.925537 2.89928 0.845675 0.657218 1.179 1.53303 0.862426 0.140342 -0.0996967 
1.17901 2.05122 0.72061 -1.2609 2.22965 -0.32312 0.398447 0.198854 1.79974 0.682132 -0.00128537 -0.000615647 
0.387664 1.89414 1.95744 -2.01572 2.73649 -0.0663303 0.912889 0.4223 2.1655 0.980687 0.173119 0.322304 
-0.0149021 1.69633 2.0433 -2.27159 2.621 -0.144507 1.36768 0.668281 2.27103 0.887368 -0.151825 0.0290726 
-0.180609 1.79536 2.41154 -1.74775 1.96765 -0.252362 1.94129 1.29503 2.46512 0.272567 0.0664602 -0.108161 
-0.53118 1.74217 3.08408 -1.29301 1.29716 -0.519105 2.71943 1.6688 2.07201 0.342359 0.199788 -0.0441751 
-0.712534 1.61646 3.80564 -1.04352 1.00968 0.0823828 2.97808 1.26156 0.830715 0.698506 -0.0387651 -0.0735662 
-0.701073 1.52269 3.68048 -1.14243 1.08547 0.916861 2.47504 1.37332 1.13204 -0.232908 0.380307 -0.0331868 
-0.767839 1.33699 3.75343 -0.950127 0.353238 0.210541 2.59827 1.69226 0.998227 -0.104098 0.615645 -0.0596708 
-0.785597 1.42325 3.89527 -1.32522 0.0799546 -0.335253 1.93346 1.98769 1.41772 0.0841781 0.739188 0.122445 
-0.63936 1.40698 3.83921 -1.77026 0.0863025 -0.455108 1.83773 1.97412 1.41447 0.197086 0.581477 0.116355 
-0.769427 1.22276 3.41704 -1.6102 -0.252404 -0.608106 1.96316 1.20633 1.12096 0.40764 0.197495 0.0711386 
-0.852776 1.14068 3.57404 -1.43124 0.431002 0.679524 1.73892 0.418157 1.24665 -0.0723873 0.337726 0.0878984 
-0.942903 1.45613 3.27124 -0.984596 1.2441 -0.0335672 2.14877 0.787346 0.41296 0.428443 -0.0405771 0.0326678 
-0.8027 1.55164 2.93261 -0.866257 0.551702 -0.68346 1.52936 1.33562 1.05963 -0.0816544 0.36217 0.124883 
-0.849831 1.24625 4.48058 -1.32415 0.796902 -0.126485 1.91499 1.63432 1.80957 -0.267589 0.537902 0.302026 
-0.880711 1.00538 4.3941 -1.22954 0.49764 0.261034 1.79144 1.36743 0.939253 -0.0733231 0.124164 0.25122 
-0.778824 0.684378 4.07515 -0.767583 0.0312765 0.181082 1.73226 0.628912 1.63507 -0.969063 0.279686 0.2013 
-0.905042 0.89555 3.41315 -1.06509 0.27115 -0.715029 1.99221 -0.0843506 1.91752 -0.913454 -0.216638 0.425124 
-0.923797 1.00793 3.73355 -1.71258 1.60659 -0.242198 1.78069 0.172907 1.98303 -0.218009 -0.423772 0.473092 
-0.798725 0.60935 4.30296 -2.18008 1.36378 -0.244611 0.645646 1.60705 1.50199 -0.198223 0.441159 0.338658 
-0.830932 0.602553 4.43581 -1.66863 1.46519 0.678258 0.452044 1.31801 1.33823 -0.719184 0.465203 0.179933 
-0.842482 0.923445 4.32399 -1.92682 0.923828 1.25359 0.184754 1.33488 1.85665 -0.879788 0.432685 0.156135 
-0.750222 0.446182 4.51462 -1.81587 0.669234 1.37877 0.406701 0.0402582 1.92705 -0.576731 0.0758438 0.365571 
-0.617924 0.116439 4.31296 -1.21654 -0.349284 0.854524 0.967203 -0.533592 1.65381 -0.304313 -0.0881699 0.213517 
-0.494458 0.416965 3.99444 -1.33731 0.486205 0.165908 0.879868 0.998319 1.52107 -0.135311 0.279952 0.262067 
-0.24679 0.432631 3.46214 -1.16836 -0.0416884 0.545995 1.4667 0.629327 2.55642 -0.035066 0.0741986 0.223641 
-0.0879775 0.457955 3.68939 -0.471413 -0.0765227 0.451985 1.23904 0.550493 1.80786 0.119438 -0.16587 -0.00850497 
-0.0358532 0.855325 3.32439 -0.274778 0.816193 -0.368377 1.30554 1.64805 1.00456 0.431556 0.544873 -0.236581 
-0.131331 1.08657 3.42505 -0.612261 1.28424 1.04971 -0.449443 1.97002 2.4389 0.585039 0.471466 -0.082012 
-0.0569361 1.21801 3.55831 -0.894125 0.915443 1.24821 -0.419505 1.66698 1.93163 0.629026 0.518426 0.0429282 
-0.0594542 1.27122 3.35849 -0.480369 1.14929 0.599166 0.823386 0.744536 1.21212 0.0727871 0.540603 -0.00725339 
-0.010771 1.05583 3.19935 -0.417303 1.474 0.84831 0.12226 1.4089 1.83042 0.292744 0.436594 0.0257291 
0.176602 1.30113 3.08727 -0.205514 2.27589 1.25398 0.510651 2.03622 1.29063 -0.123727 0.495749 0.171025 
0.279854 1.26006 3.17983 -0.734146 2.27572 0.512783 0.215264 1.05881 0.686858 -0.459909 0.254709 0.226798 
0.105178 1.36559 3.3712 -1.06473 1.67799 1.77836 0.62319 0.864585 1.51437 0.124739 0.186465 0.282292 
0.113921 1.3564 2.93707 -0.522466 1.37783 0.800251 0.627693 1.15384 1.81971 0.336751 0.178731 0.190892 
0.222232 1.12351 2.76014 -0.0522439 1.85471 0.922236 0.542604 0.952341 1.05485 0.482153 0.433175 -0.0840631 
0.187978 1.07184 2.95004 -0.00541108 2.00648 0.41307 0.478707 0.66701 0.328477 0.334697 0.220806 -0.0147129 
0.120691 1.24413 3.39225 0.445178 1.26242 0.481729 -0.0824369 0.0308055 1.01764 -0.0607229 0.105418 0.0857703 
0.246191 1.24213 2.96144 -0.278896 1.80795 0.539925 -1.01278 0.305113 1.14251 0.0535765 0.0960103 0.0229043 
0.489695 1.25587 3.10209 -0.39195 2.42458 1.19046 0.298151 -0.206673 1.41448 0.0677069 -0.0274971 0.284149 
0.403303 1.16389 3.00205 -0.489891 1.90628 1.31143 0.0760189 -0.257036 1.36047 0.109345 0.167589 0.221415 
0.394502 1.12382 2.36094 -0.671098 0.709917 1.03697 -0.131662 0.529146 0.976311 -0.42795 0.204938 0.0671869 
0.538933 1.15381 2.40537 -0.396391 1.05452 2.09303 0.969391 0.902587 1.12015 -0.372124 0.732581 0.00302167 
0.518928 1.4725 2.42318 0.245824 1.78241 2.02378 0.28486 -0.194093 1.17055 0.0361673 0.213233 0.215559 
0.600407 1.25035 2.41246 0.759008 1.43461 0.846282 0.5288 -0.402177 0.966901 -0.405128 0.339218 0.0373077 
0.512259 1.17253 2.37363 0.402147 1.71792 0.839249 0.741696 0.314468 0.0872821 -0.380524 0.489566 -0.15615 
0.496918 0.832614 3.05206 -0.118581 1.11382 1.89069 0.122801 -0.133231 0.0121087 0.178743 0.0744729 0.0332105 
0.449203 0.661088 2.97023 0.633273 1.64658 1.21285 0.372217 -0.374438 0.578307 -0.1595 0.618916 -0.00119694 
