0.595017 0.994987 0.799206 0.700572 0.918157 0.269024 0.990113 0.417749 0.198951 0.127859 0.334477 -0.00466291 
0.572527 0.949348 0.553203 1.55391 0.849879 0.0712791 0.76296 0.986673 0.381619 -0.556834 0.189676 0.0438386 
0.567201 0.958909 0.923558 0.965284 0.649529 1.475 0.323093 1.65498 0.464516 -0.105683 0.627093 0.0217593 
0.578078 1.17221 1.23735 -0.528897 1.44509 1.69599 1.08946 0.768539 0.0447105 0.659387 0.573497 -0.0549197 
0.640321 1.00423 1.28036 0.577099 1.17197 0.320315 0.360438 1.1301 -0.243688 -0.296168 0.235547 0.0818298 
0.591 1.01067 0.807875 1.56305 1.14308 0.700682 1.19991 0.613485 -0.58038 -0.870567 0.365571 0.101721 
0.498229 0.91345 0.922228 0.932735 1.17643 1.29453 1.83568 -0.704562 -0.302368 -0.765364 0.257355 0.101234 
0.438903 0.263477 1.01397 0.571356 1.29259 0.419279 1.6082 0.385342 -0.722766 -0.473891 0.692543 0.0690011 
0.359082 -0.356584 1.14171 0.68001 -0.470362 -0.598519 2.09749 0.636268 -0.582746 -0.0630201 0.379503 -0.107571 
0.254686 -1.19324 2.11055 1.91702 -1.9093 -0.70344 4.5854 -0.402137 -1.33145 0.470001 0.409438 -0.309452 
-0.0613944 -1.38099 2.82109 2.07956 -2.55381 0.65373 4.61508 -0.769533 -1.22015 0.883361 0.271443 -0.473441 
-0.616065 -0.837619 3.1241 1.59293 -3.936 2.09159 3.82524 -0.68188 0.128095 0.812497 0.00942138 -0.376849 
-0.547053 -0.800217 3.96491 1.4211 -3.98622 1.0141 2.50288 -0.272693 0.0128467 0.364994 -0.020109 -0.17199 
-0.574091 -0.960586 4.33487 0.78707 -3.01409 1.32349 2.68714 0.953461 -0.437123 0.451069 0.467004 -0.348539 
-0.587952 -1.28872 4.58218 0.702992 -2.91347 0.346008 3.40968 0.65675 -0.724624 0.49788 0.800724 -0.667805 
-0.458567 -1.54482 4.40954 0.717792 -3.81974 -0.0133244 2.7227 -0.885461 -0.860014 1.15579 0.239104 -0.51787 
-0.396052 -1.40608 3.92452 0.825086 -3.20707 1.39252 3.0928 -0.240896 -0.618298 1.34604 0.0395536 -0.488671 
-0.432789 -1.4306 4.06944 0.674866 -3.2123 2.03232 3.43718 -0.525576 -1.03851 1.27198 -0.354689 -0.577719 
-0.729612 -0.725199 3.89143 0.795821 -3.10139 2.40114 3.06486 -0.594196 0.292947 1.31174 -0.362285 -0.251937 
-0.702489 -0.832724 3.76601 -0.53616 -3.27992 2.0067 2.20814 -0.749293 0.560802 1.59714 -0.615604 -0.102541 
-0.842236 -0.537668 4.76062 -0.388364 -3.03424 1.48052 2.36331 -1.43755 0.956093 0.635278 -0.418048 -0.191538 
-1.1343 -0.592367 4.63282 0.550266 -1.78455 2.26843 1.68615 -0.896915 0.750688 0.376204 -0.217047 -0.0443559 
-1.29333 -0.565741 3.97953 1.21303 -0.703754 1.33733 1.40642 -0.471269 0.486399 0.246552 -0.237801 -0.042714 
-1.52353 -0.655168 3.93881 0.168686 -1.65389 0.443255 1.36088 -1.02896 0.617168 0.674153 -0.402871 0.126475 
-1.6129 -0.525182 3.99046 -0.734172 -1.37092 0.00909013 1.13685 -0.0345856 1.04615 0.699574 0.280471 -0.0833421 
-1.41917 -1.20089 4.58404 0.344516 -1.50488 0.118049 1.01881 0.398849 0.485914 0.421563 0.40221 -0.0376563 
-1.18379 -1.50464 3.7403 0.0290875 -1.69538 1.11277 2.2493 -0.782825 0.968301 -0.133916 0.214757 -0.130293 
-0.759682 -1.28352 3.45604 0.760697 -2.057 -0.106436 1.77094 -0.0147973 0.924046 -0.0676437 0.274322 -0.15191 
-0.506354 -1.2125 2.82178 0.52577 -1.41347 0.3487 1.12801 1.07724 0.572676 0.10498 0.220428 -0.145433 
-0.254837 -1.22318 3.17357 0.419586 -1.23939 0.707312 1.31024 -0.0362858 0.0434171 0.225804 -0.319064 -0.251595 
0.0950023 -0.394557 4.04434 -0.0137401 -1.43764 0.644789 1.80278 0.0228811 0.835436 0.91819 -0.379324 -0.238905 
0.3994 -0.10986 4.04886 0.470047 -1.17266 1.13838 2.06803 -0.54361 0.526403 0.861735 -0.500339 -0.218658 
1.29839 0.409617 2.89635 -0.414587 -0.575636 1.57067 0.878171 -1.29963 0.266923 1.04705 -0.164242 -0.219759 
2.04518 -0.062571 1.36982 -0.414236 -0.262601 0.503622 1.29069 -1.94706 0.477222 1.2917 -0.134944 -0.0815863 
2.03586 0.276222 1.5831 -0.850884 -0.275577 0.804519 1.49069 -1.66144 0.604856 1.22785 -0.241199 -0.0436159 
2.0944 0.34131 1.67907 -0.852149 0.157068 1.09073 0.739266 -1.56909 0.390729 1.47073 -0.0619949 -0.195504 
2.04156 0.565452 1.53467 -1.31376 0.122224 1.13649 0.456002 -0.947946 -0.00884413 0.938721 0.0929971 -0.177102 
2.31058 -0.0459963 0.66659 -0.667672 0.777699 0.339332 0.292628 -1.71808 0.702582 1.17011 -0.134939 -0.154977 
2.45463 -0.122358 0.641765 -0.998804 0.645216 0.509888 0.502327 -1.50377 0.530276 1.02318 -0.228419 -0.111874 
2.48112 -0.161693 1.00688 -1.12422 0.0164311 0.537858 0.890101 -2.16762 0.691812 1.49308 -0.51844 -0.106455 
2.55891 -0.0632143 0.469376 -0.838183 0.128052 0.276765 0.880355 -2.49148 1.38936 1.62848 -0.563751 -0.122247 
2.60286 -0.0574766 0.632419 -0.601647 -0.212401 0.281659 1.28037 -2.07003 0.977667 1.1604 -0.68466 -0.112042 
2.56191 0.372021 0.47164 -0.653607 0.0503042 0.259582 0.776193 -1.72647 1.26383 0.797202 -0.398427 0.0169271 
2.51792 0.635668 0.506252 -0.534021 0.146777 0.296864 0.963182 -1.91899 1.62286 0.550157 -0.466958 0.106897 
2.4561 0.763198 1.4677 -0.460084 -0.0480784 0.00141958 1.4211 -1.52906 1.01478 0.789873 -0.447929 0.138419 
2.31395 1.07312 1.60925 -0.0662673 -0.121395 0.394075 0.575815 -1.0724 1.15192 0.892236 -0.0209296 0.0414604 
2.3806 0.562988 1.41247 0.453625 0.0126613 0.544686 0.722705 -1.54264 1.54147 1.51079 -0.0359652 -0.0312358 
2.40295 0.270076 1.37594 0.229469 0.134327 0.391237 0.85502 -1.46381 1.57787 1.51981 -0.0452382 0.14933 
2.34631 0.432042 1.03519 0.511925 -0.167076 0.349691 0.920182 -1.66933 1.4137 1.44083 0.12797 0.0512691 
2.40131 0.664957 1.71672 -0.292781 -0.825691 0.273664 2.20039 -1.43805 0.388766 0.947726 -0.324408 -0.0188843 
2.33504 0.86516 1.55286 -0.0788794 -0.740555 0.281774 1.443 -0.907491 0.536951 0.610172 -0.0511007 0.0291971 
2.50088 0.942153 1.25852 -0.766178 -0.988345 0.949496 2.05086 -0.97091 0.422493 0.337376 -0.219621 0.154495 
2.6444 0.893361 1.00993 -0.69965 -0.902065 0.672993 1.86873 -0.970725 0.727232 0.675853 -0.142465 0.0826588 
2.61382 1.04986 0.518901 -0.640243 -0.214926 0.568902 0.790066 -0.65091 1.21854 0.522387 0.0229799 0.0774388 
2.68464 1.19811 -0.0995413 -0.810515 -0.155134 0.83553 0.540364 -1.30824 1.63033 0.426711 -0.0260664 -0.000153772 
2.85698 0.772307 0.102646 -1.20028 0.297115 0.518789 0.671861 -1.30548 1.1827 0.684597 -0.286019 -0.0241743 
2.71577 1.04773 -0.524871 -0.568896 0.71717 0.588048 0.199121 -0.68775 0.987137 0.194376 -0.178046 -0.213603 
2.85346 0.619901 -0.212113 -0.638851 0.648568 0.762444 0.699572 -1.09903 1.05918 0.762414 -0.22641 -0.275437 
2.70951 0.640376 0.174365 -0.958075 0.315538 0.899818 0.681509 -1.28351 1.08864 1.0057 0.0205904 -0.0876649 
2.78525 0.528954 -0.0272478 -1.09695 0.383896 0.713089 1.09298 -1.3745 1.22615 1.08521 -0.132072 -0.0755795 
2.74072 0.61025 -0.182681 -0.774153 0.608053 0.694146 1.02231 -1.20811 1.05646 1.05417 0.217815 0.0377445 
2.65762 0.595166 0.164442 -0.547424 0.837389 0.522758 0.726465 -0.798756 1.13472 1.22898 0.356044 0.0769939 
2.52584 0.664163 0.201493 0.102331 0.777773 0.477326 0.513657 0.578889 0.903487 0.620003 0.442015 0.186729 
2.32438 0.965845 0.940437 0.234949 0.860917 1.77752 1.71614 0.180235 0.242091 0.154844 0.0436651 0.073921 
2.29337 1.25479 0.829381 0.565179 1.14818 1.55339 2.6817 -0.355429 0.205727 -0.177018 -0.126894 0.0599012 
2.50846 1.27708 0.49538 -0.411915 1.67685 1.45794 1.6925 -0.0763865 0.0828463 0.0545023 -0.0240734 0.0911126 
2.41883 1.49932 0.712694 -0.610917 0.591389 0.85625 1.9601 0.179388 -0.0447836 0.534544 0.282226 0.141073 
2.43581 1.39817 0.603244 -0.44454 0.764755 0.306085 1.4995 0.482473 0.301773 0.918371 0.430734 0.0771716 
2.3209 1.31755 0.706518 -0.353347 0.0636842 0.720487 1.51063 0.513559 0.629616 1.08818 0.551989 0.100609 
2.39226 1.36389 1.27669 -1.47023 0.185959 0.973631 2.13106 -0.465789 0.676619 1.36355 0.290435 0.288959 
2.31789 1.51908 1.18458 -0.99278 0.623763 0.941386 1.99366 -0.243109 0.128421 0.913392 0.243512 0.210636 
2.16066 1.7506 0.990854 0.0788256 1.28362 0.893514 0.962618 -0.207288 0.684939 0.832073 0.241709 0.033889 
2.10913 1.62425 0.865964 0.61207 1.66797 1.18896 2.46788 -0.105076 -0.207295 0.339249 0.204973 0.175462 
2.20907 1.57273 1.11393 -0.0256211 0.838871 1.73941 3.25129 -0.64626 -0.404823 0.904364 0.138705 0.098681 
2.06309 1.63513 0.921419 -0.097669 0.942434 1.78041 2.53806 0.225672 -0.200857 0.767239 0.172676 0.121248 
1.96016 1.58603 1.50964 -0.521059 0.319079 0.368022 2.07552 0.639898 0.912174 0.48072 0.299481 0.233192 
2.03385 1.7486 1.57604 -0.512709 0.876059 0.452313 1.38633 -0.140623 0.0842691 0.619571 0.175227 0.165462 
2.08508 2.00554 1.31325 -0.573362 1.07183 0.403188 1.86936 -0.870121 -0.074281 0.833515 0.0844363 0.228136 
1.98724 1.62538 1.8445 -0.566165 0.987694 1.0845 1.97843 -0.0471947 0.231378 0.487666 0.0618759 0.23293 
1.98374 1.8492 1.45412 -0.251912 0.462481 1.85383 1.20595 0.278089 1.24948 0.771662 0.562512 0.345939 
1.95088 1.84613 1.74568 0.367564 0.57856 0.96662 0.87436 0.825432 1.23722 0.713606 0.275808 0.0666399 
2.0968 1.23892 1.21153 0.0689295 1.43924 1.71512 2.37169 0.547481 0.956876 0.550161 -0.0298153 0.0436741 
1.87556 1.58145 1.12562 -0.155647 1.11682 1.61721 2.26485 0.352199 1.47491 0.485731 0.278968 0.220631 
1.81216 1.96147 1.6797 -0.216506 0.781182 1.49344 2.09105 0.364922 0.967227 0.497896 0.267945 0.242681 
1.94988 1.8127 1.34183 0.571567 0.982009 1.30216 2.44183 0.462012 0.781174 0.540576 0.230707 0.133077 
1.84117 1.92114 1.36327 0.795546 0.323309 0.8144 2.38625 0.320096 1.20165 1.1516 0.389274 0.0910195 
1.71134 2.0448 1.32162 1.04594 0.797454 0.630164 1.94882 1.15156 1.20538 0.685907 0.379826 0.12581 
1.65904 1.93906 1.67505 0.732928 1.26654 1.275 1.8951 1.97635 0.738254 0.961112 0.333501 0.134358 
1.6005 1.62682 2.05475 0.930777 1.42404 0.891283 2.39267 1.33758 1.04925 1.13956 0.271947 0.16431 
1.60555 1.91686 2.03709 0.989827 2.60992 0.76532 2.22449 0.82341 0.616079 0.680282 0.204404 0.256119 
1.43332 1.72094 2.36679 0.671979 1.80932 1.02738 2.23685 0.706736 0.69026 0.714553 0.604534 0.322254 
1.4926 1.9448 2.45732 0.610208 1.23515 0.98027 1.83587 1.04096 1.4489 0.887016 0.0673406 0.151524 
1.66771 1.85614 1.9759 1.29923 1.84018 1.00259 1.0507 0.294308 0.802848 0.760478 0.0512999 0.0601933 
1.37578 1.85596 1.82578 0.888434 1.65993 0.873255 1.2926 0.590862 0.777112 0.470385 0.0173281 0.0588842 
1.26744 1.62684 1.74147 0.977374 0.971199 0.788928 1.52687 0.0916009 1.37306 0.570696 0.262402 0.109255 
1.40258 1.61289 1.8754 1.36307 1.05968 0.528176 1.36716 0.501246 1.6151 0.164736 0.444692 0.188304 
1.3953 1.42427 1.64433 1.56052 2.17729 1.97134 2.5929 0.553018 0.414901 0.173381 0.450741 0.265649 
1.44204 1.29405 1.71991 1.17533 1.04406 1.37882 2.98607 0.274708 0.64881 0.467046 1.07649 0.368103 
1.39903 1.20128 1.74824 0.751527 1.10023 0.70324 3.08225 1.24963 0.514438 0.449517 1.27719 0.3863 
1.29539 1.2965 1.69294 0.27497 1.68612 1.71977 2.74806 0.839689 1.02546 0.518476 0.858508 0.356302 
1.32938 1.58141 1.60649 0.181218 1.98369 1.88918 1.90586 1.98566 0.99981 0.181647 0.700145 0.202546 
1.15052 1.4334 2.13842 0.44119 1.24638 1.35114 2.13036 1.92642 1.22796 0.75349 0.70704 0.163346 
1.15222 1.34611 1.8612 0.905208 1.64056 1.01255 2.16289 0.621169 0.238641 0.513588 0.684483 0.19128 
1.13115 1.4792 1.1412 0.444334 1.48957 1.38142 1.95109 0.625157 0.920384 0.404085 0.600599 0.131623 
1.11305 1.29484 1.18024 0.163691 1.05845 1.76967 2.52041 0.959001 1.0375 -0.0100324 0.660765 0.0513809 
1.24551 1.10505 1.2271 0.443094 1.77139 0.668097 1.86587 1.52951 0.623034 -0.0238085 0.363303 0.0694526 
1.19337 0.978691 1.83059 0.736968 1.04284 0.633127 2.0816 0.48585 1.35225 0.694093 0.442785 0.109984 
1.08947 1.02441 1.99824 0.891454 1.78175 0.857749 2.41076 0.568816 1.49508 0.642163 0.244896 0.235678 
1.20478 1.46388 1.81756 0.503359 1.3037 0.683892 2.3894 1.34337 1.19945 0.471113 0.5489 0.183751 
1.17225 1.36535 1.68141 0.745605 1.76511 0.827234 2.03568 0.762186 0.873976 0.108503 0.775606 0.22861 
1.05951 1.44008 1.54947 1.4018 1.43141 0.537473 1.61009 0.647124 1.22715 0.504938 1.02418 0.183581 
1.09197 1.36516 1.06789 0.892999 1.62404 0.729241 2.66719 1.53576 0.670745 0.516995 0.754353 0.170491 
0.995108 0.972109 1.14818 0.481419 2.36346 1.09608 2.11468 1.44041 0.425 0.156108 -0.331929 0.105078 
1.05641 0.918873 1.06592 0.545232 1.22808 0.247343 0.996568 1.01661 0.12675 0.450509 0.128604 -0.00480977 
1.03213 0.993295 1.6157 0.398893 1.17861 0.857374 0.958896 0.711042 -0.183744 0.671746 0.262532 -0.0334429 
0.971484 0.914112 1.51544 0.678105 1.10868 0.312304 1.45584 0.205494 0.804552 0.322001 0.0780558 0.101941 
0.883256 1.03377 1.24706 1.19991 1.15869 0.8153 2.3553 0.836647 0.676179 0.498505 0.504101 0.0811605 
0.996314 1.26255 1.19541 0.946646 1.47482 0.659864 1.98658 1.41662 0.104483 0.470231 0.872466 0.11879 
0.997884 1.26212 1.3508 1.59635 0.863707 -0.280838 1.24526 0.813829 0.751774 0.264805 0.496149 0.144435 
0.865686 1.14428 1.68842 0.632075 1.09742 0.0867338 1.48127 0.555667 1.11334 0.281559 0.464791 0.0816986 
0.993732 1.14803 1.9417 0.937259 0.723693 1.14317 1.67422 0.472098 1.1277 -0.0769748 0.557074 0.175719 
0.946302 1.42368 2.05925 1.40287 0.942183 1.63332 1.41085 1.49805 0.870582 0.358511 0.15695 0.163991 
0.945163 1.33698 1.86959 2.0645 1.01604 0.598785 0.0309593 1.61058 0.975136 -0.0348125 0.36848 0.206316 
0.870641 1.13375 1.61201 1.05463 0.751458 0.935116 0.743756 0.57606 0.986335 0.326848 0.599743 0.0991385 
0.904161 1.07132 1.95232 1.20113 0.910985 1.2281 1.60098 0.790686 1.1706 0.531005 0.574466 0.135763 
1.03599 1.14993 1.34876 0.617114 1.57929 1.15199 1.78262 1.43264 1.04241 0.607581 0.790548 0.12991 
1.01932 1.23064 1.60459 0.162029 0.979082 0.662327 2.03651 0.998448 1.25274 0.304763 0.828957 0.104618 
