0.744272 1.39451 1.39757 1.02004 1.25577 0.375248 0.93832 1.62092 0.998562 0.305275 0.0698052 0.0911599 
0.735193 1.09029 1.35376 0.945793 0.989112 0.890695 -0.367575 1.59117 -0.0509582 0.504149 0.00691613 -0.0662657 
0.618122 1.36061 1.62712 1.03941 0.829174 0.979984 0.62634 0.468273 0.507223 0.834897 0.0313781 -0.0799652 
0.628204 1.25074 1.50636 0.91628 1.15237 1.08312 1.21499 1.16201 0.571808 0.775926 -0.0558055 0.0153049 
0.746004 1.43294 1.04507 1.15874 1.36013 0.817341 1.53016 1.55514 0.898885 1.08569 -0.0607086 0.0944578 
0.728057 1.53848 0.910844 1.21904 1.38488 0.962733 1.48511 1.45661 1.49819 0.94727 0.0115419 0.0741303 
0.719819 1.4605 1.47075 0.673825 1.71547 1.09765 1.30773 1.27422 1.57026 1.06774 0.0658726 0.0908041 
0.675696 1.04012 1.12868 1.04858 1.70755 0.561986 1.74156 1.29368 0.797689 0.841453 0.321101 -0.0378509 
0.672392 0.783268 1.01219 0.704717 1.17482 0.43727 1.08927 0.901992 0.288135 0.102471 0.174996 -0.166656 
0.610772 0.982697 1.18505 1.03316 0.931242 1.25728 1.41886 0.583398 1.4198 0.574786 0.664707 -0.17254 
0.662958 1.26961 1.35405 1.6738 1.29193 0.885153 0.657371 0.524277 0.929155 0.57264 0.501004 -0.0763138 
0.694405 1.45868 0.981738 1.36688 1.69614 1.39803 -0.144132 0.437306 1.18487 -0.195772 0.135914 -0.0222862 
0.622163 1.33012 0.867906 1.13717 0.683741 1.00824 0.485845 0.684201 1.44084 -0.0142269 -0.314167 0.180167 
0.653938 1.11021 0.904696 1.89535 1.30644 0.616472 0.892396 1.56636 1.26901 0.0565078 0.153435 0.123951 
0.648709 1.10639 1.32767 1.65011 1.43053 0.732724 1.6604 1.43711 1.08796 0.51058 0.000798869 0.152032 
0.797655 1.34368 1.86508 1.69769 0.969164 0.112436 0.955972 0.901189 1.14459 0.0555176 0.257045 0.0893462 
0.69022 1.46589 1.58868 1.43361 1.31905 -0.254335 -0.359657 0.792556 0.460054 0.0517145 0.308752 -0.0710927 
0.869027 1.94828 1.52637 1.38343 1.13792 0.832301 0.448457 0.960279 0.631609 0.758426 -0.0840834 0.1113 
1.1343 2.07254 1.69038 2.30992 1.85603 0.875416 0.879358 1.34276 1.06231 0.733515 0.188819 0.197248 
1.34929 2.36107 2.82759 2.11226 2.82053 1.18586 1.918 0.955911 1.10982 0.285843 0.193681 0.154117 
1.85225 2.87332 2.37731 1.49337 2.77418 2.84075 1.95896 -0.511382 0.442529 0.0930302 0.0890335 0.151598 
2.03279 2.78265 1.83157 1.51674 3.66081 3.31987 1.93647 -0.94229 -0.44861 0.120471 0.341801 0.249079 
2.08713 2.62077 1.77151 1.4579 2.75638 2.2719 1.93314 -0.235401 -0.650583 0.752003 0.0856017 0.131143 
2.29129 2.56062 1.1653 0.463284 1.90461 2.08797 1.23763 -0.458044 -0.782125 0.535174 0.288688 0.216675 
2.15251 2.2724 1.19838 1.03009 1.68583 1.56222 0.980345 -0.845317 -0.292157 0.269133 0.263414 0.116278 
2.2986 1.95299 0.845407 1.00888 1.61528 0.693077 0.505638 -0.861026 -0.182609 0.535472 0.44171 0.125979 
2.62604 1.43595 0.665013 0.878761 1.7862 -0.668963 0.71274 -1.19124 -0.467332 1.00689 0.706575 0.185498 
2.87781 1.33368 0.129142 0.57631 1.76361 -0.731434 0.218693 -1.35997 -0.290719 0.973307 0.767603 0.214722 
2.92998 1.29115 -0.800007 0.559374 2.0314 -0.358059 -0.819846 -1.44282 0.100663 0.901372 0.634798 0.077404 
2.7717 1.69161 0.0406671 0.890548 1.43538 -0.376582 -1.04852 -0.776999 0.16568 1.063 0.601234 0.0335233 
2.78082 1.20658 -0.74555 0.736758 1.04142 0.0705315 -0.879431 -1.74465 0.53126 0.977253 0.643949 -0.0624924 
2.67702 0.941804 -0.593458 0.996227 -0.0829752 -0.308844 -0.144893 -2.58358 0.79266 0.994737 0.571437 -0.312093 
2.83231 0.971775 -0.731964 0.233328 1.46407 -0.648137 -0.998978 -1.90416 0.388515 0.731705 0.298444 -0.122027 
2.7972 0.719901 -1.20325 0.417605 1.25073 -0.579951 -0.332354 -2.6813 0.469129 0.538032 0.400573 -0.11584 
2.69761 1.14946 -0.612026 0.505416 0.883111 -0.277825 -0.584322 -1.71647 0.718318 0.752653 0.450802 -0.094298 
2.95834 0.589138 -0.96288 0.953963 1.2841 -0.55047 -0.961763 -1.54346 0.575462 0.934884 0.427048 -0.122233 
2.79451 0.733405 -0.541172 0.96001 0.63791 -0.653043 -0.193239 -1.57771 0.854142 1.0389 0.497841 -0.147314 
3.00222 1.02208 -0.977124 0.583572 1.91271 -1.05203 -1.46112 -1.0772 0.778119 1.1221 0.29807 -0.19422 
3.13761 1.06754 -1.1118 0.373035 1.96712 -0.954637 -1.74303 -1.04168 0.70781 1.16231 0.294041 -0.213144 
2.91007 1.11286 -0.92256 0.133642 1.4495 -0.800662 -0.924763 -1.02709 1.09429 1.21235 0.393251 -0.17645 
3.09496 0.814288 -1.22414 0.0370031 2.15293 -1.06969 -1.33345 -0.878269 0.863688 1.20678 0.199433 -0.231687 
2.90006 1.04754 -0.432661 -0.0498625 1.2113 -0.469897 -0.628598 -1.12181 0.987608 1.03051 0.182399 -0.247517 
2.95144 1.00711 -1.17895 0.180789 1.97601 -0.458901 -1.09902 -0.249527 1.19637 1.16922 0.0429341 -0.391015 
2.77918 1.41835 -1.08424 0.0354448 1.70746 -0.660864 -0.585501 -0.51697 1.33797 1.0483 0.00368725 -0.444026 
2.96159 0.875244 -1.82153 0.158596 2.36854 -0.453148 -0.206997 -0.280826 1.4175 0.976448 -0.133463 -0.451789 
2.93533 0.693332 -1.5707 0.254503 2.1682 -0.370943 -0.265638 -0.201686 1.26868 0.776193 -0.316331 -0.555035 
2.82227 0.92271 -1.2843 0.112047 2.14741 0.514329 0.0257448 0.0760994 1.08258 0.721896 -0.244128 -0.526069 
2.68319 0.735003 -1.33735 0.766355 3.16471 1.31703 0.0224552 0.205173 0.382063 0.299646 -0.461783 -0.480021 
2.62474 0.869875 -1.21855 0.651226 2.80787 0.975211 0.934087 0.140993 0.298251 -0.0896496 -0.561182 -0.41671 
2.79233 0.422034 -1.46128 0.845338 3.55282 0.97063 0.621037 -0.0496243 0.571359 0.348864 -0.280699 -0.277995 
2.58867 0.781407 -1.19672 0.90542 3.00205 1.0501 0.280987 -0.22096 0.601769 0.230382 -0.297965 -0.322714 
2.67755 0.776842 -1.57357 1.03302 3.84373 1.75659 0.212014 -0.274999 0.270635 0.423611 -0.0369978 -0.14378 
2.79524 0.558708 -1.70179 1.29024 4.49022 1.881 0.191021 -0.59871 0.0901911 0.304333 -0.144556 -0.182456 
2.57286 1.00654 -0.72873 1.28615 3.51854 1.33279 0.510954 -1.32716 0.304418 0.0996808 -0.0221102 -0.158034 
2.66901 0.18963 -1.00374 1.28513 4.42321 2.26381 -0.433879 -0.631258 -0.0812622 0.390084 0.148363 -0.0812398 
2.40599 0.767624 -0.853896 1.321 3.64297 1.97251 0.284081 -0.701022 0.0705399 0.045221 -0.105799 -0.175842 
2.70158 0.423389 -1.12476 1.84912 4.93154 1.73481 -0.147424 -0.667698 0.131796 0.506517 -0.0534213 -0.193277 
2.67146 0.203795 -0.643025 1.77105 5.45759 1.56334 0.193058 -0.75335 -0.0962795 0.509451 -0.119702 -0.140056 
2.58135 0.996146 -0.834039 1.58996 4.57962 1.31236 0.88267 -0.621359 0.2604 0.392223 -0.162954 -0.181759 
2.62807 0.683025 -1.3343 1.70564 4.1927 1.73447 0.42752 -1.21088 0.39006 0.604789 0.279621 -0.160207 
2.45604 0.866225 -0.533419 2.28802 3.52236 1.93168 0.846131 -1.00099 0.391926 0.303607 0.034107 -0.314628 
2.48006 0.687478 -0.814103 1.67499 4.71552 1.85448 0.776902 -1.29981 0.335758 0.526749 0.144801 -0.116462 
2.50167 0.622969 -1.10134 1.72261 4.74393 1.48535 0.364835 -0.814046 0.517724 0.595588 -0.00724276 -0.147449 
2.38204 1.24575 -0.491521 1.77377 4.2213 1.54998 0.741497 -0.229122 0.702248 0.513108 -0.130679 -0.229883 
2.42902 1.1583 -0.960274 0.949468 4.22193 1.17873 0.645407 -0.223624 0.661163 1.22284 0.338507 -0.0261316 
2.47961 0.574136 -1.14737 1.11827 4.47117 1.5708 -0.0860964 -0.0228888 0.303388 0.862684 0.055879 -0.188651 
2.33342 0.768372 -0.356527 1.07947 3.95148 1.79209 0.657957 -0.329925 0.305525 0.523179 -0.0182145 -0.189796 
2.2675 1.01607 0.325668 1.84303 3.37934 1.86894 0.64322 -0.582727 0.768959 0.392404 -0.0705928 -0.232851 
2.35717 1.03243 0.0551352 1.77143 4.1096 1.88847 0.442326 0.0769317 0.592932 0.339704 -0.194256 -0.225273 
2.28371 1.15788 0.298831 1.58563 3.39377 1.62589 0.540502 -0.925707 0.687007 0.147225 -0.020612 -0.119155 
2.16057 0.926005 0.37529 1.87974 2.75023 0.921 0.991884 -1.14216 0.75989 0.764915 0.33354 -0.0711886 
2.15307 1.19981 0.464394 1.73598 2.98209 1.10029 0.874489 0.328469 1.21893 1.01349 -0.0962017 -0.319769 
2.07252 1.24381 0.240937 1.41152 3.27494 1.41235 1.06578 -0.22205 1.50765 0.415907 -0.0421421 -0.152696 
1.93832 1.11728 0.120705 0.963798 3.21458 1.8084 0.559426 -0.334495 0.456632 -0.0767374 0.214266 0.108589 
1.97138 1.33922 0.682287 0.637056 3.72932 1.83679 -0.0929959 -0.0327242 0.704254 0.31803 0.269313 -0.0499499 
2.10558 1.63658 0.856795 1.55651 4.14005 1.76004 0.33466 0.0750405 0.680129 0.831931 0.146027 -0.1503 
2.00448 1.518 1.19362 2.3814 3.69603 2.09999 0.814941 0.761313 0.964782 0.766811 -0.135416 -0.211961 
1.81828 1.18429 1.07936 1.77499 3.45259 2.21461 0.473009 0.264663 0.835718 0.398168 0.352856 0.105249 
1.68531 1.25331 0.705845 1.14988 3.91957 1.70069 0.61489 -0.371904 0.779708 0.659899 0.528994 0.132022 
1.84849 1.42036 0.875675 1.22026 3.55912 1.97443 0.820144 -0.312077 1.10911 0.898771 0.20931 -0.0618849 
1.75859 1.61627 0.728953 1.60189 3.31239 2.66503 1.04115 0.697574 1.57337 0.345059 0.163563 -0.0227357 
1.68326 1.66867 1.0206 1.70962 3.66428 2.55314 1.22996 0.346405 0.8588 0.354346 0.136701 0.0185633 
1.55537 1.28729 1.22011 2.04113 3.34595 2.10206 1.28811 0.627523 0.407708 1.35611 0.195106 0.0466694 
1.74194 1.23252 1.56602 1.47461 3.66201 2.27538 0.425587 1.5691 0.420239 0.649593 0.0332387 -0.146983 
1.58902 1.37504 1.77455 1.42561 4.09598 1.74975 0.628822 0.857608 1.02634 0.489697 -0.17823 -0.09737 
1.48854 1.39564 1.69654 1.31945 3.63506 2.2433 0.44825 0.393282 0.981719 0.507004 0.225252 -0.00245053 
1.56449 1.28639 1.2399 1.21893 3.09054 1.25163 0.864554 0.247282 0.950306 0.362361 0.196456 0.0451382 
1.57927 1.23309 0.696065 1.42562 2.67924 1.02567 1.61979 -0.293086 0.30832 0.365357 0.278877 0.0674547 
1.549 1.27642 1.39857 1.4595 2.79359 1.61702 0.589243 -0.265528 1.09755 0.693466 0.0356569 -0.0674482 
1.41911 1.38624 1.46205 1.26707 3.21438 1.82187 0.481859 0.0311579 1.44073 0.672126 -0.0999397 -0.0485828 
1.37834 1.36539 1.64399 1.10156 2.92884 1.94085 0.532023 0.501275 1.25907 0.805715 0.226722 0.0579752 
1.46358 1.41671 1.19475 1.13056 2.3934 2.23716 1.18073 0.0437857 1.66111 0.9303 0.363254 0.124135 
1.3359 1.00461 1.74817 0.863213 2.68924 1.52295 1.01053 0.212688 1.42229 1.13188 0.0218905 0.0817176 
1.29146 1.25279 1.3183 0.646986 1.97955 0.919712 1.03902 0.189934 1.36653 1.13103 -0.026117 -0.00571069 
1.36479 1.60106 1.54578 0.971246 2.952 1.77765 0.796997 0.342129 1.08038 0.929843 0.470549 0.164054 
1.31623 1.63305 1.85689 1.54653 2.99306 2.15301 1.05078 -0.454706 1.45698 0.655434 0.723179 0.259548 
1.21061 1.39342 1.79873 1.6015 3.31314 1.91527 1.51291 -0.183682 0.846617 0.818033 0.522052 0.218289 
1.25829 1.13142 1.78813 0.87586 2.98151 1.16 1.95332 0.458797 0.499521 0.379199 -0.0338712 0.211701 
1.39645 1.53924 1.52591 1.53051 2.6514 1.37342 1.22722 0.379566 1.62707 0.461512 0.285941 0.153966 
1.46762 1.5868 1.57912 1.09246 2.55036 1.56557 1.26359 1.23709 1.55322 1.48874 0.223063 0.138885 
1.50382 1.83938 1.92963 1.62454 3.1379 1.81337 1.00823 1.47819 1.31688 1.34318 -0.180221 0.0223544 
1.3409 1.22218 1.16095 1.19008 2.57388 1.10774 0.768782 1.04447 0.792216 1.43244 0.502005 0.0955506 
1.20976 0.911395 1.23566 1.27158 2.48943 1.46156 0.454798 -0.79689 1.10989 0.928855 0.380501 -0.0209998 
1.19201 1.25037 2.10063 1.34292 2.41461 0.728177 0.912073 0.0713176 0.21852 0.888546 0.691603 0.139834 
1.22665 1.17292 2.1419 1.05114 2.87049 0.945848 0.774454 0.0108935 0.943881 0.734541 0.847081 0.261676 
1.35364 0.949572 1.62069 1.01606 2.8546 1.23213 0.387128 -0.294618 0.825649 1.62597 0.532301 0.0249642 
1.27865 1.01082 1.4111 0.788558 2.9992 1.00565 0.975504 0.254166 1.2402 1.33454 0.435252 0.121596 
1.10437 1.47064 1.22439 1.57677 2.13985 0.868619 0.997459 0.526179 1.26878 1.1294 0.883181 0.171012 
1.16418 1.56119 1.17053 2.28579 2.63986 0.0531432 0.476451 0.446474 0.50364 1.20217 1.17066 0.237101 
1.1142 0.994114 1.45523 1.68752 3.01346 0.285811 0.582406 0.111794 1.3762 1.19088 1.06599 0.110951 
1.08537 0.942391 1.52799 0.841102 1.76883 0.538827 0.591524 0.283242 1.20164 0.863787 0.731454 0.095816 
1.10854 1.14666 2.0577 1.68232 1.76476 0.424534 1.74061 0.803035 1.49993 0.351725 0.730206 0.280203 
1.07647 1.21031 2.17175 1.32275 2.15766 0.951005 2.6181 0.726944 1.4632 0.238085 0.687123 0.322504 
1.06286 1.26684 2.16492 1.17294 1.99539 0.345522 2.29362 1.29425 1.08348 0.392975 0.702242 0.266076 
1.07384 1.52486 2.06475 1.52013 2.48576 -0.466172 1.53668 0.884028 1.1196 0.348533 0.81889 0.32161 
1.10314 1.63004 2.05191 1.08406 2.4808 -0.225599 1.29237 1.36521 0.999017 0.75906 0.550312 0.25764 
0.888789 1.41627 1.64915 0.482697 2.43679 -0.0118385 2.19531 1.40669 0.817232 0.46838 0.6806 0.131471 
0.982258 1.20119 1.7651 1.54276 1.85533 1.89404 1.03978 0.550316 0.979898 0.769687 0.892836 0.106531 
1.01112 1.01982 1.67828 1.48728 2.13918 0.987549 1.59603 0.396736 0.895374 1.18981 0.542973 0.11505 
1.0516 1.3689 1.84627 1.488 1.73469 0.645628 1.42879 0.743976 1.22964 0.497274 0.71875 0.186403 
0.970604 1.2283 1.67189 0.740819 1.146 0.844092 1.72193 0.978866 0.941238 0.0677286 0.510554 0.0946566 
0.941159 1.39572 1.65474 0.993735 1.2185 1.29634 2.74137 0.691474 0.766467 0.707741 0.718762 0.110383 
1.03622 1.27051 1.55304 1.5823 1.57004 0.654065 1.33514 0.236538 1.04823 0.988575 0.788589 0.112364 
1.04681 1.36553 1.55102 1.74146 2.3738 0.430251 1.05907 0.646336 0.714269 1.09267 0.552163 0.138895 
0.975908 1.56556 1.83324 1.27761 2.08796 -0.0540228 1.55681 1.20685 0.14962 0.581959 0.345292 0.135215 
0.80017 1.44273 1.55813 0.972151 2.03766 0.336326 1.31204 0.551028 0.353822 0.797291 0.491086 0.0441927 
0.893396 1.25269 1.85737 0.304136 2.11017 1.35246 1.11384 1.03704 1.32245 1.26785 0.0793844 0.118163 
0.729905 1.18714 1.351 0.941136 1.77836 0.727054 1.183 0.817313 0.878873 0.833294 0.273454 0.0161646 
0.766362 1.12022 1.47395 1.61306 1.93453 0.684457 1.48734 0.760702 0.818944 0.772462 0.467273 0.0603064 
0.744647 1.17392 1.74454 1.1891 1.9496 0.604973 1.67887 0.580639 1.21931 0.717187 0.578576 0.0907521 
0.851613 1.46374 1.6363 1.15485 1.90138 0.525303 0.98181 0.742477 0.490587 0.443264 0.180426 0.0805652 
0.875759 1.48727 1.36249 0.879504 1.92707 0.521748 0.359406 0.0132772 -0.0420538 0.361088 -0.104338 0.082224 
0.902027 1.00993 1.88156 1.18538 1.82881 1.2704 0.868748 0.635914 -0.185886 0.407343 0.300638 -0.0432455 
0.745683 1.26135 1.74568 0.769118 1.68163 1.26336 1.75963 1.14142 -0.430626 0.760996 0.624096 -0.116027 
0.616817 1.33198 1.51915 0.58815 1.93259 0.441571 0.679892 0.602541 1.30775 0.569005 0.41364 -0.079307 
0.664875 1.27531 1.66712 0.9685 2.22004 0.600742 0.814019 0.407813 1.77393 -0.189352 0.14315 0.0786752 
0.718151 1.24741 1.74496 1.45102 1.69439 1.10681 1.03333 1.17797 0.842064 -0.187441 0.0280188 0.119767 
0.866982 1.18177 1.73307 1.72914 1.3835 0.8268 0.889317 1.28841 1.32436 0.314476 0.43969 0.126424 
