0.618813 1.01914 1.54378 0.883298 0.419088 0.530454 1.40303 0.791935 0.133572 -0.0245806 0.340239 -0.00300786 
0.588848 1.24227 1.17945 1.18862 0.688488 1.1455 1.42205 1.48263 0.558419 0.618444 0.235834 -0.0288774 
0.588448 1.15936 1.34485 2.2758 1.16605 0.369995 0.957029 1.30591 0.891591 0.613405 0.366695 0.0603092 
0.545426 1.16907 1.59923 2.02794 1.65472 -0.196209 1.55947 1.54068 -0.285659 -0.0756572 0.213539 0.124721 
0.56069 1.30159 1.18917 1.24191 1.65027 0.431002 1.06834 0.41044 0.427789 0.311894 0.105582 -0.0714379 
0.613989 1.33811 1.27952 0.654091 1.50383 1.38738 1.01593 0.367592 0.432682 0.53357 0.183891 -0.000705636 
0.55777 1.29301 1.58521 1.37722 1.79895 0.599583 1.27692 0.84442 0.462018 1.09301 0.120647 0.0844144 
0.590407 1.34184 1.55525 1.45215 1.64383 0.722946 1.10473 0.706206 0.151834 0.745216 0.619781 -0.0895533 
0.64231 1.40398 1.28253 0.853256 0.938744 0.513984 0.498423 0.818235 0.0592232 0.822912 -0.166628 0.110154 
0.583412 1.02506 1.33587 0.462734 0.932033 0.429464 0.608714 1.10564 0.294925 0.360329 0.28618 0.108073 
0.561967 1.02297 1.39332 0.363594 0.929665 0.899433 0.59257 0.657633 0.679591 0.0299751 0.589117 0.0621324 
0.57557 0.946675 1.92677 0.783948 1.73726 0.662303 0.399996 0.465459 0.751876 -0.190899 0.24398 0.151738 
0.448633 0.967152 1.00562 0.9367 0.401125 0.25164 1.15119 -0.0123217 0.329895 0.273648 -0.0865084 -0.000415898 
0.473587 1.29638 1.15295 1.82053 0.712867 1.2301 1.14648 0.435036 0.603596 0.147856 0.359529 0.039842 
0.554024 1.42162 2.04557 2.2508 0.801152 0.849027 1.55906 1.06756 0.713734 0.591974 0.507348 0.0929709 
0.769696 1.68312 2.20251 2.21904 1.35392 1.24955 1.51015 1.15379 1.08972 0.489031 0.355075 0.182523 
1.00875 1.53113 1.78684 1.8982 1.76356 1.74152 1.52971 1.43204 1.3303 0.581073 0.385965 0.208283 
1.28098 1.86731 2.28319 2.26571 2.36555 2.11512 1.45062 1.43075 1.1469 0.310078 0.198351 0.157619 
1.44742 2.38538 2.80267 2.95587 2.71287 1.97415 1.57883 1.00759 0.752893 0.265878 0.323968 0.084939 
1.79546 3.09963 3.53363 3.37138 3.51926 1.3644 1.18722 0.794651 0.222371 -0.0287335 0.0467473 -0.059341 
1.82454 2.97625 3.41263 3.31851 3.22885 1.50947 0.583086 0.581357 0.466801 -0.174184 0.0246007 -0.0812406 
1.75082 2.99097 3.3556 2.98949 3.12434 1.1636 1.48737 -0.0867141 -0.287363 -0.747257 0.0850241 -0.152496 
1.91132 2.7726 2.9572 2.47931 3.0179 1.26343 1.41778 -0.686182 -0.816415 -1.0049 -0.136912 -0.168463 
2.14082 2.34065 2.32475 2.68224 2.85877 1.65449 0.862786 -1.15706 -0.30987 -1.2723 -0.157884 -0.108633 
2.12285 2.19907 1.5911 1.86751 4.07375 1.56644 0.469567 -1.71643 -0.00276857 -1.24496 -0.0405524 -0.0584607 
2.23059 1.85735 0.94211 2.32784 4.19214 1.79555 -0.358382 -1.69109 0.170467 -1.31862 -0.159136 -0.144518 
2.29621 1.93846 0.0997798 2.46996 4.17212 2.15913 -0.856743 -1.85666 -0.0467557 -1.12236 -0.123024 -0.280092 
2.33983 1.70719 -0.272625 2.17937 4.55582 1.28778 -0.799513 -1.95873 -0.419903 -0.84063 -0.307565 -0.224159 
2.24403 1.38291 -0.146224 1.77166 4.24279 1.00574 -0.935817 -1.29954 -0.663416 -0.799078 -0.357091 -0.106041 
2.49264 1.33396 -0.218028 1.57543 4.27446 0.686071 -1.6404 -1.2642 -1.05634 -0.689694 -0.447818 -0.0603966 
2.57726 1.55129 -0.622791 1.37947 4.09026 0.0718667 -1.65009 -1.62937 -1.32524 -0.78113 -0.651725 -0.0411305 
2.52833 1.90231 -1.17375 0.906048 4.12146 -0.53877 -1.26594 -1.97639 -1.50927 -0.744794 -0.85323 0.0654983 
2.63487 1.56 -1.14663 0.992508 4.27382 -1.0574 -0.857935 -2.56558 -0.844867 -0.757705 -0.770536 0.0951513 
2.67642 1.49713 -1.28727 0.880428 3.67288 -1.51345 -0.807607 -2.70213 -0.466139 -1.07232 -0.72043 0.216367 
2.49039 1.41196 -1.11447 0.637021 2.81331 -1.37667 -1.12185 -1.98048 -0.135395 -0.901235 -0.446029 0.208899 
2.54157 1.29666 -1.30388 0.457027 2.43127 -1.53796 -1.05309 -1.5788 0.129393 -0.56855 -0.262086 0.324117 
2.54418 1.22334 -1.23905 0.239633 2.25863 -2.41964 -0.589061 -1.6454 0.0829352 -0.52348 -0.233542 0.517018 
2.61822 1.05377 -1.29552 0.47142 2.10183 -1.62895 -1.26794 -1.32924 0.371163 -0.323141 -0.325214 0.111214 
2.88977 0.965979 -1.67549 0.509979 2.20562 -1.86294 -1.68553 -1.24064 0.406142 0.127526 -0.234134 0.0672187 
2.76939 1.1299 -2.14699 0.36072 2.2394 -2.08899 -0.977493 -1.47912 1.06744 0.27532 -0.124405 -0.0133458 
2.64882 1.01798 -2.02313 0.156587 2.22243 -2.06858 -0.569764 -0.973437 1.19277 0.239489 -0.172169 0.109241 
2.63559 1.05985 -2.13997 0.430559 2.27916 -1.8119 -0.536578 -0.758101 0.985018 0.0270642 -0.167722 0.220435 
2.618 0.681502 -1.33825 0.675017 2.5161 -1.56895 -0.0160141 -1.09248 0.755419 -0.377017 -0.45402 0.122253 
2.64543 0.740253 -0.69949 0.558502 2.25682 -0.85555 -0.527374 -0.355447 0.461362 -0.210152 -0.624345 -0.20591 
2.74347 1.22079 -0.30018 1.25554 2.02683 -1.23263 0.146883 -0.559817 0.464076 -0.292074 -0.355367 -0.0278844 
2.69084 1.38332 -0.0911192 1.27178 2.08855 -0.865542 -0.308417 -0.743642 0.531561 -0.343986 -0.461346 -0.103783 
2.68528 1.54666 -0.839621 0.453831 3.04501 -0.082012 -0.000252586 -1.38826 0.048498 -0.441325 -0.337899 0.054283 
2.61525 0.910118 -0.50521 0.893901 2.52922 -0.0377743 -0.513864 -0.728185 0.666989 -0.214963 -0.276194 0.119862 
2.56626 0.987701 -0.16103 0.969828 2.48189 -0.786058 -0.916336 -1.23892 0.49146 0.0999951 -0.10154 0.124778 
2.5718 1.30903 -0.0679435 0.566194 2.6575 0.0110964 -0.403003 -0.883329 -0.228476 -0.156111 0.0512562 0.260324 
2.69163 1.56048 -0.0227825 0.281336 2.31245 0.188545 -0.668234 -0.642137 -0.421622 -0.256607 -0.0347193 0.147526 
2.58695 1.30944 0.679078 0.517847 1.97964 0.173584 -0.764462 -0.157217 -0.35632 -0.154173 0.0779191 0.110373 
2.47776 1.21892 0.157779 0.774295 2.07609 -0.336911 -0.195738 -0.787687 1.30326 0.147596 0.036389 0.216636 
2.41287 1.3943 0.117806 0.432244 2.40456 0.0329453 -0.591386 0.386326 0.910038 0.144635 0.072781 0.188517 
2.3288 1.57969 0.0934559 0.566704 2.88529 0.690764 -0.120656 0.551543 -0.0603648 -0.12464 0.142878 0.29042 
2.42741 1.63222 0.0844195 0.64169 2.74433 0.770952 0.639804 0.0896646 -0.154683 -0.155948 0.121498 0.304805 
2.29102 1.7595 0.219886 0.735112 2.86347 0.840752 0.709795 -0.20753 0.283279 -0.112049 0.120917 0.19218 
2.37936 1.71997 0.66035 0.409762 2.56617 0.510963 1.07293 -0.446429 0.134542 0.282032 0.370464 0.399999 
2.25235 1.83118 0.810055 -0.0164604 3.11667 -0.0875844 0.284871 -0.136673 0.390416 0.605562 0.211564 0.246082 
2.13425 1.55215 0.718977 0.560573 3.65096 -0.450792 -0.21873 0.0880774 0.536269 0.526832 0.033229 0.191107 
2.08211 1.66997 0.472275 1.25178 2.72467 -0.0736145 -0.404245 0.520629 1.04222 0.740234 0.102892 0.025782 
2.19491 1.44441 0.33111 0.91387 2.33099 0.319936 0.0712381 0.600505 1.23697 -0.149035 0.0820772 0.218598 
2.15613 1.25735 1.18821 0.854106 2.88129 -0.0713215 0.132565 0.197679 1.16568 0.413652 0.207251 0.3265 
1.99652 1.37414 1.26135 1.57396 2.96649 0.994913 0.043265 0.347549 1.13755 0.467859 0.0769091 -0.00872775 
1.99799 1.79326 1.17176 1.61081 3.07098 0.947451 0.16451 0.193795 1.12448 0.254387 0.130332 0.00991654 
1.84764 1.93759 1.56577 1.34117 2.34425 0.324408 0.586931 -0.272217 0.193982 0.206762 0.178734 0.135516 
1.89595 1.71141 1.38713 1.70417 1.78114 0.154888 0.35754 -0.149841 0.691279 0.420124 0.22931 0.104783 
1.95068 1.59984 0.964639 1.12243 2.41957 0.42548 0.418133 -0.0866071 1.22728 0.049419 0.529447 0.332514 
1.89548 1.45295 1.12849 0.837214 2.88921 0.490126 0.824191 0.114214 1.18594 0.336282 0.457889 0.347512 
1.80318 1.63241 1.13858 0.0922907 2.46282 0.78527 1.52229 0.112484 1.22782 0.717882 0.821222 0.51008 
1.84797 1.50754 1.87818 1.19188 1.40171 -0.146703 0.830663 0.155626 1.30088 1.10926 0.533546 0.309218 
1.86741 2.18458 1.6347 1.01923 1.53272 0.382295 -0.320511 0.282936 1.75765 0.96309 0.531586 0.184659 
1.83072 2.26342 1.4096 1.06296 2.29687 1.01878 -0.261422 -0.080748 1.24258 0.455381 0.312538 -0.0107928 
1.75362 1.73565 1.46447 1.03746 2.97346 1.40762 1.23408 -0.401867 0.611333 0.00503738 0.207601 0.157664 
1.60232 1.64839 1.20563 0.968642 3.01147 2.31254 1.73555 0.208376 0.138156 0.239916 0.424536 0.268468 
1.59853 1.57917 1.14718 1.11819 2.67418 1.67584 0.779792 0.755639 1.09269 0.42897 0.650579 0.228972 
1.53702 2.03973 1.6286 1.97133 2.43583 1.30382 0.576595 1.11474 1.49937 0.478969 0.322992 0.121038 
1.61657 1.78018 2.0953 1.52986 2.13608 0.892702 0.727451 0.905306 1.29224 0.776024 0.358426 0.198999 
1.64738 1.47691 2.34533 0.951115 1.94628 0.72749 -0.0282904 0.726749 1.29212 0.696205 0.471713 0.237825 
1.51999 1.37788 2.24241 1.50209 1.92082 0.967542 0.876592 0.606102 1.13636 0.113172 0.546623 0.287631 
1.39063 1.95274 2.6983 1.77342 2.34455 0.15106 1.39212 0.0109081 1.05005 -0.231381 0.33815 0.228468 
1.27099 1.98119 2.67915 1.64486 2.10534 1.68222 1.95622 0.493812 0.965639 -0.317414 0.616664 0.16508 
1.27037 1.67622 2.39631 1.56203 2.77231 1.97334 2.17952 0.640961 0.804155 -0.437925 0.662293 0.248049 
1.20709 1.51817 1.84611 1.295 2.22466 1.77418 2.38551 0.647367 0.964324 0.174809 0.591432 0.265164 
1.25473 1.74983 1.97496 1.39867 0.936132 1.2816 1.68957 0.969631 0.450019 0.420339 1.02933 0.228596 
1.15971 1.7371 2.07914 0.795442 0.760698 1.61268 1.61846 0.227099 0.858094 0.615425 0.886195 0.240789 
1.1845 1.52769 2.08978 0.973899 1.43386 0.688067 1.41802 1.04547 0.972948 0.917838 0.477186 0.19802 
1.12244 1.63022 2.07727 1.99626 1.85337 0.221386 1.86359 1.19473 0.967644 -0.00125715 0.553096 0.213855 
1.16543 1.59727 1.87577 2.18736 1.53526 0.498808 3.19764 1.00017 0.451803 0.670327 0.67585 0.221563 
1.05139 1.56051 2.01148 1.54288 1.7163 0.889239 2.33754 0.849332 0.928432 1.16008 0.452379 0.242486 
0.991387 1.42133 2.32843 1.08197 2.07661 1.23433 1.71829 1.01291 1.51634 0.976797 0.425518 0.276853 
0.979501 1.3237 2.5731 1.47199 1.89912 1.62802 1.562 1.05325 1.38143 0.862793 0.428464 0.270048 
1.16813 1.68904 2.26077 0.984372 1.30551 0.979163 2.12853 0.882752 1.37363 0.758347 0.475484 0.249399 
1.04162 1.92592 2.34383 1.39497 2.01755 0.843508 1.82178 1.19709 1.70913 0.129145 0.460673 0.242771 
1.0627 1.94073 1.96362 1.21669 2.04918 0.862157 1.40066 0.987787 2.26708 0.293376 0.453162 0.241264 
1.2148 1.80818 2.01788 1.08643 1.8282 0.550515 0.964467 0.618003 2.01376 1.12115 0.733436 0.359539 
1.11166 1.54307 1.91155 1.46472 1.7673 0.897664 1.34363 1.21316 1.49693 0.625633 0.958438 0.254814 
1.01095 1.3174 2.45436 1.53401 1.3139 1.48268 1.16547 1.02108 1.3865 0.236673 0.944927 0.214784 
0.937334 1.40339 2.3676 1.15728 1.365 0.769153 1.27086 0.998112 0.821607 0.410636 0.756386 0.110579 
0.99133 1.51051 2.37782 0.831478 1.68863 0.0719625 1.38228 0.693791 0.65018 0.467122 0.747976 0.171663 
0.963471 1.11396 2.27647 1.29388 1.99019 1.02763 0.882977 0.974877 1.01892 0.70361 0.714287 0.137088 
1.0428 1.47036 1.83406 1.41549 1.33511 0.592774 1.088 1.24474 1.20084 -0.155704 0.190032 0.0509495 
0.934366 1.59662 1.76507 1.0697 1.02166 1.29833 1.48535 1.2477 0.580688 0.0662071 0.154855 0.0500707 
1.11943 1.43771 2.36826 0.659806 1.84699 1.78803 1.08225 1.19075 1.19668 0.712162 0.057628 0.187965 
0.86672 1.54017 1.89763 1.07818 1.52274 1.82419 1.65919 1.54866 1.0346 0.465214 0.945567 0.123575 
0.848004 1.51413 1.92382 1.75297 1.95026 1.65987 1.98187 1.36504 0.445959 -0.00720458 1.26352 0.0817334 
0.911974 1.57291 2.23034 1.02103 1.25792 0.807311 2.21459 0.821569 1.05468 0.36769 0.891206 0.144709 
0.811347 1.64015 2.21745 1.40572 0.931386 0.930783 1.2695 1.05762 1.40617 0.821561 0.642167 0.20754 
0.810878 1.37391 2.08282 1.83735 1.03626 0.770567 0.489167 1.4849 1.89029 0.53713 0.527797 0.249035 
0.778748 1.41558 1.97174 1.60204 1.00849 0.32747 1.53438 1.49438 1.43268 0.830722 0.412355 0.210454 
0.820586 1.52544 2.08155 2.01909 1.62101 0.740136 2.2335 0.884314 0.857859 0.594813 0.684717 0.157577 
0.95903 1.14578 1.39286 1.75354 1.95611 0.952687 1.60853 0.702713 1.1507 0.57808 0.305503 0.179192 
0.787364 1.25843 2.07121 0.980877 1.60914 0.708747 1.7663 0.785436 0.250581 0.989832 0.505516 0.0719242 
0.795806 1.02374 2.03116 0.679071 1.12038 0.116062 0.694905 1.21593 0.307554 0.411436 0.494385 -0.0337662 
0.685029 1.1252 1.91181 0.564949 1.25058 0.723452 1.16714 1.13615 1.09709 0.470082 0.631194 0.0374624 
0.803629 1.31987 1.75868 1.22916 1.068 0.965997 2.00704 0.911632 1.61374 0.466451 0.197342 0.188459 
0.820031 1.12422 1.71328 1.67741 1.06317 0.0628539 2.1372 1.32113 1.56411 0.0686333 0.261363 0.235421 
0.686493 1.08279 1.81822 1.07911 -0.0881501 0.215391 2.20489 0.586585 0.480109 -0.0434782 0.186817 0.063739 
