-0.543575 1.65666 2.3489 -0.182894 1.74323 0.262949 1.55964 1.33518 0.628864 0.482391 -0.218083 0.396236 
-0.849825 1.63249 3.02446 0.128705 1.34588 0.281308 1.66977 0.490142 0.155846 0.377918 -0.163188 0.216522 
-0.945223 1.54928 3.57738 -0.555559 1.90546 0.278427 0.814239 0.300571 0.154787 -0.000613049 -0.0888396 0.233651 
-1.14958 1.31867 4.17922 -1.16637 1.70589 1.3985 0.25579 0.689132 0.373904 0.0673386 0.153993 0.304341 
-1.24702 0.759008 4.9429 -0.638877 1.88319 1.25057 0.66287 0.41049 0.474201 0.133628 0.236745 0.193273 
-1.16421 0.346812 4.51851 -0.0298476 1.86675 1.64174 0.0653699 -0.334917 1.07889 -0.0732086 0.133244 0.0875404 
-1.13983 -0.0746922 4.52143 -0.406934 1.20484 2.22166 -0.289715 -0.0725928 0.906584 0.150141 0.101594 0.152308 
-1.32946 0.10073 4.75894 0.0620595 1.52973 1.78687 0.630876 0.0140802 0.76747 0.273339 -0.047054 0.238822 
-1.45559 0.0866868 4.40876 -0.423907 1.82665 1.37056 0.110703 0.196096 1.31364 -0.0854735 0.0869343 0.41315 
-1.29567 -0.0198565 4.02686 -0.540824 1.56968 0.916805 0.0384757 0.0654005 0.798703 0.295483 0.0463537 0.354036 
-1.17414 -0.0241404 3.46657 -0.308765 0.358294 0.921292 0.343767 0.432591 0.4397 0.285437 -0.175136 0.312367 
-1.23792 -0.0964185 3.501 -0.848727 0.10836 0.00528266 0.829823 0.104121 0.644935 0.149792 -0.276421 0.441999 
-1.24518 0.219811 3.44035 -1.07049 -0.892464 0.800075 1.36905 0.237342 1.30854 0.615067 0.0392379 0.405505 
-1.23479 -0.0849805 3.21572 -0.452887 0.654177 1.13677 0.962278 0.187565 0.521713 0.828437 -0.213518 0.346118 
-1.21876 0.210589 2.48717 -1.14737 0.162014 -0.0816758 1.23975 0.167899 1.20878 0.530112 -0.38806 0.341726 
-0.99205 0.621011 2.29562 -1.77841 -0.169369 0.6997 0.826907 -0.307461 1.82922 0.0827148 -0.267531 0.353048 
-1.08539 0.165907 3.32763 -1.38853 -0.0440484 1.14784 0.450576 0.298814 0.764943 0.331294 -0.113879 0.314395 
-0.841606 -0.327553 3.43542 -1.26259 0.00841158 1.66324 0.378247 0.96315 0.802417 -0.0149738 0.308856 0.27777 
-0.653617 -0.422425 3.2276 0.079051 -0.0391631 2.29682 1.25428 0.538198 0.0804289 -0.279508 0.0419044 0.191225 
-0.267698 -0.411204 3.22424 0.252025 0.0485554 1.69759 1.3737 0.762609 0.510587 -0.438556 0.436825 -0.136466 
0.159753 0.152202 2.80438 -0.55326 0.995397 1.28813 0.496076 1.31402 1.38098 0.180427 0.017795 -0.153433 
1.32089 0.455171 0.648497 -0.932618 2.42035 1.37361 0.635405 0.388664 1.44832 1.03048 -0.543809 -0.556768 
1.745 0.247217 -0.099161 -1.12748 2.89767 1.61295 0.375528 0.840746 2.16819 0.633909 -0.142317 -0.535701 
1.8895 0.050971 -0.858002 -0.876014 3.36565 1.28859 0.283239 1.35619 1.25433 0.528904 -0.33915 -0.656842 
1.99948 -0.442682 -0.805542 -1.33362 3.71989 1.86415 0.45166 1.17903 1.13576 0.461529 -0.395095 -0.632563 
2.01232 -0.468339 -1.25027 -1.38202 3.76972 2.41932 0.316885 1.01744 1.49873 0.194026 -0.408505 -0.650059 
2.04156 -0.09088 -1.25087 -1.50013 3.51536 2.48953 0.645265 1.08905 1.28806 0.134914 -0.382349 -0.625842 
1.81011 0.164282 -0.906928 -0.552498 2.8915 2.42204 1.08872 1.77491 1.24842 0.0732278 -0.344153 -0.437735 
1.65712 0.185843 0.132064 -0.904576 3.03248 3.10993 1.61694 1.16198 1.33755 0.194734 0.0287191 -0.0692932 
1.61867 -0.111881 0.539351 -0.907849 2.65307 3.15139 1.64419 1.29914 1.74029 -0.171182 -0.117825 0.0445117 
1.35834 -0.151729 0.178122 -0.142978 2.71177 3.41535 1.55599 0.276859 1.47795 -0.104004 0.166778 0.094508 
1.31948 -0.203153 0.383891 -0.334008 3.09385 2.30908 0.712422 1.23793 1.27006 0.42308 0.173758 -0.382027 
1.48042 0.160567 0.475148 -0.422072 3.41438 2.1531 0.716519 1.97123 1.30235 -0.0938398 -0.05454 -0.230718 
1.57782 0.302511 0.522899 -0.637991 2.24459 2.86236 1.99825 1.59458 1.52263 0.178706 -0.105314 -0.0798316 
1.64902 0.570985 0.691333 -0.618405 1.99931 2.71858 1.8509 1.55544 1.72603 0.0964656 -0.128061 -0.0570706 
1.69151 0.664619 0.631947 -1.33753 2.70019 2.53493 2.17933 1.78927 1.91956 -0.0645736 0.027698 0.106089 
1.52906 0.0774602 0.618211 -0.868695 3.5189 2.50608 1.53703 1.80034 2.41643 0.596246 0.0520966 -0.0219916 
1.49216 0.564108 0.977982 -0.290464 2.91882 2.64393 1.28245 1.32095 2.16498 0.795102 0.157517 -0.00359219 
1.46062 0.641649 0.684297 0.0785579 2.80963 2.74676 1.29822 1.59783 1.64019 0.383428 0.44071 0.101215 
1.59556 0.678309 0.831679 -0.636049 3.15 3.07215 1.21569 1.33061 1.87181 0.28304 0.00157845 -0.0430396 
1.58446 0.676041 0.500005 -0.585156 3.40183 2.50025 1.55934 1.36792 1.89941 0.833169 0.0799264 -0.0890097 
1.39943 0.591288 0.269045 -0.24512 2.88002 2.59618 1.39609 1.90462 2.16158 0.368007 0.588719 0.00233144 
1.3004 0.436022 0.385508 0.0876853 2.22014 2.63097 1.69246 1.93499 1.61902 0.358449 0.275417 -0.0302561 
1.42435 0.582859 0.633118 -0.278877 1.3778 2.28092 1.06795 0.273861 2.05723 0.262452 0.545212 0.224796 
1.1037 1.32059 1.47132 -1.31519 0.922484 1.08493 -0.13914 0.33671 1.91061 0.764671 0.122297 0.192998 
0.294903 1.02751 2.61423 -1.93941 1.84087 1.91281 1.66046 0.892504 2.06185 0.191947 0.186861 0.0383238 
0.00364394 0.97411 3.11822 -2.27501 1.38422 0.90059 1.6799 1.29893 2.5161 0.429307 -0.430696 0.253088 
-0.223956 1.09794 3.20843 -1.3153 1.37324 0.232332 1.78391 1.74497 2.43332 0.887159 -0.637875 0.303264 
-0.478468 0.954425 3.47611 -0.752587 0.953867 0.112436 1.94009 2.17647 1.74612 0.184349 -0.174749 0.258577 
-0.363451 0.693748 3.75748 -0.89196 0.993449 0.977138 1.31745 1.68703 2.28136 -0.525507 0.195787 0.0634654 
-0.203606 0.490454 3.64236 -0.909869 0.444209 1.57089 2.32313 0.929247 2.50633 -0.253871 -0.206037 -0.0138391 
-0.233858 0.381344 3.94963 -1.32362 -0.18973 0.640758 2.28893 1.55229 1.39034 0.126036 -0.229809 -0.0868495 
-0.360613 0.177218 3.39043 -1.46291 -1.11636 0.314252 0.822297 1.9264 1.52225 0.185705 0.289054 0.262233 
-0.439248 -0.0184087 3.40032 -1.44069 -0.206048 0.559605 0.68698 1.35905 1.31642 0.0270337 0.0564836 0.515638 
-0.386524 0.0720504 3.29033 -1.35522 -0.140868 1.02023 0.846149 1.06257 1.58124 0.12692 -0.111438 0.344704 
-0.351193 0.365231 3.74986 -0.458072 0.00196598 1.16124 2.54078 0.673248 1.06504 0.286326 -0.147593 0.314786 
-0.417604 0.256912 3.77897 -0.257468 0.189012 1.42702 2.33536 0.516876 1.08151 0.139071 -0.315922 0.523318 
-0.431036 -0.0898975 3.88641 -0.267932 -0.0408665 1.28859 1.87065 1.13168 1.11647 -0.00216127 0.00600854 0.224836 
-0.478713 0.0439134 3.82408 0.698247 0.0176763 1.37157 2.71238 0.674547 0.786691 0.211731 -0.021909 0.264964 
-0.494749 0.0090931 4.86286 0.224557 -0.40101 1.76985 2.73328 0.584535 1.16204 0.212818 0.218206 0.173995 
-0.489536 0.18719 4.47427 -0.184777 -0.418626 1.8885 2.37637 -0.21113 1.44181 -0.273554 0.326831 0.0702159 
-0.500656 0.111507 4.50227 0.125634 -1.04149 2.10493 3.29493 -0.170044 1.02484 0.336126 0.213556 -0.219192 
-0.469548 0.00572437 4.65029 0.269967 -1.51023 2.34014 3.48633 0.297069 0.933552 0.941547 0.0728719 -0.0655707 
-0.378354 0.242762 4.24506 0.687925 -1.50152 2.33186 3.11546 0.120088 1.68079 0.602459 0.0342324 0.119062 
-0.21374 -0.287288 4.44028 0.593424 -1.01752 1.60816 3.19067 0.530274 1.06325 0.766776 0.383836 -0.0904145 
-0.235776 0.0694382 4.23714 1.17762 -0.889116 0.646397 3.46007 1.90524 0.576834 0.874175 0.886814 -0.199376 
-0.138473 0.300562 4.05326 1.19219 -0.993779 1.07284 3.18806 1.38544 1.11294 0.67418 0.68015 -0.0665014 
-0.117133 0.289349 4.18454 1.68425 -0.567873 0.468498 2.51002 0.959936 1.21926 0.456694 0.830515 -0.011786 
-0.0333151 -0.16334 3.87249 1.87129 0.363821 0.36281 2.72254 0.96646 1.17579 0.310661 0.660733 0.0136244 
0.208554 -0.0219897 3.61979 1.02301 0.35364 1.66831 2.44506 0.557404 1.51323 0.579057 0.248324 0.126022 
0.224541 0.62565 4.03349 0.751995 -0.439862 1.41656 2.9837 0.646421 1.62835 0.722897 0.430694 0.10982 
0.19087 0.854968 3.6844 0.74233 0.311829 1.79961 2.50153 1.47408 0.879867 0.764744 0.554429 -0.0106954 
0.347618 0.474245 4.26982 0.688821 0.180692 1.96808 2.69387 1.02136 1.50998 0.762858 0.600881 0.150914 
0.375072 0.459571 3.8216 0.989355 0.0126674 2.37661 2.38561 0.335524 1.70957 0.532562 0.75929 0.0174194 
0.405726 0.402216 3.56902 0.792669 -0.0343014 2.30196 2.70639 0.196756 1.61155 0.883829 0.612451 -0.0835951 
0.409043 0.523065 3.89955 0.810749 0.210904 2.17275 2.93571 0.570297 1.32091 0.418112 0.595847 0.111466 
0.490128 0.606825 3.8892 0.998472 -0.223627 1.66966 2.20648 0.332229 1.48213 -0.00409438 0.770425 0.105653 
0.473248 0.46445 3.98339 1.58919 -0.387843 2.14314 1.87959 0.52296 1.92617 0.352436 0.665569 0.196015 
0.528443 0.406487 3.69425 1.47623 -0.304306 2.17191 1.79212 0.20362 1.84476 0.424168 0.683206 0.131394 
0.597236 0.566586 3.13262 0.925948 -0.089271 1.27788 2.05802 0.394979 0.340945 1.02611 0.463621 -0.174338 
0.477077 0.62296 3.04495 0.605888 0.383794 1.15139 2.73273 -0.199497 0.543642 0.852797 0.362779 -0.229201 
0.471584 0.387621 3.27567 0.342841 0.787967 1.33349 2.9167 0.658796 1.0688 1.07917 0.186977 -0.0333769 
0.394002 0.288663 3.08686 0.692792 0.753543 1.88636 2.4534 0.579387 1.16624 1.10705 0.595982 -0.221973 
0.506819 0.584022 2.87826 1.16489 0.0978968 1.27668 1.9721 0.00587367 1.59514 0.87466 0.800986 -0.0958152 
0.652182 0.733286 3.2125 1.23849 0.10915 0.993784 1.67506 0.186297 1.62065 0.433294 0.724749 0.154046 
0.657533 0.778878 2.7046 0.338246 0.19795 1.06591 1.42415 0.284296 1.14932 0.509455 0.227382 0.143174 
0.766187 0.655189 2.59661 0.470667 1.15627 0.702216 1.89896 1.0812 1.39825 0.482862 0.192356 0.193048 
0.68323 0.752881 2.77966 0.540378 1.14533 1.57924 1.47287 -0.1827 1.03027 0.0554546 0.375136 0.102944 
0.671631 0.754453 3.00796 0.17399 1.01941 1.73967 1.48881 0.0406871 0.578129 0.352192 0.105119 0.0623271 
0.777652 0.65623 2.43241 0.699266 1.22737 0.975016 2.09015 0.532946 0.952544 0.926569 0.259553 0.0761118 
0.686667 0.455538 2.35591 1.38204 0.95026 0.79859 1.66921 0.40699 0.970331 0.956201 0.194194 0.0244944 
0.723533 0.661539 2.38195 1.2272 1.10706 0.843817 1.78071 0.496354 0.566501 1.09869 0.453438 -0.00627544 
0.784508 0.917351 2.67772 1.69815 1.8623 1.09082 1.99736 -0.15961 0.357734 0.880949 0.484045 0.0324721 
0.714751 1.17403 2.29883 1.16047 0.676062 0.331477 0.985105 1.22031 1.21274 0.194385 0.393345 0.0857936 
0.745629 1.12091 2.09867 1.23117 0.443566 -0.0701679 1.02882 0.45868 0.615022 0.907027 0.294763 -0.0190053 
0.772357 1.05073 1.2504 1.33701 1.53371 0.0503972 1.74585 0.478024 0.283825 0.554257 0.509443 0.0439206 
0.772899 1.17042 1.32614 0.887579 0.929494 0.928759 1.37583 -0.0430772 0.485723 -0.120979 0.808929 0.00855335 
0.683196 1.29505 1.38691 0.210843 0.925244 1.46758 -0.017196 0.114458 0.944027 -0.37425 0.259162 0.0398439 
0.780178 1.40453 1.743 0.63643 1.08988 0.904511 0.657956 0.917231 0.208022 -0.282248 -0.0172236 -0.0326239 
0.680633 1.21119 1.86226 0.806425 0.843866 0.303764 0.382313 0.842311 1.01975 0.588772 0.0436843 0.0664352 
