0.590558 -0.094788 2.60499 2.48853 1.21552 0.0165476 1.57897 0.932068 1.20356 0.259248 0.473345 0.119008 
0.486711 -0.30009 3.1983 2.65714 0.258208 0.119585 1.27837 1.70795 1.36384 -0.0622243 0.289767 0.368368 
0.317216 -0.181927 2.93966 2.84706 0.781729 -0.506634 1.87046 1.20826 1.01254 -0.389036 0.473871 0.216484 
0.169677 -0.442919 3.45651 2.53027 0.362189 -0.970888 1.88757 1.13447 0.662223 0.293152 0.41385 -0.0548759 
0.0752541 -0.63193 3.54109 3.25548 0.15904 -0.568906 2.10624 2.0122 1.13377 0.0947588 0.758969 -0.0635466 
-0.146542 -1.12736 4.04833 2.90124 0.127656 -0.0862964 2.80126 1.51797 1.19326 -0.177795 0.65741 0.12013 
-0.233307 -0.967758 4.1467 2.87536 0.152186 -0.892322 2.44735 1.34541 0.565974 -0.187242 0.529965 0.00814703 
-0.378469 -0.86731 3.38106 2.86787 0.0382774 -0.777414 2.30064 1.02615 1.00551 -0.714816 0.517652 -0.00121112 
-0.461641 -1.06338 4.25254 2.55511 -0.0861916 0.382267 1.49068 0.439848 1.25972 -0.44194 0.337251 0.139459 
-0.473756 -1.31673 5.00458 2.82692 1.17175 1.02969 1.87214 0.999716 0.691705 0.716969 0.327571 0.10944 
-0.497093 -0.851618 4.4399 2.74861 0.65133 0.960343 2.43659 0.587501 0.863013 0.478515 0.584949 -0.0339385 
-0.63052 -0.822398 3.9336 2.48584 0.585794 0.965128 2.33581 0.0912709 1.23454 0.392019 0.161332 0.117757 
-0.474527 -0.765604 4.32712 2.32348 -0.177206 0.364623 3.27862 0.481513 0.491498 0.404398 0.529291 0.135948 
-0.662578 -1.06763 4.3474 2.61177 0.00286023 -0.242056 3.29551 -0.0539681 0.443684 0.395187 0.421431 0.227472 
-0.692847 -0.86809 4.24247 2.41383 0.225817 0.321922 2.67895 0.398705 0.483303 -0.0929733 0.686616 0.0837853 
-0.616154 -0.495393 4.18165 2.32118 -0.222723 0.123564 1.99578 0.658311 1.0313 -0.869335 1.04448 0.0883686 
-0.725192 -0.321152 4.52233 1.52403 -0.0129331 0.301194 2.09824 0.260576 0.819538 -0.488989 0.896116 -0.147746 
-0.69894 -0.466588 3.74585 1.5434 -0.0190995 0.580326 2.44462 -0.323183 1.34028 -0.0353307 0.463041 -0.0273319 
-0.61716 -0.816761 3.15057 0.910421 -1.35038 0.0283414 1.82955 0.48049 1.32154 -0.0891439 0.717145 -0.105276 
-0.708477 -1.02285 3.01329 1.45317 -0.611563 -0.21132 1.84541 0.396672 0.65451 -0.267665 0.831222 -0.0813168 
-0.62045 -1.17463 2.80233 0.757772 -0.382542 -0.49528 1.96448 -0.592667 1.68785 0.323468 0.0669614 0.294904 
-0.442984 -1.02184 2.14296 0.849579 -1.88581 -0.544612 1.3496 0.465521 2.94326 0.168694 -0.161521 0.122398 
-0.214711 -0.289248 2.79116 1.06811 -0.846991 0.191764 1.10472 1.3121 1.69086 0.129004 -0.426211 -0.0449167 
0.0840699 -0.606473 2.92209 1.32825 0.42742 0.608302 1.6192 0.812988 1.86491 -0.162501 -0.175976 0.0607895 
0.834108 0.367504 3.20318 1.65715 -0.233579 0.250577 1.49524 0.825907 1.34215 0.443654 0.410241 0.16798 
1.76507 0.877657 1.76311 0.154435 -0.293862 0.0262169 1.79472 0.70216 1.21211 0.542219 0.450416 0.152466 
1.98507 0.592731 0.94133 -0.363149 0.184897 0.46466 1.54122 1.0174 0.580665 0.533594 0.553005 0.128172 
2.26789 0.348968 0.21498 -0.171276 0.363443 0.35512 2.07723 -0.0796383 0.929973 0.821053 0.348838 0.10905 
2.33542 0.228465 -0.451583 0.468374 0.635701 -0.467761 1.92623 -0.197506 0.751948 0.248956 0.334863 0.141364 
2.34029 0.034595 -0.611984 0.531107 0.766985 -1.24326 2.11128 -0.608902 0.550004 -0.124329 0.127943 0.159772 
2.25195 -0.0331805 -0.336468 0.18647 0.69294 -1.04736 1.76467 -0.78678 0.553749 -0.22197 -0.109868 0.166417 
2.27329 -0.206223 -0.234126 0.15573 0.684623 -1.53003 1.80603 -1.22314 0.635117 -0.0059375 -0.288637 0.170673 
2.25898 -0.134793 -0.261429 0.214747 0.796082 -0.941655 1.17997 -1.361 0.576241 0.120658 -0.129769 0.0548884 
2.30684 0.298501 -0.129973 -0.52527 1.0222 -0.42101 0.363779 -1.5224 0.995696 0.351584 -0.221154 -0.0276391 
2.36528 0.490071 -0.130351 -0.450102 0.83238 -0.426241 0.534125 -1.31641 0.835156 0.442118 -0.0735139 -0.0626036 
2.39822 0.437385 -0.326349 -0.334439 0.476329 -0.389131 1.51189 -1.09893 0.510835 -0.045039 -0.0660862 0.0936351 
2.46142 0.336221 -0.437586 0.349414 0.470564 -0.677506 1.92576 -0.771526 0.920304 -0.0864832 -0.119253 0.0335615 
2.51159 0.409578 -0.00880365 0.727011 0.897849 -0.487073 1.18273 -0.166804 0.847807 0.179793 -0.175337 -0.0926613 
2.56253 0.530024 -0.0889487 0.529299 0.568681 0.335029 1.61679 -0.781078 0.29467 0.111905 0.0607672 0.0191192 
2.54616 0.672124 0.0232135 0.256849 0.661132 0.604572 0.697138 -0.0601552 0.565266 0.325365 0.170066 0.0308933 
2.36639 0.911516 0.644832 0.433833 0.452938 0.815207 1.3414 -0.379752 0.54882 -0.0116269 -0.0389146 0.0581593 
2.41885 1.06151 0.556839 0.447339 0.761258 1.03816 1.57098 -0.520681 0.0998382 -0.489469 -0.223468 0.0463391 
2.41357 1.34143 0.274 0.207573 0.969722 0.78238 1.43145 -0.302512 -0.482918 -0.10318 0.174475 0.102246 
2.14563 1.16117 0.643665 0.110279 1.51068 0.79593 0.92292 0.352052 -0.436188 -0.134012 0.276174 0.187075 
2.27222 0.709367 1.28096 -0.278319 1.43619 0.361898 1.28636 0.0742286 -0.193071 0.830902 0.791008 0.48699 
2.25111 1.25043 1.00965 0.441685 1.10417 1.23015 1.64779 0.0728232 -0.582609 0.24736 0.330107 0.141208 
2.26895 0.825994 0.530332 1.12013 1.05214 1.85083 1.15374 -0.171851 0.0563629 0.138809 0.243679 0.148069 
2.08238 0.821865 0.665309 0.745759 1.40678 1.8747 1.2634 0.0324896 0.210166 -0.277936 0.0869894 0.144173 
2.06198 1.21225 0.886319 0.491492 0.998759 1.78037 1.81824 0.142219 -0.288172 -0.475969 -0.189555 -0.0407847 
2.15436 1.17229 1.10012 1.11045 0.962109 1.60018 1.85394 -0.778591 -0.0772397 -0.253002 -0.186637 -0.0931425 
2.22199 1.50608 0.995998 0.75053 1.0833 1.73716 1.82271 -1.24438 0.25455 -0.167193 0.00249829 0.0576315 
2.12876 1.65636 0.721406 0.349225 1.06497 0.600439 1.19387 0.0279016 0.865175 0.182216 0.368994 0.188183 
2.08973 1.6797 0.282755 0.57363 0.994564 0.484563 1.39066 0.0925771 0.97664 -0.237677 0.36643 0.178622 
2.19508 1.38642 0.226455 1.40562 0.796333 -0.0390779 2.39442 -0.681209 1.07993 -0.398968 0.302394 -0.000779953 
2.22618 1.82254 0.611658 0.944131 0.751087 -0.842038 1.76741 -0.579948 0.892731 -0.0460795 0.176059 0.00260265 
2.3297 1.16709 0.733722 1.37502 0.329136 -1.04877 1.86058 -0.913014 1.29739 0.12321 -0.0579559 -0.204547 
2.23494 1.16713 0.922722 1.89251 1.0144 -0.373717 1.94098 -1.20581 1.43032 0.0111538 -0.218782 -0.274281 
2.24343 1.23574 1.27869 1.65047 1.2405 -0.436206 2.30546 -0.995141 1.54768 0.134527 -0.236185 -0.0614868 
2.12352 1.50595 1.21178 1.20672 0.659545 -0.241576 2.57807 -0.731127 1.07812 0.234568 0.0438398 -0.0797153 
2.1043 1.21206 0.737501 1.56225 0.744556 -0.546682 2.95072 -0.821499 1.19246 0.0152545 0.120698 -0.15653 
2.05289 1.14973 0.846088 1.81479 0.914003 -0.424792 3.00044 -1.18583 1.11895 0.128233 0.1806 -0.170417 
2.03011 1.14916 0.94028 1.52806 1.18308 -0.469341 3.11302 -0.947228 0.914104 0.31599 0.126746 -0.071844 
2.01136 1.086 1.2864 1.7607 1.22285 -1.01293 2.31586 -0.816867 1.00237 0.0816692 -0.140865 -0.0514673 
2.0607 1.23491 1.26108 1.92121 0.991122 -0.947632 2.22932 -0.110792 1.27576 -0.123386 -0.26696 -0.149204 
2.13043 1.25683 1.6288 1.3183 1.12492 -0.910198 3.1383 -0.037296 1.14512 0.249825 -0.384427 -0.0537671 
1.97326 1.54171 1.39258 2.23084 1.87646 0.0337546 2.21278 0.696555 1.16856 0.106421 -0.173195 -0.0659146 
1.84561 1.35059 1.315 2.66768 1.98934 0.305388 1.70944 1.45143 0.901426 0.176766 -0.124087 0.0200213 
1.93722 1.42012 1.36547 1.22267 1.60794 0.701246 1.83109 0.912219 0.703498 0.978553 0.400007 0.124446 
1.83898 1.66589 1.78323 1.53915 1.40036 1.42517 1.57673 0.975942 0.685459 0.870219 0.241008 0.0610842 
1.89895 1.97537 1.45139 2.05151 1.82273 2.06034 3.02878 0.246646 -0.171129 0.127772 0.262792 0.128241 
1.78848 1.89243 1.63295 2.33608 1.95415 1.84209 3.36489 0.0580915 -0.104239 0.260087 0.19352 0.0379856 
1.83715 1.60072 2.07879 1.85536 1.32472 1.39936 2.50952 0.0898724 0.484447 0.438181 0.304089 0.12383 
1.92461 2.12014 2.23674 1.70157 1.73882 1.63934 2.21286 0.522737 1.08457 0.291644 0.0185573 0.02778 
1.76376 2.27304 2.42436 2.20347 1.76441 2.01292 1.7663 1.11536 0.597511 0.214491 0.0479438 0.00680928 
1.8183 2.21553 2.73687 2.48658 1.19416 2.65115 2.5589 0.596427 0.509766 0.0692462 0.0833779 -0.00124425 
1.63869 1.97301 2.43057 2.50178 1.59036 1.68898 2.50309 1.00102 0.568531 0.61727 0.108999 0.0216934 
1.65769 2.34396 2.41565 2.50834 1.87098 1.76866 3.70886 0.348038 0.0461553 0.780385 0.25131 0.0761351 
1.49647 2.08 2.34218 2.09659 2.69722 1.93518 2.92707 1.7745 1.0057 0.172307 0.162761 0.165556 
1.60728 2.34012 2.31498 1.99525 2.76526 1.86886 2.27748 1.63289 1.2129 0.617889 0.115328 0.133095 
1.6184 2.27353 2.6409 1.57108 2.12121 1.86195 1.93938 1.35096 0.233635 0.988231 0.0792529 0.0810533 
1.62615 1.98858 2.12731 2.27772 2.28568 1.06304 2.42368 1.83854 0.775363 0.370259 0.161141 0.149319 
1.54651 1.80546 2.14928 2.02509 2.60281 1.53494 2.00745 1.75238 0.541371 -0.0811168 0.335016 0.179539 
1.49788 1.93579 2.32007 1.89434 2.7765 1.49589 1.82331 0.860645 0.555897 0.458582 0.225172 0.141393 
1.5741 1.88909 2.20211 1.93844 1.66429 1.58329 2.18203 0.9415 1.15068 1.00378 0.103863 0.119657 
1.42713 1.84582 2.08809 2.16582 2.72983 1.43274 1.52407 1.14413 1.83797 0.399866 0.163499 0.186115 
1.29952 2.02749 2.26747 2.35537 3.01538 1.20784 2.03708 1.77593 1.39884 -0.185603 0.288627 0.19575 
1.31758 1.84037 2.9569 1.70067 1.9767 0.485329 2.88982 1.81016 0.749498 0.346256 0.204845 0.172237 
1.20218 1.68581 2.68197 1.61498 2.31143 1.4852 2.311 0.988304 0.901098 0.495848 0.242414 0.21615 
1.15972 1.8807 2.5899 2.41028 2.75275 2.20273 2.26203 0.956538 0.828806 -0.193215 0.849596 0.189869 
1.31467 1.87381 2.83649 2.59081 2.75693 1.4266 2.31701 1.46513 0.970731 -0.0780717 0.38381 0.207826 
1.37261 1.77846 3.11877 1.93893 2.4394 1.98594 2.70362 0.578117 1.08776 0.350968 0.161617 0.230669 
1.30199 1.96738 2.57173 2.06655 1.6698 1.72136 2.49046 1.32735 0.868234 0.456121 0.387477 0.180137 
1.27975 1.91282 2.38874 2.62252 2.15345 2.52221 1.52856 2.12807 0.71375 -0.0962126 0.435172 0.202828 
1.2042 2.03847 2.66707 2.23948 3.02051 2.78459 1.12393 1.40865 0.344667 0.283678 0.364919 0.090792 
1.15216 2.05258 2.69865 2.06682 3.10664 1.85353 1.61734 1.35195 0.712897 0.581411 -0.181634 0.1354 
1.07463 1.81833 2.85796 2.29076 2.46846 1.64691 2.27128 0.899297 0.655251 0.545262 -0.171793 0.159768 
1.04684 1.85619 2.96749 2.04438 3.23706 1.00522 2.0824 0.848045 0.974001 0.071055 0.286098 0.209421 
1.10205 2.11316 3.14701 1.56805 3.03248 1.39613 1.74475 1.27309 1.33935 -0.276704 0.233223 0.168286 
1.20728 2.11468 2.92107 1.6911 2.28916 1.81849 1.68137 1.6322 1.29819 -0.269639 0.344671 0.130197 
1.23687 1.9769 2.66867 1.4067 1.38505 1.32333 1.32408 1.91737 1.3406 -0.3234 0.744628 0.161621 
1.05139 1.71243 2.43967 1.11107 1.71155 0.985712 1.69262 1.19251 1.19901 0.727597 0.64057 0.23819 
1.18332 1.62781 1.90561 1.33246 1.86472 0.471596 1.61323 0.867071 0.653405 0.281933 0.0999643 0.0957931 
1.06824 1.80961 1.82538 1.62686 2.22417 1.11935 1.07082 1.07748 0.956998 -0.0498158 0.371614 0.0819412 
1.11559 1.44256 2.02993 2.39928 2.89697 0.923505 1.87681 0.748234 0.675419 0.000470721 0.572166 0.202085 
1.24958 1.62107 1.67934 2.43757 2.64465 0.973904 1.84448 0.337868 1.35368 0.228047 0.472675 0.189181 
1.21557 1.42977 2.36913 2.37344 1.67439 0.846831 1.76083 0.939222 1.3749 0.500565 0.452143 0.254986 
1.09855 1.6728 1.67919 2.11108 2.04911 1.05751 1.26045 0.781284 1.90832 0.352686 0.59645 0.183364 
1.00443 1.68017 2.0612 1.17673 2.47677 1.16039 1.57671 0.70269 2.12948 0.313662 0.217692 0.278218 
1.1538 1.58505 2.39308 1.48041 1.35249 1.15388 2.26142 0.148347 1.59166 0.300564 0.461596 0.236632 
1.16703 1.92224 1.71841 1.28875 1.15687 0.82221 1.2022 0.577053 1.54206 0.89244 0.595093 0.208036 
1.05869 1.77607 1.60729 1.93787 0.834223 1.1625 1.91336 1.13555 1.3871 0.873763 0.516342 0.177441 
1.04588 1.61387 2.24212 1.72643 1.19687 1.2293 2.01138 1.0507 1.20103 0.545828 0.834993 0.193925 
1.07452 1.66429 2.21921 0.662574 1.68933 0.653662 2.12694 0.205489 1.63193 0.915098 0.962281 0.355322 
0.924921 1.62877 1.51299 1.19884 2.03021 0.350666 1.92865 0.806513 1.77699 0.762463 1.15242 0.202159 
0.98808 1.4034 1.71054 1.14526 1.50639 0.615642 2.04649 0.750786 1.7643 0.48542 0.80745 0.207819 
1.12815 1.26449 1.84907 0.778739 1.63388 -0.0384404 1.65355 0.853552 1.16478 0.96763 1.09332 0.276719 
1.00292 1.35109 1.7523 1.35003 2.18192 0.73185 1.86208 0.650827 0.814971 1.13559 0.215761 0.211146 
0.994885 1.73459 1.66161 1.29175 1.6641 0.726263 1.36749 0.460822 1.56746 1.17323 0.776549 0.251219 
1.02857 1.90308 2.47889 0.701568 1.70932 0.332928 0.963604 0.751604 1.32441 0.462675 0.841518 0.256228 
0.928385 1.46458 2.09282 -0.224716 1.91941 1.02192 1.3603 0.785657 1.279 1.00507 0.728277 0.189426 
0.764306 1.33841 1.97482 0.93228 1.95586 0.872221 1.53146 0.619974 0.430309 0.919361 0.71506 0.0138924 
0.961033 1.35683 1.89788 1.13597 1.63057 0.666443 1.72181 0.993197 0.820327 0.724398 0.614349 0.103381 
1.02114 1.60702 2.14782 1.63855 1.89245 1.20813 1.70414 1.24305 1.52373 0.0701018 0.536862 0.202688 
1.08698 1.66897 2.0818 1.59773 1.67165 0.986942 0.560082 0.781663 1.63771 0.691426 0.574504 0.229403 
1.01149 1.29822 2.20799 0.530641 2.38212 0.606122 1.44289 0.970807 1.47527 0.94643 0.808712 0.249155 
0.929404 1.58728 1.65031 0.980231 2.10624 1.31761 1.95359 1.24413 1.21213 0.506237 0.211203 0.192366 
0.874006 1.70933 1.70058 1.14599 1.85588 0.603211 1.01254 1.22206 0.05247 0.233446 0.236695 0.0695535 
0.929899 1.73739 1.8048 1.6087 1.51548 0.547605 1.2986 0.842107 0.27035 0.892608 0.537228 0.136265 
0.933923 1.65687 1.87542 1.66795 1.01665 0.47885 1.92096 -0.345771 0.315699 0.792454 0.665242 0.0608658 
0.938809 1.31981 1.86834 1.90837 1.34142 0.470658 1.83746 0.270426 0.706246 0.40874 0.253728 0.0806611 
0.865462 1.27775 1.4784 1.96669 1.68251 -0.189478 2.05956 1.05321 0.521314 0.220698 0.44561 0.0988489 
0.844639 1.61785 1.71885 1.38875 2.03828 0.544784 1.28929 0.736369 1.25515 0.102927 1.14229 0.0405249 
0.88801 1.73586 1.80374 1.69694 1.54375 0.200669 1.19462 1.47555 1.42588 0.529963 0.89593 0.16976 
0.936182 1.71677 1.2828 0.958574 2.22779 0.288045 1.59387 0.714697 0.932348 -0.412117 0.687526 0.0247946 
0.83906 1.5537 1.70232 1.09986 2.74684 1.04907 1.32833 0.300784 0.705882 -0.131044 0.528188 0.0916308 
0.826463 1.34441 1.80965 0.837694 2.06508 1.76748 0.948213 1.10059 1.2595 0.398874 0.547876 0.135614 
0.770908 1.39324 1.81381 1.06883 1.74468 1.73342 1.1091 1.15552 1.1649 0.202986 0.324145 0.198905 
0.763283 1.31377 2.22759 1.62178 1.58337 1.64944 0.920597 1.71969 1.17782 0.356056 0.797428 0.161972 
