0.849235 1.36669 0.048525 -0.443863 0.27678 -0.55154 1.31624 1.6034 0.572983 0.218825 -0.0565676 -0.107214 
0.769713 0.828063 0.321925 -0.279815 -0.45681 -0.454154 1.01582 1.09541 0.487589 0.781947 0.348907 -0.0904435 
0.871401 0.75049 0.177565 0.188424 -0.167457 0.863702 1.88778 0.984105 0.367913 0.501687 0.148204 -0.205897 
0.991901 0.970066 -0.104728 -0.26191 -0.56713 0.67941 1.62357 0.913169 1.1325 -0.0222481 0.315228 -0.098131 
0.910056 0.89154 -0.224668 -0.572955 -1.17243 -0.0690075 1.7125 1.10671 0.749178 0.136114 0.712157 -0.0571938 
0.882221 0.541626 -0.0871949 -0.66017 -0.711737 -0.831851 1.4979 1.9074 0.32969 0.491549 -0.0626463 0.00147636 
0.81207 1.19561 0.282833 -0.66288 -0.817415 -0.697279 1.04831 0.840381 0.417712 0.390722 -0.218006 -0.253253 
0.969976 1.32948 0.12475 -0.564165 -0.348107 -0.673762 0.901445 0.703587 0.216219 0.0960535 -0.413146 -0.179277 
1.01293 0.644121 0.193891 -0.551707 -0.152965 -0.616587 0.38224 0.656929 0.871179 0.476185 -0.0435869 0.109333 
0.921546 0.896521 0.536312 -0.536823 0.947369 0.33167 0.198337 0.248459 0.0128663 -0.123304 -0.353252 -0.175289 
1.00586 0.838369 0.603598 -0.227861 0.80904 -0.395579 -0.398737 0.871467 0.275038 0.0442408 -0.798303 -0.357077 
1.13399 1.14313 0.859038 -0.593417 0.757107 -0.558807 -0.218866 0.956855 1.2819 0.0123979 -0.160941 -0.0552713 
1.32106 1.9095 1.01139 -0.310866 0.411669 0.0281065 0.354922 1.33554 0.910208 -0.30509 0.14446 -0.172727 
1.3749 2.27869 1.6697 0.726986 0.834676 -0.0680473 0.718449 1.03096 0.366917 -0.578509 0.25067 -0.159353 
1.72928 2.30472 2.31282 2.06747 2.24485 1.08463 0.585453 0.466573 0.167645 -0.3255 -0.219775 -0.18984 
1.86249 2.62227 1.97818 2.79425 2.6118 0.703346 0.19933 -0.0995205 -0.046339 -0.803393 -0.272438 -0.274482 
1.91989 2.74462 1.50335 2.54776 3.21715 0.339654 0.273139 -0.294485 -0.0132383 -0.640014 -0.366682 -0.281565 
2.16749 2.42862 0.946923 2.16604 3.63252 0.42931 0.611826 -0.386629 0.290416 -1.02122 -0.513353 -0.254818 
2.28917 2.11343 0.656094 2.63621 3.44012 0.394307 0.0815398 -0.374225 0.514084 -1.11848 -0.661042 -0.289793 
1.98111 2.36148 1.37508 2.65413 3.20087 0.366097 -0.274644 -0.1221 0.00428017 -1.20182 -0.425318 -0.274825 
1.91343 2.79259 0.456674 3.19138 4.06832 -0.466191 -0.0293455 -0.555854 0.130981 -0.884146 -0.696401 -0.245429 
1.677 2.53108 1.72546 2.78526 3.34431 -0.155346 -0.154323 -0.629077 -0.231566 -0.904454 -0.302211 -0.31279 
1.74395 3.11778 1.23404 3.00277 3.57052 -0.439773 0.013873 -0.0980573 -0.356625 -1.05197 -0.579151 -0.299505 
1.80912 2.82438 0.806324 3.03685 3.68176 0.256201 -0.529536 -0.237366 0.0705521 -0.778951 -0.448407 -0.387063 
1.83352 2.50291 0.723305 2.82195 3.79782 0.591612 -0.347776 0.503698 -0.110693 -0.88003 -0.485588 -0.256605 
1.75607 2.59403 1.58817 2.36376 3.83921 -0.226182 0.927178 0.445253 -0.53664 -1.21065 -0.391492 -0.1238 
1.72802 2.36179 1.83101 2.88865 3.89933 -0.297562 0.619745 0.0522868 -0.53054 -0.891856 -0.338532 -0.122487 
1.65803 2.71403 1.97827 2.96385 4.36196 -0.331806 0.0440584 -0.0161847 -0.595557 -1.37789 -0.358892 -0.36056 
1.85881 2.36886 1.61707 3.44547 4.5976 0.14336 -0.942248 -0.200515 0.199594 -1.03152 -0.568981 -0.446202 
1.74795 2.70583 2.11277 3.40742 4.26982 0.203227 -0.554125 -0.141458 -0.22241 -1.06678 -0.473237 -0.473029 
1.95733 2.49231 1.74453 3.74618 4.94946 0.0157892 -0.315907 -0.187553 0.514991 -0.823284 -0.671359 -0.375505 
1.58972 2.31296 1.79796 3.09451 3.61833 0.933409 0.65581 0.887153 0.747127 -0.283616 -0.182692 -0.154842 
1.65286 2.31732 1.41014 3.14534 3.92005 0.84884 0.724762 0.540638 0.573642 -0.690116 -0.0853207 -0.152475 
1.80301 2.96392 1.52572 2.96833 4.74947 0.129923 -0.116281 0.321504 -0.265009 -1.16881 -0.481104 -0.392931 
1.7327 2.97974 2.42552 3.2306 4.45504 0.168138 -1.0224 0.323027 -0.458445 -0.916062 -0.602942 -0.582155 
1.80817 2.58411 2.22119 3.88382 4.0626 0.273574 -1.09137 -0.417549 0.327594 -1.01312 -0.642961 -0.563944 
1.91107 2.82793 2.14755 2.86834 4.41627 -0.300101 -0.487679 -0.130662 -0.228159 -1.1328 -0.702443 -0.446512 
1.82817 2.75241 2.1165 2.8374 3.7515 0.179632 -0.235306 0.0295684 0.100771 -1.35586 -0.332808 -0.378959 
1.73339 2.28225 2.25199 3.25473 3.50917 0.371256 -0.701089 -0.28596 0.328413 -0.519066 -0.356556 -0.330237 
2.06345 2.61846 1.74409 2.23112 4.10379 -0.0660876 -0.00380941 -0.842022 0.150112 -1.25579 -0.470616 -0.256206 
1.9481 2.4682 1.72817 2.84468 3.83565 0.100846 0.581522 -0.174759 -0.0709278 -1.05736 -0.382761 -0.164162 
1.89997 2.5717 2.13501 3.35331 3.75897 0.175663 -0.020864 -0.520481 0.237932 -0.942518 -0.419169 -0.335383 
1.86946 2.42381 2.293 2.57977 3.50085 0.821426 0.206321 -0.328474 0.438491 -0.921688 -0.155553 -0.22916 
1.79018 2.74751 2.01129 2.77714 4.30465 0.749576 -0.708208 -0.39578 0.292443 -0.646255 -0.254149 -0.502047 
1.73968 2.7844 2.24098 2.5964 3.53397 0.172435 0.169075 -0.191101 -0.292258 -0.655478 -0.267734 -0.248461 
1.88257 2.33993 1.72761 2.20849 3.57319 0.737625 -0.407096 -0.408144 -0.0844244 -0.0807745 -0.187395 -0.266153 
2.04729 2.42057 2.31907 2.3251 3.54022 0.334765 -0.547971 -0.712875 -0.579373 -0.440537 -0.368004 -0.278396 
2.08418 2.37296 2.33415 1.82958 3.88273 0.33753 -0.151429 -0.347043 0.251418 -0.312979 -0.40677 -0.246346 
2.13091 2.39808 1.9217 2.27405 3.87543 0.147261 0.298097 -0.382038 0.094837 -0.379075 -0.47146 -0.21396 
1.96675 2.49609 2.18483 1.97842 2.91748 0.212267 0.312753 0.473277 -0.217331 -0.625427 -0.204041 -0.0858509 
1.98266 2.58201 1.89179 1.49843 2.93832 0.968991 1.06511 0.69623 0.0591688 -0.7035 -0.192103 -0.117365 
1.95541 2.76501 2.3312 1.38982 2.91016 1.23589 1.48307 0.626832 0.0414798 0.00709832 -0.0549357 -0.0011775 
1.89315 2.34434 2.26697 1.24907 2.13664 0.730835 1.58568 0.484748 0.371802 -0.398298 -0.179189 -0.0425454 
1.88075 2.11835 2.31468 1.38445 2.06299 0.550643 1.76816 0.278177 -0.183024 0.0145287 -0.257477 -0.0931762 
1.74585 2.23524 2.40714 1.15782 2.86255 0.576136 0.794388 0.461511 -0.722371 -0.673046 -0.127674 -0.149189 
1.70572 2.41967 2.76774 1.70777 2.58826 0.399689 0.258806 -0.108909 0.123755 -0.552886 -0.164738 -0.146834 
1.8016 2.30613 2.70773 1.5703 1.93216 0.392968 0.7424 0.314023 0.149594 -0.494989 -0.0641589 -0.0675646 
1.89172 2.36732 2.35776 1.89755 0.66912 0.597359 1.10018 0.116642 1.01004 -0.29624 0.0223415 -0.0512365 
1.99643 2.79656 2.04773 0.46241 0.851831 -0.484457 0.331278 1.24453 1.09035 0.559401 0.311855 0.0456491 
2.01419 2.5935 1.79623 0.153236 0.980305 -0.368541 0.487163 1.19578 0.755265 0.444591 -0.17437 -0.213652 
1.80632 2.14392 2.12375 0.282107 1.43143 0.311896 0.848953 0.897309 1.21817 0.352683 0.154581 0.0609206 
1.85718 2.21751 2.53966 1.35199 1.17784 0.401912 0.49419 0.872451 1.18012 0.207067 0.260816 0.138627 
1.9153 2.28678 2.05455 1.61967 2.06666 0.385112 0.749544 0.893129 1.16365 -0.390594 0.0443834 0.0177947 
1.68315 1.98136 2.10698 1.05466 2.00727 0.44008 0.203704 1.0372 0.550842 -0.318719 -0.0459726 -0.078035 
1.61049 1.88105 2.10185 1.51569 1.59865 1.60678 1.11777 0.873913 0.552026 -0.040293 0.0601655 0.016684 
1.73579 2.19317 2.59677 1.25443 2.16908 1.93135 2.08014 0.94532 0.335701 -0.116276 0.00626425 0.0148654 
1.71794 1.87414 2.31376 1.09565 1.83028 0.874219 1.57122 0.466492 1.20981 0.154222 -0.135003 0.025748 
1.5612 1.96186 2.09429 1.07776 1.90559 1.00248 1.67272 0.712027 1.40229 0.444293 -0.135991 0.0395416 
1.46825 1.87703 2.36154 1.09741 1.28748 0.893391 1.80868 0.868754 1.35138 0.537374 -0.0715461 0.0604942 
1.29522 1.79427 2.56992 0.0490604 1.44848 0.270184 1.48334 1.02015 1.40781 0.168268 -0.141444 0.0477872 
1.16224 1.29297 2.77283 0.367551 1.50651 0.314703 1.55631 1.03187 0.345983 0.265944 -0.0326093 -0.0222368 
1.13309 0.892146 2.16554 0.649407 0.961798 0.871512 2.28517 0.702237 0.0847668 0.623535 -0.0811645 -0.155157 
1.05224 0.873227 1.6191 0.0266657 1.44424 0.741343 1.85571 0.965874 0.536851 0.481967 0.0706997 -0.0862062 
1.05906 0.765675 2.05126 -0.0958534 1.46502 0.237578 2.03205 0.0744085 0.765579 0.406169 -0.0639436 0.108246 
0.946748 0.455547 2.02934 0.44152 1.43258 0.917434 1.69756 0.140812 0.998167 0.201444 -0.230753 0.110168 
0.92389 0.330685 1.75168 1.10909 1.98309 0.683079 2.37848 0.608758 1.42451 0.452249 0.300585 0.204079 
0.744355 0.372543 2.06305 1.20917 0.936219 1.60794 1.4235 0.901093 2.36692 0.895873 0.82036 -0.0105538 
0.770831 0.482868 2.19522 0.806814 1.41696 1.42469 1.71978 0.587978 1.55067 0.534834 1.34135 0.0298966 
0.854671 0.308992 2.19613 0.805189 2.06026 0.654435 2.15241 0.48535 0.68081 0.719529 0.651552 0.15681 
0.856159 0.611468 2.14775 0.354358 1.6566 0.15679 1.48034 -0.269689 0.484156 0.831786 0.420492 0.137996 
0.79655 0.901084 1.89764 0.569362 1.12326 0.69407 2.04489 0.0602934 0.383451 0.505997 0.454488 -0.00180499 
0.737628 0.996594 1.37811 0.791978 1.7772 1.4348 1.79469 0.485196 1.05558 0.475043 0.478041 0.0973125 
0.886674 1.11941 1.54607 0.614551 0.701622 0.723098 1.64594 0.409741 1.44737 0.464649 0.626255 0.0658541 
0.858889 0.865846 1.93673 0.454793 1.53536 0.787542 2.10958 1.25546 1.43945 -0.0286334 0.29114 0.174044 
0.715734 0.866852 2.04043 0.880253 1.67196 0.456586 2.34094 2.52335 1.32884 -0.295938 0.277715 0.14792 
0.703235 1.35242 2.43972 1.23347 1.28577 -0.312494 1.84458 1.62754 0.569358 -0.24896 0.285157 0.0518637 
0.772266 1.41469 1.60658 1.418 1.90202 0.21925 1.64755 0.972415 0.944157 -0.0225916 0.489301 0.0320561 
0.626038 1.21612 1.74535 2.11043 2.28116 -0.0497759 1.42511 1.08331 0.968958 -0.139692 0.656628 0.059545 
0.539944 1.17469 1.58754 2.08387 1.80279 0.500428 1.9729 0.954524 1.13381 0.185147 1.19817 -0.114023 
0.658737 0.698313 1.71726 0.725648 0.892755 0.361522 1.29014 1.66654 0.149768 0.710463 0.613917 -0.0853117 
0.755024 1.02478 1.72919 1.12424 1.01456 0.504834 1.42092 0.964909 0.468774 -0.414275 0.462037 -0.033043 
0.917567 1.04173 1.63548 1.40962 1.44485 0.388811 1.78154 0.923323 0.968827 -0.0832246 0.0569427 0.0597855 
1.02157 1.19613 1.82978 0.812575 1.27139 0.305951 2.17056 1.99421 0.656564 0.402238 0.012105 0.0773559 
0.866721 0.940823 1.70375 0.464496 1.5686 0.825424 2.78782 1.76145 1.04947 0.911571 0.377917 0.0839337 
0.960015 1.32777 1.50456 0.973374 1.72933 0.934478 2.1381 1.28001 1.12491 0.512226 0.655796 0.16291 
0.877763 1.40611 2.39037 1.34283 1.51936 1.02569 1.88948 0.996791 1.55864 0.495882 0.397988 0.257259 
0.951119 1.69563 2.42433 1.5242 1.6594 1.55855 1.78381 1.22056 0.975584 0.0240496 0.661279 0.161007 
1.01119 1.63556 2.32399 1.40913 2.00872 1.5452 1.84304 1.39181 0.590134 -0.0545324 0.595736 0.13779 
1.02486 1.59371 2.22148 1.26423 1.42643 1.29125 1.4962 1.27876 0.919228 0.381443 0.303273 0.167471 
0.885919 1.38488 2.33364 1.74822 1.23707 0.382113 2.20376 2.05393 1.12472 0.436839 0.739088 0.233171 
0.995749 1.32996 1.73298 1.40905 1.45989 0.43533 1.67188 2.07505 1.23897 0.272929 0.762082 0.152142 
1.05728 1.36834 2.10199 0.747599 1.48083 0.556142 1.26073 1.5666 1.6237 0.0544936 0.669901 0.139043 
1.03802 1.23383 1.93873 0.703534 1.25022 0.940057 1.81965 1.15683 1.44836 -0.193708 0.315455 0.0636536 
1.08005 1.53774 1.87384 0.730129 0.9967 0.660309 1.54434 1.12077 0.423155 0.075702 0.224466 0.0113003 
1.0018 1.78075 1.97258 0.676564 1.55526 0.683141 1.60672 1.28253 1.64286 -0.18619 0.481825 0.112888 
1.05934 1.72922 1.85921 0.423031 1.70033 0.299585 1.28141 1.95264 2.007 0.0902972 0.439364 0.104174 
1.0585 1.44812 1.54694 0.0130176 1.94683 0.655997 1.85612 1.80388 1.31795 1.33988 0.231072 0.115212 
0.93412 1.17667 1.52123 1.5478 2.10475 1.40639 1.86743 1.56459 0.809765 1.28896 0.19054 0.174889 
1.0621 1.0394 1.19514 1.54298 1.8667 0.706485 1.59434 0.949123 1.80095 1.13114 0.112605 0.100578 
1.04334 1.50723 1.11897 1.30784 1.16122 0.504663 2.17421 0.953764 1.2993 0.184158 0.531778 0.127645 
1.02606 1.45379 1.72319 1.37618 1.27486 0.839123 2.04621 1.00455 1.1215 -0.225683 0.327366 0.150349 
0.94438 1.51494 1.6882 0.850824 1.43511 0.835945 2.02845 1.48309 1.14402 -0.00664986 0.503301 0.106704 
0.913188 1.3344 1.80328 1.03213 1.93059 0.682723 2.04412 0.477593 1.04206 0.00280953 0.689487 0.153746 
0.97553 1.03682 1.83177 1.30655 1.42607 0.842979 2.80912 0.581187 0.707543 -0.259067 0.181675 0.173549 
1.03872 1.34921 1.41779 1.01067 1.24442 0.0655706 2.06585 0.795559 0.982979 0.618331 0.239847 0.14648 
0.799311 1.41988 1.45298 0.85663 1.56199 0.0223358 1.10224 0.784351 1.01695 0.632275 -0.0425309 0.115126 
0.884608 1.40029 1.4262 0.989113 1.77105 0.257368 1.34819 1.24819 0.771678 0.146587 0.234722 0.0699595 
0.904176 1.22624 1.46723 1.21853 1.64592 1.03228 1.37337 0.971895 0.643957 0.70111 0.395142 0.0997991 
0.825065 1.25431 1.42821 0.956413 1.4187 0.728186 1.49249 1.29514 1.27309 0.265781 0.188406 0.0636946 
0.759774 1.53153 1.54531 0.888554 1.55193 1.20086 1.1927 0.69706 1.98739 0.469979 0.146898 0.142972 
0.844018 1.49657 1.61191 1.46344 2.01756 0.938968 1.80148 0.987192 1.06292 0.684249 0.312314 0.189799 
0.897379 1.24413 1.39553 1.631 0.974774 1.18496 1.04317 0.0076612 1.18836 1.12438 0.622962 0.07961 
0.982467 1.24208 1.51586 1.04311 1.56366 1.21746 1.47458 0.483072 0.427601 0.653169 0.220185 0.115967 
0.899337 1.51288 1.62779 1.23814 1.89947 2.08248 1.78379 0.564348 0.468556 0.458484 0.381935 0.157205 
0.990733 1.30904 1.45266 0.802737 1.89055 2.01341 0.85523 0.922133 1.31405 0.145825 0.396429 0.134829 
0.767014 1.24777 1.67782 0.651845 0.844722 1.32952 1.1844 1.49388 0.945643 0.191554 0.753082 0.0412299 
0.831612 0.955263 1.58649 1.28665 0.0398976 1.20901 0.91291 0.368112 1.38151 0.0124726 0.548861 0.104648 
0.921436 1.02544 2.06935 0.732697 0.760871 1.2739 1.19326 1.07408 0.859758 0.553535 0.230071 0.0802788 
0.69433 1.28076 1.78105 0.941661 1.9796 0.596875 1.98928 1.95436 0.702935 0.230697 -0.0163255 0.158859 
0.744431 1.28198 1.73609 1.50827 1.37974 0.641142 2.07361 0.394931 0.517362 0.703447 0.584493 0.0364251 
0.956979 1.21042 1.86573 1.01436 1.55899 0.868325 1.49425 0.702261 0.668028 0.192714 0.756564 0.127721 
0.870511 1.28569 1.51601 1.28299 1.46497 0.972965 1.01471 1.90315 0.391279 0.378204 0.384586 0.0403613 
0.833294 1.18465 2.03757 0.354702 1.33954 0.466267 1.01607 2.30512 0.720295 0.0245333 0.480358 -0.0337921 
