0.7792 1.21976 1.73551 1.27013 0.683162 0.422395 0.0818588 0.610661 1.11243 0.643352 0.182493 0.130924 
0.950632 1.41453 1.90292 0.63744 0.527106 0.744561 0.00285618 0.904174 0.102082 -0.247261 0.344126 -0.0241906 
1.05588 1.06499 1.9869 0.708402 0.713607 0.702284 0.146839 0.381225 0.533552 -0.468568 -0.305207 -0.0189446 
0.887238 1.60047 1.40849 1.18926 0.958072 0.257287 0.534916 0.0905276 0.787212 -0.366794 0.162705 -0.0342549 
0.865522 1.76023 1.21434 0.799826 1.76543 0.944694 0.664114 0.789443 0.740877 0.204568 -0.148823 0.0862646 
0.871284 1.52862 1.48574 0.849133 1.53524 0.338654 0.177187 0.364557 -0.131907 0.24914 -0.109514 0.0971751 
0.840988 1.2332 1.26861 1.13446 1.35574 -0.762865 1.35257 0.331906 -0.620542 -0.479848 0.205993 0.12875 
0.868349 1.24903 1.32155 1.45246 1.12155 -0.248969 1.1486 0.248489 0.104924 -0.917078 0.00850847 0.0394225 
0.951959 1.54823 1.60909 0.966688 1.21177 0.680724 0.0173547 0.357177 -0.238304 0.0313517 -0.0415759 0.0181562 
0.981673 1.69442 1.61164 0.77884 0.890171 1.0213 -0.431039 -0.0446687 0.119161 0.193268 0.0854951 0.0663348 
1.10293 1.5001 1.17431 0.454699 0.210701 1.06869 -0.433637 -0.256801 -0.15999 0.2917 -0.196079 -0.032133 
1.16918 1.93147 1.11863 0.936532 0.805085 0.210931 -0.462678 0.0265137 0.491146 0.00726902 -0.0680668 -0.0888864 
1.29115 2.0187 1.19005 1.07917 1.21187 0.303096 -0.929515 0.166447 0.321716 -0.241403 -0.0458257 -0.120189 
1.23366 1.92639 1.26086 1.0494 1.57945 0.763738 -0.141243 -0.196538 -0.320619 -0.39447 -0.413956 -0.143768 
1.16959 1.79881 1.77333 0.884691 1.3288 0.269949 -0.640466 -0.849674 -0.309926 -0.679943 -0.640476 -0.25951 
1.29463 2.07973 1.74014 1.02364 0.725738 -0.742403 -0.275616 -0.896868 -0.509099 -0.881082 -0.524569 -0.287939 
1.33642 1.65025 2.00059 0.993445 0.47561 -0.420926 -1.65256 -1.65924 -0.750111 -0.830048 -0.566292 -0.335673 
1.31245 1.79501 2.28241 1.14937 0.909212 -0.523172 -1.96393 -1.60272 -1.52338 -0.327246 -0.754362 -0.420781 
1.39742 2.07559 1.27693 0.912465 1.35198 -0.202472 -0.833574 -0.972714 -1.17185 -0.573681 -0.721552 -0.344807 
1.37781 1.95082 1.74574 0.876367 0.912928 -0.069279 0.389051 -0.94331 -0.910645 -1.09775 -0.576704 -0.325984 
1.3355 1.8738 1.75244 1.45739 1.10758 0.0107497 -0.190512 -1.29539 -0.702589 -0.826183 -0.536099 -0.313453 
1.42082 1.96311 1.80081 0.78116 1.57297 0.39208 -0.467989 -1.13569 -0.3346 -0.417563 -0.726909 -0.290732 
1.44037 1.88449 1.87243 1.2797 1.31303 -0.166403 -1.08636 -1.58034 -0.888733 0.10757 -0.77242 -0.318828 
1.50926 2.27048 1.92252 1.20722 1.49546 0.141411 -0.338779 -1.13202 -0.770439 -0.122351 -0.645328 -0.223191 
1.59067 2.21796 2.40694 1.17985 1.74526 0.510669 0.326016 -1.36445 -0.52746 -0.686717 -0.310068 -0.117702 
1.52 1.97669 2.07023 1.45733 1.64345 0.577372 -0.398428 -1.29669 0.126828 -0.623046 -0.48567 -0.217386 
1.72631 2.1673 2.05185 1.99764 3.09341 1.27884 -0.544826 -0.920902 0.107178 -0.490391 -0.115723 -0.234998 
1.82549 2.44101 2.88679 2.40254 2.73289 1.24783 0.174965 -1.30208 -0.126786 0.052725 -0.303932 -0.176105 
1.89103 2.68778 3.24469 2.43664 2.81869 1.77378 0.0463618 -0.329093 -0.488701 -0.119895 -0.160622 -0.167312 
1.82209 2.7297 2.83491 2.85809 3.14628 1.32929 0.474208 -0.396997 -0.0942379 -0.0347141 -0.145175 -0.156717 
2.35742 2.2847 2.42955 1.56945 3.23249 2.17793 0.125008 -0.633175 0.21251 -0.0297967 -0.00447542 -0.101316 
2.13325 2.259 1.67636 1.33635 2.42774 2.4296 0.731791 -0.3831 0.0381499 -0.778175 -0.024891 0.00211679 
1.68298 1.71248 1.69398 1.18965 1.84976 1.46839 0.863436 1.1097 -0.975432 -0.0749503 0.040283 -0.0524811 
1.65719 1.41912 1.16087 0.709288 2.45922 1.99156 0.911796 0.673271 -0.813071 0.0849999 0.0930478 -0.0193419 
2.32745 1.32095 0.337687 0.322864 3.37142 1.82045 0.738543 -0.965751 0.204311 -0.420125 -0.0242791 0.116444 
2.44712 1.24651 0.13991 1.1009 3.21365 2.32841 0.927586 -0.800305 -0.241318 -0.570295 -0.00811481 0.144549 
2.3903 1.55812 -0.0478311 0.644931 2.80455 1.64434 0.989839 -0.68089 -0.418884 -0.493674 0.109545 0.203039 
2.52904 1.35902 0.324304 0.528003 3.39227 1.60795 1.75729 -1.42613 -0.308943 -0.567481 -0.121661 0.309459 
2.3817 1.43028 0.00454388 0.364211 2.70831 2.82169 1.43485 -0.693504 0.102826 -0.452311 0.156482 0.207813 
2.53685 1.49138 0.572395 -0.0471201 3.21853 2.82582 1.5685 -0.740774 0.225856 -0.346268 -0.0246845 0.201084 
2.29919 2.0996 0.271078 0.0977212 2.87528 1.79338 2.81065 -0.537778 -0.111008 -0.327306 -0.0806212 0.18553 
2.48879 2.08286 -0.162756 -0.488245 3.02358 1.72045 2.54329 -0.633316 -0.511873 -0.567591 -0.134432 0.261977 
2.3825 2.27991 -1.39915 0.185822 1.60706 0.925535 0.558646 0.162701 0.236587 0.161439 0.194992 0.102202 
2.59718 1.81172 -1.23829 0.706407 1.22169 -0.470685 -0.958112 -0.321521 0.57806 0.785032 0.328684 0.0136448 
3.13573 1.39117 -1.86287 0.48707 1.389 -0.758841 -0.811544 -0.835766 0.586352 0.502728 0.281693 -0.0290907 
2.73827 1.51667 -1.25994 -0.15236 0.605557 -0.331366 -0.516765 -0.983048 0.381799 0.477911 0.370801 -0.0624698 
2.80054 1.89815 -2.02605 0.30654 0.989902 -0.788123 -0.398083 -1.39894 0.757826 0.272471 0.461929 -0.106684 
2.73872 1.76283 -1.57493 0.862604 0.618826 -1.32098 -0.905613 -1.16712 1.04716 0.431729 0.444194 -0.109697 
2.80227 1.76 -1.20265 0.97436 0.365863 -1.67569 -1.00993 -1.52125 1.1675 0.308144 0.354739 -0.215629 
2.72081 1.39401 -1.97324 0.844085 1.1454 -1.29424 -1.00781 -1.72758 0.91478 0.114352 0.387772 -0.060395 
2.49385 1.50464 -1.13257 0.435467 1.02274 -0.595071 -1.08237 -1.4633 0.754229 0.263173 0.38192 -0.00188427 
2.62615 1.44992 -1.30415 0.83123 0.457977 -1.08035 -0.736744 -1.76512 1.22615 0.284787 0.480968 -0.158974 
2.74221 1.46345 -1.33553 0.713341 1.08827 -1.80656 -0.939858 -1.75646 1.11551 0.4115 0.367098 -0.0741211 
2.64087 1.48231 -0.96362 0.447957 0.968372 -1.64608 -0.946424 -1.57483 0.974356 0.460082 0.256693 -0.0981421 
2.7158 1.1068 -1.60621 0.976234 1.04539 -1.31799 -1.05856 -1.53691 1.10627 0.383996 0.351612 -0.0947985 
2.73329 1.72729 -1.06796 0.504542 1.23552 -1.61037 -0.732099 -1.48661 1.22394 0.596685 0.35154 -0.0681065 
2.74167 1.58444 -1.12864 0.104725 0.4806 -1.14772 0.077204 -1.36683 1.43554 0.43369 0.390502 -0.146831 
2.83919 1.63573 -1.14278 -0.0576235 0.790564 -1.3935 0.11331 -1.14988 1.50532 0.565156 0.315001 -0.106483 
2.82075 1.85216 -1.12542 -0.175597 1.1191 -1.56708 -0.295586 -0.800036 1.32948 0.755947 0.180881 -0.128588 
2.86721 1.38673 -1.15151 0.342478 0.121886 -0.92266 0.133796 -0.710952 1.64983 0.773793 0.351926 -0.271312 
2.89253 1.42615 -0.595224 0.383705 0.641678 -1.53197 -0.212074 -0.456084 2.00281 0.873055 -0.0267735 -0.338632 
2.7382 1.62917 -1.06086 -0.539636 1.07441 -0.491205 0.110093 0.00942075 1.3025 0.656902 -0.0916386 -0.354854 
2.67681 1.7063 -0.7123 -0.562306 1.41885 -1.02682 0.993629 0.0414125 1.42625 0.465612 -0.285053 -0.235318 
2.48792 1.34006 -0.536013 0.133743 1.04108 -0.0129816 1.06725 0.401594 0.904802 0.221761 -0.253252 -0.306465 
2.73794 1.1815 -0.812968 -0.515992 1.9013 0.157519 1.30467 0.107045 0.502609 0.361668 -0.105957 -0.0768623 
2.6171 1.4173 -1.00633 0.310768 2.89534 0.204292 0.219048 0.136916 0.62294 0.4389 -0.240342 -0.141349 
2.54727 1.32942 -0.806896 0.525381 3.00651 0.284 0.912982 -0.442214 0.284994 0.16945 -0.060363 0.0426429 
2.28495 1.29625 -0.37335 1.14393 2.99391 0.728122 0.355422 -0.297159 0.564075 -0.0492766 -0.143059 -0.0807017 
2.43231 1.3901 -1.03941 1.35556 2.3943 0.323458 0.631417 -0.22723 0.873332 0.15755 -0.00496516 -0.15472 
2.3584 1.63567 -0.687416 0.905331 2.77972 0.197664 0.270393 0.233249 0.672764 0.331184 -0.288202 -0.18767 
2.41605 1.81504 -0.626798 1.27496 3.44144 -0.229636 0.169489 0.206039 0.895704 0.344619 -0.512146 -0.172011 
2.39431 1.93197 -0.181176 1.10065 2.44912 0.315261 0.758759 0.545534 0.691892 0.329541 -0.255913 -0.191591 
2.50145 2.13557 -0.637736 0.745213 2.90887 0.754715 0.453974 -0.145625 0.447921 0.577802 0.0533884 -0.100613 
2.39814 1.93049 -0.520252 1.22302 2.2538 0.350249 -0.467622 -0.101599 1.00431 0.450445 0.107792 -0.0872799 
2.40151 1.61761 -0.183543 1.31008 2.70368 0.824183 0.286338 -0.642386 1.14777 0.195946 0.00162849 -0.18783 
2.34757 1.73551 -0.375785 0.757158 2.89316 1.20854 -0.0592269 -0.167592 0.639805 0.573012 0.152814 -0.152866 
2.40276 1.93777 -0.625881 1.02441 2.77242 1.16802 0.277548 0.177877 0.628006 0.622826 0.0115513 -0.184282 
2.37989 1.90815 -0.347097 1.16792 2.86029 0.846234 0.754377 -0.506869 0.533886 0.660008 0.30005 -0.0405858 
2.40524 1.82235 -0.504517 1.49556 3.17477 0.0210564 0.526304 0.107934 1.10562 0.674267 -0.0614703 -0.0845866 
2.34254 1.75207 -0.192113 1.11701 3.38631 1.09663 0.888889 0.163302 0.6816 0.394484 -0.167613 -0.184546 
2.38268 1.91053 -0.216884 0.132705 2.80935 2.02045 0.834406 0.0032449 0.513533 0.710746 0.274272 -0.166235 
2.15688 2.12061 -0.23776 0.728698 2.72953 2.72401 1.09958 -0.59752 1.06464 0.119477 0.310945 -0.253903 
2.26317 1.94449 -0.240646 1.08974 3.41365 1.57703 1.42784 -0.357952 0.731642 0.284822 0.0440577 -0.153921 
2.17326 1.92236 -0.455212 1.04583 3.52016 2.16258 1.71131 -0.453211 0.560275 0.216994 0.215672 -0.0672115 
1.93818 1.92129 0.143595 1.02256 2.91179 2.49418 1.74783 0.25037 0.824402 0.340921 -0.0230936 -0.159361 
1.88421 2.18346 0.241475 0.867954 2.79299 2.70528 1.59662 0.154621 0.74591 0.418823 0.0773745 -0.118418 
1.88664 2.2718 0.160591 0.875519 2.11432 2.33791 2.16375 -0.243643 1.0159 0.426117 0.145231 -0.111344 
2.06739 2.22174 1.01228 0.52522 2.70633 1.47828 1.43803 0.597845 0.53263 0.188094 -0.14832 -0.129404 
2.29059 1.91331 1.00169 0.308533 2.78099 0.887047 1.04373 0.546467 0.067917 0.0714082 -0.17821 -0.0660784 
2.12399 2.08671 1.10652 0.849244 1.9192 1.23134 1.1422 -0.0941005 0.480528 -0.148197 -0.121309 -0.103668 
2.2003 2.15899 1.17793 0.781105 1.81636 1.24687 1.74661 -1.27953 0.645977 -0.169871 -0.0428922 -0.0213008 
2.04881 1.77513 0.820632 1.16265 2.03984 1.59201 1.59535 -0.431375 0.396583 -0.367474 -0.228784 -0.147401 
1.99114 1.63494 1.20423 -0.233379 2.26443 0.511116 1.69242 -0.0210432 0.721963 -0.211484 -0.529541 -0.0591912 
1.96447 1.47186 1.09956 0.317786 1.78936 0.708973 0.693306 -0.342537 1.05833 0.440746 -0.106605 -0.111541 
1.95403 1.84251 1.31256 0.598278 1.63526 1.5405 1.10625 -0.343916 0.491619 0.113052 -0.127197 -0.100413 
2.02099 2.2379 1.42281 0.374245 2.59417 1.67018 2.05523 -0.492225 0.130895 0.0992307 -0.124587 0.0736849 
1.86093 2.16391 1.95973 0.854402 2.79938 1.34566 0.83994 1.06653 0.384494 0.17009 -0.0753107 -0.116919 
1.78224 1.9816 2.34143 1.18436 2.67675 2.16705 1.06473 0.916647 0.528328 0.286382 0.0342877 -0.0230207 
2.02123 1.83726 2.40747 1.10578 3.13623 2.42739 0.908873 0.987593 0.351922 0.658816 0.207754 -0.0542072 
1.98394 1.94062 2.39195 1.07405 2.06845 1.82682 0.981421 1.58042 1.43187 0.515277 0.205964 0.0570957 
1.89602 2.11627 2.40595 0.712251 2.39847 2.71175 1.65861 0.894167 0.742957 0.183344 0.239973 0.19119 
1.82283 2.1848 1.66635 1.6727 3.12763 2.28717 2.49866 0.49459 0.493679 -0.123187 0.250828 0.207276 
1.80881 2.14336 1.83801 2.16188 3.35275 2.02548 2.27671 0.736725 0.771658 0.416167 0.10522 0.0988688 
1.78602 2.02926 1.75017 2.12212 3.67825 2.43755 1.93576 0.667188 1.51194 -0.129508 0.149418 0.0704236 
1.75962 1.86691 2.01471 2.16611 3.24894 1.13116 1.19374 0.541354 1.19017 0.539712 -0.0837755 -0.019566 
1.61812 2.26438 2.21766 2.19151 2.86096 1.20121 0.775091 1.00722 1.16385 -0.221407 0.113502 -0.0150179 
1.52952 2.14534 2.31915 1.66737 3.35016 1.52261 1.20353 1.17305 1.61212 0.174926 0.057841 0.0517937 
1.50086 2.00138 1.64518 1.80185 3.36467 1.876 0.938224 1.2789 1.74929 0.30866 -0.0090776 -0.0308625 
1.39678 2.12348 1.88494 2.18805 2.65136 1.52865 2.03909 1.06202 1.07694 -0.00185329 0.360319 0.150631 
1.55681 1.99129 2.76161 1.91412 2.20726 1.61367 2.21907 0.996936 0.888403 0.252983 0.39219 0.206927 
1.57337 2.21152 2.93622 1.70556 2.27176 1.93438 2.71888 0.850136 0.972633 0.282425 0.0150728 0.0987742 
1.49998 2.08307 2.65286 2.22801 1.89484 1.52102 1.80898 1.29501 1.60481 0.295937 0.160319 0.160664 
1.48596 2.23764 2.57983 2.55541 2.8809 0.954578 1.36527 1.31201 1.19487 -0.218148 0.229779 0.103337 
1.5911 2.1842 2.19949 1.53197 2.54191 1.77692 1.20593 0.205837 1.46549 -0.0889628 0.445156 0.180678 
1.71721 2.10175 2.36216 1.37003 2.11946 1.93843 1.24109 -0.0610518 1.27642 0.247326 0.14266 0.145136 
1.6087 1.89262 2.22206 1.44145 2.54367 1.11809 0.823827 0.705919 1.29534 0.345062 -0.120073 -0.0235593 
1.42062 2.10474 1.99378 1.06691 2.98474 1.45503 1.58748 1.13725 0.862215 -0.0314203 0.0931661 0.026355 
1.36216 1.77183 2.66714 1.58555 2.83759 1.0431 0.939162 1.46542 1.09941 0.204246 0.346361 0.161907 
1.43716 1.71874 2.3645 2.08023 2.48978 1.15424 1.82746 0.667405 1.51865 0.36256 0.195953 0.212254 
1.46524 1.63723 2.70846 1.45655 2.6133 1.57907 2.29236 0.385211 1.05315 0.515788 0.20518 0.27762 
1.32122 2.02899 2.43614 1.71652 2.49787 1.06983 2.31158 0.961918 0.479424 0.36513 0.316447 0.16724 
1.28954 2.0645 2.52838 1.61362 2.50748 1.57327 2.35412 0.785765 0.47966 0.0829098 0.310461 0.119151 
1.46096 1.82898 2.2979 1.31011 1.94199 1.7626 2.1634 0.416264 0.546231 -0.591424 0.397437 0.149211 
1.31036 1.84053 1.72823 1.12993 1.09429 0.76925 2.19373 0.11743 0.573912 -0.925479 0.322385 0.00298914 
1.3086 1.77288 1.8823 1.60462 2.19429 1.60023 1.48912 0.035683 0.967438 -0.304232 0.48604 0.131862 
1.28664 1.79974 2.01032 1.44828 3.09137 1.41895 0.999391 0.682643 1.0807 0.360274 0.318129 0.135119 
1.15271 1.58899 2.2962 1.69764 2.34674 1.92591 1.99828 0.486561 0.741786 0.134356 0.287914 0.174534 
1.1712 1.45724 2.41868 1.2133 1.78599 1.47685 1.58877 0.517096 0.781587 0.134749 0.296929 0.16235 
1.13233 1.93156 2.58068 1.24207 1.247 1.49273 2.47175 0.764908 1.0145 0.702911 0.205043 0.167747 
1.28486 1.91473 2.42698 1.79645 2.4171 1.98837 1.59092 0.406163 0.76368 0.510957 -0.0478093 0.0932892 
1.30227 1.59091 2.60025 1.19003 2.11531 1.05029 0.703486 1.05011 0.910072 0.969224 -0.200913 0.0656786 
1.30802 1.71942 2.02401 1.44814 1.89598 0.631016 0.673552 1.25525 0.597935 0.836018 0.132406 0.0942199 
1.22783 1.66072 2.06231 1.52186 2.61153 1.59629 2.6498 1.15903 0.496244 0.38378 0.0271827 0.176567 
1.24494 1.3142 2.63869 1.72731 2.68791 1.75722 2.32498 1.75968 0.0946857 0.522845 0.00304985 0.113895 
1.26814 1.66108 2.48909 2.28987 2.66035 1.38318 2.08932 1.36651 0.770983 0.402258 0.159973 0.184934 
1.2674 1.64703 2.24486 1.96191 1.96876 1.31922 1.96376 1.32235 1.07085 0.38172 0.435844 0.217381 
1.18328 1.64028 1.72147 1.36673 2.52697 1.77072 1.644 1.2629 1.72082 -0.224043 0.144332 0.151884 
1.34257 1.98946 1.66602 0.673308 2.901 2.02982 1.41917 1.48064 1.19171 0.0601835 0.134281 0.0543176 
1.17467 1.84967 2.13874 1.40358 2.42177 1.19798 1.76569 1.41431 0.579284 0.382569 0.013036 0.122322 
1.06552 1.58819 1.84857 1.18003 1.59453 1.1023 1.81062 1.25345 0.929317 0.504988 0.325443 0.126646 
1.09181 1.73706 1.72274 1.18757 1.39526 0.76239 2.10445 1.19431 1.40933 0.515909 0.483061 0.147264 
1.08775 1.91026 1.63765 1.13953 1.40459 0.523795 2.11698 0.973791 1.45032 0.203831 0.509645 0.12007 
1.08634 1.78203 1.80186 0.663663 2.25018 1.07838 1.4501 0.22263 0.564233 -0.0208699 0.598556 0.127481 
1.16582 1.61236 1.7543 1.18297 1.91072 0.970118 1.07443 0.298157 0.818288 -0.370133 0.460114 0.0946161 
1.08887 1.40638 1.4531 0.975216 1.3273 0.551758 0.483367 0.322628 1.19381 -0.175601 -0.0998265 -0.0363753 
1.08821 1.33988 1.31935 0.804399 1.78147 0.612702 1.23448 0.597916 1.37224 -0.355312 0.0698841 -0.0465034 
1.00833 1.20853 2.32822 1.10957 2.25869 0.787561 1.83588 0.511474 0.748045 -0.236376 0.0999302 0.172079 
0.953871 1.3706 2.28291 1.30655 2.75239 0.98254 1.56102 0.958729 0.825387 0.0879645 -0.137518 0.203992 
1.03526 1.74875 2.0706 1.61616 2.03861 1.67445 1.54169 1.52388 0.289574 -0.190351 0.384935 0.0768916 
1.15236 1.54515 2.01402 1.43758 2.04626 0.677272 1.16617 -0.011483 0.750507 0.584566 0.496654 0.131548 
