0.648095 1.09158 1.54911 0.896782 1.00328 -0.584849 0.515245 0.996278 -0.158398 0.294731 0.332611 -0.00698885 
0.807837 0.836375 1.10119 0.248753 0.0654222 -0.64425 0.485935 0.471309 0.71847 0.312121 0.482492 0.16666 
0.839083 0.684849 1.60732 -0.144279 0.451448 -0.384483 0.69956 0.120772 1.01699 0.380833 0.602503 0.0459817 
0.728697 -0.335569 1.70125 -1.65451 0.147804 -0.128812 0.245548 -0.390281 -0.357965 0.598943 0.396602 0.0430846 
0.842711 -0.300781 1.67901 -1.60681 0.0794372 0.46643 0.526747 -0.2364 -0.668051 0.239847 0.258732 -0.401005 
0.719588 0.0163224 1.61446 -0.904805 0.427824 0.557582 1.13617 0.325488 -1.09774 -0.191497 0.448362 -0.466203 
0.630691 0.6077 2.0097 -0.621685 0.46466 1.83829 0.965889 0.375711 0.0237709 -0.630639 0.328697 -0.466043 
0.552524 -0.0508305 2.03495 -0.412577 0.205888 1.37586 1.48617 0.731836 0.550691 -0.977313 0.182723 -0.51648 
0.483684 -0.515647 1.11942 -1.91076 -0.998448 1.39635 1.78235 -0.262342 -0.107242 0.344696 0.28315 -0.417875 
0.532133 0.10692 1.05257 -1.20402 -0.610856 1.49818 2.31 -0.58648 0.181817 0.15746 -0.0179306 -0.814151 
0.636042 -0.187345 0.56231 -0.72895 0.205184 0.723498 1.94127 0.283054 -0.157802 -0.0745005 0.248708 -0.57697 
0.668868 -0.876765 0.09939 -0.400076 -0.411712 -0.706236 1.1133 0.425563 0.0329245 0.13429 0.237042 -0.640538 
0.688027 -1.37104 0.0917777 -0.613206 0.794812 -0.79593 0.704261 0.335211 0.628369 0.600228 -0.0149872 -0.628185 
0.821924 -1.41117 -0.565219 -0.967057 1.42896 0.059962 0.281655 0.0626245 0.886666 1.007 -0.0927828 -0.321354 
0.586605 -1.34577 0.275054 0.0889181 1.28457 0.365369 0.108663 -0.0172117 0.702065 0.530938 0.282779 -0.412039 
0.455228 -1.89822 0.132905 -0.425972 0.787704 -0.377595 0.185707 0.383949 0.781539 0.880989 0.337163 -0.418679 
0.614221 -1.58747 -0.69248 -0.200115 1.39801 -0.44782 0.12586 0.809867 0.550262 1.25443 0.406726 -0.485201 
0.763189 -1.45025 -0.94639 0.778349 2.26802 0.407393 0.717062 0.792036 -0.142937 1.279 0.397591 -0.36538 
0.915113 -1.17548 -0.46083 0.0926029 1.1401 0.805665 0.809579 1.10967 0.906352 0.67741 0.140458 -0.506392 
1.08019 -0.673566 -0.516908 -0.174248 2.80029 1.01947 0.339888 0.960834 1.75385 -0.751249 -0.0963581 -0.0486851 
1.1022 -0.496882 -0.0478613 0.478718 2.70805 0.521232 -0.386258 0.503861 1.4217 0.256166 -0.111815 -0.196363 
1.2841 0.145246 1.20362 1.46254 2.88289 0.804312 0.364949 0.902369 1.98701 1.10274 0.118953 -0.101604 
2.05459 0.6519 -0.359998 1.32947 3.34201 2.10234 1.16347 0.878516 0.471375 0.296178 -0.128678 -0.101742 
2.25627 0.591885 -2.28973 1.0475 3.55134 1.92576 1.03606 0.787533 1.01644 0.0987668 -0.201814 -0.0205335 
2.22258 0.716435 -2.09804 0.878027 3.77119 1.87031 0.973998 0.670005 0.993992 0.193277 -0.110347 0.0261567 
2.10181 0.961253 -0.715839 0.402554 3.66999 2.66082 0.841415 0.509075 0.435647 -0.142577 0.154072 0.102301 
2.1073 0.897596 -0.460549 0.901069 4.07538 2.17416 1.46814 -0.246849 0.794968 -0.175095 0.100351 0.191643 
2.13108 0.86649 -0.461111 0.723479 4.53013 1.96241 1.42709 -0.588657 0.916222 -0.0583408 0.141272 0.276416 
2.20027 1.04075 -1.00607 1.36054 4.86113 1.98222 1.68635 -0.54284 0.793814 -0.0688524 0.127376 0.253705 
2.23376 0.867195 -0.859614 1.28264 4.47579 2.8245 0.787952 0.646993 0.113628 0.222948 0.151533 0.198546 
2.21574 0.902613 -0.946249 0.919693 4.4904 2.99666 0.886441 0.905375 0.250526 0.296188 0.0562805 0.091253 
2.19581 1.11691 -1.58438 1.39131 4.54625 2.51902 2.37528 -0.00786543 0.452019 -0.0809617 0.117426 0.253925 
2.10943 1.22718 -1.87445 1.43377 4.91933 1.9268 1.99116 0.0241325 0.773247 0.0775647 -0.0398765 0.256997 
1.98467 1.06839 -1.67224 1.79189 5.00056 1.56895 1.11732 -0.076278 1.11713 0.181616 0.14499 0.270182 
1.92669 0.870509 -1.64037 1.87367 4.32323 2.37757 0.495505 0.45147 0.804542 0.247966 0.0914997 0.153968 
1.97752 0.81361 -1.55542 1.26327 4.14464 2.57108 0.628036 0.822608 0.571815 0.213957 -0.211679 0.00702259 
1.93528 1.06939 -1.41708 0.756991 4.26686 2.84541 1.30724 0.533718 0.332897 0.179832 0.10311 0.112854 
1.85736 1.23929 -1.21017 1.4191 4.75604 2.99525 0.746253 0.335276 0.565866 0.193655 0.139134 0.0270506 
1.87102 1.20758 -0.6296 1.5058 5.47367 2.9897 0.626437 0.00870801 0.826571 -0.197697 0.109639 -0.0120266 
1.90568 1.42664 -0.729626 1.67152 5.30842 2.72397 1.82115 -0.151961 0.81529 -0.110168 0.0414848 0.082478 
2.06989 1.31937 -0.441908 1.35292 4.30228 3.76885 1.59034 0.488617 0.562212 -0.058513 0.111066 0.0914951 
1.9495 1.25972 -0.398883 1.45177 4.63141 2.92756 1.65343 1.02981 1.01996 0.00470872 -0.17149 0.0302543 
1.88094 1.2021 -0.168815 1.37687 4.79063 3.08386 1.63212 0.799055 1.29418 0.0129502 0.0513952 0.102649 
2.0129 0.844697 0.148239 1.19592 4.59637 3.49377 0.567579 1.00801 1.44236 -0.00764054 0.210234 0.164969 
2.13295 0.913572 0.114295 1.26683 3.96627 4.29482 1.15229 0.731794 1.0094 0.089059 0.339095 0.296032 
2.13432 1.48256 0.0464484 1.06468 4.35802 4.21227 2.81835 0.266891 0.808418 0.157961 0.331381 0.253161 
2.11883 1.247 0.200096 1.51293 4.84917 3.14128 1.99862 0.966368 1.13402 0.122595 0.0389809 0.194765 
1.88715 1.44392 0.44248 2.15227 4.68446 2.50749 2.26055 1.93086 1.64591 0.369391 -0.289701 0.0909941 
1.92542 1.60239 0.399217 1.76646 4.44568 3.02151 2.66698 1.37311 1.4902 0.674866 -0.0576851 0.0572323 
1.90413 1.32808 0.492062 2.10819 3.7334 3.85321 2.61038 1.56436 0.914197 0.321447 -0.0287861 0.18362 
1.81386 1.28056 1.02762 1.75023 4.43591 3.80508 2.11696 1.57299 1.18651 -0.191933 0.0962252 0.295034 
1.82522 1.29843 0.814699 1.88391 4.44004 3.17506 2.1577 1.6952 1.67873 0.309303 -0.195707 0.0822274 
1.72485 1.37389 1.23657 2.23262 4.22682 2.75163 2.38055 1.2136 2.18797 0.561101 -0.128909 0.117741 
1.70092 1.57015 1.29602 2.08162 4.16445 3.20744 2.31428 1.56362 2.28258 0.673955 -0.200755 0.0515407 
1.7565 1.65363 1.29564 1.87475 3.82904 3.00395 2.77437 1.68518 1.95174 0.0464337 -0.132556 0.140371 
1.71403 1.54477 0.923819 2.06086 3.74423 2.58918 2.9488 2.02009 1.51674 -0.0181606 -0.18514 0.202269 
1.67879 1.46675 0.944178 1.88361 3.34071 2.60606 2.68348 1.72821 1.5618 -0.100919 -0.0360482 0.209248 
1.79677 1.26043 1.24952 1.5964 3.48836 3.57495 2.72409 0.856445 1.94169 0.120445 -0.286065 0.12204 
1.71958 1.30709 1.06319 1.65717 3.63833 3.2339 3.04873 1.28888 1.73077 0.373874 -0.567554 -0.00650475 
1.63852 1.24631 1.27922 1.55483 3.47554 3.05486 3.40336 1.36941 1.24634 0.82645 -0.569016 0.05597 
1.49764 1.25398 0.933165 1.00584 3.34569 3.10622 2.7787 1.6283 1.23395 0.633398 -0.435749 0.113028 
1.41342 1.26157 1.02436 0.683472 3.84294 2.83126 1.90167 1.21959 1.68547 0.340465 -0.212423 0.11005 
1.39559 1.06203 1.26772 1.13134 3.52217 2.47788 1.75466 0.285762 1.71261 0.333223 -0.403449 0.0822626 
1.34133 1.40863 1.57909 0.514885 2.66333 2.33752 2.4019 0.57157 1.31555 0.256705 -0.563896 0.0625767 
1.3854 1.5844 1.85323 0.516573 2.35994 2.49569 2.82978 0.732295 0.664964 0.155392 -0.357277 0.108441 
1.48864 1.44904 1.41847 1.00337 3.16203 3.68588 2.72678 0.34885 0.901351 0.472542 -0.245678 0.239004 
1.46581 1.44945 1.20971 1.09966 3.1544 2.98337 2.4237 0.737027 1.49215 0.243041 -0.0994126 0.182912 
1.34983 1.38318 1.28423 1.13491 3.32289 1.79889 1.27397 0.696755 1.48595 0.800351 0.32205 0.146443 
1.26323 1.42897 1.01395 1.15394 2.09763 2.10472 2.63252 1.16544 1.43474 0.89452 0.00207823 0.164135 
1.32876 1.2232 1.27675 1.30282 1.99155 1.35264 1.80491 1.17952 1.88368 1.07398 0.183403 0.127981 
1.35702 1.17022 1.88804 1.41542 2.51708 0.618831 0.7725 1.25743 1.69939 0.769186 0.504788 0.228726 
1.36218 1.12486 1.69501 1.29566 2.79027 1.60979 2.3621 1.54854 1.66526 0.145214 -0.333436 0.168856 
1.32044 1.2426 1.22946 0.615042 2.8375 2.83147 2.157 1.09527 1.64613 0.302456 -0.399254 0.113283 
1.29654 1.46384 1.52563 1.20752 2.85294 2.60677 1.83602 1.11826 1.62305 0.227851 0.190239 0.225804 
1.36923 1.79121 1.7443 1.06001 2.52199 2.36286 2.56032 1.78166 1.61665 0.334072 0.136153 0.219898 
1.29967 1.53876 2.00056 0.886201 2.54262 1.441 3.05271 1.7247 1.93871 0.248374 0.186723 0.328717 
1.24704 1.36547 2.14334 2.01567 2.44896 1.88279 2.75799 1.9808 1.18762 0.689382 0.162833 0.310149 
1.30872 1.61832 1.97136 1.65037 2.48739 2.52465 1.89767 1.30615 1.49023 0.84428 0.292933 0.280641 
1.34009 1.57988 2.23353 1.91032 2.28065 1.68142 2.30788 1.20996 0.748459 1.04291 0.530496 0.275346 
1.25648 1.39242 2.08989 1.92725 2.79015 1.70907 2.81465 1.11956 0.509971 0.886652 0.64268 0.336908 
1.20515 1.44959 1.87038 1.84637 2.51995 2.15889 2.2359 0.768143 1.02638 0.849005 0.707568 0.313523 
1.42859 1.64276 1.95251 1.57228 2.80995 1.44456 1.88722 1.02391 1.27909 0.939134 0.534607 0.314829 
1.42539 1.69722 2.26505 1.53091 3.10718 1.97347 1.32049 1.43894 1.5019 1.10776 0.273618 0.222946 
1.27904 1.31893 2.02126 1.80719 2.66522 2.33484 1.57926 1.5166 1.12223 1.05755 0.355721 0.247613 
1.19885 1.41859 1.44674 1.69566 2.25191 1.83824 1.74255 1.22278 1.58975 0.521063 0.776493 0.265773 
1.22175 1.54338 2.0948 1.12246 1.59383 1.37972 1.79225 0.902074 1.59754 1.10609 0.706767 0.300865 
1.20622 1.41344 2.18505 1.12944 1.48419 1.61941 2.40497 1.27022 0.991952 1.16553 0.712116 0.249169 
1.06325 1.22867 2.06443 1.30508 2.79777 1.28043 2.39073 1.54817 1.75787 0.395097 0.405403 0.364065 
1.11909 1.6726 2.08986 1.07908 2.43346 1.3022 2.49326 1.55991 1.36514 0.638577 0.493912 0.29608 
1.23858 1.8549 1.61585 1.33965 2.25536 1.97844 2.45269 1.55076 1.40941 0.212291 0.60243 0.256377 
1.22519 1.49216 1.45691 1.80336 2.49902 1.98124 2.29766 0.613015 1.47973 0.409242 0.816035 0.304572 
1.21316 1.33989 1.55391 1.1682 2.96117 1.51305 2.29042 1.3189 1.15388 0.696187 0.60228 0.31928 
1.26001 1.38558 1.26583 1.4113 2.19315 1.77096 3.02058 1.43053 0.901298 0.769996 0.248758 0.254225 
1.3475 1.20844 1.29556 0.927873 2.73567 2.03272 1.98968 1.12432 0.934103 0.760642 0.795131 0.328026 
1.33247 1.23869 1.52756 1.01484 2.80531 1.77812 1.70851 0.723192 0.914808 0.708794 1.00013 0.356602 
1.30043 1.5143 1.33292 1.65151 2.35338 2.45238 1.67131 0.661539 0.426378 0.594033 0.479646 0.217066 
1.17121 1.36529 1.62669 1.58866 2.03291 2.70223 1.30249 1.21422 -0.0535051 0.460668 0.782232 0.22426 
1.22536 1.48383 1.68856 1.24995 2.77719 1.62564 2.48407 0.476332 0.337259 0.711692 0.739498 0.329215 
1.1361 1.41515 0.971441 1.32085 2.29206 1.22965 2.87042 0.583403 0.484566 0.563356 1.13801 0.318296 
1.13494 1.43809 0.823348 1.45859 2.49045 1.1848 2.7894 0.273631 0.0251199 0.589331 0.760286 0.305195 
1.12826 1.43457 1.61142 0.674572 2.58417 1.89314 2.54936 0.634573 0.613623 0.529622 0.451823 0.28679 
1.06538 1.36939 1.93254 0.671024 1.66623 1.8988 1.81041 1.71454 0.810678 0.860157 0.473169 0.140446 
1.12182 1.24526 1.5126 1.01918 2.80324 1.56 2.13582 1.17246 1.01557 0.375224 0.319374 0.242974 
1.06729 1.03409 1.92225 0.768097 2.45988 1.94783 2.38438 0.227678 0.745642 0.611919 0.408518 0.260123 
1.10872 1.27843 1.55732 0.80846 1.71047 1.63501 1.71465 0.303572 0.630983 0.373426 0.749452 0.132164 
1.32434 0.943394 1.82399 0.424935 2.15606 0.971843 1.66035 0.744106 0.742668 0.611417 0.853275 0.289263 
1.20673 0.770899 1.51427 0.595956 2.4044 0.980562 2.24391 0.590337 0.0992292 0.402603 0.839173 0.30168 
1.12809 1.20632 1.15628 1.43282 1.95094 1.18925 2.21012 0.612775 0.816555 -0.341077 1.06893 0.21583 
1.11868 1.50232 1.46421 1.2872 1.92202 2.73236 2.45724 0.951338 1.02042 -0.698938 1.04482 0.270102 
1.08673 1.52951 1.71264 1.05984 1.7275 2.08232 2.67935 1.03165 1.84651 -0.3302 0.262937 0.204366 
1.03188 1.2708 1.6007 0.78779 2.13864 1.87849 2.98486 0.966338 1.04939 0.220955 -0.0240294 0.241797 
0.995764 1.19391 1.72129 1.00001 2.98993 1.86277 1.89168 0.843387 0.184052 0.464643 0.326924 0.228204 
1.15811 0.864813 1.90519 0.887704 3.19471 1.97686 1.83653 0.890029 0.141511 0.389458 0.49613 0.261628 
1.13219 0.999008 1.67468 0.385396 2.34642 2.04975 3.06992 1.26699 0.313276 0.315655 0.329789 0.271692 
1.11902 1.52651 1.32771 0.316591 2.15487 2.08903 2.59584 0.694723 0.978182 -0.0568839 0.139993 0.2139 
0.926013 1.48956 1.09325 0.529222 2.3243 2.39271 2.35011 0.414727 0.9097 0.129943 0.656091 0.209453 
1.09333 1.56022 1.21395 1.00095 2.15726 2.05504 2.81171 0.672684 0.544315 -0.32055 0.91992 0.251326 
1.18894 1.11942 1.4755 0.858647 2.54937 1.83278 2.34619 1.83511 0.727703 -0.0299184 0.475492 0.263097 
1.05337 1.36967 1.20847 -0.00742086 2.15519 1.55803 1.85209 0.86315 0.935225 0.51206 0.666923 0.168397 
1.12487 1.33254 1.38556 0.590981 2.20751 0.972208 2.07967 1.16267 1.03096 -0.030693 0.542282 0.20069 
1.20336 1.26456 1.35102 -0.186087 1.84543 2.10478 2.31465 0.797481 0.722036 0.340459 0.933772 0.310903 
1.08302 1.18088 1.19691 0.404171 1.93883 0.879034 2.15473 1.00127 0.0671416 0.000855804 0.944298 0.18305 
0.976097 1.66796 0.752675 0.443976 1.52389 0.474746 1.96224 1.60679 -0.0386644 -0.413624 0.758455 0.0252125 
