0.304087 0.816149 1.80857 1.16777 1.47221 1.08198 1.40304 1.43078 0.209226 0.738401 0.245162 0.0569208 
0.300481 0.532564 1.73326 1.79312 2.26459 1.18837 1.93894 1.59006 0.46089 0.535183 0.400868 0.0913109 
0.268589 0.703616 1.90044 1.96679 1.74258 0.644171 1.50568 1.76389 0.978718 0.279477 0.629653 -0.0351783 
0.228837 0.630413 1.54024 1.40363 1.32524 1.65186 1.18029 0.850733 0.421002 0.24914 0.369374 0.0540163 
0.315488 0.487648 1.20759 1.25132 0.971402 1.54962 1.36548 0.929076 0.807941 1.37351 0.141086 -0.136578 
0.436866 0.842827 1.41818 1.0698 1.90744 1.73067 1.29078 1.2813 0.342915 1.47636 0.0507817 0.0808588 
0.406615 0.91438 1.52387 1.73909 1.44157 0.994109 1.44463 1.64902 0.417131 0.920779 0.373198 -0.037575 
0.339747 1.00472 1.63472 1.32694 1.394 0.534589 1.12963 1.44814 1.2062 -0.00244578 0.216185 0.139096 
0.391378 0.66756 1.75193 1.40345 1.73659 1.26263 1.26575 1.37093 0.986717 0.306488 0.500331 -0.0216987 
0.44847 0.75852 1.33139 1.21851 1.21616 2.17775 1.10378 1.59424 0.740936 0.468895 0.512107 -0.0547961 
0.451897 0.849729 0.857494 1.01847 1.12165 1.75577 0.858122 0.919657 1.44936 0.314891 0.441856 0.00662304 
0.565969 0.847878 1.17708 1.44347 0.914207 1.38263 1.55675 1.12691 1.34643 0.902123 0.257353 0.0425678 
0.478244 1.0956 1.81931 0.908754 2.16149 1.62255 1.92941 0.656623 0.883191 0.887348 0.252503 0.171688 
0.292934 0.970496 1.51524 1.26148 2.02346 0.831572 0.800988 1.02081 1.65003 0.418607 0.0603898 -0.00120277 
0.374643 1.09186 1.16376 1.42013 1.59151 0.832548 1.04787 0.35503 1.02347 0.634453 0.170457 0.00438401 
0.38153 0.856806 1.54842 0.680471 1.83903 0.682343 1.226 0.271856 1.10107 0.56332 0.367988 0.0792675 
0.417965 0.814007 1.45466 1.07786 2.11294 0.622624 0.980557 1.33173 1.61622 0.739207 -0.144614 0.148353 
0.352754 0.696242 1.36952 1.07818 1.39497 0.517448 1.69834 0.803554 1.06181 0.386177 -0.0369608 0.104977 
0.317592 0.894471 1.24584 1.32719 1.59903 1.05164 0.954442 1.22556 1.21555 0.427748 -0.174155 0.157588 
0.3033 0.831397 1.22504 1.79177 1.65969 1.13072 1.74446 0.895821 0.221624 0.886703 -0.142423 0.208743 
0.221685 0.692141 1.06585 2.37279 1.24443 1.15945 2.02298 0.946447 0.427518 0.249634 0.173946 0.234273 
0.28523 0.942048 1.60738 1.80901 0.878973 1.05013 2.39836 0.881317 0.6677 0.240254 0.394961 0.119418 
0.364541 0.73118 1.749 1.01772 0.870863 1.51331 1.10259 0.430559 0.903163 0.761817 0.633264 -0.13301 
0.419388 0.640458 1.09996 1.38151 1.34055 1.92124 1.76037 1.38051 0.816676 0.592649 0.803245 -0.188174 
0.293414 0.933432 1.08676 1.45605 1.92195 1.66375 1.4187 1.42843 1.06993 0.794521 0.494916 -0.0233037 
0.181006 0.714839 1.40964 1.3713 1.34122 1.04658 1.38524 0.44457 1.07759 0.695874 0.549394 -0.0942254 
0.228228 0.920227 1.26965 1.15173 1.2041 1.38486 1.27393 0.13242 0.783339 0.391773 0.530027 -0.0323109 
0.262821 1.33385 1.49569 0.735113 1.08585 1.57996 0.787852 1.36295 1.22358 0.544325 0.23007 0.0266721 
0.342545 0.744044 1.59522 1.19056 1.83661 1.93226 1.30211 0.826103 0.859968 0.593835 0.538727 0.00185071 
0.411922 0.774339 1.55732 1.40049 1.70755 0.803539 1.69838 0.947303 0.714015 0.638329 0.689029 -0.104626 
0.478767 0.798637 0.996329 1.93237 0.836826 1.27283 1.73172 1.21847 0.645885 -0.0744909 0.532329 0.0977045 
0.368104 0.686091 1.41371 0.988273 0.85721 1.12347 1.04951 1.04453 1.03593 0.181448 0.459584 -0.0193799 
0.278295 0.679267 1.19071 0.783021 1.85918 1.16585 1.31752 1.10591 0.896744 1.19133 0.477956 -0.277195 
0.353337 0.531776 1.11426 1.00858 1.64894 0.991888 1.44253 1.17381 0.0841219 1.23584 0.227998 -0.0498161 
0.360903 0.716683 1.40236 1.68804 0.740972 1.50922 1.41012 1.09894 0.641445 0.228308 0.366766 0.108224 
0.279548 0.713168 1.45717 1.554 1.41751 2.4016 2.33527 1.16308 1.25271 0.300952 0.372584 0.0768399 
0.304729 1.19038 1.54595 1.28639 1.8398 2.21797 1.57856 1.18907 1.77229 0.885816 0.297945 0.102529 
0.450212 1.65479 1.94699 1.68747 2.18981 1.20582 1.64118 1.43856 1.15582 0.887317 0.232302 0.234634 
0.68115 1.76041 2.85424 2.18794 2.91305 1.64438 2.54223 1.58676 0.845448 0.809527 -0.0788579 0.444977 
0.900626 2.00048 3.08727 3.005 2.33093 1.92256 2.59269 1.92869 1.13777 0.787694 -0.0335294 0.410365 
1.05173 1.97733 2.78102 3.49732 2.85251 2.7349 2.29379 1.9008 1.17809 0.458085 0.419746 0.318462 
1.11371 2.0468 2.76321 3.34343 2.40612 3.03915 2.35907 1.8012 0.982058 0.229272 0.564256 0.24661 
1.13839 2.22597 2.84353 3.09325 2.82195 2.93666 2.56286 1.79445 1.51263 0.360761 0.440855 0.303643 
1.04021 2.12272 3.30733 2.92641 2.61125 2.93788 2.76842 1.66427 1.6698 0.552271 0.361504 0.385062 
0.865949 2.09346 3.33804 3.28298 2.66288 2.62905 3.01176 1.26869 1.63902 0.428022 0.527829 0.346774 
1.00765 2.00436 3.01063 3.11901 3.45339 2.51546 2.61998 1.61088 0.95746 0.965566 0.43703 0.338118 
1.09061 2.01912 3.2432 3.08005 3.19801 2.53047 2.64 1.54123 1.01582 0.801127 0.497664 0.288092 
1.14601 2.15528 3.10659 3.20717 2.87865 2.73224 2.20053 1.79092 1.18839 0.187815 0.793829 0.23966 
1.12536 2.3345 3.40925 2.99689 3.4964 2.1851 1.93198 2.00785 1.31098 0.201789 0.818443 0.222491 
1.1931 2.35101 3.49015 3.22454 3.74561 2.28349 1.8695 1.34424 0.51095 0.89973 0.640857 0.117134 
1.22268 2.42496 3.77615 3.58321 3.25291 2.85016 2.14533 0.872491 0.741413 0.167943 1.0055 -0.00616794 
1.26381 2.57243 4.22138 3.20688 3.17789 1.44336 2.07502 1.32207 0.721025 -0.0523972 0.684228 0.0570954 
1.34644 2.575 3.6585 3.05676 2.9504 1.47199 1.9808 0.656983 0.776435 0.0130276 0.431647 0.0490839 
1.40034 2.56614 3.65157 3.2314 2.89457 1.9189 1.3878 -0.0114995 0.535826 -0.295742 0.366547 -0.101159 
1.39451 2.50707 3.30586 3.19055 3.15129 2.1343 1.31047 -1.11348 0.425586 -0.508049 0.4011 -0.228824 
1.67838 2.19688 2.82688 2.39101 3.85449 1.14954 0.657802 -1.40381 -0.699417 -0.6132 0.128858 -0.154321 
2.0432 1.84304 1.6694 1.96041 3.52376 0.990409 0.899708 -2.318 -0.305237 -1.57727 -0.0823507 0.106103 
2.29486 1.49888 1.02454 1.3034 3.08358 0.966035 1.42098 -2.29493 -0.742609 -1.11901 -0.27927 0.19341 
2.30302 1.48628 0.582781 1.22319 3.70672 1.23722 0.63314 -2.0759 -0.39011 -1.3371 -0.300597 0.155834 
2.35055 1.57317 0.0713197 1.10113 4.16564 1.54511 0.435528 -2.69063 0.0209829 -1.18092 -0.145041 0.0463933 
2.1869 1.4508 0.409383 1.61456 3.79966 0.827784 0.58407 -2.17785 0.0120465 -1.32446 -0.176589 0.126701 
2.14058 1.71793 0.768347 1.45642 3.85623 0.22254 0.483868 -2.07253 -0.274716 -1.90033 -0.280612 0.226852 
2.13282 1.83746 1.00405 1.91535 3.10132 -0.0234058 0.92392 -2.03768 -0.828083 -2.55745 -0.300572 0.207164 
1.94181 1.80738 1.03758 1.76314 3.43026 -0.178826 0.483466 -1.82769 -0.777596 -2.0256 -0.216461 0.0683333 
2.09039 1.905 1.18803 1.58716 2.8954 -0.690157 -0.825746 -1.85656 -0.202977 -1.57644 -0.491644 -0.116073 
1.80338 1.75645 1.12478 2.32888 2.36053 -0.421016 -0.0745745 -0.7939 -0.923028 -2.23746 0.271729 0.263246 
1.79623 1.86577 1.77563 2.37128 2.81248 0.419265 0.847309 -0.356332 -1.18553 -2.00499 0.337055 0.187509 
1.93391 1.87895 2.25151 1.73886 2.97017 0.408189 0.0604887 -1.43638 -0.844477 -1.19874 -0.0360239 0.0408356 
1.70469 2.3212 2.37865 2.23449 2.52056 1.13669 -0.111977 -1.1169 -0.0399919 -0.690038 0.0384401 -0.145349 
1.57345 2.09231 3.07393 2.49684 2.34608 -0.128634 0.145099 -0.996745 0.694629 -0.588511 -0.0958179 0.029779 
1.43479 1.64387 2.97324 1.78987 2.10496 0.757022 0.160589 -0.525603 -0.553379 -0.826807 0.171008 -0.180429 
1.50689 1.85718 2.83865 1.73827 2.54821 0.801654 -0.336127 -0.864401 -0.385017 -0.428292 -0.180312 -0.24694 
1.6439 1.85923 2.83543 1.71642 2.10128 0.874992 -0.32614 -1.64774 -0.938209 -0.583923 -0.0592908 -0.187878 
1.59131 1.768 3.01638 2.32247 1.64599 1.15753 0.176407 -1.95681 -1.11394 -0.517803 0.0325616 -0.255295 
1.51827 1.89048 2.7269 1.82075 1.66516 1.09369 0.464502 -1.48396 -1.54612 -1.37934 0.251269 -0.249067 
1.41064 1.87176 2.98649 1.08787 1.8164 1.62869 1.8838 -1.05221 -1.7357 -1.19945 0.173212 -0.26885 
1.34782 1.8202 2.83778 1.78483 1.78656 1.22831 0.673432 -1.20294 -1.13642 -0.750208 0.205515 -0.310782 
1.37764 1.84181 2.66216 1.50997 1.86394 1.34132 1.40286 -0.862621 -1.50948 -0.870172 0.463486 -0.209382 
1.37252 1.91422 2.6923 1.50882 1.77377 0.754799 0.953567 -2.12798 -0.948363 -1.04823 0.0396169 -0.236203 
1.45499 2.0648 2.89624 1.76771 1.77043 0.840634 0.746104 -1.2823 -0.105676 -1.16938 0.335118 -0.0209309 
1.3863 2.02879 2.68601 1.62722 1.88818 0.82208 0.184504 -1.28715 -0.514668 -1.19421 0.841712 0.0630088 
1.28478 1.93163 2.17485 1.36463 1.69089 -0.189429 0.267208 -1.09416 -0.829941 -1.22843 0.60668 0.0260808 
1.2018 1.61055 2.71734 1.0514 1.32917 0.830865 1.03445 -0.732623 -0.00149597 -0.796349 0.0194222 0.000689217 
1.0383 1.66539 2.68751 1.05265 2.42478 1.46308 1.11349 -0.425322 0.126572 -0.750106 -0.29513 -0.0593863 
1.13135 1.61474 2.72406 1.42766 1.69788 1.68469 1.79123 -0.952244 -0.340981 -1.21499 0.390972 -0.14104 
1.12397 1.55347 2.56212 1.06982 1.64573 0.508015 1.50513 -1.03107 -0.871663 -0.878754 0.0268341 -0.205665 
1.28086 1.66821 3.18508 1.4227 2.34791 0.992043 1.41327 -0.911097 -0.515098 -0.487055 0.331492 -0.0377461 
1.12742 1.83545 2.8728 1.72375 2.47078 1.52036 1.7925 0.202714 -0.243381 -0.388382 0.439877 -0.0726695 
1.03643 1.4073 2.87268 1.9187 2.20738 0.872782 1.75193 -0.385605 -0.110901 -0.105218 0.334349 -0.0663786 
1.10241 1.10549 3.44084 1.44566 2.11412 0.395834 2.1551 0.336007 -0.294455 0.228553 0.494776 0.0819134 
0.979489 1.82933 2.87907 1.81561 1.12131 0.363975 1.35498 -0.00283095 0.122912 -0.463393 0.464362 -0.0618897 
0.882034 1.42338 2.24546 1.93139 0.542756 1.30489 1.55203 0.172938 1.35983 -0.710286 0.258675 0.0689028 
1.0248 1.88422 2.59122 1.42223 1.41075 1.48174 0.907978 0.331599 0.178581 -0.231828 0.421548 -0.0176599 
0.969732 1.97651 3.00044 1.24748 1.5701 0.998131 1.49545 -0.0356359 0.261485 -0.333125 0.530534 -0.0239823 
0.784233 1.76662 3.41996 1.79612 1.96116 0.963141 2.3969 0.658091 0.526264 0.286292 0.289845 0.119417 
0.847825 1.28303 3.30871 0.98341 2.21491 0.557962 1.8713 0.509454 -0.00226638 0.313645 0.096169 0.0984867 
0.845458 1.33538 2.59697 1.79736 2.53295 0.47352 1.57299 0.972559 0.577917 0.272825 0.0118812 0.18706 
0.899595 1.67007 2.79116 2.28094 1.8811 1.31152 1.44376 1.08848 0.735587 -0.469262 0.144624 0.101984 
0.860408 1.41893 3.38317 2.07225 2.37199 0.947271 1.12146 0.0390783 0.546835 -0.279136 0.0134953 0.0144942 
0.966227 1.31167 3.15102 1.66897 2.34127 0.365722 1.49883 -0.140102 0.603203 -0.191552 0.140433 0.14313 
0.904795 1.44054 2.71462 1.10888 2.226 0.272987 1.58912 0.320941 0.143685 -0.263247 0.125759 0.0278617 
0.869808 1.10288 2.60171 0.876005 1.27782 1.05414 1.37223 0.548726 0.171775 0.0560758 -0.123428 0.00885229 
0.754878 1.37453 2.69103 1.57079 1.44787 1.6406 1.86506 0.413947 0.638449 0.0957095 -0.207154 0.16414 
0.825893 1.42061 2.12377 1.74288 2.19369 1.56932 1.47721 0.119633 0.907531 -0.295831 -0.0174564 0.145537 
0.760308 1.21541 2.36634 2.22898 1.494 0.97525 1.69485 0.10437 0.215439 -0.171512 0.187895 0.0128492 
0.795296 1.44777 2.72337 1.85163 1.59131 0.446619 1.74136 0.419159 0.275256 0.140729 0.351905 0.0642699 
0.711856 1.68819 2.33615 1.54638 1.58079 -0.055712 1.74958 0.809078 0.386839 0.146989 0.579074 0.0739131 
0.699093 1.50186 2.52836 1.12499 1.4241 1.44382 0.973331 0.355028 0.539353 0.745124 0.550025 0.0318789 
0.673963 1.37232 2.42271 1.14496 1.78005 0.675206 -0.0279814 0.673834 0.559752 0.688364 0.192742 0.0554816 
0.636787 1.34833 2.41553 1.86476 2.23839 0.611505 1.39618 -0.220844 0.810875 0.331668 0.471502 -0.0223472 
0.68324 1.04677 2.3849 0.66502 2.08343 0.317746 1.49627 0.892779 1.75751 -0.262321 0.874393 0.0825421 
0.653934 0.944616 2.03646 1.31249 1.34038 0.577997 0.903854 0.890624 1.73343 0.13642 0.327859 0.123553 
0.645325 1.38228 1.6003 1.69453 0.857403 0.902602 1.75906 1.06257 1.44184 -0.212201 0.00680214 0.185353 
0.729596 1.14106 2.1164 2.0183 0.95756 1.11681 1.59164 0.810438 1.1181 0.000358492 0.612673 0.0519568 
0.626805 0.936909 2.07111 1.22023 0.741482 1.0777 2.2036 1.0528 1.22364 0.668612 0.0544291 0.0870356 
0.587136 1.09135 1.94612 1.51428 0.790508 1.51539 1.91592 0.497603 1.14701 0.365944 -0.00554943 0.175148 
0.498203 1.11626 2.37743 1.43244 1.08491 1.22491 2.38855 0.6136 1.75715 0.289868 0.301398 0.251946 
0.503704 1.05362 1.75342 1.30943 1.89132 1.50113 1.53914 1.03799 1.73864 0.357211 0.115336 0.274593 
0.511131 1.13861 2.10989 1.15918 1.79729 1.08916 1.39453 0.756871 1.18322 0.827408 0.160078 0.0943167 
0.591777 1.3562 2.20913 1.18217 0.996395 0.428444 1.0058 0.832261 1.18715 1.27419 0.297348 0.0875884 
0.487558 1.28457 2.04061 1.22874 1.32574 0.50491 1.13471 1.37807 0.666118 0.362703 0.31975 0.118874 
0.460533 1.05766 1.77368 1.27775 0.306306 1.44617 0.986826 1.04878 0.647815 -0.0360466 0.644433 -0.0344295 
0.460653 1.05009 2.14526 1.24542 1.49053 1.38768 0.640701 1.55666 1.35753 -0.0618985 0.153257 0.154815 
0.559559 1.10889 2.16214 2.14102 1.83762 1.30757 1.47156 0.726564 1.12777 0.145814 0.380171 0.158211 
0.477122 0.922592 2.08668 1.93398 2.15459 0.29557 1.23673 0.84655 0.913074 0.087017 0.666521 0.031168 
0.407574 0.892597 2.02599 1.69454 2.12795 0.0101285 1.3765 1.66351 0.430633 0.187473 0.616189 -0.0247937 
0.483239 1.10426 2.03815 1.52754 1.44889 1.337 1.56335 0.954778 0.80741 0.0886545 0.713448 -0.0680895 
0.437636 0.811357 1.96823 1.29159 1.38969 1.47944 1.448 0.375415 0.833627 -0.0143922 0.592415 -0.0981275 
0.388433 0.980207 1.521 0.615386 1.57883 0.898036 1.23524 0.618759 1.2906 0.332305 0.274522 -0.0126192 
0.45399 0.868471 1.80818 1.44348 1.19588 0.4092 1.64851 0.364695 1.41861 0.884197 -0.255731 0.215368 
0.525508 1.03077 1.48292 1.59067 0.937361 0.569133 1.39886 0.467431 0.710613 1.07822 0.247954 0.0881668 
0.480299 0.853184 1.38332 1.60818 0.850519 0.464909 1.95048 1.51401 0.747614 0.292182 0.854162 -0.0189778 
0.472004 1.05413 1.64403 1.39462 1.90865 0.561162 2.33826 1.41314 0.83622 0.979691 0.55145 0.0428247 
0.41741 0.82305 1.88784 0.86838 2.52329 1.0372 1.57892 0.811994 1.6847 1.08476 0.389643 0.0197177 
0.517554 0.895225 1.77586 1.09526 1.86203 0.945724 0.86398 1.39389 0.978508 0.766026 0.559807 -0.0627114 
0.767578 1.22502 1.46567 1.34149 1.37256 0.38076 1.23366 0.728553 0.0631373 -0.0747167 0.0657058 0.0551767 
0.729196 1.2132 1.98115 1.84454 1.44593 0.644791 0.875941 1.18733 1.35432 -0.163946 0.0606163 0.179469 
0.526774 0.936403 2.0097 1.22698 0.704091 1.09808 1.39344 1.33952 0.484255 0.093437 0.108497 0.164564 
0.553789 1.0467 2.09919 1.67019 1.54748 0.758431 1.45528 0.136958 0.873843 -0.0139442 -0.144302 0.269807 
0.584553 1.17008 1.99593 1.64186 1.98088 0.897172 2.15179 1.19843 1.472 0.299824 0.102081 0.266779 
0.635898 1.57523 1.69798 1.34398 2.50007 1.15482 1.15379 1.77104 0.860872 1.34815 0.658282 0.0696171 
0.756659 1.94023 1.666 1.31322 2.6046 1.87037 1.69916 1.94903 0.573687 0.698267 0.778899 0.140569 
0.674995 1.72915 2.48036 2.17297 3.06824 1.74481 2.42062 1.77784 0.631367 0.274563 0.87596 0.2204 
0.802412 1.55426 2.78282 2.42182 2.95744 1.59874 2.66839 1.85957 0.691413 0.177183 0.836507 0.294244 
0.975143 1.80166 2.69392 2.0353 1.95202 2.01076 3.05038 1.62427 1.3505 0.178817 0.527821 0.284385 
0.99679 1.80741 3.16732 2.10997 2.10042 2.54482 2.54404 2.2608 1.63994 0.53339 0.0988958 0.428637 
1.0756 1.81233 2.25019 2.14162 1.9225 1.89869 1.97277 1.73599 1.3281 0.42149 0.513947 0.268029 
1.2316 2.00845 2.64687 2.42855 2.2331 2.01961 2.22599 1.17288 0.852201 0.407259 0.263557 0.160206 
1.60622 2.5148 2.9984 2.43667 2.05015 1.51652 1.40965 -0.263172 -0.36978 -0.288637 0.236557 -0.0503169 
2.18 2.24813 2.65197 1.62492 3.29649 1.12835 1.45712 -0.709081 -1.10335 -0.549048 -0.123647 0.104725 
