0.69176 1.36411 2.04807 1.16836 1.20795 2.36697 1.6301 0.746883 -0.0153894 0.159967 0.258039 0.0141635 
0.833894 1.59174 1.59637 0.458466 0.619492 0.766873 1.10408 0.388467 0.585304 0.100305 0.849166 -0.167997 
0.873574 1.59556 1.33648 1.59968 0.287632 0.0626362 -0.101517 1.83865 0.563814 0.0819368 0.722487 0.0261069 
0.640933 1.36986 1.31214 1.07798 -0.00837776 1.33674 0.602216 -0.462746 1.05341 -0.376425 0.84091 -0.275333 
0.65512 1.46231 1.27247 1.24826 0.00237634 1.25811 0.831305 -0.714571 1.08761 -0.467784 0.483428 -0.277321 
0.442116 1.39593 1.54884 1.2972 -0.0966223 1.03021 0.486222 -0.0479412 2.13322 -0.652305 0.495006 -0.12132 
0.445777 1.52078 2.06682 0.272795 0.213896 1.68887 -0.29968 0.294905 1.7444 -0.786754 0.938309 -0.191938 
0.286801 1.07942 1.91588 -0.362553 0.334218 1.80117 -0.681506 -0.264278 0.977848 -0.707009 0.77458 -0.462977 
0.158183 1.14152 2.38191 -0.376636 -0.0750017 1.38689 -0.552569 0.741565 1.13679 -0.908894 0.378334 -0.426156 
0.114616 1.06948 1.71062 -0.513922 -0.152733 1.70816 -0.0208905 0.559776 0.419512 -0.586767 0.177833 -0.817526 
0.147178 0.551008 1.52278 -0.0473338 0.281656 2.36624 0.54128 -0.769541 0.818871 -0.460554 0.655723 -0.900544 
0.422172 0.599467 0.844833 -0.872257 0.245607 2.83504 1.133 0.195666 1.71922 -0.931696 1.01281 -0.682947 
0.524921 0.74208 0.898254 -0.472488 -0.381617 2.88003 1.10823 1.13068 1.57679 -0.612208 0.715198 -0.448291 
0.655612 0.679354 1.42592 -0.57034 -0.327004 2.57545 0.870471 1.63011 1.22415 -0.44651 0.77057 -0.361985 
0.791265 0.585488 0.985535 -0.715424 -0.388832 1.45058 1.35278 1.69206 1.24547 -0.615638 0.35693 -0.421011 
0.769117 0.635315 1.46668 -1.06694 -0.205946 1.11142 2.1815 0.939661 0.655208 -0.0773549 0.190724 -0.405189 
0.838898 0.592518 1.55855 -1.03352 0.25215 1.28926 1.78849 1.18384 1.64037 -0.300894 0.218641 -0.176367 
0.919015 0.579489 1.58685 -0.173875 0.775776 1.57246 1.88692 1.53317 2.02279 0.0277649 0.387123 0.0109912 
0.980841 0.961715 1.73826 -0.111017 0.818718 1.92636 2.84626 1.26403 2.07081 0.297651 0.28275 0.0674566 
1.26744 1.49969 2.57152 1.42982 1.89609 1.75396 2.20924 1.8774 1.39074 -0.946244 -0.073319 0.122951 
1.58986 1.72662 2.17801 1.44758 1.61719 0.744252 2.35477 2.70104 1.13704 -0.40088 -0.42985 -0.141853 
1.73432 1.96191 2.39099 1.12766 1.63393 1.4087 1.83523 2.78781 1.93 -0.638544 -0.291037 -0.178176 
1.54494 2.23354 2.12865 1.34542 2.24856 2.00849 1.94494 1.99955 1.70517 -0.868326 -0.0135017 -0.10692 
1.70957 1.76534 2.18236 1.65194 1.92472 1.15609 2.21872 1.70706 1.43716 -0.760225 -0.159048 0.0207175 
1.90227 1.01369 1.67121 1.68582 1.6919 0.542563 2.21895 2.67999 0.460752 -0.447972 -0.325182 -0.053283 
2.18069 0.323164 0.996925 1.29891 1.99584 0.888742 1.971 2.45934 -0.014116 -0.211303 -0.173072 -0.171587 
2.21104 0.427274 0.268835 1.55475 2.19091 1.21626 2.00006 2.27684 -0.310241 0.16002 -0.063653 -0.221277 
2.26718 0.280488 0.154625 1.2647 2.78093 1.98395 2.10895 1.81706 -0.975837 0.178465 0.226235 -0.140428 
2.34476 0.420283 -0.461146 1.31656 3.4622 2.19219 2.12695 0.867488 -0.598332 0.0957489 0.107597 0.0252736 
2.24649 0.488604 -0.502633 1.6257 3.62716 2.44429 2.00042 0.53521 -0.542909 0.0879641 0.129695 0.0798137 
2.37422 0.192978 -0.557573 1.68117 4.26143 2.36495 1.5078 0.741118 -0.564019 0.0522386 0.141911 0.113805 
2.48128 0.0592335 -0.271813 1.20366 4.42965 2.29171 1.97446 0.518971 -0.688929 0.237833 0.192174 0.0758678 
2.23901 0.26598 -0.212268 1.24693 3.72708 2.34968 1.92205 0.488339 -0.605991 0.362967 0.178462 -0.0391299 
2.25153 0.140322 -0.40187 1.93888 3.73892 1.69819 2.84022 -0.42098 -0.543943 0.385608 0.348768 -0.000304641 
2.28902 0.416822 -0.318805 1.11114 3.67653 2.50295 2.40674 0.16273 -0.909636 0.499972 0.284557 -0.054433 
2.32707 0.587492 -0.635562 1.27751 3.75642 2.44639 2.75235 -0.170717 -0.356512 0.408679 0.145054 -0.0828718 
2.18547 0.529231 -0.478093 1.47175 4.05223 2.22783 2.58764 0.273982 -0.397964 0.537198 0.0580275 -0.0502624 
2.35064 0.10348 -0.0564796 2.00268 4.13779 2.0494 2.17458 0.546721 -0.0189634 0.475992 0.0496575 -0.0867437 
2.17097 0.533273 0.123358 2.55503 3.92791 2.70006 1.66056 0.361314 0.101451 0.598057 0.180313 -0.0576636 
2.0103 0.708516 0.265105 2.92567 3.90555 2.50652 2.82106 -0.556863 0.0104006 0.722024 0.406375 -0.0546102 
2.23876 0.917458 0.120312 1.79487 4.07655 2.8381 2.64033 -0.364968 0.376024 0.448376 0.0933661 -0.0215924 
2.08112 1.13131 0.705412 1.6012 3.89528 2.19082 1.51761 0.465529 1.06912 0.596543 -0.293333 -0.238403 
2.10466 1.05908 0.430661 1.39277 4.04477 2.81182 2.25664 0.49123 0.512175 0.853384 -0.22763 -0.253898 
1.99255 1.12836 0.464311 1.56389 3.92205 2.99082 2.00499 0.55251 0.766804 0.686826 -0.224117 -0.184458 
2.10676 0.990344 0.656334 1.65016 4.53417 2.54193 2.66775 0.591392 0.657091 0.592961 -0.244523 -0.0193709 
1.90082 1.02847 0.82296 2.39577 4.15579 3.23823 1.8407 0.662512 0.505633 0.397366 0.0467233 0.0830752 
1.87109 1.20132 0.754895 2.276 3.86223 2.64188 2.36647 0.648849 1.16177 0.167726 -0.293006 -0.0326155 
1.96955 1.29581 0.723663 1.85635 4.67676 2.79792 2.37531 0.253949 0.893038 0.710714 -0.118771 -0.0361325 
1.89319 1.48682 0.916513 1.82605 4.75486 2.98957 1.75362 0.902956 0.873472 0.613684 -0.0094816 -0.00311877 
1.82697 1.45744 0.859143 2.14557 4.75389 2.61359 2.34816 0.666138 1.22116 0.71451 -0.100512 0.0404498 
1.90028 1.31829 1.16102 1.99252 4.09514 2.28812 2.7676 0.56201 0.790199 0.805233 0.0203373 0.106856 
1.81154 1.28031 1.22031 1.76561 3.87641 2.62767 3.0124 0.00908761 0.0906581 1.02989 0.204571 0.173096 
1.69878 1.1432 1.05553 1.42335 3.6853 2.57216 2.27207 0.475309 0.242845 1.37601 0.0557406 0.0183492 
1.52837 1.0554 1.2527 1.46713 2.9709 2.33855 2.22079 0.47985 1.03641 1.28244 -0.216025 -0.0283294 
1.45006 1.32184 1.36064 1.41797 2.91016 1.85977 2.03213 0.73607 0.934815 0.543917 0.045526 0.114496 
1.54909 1.13674 1.17826 1.59006 3.39982 2.25861 1.10167 0.464918 0.953228 0.215362 0.365148 0.163483 
1.60077 1.09621 1.76607 1.50829 3.376 2.44571 1.62192 0.309295 0.45408 0.577694 0.244744 0.161144 
1.48446 0.87648 1.89173 1.3061 3.03697 1.19589 1.33423 1.07443 0.7657 0.391457 0.612639 0.308125 
1.56902 1.17544 1.76257 1.14167 3.13982 1.45956 1.35028 0.933504 1.17039 0.586899 0.484861 0.290908 
1.48107 0.981453 1.4311 1.14271 3.37224 2.21422 1.33167 0.644803 1.73997 0.69719 0.462066 0.268684 
1.30225 0.999538 1.66035 0.807653 2.85979 1.78964 1.85958 1.27633 0.896903 1.38949 0.47453 0.205697 
1.39916 1.03381 2.02321 1.63007 2.48808 1.65495 1.77736 1.42406 1.14442 0.637454 0.363937 0.247722 
1.44785 1.49166 1.60801 1.72186 2.69471 1.75935 2.05811 1.10069 1.42185 0.675385 -0.186698 0.0890291 
1.33364 1.39419 1.46943 2.20877 1.99556 1.28375 0.90909 0.244835 1.65519 0.410495 0.0744424 0.0104451 
1.4284 1.44162 1.64649 1.7916 2.09415 1.62845 1.4365 0.374403 1.62545 0.617212 -0.0361925 0.0533885 
1.45073 1.46485 1.86545 1.56882 2.39966 2.05274 1.49036 0.651848 1.05565 1.34922 0.1028 0.123333 
1.44714 1.52673 2.12907 1.96676 2.74282 1.99976 1.66052 0.570125 1.2548 0.968862 0.209003 0.188488 
1.43892 1.32559 2.71862 2.51833 1.86026 2.12838 2.41165 0.489058 1.16286 0.333279 0.43082 0.262801 
1.45522 1.44427 2.1482 2.64245 1.97347 2.02096 2.60154 1.35061 2.16461 -0.112451 0.0777872 0.257792 
1.27208 1.71521 2.03997 1.85672 2.61221 1.58681 2.45727 1.81773 1.24145 0.863283 -0.0934146 0.244443 
1.29101 1.51167 2.00946 2.10974 2.55164 1.38892 1.8174 1.03569 0.972433 0.976306 0.0379745 0.176476 
1.34633 1.59227 2.15261 1.19394 2.6931 1.49038 1.36559 0.451423 1.92963 0.126376 0.235864 0.236335 
1.35444 1.70789 2.21179 1.72385 2.71375 2.42412 1.8194 -0.0149447 1.832 0.454818 0.115296 0.239626 
1.37214 1.70045 1.78039 0.972987 2.76471 2.07732 2.68335 0.265461 1.24429 0.589458 0.417687 0.380671 
1.30321 1.31082 1.82386 1.4265 2.73574 2.16596 2.56942 0.790521 0.823759 1.16529 0.32492 0.298499 
1.29187 1.47557 1.48449 1.33118 2.63124 0.623861 2.06006 0.519807 0.718391 1.54445 0.875363 0.385249 
1.23433 1.06644 2.06002 1.25418 2.14879 1.13077 2.27794 1.01569 0.929051 0.767417 1.00834 0.343328 
1.1987 1.25842 2.30383 1.00131 2.81683 1.20673 2.26848 2.081 1.20971 0.921596 0.0443388 0.262295 
1.23209 1.28997 2.19899 0.979646 2.30451 0.687802 1.78905 1.42163 0.941969 0.252065 0.349782 0.238982 
1.20415 1.05129 2.17295 1.40929 2.12677 0.985939 1.25309 0.463714 0.377824 0.359263 0.335376 0.0962207 
1.16538 1.15533 2.18657 1.15326 1.56972 0.641135 1.01845 1.0743 0.523304 0.033542 0.0201376 0.0238533 
1.07953 1.16074 1.86506 0.577557 2.31623 1.23107 0.912676 1.18836 0.437236 0.629868 -0.389034 -0.0559634 
1.11864 1.26958 1.43749 1.12793 2.8378 0.830154 0.740803 0.62607 0.476901 0.611604 0.21248 0.00447771 
1.13563 1.19 1.5287 1.00615 1.71055 0.844278 1.62523 0.55607 1.23595 0.180607 0.76001 0.11827 
1.18181 1.39498 1.64466 0.911436 2.12885 0.82356 2.11441 0.679762 0.871126 1.35423 0.370228 0.19389 
1.16479 1.40818 1.85887 0.707875 1.63204 1.94929 1.81874 0.973839 1.68714 0.610126 0.0828549 0.180487 
1.13835 1.51273 1.69784 0.732545 1.81525 0.915981 2.16795 0.672085 1.77378 0.814026 0.0289968 0.181283 
1.02795 1.45415 1.79336 1.41842 1.16217 0.668471 1.95511 0.941475 1.67787 0.780153 0.567138 0.183547 
1.04693 1.54952 2.05214 1.17015 1.65415 1.28522 1.63351 0.765916 1.32965 0.234481 0.396105 0.189229 
0.86655 1.40292 1.88708 1.12191 1.52664 0.956373 1.91897 0.697775 1.07721 0.683971 0.27307 0.185794 
0.975443 1.69672 1.73489 1.75356 1.22155 1.10659 1.43955 0.372636 0.793342 0.364756 0.134707 0.101143 
0.946678 1.33719 2.11056 1.52322 1.13375 0.498336 1.01409 1.04719 0.312772 -0.443479 0.277039 -0.0544848 
0.966812 1.10487 1.88023 1.36974 1.40627 0.100368 0.624248 -0.0434633 0.726929 0.0398769 0.320934 0.0768192 
1.14393 0.962921 1.66305 1.47642 1.14128 0.394351 1.56405 0.644529 1.1928 0.8766 0.539724 0.1435 
1.1122 1.27142 1.94688 1.37482 1.48803 1.21955 1.75098 1.28967 1.53168 0.365303 0.425475 0.207855 
0.93435 1.75766 2.12483 1.42363 1.65066 1.20604 2.18751 0.778502 0.874368 0.901598 0.545906 0.205452 
0.951698 1.5117 2.31537 1.10464 2.09015 1.05139 1.65559 0.848598 1.08277 1.40913 0.375104 0.259419 
1.06193 1.24435 2.06578 1.03215 0.923671 1.3928 1.21829 1.41039 1.29911 0.591523 0.334235 0.181298 
1.00977 1.34627 2.04771 1.32282 1.2059 1.00621 1.85668 0.595645 0.931656 0.552564 0.598742 0.14529 
0.998672 1.19728 2.301 2.00374 2.00416 1.11927 1.60993 0.34042 0.707887 0.921666 0.2485 0.103053 
0.953404 1.5428 2.01439 2.12657 2.61674 0.713821 0.759149 0.882805 0.857151 0.246284 0.381612 0.0885625 
0.952478 1.37618 2.04418 2.18184 1.95864 1.11922 0.741334 0.754818 0.442525 -0.0809417 -0.0609084 0.0465559 
0.908536 1.26829 2.34477 1.83677 2.21149 0.704476 0.841142 1.02984 0.446295 -0.134989 -0.0594477 0.112321 
0.87986 1.42065 2.15728 1.1434 1.54773 1.04485 0.629578 0.905904 0.185779 0.332796 -0.199439 0.0505199 
0.878727 1.38479 1.75798 0.536408 1.54489 0.557721 0.643722 0.726886 -0.397315 0.215271 -0.171367 -0.0451383 
0.759533 1.31033 1.40034 0.251713 2.1354 0.785213 0.938009 0.384289 0.422485 0.383037 -0.604022 0.113523 
0.839384 1.45401 1.64156 0.315446 2.06404 0.881069 0.679265 -0.0357992 0.141145 0.186719 -0.501917 0.0803766 
0.861468 1.47176 1.62003 0.682534 1.66329 0.237275 1.07668 0.283786 0.0449018 -0.417433 0.14073 -0.0938142 
0.786445 1.31297 1.99881 0.752237 0.854998 0.391776 1.14376 0.950081 -0.400146 0.0934365 0.337493 -0.0635325 
0.823057 1.0232 2.58298 0.899214 0.283531 0.518412 0.855857 1.20673 0.146237 0.202475 -0.231254 0.155946 
0.857771 1.00488 2.2264 1.73311 1.30354 0.812636 0.277775 0.891635 0.353736 0.426728 -0.179644 0.120753 
0.738571 1.25955 1.41647 1.27262 1.31772 0.306321 0.43481 0.685457 1.03156 -0.46334 -0.226299 -0.0234112 
0.571896 1.1656 1.22205 0.790615 1.09085 0.459571 0.923573 0.116127 0.646133 -0.422015 0.119353 0.000210705 
0.781207 1.34388 1.60083 1.1388 1.48576 1.17523 1.17278 0.361906 0.291499 0.190429 0.445844 0.0142522 
0.817332 1.3087 1.64961 0.620437 1.01583 1.95265 1.84458 0.357912 0.0118121 0.656494 0.0293694 0.106808 
0.859947 1.17323 1.77699 1.00257 1.03648 0.388777 0.877587 1.28579 -0.104094 0.408259 -0.366903 -0.0528905 
0.751461 1.28307 1.59608 1.7353 0.66737 0.670021 1.07018 1.13644 0.307688 0.182754 0.148628 -0.0154527 
0.646154 1.46392 1.1679 1.5895 2.11567 1.18213 0.668697 1.07239 1.31096 0.400559 -0.121915 0.115727 
0.81763 1.37355 1.51523 1.59084 2.60868 0.884723 0.516632 0.0857464 0.687728 0.447499 0.0534595 0.0522165 
