0.917534 1.24815 1.40911 0.989 1.48547 0.0408373 0.907625 0.388154 1.04849 1.2436 1.04203 0.0890092 
0.764347 1.56324 1.63678 1.07309 0.639839 0.327278 0.842962 -0.191371 0.813213 1.17489 0.749156 0.0851154 
0.685208 1.47227 1.6535 1.24839 0.844541 -0.0190827 1.02883 0.27856 0.912934 0.61456 0.139452 0.181891 
0.738415 1.52129 2.16607 0.979817 1.50215 0.21134 1.36111 0.398017 1.72228 0.91833 0.212515 0.269898 
0.744073 1.62106 1.91861 0.945428 0.581788 0.435643 1.02373 0.881738 0.941223 0.706432 0.265148 0.166827 
0.733946 1.40153 1.2586 0.549029 0.39342 0.299374 0.107635 0.309488 1.02001 -0.0759244 0.247911 0.128497 
0.705534 1.4077 1.12884 0.892901 0.899015 -0.257164 -0.218072 0.573869 0.795122 0.57023 0.25545 -0.000285822 
0.779686 1.76177 1.70734 0.490583 0.982732 -0.15648 0.639697 0.947339 1.3608 0.553098 0.416445 0.129353 
0.760865 1.47702 1.48618 0.392946 0.587124 0.0985762 -0.133445 1.28343 1.24871 0.617256 0.286669 0.08232 
0.638302 1.13103 1.88329 0.543063 0.157676 0.126135 0.885369 1.31281 -0.301732 1.11088 0.0795661 0.0293607 
0.691516 1.60309 1.54504 1.36338 1.12123 -0.0478959 0.0864093 0.302029 0.749299 1.44255 -0.0385464 0.169737 
0.957426 1.46438 1.43345 0.591111 1.31325 1.00163 -0.214592 0.830133 0.905616 0.725869 -0.10448 -0.0879114 
1.20148 1.66505 1.40549 0.714868 0.924428 1.28852 0.998953 0.381818 0.873208 -0.235486 -0.377173 -0.145637 
1.12762 1.64952 1.07049 1.19015 1.13242 1.01045 1.0424 -0.0032055 1.19055 -0.306471 -0.402877 -0.170972 
1.0897 1.41623 0.680251 0.580065 1.66576 0.62451 1.74986 0.418253 0.747822 -0.365148 -0.896252 -0.215355 
1.29575 1.52306 0.24477 0.758347 1.25919 0.134071 2.12516 0.664856 1.08989 -0.419192 -0.825534 -0.418622 
1.27998 1.76466 1.45372 0.95385 1.42913 0.461381 1.12768 0.800523 0.546061 -1.13041 -0.244578 -0.277465 
1.44033 1.8935 1.37247 0.405362 1.06969 1.50379 0.93153 1.27414 1.10463 -0.556214 -0.868324 -0.450026 
1.8691 1.42789 -0.123307 0.432311 2.43535 2.32501 0.265441 1.03064 0.85821 -0.0710195 -0.704581 -0.618705 
1.91376 1.23738 -0.278401 0.744938 2.6169 1.65675 1.05356 0.543466 1.03946 0.00242768 -0.869093 -0.658899 
1.81368 1.46127 -0.0945086 1.22685 2.56271 2.02277 2.03708 0.359752 0.640048 0.0719543 -0.652648 -0.402319 
2.07469 1.47311 -0.463345 0.399842 3.26105 1.37293 1.77924 -0.169278 1.49014 -0.204101 -0.64713 -0.517022 
1.79853 1.3055 0.348753 0.93657 2.81181 1.41151 2.71449 0.168499 0.787252 -0.318264 -0.78504 -0.276889 
2.03626 1.13322 -0.196606 1.2186 3.69248 0.698618 1.53896 0.719455 0.249818 0.207721 -0.866802 -0.363766 
2.06174 1.39069 -0.360445 1.87838 3.03944 0.981594 2.80932 0.821587 0.191632 -0.129242 -0.734424 -0.301701 
1.67457 1.46013 -0.169091 1.72755 2.70111 1.8519 2.2972 -0.17078 0.627783 -0.164374 -0.57756 -0.335464 
1.78164 1.47555 -0.208238 1.86984 3.2309 1.54394 2.76735 0.297932 0.804055 -0.024395 -0.867104 -0.387855 
2.08727 1.15916 -0.462292 1.31954 3.71016 0.721292 1.86915 0.572008 0.366937 0.0940386 -0.782994 -0.291294 
2.33777 0.156107 -2.92308 0.353005 4.84251 0.730726 1.10984 0.147139 0.715467 0.376378 -0.938723 -0.417821 
2.29085 0.338972 -3.4316 -0.0218146 4.84844 0.722292 1.63799 -0.161946 0.873484 0.244659 -1.06988 -0.431457 
2.30277 0.388036 -2.78398 0.189167 4.44825 0.117812 2.03939 -0.115996 0.96791 -0.0890382 -1.12388 -0.348584 
2.25694 0.075254 -2.691 -0.0825256 4.83146 0.580065 1.51317 -0.235131 0.581637 0.119219 -0.996822 -0.310294 
2.25337 0.114148 -2.38177 -0.121672 4.51059 0.615719 1.77472 0.126348 0.730576 0.172448 -0.892342 -0.28153 
2.26392 0.259562 -2.44461 0.167248 4.68635 0.11422 2.05803 0.0240052 0.998689 0.182325 -1.05615 -0.259855 
2.16905 0.240934 -2.24852 0.0382026 4.72969 0.146125 2.15119 -0.284428 1.14413 0.163476 -1.01073 -0.211709 
2.32892 0.116874 -2.36701 0.0320849 4.55616 0.39667 1.76988 0.356619 0.927266 0.174489 -1.10455 -0.357982 
2.19618 0.30367 -2.57361 -0.199574 4.97931 0.64083 1.76179 0.146524 0.71682 0.324226 -0.972089 -0.203834 
2.24261 0.49808 -2.44232 0.691936 5.0211 0.269343 1.93558 -0.372219 0.695755 0.105551 -0.867067 -0.0810727 
2.40579 0.584044 -2.73737 0.649428 5.18246 0.411748 2.54772 -0.28775 0.8464 -0.101195 -0.927351 0.0115162 
2.42636 0.78189 -2.26482 0.92228 5.22301 0.613451 2.11658 0.34172 0.680391 0.163671 -1.01129 -0.0402016 
2.28389 0.548744 -2.43126 1.13015 5.4883 0.413141 2.10903 -0.137244 0.956011 0.144343 -0.758536 0.173965 
2.18553 0.551593 -1.49231 1.45784 5.9786 0.221171 1.39436 -0.441965 0.671057 0.510492 -0.669483 0.214552 
2.18565 0.74012 -1.38152 0.765965 5.81911 0.846673 1.56253 -0.336622 0.302831 0.544764 -0.457778 0.279377 
2.33033 0.711943 -1.3565 0.823628 5.43024 1.58998 1.43087 0.216796 0.106882 0.447667 -0.398895 0.0844445 
2.3037 0.575398 -1.16072 0.936877 5.31135 1.79731 0.519147 0.255098 0.0564208 0.597118 -0.19148 -0.0342014 
2.19864 0.677787 -1.34774 1.47557 5.97047 1.3 1.08337 -0.649076 0.447478 0.676445 -0.263175 0.080741 
2.19089 0.708651 -1.04771 1.38741 5.78194 1.45205 1.16928 0.0805713 0.205965 0.528303 -0.417451 0.0773243 
2.29371 0.989658 -2.18177 1.84816 5.62937 0.687489 2.19818 0.138887 0.964355 0.411584 -0.749072 0.108945 
2.11906 1.30809 -1.50439 1.64921 5.51115 1.14851 2.18921 -0.359283 0.590656 0.261575 -0.505794 0.152773 
2.21399 1.12853 -1.23354 1.02886 6.03074 1.52331 2.353 -0.47107 0.348523 0.75161 -0.350392 0.206697 
2.07142 0.984476 -0.761781 0.918739 5.26559 1.3004 2.15416 0.466851 1.03048 0.516954 -0.576534 0.0399296 
1.97102 1.02486 -1.05734 1.48262 4.3582 1.12961 1.86977 1.47748 1.57539 0.531994 -0.641417 -0.0973123 
2.06673 0.672631 -1.01372 1.53622 4.81261 2.00002 1.41043 1.13161 0.920169 0.408735 -0.267767 0.0882808 
2.1643 0.892654 -1.35003 1.90928 4.6881 1.84439 1.71563 1.06545 1.03101 0.494749 -0.476796 -0.0898848 
2.13086 0.919051 -0.531428 1.42799 4.39598 2.12207 2.50471 0.245182 0.960152 0.375917 -0.136492 0.0029108 
2.26414 0.800847 -0.126021 1.21617 4.10087 2.26624 1.60147 1.72588 0.943392 0.340483 -0.52444 -0.255347 
1.96017 0.920015 -0.457871 1.60562 4.48916 2.54861 1.4763 0.817091 1.16908 0.434036 -0.267105 -0.114207 
1.91758 0.947336 -0.569542 1.17903 4.41826 2.5583 1.89563 0.816502 1.38034 0.462022 -0.215981 -0.0853842 
2.10323 0.641722 -0.494772 0.898605 3.94905 2.66694 1.52812 1.52451 1.51953 0.664504 -0.267753 -0.205576 
1.95913 0.481791 -0.143654 0.866797 5.18115 2.67171 1.62633 1.31451 0.813077 0.921653 -0.0912602 -0.0158802 
1.93106 0.85793 0.0165412 1.07124 4.14844 2.46448 1.8216 1.62134 1.46952 0.545037 -0.468992 -0.180831 
1.95242 1.00407 -0.0107616 1.06058 4.36226 2.35734 1.9231 1.77443 1.77278 0.82649 -0.544432 -0.275846 
1.86839 1.0899 -0.111311 1.00689 4.60782 2.07077 1.31985 1.93992 1.27648 0.803266 -0.346846 -0.139502 
1.82383 0.943028 0.462948 1.69838 4.83654 2.9828 1.21513 0.768458 0.35816 0.574653 0.082895 0.0527262 
1.95132 0.938586 0.394667 1.28165 3.80895 2.9166 2.37099 0.824502 1.20533 0.406799 -0.283253 -0.0489116 
1.84038 1.29872 0.216404 0.89709 3.98239 3.0827 2.19345 1.04492 1.23285 0.145775 -0.35675 -0.0969882 
1.834 1.0353 0.343775 0.957771 4.43484 3.03599 0.813899 1.30283 0.966975 0.349124 -0.221776 -0.204849 
1.75799 0.960395 0.470676 0.855199 4.1955 2.78449 1.08762 1.62311 1.40329 0.817471 -0.35943 -0.283968 
1.65812 0.978464 0.443273 1.31823 3.89267 2.51821 1.63561 1.12509 1.57137 0.258023 -0.163208 0.0262504 
1.59114 0.937599 0.521897 1.55064 4.46317 2.64302 2.21746 0.427292 0.958394 0.3257 0.0855881 0.261843 
1.49131 0.927358 0.523109 1.24596 3.86362 3.19034 1.4639 0.59366 1.3152 0.247816 0.294414 0.200252 
1.60099 1.02676 0.895538 1.51349 3.78834 3.28362 1.37147 1.12547 1.55821 0.591627 -0.164616 0.000307242 
1.539 0.964654 0.917058 1.68325 3.80715 3.14368 2.1185 0.443451 1.13738 0.471732 -0.0209815 0.178098 
1.47932 1.0987 1.06679 1.25587 3.87969 2.61492 1.43757 1.05576 1.10767 0.615625 -0.0471186 0.0655997 
1.34156 1.07693 1.0074 0.985772 3.09018 2.30125 1.28569 1.15787 1.92459 0.115538 0.205383 0.133895 
1.20207 0.650194 0.329563 1.37142 3.24104 2.4945 1.11859 1.12289 1.74651 0.591283 0.446365 0.0840763 
0.983223 0.0915129 0.602831 1.95032 2.07713 2.42061 1.44605 0.140955 1.00287 0.829301 0.399479 0.0380976 
0.700939 -0.0814272 1.28316 1.90011 1.86603 2.62002 2.22833 0.32531 0.288324 0.847169 0.637605 0.0623821 
0.594533 -0.241292 1.25999 1.71066 2.85372 2.63324 3.65922 0.108278 -0.7957 1.22227 0.813804 0.279963 
0.549875 -0.258481 0.982272 2.17015 2.26338 2.5701 4.12347 0.0869074 -0.109068 1.13785 0.900673 0.0726443 
0.632495 0.349166 0.809226 1.3941 1.93876 2.10973 3.30824 1.30748 0.889628 1.11696 0.563864 -0.111031 
0.609459 0.209832 0.94014 1.31839 2.89837 2.82091 4.00663 0.213435 -0.234583 1.17421 0.542386 0.357866 
0.81363 0.252387 1.24787 1.19299 2.42671 3.35653 4.07211 -0.523109 -0.0722612 1.00068 0.807845 0.37819 
0.85084 0.397124 1.87146 1.91084 2.70398 2.45042 2.6706 -0.0468815 0.995608 0.845433 0.535417 0.30604 
0.991139 0.642312 1.62737 2.04102 1.51978 1.80306 2.49039 0.932619 1.13521 0.766672 0.705061 0.150462 
1.06775 0.706007 1.61402 2.00422 1.11795 1.45781 2.29653 1.02042 1.12994 0.986493 0.739323 0.0964502 
1.09683 1.42388 1.39615 1.88186 2.47891 1.78346 1.84958 0.773327 1.27642 0.163339 0.490312 0.18888 
1.11862 1.20364 1.70671 1.9524 2.51323 2.02689 1.78598 0.889688 1.98111 0.00849026 -0.115845 0.225965 
1.12122 1.07844 1.87128 1.54349 2.87855 2.44257 1.59484 1.6378 1.38868 -0.134682 0.0994248 0.293782 
1.06268 1.19242 2.14944 1.65547 3.11393 1.82194 1.49712 0.937881 1.32379 0.189751 0.469212 0.266745 
1.08621 1.11884 2.50622 1.58866 3.24497 1.31031 1.59521 0.707789 1.55584 0.464722 0.253562 0.322684 
1.1815 1.09675 2.01994 1.86817 2.95924 1.32735 0.895436 1.26292 1.61001 0.470363 0.481275 0.228338 
1.06506 1.30882 1.67687 1.60266 2.46359 1.17037 1.38496 2.06288 0.789111 0.756942 0.588587 0.200858 
1.03282 1.28001 2.00415 1.90685 2.19047 0.83738 1.07979 1.19191 1.74497 0.919417 0.449517 0.226416 
1.14992 1.32897 1.89988 1.37417 1.97808 1.3188 1.24651 0.827519 2.13074 0.814801 0.365892 0.227074 
1.00984 1.55882 1.40896 1.33227 2.83917 1.06145 1.48663 0.685363 2.43922 0.606536 0.512154 0.19525 
1.12094 1.64026 1.91847 1.13377 2.62858 1.21389 1.35962 1.31574 1.27807 -0.103551 0.972957 0.197657 
1.14815 1.43222 1.65582 0.713078 2.75139 1.11792 2.21402 1.87576 0.594118 0.293461 0.49454 0.213827 
1.03098 1.66048 1.87496 0.699341 1.96221 1.93489 2.03063 2.3868 0.801411 0.574347 0.509422 0.144985 
1.2641 1.61267 1.77575 0.61669 1.16719 0.850585 1.39341 2.01786 1.30496 0.846236 0.922244 0.206568 
1.1578 1.21495 1.89315 1.19188 0.939557 0.354357 1.51414 2.05666 1.73389 0.523051 1.02512 0.246404 
1.00691 1.59963 2.30938 1.0916 1.39745 1.20891 2.1031 1.9463 1.5892 0.374082 0.210314 0.208443 
1.06697 1.57273 2.89071 0.855386 1.1004 0.834916 2.22112 1.22245 2.03686 0.999677 0.17757 0.34795 
1.08083 1.47098 2.56524 1.31105 0.785117 0.666044 2.17347 1.18184 2.11861 0.816877 0.175619 0.29258 
0.945115 1.48193 1.90596 1.33627 1.36437 0.770965 2.12338 0.770817 1.32681 0.63993 0.417798 0.156106 
0.899369 1.23671 1.75367 1.10954 1.93836 1.32143 2.04686 1.19077 0.981234 0.312556 0.370289 0.154749 
0.977356 1.3493 1.91568 0.681471 1.89455 1.3392 2.26365 1.0788 1.01162 0.866433 0.590454 0.178057 
0.939927 1.53678 1.82563 0.479397 1.22189 1.09409 2.25267 0.757741 1.34957 0.830764 1.12967 0.123065 
0.99829 1.58317 1.70924 0.80228 1.40741 0.201222 1.96305 0.975529 1.89757 1.18151 0.762706 0.230434 
1.02458 1.85568 1.9497 1.39619 1.09872 0.388611 2.20721 1.20328 1.6728 0.842686 0.820948 0.237282 
1.00912 1.36581 1.82097 0.898086 1.61699 0.844237 2.81998 1.72293 1.28956 0.31099 0.78551 0.177197 
1.01369 1.37949 2.10147 0.125893 1.9612 0.449743 1.61767 1.18646 1.07355 0.541366 0.932809 0.162098 
1.10718 1.65698 1.99465 0.901112 1.53338 1.11592 1.22449 0.727792 1.39171 0.812059 0.783061 0.239855 
0.972784 1.48783 2.26412 1.02445 1.44502 1.26135 1.08178 1.06748 1.97506 0.872949 0.590071 0.254168 
1.01004 1.32028 2.12476 1.26106 1.35845 0.000398459 0.986198 1.52049 1.73646 1.39571 0.612211 0.259079 
0.938556 1.38487 1.5364 0.876555 1.49703 1.5501 1.56316 1.63384 1.33293 0.265103 1.20851 0.0932543 
0.963474 1.48826 1.21848 1.32911 1.19384 0.960327 1.80893 1.41622 1.49199 0.475208 0.949533 0.0862679 
1.00873 1.56762 2.14384 1.04762 1.17958 0.584074 1.76199 0.953271 1.22622 -0.346941 1.42149 0.134559 
0.968037 1.62601 1.98822 0.778352 1.23227 -0.0761657 1.59511 0.507665 1.25267 0.242927 0.938313 0.190919 
0.700972 1.08706 1.52621 0.931771 1.51454 0.576821 1.37961 1.0394 0.521379 1.0743 0.335684 0.0306392 
0.850585 1.18939 1.44281 0.859328 2.22153 0.00290372 2.08516 1.33094 1.01434 0.958038 1.01264 0.107678 
0.757146 1.66387 1.62722 1.17876 1.68466 0.567343 1.89805 0.773882 1.38038 1.17173 0.835143 0.125905 
0.540573 1.80171 1.90844 0.813519 1.86707 0.609526 1.82812 0.787709 0.861065 0.668361 0.583153 0.0715546 
0.955512 1.41819 2.02003 0.346988 1.1273 1.00756 1.29445 1.036 1.13538 1.07028 0.31278 0.147947 
0.963767 1.2859 1.94896 0.957579 1.6193 0.733874 1.72073 0.751513 1.75626 1.10931 0.316283 0.207874 
0.752906 1.07361 2.1365 1.28768 1.67499 0.804745 1.61738 1.11395 0.710113 1.28677 0.570856 0.0332149 
0.819641 1.42625 1.78954 0.370805 1.04375 0.528184 1.16376 1.38339 1.12709 1.24563 0.804289 0.0447525 
0.893595 1.38281 1.42004 0.494184 0.70579 0.586015 1.18145 1.59617 1.21363 0.769836 0.718659 0.0613297 
