0.744216 1.52281 2.11784 0.653434 0.759044 1.0302 1.29205 1.48036 0.268161 0.766333 0.227586 -0.0212223 
0.71376 1.56531 2.18518 1.57184 1.01147 1.44049 1.33465 2.88374 0.429909 0.111544 0.367691 0.131465 
0.692464 1.41498 1.82289 1.69445 1.99103 1.90843 1.29786 1.71901 0.980454 0.229817 0.0877181 0.225973 
0.834089 1.39481 1.35061 1.13611 1.94132 1.6841 1.59598 1.13306 0.52759 0.464638 0.249245 0.1445 
0.786276 1.48802 1.57238 1.41234 1.85765 1.54057 1.01931 1.37574 1.19389 0.968179 0.0574607 0.204344 
0.683293 1.54079 1.28188 1.17318 1.98388 0.701673 1.42489 1.80998 1.27583 0.858139 -0.0524115 0.164922 
0.55772 1.29122 1.11618 1.27467 1.00075 0.6815 1.97284 1.93931 0.88399 0.473701 0.558223 -0.0754175 
0.681838 0.955694 1.34472 1.02744 0.877315 0.771121 1.24488 2.06659 0.47886 0.648009 0.545779 -0.136774 
0.828343 0.899822 1.43801 0.88267 1.5392 0.521162 1.14412 2.03368 1.01623 0.731388 0.523804 -0.0467277 
0.65092 0.992422 1.43888 1.46096 1.72104 0.943874 1.62215 1.91093 0.942349 0.458782 0.350065 0.0804091 
0.448552 1.35394 1.43458 1.34067 1.59777 1.58991 1.13887 1.53967 0.561484 0.262098 0.426175 0.0205126 
0.541834 1.53604 1.61206 1.00677 0.680087 1.09499 0.472295 1.30912 1.37539 0.056927 0.41928 -0.0412143 
0.67384 1.53588 1.5217 0.990209 1.29131 0.72946 1.10216 0.701217 0.908768 0.690256 0.374207 -0.0493066 
0.710104 1.50595 1.57913 1.2889 2.46627 1.47004 1.77274 0.38323 0.394473 0.614381 0.240662 0.119495 
0.889883 1.63862 1.94978 1.36286 2.33998 1.20512 1.19982 1.59319 0.875243 0.682611 0.235108 0.1712 
1.04389 1.81439 2.26079 1.71688 1.77624 0.746302 1.67693 1.27638 1.37984 0.768019 0.472264 0.260412 
1.36265 2.23508 2.59331 2.51519 2.01001 1.86564 2.13114 1.11143 1.07525 0.396359 0.183401 0.125303 
1.9183 2.84493 2.6629 1.85805 2.1184 1.95285 2.67748 0.775259 0.353664 -0.313789 0.00804907 -0.0253067 
2.26472 2.81647 1.21611 0.577449 3.06701 2.20962 2.78394 -0.148494 0.125061 -0.25418 -0.0564826 0.150057 
2.24938 2.50074 0.836083 0.429712 3.39681 1.99973 3.4831 -0.495408 -0.16755 -0.460967 -0.159098 0.305721 
2.33132 2.40843 0.402313 -0.0969172 3.06464 1.82756 4.0247 -0.731394 0.00118967 -0.361615 -0.130569 0.393682 
2.42654 2.18846 0.419088 -0.444417 2.70051 1.95477 3.13087 -0.914103 0.00342661 -0.404623 -0.0487181 0.329896 
2.27463 1.98681 0.0712477 -0.647447 2.35875 2.43913 2.95929 -0.53933 0.0779539 -0.5261 -0.0268489 0.237574 
2.51117 1.93239 -0.0110649 -0.582922 2.95107 2.13236 2.75928 -0.571703 -0.0414058 -0.453418 -0.00239002 0.338841 
2.41641 1.97977 -0.218369 -0.263177 3.12249 1.8732 3.12753 -0.636716 -0.00682968 -0.401786 0.0529997 0.373785 
2.58159 2.24543 -0.532077 -0.547262 2.66063 1.15421 3.16975 -1.17964 0.341473 -0.34444 0.320731 0.500188 
2.68906 1.79941 -0.559 0.274482 2.25669 -0.362915 1.37675 -1.33572 0.928236 0.532338 0.584985 0.321735 
2.74393 1.32558 -1.38382 0.153167 2.60358 -0.872331 0.256238 -1.53839 0.588213 0.712659 0.568813 0.320405 
2.89105 0.780386 -1.89861 0.67576 2.13066 -1.74911 0.371528 -1.97707 0.664078 0.225168 0.60666 0.264475 
2.73649 0.703829 -1.50565 1.09198 1.43584 -2.20945 0.49175 -1.93357 0.534479 0.162931 0.820412 0.222472 
2.84108 0.609849 -1.60578 0.89911 1.5453 -1.92044 0.691804 -2.27027 0.794353 0.346092 0.717548 0.0990972 
2.79836 0.989057 -1.55915 1.0518 1.58516 -1.66003 0.490714 -2.51972 1.0919 0.447714 0.908227 0.0153375 
2.81431 1.16946 -1.80651 0.718804 2.0579 -0.998311 0.04591 -2.7735 1.00785 0.408593 0.776285 0.00228289 
2.71087 1.10865 -1.72169 0.886253 2.15155 -1.3798 -0.0514491 -2.76641 1.26345 0.520873 0.771175 -0.0229807 
2.85789 1.3312 -1.73628 0.773366 2.21057 -1.5477 -0.301998 -2.95094 0.94974 0.324607 0.590443 -0.0412586 
2.66801 1.31409 -2.11112 0.225532 2.37571 -0.935089 -0.262529 -2.6484 1.0262 0.50488 0.666963 -6.46045e-005 
2.81302 1.52775 -1.95501 -0.0208666 2.60868 -1.36985 -0.199523 -2.78811 0.714346 0.554277 0.498535 0.0883685 
2.74538 1.20539 -1.51088 0.202858 1.95873 -1.03063 0.547218 -2.78893 0.774107 0.323493 0.655737 0.147358 
3.03376 1.18959 -2.04325 -0.161448 2.45202 -0.951357 0.494426 -2.48266 0.930404 0.801541 0.71067 0.177523 
3.05587 1.11305 -2.18273 0.0169489 2.22051 -0.86391 -0.0927185 -2.28691 0.852726 0.686695 0.586756 0.0451659 
2.7759 1.37717 -2.45794 0.0414776 2.73345 -0.899488 0.127456 -2.73996 1.1653 0.556069 0.64634 -0.019173 
2.73876 1.49473 -2.00542 -0.331681 2.37111 -0.554409 -0.159606 -2.46977 0.857182 0.655359 0.533816 -0.100428 
2.86897 1.31576 -1.87707 -0.248537 2.17751 -0.785805 0.50863 -2.01652 1.32636 0.831675 0.502287 -0.0942181 
2.7848 1.39467 -1.60865 -0.0619014 2.07911 -0.787406 0.323363 -1.61691 1.4303 0.951857 0.411648 -0.209661 
2.79859 1.36124 -1.64394 0.454814 2.17136 -0.702318 1.14356 -1.85375 1.48848 0.432309 0.34312 -0.284038 
2.73452 1.49541 -1.69832 -0.182241 2.0201 -0.0770833 0.896184 -1.38029 1.42738 0.628756 0.469069 -0.105471 
2.8177 1.17932 -1.76644 0.416026 2.27 -0.0281089 1.26195 -0.8196 1.11838 0.186518 0.0746873 -0.168952 
3.03414 1.23231 -2.21498 0.452583 2.55712 -0.284759 1.23538 -0.962188 1.41024 0.290218 0.176107 -0.161917 
2.84967 0.781802 -2.14109 0.19631 2.40142 0.893428 0.921059 -0.494432 0.824866 0.471324 0.0836823 -0.2716 
3.03859 0.728592 -2.45497 0.379217 2.98446 0.880563 1.46592 -0.735203 0.717874 0.0541151 -0.114524 -0.281544 
2.94421 0.572628 -2.0401 0.649953 4.08561 2.04527 0.988359 -0.680404 -0.0690744 0.022524 -0.169075 -0.115375 
2.88923 0.217 -1.95187 0.598241 3.40991 2.21542 1.08175 -0.67029 -0.0138222 0.182356 0.121288 -0.0199411 
2.94404 0.196431 -1.82563 0.148148 3.58595 1.94175 0.940419 -0.272645 0.27589 0.448004 0.143246 0.0337898 
2.89325 0.243765 -1.88492 0.544189 4.34067 1.90934 1.20529 -0.703956 0.0309408 0.379949 0.177635 0.134371 
2.84283 0.518546 -2.10975 0.363972 4.58336 1.93664 1.44589 -0.537116 0.229174 0.458294 0.130603 0.140878 
2.73876 0.553055 -1.70687 0.684047 4.32952 1.653 1.085 -0.175786 0.325356 0.521127 0.114852 0.0841135 
2.67587 0.543278 -1.7094 1.03574 3.59709 0.65458 1.12221 -0.456738 1.16842 0.823499 0.492538 0.179174 
2.67358 0.920636 -1.22894 0.601121 3.38621 1.28804 1.11912 0.299664 1.02182 0.856395 0.106882 -0.1436 
2.64527 0.501731 -1.58376 0.329574 3.64301 1.35534 1.52434 -0.077312 1.25233 0.945721 0.213118 -0.0279355 
2.59647 0.918436 -1.16014 0.754925 3.34802 0.785525 1.54071 -0.0418969 1.59945 0.789161 0.0463065 -0.111529 
2.70135 0.795584 -0.872081 0.768257 3.27688 0.696937 0.848618 0.193507 1.59397 1.09704 0.0412048 -0.174299 
2.50262 0.879478 -0.613579 0.575971 3.83182 1.54995 0.82542 0.100739 0.851342 0.868535 0.072559 -0.126042 
2.61227 1.07126 -0.744357 0.568611 3.30001 1.5174 1.85693 -0.332189 0.626213 0.714052 0.299447 0.0200383 
2.66132 0.930067 -1.10265 0.775408 3.6047 0.876763 0.918634 0.0856067 0.759595 0.987288 0.216072 -0.0613684 
2.62706 1.0713 -1.12001 0.86566 4.39261 0.22203 0.976434 -0.367171 0.857294 1.20229 0.17486 0.107635 
2.55874 1.11861 -0.859132 1.63273 4.56096 0.581341 0.656196 -0.53922 0.630169 0.616801 -0.0934542 -0.0352632 
2.59352 1.25828 -0.653249 1.24172 4.42835 1.07097 0.505852 -0.33807 0.598516 0.43536 -0.224212 -0.0972392 
2.46098 1.24026 -0.527533 0.245861 3.54791 1.88934 1.49633 0.102517 0.635805 0.480565 0.160503 0.0719824 
2.55074 1.37689 -0.591226 -0.0101015 3.15316 2.37682 1.67368 -0.401474 0.818038 0.177628 0.217345 0.110816 
2.46502 1.19544 -0.211931 0.155068 3.21551 2.42247 0.814152 -0.244749 1.31858 0.245711 0.0575763 -0.034826 
2.57601 1.12438 0.131956 -0.1125 3.3666 1.71995 1.42215 -0.398577 0.346923 0.209315 -0.065449 0.121467 
2.51665 0.880316 0.18404 0.496668 3.74991 1.67541 0.622189 0.397774 0.390701 0.0599118 -0.316134 -0.133925 
2.51159 1.26703 0.0262688 0.773303 2.70306 1.58866 -0.254587 0.0138039 0.91516 0.480365 -0.16283 -0.363433 
2.45095 1.63261 -0.232762 0.590115 3.32738 1.70723 -0.00260512 0.302016 0.541303 0.609345 -0.202616 -0.454323 
2.17941 1.67559 -0.329375 0.105876 3.00907 1.64864 0.378684 -0.311152 0.58298 -0.217104 -0.0928228 -0.258971 
2.11842 1.4034 -0.106894 0.470262 2.83983 1.47537 0.613633 -0.670974 0.12946 0.28253 0.0344425 -0.196704 
2.1875 1.5908 -0.311615 0.645815 2.63135 2.01861 0.714354 -0.895847 0.605936 0.0484458 0.0817459 -0.256975 
2.25354 1.39885 -0.143329 0.427788 3.20347 1.87943 1.26916 -0.652882 0.239982 -0.165961 -0.0333785 -0.0484911 
2.13055 1.35154 0.381349 0.369617 4.02475 1.81995 1.78131 0.263652 0.132597 0.38538 -0.310709 -0.126759 
2.25581 1.47173 0.638411 0.640305 3.85087 2.06401 1.39161 0.0718535 0.758764 0.471889 0.10579 0.0354907 
2.14694 1.20847 0.515289 0.693355 3.07871 2.54601 0.934826 -0.332881 1.63733 0.197058 -0.00871044 -0.0565239 
2.06312 1.32701 0.833829 0.990754 3.51081 2.84021 1.09439 0.179004 0.994442 0.187371 0.00285233 -0.0542709 
1.99488 2.01927 0.823762 0.72522 3.46726 2.7853 1.19809 0.0389737 0.560243 -0.0500837 0.0882889 -0.0819303 
1.8595 1.7409 0.828352 0.545842 3.62816 2.78368 1.19955 -0.231938 0.805027 0.277572 0.411058 0.116808 
2.01161 1.64776 1.42604 0.868729 3.20209 1.99428 1.69539 -0.583162 0.554546 1.0723 0.31022 0.152611 
2.10571 1.50474 1.3613 0.915241 3.23352 1.74445 1.45899 0.252028 0.484499 0.947215 -0.00497974 -0.122362 
1.93711 1.83642 0.907317 0.520734 3.17669 1.54347 0.819192 0.438168 0.253894 0.483438 -0.0988302 -0.171861 
1.81585 1.73107 0.66328 0.489182 3.03138 1.14273 0.574445 -0.224915 0.314945 0.0393413 -0.0498789 -0.133012 
1.81219 1.20578 0.689138 0.405742 3.23483 1.30321 0.673778 0.49232 0.985408 0.631586 0.184414 -0.025387 
1.79167 1.2195 0.734308 1.32975 2.89536 1.0634 1.6601 0.39944 1.07287 0.723307 -0.119823 -0.07685 
1.80082 1.34037 0.905504 0.773571 1.5356 0.542391 2.07048 -0.459286 1.05962 0.472072 0.285604 0.12421 
1.55982 1.49494 1.47968 -0.361112 1.22311 0.59648 1.77667 0.00117725 0.346008 -0.146158 0.19243 0.124415 
1.57085 1.93894 2.06148 1.15561 3.45531 2.11212 2.57478 0.512634 0.602467 0.417018 -0.173152 0.150043 
1.82988 2.17317 2.07775 1.8498 2.65964 1.68283 1.78861 0.397294 0.853082 0.836514 -0.0692219 -0.0153158 
1.88385 2.28053 2.06488 1.73766 2.76112 1.9298 1.39299 -0.0985082 1.17086 0.101617 0.0285407 -0.0091931 
1.60718 1.79632 1.52828 1.34584 3.21985 1.95139 1.1653 0.906178 1.43086 0.866914 -0.102359 -0.0470782 
1.54701 1.45434 1.43171 1.42633 1.95462 1.72525 1.3528 1.13542 1.10005 0.83138 0.290088 0.131419 
1.57864 1.14263 1.83047 1.36444 3.19928 2.13896 1.47894 1.6567 0.865539 1.06398 0.227509 0.106258 
1.62075 1.83509 2.06362 1.07656 2.88564 1.61551 1.37609 1.70901 0.994523 1.11281 0.266065 0.138685 
1.51938 1.78243 1.86502 1.15454 2.29654 1.33917 0.890917 1.80558 1.31139 0.690851 0.554391 0.203153 
1.35576 1.81503 1.74401 1.00711 1.3509 1.05979 1.5632 1.13322 2.16049 0.469514 0.688652 0.220879 
1.2755 1.99557 2.15238 0.909431 1.53672 1.34718 2.05905 1.35258 1.41589 0.380485 0.334892 0.138632 
1.31155 2.21503 2.1565 1.10817 2.25418 1.95044 2.4271 0.799808 1.03521 0.731912 0.323841 0.287592 
1.22992 1.84247 1.94426 1.29505 2.02935 2.60989 2.59943 0.950773 0.81014 0.186449 0.526033 0.267753 
1.2278 1.73171 2.14293 1.12139 1.44763 1.94668 1.65103 0.622537 1.01138 0.359273 0.420301 0.190954 
1.32575 1.62803 2.18328 1.71262 0.806973 1.2258 1.78834 1.04915 0.65833 0.40794 0.626834 0.160992 
1.31384 1.21841 1.51088 0.998558 1.33503 1.01724 1.09143 1.39622 1.14298 0.262088 0.717389 0.179879 
1.37072 1.3304 2.00498 1.18556 1.65425 0.22929 1.45452 1.50434 0.689991 0.641683 0.446238 0.168395 
1.19769 1.35482 2.25024 1.52678 1.79715 0.0113626 1.51405 1.25521 0.5407 0.605395 0.785559 0.244714 
1.2775 1.26708 2.83962 0.846517 2.16507 0.449679 0.818317 1.08481 0.963796 0.833951 0.283366 0.19632 
1.21137 1.1949 2.52973 0.488455 2.15851 -0.12222 0.817001 0.717652 1.16068 0.960374 0.502908 0.276278 
1.18352 1.21716 1.7232 1.46538 1.90625 -0.268365 2.25068 0.531961 0.248172 1.32329 0.399685 0.18863 
1.19471 1.0379 1.69039 1.33684 1.55194 0.884819 1.7561 0.86195 0.932927 1.26349 0.457287 0.110934 
1.26477 0.958659 1.94401 1.34704 2.08282 1.43496 2.30239 0.865028 1.19282 0.433935 0.483145 0.282882 
1.37655 1.14776 1.58366 1.67927 2.50512 0.996723 2.37488 1.14904 0.352252 0.500047 0.456899 0.253601 
1.25199 1.39428 1.68784 1.50348 2.23579 1.36128 2.55217 0.542896 0.747103 -0.101931 0.511463 0.218925 
1.1128 1.72988 1.85826 0.830399 1.95853 0.895136 1.79607 0.288504 1.07399 0.673408 0.475761 0.208966 
1.2325 1.54641 1.40577 1.28505 1.30947 0.816026 1.74874 1.28802 0.844127 1.02595 0.562511 0.180485 
1.16227 1.3595 1.57499 1.38511 0.807232 1.49653 2.0782 1.33478 0.872626 0.414414 0.807515 0.15208 
1.08057 1.38749 1.82012 1.49388 1.86386 1.43009 1.94465 0.759623 1.46217 0.274454 0.461189 0.20871 
1.02667 1.06133 2.23768 1.69977 1.67885 1.08167 1.86538 0.942927 1.18446 0.106238 0.177907 0.227106 
1.06978 1.08345 1.46624 1.37315 0.740236 0.730897 0.996835 1.46272 0.231125 -0.0766727 0.322905 -0.00834357 
1.10814 1.42935 1.76096 0.486924 1.29052 1.1191 1.2284 1.5502 0.881617 0.575334 0.561092 0.0362567 
1.03169 1.47921 2.2286 1.3234 1.0629 0.223947 0.890761 1.62682 0.977192 0.497489 0.417622 0.135177 
1.05563 1.62977 2.32429 1.74768 1.12972 -0.449395 1.00684 1.37865 1.67332 -0.0692678 0.453781 0.258908 
0.909429 1.10831 2.24932 1.58988 0.95887 -0.190982 0.63012 1.5989 1.7342 0.620922 0.795919 0.267973 
0.914812 1.13298 1.71479 1.52291 1.16548 0.338603 0.914974 0.504198 0.563207 0.627779 0.714675 0.0819341 
0.946758 1.00518 1.79353 1.80713 1.26056 -0.0174988 1.86174 0.337308 0.577539 1.2246 0.686454 0.0418774 
0.857724 1.18674 1.76998 1.99829 1.63437 0.0139183 1.98445 0.351931 1.04727 0.951168 0.492973 0.0976328 
1.01829 1.3827 1.869 1.50763 1.66114 0.458221 1.57385 1.35183 1.2499 -0.0533064 -0.174825 0.172013 
1.08133 1.49719 2.11126 2.10892 1.03684 0.638762 1.08764 0.862823 0.869397 0.41125 0.269635 0.154195 
0.982265 1.34581 2.43468 1.7384 1.68288 0.152789 1.39131 0.992387 0.862172 0.532 0.315055 0.189126 
1.03966 0.9943 2.3993 0.601067 1.10887 -0.474623 0.442058 0.336757 1.737 0.894076 0.235663 0.224477 
0.903653 1.23935 2.33974 1.20293 0.7014 0.485261 0.951396 0.101928 1.37063 0.848044 0.948039 0.108961 
