0.578592 1.01607 1.33911 1.38994 1.0961 0.575929 0.152141 1.42861 1.2268 0.362488 0.294997 0.0862997 
0.577322 1.19623 1.27076 0.199348 0.857044 1.26777 0.469669 -0.16984 2.03999 0.707679 -0.00991115 0.117782 
0.597627 0.978753 1.78018 0.264436 -0.684543 0.745351 0.476951 0.561781 1.90027 0.277924 0.158994 0.144821 
0.35789 0.569405 2.6035 -0.180549 0.342317 0.964233 1.45549 0.64566 1.76604 0.576751 -0.396139 0.358816 
0.0693138 0.0614356 2.73669 -0.646452 0.880201 2.03059 1.02752 0.266284 1.94963 0.442051 -0.609049 0.349247 
0.0192158 -0.347443 2.91874 -1.13365 -0.173049 1.65434 1.34639 -1.56828 1.77829 0.724127 -0.316774 0.453679 
-0.243217 0.0460567 4.28921 -1.1503 0.199254 3.0364 1.86578 -0.878082 1.30364 0.609779 -0.613042 0.415635 
-0.493362 0.0745785 4.62939 -0.750613 -0.432563 3.54886 0.984819 -2.05665 1.72135 0.238002 -0.667171 0.573933 
-0.51745 0.0438258 4.6661 -1.2371 -1.0813 2.58608 -0.0535522 -1.15984 2.49076 -0.314941 -0.243988 0.557272 
-0.627157 -0.234883 4.68436 -1.99324 -0.484144 1.9444 -0.643148 -0.158718 1.93818 -0.318572 0.115877 0.411838 
-0.906174 0.162809 4.89927 -1.53413 0.133902 1.8503 0.19295 0.0672764 1.10042 0.214628 -0.0838689 0.293483 
-0.811207 0.0925572 4.58222 -0.55909 0.0805322 1.85114 0.727344 -0.174045 0.858219 0.292539 -0.17404 0.295728 
-0.954305 -0.302604 4.53015 -0.9107 0.258663 0.982923 -0.417645 -0.643706 0.178022 1.09918 -0.337384 0.342051 
-0.925545 -0.251827 4.16953 -1.10798 0.620441 0.974481 0.324605 -0.812117 0.624867 0.45501 -0.0858368 0.292406 
-0.790744 -0.0898544 4.46936 -1.52427 0.362874 0.222391 0.061378 -0.0935129 1.63532 -0.539215 0.252415 0.384166 
-0.946701 0.217017 4.50158 -0.207904 0.278508 2.37135 0.134562 -0.41315 1.28624 -0.045227 0.107135 0.171869 
-0.883509 0.306677 3.40681 -0.372962 -0.148071 1.24122 0.429664 -0.0544909 1.61211 0.053879 0.0761633 0.239667 
-0.943602 -0.12577 3.88049 -1.11109 0.308821 0.921284 0.976211 0.212709 1.62777 0.100976 -0.0135924 0.40083 
-0.91291 -0.126866 3.73734 -0.931691 -0.487562 0.857977 0.460623 0.267111 1.6027 0.265286 0.161959 0.270042 
-1.00288 0.231334 3.45044 -1.33742 -0.979739 1.57876 0.803839 -0.0955501 1.60819 0.739659 0.0139968 0.259121 
-1.07996 -0.0299494 3.71055 -1.72114 -0.616517 1.16857 0.947755 -0.324295 1.88675 0.866895 -0.127729 0.55644 
-1.06476 -0.119129 4.04023 -1.83338 -0.434172 0.770146 0.982322 -0.588737 2.02338 0.708238 -0.0834735 0.518609 
-1.22224 -0.453656 3.99728 -1.68124 -0.12621 0.697532 0.835351 -0.623066 1.99113 0.215933 -0.100506 0.512112 
-1.36425 -0.517176 4.1179 -1.89314 -0.581857 0.172536 0.886118 0.202775 1.9713 0.375262 0.054697 0.542688 
-1.18631 -0.59961 3.88267 -0.973045 -0.331434 0.666359 0.742952 0.222869 1.66305 0.223233 -0.0286572 0.559175 
-1.23797 -0.979132 3.46293 -1.7099 -1.35818 0.912836 1.01894 1.28012 2.14708 0.681628 -0.0687732 0.356405 
-1.19868 -0.963584 3.52692 -1.6784 -1.61563 1.44519 1.02802 -0.0237921 2.83217 0.905033 -0.322309 0.387904 
-0.866968 -1.21052 3.27354 -2.2291 -1.86349 1.54329 1.59036 -0.304788 2.15819 1.62498 -0.630715 0.284604 
-0.560217 -1.16382 1.90921 -1.91103 -1.19177 1.27022 1.59068 0.158013 2.65514 1.4835 -0.331771 0.146249 
-0.445832 -0.717528 1.66818 -1.73533 -1.50652 0.740175 0.884898 0.518095 2.47662 1.35555 -0.309997 -0.0244953 
0.0258623 -0.436836 1.86539 -2.08262 -0.954786 0.831165 0.407185 -0.0676542 1.94979 0.866283 -0.425204 0.0391624 
0.694777 -0.026886 1.95701 -1.13187 0.935224 2.17694 0.71686 -0.274105 1.90687 0.709518 -0.572942 -0.172232 
1.67422 -0.113726 0.739873 -1.04037 1.81335 1.77764 0.159463 -0.189341 2.17657 0.802827 -0.48535 -0.475766 
1.97834 0.0230314 -0.00323597 -1.10888 1.99601 1.83577 -0.494151 0.0845483 2.3455 0.530695 -0.336742 -0.588984 
2.04123 -0.402215 -0.269715 -0.84167 1.87325 2.05883 -0.220054 0.12549 2.61341 0.400006 -0.654059 -0.588993 
2.18702 -0.337217 -0.548035 -0.605038 1.52633 2.13348 0.06949 0.152263 2.16331 0.419846 -0.671741 -0.645233 
2.07039 -0.278946 -0.284644 -0.508511 1.12729 2.51703 0.47145 -0.278766 2.24205 0.537971 -0.655183 -0.559987 
2.14385 -0.294572 0.251668 -0.642979 1.13223 2.53445 0.448518 -0.0320556 2.18498 0.419137 -0.783018 -0.480979 
2.1971 -0.313659 -0.0606047 -1.04709 1.52463 2.61659 0.299369 0.131175 1.96835 0.359039 -0.653856 -0.578932 
2.10953 -0.490894 0.0431759 -0.815449 1.2319 2.90419 0.765684 0.342471 1.78612 0.149846 -0.72916 -0.503013 
2.13251 -0.363059 -0.38061 -1.04808 1.64897 3.0274 0.60968 0.0199035 2.12501 0.0831917 -0.800363 -0.496222 
1.813 -0.289764 0.151965 -0.499493 1.611 2.04697 1.70231 0.436444 2.24732 0.0635639 -0.931153 -0.368858 
1.70973 0.17555 0.70817 -1.17176 1.25295 2.07814 0.890693 1.17609 1.86535 -0.202931 -0.703533 -0.467239 
1.77303 -0.286634 1.06172 -1.51033 1.71129 2.19808 0.640945 1.35852 1.89718 -0.0198966 -0.432402 -0.284762 
1.7849 -0.396885 0.784034 -1.57812 1.80717 2.63718 1.90248 1.76316 2.17467 0.129391 -0.182332 0.109856 
1.74235 -0.156247 0.718244 -1.0197 1.87045 2.56097 1.4038 1.58992 2.68873 0.417217 -0.130935 -0.0312885 
1.77153 0.21383 0.919107 -0.952372 1.82271 2.86846 1.1431 1.04622 1.92985 0.57829 -0.278606 -0.208298 
1.63423 0.305125 0.687441 -1.52077 1.80727 3.39069 2.03507 1.11506 1.50645 0.417499 0.158521 0.084522 
1.71112 0.468069 1.44423 -0.571096 2.60273 2.91852 1.54306 0.988856 1.33426 0.545844 -0.467095 -0.144277 
1.78655 0.434614 0.906185 -0.891889 1.77264 3.40791 1.92067 -0.0262289 2.16878 0.434291 -0.378955 0.119302 
1.79309 0.91883 1.11299 -0.182466 1.56181 3.47371 1.76965 -0.33016 1.31386 0.536207 -0.568054 -0.114733 
1.71186 0.894005 0.764348 0.0469485 1.76676 3.36311 1.94353 0.0427974 1.01567 0.820007 -0.51752 -0.22253 
1.68502 0.710661 0.985751 -0.431101 1.79811 3.22605 1.56683 0.1953 1.45478 0.512659 -0.344722 -0.0677848 
1.78416 0.605008 0.665425 -0.782993 1.5313 3.18995 1.95882 0.312581 1.52895 0.487835 -0.163904 0.00679324 
1.6935 0.676707 1.35953 -0.258268 1.96329 3.08243 1.73927 0.464984 1.97828 0.591397 -0.396699 0.0212732 
1.70345 0.951999 1.33932 -0.615562 2.31615 3.44761 1.68905 0.137119 1.16489 0.358384 -0.489924 -0.0274061 
1.6101 1.00463 1.21757 -0.435198 1.91713 2.64467 2.01063 -0.521017 0.439332 -0.160194 -0.412852 0.0748218 
1.59393 0.655521 0.933301 -0.827732 2.26471 2.33425 0.70499 0.0167252 1.06628 0.0825832 0.0635294 -0.0433768 
1.41994 0.629669 0.95232 -0.980814 2.14365 1.81345 1.22808 0.318442 1.8676 -0.229962 -0.0602256 -0.00904026 
1.359 1.05807 2.03617 -1.92776 -0.884233 1.79994 0.2462 -0.83547 1.96754 -0.0271767 0.0523545 0.374421 
0.645176 0.383074 3.24859 -2.7606 -1.35185 1.5297 -0.648426 -0.970997 2.36402 0.34763 0.0728627 0.380578 
0.0972484 -0.122279 4.01914 -1.45641 -0.786024 1.66807 1.38795 0.299294 2.69121 0.0623589 -0.242421 0.106778 
-0.0127833 0.154389 3.92144 -1.76858 -0.0116239 1.9627 0.942101 0.109546 2.21128 -0.207953 -0.418869 0.158329 
-0.12864 0.235047 3.8889 -1.3461 -0.0451454 2.06432 1.07767 0.907934 2.30192 -0.0851468 -0.193351 0.216139 
-0.193312 0.0282711 4.51347 -1.43927 0.285041 2.42319 1.74886 0.548353 2.69615 -0.0495422 -0.290605 0.336766 
-0.360868 -0.0199302 4.20829 -0.902937 -0.690702 3.10454 2.19719 -0.146401 2.11681 0.0837964 -0.349351 0.147581 
-0.366749 -0.0580871 4.18355 -1.15734 -0.315439 1.86518 3.14552 -0.109479 1.3946 0.576643 -0.607778 0.056145 
-0.485124 -0.276253 4.61143 -0.460631 -0.0911159 2.51555 2.62234 -0.422456 1.35852 0.177903 -0.380059 0.400235 
-0.628635 -0.182981 4.47932 -0.188019 0.254527 2.27837 1.65198 0.161295 1.47085 -0.249943 -0.40286 0.407248 
-0.571942 0.219885 4.77479 -0.994156 -0.837933 2.13576 1.89199 0.447878 1.55364 -0.024067 -0.568879 0.0680047 
-0.594437 0.268664 4.81892 -1.1037 -1.5957 2.18678 2.44952 0.187187 1.6475 0.816026 -0.557194 0.0852542 
-0.593147 0.0315075 4.77333 -0.950947 -1.05579 2.06687 2.16572 -0.367462 1.75378 0.678108 -0.399239 0.180973 
-0.553463 0.249127 4.30554 -0.588913 -0.97609 1.49663 2.15898 0.122358 1.70847 0.453558 -0.247574 -0.170363 
-0.625092 -0.190092 4.46874 -0.100753 -0.354425 1.25541 2.7926 -1.06774 1.76796 0.371317 -0.31254 0.109176 
-0.591783 -0.19798 4.52727 -0.106121 -0.139986 1.28397 3.83356 -0.296266 1.07631 1.04495 -0.334128 0.0333854 
-0.626149 -0.224104 4.96973 -0.642381 -0.869129 1.96875 3.15473 -0.822342 1.85551 0.299099 -0.235549 0.194744 
-0.763173 -0.223463 5.01044 -0.783368 -1.14594 1.29409 2.34793 -0.166713 1.75256 0.205567 -0.0163752 0.316617 
-0.720804 -0.0723584 4.50773 -0.836824 -1.15284 0.936405 2.21244 0.515136 1.65982 0.593602 -0.127391 0.226561 
-0.554685 -0.0601963 5.06811 -0.703504 -0.693288 1.3835 2.81025 0.436492 1.4912 0.853668 -0.310887 0.126529 
-0.672024 -0.0139259 4.9623 -0.0414545 -0.733009 2.82451 2.27277 -0.148833 1.50212 0.449346 -0.187672 0.0838833 
-0.673603 0.173328 4.22551 -0.0881402 -0.850916 2.96534 1.63292 -0.510648 1.63423 0.2937 -0.156725 0.150535 
-0.649154 0.448136 3.42831 0.431641 -1.5697 3.19834 2.20955 0.114883 2.5392 -0.249695 0.182214 -0.0257216 
-0.548335 0.436266 3.74272 -0.252217 -1.68416 3.01551 2.45835 0.167769 3.071 -0.30921 0.176504 -0.0618186 
-0.597005 0.235863 4.20065 -0.625782 -0.57841 2.6198 2.00404 -0.0146365 1.98951 -0.0876523 -0.0154145 0.243139 
-0.646449 -0.0322195 4.16345 -0.412495 -0.78601 2.11948 1.73098 -0.180008 2.20504 -0.20911 0.0950019 0.273653 
-0.377937 0.143874 4.1174 0.482257 -1.04196 2.72201 2.42886 -0.438148 2.20607 0.114848 0.147951 -0.0277123 
-0.277493 0.117624 4.08795 0.320988 -1.07425 2.48233 1.7994 0.161065 1.96819 0.180037 0.000678874 0.0756007 
-0.360514 0.268829 3.71243 -0.17439 -1.18894 2.25399 1.33182 1.00519 2.24772 -0.448116 0.082941 -0.0941385 
-0.195467 0.383856 3.24009 0.37422 -0.669432 1.33894 1.27603 0.689938 2.27966 -0.236495 0.620157 -0.218995 
-0.00878804 0.37726 3.30454 0.484073 -0.647863 2.13282 1.60817 0.364852 2.56448 0.407938 0.428593 -0.207266 
-0.18638 0.396875 3.75567 0.0996963 -0.674258 2.00754 2.38017 0.250706 2.38817 0.346325 0.536698 -0.211209 
-0.334198 0.18736 3.70935 -0.0187265 -0.0303045 2.40863 1.8385 -0.181021 1.62054 0.0355594 0.202462 0.0668942 
-0.0250989 -0.0511467 3.80101 0.117677 0.0707478 2.80811 1.54936 0.152575 2.84209 0.0346459 0.219039 0.16799 
-0.00750944 0.109782 3.70566 0.902503 -0.0447553 1.94464 2.41167 0.859424 2.17644 -0.0441531 0.737072 0.0511176 
0.072496 0.511776 3.36632 0.89565 -0.927358 1.77956 1.44699 0.278999 1.87214 0.253159 0.555346 -0.0851733 
0.0617697 0.389555 3.5027 0.690965 -0.103445 1.71576 1.24472 0.409303 2.25609 0.526818 0.227893 0.0978134 
0.0928672 0.502008 3.9552 0.370374 0.325163 1.81882 1.83818 0.529308 2.22563 0.566286 0.310215 0.156911 
0.164963 0.465547 3.26456 1.01804 0.115853 2.49203 1.15021 -0.0583656 2.24188 0.158059 0.4165 0.0449055 
0.220088 0.0327371 3.2738 0.55349 -0.00629708 2.4741 1.77299 0.0227865 1.88736 -0.159492 0.182685 0.216754 
0.153331 0.243964 3.60047 0.467585 0.10009 1.43669 1.66222 0.437409 1.7325 0.0355055 0.0266892 0.280554 
