0.547993 1.32687 0.842875 1.35073 1.24737 1.31325 0.927096 -0.186187 0.982833 -0.466064 -0.252131 0.157572 
0.53971 1.20207 1.13011 1.7113 1.55334 1.1782 1.58129 -0.0676034 1.49684 -0.180765 -0.104464 0.136531 
0.632475 1.18735 1.93687 2.0866 1.49747 1.01174 1.57704 0.829841 1.9213 0.443013 0.185773 0.232686 
0.580005 1.09085 2.10407 1.6452 1.56317 1.19059 0.680695 1.56153 1.70815 0.735417 0.393627 0.174762 
0.669622 1.01921 1.56849 1.35396 1.58155 0.903795 1.05541 1.06805 1.20406 0.244658 0.649164 0.0221533 
0.798918 0.935706 1.25892 1.76663 1.16769 1.44596 1.60715 1.0325 1.26978 0.124752 0.420708 0.109601 
0.846292 1.08517 1.20478 1.59563 1.47173 1.96505 1.08662 0.865493 1.30136 0.432944 0.723291 0.0949493 
0.80175 1.32787 1.02413 1.14371 1.88515 0.7673 1.11023 0.206194 0.38724 0.722742 0.459843 0.129604 
0.702756 1.19822 1.64854 1.18361 1.5249 0.66358 1.46686 0.24061 1.32218 -0.0951907 0.262631 0.144725 
0.671803 0.921469 1.47655 1.30135 1.18416 1.83269 1.04027 -0.107503 -0.252206 -0.381423 0.141929 0.181065 
0.706122 1.059 1.97545 1.53618 1.45092 1.79061 1.41129 1.35123 0.142256 0.406609 0.488324 0.101193 
0.67031 1.1973 1.64075 0.871645 1.79502 0.908254 1.66317 0.493522 1.02918 0.914348 0.443866 0.0943818 
0.633152 1.12429 0.845568 0.870105 1.31262 0.194482 1.19341 1.17596 0.978381 0.0107719 0.295695 -0.00308024 
0.636344 1.19958 1.2345 0.947956 1.13013 0.805179 1.14787 1.38636 0.623596 0.963065 0.658403 -0.118497 
0.73859 1.09049 1.22762 1.58705 1.49169 0.523508 1.46661 0.758101 0.889853 1.23913 0.723496 -0.0345895 
0.741672 0.693137 1.48235 1.2107 2.06905 0.987545 1.76714 0.303532 0.606699 1.14402 0.433098 0.00715606 
0.785531 0.826499 1.33859 0.54968 1.91712 1.09731 1.77314 0.637322 0.638521 1.01228 0.613293 -0.038163 
0.842723 0.675827 0.879417 0.871148 1.43895 1.45213 1.4725 -0.29831 0.878809 0.843834 0.416283 -0.0439759 
0.856887 0.529298 1.11442 0.406659 0.724922 0.966764 1.29477 0.151222 0.241152 1.30973 0.417299 -0.0577862 
0.869011 0.835666 0.932085 0.871562 0.80668 0.8756 1.21145 0.0524167 0.325366 0.50247 0.57423 -0.00893617 
1.21619 1.54551 1.34709 1.19534 0.963423 0.072183 0.525907 0.454286 0.114266 -0.525643 0.21608 -0.080107 
1.32122 1.80218 1.61955 0.140392 1.50888 0.155764 0.294077 0.475826 0.0695307 0.365005 0.395722 0.0515173 
1.83992 2.03928 2.29747 1.7011 1.16524 -0.489135 -0.815526 -0.840101 -0.888715 -0.0463849 -0.399106 -0.245736 
2.19297 1.78199 1.8904 2.00032 0.497912 0.100392 -0.556979 -2.22738 -0.693291 0.223373 -0.27438 -0.362424 
2.79591 1.43766 1.78953 1.62048 0.680797 -0.195178 -0.303938 -3.32504 -0.644314 0.34035 -0.334957 -0.376181 
2.32246 2.21832 2.1499 2.01205 1.47113 -0.457398 -1.86886 -2.14336 -0.388056 -0.0495393 -0.477311 -0.371091 
2.32847 2.00623 2.2647 2.282 0.693224 -0.619343 -1.47058 -2.40526 -0.626964 0.186893 -0.429891 -0.386253 
2.45377 1.9537 2.66133 1.76313 0.519844 -0.538111 -0.803342 -2.71193 -0.775531 0.283004 -0.419098 -0.3398 
2.43758 2.33301 2.42763 1.3508 0.859264 -1.30223 -1.40584 -2.0287 -0.499855 0.17999 -0.274259 -0.153901 
2.56483 2.33487 2.29212 1.4387 0.589821 -1.3069 -1.06306 -1.89912 -0.144065 0.450561 -0.0459691 -0.0899518 
2.38893 2.58434 1.90263 1.23893 0.168322 -0.652615 -1.48733 -1.70466 -0.231119 0.337954 -0.0540619 -0.114937 
2.3243 2.64368 1.73938 0.860355 0.356763 -0.681747 -1.00355 -1.05651 0.310915 0.369913 0.00174384 -0.11332 
2.55992 2.58366 2.01618 0.360341 0.22578 -0.467594 -0.35287 -1.03566 0.856935 0.342478 -0.0354997 -0.103101 
2.62206 2.26957 1.55311 0.545519 0.5617 -0.612712 -0.869037 -0.701599 0.974009 0.526971 0.00395689 -0.170069 
2.74089 2.26475 1.35039 -0.0289844 1.21564 -1.34299 -0.417167 -0.368247 1.04003 0.450986 -0.370774 -0.313859 
2.58015 2.39592 1.04924 0.276774 0.901666 -0.37219 0.00310017 0.150533 1.73906 0.128724 -0.459278 -0.55129 
2.50312 2.23187 1.05763 -0.00616226 0.859504 -0.113575 0.376494 0.605424 1.51661 0.106525 -0.518387 -0.547439 
2.39847 1.98669 0.734878 -0.388205 1.00174 0.385671 1.08262 0.478068 1.40553 0.174321 -0.531449 -0.542947 
2.35421 2.05457 0.52208 -0.280423 1.02155 0.502825 1.52524 0.696111 1.05095 -0.0476725 -0.625756 -0.553597 
2.38515 1.95167 0.291674 -0.482985 1.21735 1.07809 1.13788 0.861022 0.922706 -0.194993 -0.616496 -0.566716 
2.43367 1.81028 0.277825 -0.00853579 1.55278 1.35595 1.51406 0.6526 0.486971 -0.037991 -0.544511 -0.492452 
2.3333 1.98132 0.23798 0.429082 1.94932 0.83325 1.21971 0.677089 0.590925 -0.254092 -0.714936 -0.518427 
2.12327 1.94125 0.421661 0.0337841 1.84832 0.719563 0.444815 0.615224 0.744012 -0.746111 -0.642639 -0.479478 
2.15192 1.7926 0.657702 0.389263 2.10035 0.824389 1.03099 0.462217 0.179555 -0.597881 -0.666009 -0.357898 
2.29694 1.65524 0.600821 0.357393 2.29325 1.5907 0.745344 0.33336 0.248439 -0.506319 -0.540704 -0.341924 
2.35746 1.70602 0.400696 0.35111 1.99232 1.36722 0.992075 -0.204714 0.787103 -0.891328 -0.705289 -0.370063 
2.25045 1.60942 0.0828793 0.626382 2.23979 1.19018 2.21413 0.0802488 0.546727 -0.531699 -0.638657 -0.346792 
2.17421 1.88799 0.617613 0.0487865 2.338 1.20698 2.04558 0.511853 -0.1017 -0.132532 -0.598711 -0.267832 
2.06259 1.88037 1.23995 0.436408 1.86511 1.41905 2.21133 0.340642 0.12037 -0.215886 -0.571751 -0.251292 
1.96488 2.24923 1.21449 0.47077 2.23338 1.57203 2.07726 0.344738 1.09337 -0.220925 -0.448042 -0.261701 
1.99192 2.27963 1.59027 0.393649 1.6569 1.81835 1.75278 0.634541 1.15139 -0.260706 -0.265231 -0.163293 
1.97457 2.20362 2.09278 0.863898 1.14121 1.12693 1.24066 1.61613 0.909538 0.0190384 -0.21021 -0.219081 
2.15309 2.30455 2.04361 0.438631 1.50999 1.5714 1.9576 1.44868 1.03158 0.236478 -0.251658 -0.199066 
2.19371 2.31411 1.91832 0.763654 1.58085 1.69905 1.20261 1.59855 1.35704 0.311305 -0.0416805 -0.144487 
2.11886 2.61729 2.45371 0.408025 1.37442 1.42302 2.38857 2.11297 0.55631 0.152876 -0.199158 -0.198135 
1.96893 2.70786 2.37664 1.14006 1.41334 1.62945 2.70484 1.37564 0.838077 -0.132176 -0.0461575 -0.0598285 
1.91667 2.53672 2.12763 1.53412 1.7758 1.76379 2.49469 0.995307 1.28877 0.0751338 0.193025 0.0879737 
1.83158 2.46421 1.93136 1.33658 1.97865 1.21077 2.44683 0.736275 1.50862 0.347849 0.418805 0.238047 
1.6485 2.25009 2.50096 1.84926 2.0606 1.37249 2.10787 0.896315 1.37132 0.779213 0.232611 0.196172 
1.75222 2.49498 2.41867 1.15229 1.80428 1.44099 2.04411 1.18285 1.31454 0.823208 0.246654 0.17564 
1.84316 2.53566 2.48622 1.37524 1.5567 1.81244 1.76802 1.3317 0.593557 0.41052 0.345578 0.166683 
1.73125 2.5941 2.37849 1.43318 1.56311 1.87513 2.15359 1.38546 0.966756 0.0998006 0.323027 0.109235 
1.66309 2.44125 2.28111 1.24543 2.03482 1.19957 1.74022 1.49843 1.16468 0.352573 0.550759 0.233354 
1.5652 2.07766 2.50868 1.91929 2.00842 0.736116 1.21822 0.990454 1.47666 1.03016 0.512987 0.342545 
1.44224 1.95808 2.32199 1.62935 2.00719 0.909647 0.737329 1.10718 1.4449 1.31516 0.595652 0.345834 
1.47765 2.1043 2.24232 1.24101 1.78927 1.08385 1.90049 1.80828 1.24687 0.637009 0.649932 0.270811 
1.34674 1.97679 2.54143 1.57986 1.88439 1.82986 2.47121 2.03276 1.67686 0.237933 0.442803 0.240843 
1.38613 2.01504 2.18568 1.57049 1.96102 1.99028 2.13652 1.48341 2.59188 -0.138849 0.434623 0.231749 
1.44071 2.00902 2.47872 1.02254 2.19035 1.73764 1.77071 2.20614 1.72097 0.0055627 0.531493 0.193276 
1.53052 2.28021 2.49997 1.73519 2.1282 0.685253 1.83605 1.90005 1.28068 0.0126043 0.588485 0.223258 
1.59952 2.10911 2.60564 1.88669 1.903 1.49152 1.83048 1.68102 0.443343 0.534221 0.351123 0.141417 
1.54478 1.97503 2.89104 1.31432 1.75018 1.36311 2.42365 1.42495 0.76268 0.45004 0.282993 0.140303 
1.36528 2.34194 2.6647 1.38823 2.18832 1.7535 2.20146 0.552537 1.63984 0.381749 0.0921683 0.204749 
1.3222 2.4194 2.2113 1.96696 2.25288 1.33485 2.22556 0.300257 1.61092 0.318945 0.301554 0.178456 
1.40717 2.06184 1.92271 1.87932 2.09307 1.20857 1.86192 0.534713 1.59369 0.677134 0.156105 0.159394 
1.34988 1.76219 2.06291 1.50775 2.98193 1.30305 1.66542 1.04841 0.921687 0.325812 0.0218357 0.125809 
1.31742 1.8188 2.15904 1.16123 1.91922 0.956474 1.44504 1.77617 0.680544 0.394438 0.363553 0.125457 
1.33767 1.73556 2.68118 1.13274 1.66222 0.739015 1.66009 1.3432 0.848646 0.381078 0.480985 0.175395 
1.22728 1.85635 2.55506 1.27464 2.01208 1.11208 2.54374 1.65063 1.24047 0.23918 -0.00610179 0.151031 
1.16342 1.7278 2.14043 1.59536 2.0897 0.897926 3.28781 1.40199 0.578145 0.155729 0.105269 0.156681 
1.19575 1.5744 2.44062 1.69345 2.12638 2.06512 2.27824 1.10522 0.300792 0.43159 0.248827 0.136953 
1.17116 1.26888 2.53609 1.59871 1.77773 1.09871 1.46432 1.22234 1.32973 1.10509 0.249786 0.225802 
1.01647 1.45771 2.05317 1.30252 1.51683 0.948991 1.92328 0.520212 1.01146 0.660789 0.596048 0.172888 
1.21945 1.53109 1.96064 0.677189 1.8197 1.34043 2.23116 -0.289723 0.939413 0.424096 0.187438 0.200961 
1.2066 1.60544 2.67081 0.918368 1.60495 1.74353 1.56447 0.94341 1.04247 0.4141 -0.0413544 0.14251 
1.18494 1.50739 2.18425 1.70166 3.00771 0.768408 2.54616 0.308961 1.40294 0.508634 0.316749 0.349329 
1.09662 1.60854 1.49209 1.78369 3.49689 1.13213 2.34574 1.24533 0.660636 0.767739 0.524233 0.343137 
1.15646 1.47319 1.45978 1.93792 1.83022 0.943872 2.09654 0.976596 0.785885 1.0833 1.00995 0.264449 
1.11806 1.54106 2.2872 2.19276 1.25978 0.834513 2.41001 0.890304 1.28071 0.696055 0.815328 0.238096 
1.07358 1.87286 2.14108 1.58388 1.34085 1.07386 1.99977 1.2614 1.46265 0.0848621 1.18653 0.193722 
1.09585 1.84446 2.49597 1.94581 2.34189 0.129225 1.80975 1.49464 1.02142 0.454539 0.705466 0.298268 
1.09027 1.5704 2.53857 0.778713 1.84284 1.91649 1.36136 1.87935 1.80001 0.908413 0.275462 0.278552 
1.16406 1.4426 1.92615 1.19326 1.92908 1.78718 1.99717 1.44389 1.76147 0.872264 0.163179 0.235234 
1.09754 1.75155 2.00344 1.73172 1.7929 1.80585 1.98194 1.53224 1.61756 0.773745 0.171863 0.263159 
1.05508 1.81365 2.24432 1.2844 1.66932 0.455782 2.54676 0.978381 2.06679 0.220601 0.940556 0.296449 
1.11652 2.3084 2.10026 1.28586 1.45798 0.626077 2.07929 1.35312 1.56144 -0.206091 1.15727 0.104853 
0.971841 1.34102 2.72037 2.03203 1.73895 1.31289 1.31979 0.502689 1.14948 0.658617 1.11726 0.182408 
1.05279 1.31405 2.83739 1.37175 2.14457 1.63961 0.992497 1.13357 1.18568 0.838773 0.790811 0.235405 
1.1913 1.78875 2.37316 0.780709 2.42075 1.03239 1.76155 0.596688 1.51922 0.639223 0.733147 0.360636 
1.08888 1.50245 2.39671 1.17197 1.91716 1.37744 1.2196 0.746306 0.887945 1.12353 1.00233 0.239531 
0.949856 1.62777 2.29304 1.68573 2.58334 1.0383 1.38627 0.891147 1.15058 0.610351 0.886454 0.201305 
0.928799 1.93598 1.76456 1.09874 2.49621 1.19846 2.16525 1.62993 1.62924 -0.0031311 0.66455 0.162051 
1.10933 1.91119 2.75417 1.33736 2.32057 1.15166 1.49155 0.799356 1.09334 0.0863606 0.549039 0.190796 
1.09777 1.51999 2.33316 1.52244 1.67321 0.95123 1.3631 0.547964 1.60528 0.227548 0.369646 0.221977 
1.04304 1.68882 2.15922 1.38991 2.07828 0.595673 1.32568 0.376119 1.64569 1.19185 0.477249 0.304953 
0.966193 1.40918 1.94607 2.08508 1.90509 0.208485 1.78883 1.03676 1.09235 1.20581 0.750982 0.23734 
0.922418 1.24692 1.78636 2.01752 1.99346 0.848038 2.44557 1.27718 0.0523641 0.935641 0.482116 0.165767 
1.00093 1.38222 1.89578 1.62379 2.08878 0.660908 1.95055 1.57422 0.0226434 0.586505 0.522577 0.163467 
0.976283 1.74334 1.97784 1.4044 1.67018 0.465558 1.01222 0.706283 0.915979 0.44995 0.371509 0.142068 
1.00353 1.67553 1.81335 0.883564 1.86256 0.664007 1.02941 0.957024 1.45627 0.269112 -0.0896999 0.115475 
0.998637 1.43928 1.5615 0.885079 1.96266 0.634583 1.47521 0.427387 1.79087 0.42095 0.412491 0.16346 
0.911895 1.35877 1.76036 0.869593 1.48764 0.0537848 1.55809 0.310078 1.49345 0.716382 0.231128 0.180537 
1.01854 1.38699 2.20567 1.46125 0.932882 0.823995 1.45348 0.77302 0.517613 0.0809484 0.597712 0.105221 
1.0049 1.51971 1.77545 1.77678 1.76057 1.16335 1.20254 1.02827 1.15026 -0.152055 0.715927 0.117386 
0.973585 1.19326 1.6315 1.30717 1.57121 1.27575 1.32953 0.777933 0.905977 0.492913 0.318012 0.0569892 
0.92479 1.26339 1.60425 1.46475 1.17199 0.130144 1.69051 0.487803 1.18265 0.607502 0.323014 0.0577023 
0.932878 1.42426 2.03373 1.37257 1.63472 0.289086 2.16674 1.07825 0.983514 0.593203 0.0483643 0.167957 
0.871123 1.45782 1.62145 1.10019 1.27158 0.333327 1.93356 0.498824 0.4407 1.38995 0.766752 0.0509409 
0.831319 1.45707 1.7026 1.04098 1.6566 0.41045 1.85478 0.555534 0.837515 0.689585 0.989852 0.0227849 
0.958947 1.32165 1.7004 2.1099 1.56271 0.8502 2.02018 0.38762 1.31375 0.526538 0.627367 0.133515 
0.92044 1.29233 1.40097 2.01429 1.41824 0.596457 1.21591 -0.148711 1.18668 0.468567 0.312069 0.100656 
0.808743 1.25679 1.52332 1.36203 0.825744 0.304173 0.290055 0.0868892 0.735165 1.00715 0.29743 0.136918 
0.808025 1.551 1.79027 1.26869 1.26287 0.999533 0.833947 0.322334 0.649529 0.323784 0.471126 0.0737359 
0.812427 1.58175 2.40563 1.16948 2.13936 1.09425 0.801667 -0.0425481 0.517047 0.747989 0.0633887 0.116257 
0.768705 1.62471 2.03917 1.39771 2.01883 0.933074 1.03669 0.514308 0.801712 0.627183 -0.0787254 0.156571 
0.823533 1.43277 1.58886 1.09112 1.26411 1.34928 0.58249 -0.222002 0.306667 0.360344 0.0406814 0.0808969 
0.848661 1.31492 1.4308 1.07655 0.795431 0.818733 0.488457 -0.0805272 0.836084 0.456223 0.0297158 0.0793496 
0.800684 1.50432 1.2872 1.76002 1.25247 0.354322 1.21149 1.3568 1.4754 1.07859 0.4949 0.119509 
0.864311 1.4181 1.35698 1.24895 1.45774 0.952899 1.71481 1.56909 0.795665 0.175419 0.499159 0.0714283 
0.899471 1.30893 1.66156 1.18318 1.30578 0.854191 1.16076 0.233148 -0.0844048 0.588885 0.699543 0.0591132 
0.930424 1.34344 1.87638 1.61835 1.12488 0.739816 0.418556 0.293699 1.00212 0.662959 0.195039 0.0890642 
0.740742 1.36393 1.78106 1.17785 0.7385 0.770098 1.40872 -0.440164 0.764716 0.0466635 0.0140263 0.00485116 
0.68598 1.59329 1.75665 1.00679 0.926809 1.24593 1.29432 0.477171 0.0243028 -0.403404 0.305475 -0.0647021 
0.686074 1.33908 1.62206 1.46302 0.456943 0.172411 0.222694 0.877289 -0.165914 -0.627313 0.523736 -0.0601428 
