0.778816 0.695915 1.383 1.06331 1.66138 0.64845 0.670904 0.61472 0.845674 0.194892 0.0851389 0.0419752 
0.7106 1.21453 1.15512 1.66477 0.932145 1.06284 1.20906 0.565841 0.72433 0.137115 0.0393829 0.137855 
0.616915 1.25399 1.57142 1.89444 0.745504 -0.176844 0.865806 -0.347698 0.352592 1.09584 0.0777229 0.130604 
0.651608 1.16399 1.80634 1.08644 0.103756 0.363268 1.34048 0.058757 0.140906 1.07146 0.0187521 0.0554717 
0.55005 0.973591 1.46495 1.28526 0.155307 0.630489 0.781061 0.467436 0.921762 0.631354 -0.126871 -0.0269422 
0.590271 0.97949 1.69189 0.771648 1.12883 0.0635202 0.611177 -0.529892 0.727866 1.46313 -0.526013 0.0937339 
0.608614 0.971549 1.5482 0.277033 1.94244 0.240104 0.374428 0.639716 0.388361 0.628321 -0.248735 0.105693 
0.645733 0.986904 1.27518 0.117023 1.18924 -0.19237 0.850087 0.190012 0.267228 0.100898 0.058345 0.234145 
0.767344 0.964234 1.49482 0.548103 0.948038 -0.0695418 -0.396608 0.222663 0.0511415 0.0243692 0.902918 0.155296 
0.743099 1.12745 1.24001 0.485047 0.526051 -0.156493 -0.456348 0.511803 0.730973 -0.240531 0.369212 0.206619 
0.621937 1.19031 1.0161 0.682073 1.10336 -0.0423402 0.798886 0.68264 1.12226 0.552527 -0.146446 0.179087 
0.606041 1.29708 0.998659 0.637012 0.889209 -0.0511809 1.36294 1.40478 -0.00435231 -0.0800391 0.0990624 0.0365095 
0.689448 0.930102 1.31046 0.217015 0.426559 -0.674302 -0.175989 0.942458 0.027295 0.444908 -0.145859 0.143648 
0.948833 1.05516 0.998794 0.573551 0.965181 0.102859 1.06743 0.072583 0.541588 0.502311 -0.171709 0.0369191 
1.25487 -0.173748 -1.12043 0.492445 2.29072 0.661037 0.52918 1.61261 0.976492 0.38163 -0.426162 -0.459885 
1.57174 0.105199 -1.07034 0.449697 2.57534 1.19473 0.747812 1.3086 1.0984 0.447836 -0.362882 -0.453161 
2.13773 0.396938 -2.60639 0.0209407 3.56843 1.33542 1.08157 0.411928 1.07952 0.399527 -0.546367 -0.601708 
2.47732 0.805702 -2.59245 0.8341 3.75148 0.631739 0.864957 0.996055 0.842473 0.35393 -1.03175 -0.534039 
2.66554 0.626894 -2.61649 0.621336 3.78004 0.968764 0.825944 0.609103 0.956903 0.315704 -0.789439 -0.542794 
2.534 0.587417 -2.92763 0.91424 3.54918 0.922658 0.951303 0.407076 1.08371 0.225846 -0.646345 -0.530285 
2.53793 1.16151 -2.64233 1.11349 3.45251 0.670097 1.6095 0.225744 1.03696 -0.052852 -0.681659 -0.513346 
2.54342 1.15833 -2.30617 0.495778 3.47649 0.698401 1.56531 0.712849 0.671892 0.0394868 -0.900095 -0.420784 
2.41438 0.877023 -2.98683 0.491713 3.41027 1.29573 0.592643 0.719135 0.562265 0.376058 -0.774423 -0.43553 
2.3619 0.95293 -2.79874 0.567806 3.3488 1.12879 0.713321 0.331336 0.666238 0.210965 -0.683444 -0.450202 
2.34051 0.495477 -2.88621 0.519818 3.96466 1.09003 0.657135 0.563067 0.617372 0.429979 -0.789472 -0.48639 
2.50544 0.289777 -3.0417 0.238471 3.88003 1.19998 0.912376 0.632283 0.91315 0.379655 -0.753699 -0.562399 
2.51827 0.293872 -2.57658 0.0202748 3.57558 1.29273 0.705718 1.30953 0.651927 0.339793 -0.840486 -0.590858 
2.36514 0.507588 -1.29438 0.453529 3.68 0.828824 0.434723 2.1456 0.286724 0.566688 -0.93076 -0.700863 
2.43695 0.3962 -1.9278 0.199205 3.91771 1.37289 0.451085 1.50292 0.244128 0.504822 -0.764742 -0.58689 
2.35243 0.732342 -2.7275 -0.0669803 3.72122 1.40541 1.37469 0.403848 0.731491 0.369858 -0.544056 -0.419244 
2.16711 0.785835 -2.42562 0.766932 3.87075 1.5113 0.744874 0.32077 0.702937 0.479584 -0.412278 -0.329783 
2.25571 0.467745 -2.82247 -0.498832 4.19297 2.20799 0.590999 1.15946 0.150132 0.837289 -0.506761 -0.492053 
2.26448 0.691202 -2.11492 0.0877198 3.59197 1.86697 0.516024 1.18745 0.135498 0.431914 -0.662693 -0.464538 
2.32265 0.740098 -2.38292 0.279808 3.54303 1.08819 1.24202 1.50804 0.853407 0.138814 -1.08523 -0.465429 
2.12231 0.846333 -2.51708 0.45562 2.98113 2.08571 1.03748 0.744332 0.890129 0.126756 -0.418758 -0.396931 
2.25718 0.9279 -1.75719 0.175772 3.3109 2.26563 0.577558 1.24713 0.759616 0.52762 -0.441126 -0.434904 
2.23557 1.29601 -2.39406 0.985745 3.12748 2.92159 1.28513 -0.0516449 0.572067 0.364818 0.131239 -0.261027 
2.17938 1.08277 -1.85067 1.31348 3.81189 2.71099 0.675579 -0.185966 0.675111 0.562629 0.132077 -0.211533 
2.1955 0.89943 -1.1332 0.649138 3.60346 2.35712 1.11239 0.790161 1.19371 0.86474 -0.120199 -0.36909 
2.05036 0.737042 -0.814692 0.489852 4.29676 2.29256 1.18368 0.472777 1.08949 0.932195 0.0821478 -0.186013 
1.93759 0.696269 -0.547019 -0.0276177 4.06107 2.54535 0.998965 1.17708 1.47479 0.650485 -0.0978966 -0.311351 
2.04872 0.211876 -1.06302 0.10844 3.96025 2.8114 1.02671 1.23249 1.31466 0.978949 0.170246 -0.262843 
2.04351 0.525006 -0.570861 0.580861 3.8091 1.83715 1.08715 1.23584 1.63089 0.766337 -0.311176 -0.327431 
1.97424 0.623401 -0.838414 0.267473 4.31757 1.83297 0.518425 1.04731 1.5951 0.886212 -0.168857 -0.384916 
1.98049 0.846659 -0.792524 0.51798 3.68922 1.73242 1.26596 1.24766 1.77851 0.599368 -0.510212 -0.448836 
2.08627 0.808283 -0.662467 0.192138 3.76813 2.22842 1.0905 1.57104 0.618378 0.871409 -0.195589 -0.356646 
2.14385 0.817688 -0.531952 1.18738 3.78624 1.5464 0.790684 1.25206 1.16372 0.543645 -0.688116 -0.486332 
2.06492 0.922281 -0.255694 0.895771 3.52541 2.2903 1.09605 0.753525 1.16202 0.56736 -0.460207 -0.465478 
2.00795 0.810444 -0.329014 0.898753 3.62122 2.22823 0.972272 1.38906 1.03846 0.76552 -0.329228 -0.36547 
1.92403 0.73957 0.0282437 0.842042 3.34015 2.1163 0.931787 1.48628 1.71477 0.645902 -0.524407 -0.442187 
1.92152 0.557716 0.534981 0.878189 2.90589 2.52041 1.92541 0.489057 2.04362 0.509515 -0.462036 -0.167535 
1.7918 0.549331 0.308462 0.00124422 3.45079 2.14922 1.43071 1.42255 2.01393 0.862448 -0.389895 -0.337615 
1.8708 0.472477 -0.084854 0.411187 3.21895 2.37359 0.789033 1.38788 1.9999 0.746975 -0.432683 -0.486215 
1.75398 0.658887 0.0287052 0.319366 3.3063 2.09842 0.779468 1.14264 1.80204 0.215237 -0.533719 -0.403388 
1.79038 0.649144 0.0727585 0.243218 3.12146 2.114 2.04512 0.545394 1.95765 0.172769 -0.620648 -0.243993 
1.78185 0.630601 -0.0949714 0.380946 3.04684 2.57409 2.26361 0.206323 1.62362 0.694172 -0.174763 -0.160437 
1.71507 0.892956 -0.30109 1.02736 3.52937 2.35661 1.18614 0.281632 1.30935 0.536797 0.016564 -0.131333 
1.79246 1.18108 -0.019933 0.886 3.69097 2.12145 0.769383 1.18072 1.63492 0.565391 -0.168284 -0.253974 
1.94659 0.81045 0.541613 0.973665 2.65554 1.80883 2.03977 0.905003 1.06775 0.448108 -0.0151338 0.038377 
1.81038 0.912454 0.759038 0.501947 2.8128 2.20739 1.95694 0.802654 1.21349 0.447501 -0.29898 -0.0993065 
1.75044 1.21219 0.692575 0.99777 3.4144 2.18898 1.52072 1.10703 1.99861 -0.218041 -0.486798 -0.144244 
1.74149 1.01466 0.47443 0.98099 3.29026 2.69021 1.55782 0.3234 1.6883 0.296949 -0.317389 -0.142333 
1.60672 0.729739 -0.0140604 0.552377 2.71485 2.28629 1.48413 0.895961 2.0092 0.436582 -0.389128 -0.274946 
1.4974 0.635665 0.956761 0.608724 2.79912 1.39755 1.40941 0.906127 1.51087 0.805446 -0.0876762 -0.0338535 
1.38592 1.12537 0.872803 0.476014 2.55175 0.84436 1.25106 0.548158 1.008 0.888068 0.340437 0.0457862 
1.44428 1.18637 1.08028 0.98936 3.2584 1.59968 1.29727 0.494375 1.04074 0.594249 0.318633 0.124195 
1.40389 1.21632 1.4547 1.21512 3.60062 2.18976 1.21587 0.550763 1.36109 0.482339 -0.21006 0.038766 
1.44685 1.03018 1.13002 1.35559 3.33755 1.61832 1.93696 0.836588 1.43182 0.777937 -0.359954 0.0434996 
1.40642 0.967723 1.61718 1.9093 2.97334 1.75614 1.83361 0.784393 1.36715 0.70199 -0.0539584 0.143672 
1.61255 -0.775489 -0.0602167 2.33926 2.09683 1.53792 0.913248 1.02484 2.33845 0.328425 0.334863 0.305872 
1.60522 -1.16625 -0.262397 1.62412 1.69436 1.63925 1.34694 0.833804 1.65562 -0.185587 0.110306 0.371452 
1.50696 -1.03735 0.0973005 1.6468 1.18987 2.19872 2.33456 0.308102 1.28077 -0.307842 0.0128938 0.300471 
1.50194 -0.871383 0.450101 0.719136 1.62432 2.64636 2.93095 0.0488833 1.16195 -0.0691063 0.225716 0.456078 
1.52017 -0.713336 -0.500154 -0.178679 1.54054 2.10181 2.92109 0.772876 1.33105 -0.62839 0.438465 0.451182 
1.35587 -0.361155 -0.0964419 0.201673 1.03381 1.03799 2.95685 1.72474 1.62375 -0.511627 0.387137 0.00396403 
1.36792 -0.498712 -0.108733 1.16733 1.7836 0.725963 2.02273 1.48866 2.0415 0.347768 -0.0945865 -0.281427 
1.39859 -0.426679 0.114862 1.35156 2.43294 0.112565 0.981312 1.11287 1.61376 0.713427 -0.138608 -0.289317 
1.311 -0.0210831 0.126154 1.1067 1.75068 0.128043 1.17197 0.912776 1.79921 0.0389559 -0.206145 -0.134426 
1.18209 0.102709 0.298475 1.05874 1.17826 0.14207 1.61357 0.677877 1.76251 -0.16174 0.161325 -0.0946636 
1.30967 0.56704 -0.0498538 0.858418 1.78797 1.0589 0.535408 0.765764 1.89097 -0.326684 0.532372 0.0620541 
1.39828 0.618646 0.430559 0.974673 1.71764 0.730022 0.750303 0.335188 1.77391 -0.0937818 0.5078 0.186204 
1.24527 0.622779 0.559431 1.18469 2.23132 0.116086 1.05084 0.879634 1.5906 0.545244 0.463381 0.0520142 
1.15626 0.574384 0.758943 1.33522 1.10549 0.793138 0.816027 0.578321 1.0995 0.367529 0.385481 0.0477786 
1.35176 0.92691 1.67556 2.12241 1.80382 -0.81765 0.597741 0.262222 2.04135 0.585671 0.752632 0.365018 
1.20688 1.14459 1.03045 1.44911 2.94694 -0.411417 -0.0369256 0.769032 2.02163 1.50234 0.629233 0.106815 
1.21786 1.23374 0.929125 1.27584 3.13479 0.204348 0.170289 0.70563 2.15984 1.08514 0.337999 0.0217471 
1.22952 0.895588 0.778919 1.76452 2.57961 0.549906 0.898213 0.961264 2.64429 0.396814 0.707896 0.143332 
1.18949 0.546726 0.835907 1.48856 2.11059 1.12232 1.63221 1.60194 2.12013 -0.119867 0.514479 0.223341 
1.18165 0.571991 1.09316 0.84569 1.5552 0.118301 1.29205 1.40988 1.83589 0.151272 0.441974 0.119872 
1.10093 0.90795 1.25192 0.810112 2.05924 0.257363 1.27664 0.949995 1.76769 0.934427 0.327878 0.102923 
1.10057 0.893236 0.7797 0.711426 1.7472 -0.128749 1.82243 0.969078 1.68896 0.45899 0.19939 0.10473 
1.10481 0.911978 1.04651 0.532984 2.1197 0.531636 0.457946 0.864214 1.19914 -0.21036 0.408362 0.0771767 
1.03459 0.807521 1.64456 0.945188 2.10091 0.543739 -0.352488 0.0419742 0.568752 0.52413 0.356833 -0.0531319 
0.99283 0.929305 1.45131 0.794616 1.10115 0.32456 -0.533781 0.539638 0.770326 0.574383 0.329376 -0.0265406 
1.0069 0.879685 1.24139 0.836449 1.7561 0.357395 1.16193 1.42795 1.17257 0.659504 0.301831 0.0621968 
1.03537 1.1037 1.22265 1.53085 2.12827 -0.316629 1.17255 0.548413 1.72298 0.0900989 0.31908 0.110311 
1.00927 1.2868 1.69398 1.21245 2.68382 0.5239 0.486801 0.74644 0.678743 0.444313 0.655434 0.0322615 
1.08512 1.19849 1.73605 1.4264 2.01089 -0.369092 0.208469 1.45324 0.701361 0.891095 0.410017 0.146956 
0.977273 1.14061 1.8799 1.41303 1.69721 0.221702 0.768422 1.71627 1.52915 0.709918 0.610792 0.158607 
0.954944 1.41301 1.5865 1.56614 1.59908 0.206342 0.431595 1.22755 0.916104 0.360833 0.669081 0.111643 
0.943257 1.13543 1.82107 1.2645 1.11593 -0.0562298 0.882792 0.47546 1.0022 0.957875 0.342902 0.16596 
0.941177 1.24196 1.52643 0.827939 1.30779 0.102346 2.07963 0.829163 1.48105 1.19091 0.60813 0.128103 
0.983547 0.927281 1.64301 0.838289 1.51776 0.171471 1.61975 1.40009 1.28891 0.88081 0.64144 0.0828526 
0.98601 0.982754 1.32014 0.958902 1.06975 0.097693 -0.0781894 0.883052 0.565535 0.700986 0.764083 0.114994 
0.86889 1.60558 1.01748 0.940643 0.933015 -0.169804 0.711152 0.609424 0.824306 0.754289 0.628732 0.113587 
0.958558 1.26568 1.35039 0.771241 1.98802 0.379611 1.37768 0.803378 1.75499 0.990055 0.132325 0.116141 
0.891103 0.925718 1.28624 0.834592 1.16524 1.07322 1.61867 0.643108 1.04508 0.898044 0.117829 0.0242002 
0.981854 1.15765 1.63642 0.465639 0.99953 0.469607 1.2854 0.499653 0.973151 0.340564 0.486493 0.0401403 
1.01105 1.58255 1.46331 0.409781 0.695668 0.300006 0.974534 1.19934 0.978515 0.0612917 0.438201 -0.001305 
0.936303 1.57471 1.56323 1.2644 -0.0120176 1.16773 0.140489 1.13284 1.34084 -0.181436 0.120268 0.0869457 
1.01684 1.38434 1.22724 0.992032 0.81252 1.13758 -0.0175765 0.590195 1.12912 0.470023 0.133983 0.115488 
