0.713749 1.62812 1.35956 0.386346 0.924794 1.01853 1.2874 1.45439 1.1433 0.398643 0.503251 0.00873234 
0.750936 1.16082 1.53022 0.82915 1.39518 1.56842 1.04432 1.63466 1.42295 0.73987 0.343005 0.0958793 
0.770147 0.773182 1.05371 0.607234 1.49365 2.17529 2.04666 1.32491 1.86294 0.279963 0.29221 0.0691323 
0.711444 0.984886 1.31238 1.31953 0.750318 1.69914 2.21879 1.60111 0.594699 0.378906 0.368596 0.104148 
0.733026 1.22704 1.24506 1.15245 0.0586824 2.13595 2.15824 1.03619 0.762817 0.463107 0.649912 0.000870142 
0.696316 1.0536 1.51904 0.549076 0.841799 1.75142 2.46834 1.01847 1.0708 0.307267 0.265454 0.0954893 
0.733066 0.977422 1.5781 1.58063 1.25801 1.15692 2.59562 1.26052 0.631384 0.707969 0.0946302 0.161592 
0.666958 1.40586 1.36936 1.80027 0.897483 0.668897 1.86442 1.159 0.360938 0.252222 0.0971111 0.143764 
0.815106 1.33292 1.59644 1.28269 1.18901 0.286269 1.78037 0.671754 0.530843 0.563667 0.284275 0.154164 
0.670024 1.15411 1.98504 0.924842 1.58748 0.465121 1.03064 0.709436 0.526731 0.226816 -0.000203672 0.221033 
0.504764 1.03924 2.16418 1.18677 2.15138 0.51877 0.76488 1.26684 1.30003 -0.039027 -0.165049 0.312869 
0.361984 0.133818 2.76421 0.67961 0.47444 1.05513 1.53496 0.287864 0.827563 0.784253 -0.809125 0.184954 
0.0987798 -0.389277 3.65969 -0.27837 -1.41935 3.22565 0.3805 -0.121115 2.74016 0.379475 -0.446205 0.304026 
-0.0608096 -0.257954 4.11017 -1.22791 -0.624351 3.4654 -0.821252 -0.359955 2.71853 -0.0748125 -0.0483545 0.557026 
-0.248793 -0.0259538 4.76671 -2.24537 0.297974 3.05257 -0.513707 1.44167 2.07038 -0.260821 0.331925 0.270192 
-0.584663 0.669892 5.38808 -3.09987 1.63564 2.54598 -0.12524 1.55706 0.5166 0.443611 0.23048 0.0147149 
-0.677057 0.434998 5.52417 -3.12548 1.14009 1.90186 -0.353898 1.55948 0.223396 0.567516 0.38366 -0.0348808 
-0.91018 0.0894045 5.47562 -3.19943 0.201717 3.14005 0.113387 1.03488 0.73822 0.62559 0.0536314 -0.106395 
-0.903397 -0.0452594 6.05372 -2.87473 -0.606217 4.30952 0.64355 0.509028 1.50196 0.726342 -0.563518 0.267335 
-0.910301 0.340755 5.32287 -2.01903 -0.368734 3.10979 1.11427 0.105787 1.76042 0.422206 -0.440181 0.451817 
-1.14266 0.624612 4.06495 -2.06881 0.0952478 2.2146 1.32275 0.868402 1.84814 -0.72644 -0.0234783 0.0884315 
-1.27951 1.03235 4.28154 -1.98083 0.900381 2.0567 0.564863 0.782471 1.69976 -0.389218 0.408383 0.0621071 
-1.34571 1.16076 4.44839 -2.07933 0.98616 1.40079 0.0333152 1.31014 0.943251 0.0556086 0.473409 0.124554 
-1.32153 0.737011 3.92762 -2.12716 0.329842 1.64971 -0.285787 1.03522 1.327 0.026116 0.360293 0.286823 
-1.44007 1.06802 4.32546 -1.49014 0.37599 1.60843 0.306786 0.544386 1.27711 -0.298263 0.503194 0.105253 
-1.2671 1.00357 3.99086 -1.18812 -0.243151 1.88737 -0.441443 0.807407 1.40783 -0.566864 0.936204 -0.156676 
-1.35169 0.466362 3.8578 -1.76716 -0.107761 1.99092 -1.08717 0.900705 1.33179 -0.457232 0.771617 -0.0189297 
-1.22018 0.412575 3.69511 -2.04373 -0.0352623 1.49212 -1.14692 1.55539 1.10917 -0.305107 0.881677 0.0237666 
-1.13253 0.328779 3.92449 -1.87048 -0.0879886 1.74024 -0.638496 1.92451 1.80978 -1.14034 0.902235 0.0343684 
-0.874744 -0.260167 4.01022 -1.65067 0.196199 0.795484 0.135112 1.61609 1.87661 -0.68611 0.496326 0.267934 
-0.802787 -0.411774 3.22339 -2.13483 -0.315664 1.25518 -0.45824 0.870443 1.69412 -0.073999 0.531601 0.0171257 
-0.905379 -0.814555 4.26542 -1.39178 0.284744 2.46588 0.580951 0.144157 1.67956 -0.169344 0.184938 0.133107 
-0.58369 -1.06775 3.59978 -1.31741 -0.523562 1.90955 0.547013 1.45994 1.8981 -0.191654 0.117341 -0.0610878 
-0.137077 -1.00901 3.34819 -1.22807 -0.532581 2.00586 -0.437246 1.4168 1.38691 -0.604644 -0.224255 -0.106281 
0.177421 -0.685536 3.60526 -1.23591 0.156591 2.12079 -0.447684 1.47971 1.29696 -0.238342 0.0776521 -0.23294 
0.677588 0.151442 2.91085 -1.15739 0.999025 2.69233 0.178209 1.60428 0.933435 -0.238552 0.361816 -0.363296 
1.69048 0.162182 1.1158 -1.84608 2.0005 2.42371 -0.712836 1.35557 1.44902 0.235802 0.169925 -0.605426 
2.03962 0.114245 0.845931 -1.63589 2.40676 2.17088 -1.09142 1.44299 1.61222 0.153157 0.077643 -0.660915 
2.08917 0.0337199 0.603015 -1.69589 2.5794 2.46252 -1.18022 1.38776 1.44824 0.112201 0.0153449 -0.808642 
2.30965 -0.297275 -0.417534 -1.25968 2.55194 2.52292 -1.14206 1.31347 1.46054 0.220951 -0.0563534 -0.806588 
2.1978 -0.503435 -0.418562 -1.22571 2.68212 2.91152 -1.55712 1.52956 1.325 -0.205511 0.0563353 -0.771559 
2.27194 -0.331804 -0.445728 -1.85813 3.11037 2.95364 -1.18712 1.49379 1.19633 -0.158208 0.0959554 -0.784719 
2.35878 -0.0260659 -0.431502 -1.92039 3.06383 3.04378 -0.554927 1.38604 1.04851 0.125777 0.0447248 -0.796436 
2.26657 0.097928 -0.423719 -2.25062 3.29843 3.601 -0.476719 1.15928 1.05119 -0.218292 0.103704 -0.676474 
2.2627 -0.175133 -0.044333 -1.66422 3.34327 3.78749 -0.482919 1.25815 0.819302 -0.276895 0.113189 -0.617344 
2.15784 -0.0767534 0.177732 -1.01342 2.96645 3.69797 -0.00310103 1.37626 0.906229 0.0242642 -0.0823714 -0.635248 
2.06442 0.28132 0.461639 -1.31904 2.64265 3.74533 0.164748 1.57909 1.10821 -0.174795 -0.0757254 -0.500329 
1.9564 0.374978 0.287119 -1.6114 2.8416 3.56167 0.270276 1.05852 0.717668 -0.523536 0.297666 -0.0949474 
2.04613 0.453978 0.255197 -0.758331 3.48315 3.24263 0.206077 0.485519 0.592924 -0.19996 0.0953378 -0.150194 
2.02026 0.651894 0.511436 -0.51338 3.38773 3.41872 -0.0971049 1.17562 1.27664 -0.272118 0.0608864 -0.206558 
1.97689 0.598338 0.111504 -1.03719 2.45357 3.65171 0.894012 1.41178 1.907 0.240974 0.256022 -0.073277 
1.77283 0.509918 0.189055 -1.16893 2.95403 3.99376 1.13194 1.27242 2.10975 0.170729 0.263348 -0.0330476 
1.7153 0.448597 0.455368 -0.64929 3.18146 3.47118 1.06837 1.26704 2.34043 0.136951 0.222544 0.0685335 
1.84533 0.542556 0.427198 -0.578759 3.11004 3.02924 1.19081 1.00901 2.41328 0.289522 0.187583 0.106405 
1.85573 0.424285 0.309968 -0.345425 2.72133 3.36841 2.0494 0.827581 1.76234 0.113724 0.0792078 0.224158 
1.77414 0.286792 0.07659 -0.521864 3.79324 3.89834 0.851415 1.27046 1.56009 0.183131 0.561301 0.120442 
1.78855 0.0698184 0.0558648 -1.26196 3.95861 3.65631 1.59041 1.66552 1.22626 0.463498 0.557651 0.0915172 
1.81006 0.288028 0.626345 -1.27736 3.30637 3.71967 0.922617 1.69264 1.43565 0.356755 0.620712 0.0473599 
1.80314 0.88369 1.04172 -0.822414 3.21152 3.81411 -0.152842 1.69531 1.53967 -0.101856 0.426014 -0.145594 
1.91574 0.779958 1.0395 -0.61276 2.75479 3.96883 0.0173997 1.62026 1.65595 0.375306 0.172445 -0.285446 
1.86488 0.812373 0.590302 -1.59045 3.19404 4.02085 0.508039 1.63433 1.24583 0.14826 0.531718 -0.171831 
1.63842 0.992626 0.912629 -0.773225 1.48287 3.70412 0.612095 1.16156 1.58167 0.289415 0.184841 0.033704 
1.50466 0.693952 1.50105 -0.670873 0.720096 3.34065 -0.821307 0.476559 1.6899 1.08266 0.314913 0.0430807 
0.763304 0.287863 2.19816 -1.6052 1.92196 3.1816 0.791379 0.293584 1.42299 0.783497 -0.0763921 -0.0483179 
0.394046 0.466069 2.9287 -1.91816 1.81659 3.86272 1.06423 1.03354 0.710073 0.402284 -0.43118 0.0752609 
-0.0516901 0.645913 3.42931 -1.42072 1.09848 2.83232 1.12002 1.08379 1.2559 0.279639 -0.343124 -0.156591 
-0.0474173 0.605171 2.99699 -0.945517 0.377255 2.69515 1.55123 0.266121 1.54772 0.156331 -0.134513 -0.359332 
-0.123076 0.329895 3.5682 -1.24212 0.537339 3.09142 1.90642 1.13923 0.718994 0.17277 -0.248239 -0.215568 
-0.247431 0.525384 3.05689 -0.545629 1.48207 3.19561 1.72826 0.375912 0.771592 0.418344 -0.161536 -0.112299 
-0.246132 0.609765 3.35351 -0.488446 0.811446 2.38379 1.66839 1.06952 0.647035 0.887844 -0.0360941 -0.436339 
-0.184512 0.796936 3.49913 -0.738698 0.82445 2.5761 1.83086 0.790278 0.184945 0.877767 0.0589775 -0.427599 
-0.344083 0.278737 3.8356 -0.876828 1.20644 3.7771 2.08595 -0.0493139 -0.17245 0.222737 0.196671 0.230096 
-0.233508 -0.0367044 3.82196 -1.1705 0.604859 3.19445 2.27902 0.718238 0.82026 0.232345 0.045046 0.0441296 
-0.2802 0.420121 3.51962 -0.924954 -0.0837312 3.08081 2.29193 1.84789 1.79629 0.227764 -0.100072 -0.126459 
-0.0696361 0.612091 3.51668 -1.10014 0.513888 2.53583 2.91633 1.7723 0.857185 0.274683 -0.605762 0.122272 
-0.180469 0.658543 3.60229 -1.19689 1.80865 2.81064 2.02647 1.19461 0.578529 0.157757 -0.325234 0.305407 
-0.245131 0.762954 4.27094 -1.49338 1.27862 3.32297 1.76288 0.778833 0.720088 -0.0491175 -0.243177 0.369628 
-0.383091 0.736644 4.54139 -1.51835 0.464677 3.22128 1.43709 0.986282 0.789028 0.113485 -0.120264 0.273364 
-0.288472 0.793278 3.78749 -1.2958 0.90204 3.70712 1.1045 1.92077 1.74088 -0.110237 0.00731152 0.343077 
-0.371306 0.825055 3.8161 -0.636864 0.524802 3.71984 1.74636 1.42222 2.08113 -0.0337029 0.0425432 0.392943 
-0.423995 0.82804 4.34352 -1.16887 -0.0903607 3.6946 2.2446 1.59755 1.34249 0.314829 -0.218116 0.28947 
-0.560103 0.884838 3.8543 -0.775746 0.605703 3.31411 1.65844 1.71045 1.89008 0.275837 -0.219294 0.393573 
-0.408495 0.482628 4.35296 -0.593292 1.27609 3.77433 1.48825 0.95282 1.64845 0.568738 -0.181553 0.431215 
-0.425446 0.415476 4.68093 -0.50959 1.25261 3.34276 1.72924 0.743992 1.70751 0.666965 -0.134763 0.34014 
-0.308702 0.647528 5.07008 0.0536287 0.458426 3.41222 1.64046 0.44486 1.59301 0.721302 0.0655497 0.233723 
-0.254505 0.32933 4.74936 0.0577248 0.696169 3.55972 2.06237 0.351878 1.45118 0.757907 -0.081294 0.29895 
-0.174208 0.412825 4.89948 -0.37701 0.744 3.22159 2.36054 0.190031 2.19627 0.675689 -0.0103602 0.33522 
-0.144761 0.391848 5.50364 -0.300198 0.650849 2.97225 2.10938 0.512345 1.5149 1.14402 0.0425334 0.18538 
0.04218 0.0719663 5.35251 1.00499 -0.0716442 1.57866 2.39446 0.840348 0.839675 1.48256 0.0469402 0.0990825 
0.0496461 0.433168 4.38738 1.40671 0.645725 2.32103 1.74299 0.56165 1.43932 0.936627 0.35747 0.0544733 
-0.009714 0.519091 4.09508 1.14979 0.678623 1.68678 1.81188 0.760937 2.11405 0.890533 0.418124 0.0578464 
0.110374 0.311167 4.31167 -0.228049 1.1156 1.86956 2.02994 0.862799 2.02468 0.736287 0.156543 0.25503 
0.317303 0.377577 4.04992 -0.169301 0.473616 3.0536 1.96338 0.207752 1.48963 0.387048 0.235431 0.149419 
0.345238 0.472207 3.75283 0.747779 0.761274 3.12613 1.75589 -0.325518 1.64155 0.24181 0.388713 0.190322 
0.369228 0.374439 3.67849 0.715412 0.742718 1.54996 1.27191 0.619736 1.7646 1.10897 0.00811729 0.100361 
0.506951 0.685697 3.62525 0.124044 0.470267 2.16455 2.52256 0.398259 1.58866 0.808931 0.0793559 0.18394 
0.35577 0.947739 3.59187 0.213361 0.857191 2.35671 1.68712 0.251486 1.77078 0.536911 0.307503 0.221115 
0.38985 1.03983 3.58142 0.12034 0.952428 2.96008 0.935132 -0.341633 1.85526 0.458489 0.269566 0.221347 
0.451203 0.609929 3.87953 -0.0678524 1.49003 2.76351 1.51407 -0.107961 1.87488 0.641095 0.317338 0.313256 
0.480267 0.783296 3.59166 0.532007 1.19646 1.34659 1.04484 0.395365 1.8169 0.21033 0.314974 0.27594 
0.466568 0.882894 2.81202 0.595885 1.50036 1.83793 0.277631 0.727418 1.32945 0.278042 0.143741 0.163067 
0.532173 0.880063 3.69921 0.275776 1.48423 1.96435 0.599936 0.470407 1.55681 0.55886 0.255808 0.19763 
0.571998 0.97994 3.84501 0.61598 1.40602 1.4787 0.343201 -0.00528965 1.50945 0.68773 0.0340161 0.184989 
0.554455 0.847994 3.2507 0.947412 0.92047 1.72983 0.859042 -0.308669 1.42168 0.655698 0.190499 0.126651 
0.513649 0.562835 3.04925 0.602539 0.906125 1.55711 1.31044 0.0619557 1.1525 0.643286 0.363725 0.11006 
0.623774 0.79822 3.5428 0.482333 1.20086 1.26023 0.405831 0.203473 1.06325 0.215922 0.326261 0.163033 
0.624017 0.951451 3.29025 0.769754 0.903641 1.30917 0.221513 0.427088 1.35874 -0.0318558 0.305985 0.171866 
0.577507 0.680892 3.17098 1.1137 1.24935 1.57596 0.89894 -0.21593 1.70686 0.110338 0.396081 0.153061 
0.670656 0.939115 3.05889 0.840546 1.02324 1.63082 0.312876 0.671947 2.04569 0.545331 0.350368 0.265492 
0.827524 0.661589 2.99103 1.00952 1.10887 0.84715 0.471656 0.546211 2.18598 0.151936 0.41989 0.333578 
0.721278 0.677702 2.8371 0.545603 0.983656 0.23198 0.199271 0.337479 0.860512 -0.379199 0.314699 0.145198 
0.705117 0.657137 2.7174 0.23439 0.779114 0.616496 0.844741 -0.020703 0.858755 0.227577 0.506212 0.0083352 
0.840458 1.05073 2.79634 1.15274 0.756519 0.377189 1.23582 1.00915 1.6702 0.447677 0.587419 0.235173 
0.884951 0.885122 2.73166 1.02636 1.1523 1.04393 1.52254 0.661952 1.07864 0.173921 0.851892 0.121451 
0.76235 1.07993 2.3984 0.904581 1.10098 0.93448 0.810158 0.423894 0.502114 0.147386 0.541975 0.0112869 
0.752985 1.32915 2.74055 1.48613 0.766718 1.86499 1.18392 1.64562 1.72663 0.322505 0.457926 0.292983 
0.819231 0.957234 2.29798 1.17287 2.0377 1.50152 1.96166 1.29837 1.25783 0.446766 0.573594 0.214337 
0.83174 1.42486 1.56496 1.0509 2.09024 0.136828 2.20117 1.48508 1.12629 0.230659 0.527292 0.152357 
0.825653 1.15541 2.04681 1.33336 1.38436 1.30995 1.92258 0.0799592 0.908064 0.0098482 0.362762 0.122627 
0.855686 1.37346 2.34267 1.06017 1.67973 0.981864 1.61381 0.615781 0.957591 0.114609 0.0405901 0.146332 
0.897663 1.11075 2.61107 1.95996 0.949905 0.618402 1.09721 1.3619 1.13523 0.4683 0.554144 0.216285 
0.880735 0.891759 2.30825 2.20638 1.07245 0.629124 0.680614 1.11164 1.56469 -0.0910428 0.381135 0.211718 
0.686047 1.21191 1.80088 2.00768 1.48436 0.647127 0.716137 1.06051 0.808384 0.350428 -0.114619 0.109771 
0.722246 1.39641 2.17935 2.31974 1.16832 1.08627 0.388957 1.31551 1.15028 0.324328 0.300157 0.186957 
0.888488 1.21331 1.61546 1.70046 0.90861 1.85862 0.363589 1.27199 1.12962 0.368225 0.765129 0.115611 
0.727582 0.925298 1.38558 1.40383 1.02244 1.41959 0.645666 0.0973842 1.34348 0.0823046 0.453437 -0.0107311 
0.618903 1.08535 1.55767 1.73096 1.9054 0.709901 1.55483 0.464152 0.968654 -0.00300398 0.0387034 0.146125 
0.705627 1.29999 1.57763 1.07497 1.64393 0.322786 1.00666 -0.208091 0.709436 1.27829 0.266462 0.0869865 
0.713987 1.38074 1.59264 0.503739 1.70996 1.21244 1.53657 0.811161 0.730276 1.24758 -0.208965 0.207396 
0.763392 1.32279 1.83078 0.909849 1.61621 1.35882 1.47734 1.39356 0.692345 1.00868 0.181625 0.160517 
0.75707 1.15654 2.10283 1.4492 2.12392 1.25625 0.949546 1.77094 0.554185 0.455697 0.0383071 0.195293 
0.685197 1.15119 1.47215 0.758028 1.87961 1.04301 1.78968 1.83472 1.08127 -0.150333 -0.377782 0.24934 
0.764518 1.19182 1.85858 1.24805 0.959988 1.25849 1.54948 0.728829 1.43579 -0.257737 -0.51599 0.287122 
0.666265 1.18539 1.64703 1.53139 1.42184 1.08089 0.988555 0.737972 0.42492 0.363002 -0.289446 0.194613 
0.681596 1.11417 1.09806 0.714413 1.55174 1.34936 1.55172 0.852415 -0.281859 0.841105 -0.196178 0.200771 
0.782494 1.15343 1.41788 0.897034 1.3704 0.212703 1.23592 0.705086 0.758222 0.779465 0.186112 0.118771 
0.677455 1.06051 1.66276 1.16703 1.23076 0.548876 0.31037 0.930725 1.44798 0.122488 0.0359035 0.122925 
0.718336 1.04664 1.55152 1.48036 0.947538 0.881152 0.897675 0.0734199 0.985521 0.50261 0.140538 0.111636 
0.808685 1.23841 1.65712 1.26287 1.24595 0.66075 1.47766 0.579029 0.498083 0.690681 0.444091 0.0658862 
0.810245 1.5685 1.82456 0.980794 2.06534 0.387761 0.361196 0.72895 1.02685 0.152792 0.58019 0.0581624 
0.69559 1.35583 1.30435 0.99053 2.35545 0.508107 1.36602 1.76508 0.596435 0.407878 0.856793 -0.0397558 
0.767139 1.07186 1.48169 1.17795 1.55418 0.76492 0.0615035 0.8933 0.593226 -0.208119 0.675416 0.0462085 
0.685614 0.867728 1.7565 1.11747 1.95551 1.18084 1.45207 1.25194 0.469828 0.639375 0.606001 0.0460662 
0.800507 1.07453 1.6425 1.24672 1.80328 0.478035 1.1141 0.83285 0.17978 1.05466 0.187417 0.0191626 
0.703166 1.20258 1.77733 1.37685 1.54885 0.689985 1.32945 1.08067 0.589222 1.01785 0.0321193 0.144298 
0.640294 1.32117 1.38174 1.38107 1.66921 0.313868 1.34689 1.47021 0.33674 1.21528 0.315464 0.109789 
0.994792 0.705178 -0.0724357 0.773577 2.76515 1.67479 0.622983 -0.25675 0.0598009 1.18345 0.667666 0.125326 
0.88861 0.313213 -0.264243 0.830421 2.44961 2.70471 0.737462 -0.624605 0.688522 0.540916 0.908707 0.0816979 
