0.542209 0.841685 0.954523 1.07113 0.610299 1.27903 0.307189 0.914885 0.38671 -0.245208 0.496429 -0.011486 
0.512438 0.678052 1.24446 1.55155 0.910589 1.278 0.588074 0.552387 0.884046 0.156405 0.408748 0.0786632 
0.410021 1.05523 1.19066 0.563635 0.958706 0.981583 0.849038 1.01025 0.492966 0.424211 0.102661 -0.00902852 
0.481385 0.685477 1.06352 0.510318 0.797462 1.25908 0.893965 0.621086 -0.189573 0.0742843 -0.193927 0.108771 
0.473037 0.720845 1.56969 0.759036 1.15728 1.2307 1.19294 0.227362 -0.0751015 0.507693 0.0352384 0.0374747 
0.534739 0.828842 1.56344 0.466092 1.51091 1.53317 0.867677 0.172267 -0.840566 0.2462 0.482371 0.011358 
0.57186 1.25454 1.32095 0.30586 1.02329 0.883645 1.10353 0.607914 0.409999 1.06287 0.440543 -0.0583556 
0.437356 0.955509 1.43108 1.16806 1.57655 1.17638 0.722619 1.13105 0.493329 1.60203 0.17464 -0.146108 
0.451127 0.717179 1.1687 0.863738 1.87934 1.66355 0.898431 2.04174 0.297136 0.52921 0.335562 -0.172101 
0.468063 1.10199 0.789066 0.644123 1.09325 1.08885 1.34278 1.75844 -0.0606037 0.431027 0.451945 -0.156047 
0.549933 1.40257 1.2499 0.98889 1.19074 1.00212 0.537812 0.420544 0.639704 1.01876 0.657875 -0.0735835 
0.538539 1.04355 1.11454 0.775239 1.1511 0.422865 0.0133245 0.149568 1.61298 0.113001 0.775077 -0.0842682 
0.427852 0.878325 1.14099 0.708726 1.08938 0.249793 0.294355 0.137615 1.08494 0.252881 0.303144 -0.10664 
0.334335 0.716983 0.753332 0.441434 1.03585 0.92169 -0.0889579 0.697154 0.190182 0.025417 0.39718 -0.132719 
0.415745 0.859811 0.517313 0.123778 0.63912 0.632264 0.580156 0.367551 0.636203 0.605242 0.586518 -0.0284625 
0.51012 0.894903 0.882385 -0.0594221 -0.111068 0.516802 1.01873 0.897959 0.336841 0.537872 0.163424 0.0755548 
0.465679 0.747906 1.10122 0.447786 0.960983 0.373353 0.240963 0.926275 -0.0225562 0.0924081 0.00675971 0.276192 
0.536635 0.636803 1.39597 0.312919 0.47801 0.290481 -0.134884 0.720104 1.17148 0.553718 -0.207822 0.206167 
0.420853 0.85436 1.20456 0.681712 0.570195 0.170252 0.25481 -0.238981 0.915718 0.195356 0.387902 -0.220265 
0.36523 0.686109 0.945986 0.382973 1.83783 0.0236226 0.258715 -0.0315311 1.00616 0.144896 0.219848 -0.208445 
0.536418 0.822921 0.504352 0.299737 1.39913 0.934805 -0.165864 0.567864 1.32654 0.0633426 0.0577219 0.172662 
0.487291 0.829548 0.98334 0.745272 0.952398 0.561241 0.954965 0.992166 0.963551 0.101624 -0.063954 0.115243 
0.480559 0.728472 1.16856 0.802787 0.427397 1.25734 0.65808 0.575113 1.10428 0.133109 0.178886 0.0228076 
0.475629 0.956844 1.21647 1.10693 0.668164 1.84416 1.17279 -0.0662002 0.657806 0.63241 0.804409 -0.177035 
0.50172 1.41565 1.9865 1.23565 1.25814 1.14169 1.08596 0.270818 0.907337 0.277943 0.226549 0.0445468 
0.789068 2.08306 2.3245 1.96581 1.74322 1.41 2.53351 0.688098 0.385157 0.10465 0.267534 0.0520796 
1.06758 2.36307 2.24639 2.99762 2.49619 1.64383 1.42222 1.06182 0.592322 0.196404 0.295313 0.0636888 
1.40795 2.51896 2.64855 2.98325 2.19712 1.87604 1.35638 1.24145 0.592585 -0.106877 0.0974526 -0.0316026 
1.85597 3.05685 3.06703 2.66123 2.60802 1.77877 0.930003 1.06039 0.140737 0.314639 -0.0888711 -0.0817765 
1.88212 3.04771 3.14241 2.16603 3.18421 1.61023 1.32085 0.359362 0.599124 0.22166 -0.0761345 -0.0500254 
1.85412 2.68963 2.77065 2.27017 2.59523 1.37426 0.909366 1.03109 1.24028 0.132192 -0.0344151 -0.0717478 
2.08505 2.44195 2.4732 2.20715 2.8055 1.16565 0.444224 0.682874 1.74922 0.400737 -0.111738 -0.133095 
2.13054 2.21 2.45339 1.51959 3.77001 0.81517 0.9746 0.569553 1.77503 0.573609 -0.303633 -0.102484 
1.93007 2.14686 2.75897 2.42243 3.73229 0.891089 -0.147409 1.20132 1.64742 0.47484 -0.293192 -0.180578 
1.87804 1.88422 2.30563 2.67109 3.9331 0.973211 0.366213 1.3013 1.33126 0.416955 -0.324807 -0.153993 
1.75983 2.01167 2.09781 2.46095 4.31079 0.690356 0.395403 1.29219 1.62234 0.137276 -0.317283 -0.115974 
1.66458 1.74486 2.30954 2.96285 4.1489 1.28348 0.256132 1.7031 1.73639 0.287737 -0.203355 -0.0348002 
1.5754 1.38048 2.33241 3.64231 4.12101 1.28809 0.702706 1.74604 1.50469 0.42362 -0.110932 0.0908275 
1.35652 1.17946 2.68956 3.01705 4.33149 1.68805 0.387914 2.12246 1.74152 0.294539 -0.0915128 0.133964 
1.1982 1.26797 2.312 2.86359 4.33816 1.80311 0.501172 1.90571 1.84045 0.116048 -0.130035 0.159739 
1.17605 1.32223 2.14876 3.57014 3.46804 0.5828 1.34507 0.663976 2.01024 -0.0258967 -0.293248 0.136065 
1.07873 1.38828 2.10191 4.01402 2.59502 0.202609 1.93614 0.392118 1.73112 -0.524399 0.0776292 0.10227 
0.938211 1.66888 1.63711 2.99186 3.39691 0.600778 1.44833 1.08259 1.78917 -0.503984 0.122983 0.160553 
0.945658 1.19338 1.9239 3.29279 1.85762 0.123286 2.97394 0.441341 1.83732 -0.177398 0.598874 0.231424 
0.793596 1.28062 2.17879 3.03736 1.82844 0.329882 2.4795 0.597021 2.04219 -0.339614 0.559902 0.263033 
0.70897 1.42906 2.34404 2.77731 2.23436 0.978049 2.36416 1.13734 1.72374 -0.698773 0.546861 0.320567 
1.01042 0.803819 2.14529 2.34259 2.49814 1.38369 1.88434 1.13185 1.55439 -0.569212 0.302614 0.394294 
0.774537 0.845724 2.39252 1.52796 2.72811 0.269419 2.1903 2.25369 0.383407 0.103049 0.502423 0.285867 
0.664434 1.41881 1.76629 1.62394 2.99909 -0.263517 1.18048 2.64816 1.23912 0.0254868 0.289854 0.221178 
0.69386 1.30911 2.15998 2.10202 2.99691 0.2061 0.950981 1.57209 1.66243 -0.644276 0.699795 0.15239 
0.830476 0.860238 2.28254 2.25084 2.82387 0.107478 1.02646 1.08373 1.51153 -0.696433 1.21054 0.176896 
0.784601 0.512701 2.56932 2.38046 3.49372 0.600325 0.877545 1.39916 0.486918 -0.112764 0.856018 0.103306 
0.562623 0.902072 2.0117 2.204 3.94241 1.00816 0.265665 1.1217 1.33917 -0.102707 0.314495 0.041757 
0.559828 1.50948 1.43964 2.24022 3.18431 0.937283 1.2622 0.884599 1.64945 -0.736618 0.738255 -0.00749064 
0.661763 1.07531 1.58921 2.47992 3.4186 0.33473 1.44129 1.30641 1.189 -0.462488 0.733135 0.147248 
0.812086 0.672058 1.77901 2.28727 3.46758 0.933873 1.55943 1.28838 0.90046 -0.118831 0.510582 0.292771 
0.918917 0.628928 1.95761 2.05732 2.81729 1.83133 1.40453 2.10919 0.183628 -0.455138 0.570747 0.319459 
0.857209 0.829621 1.77197 2.06028 2.5887 1.74687 1.66611 1.55357 0.548754 -0.477558 0.672658 0.271043 
1.08073 0.867832 1.32986 3.18552 3.19799 2.16472 0.889759 0.333768 1.92175 -0.0737181 -0.0558058 0.129586 
1.21824 0.798827 1.80755 2.35425 4.13819 1.6252 0.333685 1.66343 0.5127 0.413996 -0.0724941 0.031248 
1.44806 1.30033 1.36467 1.91086 3.66715 2.20279 0.875561 0.750755 1.56288 0.0537568 -0.275805 -0.0415745 
1.65123 0.972552 1.26904 2.04954 3.61674 1.95768 1.48759 0.593097 0.996046 0.135303 -0.294685 -0.000290157 
1.7996 0.973216 0.929078 1.98433 3.96525 1.59213 1.39652 0.770199 0.597416 0.495858 -0.301444 -0.093689 
2.01881 0.973898 0.625493 2.0643 4.20816 1.13105 1.00095 1.15127 0.719146 0.679318 -0.464129 -0.244058 
2.02891 1.17872 0.368854 1.95055 3.57291 0.887211 0.959007 1.27178 1.32528 0.684595 -0.70653 -0.417231 
2.13878 1.39075 0.445285 1.66173 3.05047 0.403877 0.995307 1.62213 2.12958 1.09066 -0.794795 -0.617038 
2.07054 1.30202 0.661854 1.59355 2.38153 0.381955 1.11864 1.71534 2.17031 1.19297 -0.729262 -0.619844 
2.1322 1.3025 0.463106 1.11208 2.71249 -0.177334 1.56942 1.55095 2.47986 0.963381 -0.840684 -0.55241 
2.03821 1.39142 -0.0852551 0.984458 3.05583 -0.27132 1.39873 1.92268 1.83577 0.987315 -0.887631 -0.463231 
2.04624 1.52212 0.195027 1.13007 2.7291 0.833436 1.27235 1.20583 1.74269 0.635053 -0.585739 -0.478957 
2.28695 1.31009 0.00346867 1.30786 2.75165 0.240877 1.70605 1.85997 1.4155 0.843287 -0.675205 -0.525456 
2.13828 1.30973 -0.222469 1.0448 2.47451 -0.0115703 1.67124 1.94061 1.32383 0.858694 -0.754695 -0.512997 
2.15675 1.42087 0.214207 1.90613 2.08234 -0.33837 1.82606 2.04054 1.99519 0.58222 -0.784075 -0.529046 
2.07178 1.54805 0.351426 1.92522 2.1169 0.101906 1.86466 1.65997 1.75651 0.853214 -0.679992 -0.541105 
2.19979 1.32291 0.755479 1.50264 2.43465 0.6973 0.985334 1.98021 1.88219 1.11007 -0.700234 -0.67653 
2.10829 1.61596 0.333441 1.76656 2.21599 0.61957 0.964772 1.49589 2.14409 0.970368 -0.682449 -0.64951 
2.29879 1.79105 0.0854444 1.15173 2.80328 0.211181 0.674934 1.41921 2.21539 0.833325 -0.669601 -0.619309 
2.37387 1.46818 0.399571 1.0324 2.43919 0.777136 0.994791 1.67948 1.37677 0.71788 -0.507537 -0.523687 
1.85576 1.59427 0.853898 1.43556 1.89719 0.53729 1.84763 1.73773 1.68562 0.756699 -0.421251 -0.258932 
1.59385 1.5814 0.939048 0.525646 2.70328 0.474192 1.88746 1.50256 2.35563 0.830433 -0.292492 -0.07673 
1.38036 1.31647 0.837093 -0.0120144 3.1571 0.679034 2.09402 1.42161 2.51484 -0.0124485 -0.167422 0.030343 
1.3582 1.29934 1.21513 -0.830364 2.46055 0.685061 1.16468 0.525404 2.75371 0.322991 0.426637 0.175843 
1.63813 1.9801 1.04158 -1.08446 1.94652 -0.140993 0.799129 0.415055 2.00664 0.031397 0.361261 -0.014587 
2.20116 2.11029 0.473867 -0.329237 2.0406 -0.18375 1.12776 -0.0801419 1.49157 0.249093 -0.111916 -0.154736 
2.37237 1.78592 0.539469 0.684753 2.15764 0.243963 -0.0200979 -0.510032 0.508006 0.467413 0.161235 -0.0630791 
2.45755 1.97133 1.04289 0.3234 1.20452 -0.292275 -0.696143 0.0866756 1.14264 0.142662 0.0801584 0.0018222 
2.38452 2.00562 0.88629 0.936496 1.6592 0.121095 -1.16637 -0.465006 1.27533 0.256882 0.0438918 -0.158907 
2.16815 2.18914 1.38055 0.95378 1.76161 -0.561345 -0.383979 -0.435635 0.85834 -0.132335 0.0205273 -0.00605161 
2.27288 2.41439 1.67882 0.559843 2.07525 -0.898943 -0.613198 -1.23294 1.29987 -0.376307 -0.0414856 0.06108 
2.38253 2.40858 1.7268 0.460569 1.73187 -0.662559 -0.756086 -0.652603 1.18303 -0.565357 -0.14849 -0.00263031 
2.35149 2.43429 1.94384 0.728213 1.08024 -1.06233 0.587596 -0.620644 0.585907 -0.579937 -0.200495 0.0841735 
2.18209 2.58405 2.13616 0.645753 1.01431 -0.733608 0.101601 -0.313288 0.129076 -0.395281 -0.0547155 0.0201652 
1.99577 2.56082 2.19351 0.417331 1.14553 -0.410324 0.320086 -0.564478 -0.0946333 -0.44755 -0.0447401 0.0218699 
1.96066 2.3617 2.00264 0.561856 1.30476 0.272588 1.0352 0.299402 0.14552 -0.530985 -0.214358 -0.14428 
1.89494 2.24622 1.93464 0.999873 2.2854 0.0842443 0.663223 0.00709449 0.590449 -0.474351 -0.306832 -0.170225 
1.86107 2.34353 1.97894 1.39386 2.16031 0.637506 0.839039 0.126571 0.550156 -0.391943 -0.257927 -0.195423 
2.09152 2.44256 1.67849 1.21404 3.01105 0.403342 0.615688 -0.027691 0.808778 -0.30341 -0.341332 -0.242138 
1.98065 2.21461 2.34442 1.37491 2.15648 0.403661 0.986425 -0.105683 0.915947 0.276298 -0.388337 -0.183702 
1.95849 2.28425 2.87096 2.04113 2.20482 -0.0467999 0.0154499 -0.693971 -0.146013 -0.727722 -0.448984 -0.21314 
1.85084 2.09656 2.45766 1.84615 1.1016 -0.21103 0.622085 -0.342073 0.0188682 -0.152156 -0.141325 -0.107159 
2.04152 2.30304 2.14668 1.56819 0.795702 0.172077 0.504465 0.439428 0.519376 -0.171557 -0.16543 -0.162588 
2.22782 2.59611 2.72641 1.27607 1.85632 0.430918 -0.0800929 -1.09638 0.597939 -0.655801 -0.374181 -0.13107 
1.94371 2.48924 2.49395 1.83787 1.81176 0.327371 -0.401467 -1.11397 0.323818 -0.30394 -0.28 -0.166889 
1.82795 2.23644 2.30946 1.36569 0.697433 -0.3161 -0.0328893 0.0816553 0.428833 -0.551571 0.0810665 0.0165183 
1.7193 2.1601 1.43286 0.927581 1.91637 -0.246624 -0.362971 0.837512 0.73299 -0.491023 -0.0265975 -0.181878 
1.7841 2.21857 2.11253 0.609871 1.00797 0.0356558 0.539509 0.306752 -0.0246546 0.159531 -0.0814821 -0.0593616 
1.69195 2.08885 2.64779 0.925576 1.47252 0.441347 0.502511 0.566066 0.0425766 0.864415 -0.142759 -0.0798873 
1.55882 1.85917 2.3585 1.40106 2.4982 0.191972 -0.718315 0.0104225 0.56835 0.379189 0.0148723 -0.00992116 
1.52937 2.02326 2.09063 1.45695 2.37816 0.715098 0.0760511 0.597381 0.654351 0.257915 0.0667276 -0.025033 
1.53656 2.13605 2.63526 1.95192 2.57162 1.19818 1.61815 1.46522 0.73031 0.28576 0.0313325 0.0546551 
1.67558 2.08957 2.74597 2.15314 2.46761 1.15897 1.94681 0.918348 1.47517 0.0324589 0.0258105 0.112312 
1.5155 2.45317 2.88415 2.06901 2.8007 0.587375 1.2644 1.95108 1.28093 -0.00668872 0.241348 0.111296 
1.55439 2.56754 3.13417 2.05193 1.83312 0.789182 1.24659 1.54649 1.31899 0.251594 0.138833 0.0868135 
1.64159 2.50073 2.93916 1.9386 0.96814 1.1397 1.10302 1.07514 1.12622 0.243086 0.0484077 0.00208762 
1.52936 2.03196 1.94325 2.14345 1.62513 0.976011 0.384035 0.437777 0.811491 -0.556427 0.243782 -0.0182688 
1.41444 2.18922 2.01848 1.56547 2.26786 1.21179 0.502418 0.703787 0.296253 0.33643 0.23915 0.0327527 
1.59064 2.04194 2.59231 1.45957 2.64449 1.00564 1.61972 0.842892 0.813648 0.42527 -0.150872 0.0254534 
1.53525 2.10432 2.25008 1.63033 1.93645 1.31838 1.63957 0.0105815 0.659961 0.77897 0.070708 0.115459 
1.53164 2.44898 2.06916 1.82657 2.26988 1.81677 1.12127 0.882361 0.663207 -0.0884385 0.210924 0.0202029 
1.51917 2.22494 2.52602 1.70635 2.61728 1.41128 0.808327 1.13809 0.855132 0.401563 -0.0774295 -0.00720654 
1.43838 1.86115 2.74064 1.42665 3.37085 0.781504 0.310605 0.0277534 0.651583 0.748767 -0.154451 0.0133549 
1.31519 1.94429 2.6394 1.13105 2.4074 0.917552 1.25646 0.534045 0.553314 -0.00482153 0.139393 0.0761333 
1.1685 1.90231 2.46107 1.19457 2.23984 1.48841 1.53174 -0.601413 0.475269 -0.132977 0.411583 0.112817 
1.14444 1.92423 1.96498 1.50544 2.25235 1.68886 0.875065 -0.505173 1.18882 0.0399969 -0.0398135 0.0304214 
1.29245 1.83572 2.36578 1.66722 2.71875 1.28979 1.56742 0.543837 0.582515 -0.254634 0.299546 0.0725389 
1.45014 1.83253 2.53669 1.23778 2.92961 1.32236 1.39726 0.780734 0.529407 0.0659267 0.173105 0.0970703 
1.21513 1.99294 2.32738 1.81524 2.0925 0.947531 1.05098 1.49054 0.463275 0.496637 0.35963 0.139532 
1.14749 1.70535 2.14571 1.9994 2.10116 1.02426 1.22505 0.66932 0.92738 -0.00188544 0.539397 0.129419 
1.14748 1.47238 2.30339 1.69931 2.3552 0.996837 0.563662 0.844964 0.728538 0.825891 0.642755 0.13707 
1.27741 1.68217 2.01571 2.32274 0.92034 0.661366 1.07343 0.312081 1.14176 0.634784 0.482598 0.185116 
1.13272 1.47116 1.6696 2.02826 1.2916 1.08807 1.22968 0.00444247 0.953107 0.388234 0.741817 0.101985 
1.11208 1.64907 1.96435 1.72678 2.41536 1.85998 1.13751 0.588323 1.13237 0.0340074 0.4453 0.122643 
1.23118 1.43233 2.34312 1.74547 1.50071 1.06525 1.33401 0.883606 1.28749 0.372529 0.417395 0.198713 
1.27464 1.24825 1.73744 0.867132 1.91148 0.886509 0.874942 1.25296 1.56631 0.373184 0.486286 0.122688 
1.17057 1.59894 1.26254 0.969298 1.91557 0.909911 0.413766 0.570837 0.738321 -0.153681 0.414171 -0.0138368 
1.09331 1.66245 1.67806 1.58861 2.11201 0.447674 1.2255 0.193082 0.159053 -0.357965 0.457112 0.00289192 
1.13386 1.3895 1.61012 0.527079 1.51297 -0.115517 1.35542 0.663261 0.64951 -0.0511159 0.361737 0.079498 
0.951565 1.18179 1.80407 0.555324 1.21092 0.326684 1.47022 1.22849 0.939917 0.0452068 0.0760914 -0.0229632 
1.05773 0.989625 2.28911 0.627411 1.93896 0.730179 0.840157 0.799925 1.00492 0.775611 0.142805 0.109768 
1.14161 1.02965 1.75948 1.11653 1.55166 0.395617 0.495844 1.34933 1.59685 0.246367 0.0974859 0.109103 
0.991608 1.09707 1.59342 0.758677 2.0283 0.697825 1.80606 1.49937 0.497675 -0.0742504 0.0940061 0.119759 
1.02221 1.29422 1.4362 0.333212 1.41775 0.881061 1.39761 0.558729 -0.1848 0.207646 0.344304 0.0525947 
1.01168 1.48432 1.7168 1.24469 1.74965 0.201241 1.7446 0.169724 0.490388 0.180273 0.195159 0.0693644 
0.963778 1.33178 2.06872 0.935741 2.52813 1.31845 1.10334 0.959453 0.782265 0.236368 -0.154451 0.14814 
0.986178 1.28881 2.12945 0.538209 1.06618 1.62582 0.702414 0.340332 -0.0936032 0.242237 0.0920036 0.0731636 
1.18594 1.49082 2.2696 1.28806 1.12682 0.64829 1.18482 0.0091354 0.61656 0.29561 0.258477 0.123912 
1.05157 1.65098 1.8816 1.33648 1.19872 1.13093 0.642996 1.11574 0.672667 0.747112 0.320776 0.149947 
