0.47004 0.936231 1.36753 1.16646 1.41248 0.753955 -0.885143 0.285306 1.8079 0.683183 -0.20876 0.0636408 
0.631446 1.17181 1.56295 1.16332 0.582617 0.0980392 -0.5447 0.490916 1.15018 0.92376 -0.256051 0.213423 
0.746392 1.02923 1.3149 1.09012 1.11897 -0.441719 -0.90428 -0.0176279 1.32244 1.47898 -0.342065 0.117925 
0.605066 0.930264 1.41148 0.970542 1.5707 -0.0725639 0.44875 0.535944 1.55762 0.817849 -0.0974708 0.0941825 
0.678836 0.967278 1.25648 1.44854 1.06461 -0.336167 0.256632 0.819122 1.26055 0.105972 0.101965 0.122207 
0.689504 0.893315 1.53432 1.76194 1.08694 0.451198 1.08914 0.76724 1.13892 0.563871 0.551135 0.0248786 
0.772165 1.12075 1.61483 1.64111 1.67623 1.38635 1.06518 0.730392 0.752999 0.863012 0.409809 0.110021 
0.789204 1.15349 1.28419 1.81532 1.22628 1.56404 0.386959 1.22126 1.15942 0.495411 -0.0994993 0.124349 
0.629321 1.29323 0.961132 1.9561 2.19997 0.86347 -0.214067 1.21051 1.06793 0.755621 0.159257 0.0281503 
0.636235 1.05777 0.758634 2.0515 1.91393 0.834288 0.626766 0.587636 0.806847 1.0816 0.282562 0.0553333 
0.760078 0.853494 0.73282 1.04889 2.28032 0.167799 0.100598 0.66833 0.687193 0.779184 0.143926 0.0621847 
1.1374 0.260015 -1.23097 0.884599 4.04464 1.28215 1.3158 0.71487 0.562759 0.0613266 -0.205115 0.0375448 
1.30604 0.108374 -1.53696 1.05799 4.43298 0.610656 1.57504 -0.332731 0.512051 -0.345141 -0.766845 -0.163972 
1.41526 0.967127 -0.129139 1.22007 4.31435 1.65698 1.36596 -0.14292 1.02174 -0.275975 -0.780078 -0.207972 
2.05805 1.01242 -1.36715 0.153564 3.46473 1.82446 0.714263 -0.565803 0.892053 -0.635352 -0.329009 -0.332635 
1.99097 1.00536 -0.50308 0.83496 3.74523 2.19133 0.806913 -0.302784 0.722609 -0.785589 -0.504735 -0.26629 
2.16198 0.776478 -1.77141 0.111795 4.24747 1.00209 1.36122 -0.0351706 0.531153 -0.0258154 -0.655163 -0.21545 
2.20306 0.749177 -1.26061 1.38018 4.71051 1.1838 1.30396 -0.340526 0.0408743 -0.0798823 -0.737804 -0.264573 
2.08625 0.937129 -0.549829 1.58781 4.98847 1.38926 1.39398 -0.491676 0.164235 -0.0812108 -0.785997 -0.276073 
2.35254 0.626258 -1.79164 0.653635 4.24858 0.768317 1.25478 -0.0242161 0.534078 -0.138405 -0.804142 -0.233078 
2.33956 0.782418 -2.52748 0.00814235 4.28009 0.860248 1.19726 0.517057 0.122578 0.238113 -0.995624 -0.299399 
2.05641 0.408032 -2.61445 0.200455 4.75351 1.04795 0.6889 0.113045 0.180248 0.329647 -0.843093 -0.340733 
2.16636 0.613142 -2.54294 0.334191 4.68259 0.967914 0.736723 0.193786 0.00872647 0.229163 -1.07599 -0.370148 
2.1338 0.628245 -2.24773 0.292952 4.60093 1.21834 1.16753 -0.184385 0.0370255 -0.0611684 -0.855025 -0.289874 
2.22042 0.639569 -1.61195 0.342709 4.85441 0.905696 0.1121 1.15248 -0.464732 0.209015 -1.15868 -0.380662 
2.02425 0.574571 -2.72847 0.134447 4.59992 1.02935 0.769569 0.451825 0.379479 0.242693 -1.05611 -0.39497 
2.35045 0.728289 -2.66369 0.852494 4.90347 0.72024 0.975244 0.0592092 0.472777 0.166653 -1.15463 -0.333887 
2.15737 0.403936 -2.17807 1.15053 5.25198 1.34731 0.442792 -0.0313261 -0.270205 0.266898 -0.783317 -0.204015 
2.22732 0.728236 -1.73385 0.729746 4.70615 1.08641 0.235673 0.865773 -0.181871 0.458533 -0.900803 -0.316861 
2.22141 0.429878 -2.36984 0.0771613 4.89163 1.13282 0.350998 0.836526 0.0290526 0.489133 -0.914757 -0.309605 
2.23327 0.649207 -1.55072 -0.110426 4.85745 1.13628 0.407585 1.43575 -0.0905484 0.421047 -0.898815 -0.324429 
2.00002 0.515028 -2.00393 0.274155 4.55045 1.77973 0.152271 1.15985 0.00555197 0.490498 -0.643768 -0.324643 
2.12563 0.709575 -1.41882 0.300249 4.8068 1.70108 -0.182916 1.04193 -0.308062 0.461572 -0.632835 -0.374815 
2.10718 0.710087 -1.58595 0.280115 5.07938 1.96423 -0.175945 0.822896 -0.377362 0.656873 -0.533539 -0.38035 
2.20699 0.807094 -1.34126 0.342119 5.08124 2.11463 0.0453336 0.521685 -0.441368 0.436487 -0.502539 -0.353664 
2.20281 0.634078 -1.17733 0.406006 5.46915 1.37124 0.452542 0.231013 -0.251598 0.529475 -0.63231 -0.253441 
2.20281 0.745074 -1.18965 0.102921 5.19516 1.54038 0.219353 0.61994 -0.238914 0.390042 -0.680268 -0.353034 
2.32374 0.600094 -1.30798 0.166531 5.05627 1.84156 0.228495 0.904191 -0.456596 0.462197 -0.541376 -0.350559 
2.22413 0.507118 -1.20296 0.45278 5.08671 2.05881 0.211749 0.560251 -0.40869 0.348385 -0.372883 -0.233773 
2.17121 0.464207 -1.67018 -0.0224853 5.13408 1.37495 1.23351 0.558509 0.430218 0.706946 -0.593037 -0.202346 
2.16789 0.0890183 -1.73584 -0.0215412 5.61781 1.76899 0.544214 0.986822 0.112691 1.00716 -0.344173 -0.258519 
2.20185 0.683169 -1.38996 0.707182 5.03329 1.29055 1.55351 0.465621 0.494702 0.48296 -0.591635 -0.0926792 
1.99988 0.26529 -0.776131 0.777467 5.944 1.98792 -0.402848 -0.110879 0.255168 0.805295 0.048466 -0.168583 
2.13241 0.633468 -1.52814 0.84631 5.33242 1.49732 1.13064 0.0559984 0.703625 0.632998 -0.370382 -0.0659288 
2.34695 0.653403 -1.55092 0.473611 5.551 1.80643 1.77833 0.234947 0.386408 0.888517 -0.357424 -0.0492811 
2.06787 0.849424 -0.34436 0.210474 5.16687 2.98442 0.656592 0.879078 0.485591 0.557689 -0.041652 -0.242679 
2.16648 0.658216 -0.72269 0.746362 4.51297 2.72702 0.936957 1.4676 0.497697 0.631461 -0.310466 -0.291379 
2.26134 0.830816 -0.873612 1.02164 5.13847 2.05693 1.69479 0.995533 0.501348 0.784903 -0.483112 -0.215525 
2.23568 0.707234 -1.04631 1.52155 5.47092 2.0646 1.92973 0.101534 0.543008 0.769045 -0.131821 0.0122446 
1.9987 0.289706 -1.25683 1.52817 4.94408 1.96474 1.43753 0.716209 0.972254 0.84648 0.000416894 0.0409462 
2.08479 0.688031 -0.354445 0.641096 4.84377 2.55483 1.22045 1.20431 0.583535 0.649103 -0.195877 -0.159485 
2.2042 0.797283 0.045967 0.402094 4.58239 2.2768 1.14699 0.70143 0.485772 0.161714 -0.469217 -0.230814 
2.051 0.611834 0.052992 0.886007 4.61103 2.04967 1.18551 0.644978 0.879706 0.510631 -0.403995 -0.208237 
1.79938 0.716434 -0.283465 0.616329 4.83936 1.90579 0.876936 0.562997 1.05852 0.275689 -0.31039 -0.127279 
2.01476 0.710552 -0.376889 0.641901 3.72787 2.15628 1.3379 1.16323 0.598364 0.0993087 -0.696935 -0.36063 
2.00628 0.582128 -0.482106 1.03468 3.58538 2.18528 1.16702 1.19069 0.338275 -0.057787 -0.893043 -0.462777 
1.99285 0.530941 -0.595048 0.684927 3.84633 2.25373 0.601237 0.816856 0.646141 -0.280597 -0.797611 -0.417997 
1.97216 0.599469 -0.528872 0.602065 4.39005 2.72726 1.03323 0.660709 0.924309 0.260618 -0.270318 -0.201706 
1.83371 0.424368 0.123649 0.861574 4.8875 2.21861 1.15711 0.415124 1.15809 0.167326 -0.449968 -0.0578931 
1.7687 0.611182 -0.59458 0.474412 3.60761 2.15133 1.10541 0.899787 1.55025 -0.0691503 -0.539801 -0.346972 
1.76434 0.734595 -0.540728 0.191249 3.58572 2.45087 1.65691 1.15606 1.54701 0.190417 -0.340824 -0.274353 
1.67636 0.941092 -0.322657 1.39057 3.51306 2.57838 1.85685 0.163948 1.34133 0.22677 -0.150192 -0.142687 
1.69821 0.954038 -0.565067 1.58267 3.93587 1.91591 1.22834 0.0499218 0.984427 -0.0674949 -0.300677 -0.136556 
1.6304 0.887486 0.181054 1.08372 4.25725 2.38204 0.392764 0.238791 0.857457 0.238984 -0.0392254 -0.12497 
1.68086 0.705666 0.273516 0.775519 3.83051 2.29367 1.84985 1.36426 1.29038 0.531339 -0.101708 0.0455814 
1.63198 1.1461 0.00179539 1.03616 4.14016 2.76382 1.88363 0.984974 0.989481 0.539423 0.120585 0.128078 
1.52428 1.39335 0.476837 1.28293 5.29698 2.32422 1.71218 0.489756 1.70386 0.473756 0.0609629 0.0862767 
1.53843 1.36804 0.756134 0.856429 5.21755 3.19678 1.63836 0.402326 1.63527 0.301249 0.30385 0.154884 
1.58595 1.17441 0.99663 0.860744 3.89602 3.64369 1.71075 0.842554 1.4277 0.670521 -0.00534087 0.0990148 
1.62082 1.2549 0.0540838 1.68687 3.34458 2.88005 2.13698 0.676325 1.92735 0.452306 -0.0468535 -0.0505529 
1.5634 0.936265 -0.150008 1.54421 3.34855 2.64267 2.214 1.0411 2.05178 0.431075 -0.179283 -0.0486576 
1.7016 1.10572 0.685431 1.24615 2.77809 3.31825 2.86876 0.192121 2.20613 0.515327 -0.429686 -0.0880778 
1.68473 1.02951 0.604082 1.11238 3.50341 2.88947 1.86464 0.408618 1.08306 0.877409 -0.288624 -0.142486 
1.61271 0.801001 0.99571 0.621764 3.96284 2.52427 1.39718 0.676845 1.14123 0.510442 -0.343334 -0.0654086 
1.73832 -0.68723 0.531905 1.57136 2.44296 2.18849 2.19266 0.507618 0.947996 1.00236 0.00288796 -0.13447 
1.53582 -0.405907 0.571937 1.91316 2.18064 2.22811 2.24592 0.558787 0.650783 1.08828 0.17989 -0.111302 
1.40422 0.143462 1.36116 2.17626 2.49913 2.04706 2.3221 1.03381 -0.0995984 0.822845 0.461298 0.143137 
1.5847 0.807977 0.858832 1.89442 2.70469 1.49096 1.63716 1.30487 1.11128 0.869564 0.144544 0.0779603 
1.60195 1.18557 1.22642 0.854868 2.85957 1.28663 1.47174 0.817735 0.770576 0.441586 0.567925 0.297987 
1.57197 1.39351 1.38469 1.62552 2.88168 0.828025 1.28414 0.816625 1.54952 0.359669 0.426383 0.251094 
1.53341 1.153 1.33598 2.07054 2.83899 0.935585 1.90572 1.24865 1.65746 0.623421 -0.270387 0.0576508 
1.46347 1.0436 1.32191 1.25497 2.91093 0.777569 1.62399 1.4876 1.47315 0.286827 0.0915863 0.193799 
1.28317 1.4792 1.27206 1.01023 2.48616 1.71998 2.22109 0.870794 0.96637 -0.0696563 0.580184 0.260784 
1.23046 1.67297 1.73019 0.921967 1.66408 0.855642 2.48305 0.478039 1.47761 0.168012 0.372858 0.199346 
1.32289 1.13463 1.79525 0.906864 1.78025 0.940554 2.19353 0.732434 1.00821 -0.0352467 0.561592 0.286082 
1.26901 0.969168 1.69221 1.28424 1.99295 0.708356 2.39033 1.2794 1.49544 -0.110041 -0.0555202 0.216259 
1.23939 1.15762 1.79325 1.00157 1.73625 0.356994 1.39257 1.50466 1.47375 0.614404 0.163389 0.111961 
1.23423 0.964651 1.51872 1.17264 2.02327 0.130865 0.257429 1.14794 1.75274 0.488357 0.55173 0.116027 
1.20029 0.973906 1.40516 1.35821 2.12531 0.0810131 1.44674 -0.156118 1.57045 0.227833 0.624898 0.192088 
1.18214 0.909255 1.26575 0.666324 2.20474 0.344606 1.79437 0.555529 0.856051 0.617153 0.310621 0.117825 
1.09452 1.28736 1.29801 1.54737 2.13769 0.245083 1.48089 0.564385 1.44288 0.335992 0.0330634 0.0966733 
1.24412 1.56786 1.64826 0.946239 2.41533 0.885574 1.87938 0.782224 1.28892 0.280842 0.386824 0.215481 
1.3247 1.63338 1.50204 0.329995 1.78131 0.288444 1.62238 0.28812 1.9581 0.0563126 0.360902 0.222663 
1.3092 1.50549 1.79257 0.493979 2.28235 0.0682368 1.73438 0.874277 1.46526 0.520223 0.408543 0.285738 
1.22233 1.63381 1.64707 1.00108 2.43573 -0.267123 0.433484 0.784524 1.86059 0.762709 0.591682 0.22496 
1.3077 1.54906 1.19282 0.851617 1.65982 -0.344937 1.77673 0.584874 1.66185 -0.319788 0.605962 0.198882 
1.29404 1.36177 1.79204 1.34123 1.51686 0.635047 1.94521 -0.230633 1.76387 -0.026081 0.296824 0.181379 
1.17193 1.16795 2.26577 1.06732 1.87733 1.03976 1.18498 -0.624716 1.79447 0.479081 0.516223 0.294774 
1.30121 1.42209 1.93881 0.641288 1.00567 1.50989 1.45795 0.564509 0.756103 0.669184 0.956479 0.235349 
1.27453 1.3857 1.47634 1.57774 1.75498 0.0219671 1.03951 0.152138 0.958664 0.424541 0.580021 0.159113 
1.03823 1.25426 1.52515 0.736306 1.04287 0.0953236 1.00674 0.389216 0.350011 0.196897 0.216386 0.00929749 
1.1715 1.28115 1.65905 0.27518 1.26412 0.433367 0.755864 0.947898 0.639245 0.467702 0.286671 0.0599999 
1.27183 1.40478 1.70148 0.0157553 1.6183 0.317804 0.542509 0.398481 0.611501 0.843679 0.244942 0.0733501 
1.12636 1.41936 1.51034 0.601167 0.693111 0.737142 0.777346 0.718893 0.61891 0.288323 0.557002 0.0388082 
1.07182 1.35009 1.55123 0.672136 0.31187 0.0708639 0.746782 0.604078 1.6295 0.143514 0.960029 0.143009 
0.99608 1.59282 1.6453 0.311044 1.21705 1.06281 0.600189 1.22338 1.64614 0.493022 0.429898 0.113677 
0.920769 1.31998 1.623 1.01294 1.53228 0.355827 1.49599 1.95231 1.83201 0.901789 0.195327 0.15212 
1.15406 1.38255 1.72469 1.07286 1.37907 -0.118962 1.96938 1.10382 1.43781 0.358709 0.393443 0.20786 
1.22188 1.49152 1.83177 0.71483 1.86085 -0.0636292 1.48337 1.20543 0.744311 0.360543 0.612049 0.229613 
1.16124 1.86717 1.56782 0.470004 1.6499 0.445081 1.83226 1.3087 0.745675 1.23993 0.556378 0.223208 
1.0777 1.48422 1.62437 1.24466 2.07058 0.330297 1.64198 0.831348 0.826561 0.669372 0.83456 0.204857 
1.02425 1.28351 1.87625 1.03034 1.8592 0.659029 1.18177 0.628971 1.34935 0.497396 0.356623 0.193758 
0.955651 1.86614 1.78742 1.06585 0.749237 0.209475 0.482629 1.22023 1.93658 0.263475 0.396924 0.162044 
0.942917 1.80551 2.22025 1.27524 1.15671 0.457668 1.05813 1.37144 0.80108 0.674521 0.509528 0.161391 
1.06552 1.61024 1.56636 1.46611 0.885845 -0.0318835 0.617296 1.88951 0.634585 0.271411 0.345655 0.128459 
1.06342 1.45705 1.32996 0.689816 0.736167 -0.323102 0.331236 0.651689 0.5523 0.564646 0.726904 0.0355756 
1.02903 1.21698 1.46703 0.356033 0.613095 -0.124525 1.71635 0.350214 0.702954 0.463774 0.856913 0.0216627 
0.812654 1.17112 1.84758 1.41628 0.863298 -0.268768 1.33051 0.689005 0.580712 -0.0810538 0.330069 0.044978 
0.878367 1.04062 1.89607 0.571309 0.429036 0.093173 0.609064 0.600653 0.432875 0.807799 0.252395 0.00991043 
