0.73009 1.00384 1.88821 1.84897 1.63286 1.19848 1.93336 0.270979 0.631011 1.56582 0.261894 0.0209956 
0.522155 1.02186 1.54567 2.19431 1.41187 1.81827 1.85013 0.830393 0.588895 0.554874 0.0456804 0.19828 
0.495627 1.16811 1.42017 2.04707 1.07891 1.4299 1.8396 0.296757 0.591952 0.303238 0.499066 -0.0647142 
0.423012 1.19712 1.25138 1.47545 0.816139 0.853767 1.07204 0.57023 0.460983 0.415449 -0.0593395 0.242308 
0.598763 1.20566 1.29454 0.651272 1.45299 1.16564 0.908587 0.951047 0.228027 0.359104 -0.202675 0.185333 
0.524922 1.25754 1.65828 0.658835 1.52148 0.573311 1.26335 1.09162 1.26557 0.330922 -0.000249846 0.159928 
0.501775 1.26191 1.43972 0.889636 1.07987 0.990088 1.4463 0.096039 0.654567 0.67236 -0.210995 0.16201 
0.556251 1.20126 1.93708 0.579575 1.88586 0.774198 1.39837 0.625957 0.544943 0.951511 0.0862575 -0.0354772 
0.578907 1.34357 1.76265 1.09736 0.234285 1.22845 1.21431 0.893934 0.282642 0.558671 0.209219 -0.0794199 
0.696221 0.967642 1.45898 2.26622 0.435817 0.68811 0.994477 0.890922 0.292033 0.298623 0.312184 -0.0341096 
0.571105 1.12756 1.8978 1.63827 0.876024 0.568599 1.18971 1.65028 0.996378 0.51684 0.40438 0.0584578 
0.580659 1.39646 1.73882 0.516457 1.04001 0.249088 1.23764 1.84584 0.0435348 -0.355565 0.240758 -0.0501229 
0.647122 1.41553 2.05414 0.656632 1.18653 0.893218 2.21391 1.31175 0.301158 -0.150918 0.372062 0.0651953 
0.624933 1.37425 1.251 1.48153 1.16359 1.79369 1.11262 0.386287 0.807666 0.838837 0.651757 0.0444447 
0.548347 1.075 1.08129 1.56464 1.35962 1.88361 0.912157 0.717083 0.146839 0.383575 0.609237 0.0012914 
0.579026 1.13269 1.23198 1.17585 1.6982 1.49252 0.380578 0.210674 0.0345365 0.0909721 0.559435 0.0216727 
0.535256 1.07349 1.44981 0.935778 1.36977 0.50778 0.548715 0.936713 0.811648 0.811296 0.243869 0.0179795 
0.595522 0.72058 1.09009 0.905942 1.18523 1.01183 0.197109 0.370146 -0.147068 0.391706 0.206048 -0.111503 
0.573457 1.18339 1.38124 1.23238 2.35981 0.811632 0.791526 1.37776 0.0141441 0.803812 0.107774 -0.0167957 
0.588661 0.934461 1.43111 1.24568 1.70532 1.47578 1.25682 0.984513 0.0512327 0.130339 -0.0695252 0.160389 
0.54836 0.997425 1.55838 1.53192 1.75114 2.0212 0.974976 1.13295 0.780839 0.308734 0.302825 0.10361 
0.559634 0.990963 1.9593 1.47058 1.82469 1.44579 1.8578 0.925497 0.431811 0.432131 0.447631 0.067483 
0.609035 1.42038 1.82038 1.9556 1.80045 2.06975 2.43003 1.49999 0.408293 0.0898318 0.827225 0.131675 
0.887521 1.88008 1.85401 2.37841 1.6094 1.2491 1.25865 1.1055 1.71543 0.789074 0.278585 0.260494 
0.996239 1.81074 2.43997 2.09438 1.91658 1.84302 1.64932 1.25518 0.875499 0.666235 0.455438 0.211094 
1.42324 2.38563 2.88485 2.62773 2.68255 2.21849 1.79852 0.587544 0.582257 0.341711 0.209083 0.0584741 
1.92107 2.73112 2.80395 2.25954 3.26883 3.00624 1.21112 -0.0288668 -0.0921893 0.144279 0.161342 0.0263023 
2.00151 2.74399 2.65812 2.14694 2.92359 2.80926 1.88105 0.0738361 -0.295141 0.141941 0.0707467 0.0518764 
2.10338 2.23055 1.90795 1.76872 2.63544 3.41079 2.56108 -0.325617 -0.0773557 -0.309971 0.131697 0.190815 
2.12953 2.42165 1.51625 0.835082 3.4935 3.22679 2.33026 0.134361 -0.769639 -0.397232 0.111537 0.254723 
2.23404 1.93455 1.32134 1.02467 3.29474 2.6106 2.81255 -0.146361 -0.793065 -0.33215 0.0210216 0.256496 
2.21697 1.79721 1.01449 1.04139 3.25941 3.19009 2.54469 -0.177778 -0.493468 -0.288013 0.110696 0.229694 
2.40297 1.80094 0.558763 0.248506 2.83 3.39161 2.73344 0.0190797 -0.536247 -0.19896 0.082307 0.215789 
2.42614 1.67273 0.0628171 0.381272 2.59215 3.11451 1.96762 0.072857 -0.532416 -0.271791 0.223224 0.267038 
2.60965 1.51273 -0.36641 -0.194959 2.26232 2.60419 1.29452 0.0956708 -0.0645881 0.0991092 0.467305 0.316239 
2.85147 1.30275 -0.225863 -0.312301 1.36784 1.39315 0.107442 0.128448 -0.0529205 0.675555 0.672531 0.137564 
2.91596 0.873396 -0.961753 0.312685 1.25006 -0.46179 0.419999 0.101637 -0.27787 0.425985 0.748508 0.332959 
2.93189 0.492475 -1.11548 0.192596 0.623074 -0.536895 0.632883 -0.723698 -0.396279 0.325217 0.656081 0.126658 
2.6629 0.964157 -1.31191 -0.064098 0.601112 -0.0379075 0.167115 -1.20171 -0.0250776 0.432451 0.622286 0.0676308 
2.94739 1.15218 -1.39067 0.0833047 0.379844 -0.0406537 0.463213 -1.80083 0.352604 0.608794 0.747676 -0.0408588 
2.81289 1.31963 -1.23567 0.629907 0.0132261 0.0559521 0.318904 -1.97111 0.540401 0.524129 0.722379 -0.174462 
2.85317 1.14274 -1.16379 0.576822 0.667976 -0.0451945 0.474918 -1.66458 0.104681 0.330541 0.712239 0.0905104 
2.70851 1.04124 -1.38458 0.84385 0.671714 -0.195466 -0.171087 -2.56179 0.518276 0.39225 0.698923 -0.146787 
2.70509 0.374058 -1.75702 1.29199 0.531726 -0.496355 0.647576 -3.23594 0.594976 0.516964 1.00857 -0.259557 
2.86506 0.44352 -1.76255 0.918047 0.955252 -0.663978 0.101616 -3.30894 0.155981 0.349139 0.734812 -0.135209 
2.7501 0.557267 -1.4977 1.00706 0.966579 -0.560845 0.0540551 -3.38721 0.323939 0.321343 0.759063 -0.0644912 
2.85804 0.515294 -1.37845 1.20493 1.67753 -1.29797 0.261448 -2.95704 0.574758 0.297795 0.538743 0.00482224 
2.81479 0.399011 -1.16371 1.0919 1.87263 -0.390423 -0.137212 -2.8315 0.244231 0.508411 0.461573 0.0203571 
2.77479 0.347567 -1.2968 1.1636 1.08881 -1.32756 -0.0844741 -2.57437 0.786328 0.45475 0.273585 -0.23549 
3.03194 0.604883 -1.89392 0.973997 1.78695 -1.2491 -0.549236 -2.434 0.47073 0.234408 0.346902 -0.0810036 
2.94366 0.901632 -1.40557 0.603688 2.15943 -0.878601 -1.44817 -1.56866 0.459433 0.610155 0.261127 0.0657038 
2.80842 0.877506 -0.868316 0.844297 1.82801 -0.822307 -1.74222 -1.04039 0.832336 0.818569 0.215361 -0.016683 
3.06882 0.543516 -1.56619 0.750102 1.77766 -1.11726 -1.02124 -1.56613 0.739579 0.80627 0.310808 -0.0902348 
2.94988 0.502299 -1.56343 0.558056 1.02496 -1.33185 -0.36142 -1.6533 1.17263 0.942295 0.404758 -0.178897 
3.0702 0.65723 -2.08698 0.390737 1.37187 -1.0774 -0.390341 -1.28645 1.18235 0.799063 0.366638 -0.173867 
2.93681 0.959163 -1.75991 0.327896 1.41835 -0.570466 -0.892057 -0.775489 1.09467 0.890965 0.242571 -0.201547 
3.05902 1.13653 -1.82506 -0.0563429 1.79241 -0.844222 -0.313325 -0.860194 1.12136 0.850859 0.191904 -0.169899 
2.79714 1.08691 -1.538 -0.237099 1.15598 -0.137021 -0.614644 -0.543017 0.967089 0.921438 0.196541 -0.312027 
3.07414 0.293145 -1.6909 0.335637 1.03912 -0.181062 0.012568 0.033433 1.30476 0.870498 -0.108824 -0.547276 
3.01772 0.788003 -1.82556 -0.0495682 1.20229 0.188324 -0.0931839 -0.0081064 1.45366 0.594657 -0.398446 -0.586623 
2.90392 1.08624 -1.43364 -0.179074 1.83167 0.21364 -0.390121 0.217745 1.13268 0.64343 -0.30044 -0.444667 
3.03727 0.506913 -1.44151 -0.0249216 2.40523 0.957429 0.340277 0.0808307 0.53335 0.289784 -0.201173 -0.206502 
2.90474 0.356974 -1.98214 0.562312 2.22662 1.24208 0.64475 -0.443595 0.553134 0.244197 -0.0420357 -0.191699 
2.90236 0.0649685 -1.67136 0.687223 3.14954 0.966186 0.338811 -0.765767 0.247228 0.184971 -0.236088 -0.226682 
2.89031 0.0494725 -1.5656 0.725583 2.78894 0.755539 0.30329 -1.25206 0.373034 0.354604 -0.054689 -0.153294 
2.89937 0.352862 -1.48691 0.275526 2.43291 0.330177 0.386373 -1.04997 0.791345 0.591281 0.0282878 -0.11562 
2.75232 0.431918 -1.68357 1.03249 3.66539 1.59633 -0.502954 -0.712819 0.550257 0.762766 0.187202 -0.138707 
2.76091 0.521904 -1.95836 1.34954 3.49818 1.18652 0.108714 -0.578133 0.588506 0.39589 -0.0337037 -0.207349 
2.80705 0.356907 -1.71066 1.02217 3.07104 0.671835 0.4702 -0.234299 0.866458 0.473925 -0.117201 -0.284899 
2.6222 0.690101 -1.49546 0.911516 3.21117 0.795116 -0.193438 -1.20781 1.24653 1.0471 0.505916 -0.0332701 
2.69311 0.24811 -2.1315 1.22384 3.38648 1.9269 -0.24787 -0.64744 0.565308 0.678912 0.133714 -0.2146 
2.69457 0.351446 -1.67422 1.34041 3.17048 1.84218 -0.476947 -0.0382217 0.580099 0.695064 -0.0635617 -0.323833 
2.42828 0.70445 -1.04304 0.989099 2.93925 1.27441 -0.662921 -0.375931 0.808257 0.796707 0.181987 -0.198922 
2.52858 1.11743 -0.543317 0.035552 3.31616 -0.0169609 -0.162111 0.727154 0.61782 0.784781 -0.416835 -0.384946 
2.49574 0.866635 -0.453463 0.254961 3.2636 0.616055 -0.651323 0.185384 0.856532 0.742086 -0.0973771 -0.298215 
2.41445 0.860829 -0.58597 -0.365879 2.31913 0.0988838 -0.130527 -0.421313 0.958332 0.45063 -0.0834182 -0.178567 
2.53289 1.15246 -0.67455 -0.831978 2.7419 -0.430997 0.433898 -0.389377 0.954969 0.649477 -0.223118 -0.069286 
2.47636 1.19244 -0.498092 -0.0901856 2.55228 0.230587 -0.373777 -0.675441 1.68077 0.866605 0.153444 -0.132235 
2.4554 0.946408 -0.833063 -0.192052 3.14832 0.293146 0.0507414 -0.202473 1.50115 1.07696 0.204652 -0.0210635 
2.41424 1.12656 -0.147721 -0.161399 2.49734 0.212528 0.0205156 0.0230421 1.6605 0.837528 0.140925 -0.0267864 
2.42144 1.25727 -0.178803 0.349752 3.13078 -0.00758845 0.343525 0.134178 1.62254 0.836875 -0.0863541 -0.0695836 
2.49179 1.189 0.152317 0.743948 3.73003 0.948878 0.176952 -0.848335 1.17297 0.645629 -0.146311 -0.196559 
2.12081 1.48647 0.327843 -0.0963866 3.40675 1.40115 0.0677172 0.367286 0.672111 0.400012 0.0323487 -0.246451 
2.12652 1.38128 0.0153916 -0.344598 2.92696 0.495855 -0.0059746 0.57821 0.70277 0.447474 0.444383 0.175259 
2.29068 1.36651 -0.168353 0.18976 3.1619 0.526267 -0.301796 0.137639 0.69766 0.637679 0.23992 0.0146721 
2.13573 1.24712 -0.0118755 0.518674 2.86083 1.09636 -0.848931 -0.466551 1.28579 0.118608 0.110957 -0.184706 
2.13279 1.06579 -0.0107635 0.714899 3.14151 1.0942 0.247695 -0.293621 1.18588 0.0960132 -0.241401 -0.235477 
2.05366 1.44455 -0.126044 0.440488 2.98022 0.684129 0.715345 0.405483 1.16957 0.185924 -0.57527 -0.465192 
2.32299 1.51371 0.0197015 1.36117 3.00838 1.69629 0.442968 -0.875183 1.08557 -0.00279701 -0.220337 -0.396322 
2.24433 1.60644 0.451266 1.36005 2.97973 1.65102 0.947258 0.136512 0.477689 0.406214 -0.141822 -0.257123 
1.86441 1.42381 0.624146 0.755445 2.28887 2.03999 1.85 0.775892 0.327502 0.528073 -0.159866 -0.112814 
1.89851 0.928457 0.890795 1.06375 3.05493 2.07846 0.77323 0.231954 0.995679 0.800635 -0.238892 -0.308261 
1.84363 1.24879 0.145601 0.651571 3.05261 2.14383 0.347826 0.321136 2.28044 0.39543 0.0498267 -0.266699 
1.87389 1.31632 0.0882239 1.03899 3.3928 1.59277 2.24718 -0.383055 1.01262 0.235814 -0.00943076 0.00907201 
1.70724 1.21321 0.324474 1.10854 2.41402 1.50104 2.06276 -0.407921 0.820139 0.419891 -0.245573 -0.181396 
1.57186 1.10303 0.789962 0.681381 1.74751 1.64826 0.846791 -0.477495 1.53174 0.721954 -0.212058 -0.22202 
1.66118 0.856847 0.867129 -0.292372 2.81983 1.3409 0.472854 0.93007 0.917207 1.12291 0.207639 -0.1867 
1.719 1.23759 1.11433 0.094473 2.56631 1.30425 -0.29724 0.574518 1.95395 0.897398 0.260218 -0.149972 
1.569 1.09616 1.08867 1.10877 1.77367 2.19979 1.58986 0.441264 1.15301 1.39724 0.589252 0.153918 
1.61921 1.11591 1.37126 2.01902 3.26881 1.70872 1.62585 0.263172 1.15954 0.950338 0.198196 0.0835326 
1.66007 1.6057 1.2911 1.61596 2.76941 1.97839 1.15233 0.0477302 1.50468 0.444935 0.156674 0.0141891 
1.63657 1.65097 1.34421 1.56818 2.13535 2.18351 1.50601 0.0815753 1.34588 0.480325 0.140203 0.0580127 
1.58505 1.86426 1.97065 2.01055 1.94565 1.94745 1.98962 0.989139 1.60077 0.252571 0.10113 0.107971 
1.56397 1.79151 1.92132 2.49611 3.42151 1.8731 1.44829 0.746756 1.57527 0.0213999 0.2358 0.123266 
1.60035 1.52628 1.86111 2.00542 2.9737 2.02854 1.07579 0.696738 1.34816 0.688923 0.053795 0.0485953 
1.4775 1.75093 2.12657 1.1535 2.2091 1.75565 0.702173 0.77699 1.16908 0.276411 -0.0673399 0.00145796 
1.52762 1.48372 1.83943 1.32998 2.73166 1.59683 0.730073 0.321517 1.17504 0.423627 -0.163518 -0.0606604 
1.4015 1.22041 1.71955 1.95676 2.56905 1.46544 1.44796 0.373817 0.664037 0.440598 -0.586216 -0.149631 
1.41614 1.36379 2.08313 1.60389 2.15314 0.725199 1.4277 0.601391 0.445198 0.461956 -0.227658 -0.0549001 
1.3174 1.37591 1.96683 1.35527 1.31155 1.56727 0.904905 1.16917 0.888437 -0.154965 0.470153 0.119379 
1.28716 1.63908 2.08535 1.5125 1.96468 0.71492 0.942268 0.610602 1.9816 0.0458187 0.345916 0.180227 
1.27041 1.73498 2.48391 1.64704 3.03253 1.65433 1.13809 1.36135 1.67639 0.284824 0.14644 0.193482 
1.21193 1.6016 2.19087 1.7799 2.09394 1.21348 1.48967 1.48797 1.89891 0.491108 0.521796 0.304632 
1.32446 1.85794 1.79399 1.96607 2.02123 0.891975 1.41368 0.515548 1.7375 0.722045 0.826397 0.309244 
1.10932 1.63381 1.70089 1.67454 2.64847 0.5994 1.25449 1.47871 1.60572 0.856278 0.778513 0.272005 
1.26087 1.86024 2.14776 1.51691 2.1173 1.01092 1.72164 1.49301 0.929196 0.682697 0.535051 0.23665 
1.2194 1.53616 1.86234 1.43006 2.63267 1.15945 1.04745 1.3419 1.09279 0.873471 0.449071 0.186178 
1.23577 1.59725 1.6467 1.61606 2.73952 0.685146 1.38995 0.136141 1.18251 0.673679 0.740072 0.231938 
1.18244 1.60932 1.89372 1.10195 2.20314 -0.0385472 1.86408 0.521895 0.945464 0.847628 0.475575 0.254628 
1.1497 1.26226 1.90075 0.432605 2.56196 -0.397868 1.51672 0.90343 0.759424 1.1111 0.587974 0.267784 
1.1023 1.45016 2.022 0.549437 2.38823 0.790338 1.15261 1.19546 0.408376 0.550229 0.203531 0.0948977 
1.02387 1.74268 2.10958 0.56987 0.839793 1.69162 0.730977 0.158439 0.667831 0.321578 0.325396 0.107715 
1.08055 1.72228 1.55747 0.867774 2.08524 1.15779 0.991192 0.695129 -0.198159 -0.19226 0.678787 0.0043319 
1.0938 1.94843 1.68212 0.99959 2.0697 0.615948 1.06374 1.12088 0.583256 0.0266252 0.204326 0.0323445 
0.993624 1.67102 2.28674 1.01897 2.36123 0.133511 0.542078 0.62184 0.680831 0.764162 0.103465 0.127325 
1.02326 1.60583 2.49083 0.862531 1.79203 0.741995 0.473201 -0.164181 1.4399 0.326946 0.348111 0.210626 
1.05526 1.68972 1.57593 1.12212 1.93741 0.485353 1.55233 0.505232 1.83316 0.72676 0.435119 0.20459 
1.10998 1.68027 1.51178 0.780363 2.01175 1.19823 1.52113 -0.182778 1.17574 0.821281 0.00305576 0.188973 
1.0634 1.57577 1.88144 0.259021 1.92374 0.255721 1.47858 0.723536 0.146763 0.0501809 -0.0383857 0.0416729 
1.03154 1.74014 2.22887 0.652328 2.12767 1.03234 2.12296 1.10736 0.808822 0.563783 0.0599741 0.177972 
1.00197 1.52605 2.10832 0.814503 1.56299 0.210011 1.90237 0.803536 1.31348 0.883508 0.570452 0.219887 
1.10608 1.62891 1.8484 0.872815 1.41998 0.764483 1.55137 1.00397 0.920203 0.000842186 0.784122 0.115782 
1.1507 1.46085 2.01177 1.465 2.08725 0.631287 1.83582 1.37864 1.9509 0.00942585 0.365412 0.2576 
1.07131 1.43454 2.48235 1.48805 1.83014 0.283746 2.08892 0.675831 1.11845 0.658736 0.377213 0.257918 
0.933868 1.40407 2.73042 1.43588 2.01615 1.07781 2.34261 1.42767 1.13319 0.109877 0.548758 0.256722 
0.96794 1.61021 1.84129 1.31509 2.53894 1.01545 1.78014 1.13347 1.50959 0.79287 0.356662 0.256381 
1.01899 1.5059 1.75281 1.24614 1.72667 1.58071 1.64885 0.860826 1.12352 0.253411 0.468904 0.138048 
0.966995 1.51552 1.82888 0.618122 1.4591 0.606724 1.34392 1.79295 0.59403 0.0949016 0.668147 -0.0356447 
1.0723 1.34025 1.82384 0.324256 1.53886 -0.54175 0.458598 1.63229 0.281905 0.640935 0.748986 0.0529404 
1.06033 1.84524 2.26419 0.59976 1.50207 -0.574069 1.11928 1.76844 0.664473 0.206909 0.57809 0.0900898 
0.998698 1.56174 1.86371 1.00346 2.37075 0.337883 1.00332 1.49874 0.857182 0.0957482 0.89603 0.0753762 
0.927941 1.76814 1.88376 1.17539 1.78818 0.627528 1.44688 1.8324 0.983794 0.131208 0.498187 0.0859729 
0.940829 1.26345 2.03181 1.83389 0.973524 0.615641 1.22933 1.29001 1.60492 0.32765 0.315302 0.162854 
0.879735 1.36583 2.32917 1.70421 1.31768 0.666383 0.463562 1.57147 1.2196 0.235338 0.643174 0.124159 
0.964448 1.326 2.23331 1.43852 2.11254 0.704423 1.11319 1.42718 0.803426 0.0112516 0.609093 0.144015 
0.83686 1.38006 1.74219 0.763793 1.32716 1.24887 1.35997 0.735827 1.08385 0.0597758 -0.155537 0.0842438 
0.890211 1.49655 1.47759 0.94968 1.10962 1.83216 1.13733 1.04633 1.34882 -0.0246853 0.216612 0.0552315 
1.02032 1.59007 1.77734 1.4861 1.12321 1.58791 1.70753 1.68278 1.21272 -0.473425 0.684058 0.0827825 
0.871936 1.49366 1.76023 0.803797 1.41004 1.79192 1.88174 1.43141 1.22591 -0.327401 0.31381 0.113459 
0.833979 1.5566 1.76968 0.701683 1.9926 1.49086 0.711006 0.791038 1.36343 0.962773 0.132757 0.202701 
