0.890325 1.07144 1.18177 0.490904 0.648818 0.350123 1.3358 0.281896 0.458454 0.402574 0.173477 0.0571679 
0.986862 0.950708 1.95493 0.407043 0.723365 0.873456 0.654613 1.10706 0.885189 1.3598 -0.162924 0.0272987 
1.05376 0.433906 1.55382 0.562613 0.480366 0.192912 0.426345 0.0571667 1.34974 1.14735 -0.116408 0.0660135 
0.975828 0.426017 1.32183 0.367914 1.19043 -0.195392 0.739639 0.367298 0.321163 0.292743 -0.31333 0.0333047 
0.968357 0.867998 1.06621 0.768154 1.71634 -0.556315 0.514595 0.633272 0.179725 -0.233899 -0.223145 0.134824 
0.822115 0.81093 1.70841 0.77396 0.671632 -1.0079 0.851024 0.993421 0.61737 -0.0311384 0.120685 0.168752 
0.822263 1.0329 1.77726 0.550723 0.807563 -0.934566 0.876092 0.118362 0.837992 0.280768 0.619459 0.0711832 
0.770628 0.722301 1.45781 0.21025 1.20692 -1.22888 0.50247 -0.546105 -0.0569173 0.164885 0.203302 -0.0905227 
0.778579 0.658657 0.99183 0.488649 0.145388 -0.931711 -0.220418 -0.353336 0.498853 0.019904 0.207133 -0.197676 
0.879448 0.287245 1.00095 0.255655 -0.0906061 -0.190664 0.273151 -0.620657 1.01731 0.377288 0.237072 0.0425366 
0.943307 -0.0564883 0.649199 1.07485 1.41463 0.404129 0.574956 0.789667 1.27087 0.360386 -0.37511 -0.0781485 
1.10335 0.0826184 0.414085 1.48622 1.53986 0.843801 0.742631 1.32206 1.88914 -0.00778819 -0.430879 -0.114349 
0.919662 0.398179 1.32183 0.93955 2.35803 0.782897 -0.187755 1.15482 1.51339 0.17202 -0.373058 -0.104314 
1.05113 0.479402 1.09423 1.35313 2.55784 0.177734 -0.206996 1.04784 1.15075 0.180693 -0.257446 -0.0134347 
1.13148 0.45582 1.12025 1.19817 1.36282 -0.00894772 0.830228 1.2822 1.41565 0.47612 0.0618648 0.0846685 
1.22085 0.265049 0.959604 0.575614 0.863593 0.213098 0.943645 1.66081 1.18471 -0.053184 -0.291814 -0.0656845 
1.03774 0.0432221 0.508352 1.12835 1.49958 0.603691 1.43533 1.97053 1.08889 0.0918495 -0.766795 -0.283516 
1.15765 0.0778043 0.342702 1.54865 1.36415 0.611399 1.79316 1.53169 1.24901 0.046774 -0.047293 -0.0299422 
1.5619 0.836853 0.920117 2.07789 1.74513 0.605242 1.53947 1.01122 1.81509 0.338557 -0.939414 -0.371091 
1.94008 1.13876 -0.146883 0.68244 1.85855 1.50359 1.24557 0.88256 1.33571 0.149945 -0.680158 -0.578759 
1.96334 1.42194 0.416236 0.944685 2.64117 1.35506 1.60684 1.08953 1.22431 0.260696 -0.877147 -0.57484 
2.24506 1.00244 -0.826065 1.14583 2.51199 1.29373 1.69949 0.842945 0.849562 0.316598 -0.459496 -0.476548 
2.20426 1.322 -0.109008 1.44248 3.09673 0.840788 1.86196 1.18244 0.974243 0.446908 -0.823958 -0.563418 
2.12019 1.28211 0.260859 1.78049 2.36071 1.00299 1.97922 1.67391 0.647618 0.393208 -0.821912 -0.559572 
2.55249 0.999879 -1.85476 0.973507 2.94548 0.731602 1.15593 1.23317 0.73902 0.199333 -0.746187 -0.478346 
2.34815 1.32461 -0.595029 1.35558 2.25999 1.09486 1.48358 1.45487 0.825642 0.342238 -0.757266 -0.645755 
2.11967 1.22518 0.612958 1.93395 2.11152 0.367498 1.99953 2.25012 1.03719 0.408947 -0.961395 -0.627149 
2.25409 1.38838 0.0124352 1.01507 2.2307 0.534701 1.86349 1.71506 0.878959 0.228621 -0.858607 -0.584714 
2.09808 1.66715 -0.0768051 0.647721 1.90771 1.36147 1.33125 1.17947 1.36711 0.310616 -0.806167 -0.734022 
2.44692 1.42585 -0.810066 0.41729 2.52786 1.35445 1.78134 1.2552 0.445094 0.469359 -0.564613 -0.565348 
2.35756 1.34043 -0.730319 0.61952 2.54299 1.72611 2.08975 0.785856 0.272767 0.432318 -0.395217 -0.487104 
2.31286 1.11247 -0.578261 0.943417 2.93003 0.727814 2.19666 0.851062 0.359033 0.4813 -0.490604 -0.436839 
2.32218 1.24611 -0.862385 0.886014 3.19119 0.200016 1.34553 1.57332 0.768146 0.568772 -0.843168 -0.462433 
2.04499 1.00947 -0.998294 0.639679 2.67613 1.09152 1.30242 1.81984 0.0842859 0.44431 -0.796897 -0.459289 
2.02894 1.29926 -0.98398 0.369166 3.30791 1.2832 1.37956 1.59242 -0.125069 0.171974 -0.91302 -0.349121 
1.97558 1.47997 -0.742972 0.564341 3.19095 1.01413 1.79819 1.25822 0.4201 0.237767 -0.932957 -0.411581 
1.98896 1.68104 -0.520548 0.878423 3.14363 1.0853 1.28507 1.57158 1.19039 0.40856 -1.00766 -0.612133 
2.12569 1.3807 0.0684664 1.60604 3.44987 1.47472 2.38665 1.62303 0.599626 0.768284 -0.733811 -0.443657 
1.97149 1.76794 0.149859 1.09156 2.84547 2.21974 1.9925 1.90433 0.554498 0.520107 -0.779663 -0.401309 
1.92448 1.85021 0.267329 0.221375 3.14078 2.70975 1.92626 1.52356 0.252209 0.626894 -0.522833 -0.323883 
1.94854 1.74808 -0.0400008 0.933488 4.05493 2.11237 2.11391 1.23664 0.376834 0.538043 -0.676143 -0.262622 
2.02287 1.4635 -0.142196 1.32856 4.95153 2.2128 1.82106 0.887816 0.202465 0.543805 -0.608113 -0.213615 
1.98898 1.5016 -0.462413 1.35366 4.99619 2.00241 1.64731 0.426797 -0.127064 0.620958 -0.514048 -0.134765 
1.98842 1.22479 -0.598539 0.601634 4.99733 1.91524 1.99689 0.0487773 -0.73683 0.392707 -0.459227 0.00561438 
1.87553 1.13957 -0.302768 0.592285 5.15377 2.52592 1.81352 -0.456308 -0.675924 0.432563 -0.195502 0.00522358 
1.99677 1.22272 -0.251258 0.451272 4.70347 3.05786 1.62742 0.00626001 -0.393713 0.555701 -0.00333982 -0.0685413 
1.91608 0.93645 -0.157405 1.36007 5.95203 2.63018 1.59256 -0.510543 -0.119388 0.889943 0.118102 0.107255 
1.94264 0.537417 -0.0711868 2.03911 5.28059 2.99335 1.67244 -0.878508 0.0189476 0.830973 0.147957 -0.0356717 
1.90136 0.371751 0.502168 1.25957 4.40585 2.38089 1.3157 -0.262674 0.336201 0.967697 -0.0510233 -0.152568 
1.82602 0.519898 0.518505 0.55002 3.33367 1.94733 1.67906 0.25573 1.03406 0.943377 -0.606861 -0.349204 
1.89435 0.922683 -0.180561 1.08946 3.32293 1.83921 1.41266 0.359034 1.27448 0.70364 -0.524543 -0.406942 
1.838 0.951401 -0.264715 0.897123 3.49348 1.47094 1.24739 1.07267 1.81635 0.864671 -0.49541 -0.384083 
1.8561 0.543287 0.396738 1.49008 3.37862 1.58005 1.76984 1.387 0.679093 0.442765 -0.59356 -0.23019 
1.64774 -0.381228 0.571321 2.00237 3.41138 1.3954 1.80969 2.09519 -0.0986916 0.439426 0.0665782 0.0356703 
1.71608 0.400957 0.472226 1.41743 3.65649 1.74562 2.05012 1.28211 1.03761 0.607804 -0.16111 0.0793095 
1.63764 0.649132 0.574993 0.831361 3.84111 2.52495 1.66395 0.857638 1.56463 1.08151 -0.0544155 -0.0267937 
1.56272 0.91655 0.371591 1.2182 3.72061 2.47787 1.23227 1.38774 1.30352 0.979488 -0.112432 -0.0649183 
1.4953 1.13158 0.607276 1.40769 3.33702 2.14066 1.35283 0.902977 1.52305 0.618344 -0.198848 -0.0483706 
1.50313 0.861074 0.351806 1.33097 3.40177 1.40184 1.6964 0.814208 0.97382 1.0867 0.239551 0.0990368 
1.6742 0.884549 0.954821 0.878092 3.06789 1.14264 1.58088 0.761273 1.73559 1.12055 -0.389131 -0.165824 
1.72348 1.04342 0.935027 0.935763 3.24964 2.00594 1.4803 0.624809 1.55989 1.04035 -0.789085 -0.443467 
1.74732 1.07647 0.94619 0.883338 3.53291 2.05735 1.43365 1.39488 1.13304 0.718933 -0.834059 -0.439496 
1.54402 1.2204 1.2993 0.975788 3.23617 2.67012 1.83458 1.27671 1.11909 0.57392 -0.880485 -0.221973 
1.52473 1.13707 1.1706 0.947625 2.93789 2.19778 2.0236 0.259512 0.829416 0.879964 -0.606404 -0.158264 
1.53277 1.12268 0.589922 0.852478 2.97714 1.47599 1.3977 0.574148 1.31492 0.324383 -0.6328 -0.284972 
1.57331 0.782044 1.47073 0.771114 2.68664 2.00909 1.66825 0.751236 0.0904751 0.374134 -0.245566 -0.0927973 
1.59084 0.623984 1.97414 1.20426 2.76695 2.39774 1.70155 0.907611 -0.22844 0.777887 -0.14747 -0.17963 
1.41359 1.03204 1.73959 1.35488 3.38651 1.36097 1.97308 1.0582 0.179174 0.647839 -0.253604 0.0583874 
1.50491 1.06452 1.17932 1.05033 3.50026 1.3025 1.55062 1.21389 1.35248 1.00701 -0.449595 -0.0701454 
1.44621 0.866883 0.753905 0.918873 2.83983 1.58035 2.09625 1.26202 2.08388 1.05159 -0.188778 -0.0137267 
1.40313 1.24865 1.45832 0.705011 2.21159 1.7895 1.85956 1.38279 1.80244 0.922242 -0.0917011 0.0803518 
1.40805 1.1975 1.55328 1.28726 2.08423 2.02829 1.36137 0.619552 1.48663 0.895299 0.0922414 0.114585 
1.43408 1.07295 1.32547 0.971477 2.14871 1.09026 1.50318 0.286218 0.599673 0.725158 0.282011 0.116085 
1.31682 0.579024 0.93878 0.822898 2.23647 0.927908 1.55883 0.402533 0.498058 0.578494 0.0584359 -0.00692478 
1.29852 0.673748 1.06807 0.90548 2.07461 1.27076 1.39461 0.146152 1.2748 1.1963 0.240536 0.00971509 
1.33891 0.438991 0.748926 0.724123 3.22372 1.74662 0.820086 0.814048 1.99301 0.993998 0.352021 -0.00115809 
1.63873 -0.805021 0.014049 0.62385 1.8407 0.653527 -0.934515 -0.278948 1.71429 0.875209 0.462447 0.101651 
1.09327 -0.47469 0.446876 0.718139 1.59322 0.259142 -0.615301 0.352197 0.390973 0.423378 0.400917 -0.300347 
0.383367 -0.622895 0.800468 2.23278 1.75535 1.06883 0.19727 1.00618 0.0835502 0.186363 -0.0733352 -0.0880101 
0.354396 -1.28231 -0.00531662 1.84551 2.34618 1.73948 0.810528 0.197452 -0.720669 -0.0281378 0.0930409 0.183019 
0.490567 -1.59419 -0.694521 2.18455 0.580746 0.70742 1.03481 0.640252 -0.56576 -1.02256 0.674587 0.101071 
0.604446 -1.15088 -0.532438 2.35074 1.24233 1.44279 1.36446 1.38114 -0.0200341 -1.08752 0.895304 0.0425664 
0.851582 -0.341867 -0.0784511 1.36102 1.56159 2.61603 1.81312 1.38121 0.284778 -0.906863 0.893605 0.170945 
0.925515 -0.347107 0.694015 1.05909 1.40414 2.30066 1.65199 1.23451 0.519533 0.209113 0.340835 -0.047432 
1.07926 -0.223582 -0.0826931 0.435474 1.52001 0.780363 1.85359 2.6755 0.140131 0.105064 0.883381 -0.0554236 
1.04522 -0.179493 0.38212 0.352193 1.15041 0.904059 1.24127 2.62622 0.896149 0.435674 0.996968 -0.219205 
1.17969 -0.346051 0.425486 0.65422 0.385441 0.419343 1.65029 1.72242 0.305126 0.90947 0.540354 -0.264518 
1.12699 -0.783177 0.436828 1.0267 0.591386 0.322599 0.651151 1.63878 1.22105 0.0420578 -0.109736 -0.423186 
1.11457 -0.719278 0.619912 0.947586 1.25888 -0.232264 0.923006 1.46775 1.0905 -0.219539 -0.134855 -0.407277 
1.11916 -0.195021 0.973046 0.88024 0.955063 -0.793192 1.93641 1.19168 0.592684 -0.432411 0.360913 -0.134077 
1.23007 -0.192498 0.181037 0.827673 0.797688 -0.353557 2.0485 1.46267 0.56053 0.129904 0.550025 -0.218092 
1.14102 -0.537123 0.624174 1.21525 1.35888 0.0838576 1.07473 0.878593 0.676608 -0.0915738 0.634387 -0.149239 
1.33682 -0.0472012 0.317604 0.45125 1.9379 0.424883 0.602655 1.27886 1.19943 0.0783513 0.40413 -0.0958526 
1.24805 0.113299 0.726091 0.553436 1.32022 0.313191 1.03071 1.85695 0.507871 0.935984 0.784094 -0.198952 
1.31984 -0.0758567 1.09937 0.561988 1.58144 -0.0823666 1.57571 1.4298 0.812232 0.67643 1.07971 0.0894476 
1.16886 0.258291 0.877098 1.01478 1.41816 0.306616 1.2939 1.01886 0.843888 -0.0146845 0.741986 0.0413342 
1.15279 -0.250661 0.946366 1.61424 1.0768 0.00221195 1.34729 1.1219 1.48846 0.0937668 0.328744 -0.0434403 
1.15043 -0.814258 1.21536 1.83551 1.47426 0.00662968 1.76782 1.06907 0.695445 -0.0987923 0.28652 0.102806 
1.08991 -0.620631 0.975993 2.11501 1.68627 -0.767575 1.77959 1.67076 1.34383 0.44205 0.416867 -0.0566273 
1.01777 -0.375955 0.42934 1.66527 1.10709 -0.283068 2.10483 1.81494 0.965916 0.496445 0.522893 -0.236466 
1.01494 0.0180559 0.952023 1.41646 0.996199 -0.264728 0.896357 1.33455 0.749189 0.81749 0.254347 -0.0886381 
1.10793 0.395281 0.752575 1.03671 1.21033 -0.446736 1.64018 1.15085 1.15539 1.08443 0.742926 0.00190437 
1.16653 0.614902 1.32059 0.728098 1.58454 0.266295 1.49476 0.501181 1.39012 1.1794 0.770728 0.0757032 
1.07243 0.35392 1.53708 0.306012 0.996326 0.594703 1.02825 0.637492 0.615607 0.481974 0.67197 0.0351107 
0.979912 0.599635 1.01174 0.746533 1.5761 0.889166 1.44978 0.89868 0.621098 0.333303 0.592874 0.0848597 
0.99912 0.911629 0.964337 1.11716 2.22495 0.180926 1.37744 0.991233 0.618616 0.14719 0.944871 0.158738 
0.931456 0.363638 1.6953 1.10339 1.53277 0.238331 1.88852 0.574889 -0.187761 -0.527726 0.481905 0.145096 
0.948477 -0.181785 1.00013 0.570726 1.68183 -0.532842 1.4545 0.270999 0.203091 0.431046 0.479139 -0.062269 
0.9584 0.0382004 0.788774 -0.081438 1.82549 -0.247257 1.61217 1.30741 0.357849 0.411261 0.173861 -0.150381 
1.10704 -0.139635 0.432552 -0.224746 2.5451 0.526533 2.00962 1.09581 -0.660874 -0.356452 0.323994 0.252747 
1.10814 0.121222 0.884988 0.435518 1.33066 1.20041 2.66793 -0.224366 -0.257179 -0.576093 0.375189 0.270692 
0.947412 0.841325 1.38512 0.666131 1.17935 -0.0937919 0.97016 0.726106 0.748167 -0.215045 0.183338 0.0957297 
0.93429 0.60447 1.39934 1.70502 1.62381 0.113221 1.4263 1.09082 1.45156 0.300594 0.442799 0.0856049 
0.934526 0.285367 1.81815 1.68739 1.88376 0.325157 1.27752 0.642353 1.09022 -0.0335625 0.696369 0.168665 
0.962411 0.387602 1.33865 0.738877 1.63432 -0.175622 1.3423 0.440458 0.551652 -0.0392713 0.446862 0.233587 
0.898647 0.75796 1.08715 0.45371 1.24603 -0.0204003 1.39726 0.259649 0.847055 0.153295 -0.00402692 0.0970955 
0.870395 0.912033 1.49273 0.780983 1.9496 0.181528 1.24886 0.663034 0.744459 0.44383 -0.0461659 0.125535 
0.836466 0.893689 1.77217 0.619639 1.67373 -0.0298872 2.07946 0.855188 0.506006 0.350015 0.357205 0.130708 
0.8721 0.808419 1.83603 0.21949 1.16606 -0.514136 1.61836 0.611375 0.71207 0.129378 0.37037 0.166379 
0.904655 0.685577 1.71112 0.491789 1.43758 0.48203 1.47205 0.893466 1.68858 0.619078 0.12574 0.103863 
0.937977 0.887855 1.71241 0.730349 1.23559 0.650121 2.06451 1.32311 1.43152 0.571971 0.282047 0.073693 
0.827703 0.690821 1.54771 0.461402 1.6407 0.0089095 1.96664 1.31288 0.680653 0.717488 0.559096 -0.0140903 
0.816245 0.752536 1.21609 0.824467 1.2389 -0.75751 0.916031 1.10778 0.136195 0.698412 0.596709 0.0481253 
0.874231 0.817559 1.24037 0.830962 1.2162 -0.183729 0.234969 0.926101 0.219431 0.0475254 0.60016 0.12257 
0.917516 0.921782 1.02013 1.18396 2.09815 1.22346 1.01239 0.676716 0.362356 0.85661 0.493549 0.0289097 
0.849165 0.688194 1.67157 0.936163 1.29541 0.704032 0.623996 0.26998 0.763234 0.742129 -0.171872 0.0124083 
0.898263 0.970987 1.22318 0.740067 2.20817 0.993745 0.858733 0.71397 0.24826 -0.220466 -0.0744156 0.102278 
0.895971 0.759895 1.6133 1.05189 1.2087 1.629 1.44578 0.494603 0.980978 0.18773 0.100532 0.0903667 
