0.761405 1.48804 1.72198 1.65605 1.98272 0.643366 1.55252 0.507198 0.468705 0.498882 0.409244 0.0479172 
0.750912 1.41834 1.92694 1.02123 1.38571 0.790662 1.21189 1.09158 0.899704 0.470806 -0.0876655 0.138348 
0.912506 1.25836 1.69817 1.77156 0.723183 0.513849 2.13499 1.41176 0.967924 0.860933 0.269684 0.0861647 
0.67384 0.756099 2.1774 1.76396 0.267856 0.783408 2.69907 1.67261 0.8822 0.569167 0.640633 -0.0337029 
0.630328 0.81018 2.45942 1.49443 0.896233 0.901917 2.06317 0.783293 0.473172 1.27535 0.563389 -0.111032 
0.464588 0.307837 2.87652 2.48321 0.0250324 -0.230826 2.04702 1.1399 0.116382 0.206727 0.491935 0.0464434 
0.0783753 0.124067 3.39273 2.21754 -1.08936 0.431079 2.86634 0.951741 0.284002 0.181553 0.663053 -0.050996 
-0.0991455 0.180445 3.25532 2.58339 -1.00676 1.04958 3.3259 1.06761 0.498295 0.447542 0.937972 -0.199296 
-0.161624 -0.0707829 3.68254 2.81713 -0.748244 0.369264 2.12085 0.910935 0.00885689 0.603671 0.473578 -0.116965 
-0.198239 -0.499001 3.88794 2.75068 -0.582101 0.260969 2.33272 0.745677 0.240106 0.409735 0.150092 0.0690788 
-0.417539 -0.65136 3.30679 3.09752 -1.6334 0.232087 2.45694 0.0446086 0.0612658 0.00407781 0.191919 0.13942 
-0.516988 -0.278612 3.72819 3.54395 -1.52387 0.719052 2.81612 -0.00854002 -0.18884 0.36829 0.536087 0.0329207 
-0.448232 -0.340682 4.00579 3.01097 -1.86096 1.08196 3.62888 -0.273658 0.349544 0.163692 0.698299 -0.122619 
-0.597291 -0.508641 4.16098 3.07913 -1.13775 0.970379 3.23045 0.298113 -0.274655 0.67984 0.673682 -0.0849948 
-0.841296 -0.675874 4.33194 2.86009 -0.961043 1.78607 3.55234 -0.153715 -0.225657 1.05444 0.50529 -0.222399 
-0.780058 -0.291299 4.55452 1.99028 -1.6152 1.51387 2.76036 0.403919 -0.587751 0.992009 0.475246 -0.35326 
-0.837574 -0.163769 4.21012 2.375 -1.73469 1.3084 3.28949 0.2813 -0.0634866 0.724597 0.733702 -0.310994 
-0.793165 0.0519748 4.27845 2.44384 -1.73484 1.41953 3.10807 -0.0208898 0.48857 0.698245 0.666848 -0.240461 
-0.730942 0.104063 4.92022 1.957 -0.784524 1.59608 2.74828 -0.632525 0.404707 1.06637 -0.112354 0.0567305 
-0.942426 0.188758 4.79146 2.23877 -0.784512 1.53279 3.26626 -1.81975 1.17923 0.452897 -0.0841759 0.0401009 
-1.08321 0.058387 4.99032 1.99014 -1.32761 1.6732 3.32786 -0.880876 0.709965 0.620627 0.298631 -0.155591 
-1.10883 -0.0180289 4.67183 1.61128 -0.546353 1.33939 3.09729 -0.161778 0.574759 0.590078 0.295735 -0.062644 
-1.0145 -0.0669583 4.76089 1.1805 -0.496098 0.73287 1.96217 0.242054 -0.378472 0.957164 -0.23644 0.0807235 
-1.14257 0.0112374 4.02779 1.57219 -1.11377 1.65895 2.57633 -0.178383 0.46062 0.267258 0.0183129 0.085038 
-1.02708 0.173093 4.09803 2.7617 -1.37559 1.68841 2.45722 -0.508686 0.694619 0.240332 0.341773 -0.161714 
-0.999779 0.290076 4.26356 1.96362 -0.942565 2.04831 2.49898 -0.439201 0.53045 0.780119 -0.109094 0.0675328 
-1.0824 0.413861 3.81204 1.59075 -0.0954852 1.63926 1.46973 0.495272 1.2384 0.0674461 0.0775129 0.191518 
-1.0379 0.337134 4.18301 1.42975 -0.184478 1.92405 1.44797 0.0854574 0.836888 0.254759 0.0542134 0.151616 
-1.06261 0.387982 4.2765 1.21435 -0.104501 1.76302 2.01198 0.435775 0.162682 0.899218 -0.174843 0.154266 
-1.16027 0.114474 3.84314 1.55054 -0.339095 1.23077 2.05734 0.518062 -0.171195 0.59098 -0.025728 -0.0290985 
-0.986009 -0.531826 4.24063 1.04308 0.520575 1.5733 1.797 0.34086 0.232118 0.894755 -0.129863 0.126265 
-0.989288 -0.231959 3.83344 0.599459 -0.750194 0.696939 1.61869 0.288183 0.439397 0.492804 0.0636334 0.280511 
-0.857507 -0.477486 3.45438 0.721345 -0.685059 0.464197 0.974067 0.677332 0.173305 0.743338 0.144223 0.359877 
-0.497459 -0.35471 3.16599 0.930762 -0.983301 0.848308 1.84193 0.574178 -0.239676 0.841639 -0.161447 0.017273 
-0.159967 0.232143 3.38716 0.492074 -1.17089 0.322105 2.31859 0.285574 0.265938 0.575568 -0.659292 -0.164519 
0.23862 0.0462696 3.63557 0.42266 -0.699873 0.923054 2.37026 -0.314505 0.429311 0.682459 -0.27091 -0.108053 
0.805721 0.734094 2.82613 0.601587 -0.92521 1.25064 2.39466 -0.140805 0.822146 0.821749 0.0946134 -0.218577 
1.95532 0.770918 2.24694 0.92512 -0.344986 -0.529258 0.974043 0.597626 1.0344 1.08161 -0.428852 -0.504984 
2.16498 1.17703 2.69143 1.15676 -0.0242619 -0.523857 0.875592 0.421405 1.49086 1.12538 -0.555318 -0.45561 
1.77284 1.91861 3.79809 0.280661 -0.38201 0.0371279 1.57067 0.686867 1.03188 1.03979 -0.542744 -0.336523 
1.71194 1.63134 2.85647 0.479922 0.376617 0.909919 1.02172 0.354457 0.518482 0.711494 -0.752461 -0.396868 
1.97457 1.65715 2.60238 0.902249 0.160857 0.484519 1.15971 0.482081 1.14499 0.750094 -0.662714 -0.460211 
1.98889 1.73168 2.09076 1.11707 0.531209 1.47284 1.75835 0.0153596 0.0732438 0.667626 -0.633327 -0.498914 
2.0364 1.7652 2.01722 1.53423 0.276986 0.194553 0.686732 0.220239 0.894378 1.12481 -0.408679 -0.467222 
2.31755 1.26982 1.78349 1.26365 0.317077 -0.179477 0.15175 0.745505 1.23744 1.01915 -0.232436 -0.486239 
2.69482 0.468705 0.545481 0.210382 0.931812 -0.372838 0.575749 -0.0878097 0.801462 1.1373 -0.040256 -0.478105 
2.81929 0.57279 -0.0217931 -0.365189 1.1959 0.464301 -0.553569 -0.00364317 1.17655 0.702445 -0.214568 -0.472733 
2.88704 0.670227 -0.411396 0.122588 1.09423 0.0277372 -0.250583 -0.182015 1.20291 0.87883 -0.126638 -0.470154 
2.82972 0.794696 -0.468546 -0.22326 0.804038 0.0603299 -0.0604489 -0.485118 1.38431 0.870588 -0.110909 -0.399886 
2.8778 0.778379 0.0223395 -0.866562 0.728688 0.590751 0.153601 -0.527329 1.57778 0.913662 -0.179087 -0.241248 
2.75996 0.982251 0.0508097 -0.119793 0.773332 0.568202 0.350468 -0.43026 1.61211 0.846454 -0.0662563 -0.216512 
2.62746 1.04694 -0.0685365 -0.345695 1.45464 0.834214 0.258195 -0.536755 1.69055 0.696166 -0.10971 -0.25282 
2.41411 0.822565 0.414187 0.0841051 1.24717 0.654569 0.0304688 -0.738265 1.71349 0.935284 -0.0378454 -0.244588 
2.4613 1.35163 0.139012 0.366039 1.19 0.755499 -0.166741 -0.183528 1.68514 0.605289 -0.0285127 -0.279038 
2.60618 1.51315 0.475674 0.640734 1.51424 1.2055 0.583982 -0.0378901 1.98044 0.95967 -0.138048 -0.464037 
2.63848 1.52617 0.402198 0.430408 1.72636 0.670014 -0.140125 0.0491646 1.88256 0.992448 -0.0145464 -0.352889 
2.99375 0.92065 0.891077 -0.169754 1.70693 0.780692 -0.0247755 -0.124118 1.8741 1.36981 -0.136973 -0.322274 
2.95841 1.1416 -0.141046 0.452946 0.990731 0.692113 0.282138 -0.420402 1.89491 1.21944 0.022939 -0.370495 
2.9501 0.986701 -0.632989 0.120262 0.590424 0.435499 0.436705 -0.67498 1.81509 1.10613 0.0449133 -0.35862 
2.9912 0.950395 -1.23091 -0.4716 0.727464 0.648681 0.347741 -0.396861 1.74591 0.879928 -0.0660801 -0.388956 
3.09847 0.516963 -1.33459 -0.394655 0.310009 0.490575 1.24631 -0.547596 1.45669 0.932185 -0.127437 -0.468352 
3.0698 0.467125 -1.58228 -0.866235 0.821763 0.606971 0.964259 -0.416914 1.24845 0.622068 -0.354448 -0.519959 
3.15893 0.533636 -1.76299 -0.702327 1.45888 0.0292622 0.469736 -0.161923 1.28077 0.842811 -0.196903 -0.484775 
3.03278 0.808094 -1.80378 -0.265652 1.84916 0.205341 -0.222411 0.0654033 1.3252 1.02822 -0.0184951 -0.454432 
2.88914 0.943864 -1.68913 -0.28497 1.67603 0.383431 -0.190041 0.243226 1.32202 0.943408 -0.061675 -0.467063 
3.04321 0.898604 -1.94532 -0.0136961 2.48201 0.0401753 0.0520059 0.35972 1.27215 0.806395 -0.276333 -0.44594 
2.83314 0.807425 -1.65082 0.255716 2.09959 0.0740306 0.0738885 0.624929 1.33109 0.768737 -0.269466 -0.483659 
2.90796 0.481165 -1.45974 0.672058 1.95415 -0.757734 0.349357 0.431052 1.6012 0.79173 -0.198123 -0.443601 
2.96885 0.575993 -1.67421 0.968657 1.6919 -0.720228 0.576905 0.276028 1.78372 0.893856 0.0765658 -0.429898 
2.86639 1.00671 -1.16771 0.404405 1.91636 -0.105043 0.427028 0.459042 1.39199 1.05445 0.00612241 -0.449985 
2.77167 1.14858 -1.54851 0.553119 2.03375 -0.24699 0.804956 0.979741 1.50491 0.827918 -0.0736165 -0.290569 
2.43314 1.03307 -1.07464 0.359788 1.68919 0.545803 1.49639 1.34921 1.18296 0.467448 -0.00151115 -0.0933136 
2.68732 1.16504 -0.35767 0.390489 1.49354 0.544873 2.25805 0.212604 1.236 0.875283 0.316696 -0.104242 
2.56308 1.39397 -0.356126 0.475537 2.56762 1.04335 2.08321 0.408735 0.949315 0.799159 0.204102 -0.0453158 
2.49512 1.31532 -0.775654 0.355848 3.1319 0.995084 1.73634 0.926199 0.735234 0.724849 0.0624217 0.0561691 
2.7455 1.4105 -1.08458 0.222572 3.37965 0.43863 1.64508 1.11946 0.842456 0.734523 -0.102337 0.129096 
2.66857 1.33217 -0.260417 -0.0037737 2.52317 0.374637 2.24423 0.575802 1.14404 0.821343 0.298469 0.332056 
2.45279 1.51785 0.176277 0.694673 2.63312 1.59083 1.70495 0.870638 0.802715 0.433581 0.0863681 0.0319616 
2.67591 1.44841 -0.0446946 0.365023 2.10712 2.38896 2.08307 -0.196793 0.852711 0.629815 0.357458 0.0368964 
2.31128 1.37109 0.565421 0.462955 2.42724 2.63655 1.80687 -0.135881 0.469824 0.745449 0.235478 -0.047551 
2.654 1.46406 0.0686264 -0.306818 3.32339 1.89155 1.61256 -0.329792 0.707125 0.520037 0.0536396 0.0204621 
2.5225 1.73179 -0.136322 0.288477 2.88017 2.11736 1.3629 0.541703 0.929612 0.43519 0.0404378 -0.146573 
2.49369 1.84612 0.104154 -0.00621375 2.16456 1.66865 2.35187 0.715589 1.03974 0.180716 -0.0661559 -0.0366191 
2.49541 1.67314 0.22923 0.191475 2.32681 1.32071 1.95787 0.914833 1.04301 0.325232 0.0116262 0.055667 
2.29629 1.63884 0.436136 0.344996 2.32339 1.82545 1.47676 0.848893 0.952335 0.687133 0.266983 0.0384906 
2.40459 1.62124 0.199806 0.460333 2.28502 2.56616 1.67716 0.380997 0.924276 0.346097 0.19346 0.0282315 
2.36564 1.52759 0.141877 0.0954845 1.59224 1.8091 1.63381 0.903512 0.910583 0.696962 0.427122 0.149207 
2.33584 1.49668 0.120948 -0.427242 2.4561 1.28582 1.78053 0.972029 1.04829 0.777026 0.212014 0.0697571 
2.3419 1.37761 0.622258 -0.652864 2.46495 0.872357 1.23254 0.586004 1.53821 1.29919 0.445313 0.167568 
2.22903 1.50899 0.220801 -0.198276 1.20639 1.31156 1.52401 -0.198791 1.70409 0.932807 0.664944 0.201926 
2.17818 1.53106 0.605645 -0.395557 1.56316 1.09955 1.81131 0.76009 0.867395 1.1738 0.617248 0.241989 
2.17542 1.4975 0.755342 -0.410832 2.42376 1.85535 1.97851 0.41794 0.907085 0.6497 0.409605 0.301678 
2.16944 1.68449 0.537142 0.522552 2.94708 3.19137 2.59459 0.155583 1.5038 -0.0248574 0.149003 0.153809 
1.97503 1.96951 1.20307 -0.190426 2.42384 2.95846 2.33154 1.15823 1.2623 0.317337 0.0111109 0.0616451 
1.98285 2.00698 0.868635 -0.142992 1.54648 1.69635 2.1572 1.71913 0.993339 0.550817 0.331729 0.182547 
1.8797 2.1936 0.866341 -0.192605 1.80808 1.41523 2.38469 1.87465 1.25366 0.956317 0.29979 0.158063 
1.93131 1.95368 1.46456 -0.305044 1.5539 1.60215 1.86903 1.89895 1.37965 1.14793 0.357834 0.10073 
1.83182 1.86842 1.55575 0.256017 1.59139 1.99652 1.81122 1.43077 2.00414 1.14534 0.36198 0.152726 
1.82355 1.79267 1.35019 0.307572 1.886 1.46482 1.90159 1.43771 1.55151 1.23497 0.51574 0.228837 
1.66033 1.99778 1.39774 0.530084 1.98267 1.68669 2.03805 1.65453 1.06193 0.735199 0.324356 0.179876 
1.70746 1.92971 1.61167 1.25582 2.97382 2.10566 2.66342 1.31038 1.09847 0.157105 0.0546039 0.166063 
1.7726 1.85991 1.87565 1.03204 2.41298 2.66254 2.3054 1.08969 0.850857 0.406154 0.0542949 0.13285 
1.65946 1.74832 1.73945 0.820849 2.12344 2.10949 2.69746 1.40469 0.599157 0.349698 0.33184 0.266285 
1.60892 1.83898 1.33048 0.661776 1.84178 1.4088 2.31386 1.22474 1.42862 0.463995 0.632342 0.312433 
1.711 2.00527 1.43626 0.551293 1.31471 1.86701 2.51927 1.1358 1.42217 0.197297 0.394089 0.218469 
1.74851 2.03139 1.34433 0.76881 1.77536 1.55308 1.89882 1.90126 1.00228 0.0961088 0.34406 0.161384 
1.68039 2.09535 1.76696 0.24288 1.24028 1.772 2.29636 1.34825 1.11513 0.495257 0.221714 0.144766 
1.54188 2.00816 2.25156 0.607473 1.70513 1.36985 2.27036 1.38216 0.796592 -0.0454963 0.347244 0.150109 
1.53552 2.37597 2.01262 0.467863 2.38827 1.37678 1.58631 1.65941 1.48552 0.0655795 0.517894 0.124924 
1.49855 2.18511 1.29807 1.37681 1.79483 1.68909 1.69571 1.74655 2.0521 0.469422 0.336246 0.0977411 
1.41901 1.9548 1.54626 1.39577 2.37825 0.773335 1.4618 2.07494 1.4331 0.450122 0.657743 0.262595 
1.44942 1.67516 2.27934 1.211 2.41123 0.57103 1.50949 0.764724 1.22371 1.29474 0.625037 0.382517 
1.42661 1.52219 2.07295 1.39046 2.49453 1.12529 1.27749 0.939654 1.4841 1.17021 0.482199 0.282107 
1.37254 1.81675 1.54332 1.03484 3.13759 1.01636 1.71589 1.27739 1.33384 0.558134 0.673657 0.298855 
1.3365 1.71955 2.03459 0.995043 2.0118 1.215 2.06784 0.747154 2.02349 0.458208 0.489491 0.30486 
1.4298 1.78094 2.1522 0.787844 1.25771 1.14882 1.99474 1.26955 0.970409 0.53006 0.333501 0.128245 
1.32669 1.49305 2.31371 0.547013 1.25666 0.208756 1.91233 0.792055 0.648213 1.43809 0.344627 0.159001 
1.24763 1.60007 1.97765 0.925379 1.55172 0.996767 1.71736 0.891076 0.867478 0.544681 0.578215 0.160148 
1.28806 1.78571 2.02723 1.15174 0.898095 1.22314 1.90007 1.66743 1.24649 -0.175368 0.731826 0.1167 
1.22714 1.62507 1.84242 0.702533 1.89731 1.40856 2.53306 1.95079 0.233563 0.390615 0.548508 0.180105 
1.29755 1.71552 2.10301 1.03778 1.8466 1.15613 2.65526 1.48405 0.732519 -0.0143487 0.185352 0.13675 
1.33037 1.74221 2.83976 1.25834 2.05302 1.00135 1.89333 1.38528 1.21349 0.428026 0.0200608 0.178661 
1.25102 1.86202 2.84084 1.58449 2.40923 1.67766 2.0713 0.903548 0.819944 0.507894 0.286059 0.205202 
1.07621 1.65609 2.41408 0.92734 1.6409 1.59525 1.114 0.777228 0.878102 0.295746 0.70571 0.173929 
1.1614 1.45818 1.65353 0.900272 1.63291 1.23579 1.49539 0.128933 1.32673 0.479315 0.70315 0.191313 
1.10108 1.82291 1.70818 1.09792 2.00286 1.10678 1.38191 0.585984 0.355089 0.50136 0.420469 0.129216 
1.27417 1.74446 2.10753 0.67885 0.977426 1.07168 1.15882 1.2361 0.204158 0.731386 -0.0324188 0.0250581 
1.21353 1.63416 1.73981 0.897019 1.11057 0.126389 0.729032 1.27086 1.06195 0.496109 0.329686 0.117723 
1.27278 1.78399 1.61413 0.811762 1.68993 0.910129 0.962053 0.71792 1.2931 0.198797 0.802691 0.16935 
1.221 1.80584 2.11837 1.08518 2.4771 1.49722 1.27677 0.842978 1.1485 0.395141 0.601663 0.207401 
1.16394 1.72506 1.94676 0.920053 1.87687 1.1272 1.77666 -0.287663 0.730877 0.396817 0.656539 0.226982 
1.14108 1.49481 1.95279 0.884792 2.43968 0.515099 1.73866 1.5275 1.33406 0.553477 0.794412 0.274737 
1.17493 1.67632 2.52382 0.836633 2.07617 0.464571 1.83023 1.84572 1.39135 0.874464 0.439322 0.28546 
1.22797 1.56405 2.2599 0.977919 2.03195 0.931241 1.3573 1.09456 1.42917 0.415437 0.635065 0.26509 
1.16858 1.5117 2.12829 1.1669 2.89341 0.654863 1.3291 0.828043 1.27017 0.778857 0.579638 0.266168 
1.35812 1.36299 1.57282 1.29091 2.74342 1.84132 0.607789 0.356173 1.25595 1.1704 0.312613 0.0928138 
1.25893 1.75858 2.59602 1.00334 2.16134 1.79251 1.3594 1.40147 1.06291 0.718916 0.168344 0.172163 
1.18912 1.73851 2.74724 1.04985 1.72367 0.688531 2.50263 1.17711 1.15644 0.711477 0.306712 0.241037 
1.01032 1.33934 1.93372 0.728589 2.40458 1.11391 2.04872 0.64534 0.93946 0.387066 0.317928 0.219988 
1.17373 1.59547 2.13559 0.464317 2.13022 1.84858 1.68399 0.992718 0.936557 -0.0246217 0.458638 0.195704 
1.07538 1.52631 2.9346 1.08339 1.89221 1.31364 1.62157 0.542587 0.752464 0.818971 0.602561 0.198857 
1.03151 1.58106 2.61463 1.53224 2.43591 0.897966 1.87339 0.301724 0.330892 0.529138 0.706364 0.130527 
1.07317 1.72954 2.35469 1.28975 1.99978 2.18147 1.92564 0.0943024 0.691022 0.0320732 0.168503 0.118532 
1.07062 1.72039 1.70626 1.32333 1.50661 2.28491 1.24332 1.0196 0.70996 0.597378 0.358181 0.15778 
1.11531 2.03716 1.93308 0.959565 1.66227 -0.0581143 1.08721 0.484782 0.651815 0.387829 0.777782 0.14238 
1.16322 1.68137 2.55204 0.856379 2.09177 0.729573 1.16897 0.313805 0.916431 0.518871 0.736658 0.235639 
1.22432 1.60705 1.76738 0.418743 2.07102 0.376596 1.1365 1.68891 0.86833 0.365359 0.257479 0.0418338 
1.24122 1.62987 1.79448 1.17122 1.33029 1.16834 1.65151 0.398246 1.30341 0.147438 0.334506 0.109944 
1.09387 1.62315 2.3184 1.04612 1.32334 0.944453 2.05705 -0.183161 1.16872 0.110644 0.0707419 0.085374 
1.0857 1.8097 2.08678 0.945035 1.64196 0.827414 2.45017 0.113387 1.0843 -0.0262387 -0.00881175 0.10306 
