0.626378 1.09264 1.51693 0.910343 1.18956 1.55538 1.14355 1.37332 0.798765 0.134157 0.512316 0.0303755 
0.58043 0.723766 1.74558 1.54372 1.67699 1.80194 1.48961 1.42943 0.655961 0.467216 0.663218 0.0423057 
0.509934 0.973445 1.50958 0.781976 1.30018 1.42678 1.14255 0.55637 0.458283 0.0948419 0.756467 -0.0769589 
0.521357 0.936999 1.53785 0.823316 1.07984 1.60079 1.69923 0.727952 -0.0986361 0.719769 0.510741 -0.0621144 
0.525195 0.874813 1.23846 0.883716 0.886418 1.21531 1.4787 0.841844 0.633175 0.629741 0.336152 -0.00508925 
0.484871 1.36564 1.66733 1.16749 1.43528 1.11732 1.45904 1.03734 0.805447 0.666042 0.148366 0.140022 
0.480757 1.30984 0.999282 1.11469 1.97781 1.03334 1.54905 1.62163 0.669017 0.200892 0.170302 0.137762 
0.519735 0.824918 1.56623 0.952976 1.79792 1.33079 1.50552 0.738471 1.49442 0.602343 0.0343039 0.171086 
0.475113 1.04525 1.48947 1.20854 1.10848 0.835415 0.849288 0.252219 1.15704 0.626977 0.159646 0.0780322 
0.480985 1.32504 0.928727 1.08894 1.61715 1.21618 1.55268 0.220476 0.28011 0.823546 0.541497 -0.00436655 
0.620091 1.65711 1.67148 1.01072 1.22715 1.3485 0.665392 1.23855 0.558388 0.291505 0.713062 -0.0561412 
0.507551 1.45887 1.76815 0.620275 1.85707 1.7857 1.28155 0.0729868 0.848754 0.330926 0.526461 0.0124412 
0.483034 1.21719 1.7513 1.39051 1.10767 1.26337 1.71781 0.716443 1.43951 0.334997 0.337982 0.0694413 
0.47862 0.758596 1.71376 0.922498 2.23963 1.52407 0.879387 1.29802 1.51678 -0.471454 0.413449 0.136241 
0.407153 0.721364 1.22454 0.741096 1.93425 1.07677 1.04827 0.984948 1.15457 -0.289508 -0.152923 0.139775 
0.469878 0.896602 1.31587 0.985628 1.20763 1.0821 1.06839 0.589429 0.551357 0.0266719 0.145733 0.0159258 
0.539572 0.903556 1.16774 1.37994 1.1105 0.46193 0.866084 -0.188094 0.581061 -0.120785 0.110979 0.154768 
0.469872 0.794784 1.18515 1.47437 0.73011 0.322387 0.41968 0.219332 0.899794 0.370146 -0.051702 0.148455 
0.45166 1.20787 0.874899 1.09633 1.45027 0.997202 2.10783 0.195895 0.628414 0.0202298 -0.0430427 0.151591 
0.290963 0.828156 1.08797 1.41704 1.75982 1.77635 1.25402 0.410376 -0.336654 0.00239326 0.453412 0.168193 
0.485483 0.908693 1.30161 1.64515 0.718348 1.01521 0.387188 0.970626 0.776708 0.63782 0.356189 0.0458846 
0.5795 1.23313 1.52365 1.34777 1.9431 0.911485 0.725544 1.30027 1.6574 0.345917 0.552925 0.0138438 
0.510273 1.47289 1.77823 1.18954 1.25738 1.72299 1.83258 0.616871 1.50545 0.55358 0.433894 0.092866 
0.369413 1.44189 1.71351 1.66895 1.33626 1.25805 1.76978 1.92416 1.23117 0.425894 0.591759 0.0900557 
0.505979 1.59419 1.48083 1.64698 1.76776 1.46004 1.34109 2.22739 1.06962 0.198014 0.521308 0.128621 
0.731613 1.31771 1.52478 2.16887 1.97391 2.09539 2.05681 1.50872 1.52366 0.197016 0.660279 0.247946 
0.808931 1.54188 2.3095 2.1777 2.50445 2.36305 1.80318 0.955189 1.47982 0.0485481 0.828776 0.235078 
0.890256 1.80235 2.68043 2.41082 2.54892 1.6154 2.02863 1.31388 1.03538 0.542068 0.46277 0.255559 
1.0065 2.09884 2.77105 2.87197 3.69124 2.1659 2.58714 1.41536 1.00249 0.663821 0.486526 0.300249 
1.18215 2.43496 3.30112 3.33247 3.72887 1.4975 2.50159 1.69268 0.361545 1.0454 0.390892 0.221411 
1.34867 2.38213 3.14467 3.10519 3.06602 1.246 2.04613 1.70856 0.644663 0.293836 0.480495 0.172752 
1.41616 2.52996 3.40094 2.75369 3.04538 1.78162 1.7763 0.835505 0.844853 0.0100097 0.500545 0.0906224 
1.50457 2.68438 3.61013 3.0805 2.75967 2.05568 1.33525 0.749334 -0.118123 0.0853621 0.298687 -0.0861198 
1.58577 2.86891 3.38342 3.27589 2.72206 1.497 0.863857 0.284197 -0.0158347 -0.100932 -0.00891602 -0.14187 
1.6634 2.89517 3.35232 3.19699 2.83646 1.50133 1.33796 0.0865807 0.0914399 -0.019135 0.00428442 -0.104485 
1.88911 3.48165 3.77844 2.89399 3.4135 1.46453 1.28829 0.829066 -0.251298 -0.208344 -0.118751 -0.192072 
1.85519 3.23589 3.55741 3.07363 3.12129 1.66522 1.2236 0.134647 -0.123508 -0.224238 -0.156652 -0.185452 
1.80108 2.92018 3.30536 3.16466 2.90471 1.84645 0.702874 -0.254896 0.0306966 -0.523045 -0.0944504 -0.22001 
1.97149 2.6708 2.21327 3.26517 3.16742 1.90639 0.260734 -0.517368 -0.17526 -1.17829 0.00393893 -0.219315 
2.11842 2.54072 1.33921 2.53594 3.45201 2.02163 -0.468774 -0.839692 -0.626774 -1.23092 -0.0451825 -0.186042 
2.27104 2.27847 0.777632 1.97963 3.61486 2.00075 -0.787255 -0.993914 -1.04822 -1.13053 -0.166295 -0.136633 
2.37637 2.04462 0.273729 2.0217 3.25631 2.0702 -0.676229 -1.48795 -0.955572 -1.3401 -0.273293 -0.110385 
2.43025 1.95245 0.0300111 1.69386 3.16096 2.13541 -1.22895 -1.18899 -1.20829 -1.19039 -0.339322 -0.0771554 
2.5086 1.7762 0.025096 1.25285 2.88832 2.01999 -1.14208 -1.96811 -0.986951 -1.35026 -0.265547 -0.0442125 
2.34099 2.21666 -0.265345 1.53605 2.64489 1.13437 -0.868503 -2.45664 -0.959256 -1.56907 -0.0647089 -0.116935 
2.47426 1.85045 -0.228505 0.964548 2.87364 0.126109 -0.693724 -2.21645 -1.11445 -1.40219 -0.386752 0.0258837 
2.66068 1.42267 -0.328104 0.73947 3.0382 -1.03292 -0.668134 -1.75013 -1.30611 -1.23584 -0.616434 0.280202 
2.62378 1.42103 -1.06353 1.06957 2.48564 -1.13388 -1.05646 -1.72761 -0.793212 -1.15984 -0.462636 0.24482 
2.48828 1.39434 -1.28519 0.862489 1.79924 -1.39212 -0.859009 -1.9479 -0.211901 -1.02563 -0.12504 0.242246 
2.74093 1.58907 -1.97858 1.66738 1.01423 -1.43502 -1.06002 -1.96494 0.152671 -0.981769 0.240574 0.0903059 
2.7228 1.48772 -1.9792 1.45348 1.03825 -1.6011 -1.57328 -1.73516 0.191533 -0.42538 0.266737 0.186498 
2.45727 1.61696 -2.50211 1.07111 1.82154 -1.99095 -1.32342 -1.54375 0.731128 -0.173137 0.0967448 0.245024 
2.468 1.62894 -2.6526 1.07495 1.72786 -1.63451 -1.44514 -1.32356 0.949062 0.07559 0.0994393 0.0943349 
2.69223 1.48548 -2.62363 0.711328 1.94982 -1.75461 -0.790107 -1.35671 0.925941 -0.133831 0.0490143 0.169015 
2.57621 1.3603 -2.44112 0.69631 2.07559 -1.31331 -0.0885881 -1.14667 0.746755 -0.297568 0.163612 0.28172 
2.76795 0.952592 -2.26483 1.06984 2.05849 -0.274597 -0.251663 -1.37135 0.598173 -0.197977 0.22856 0.0646382 
2.78811 0.928065 -2.28522 0.660609 1.83604 0.651143 -0.42619 -1.1609 0.349571 0.17127 0.292614 0.0417118 
2.6653 1.52923 -1.44707 -0.406339 1.97944 -0.420646 0.240025 -1.05506 -0.0610846 0.0538843 0.180882 0.238237 
2.69906 1.47312 -1.75769 -0.100846 2.34561 -0.493014 0.177614 -1.47853 -0.494658 -0.367412 0.00687364 0.297492 
2.49992 1.38117 -1.27031 0.229254 2.30756 -0.247325 -0.368621 -1.71565 -0.242919 -0.679753 -0.0146792 0.269462 
2.45138 1.38472 -0.679093 0.641196 2.14569 0.144679 -1.1588 -1.34546 -0.0832948 -0.494493 0.0487112 0.201483 
2.61029 1.43497 -0.809563 0.505543 2.42581 -0.0907448 -0.59203 -0.958358 0.132609 -0.187001 -0.196764 0.00370912 
2.65563 1.41882 -1.12055 0.179546 2.45275 -0.151162 -0.723649 -0.864125 0.228935 -0.296721 -0.408594 -0.086182 
2.6404 1.55209 -1.53896 0.782131 2.23099 -0.0319387 -0.440885 -1.35194 0.0430087 -0.46645 -0.363777 -0.267611 
2.69883 1.32766 -1.42289 0.471864 2.16079 -0.538416 -0.687077 -1.00976 -0.0621364 -0.366068 -0.394613 -0.101264 
2.72496 1.14597 -0.657225 -0.0312977 2.44438 0.329811 -0.716923 0.170445 -0.458507 -0.501046 -0.479592 -0.0643607 
2.56485 1.34293 -0.50655 -0.0484184 2.24548 0.697972 -0.288999 -0.254454 0.502207 -0.253121 -0.153584 0.0493821 
2.42212 1.54276 -0.372505 0.814352 2.53758 0.860286 -0.253635 -0.703921 0.916586 -0.251915 0.00991447 0.0216504 
2.31233 1.37481 0.1778 1.03959 2.69898 0.889997 -0.307719 -0.429239 0.898444 -0.401598 -0.0689071 0.0708937 
2.31008 1.58217 0.284869 0.186926 2.34585 0.826157 -0.494454 -0.0914355 0.337874 -0.42223 0.241527 0.248721 
2.22454 1.73819 0.0441031 -0.153257 2.25558 0.495011 0.278929 0.228175 0.55373 -0.0388307 0.335377 0.268571 
2.25143 1.59458 -0.121459 0.106317 1.95305 0.140838 0.823963 -0.284995 1.06405 -0.158842 0.450378 0.449324 
2.20076 1.31197 0.0387026 0.189056 2.08351 1.27745 0.124957 -0.367886 1.70348 0.185126 0.692542 0.411291 
2.08479 1.72655 0.303897 0.839822 2.02023 0.844601 0.176041 0.441817 1.9213 0.501716 0.449459 0.0931254 
2.25841 1.63109 0.396336 0.416657 2.4571 1.16619 0.732506 0.323025 1.13113 0.0324224 0.323455 0.273049 
2.25926 1.46535 0.715339 0.569626 2.13492 1.78202 0.676585 -0.0632292 0.615523 0.0510694 0.419653 0.324098 
2.24478 1.61284 0.449774 0.22956 2.36615 1.59303 0.541629 -0.213321 0.609276 0.0286689 0.600933 0.409377 
2.11949 1.71188 0.236339 1.07107 3.24149 2.3697 0.241573 0.642394 0.940972 -0.233837 0.23144 0.0776168 
1.97349 1.7332 0.625959 1.2294 2.53687 2.48425 0.780727 0.299886 1.35194 -0.350253 0.580352 0.289198 
2.07692 1.41398 0.972995 1.0526 2.09675 1.55052 1.08412 0.120266 1.30612 0.0569956 0.577269 0.452973 
2.04183 1.7433 0.817651 0.942045 2.47708 1.10844 1.11554 -0.126565 0.767497 0.0440659 0.710649 0.48884 
1.88267 1.58814 0.847145 0.916905 2.30321 0.944587 1.38558 0.145168 0.823339 0.177427 0.94232 0.582013 
1.88058 1.56551 0.740077 0.916564 3.22284 1.88762 1.13247 0.129966 1.28252 -0.336601 0.569624 0.342976 
1.88404 1.94995 1.2313 0.778986 2.33894 1.8333 0.804714 0.0977294 1.23998 -0.126377 0.436605 0.18943 
1.93125 1.86876 1.10294 0.550497 2.28637 1.36279 0.982498 0.14414 0.392932 0.0551357 0.605356 0.381242 
1.95349 1.73067 1.02348 0.555805 2.41677 0.808365 1.27418 0.795401 0.494964 0.403103 0.366085 0.278913 
1.86089 2.01934 1.4157 1.22005 2.53983 1.35614 2.38838 0.471695 0.893655 0.347099 0.143569 0.171805 
1.80196 1.73694 1.7516 1.21333 2.85727 1.71696 1.53918 0.286405 1.3141 -0.157645 0.235101 0.229674 
1.79714 1.50462 1.75534 1.48355 3.03323 2.03257 1.21068 0.321265 1.09173 -0.0206394 0.24773 0.208748 
1.74942 1.80275 1.77429 0.579028 2.60628 1.67502 0.840493 0.731122 0.262413 0.290385 0.562291 0.251684 
1.61488 2.02016 1.6013 0.328297 2.21985 0.769021 1.05601 0.39747 0.729313 0.413353 0.820625 0.390445 
1.53453 1.63975 1.87357 0.849334 2.13473 0.946601 1.13391 0.774818 1.30007 0.647609 0.638503 0.308946 
1.53826 1.52242 2.11737 1.73489 2.37909 2.12302 2.05952 0.187224 0.599937 0.449333 0.29822 0.202304 
1.49287 1.94825 1.8484 1.40082 2.43512 1.25491 1.94708 0.135148 0.303809 0.0525385 0.815109 0.339177 
1.45682 1.95961 2.02219 1.10235 2.44089 0.598848 0.887892 0.337093 1.02717 0.487342 0.441353 0.224691 
1.38933 1.77646 1.87703 1.08119 2.25926 1.67604 1.08798 0.518054 0.792861 1.01393 0.397091 0.211762 
1.41998 1.60258 1.79381 1.15441 2.69892 1.71577 1.48601 0.793897 0.0271507 0.469128 0.729048 0.271175 
1.33751 1.65823 1.72446 1.48776 2.21807 1.68624 1.24628 0.131251 1.20775 0.0354155 0.473827 0.156093 
1.22546 1.63151 1.70856 0.993345 1.63865 1.23737 1.26186 0.158144 1.27245 0.381268 0.578909 0.181209 
1.17606 1.5357 2.10356 1.10427 1.99279 0.964432 1.12674 1.21714 0.930326 0.559553 0.339757 0.124857 
1.14045 1.50854 1.76647 1.41683 2.11028 1.0829 1.36476 1.19403 1.08716 0.387219 0.511942 0.17596 
1.21832 1.50107 2.74089 0.802599 1.27534 1.25354 1.59815 -0.275618 1.0396 0.406966 0.573802 0.293867 
1.36983 1.29767 2.93749 1.3353 1.83374 0.842104 0.510136 -0.603509 1.26413 0.0696019 0.505529 0.34705 
1.24918 1.58814 2.62639 1.25128 2.09219 1.28985 0.431255 -0.0109398 1.06583 0.0526099 0.844135 0.225322 
1.13021 1.74707 2.7795 1.06497 1.8897 1.201 1.30664 0.595769 0.523395 0.303877 0.63624 0.13369 
1.13427 1.60861 2.30662 1.92022 2.38576 1.69192 1.98681 0.834448 0.792754 0.237497 0.625559 0.209518 
1.18603 1.35333 2.32959 1.81684 1.35245 1.45926 2.31002 0.653964 1.10396 0.510909 0.820122 0.249607 
1.12088 1.36226 2.39243 1.50032 2.24361 1.673 1.73639 1.50365 1.02429 0.832147 0.582296 0.259495 
1.0559 1.5703 2.6645 1.01417 1.64189 1.86996 1.71432 0.846775 1.2787 1.14928 0.406419 0.295879 
1.13095 1.66904 2.71781 0.577382 1.38798 1.81917 1.52151 0.44521 1.65799 0.61382 0.610566 0.356045 
1.0326 1.80142 1.92654 1.17146 2.25788 1.22088 1.87007 0.478574 1.28049 0.696704 0.900426 0.262616 
1.02469 1.54032 2.22144 1.22756 2.07744 0.846248 1.69574 1.09399 1.07505 0.894008 0.937548 0.25897 
0.950257 1.7267 2.71176 1.83188 1.94689 0.891432 2.35556 2.31458 0.893726 0.181879 0.669366 0.249067 
0.905516 1.80843 2.74024 0.75922 1.85098 1.25761 2.33327 2.13798 0.917454 0.122041 0.774802 0.092683 
0.988039 1.78301 2.65849 0.443456 1.65453 1.45431 1.79188 1.90689 0.728755 0.817444 0.810365 0.118379 
1.00225 1.80434 2.27222 1.25903 2.1378 1.13073 2.0384 1.06375 1.17956 0.874871 0.540502 0.271608 
0.772512 1.64008 2.32006 1.45884 2.13582 0.639926 2.11107 1.01008 1.02055 0.896814 0.391993 0.242973 
0.828279 1.28645 1.7255 1.59786 1.31707 0.52145 1.69015 1.25244 1.1442 0.282981 0.50404 0.108589 
0.797732 1.3712 1.86039 0.825176 1.71043 1.23078 1.9384 1.25622 1.24446 -0.0485944 0.307754 0.116071 
0.845401 1.3777 1.90879 0.98164 1.45195 0.987929 1.51823 1.37221 1.0973 0.366531 0.668069 0.107699 
0.887431 1.2775 2.05265 1.49127 1.74464 1.7573 1.55518 1.84176 0.722549 0.655516 0.454892 0.166091 
0.904131 1.18222 2.72704 1.43993 1.63123 1.02175 2.07273 1.0208 1.13786 0.331893 0.12906 0.252213 
1.00793 1.09153 2.45261 0.979615 1.8431 1.57244 1.59405 1.02203 0.747717 0.140968 0.265432 0.185007 
0.829981 1.05512 2.23266 0.99681 1.01732 0.715033 0.788025 1.04148 0.833185 0.204944 0.494441 0.0816405 
0.66987 1.02599 2.2131 0.803749 1.32843 0.411653 0.915762 0.488654 1.18647 0.619689 0.807666 -0.0107286 
0.831617 1.22551 1.84314 1.03742 1.90672 0.661312 1.80717 0.645433 1.47561 0.289674 0.661018 0.178841 
0.845094 1.26659 1.67032 1.53923 1.50167 0.119802 1.52585 0.78463 1.79425 0.554996 0.814966 0.164189 
0.839724 1.54048 1.44758 1.5378 1.6217 0.404638 2.16794 0.895436 1.21881 0.294543 0.881588 0.113212 
0.79251 1.26047 1.75193 1.24745 1.42261 1.4103 1.89037 1.31569 0.911669 0.165082 0.516017 0.0980805 
0.75876 1.22498 2.54159 1.59302 1.16411 1.0947 1.79168 0.97547 1.05278 0.948936 0.304318 0.170781 
0.716842 1.07363 2.09382 1.31972 1.17242 0.520001 2.21166 0.225797 1.44733 0.566619 0.571996 0.155294 
0.776947 1.04319 1.98897 0.798153 1.90282 0.342607 1.02969 0.707563 1.70103 0.954328 0.47823 0.181222 
0.556766 1.16436 1.72446 0.771872 1.2736 0.727342 1.09951 0.705092 0.807209 1.24481 0.704015 -0.0552354 
0.525692 1.42941 1.61232 0.787408 1.59014 0.429159 1.39573 0.916757 0.930839 1.01601 0.691587 -0.0502048 
0.599717 1.28093 2.05294 1.12361 1.75216 0.894092 1.07788 1.24413 1.43898 1.31179 0.678877 0.0345547 
0.488006 1.2508 2.21491 1.10368 2.08271 0.710001 0.907408 1.49492 1.11497 0.886404 0.405941 0.00492663 
0.554306 1.08516 1.80741 0.813742 1.13292 0.958616 0.31576 1.11282 0.58028 0.380373 0.160974 -0.110692 
0.718609 1.17469 1.51939 0.568467 0.897396 1.11 1.23005 0.734743 1.11513 -0.112717 0.0575381 -0.0384093 
0.582456 1.09078 1.56184 0.915029 1.38839 0.687308 1.2842 1.37264 1.11335 0.292149 -0.105122 0.00140303 
