0.488568 1.16138 1.19203 0.839764 1.69985 1.0258 0.546199 0.774995 0.267896 0.355109 0.0224625 0.0165662 
0.512123 1.14095 0.959335 1.32996 1.01976 0.501206 0.517727 1.44124 0.402564 0.486598 0.233901 0.0839457 
0.549043 0.999047 1.0158 1.10082 0.737174 0.18838 -0.0808172 1.3168 0.539233 -0.0691282 0.130749 0.0588994 
0.563987 0.954218 0.908845 0.646488 0.320751 0.741127 0.702541 1.09666 0.021309 0.233041 0.476979 0.0479463 
0.416139 1.03821 0.6023 0.221288 0.64913 0.753067 0.838666 0.907763 0.101084 0.847583 0.656496 -0.133506 
0.481731 1.15298 1.14149 0.817868 0.97021 0.716065 0.996949 0.0981779 0.422208 0.00115428 0.214487 0.0590289 
0.503588 1.04621 0.953995 1.22652 1.2632 0.537178 0.243557 -0.401848 1.28199 0.0206811 0.0284469 0.126537 
0.572556 1.24162 0.971248 0.349529 0.469055 1.22839 0.707632 -0.396865 0.537593 0.168131 -0.275488 0.197623 
0.554151 0.507579 0.949412 0.496889 0.507429 0.533238 0.371629 -0.14174 0.249805 0.139348 0.0170588 0.0444633 
0.611489 0.730208 1.02717 0.820532 0.628999 -0.299088 0.779157 0.138295 0.442307 -0.379525 0.162798 -0.12237 
0.525687 1.20104 0.87874 1.23113 1.13859 0.456242 0.446723 0.467921 0.916383 -0.347415 0.145947 -0.086714 
0.50713 1.18401 0.872295 1.06501 0.993628 1.03724 0.472927 0.871839 0.695663 -0.273169 0.333212 -0.0559829 
0.477016 0.935125 0.873274 0.45216 0.755502 0.532843 0.416928 0.863754 0.91121 0.0450491 -0.211777 0.00646057 
0.483537 0.888939 1.27558 0.599879 -0.487477 0.231715 -0.326325 0.0434907 -0.127425 0.372107 0.0805054 -0.17305 
0.464613 0.95268 1.31493 0.910495 0.521348 1.025 0.783512 0.156721 -0.0249185 0.533976 0.336857 -0.053134 
0.422493 0.94587 1.14867 1.20546 1.53979 1.02566 0.444213 0.593443 0.209472 -0.0484572 -0.175722 0.202674 
0.508985 0.807099 0.784302 0.827028 2.124 1.06439 0.589856 1.16253 0.0121993 0.321269 -0.000786934 -0.0186364 
0.574576 0.657925 0.56468 0.763524 1.87188 0.701754 0.43671 0.698921 0.0332416 0.0220333 -0.22326 -0.0702548 
0.316333 0.608817 0.895385 0.605264 1.24006 -0.164771 0.998378 -0.160632 -0.721425 0.367663 0.249694 -0.109962 
0.329494 0.540986 0.940575 0.737175 1.50744 0.88655 0.578708 -0.336022 -0.376749 0.434362 0.361746 -0.166549 
0.481357 0.881176 1.36548 0.978451 0.962697 1.14731 0.966702 -0.48953 0.208596 0.408873 0.724294 -0.164764 
0.536605 0.789929 1.32393 1.34835 1.76143 0.622807 1.15184 1.12134 0.734685 0.300039 0.409238 0.0490447 
0.384594 0.90125 1.37528 1.23004 1.62139 0.409859 1.52572 0.420142 -0.0161494 0.305077 -0.114341 0.234756 
0.578712 1.51349 1.48473 1.17114 2.03518 1.80597 2.4349 0.646098 0.797677 0.731156 0.189696 0.215847 
0.749532 1.59782 1.82388 1.89801 1.99213 1.50161 1.4214 0.825126 1.55184 0.726675 0.494146 0.174975 
0.757111 1.59039 2.26388 2.34685 2.11627 1.57996 1.81514 1.57566 1.8306 0.217754 0.258051 0.358274 
0.999719 1.70284 2.10685 1.95599 1.80482 1.76609 2.00902 1.18426 1.2155 0.870366 0.458627 0.25193 
1.13482 1.6877 2.00437 1.94498 1.91198 1.87928 1.86994 1.23003 1.1674 0.755942 0.548365 0.250765 
1.25859 1.90635 2.236 2.29526 2.13906 2.12891 1.91401 1.4207 1.12034 0.656359 0.471318 0.261184 
1.53089 2.29218 2.42845 2.40619 2.28527 2.26719 2.4556 1.22785 0.792351 0.51444 0.595425 0.267157 
1.61889 2.38763 2.47067 1.88541 2.48599 2.45639 2.95293 1.07876 0.630744 0.406877 0.552139 0.304089 
1.59028 2.33704 2.50239 2.05915 2.68691 2.39305 2.77963 1.00307 0.456395 0.553556 0.57914 0.308317 
1.58095 2.43047 2.66413 2.25012 2.50059 1.84961 2.00802 0.684169 0.498167 0.440998 0.615709 0.259761 
1.60715 2.42922 2.52769 1.86396 2.53309 1.80366 1.63241 1.34085 0.693182 0.419459 0.545372 0.231803 
1.57977 2.14677 2.64506 2.41779 2.22117 1.78341 1.79491 1.18074 0.706002 0.607467 0.432515 0.206662 
1.5757 1.9718 2.19557 1.98962 1.74975 2.10891 2.58697 1.59285 0.37279 0.246722 0.415885 0.181345 
1.79059 1.9485 2.02015 1.48449 1.69301 1.91742 2.89265 1.19425 0.500643 -0.0179316 0.271514 0.174759 
1.90951 1.72828 2.17694 1.57179 1.88561 0.906922 3.3436 0.828476 0.309294 -0.034771 0.384376 0.330427 
1.97104 1.57721 2.02221 2.06277 1.36813 0.509462 3.2681 1.59181 0.565966 -0.164654 0.504021 0.329372 
1.89294 1.68089 1.69113 1.87471 1.25025 0.931274 3.28042 1.84096 0.525302 -0.00827571 0.450815 0.242088 
1.85089 1.6522 1.52513 1.69625 0.911313 1.06086 3.23103 1.40287 0.732125 0.0908056 0.465903 0.195601 
1.88647 1.40246 1.01708 1.57864 1.13977 1.00387 3.01682 0.681682 0.270357 0.00570424 0.735256 0.374983 
1.84174 1.23716 0.712442 0.922269 1.55084 0.307502 2.27664 0.223692 -0.0929885 0.23472 1.04895 0.59358 
2.23482 1.2501 0.3121 0.0771436 0.842568 0.155441 1.64258 -1.77661 -0.494003 1.07674 1.0004 0.388734 
2.30077 1.07572 -0.119617 0.135416 0.41562 -1.10965 1.34923 -2.25268 -0.965834 0.480992 0.757733 0.198857 
2.15219 1.33202 -0.117915 0.750816 -0.374585 -2.16698 1.60909 -2.22526 -0.168452 0.0379041 0.538106 -0.140191 
2.23769 1.55826 -0.310445 0.624004 -0.611796 -1.99104 1.38081 -2.68529 -0.351245 0.0319425 0.731256 -0.117022 
2.24499 1.78705 -0.742122 0.75327 0.541424 -1.82856 -0.462683 -2.62745 0.294244 -0.795567 0.299125 -0.0934971 
2.39302 2.01606 -0.911271 1.14321 1.24386 -1.70987 -0.0754385 -2.45464 0.428038 -0.564039 0.485603 0.0499242 
2.47087 2.02516 -1.06516 1.50798 1.49743 -2.25785 -0.163601 -2.12999 1.03544 -0.273954 0.562019 0.127672 
2.52128 1.78478 -0.916924 1.72515 1.48499 -2.05683 -0.254822 -2.07377 1.35807 -0.217441 0.574887 0.0702611 
2.3475 1.38718 -0.0310815 1.28281 0.967281 -0.790715 -0.450455 -2.8663 1.53208 -0.247492 0.297162 -0.000934706 
2.29984 1.29786 0.466958 1.04649 -0.488862 -0.121109 -0.244216 -3.98884 1.37862 -0.002194 0.128477 -0.0509912 
2.37741 1.38554 0.0577101 0.966427 0.252663 -0.711941 -0.735136 -3.47642 1.18984 -0.287599 0.181687 -0.0755932 
2.2309 1.07158 0.471502 1.01215 -0.27824 -0.690971 -0.663762 -3.89723 1.33034 -0.357609 -0.101088 -0.0146024 
2.23427 1.05242 0.463319 0.973089 -0.560372 -0.0460313 -0.28 -4.14809 1.09734 -0.251597 -0.0581869 -0.011414 
2.25339 1.15816 0.390788 0.858044 -0.470605 -0.0157648 -0.0778647 -4.3404 1.1192 -0.154109 0.0547006 -0.0649919 
2.16225 1.2404 0.308533 0.870409 -0.804984 0.0988376 -0.138648 -4.32038 1.00135 -0.518469 0.109711 -0.0771572 
2.21011 0.918261 0.198354 1.03906 -0.409025 -0.242144 -0.191003 -4.35491 0.875234 -0.701296 -0.114648 -0.07575 
2.20931 1.04812 0.195196 0.712308 -0.115755 -0.899699 -0.184376 -4.27472 0.883675 -0.579882 -0.0728629 -0.121842 
2.23226 1.19095 0.269739 0.618576 -0.617593 -0.295038 0.319482 -4.31903 0.89321 -0.579855 -0.0712588 -0.149845 
2.16791 1.11012 0.462906 0.409612 -0.380421 -0.488143 0.509716 -3.94038 0.936288 -0.40328 -0.116548 -0.0348015 
2.14252 0.855013 0.468379 0.23674 -0.354053 -0.756974 0.937877 -3.53123 1.13145 0.11491 0.00153325 0.106943 
2.25279 1.04344 0.345685 0.0420921 -0.0519028 -0.388105 1.82693 -2.78858 1.02993 0.456729 0.287282 0.197746 
1.99897 0.907287 0.714098 0.3868 0.18956 -1.28311 1.68361 -2.22015 1.65972 0.989673 0.0400073 -0.000165884 
2.24238 0.895094 0.932947 0.411374 0.276471 -1.47568 1.21037 -2.24012 1.62036 1.06046 -0.218511 -0.0260308 
2.44759 0.823332 0.609697 0.36515 0.78105 -1.51667 0.954232 -1.46446 1.1825 0.428551 -0.538097 -0.0974128 
2.49964 0.652138 0.28951 0.204695 -0.0658453 -1.02021 0.901622 -0.997806 1.49725 0.329437 -0.659665 -0.32191 
2.16526 1.22746 -0.510912 0.565246 0.0345269 -0.143729 1.837 -1.41124 0.47252 -0.775103 -0.19057 -0.362105 
1.93653 0.71561 0.00643988 1.26925 0.837715 0.341538 2.4187 -1.8117 0.10287 -0.723886 -0.298685 -0.252994 
2.18062 0.733411 0.0853937 0.933089 0.800593 0.384644 2.79341 -1.97393 0.0384726 -0.698297 -0.443217 -0.250495 
2.08938 0.517015 -0.290926 1.50832 1.47682 0.348367 2.95124 -1.27825 0.0613532 -0.695353 -0.385172 -0.300802 
1.92171 0.54189 -0.462498 1.75337 2.26886 0.935307 2.76614 -1.07253 -0.35154 -0.674293 0.0297413 0.0293494 
2.13292 0.423426 -0.0694535 1.14262 2.03871 0.937838 3.06089 -1.30432 -0.10416 -0.284337 0.0743284 0.169835 
2.08659 0.508906 0.16826 1.41771 2.73712 0.862643 2.7293 -0.995257 0.0614848 -0.254809 -0.155786 0.117361 
1.91042 0.592526 -0.0570219 1.82293 3.06548 0.75786 2.25472 -0.565812 0.882875 -0.178031 -0.3552 -0.08583 
1.9719 0.528637 0.322643 1.96551 2.95435 0.931419 2.3145 -0.846506 0.909766 -0.157677 -0.384642 -0.0884446 
2.10965 1.05859 0.271976 1.78432 2.73108 0.839415 2.03268 -0.424657 1.03438 -0.569196 -0.291933 -0.0137281 
2.13666 0.728679 0.267796 2.15119 2.16335 1.29102 2.94981 -0.232614 1.33585 -0.383882 -0.414988 -0.203745 
2.13649 1.23603 0.653528 1.52145 1.92688 1.41378 2.92568 -0.467283 1.56917 -0.284305 -0.296272 -0.127429 
1.90243 1.24436 0.8661 1.52327 2.83681 1.22047 2.2332 0.0476442 1.65345 -0.257802 -0.300096 0.00608805 
1.88931 1.7774 0.797768 1.60849 3.21027 0.761313 1.7143 0.832777 1.07554 -0.484457 -0.0890883 0.115231 
1.8433 1.58101 0.64145 1.47559 2.60235 1.07637 2.76882 0.0841984 1.01857 -0.320515 0.0792851 0.134907 
2.04428 1.44466 0.77284 1.38651 1.95537 0.899927 2.34746 -0.10097 1.4631 -0.30793 0.158791 0.177961 
2.01536 1.36084 0.908402 1.07627 2.34931 0.725194 1.41252 0.557949 1.63795 -0.00644994 -0.0909805 0.058295 
2.03083 1.04915 0.672181 1.88123 2.4098 1.223 1.86675 0.261195 1.67432 0.00202313 -0.206672 -0.0593976 
1.92135 1.48467 0.998715 1.82591 2.72503 0.887262 0.974654 -0.118055 1.13641 -0.37943 0.248401 0.186046 
1.85432 1.66225 0.98212 1.12793 2.73212 0.851385 1.38553 0.639275 0.636185 0.0111411 0.225915 0.17849 
1.92177 1.53283 0.877022 1.4948 2.83817 1.008 1.96166 0.829053 1.95118 -0.204234 -0.137369 0.0389631 
1.74933 1.89781 1.28222 1.00445 2.688 0.830464 1.95276 1.47246 1.65665 -0.363759 0.0170175 0.0648221 
1.77323 1.74839 1.97578 1.25026 2.47319 0.603361 2.57514 1.12031 0.910072 0.199733 -0.0712814 0.139538 
1.69862 1.70947 1.3466 1.79196 3.08351 1.78753 2.29277 0.55718 1.34768 -0.0979724 0.0265445 0.095721 
1.88894 1.55571 1.24995 1.92147 3.02021 2.36812 2.3214 -0.0284862 1.91176 -0.253781 0.0320264 0.098839 
1.65173 1.45753 1.79977 1.33906 3.73132 2.41492 1.82294 0.745226 0.907773 0.720194 0.015451 0.0989794 
1.53643 1.81138 1.78513 1.02903 3.74018 0.928073 1.45509 0.741151 0.719108 0.823181 0.0911639 0.153734 
1.49253 1.93349 1.62022 1.17919 2.92405 1.01941 2.09504 0.589417 0.565522 0.595054 0.238568 0.22241 
1.54451 1.64727 1.31718 0.83159 2.58295 1.89836 2.22211 1.02808 1.23641 0.357889 -0.0983969 0.0510204 
1.45838 1.60658 1.27082 1.37084 2.21368 2.26724 1.87047 0.986992 0.726533 0.277461 0.237848 0.139375 
1.4733 1.91543 1.70295 1.01689 2.23973 1.94684 1.91163 1.46856 0.602398 0.462672 0.255706 0.150859 
1.50436 1.97912 2.17691 1.41963 2.47079 1.73767 1.43543 0.470374 1.14607 1.00919 0.114241 0.166461 
1.63011 1.72611 2.57498 2.30237 2.45734 1.04926 1.67223 -0.156611 1.52782 0.60435 0.11432 0.178045 
1.55863 1.85319 2.19192 2.49586 2.35539 1.03234 1.73178 0.390145 1.25166 0.432993 0.331466 0.175559 
1.47875 1.84498 2.31565 1.57669 2.28845 1.7241 2.66919 0.903297 1.10085 0.459648 0.180596 0.20105 
1.44173 1.88919 2.44734 1.66649 2.76957 1.88391 2.54072 0.878964 1.03774 0.503346 0.104236 0.199542 
1.09203 1.95999 2.08838 1.44648 2.45132 1.69531 2.05825 0.974468 0.354999 0.172356 0.616367 0.111988 
0.967178 1.76617 2.04234 1.57672 3.01314 1.11942 2.40638 0.343112 0.557133 0.307471 0.557035 0.15824 
1.12288 1.82174 1.93497 1.36581 2.59489 0.716148 2.56342 0.639145 1.08307 0.227398 0.313719 0.195211 
1.1545 2.00147 2.54137 1.16303 2.95744 1.56072 1.50056 1.06231 0.534022 0.0400357 0.66402 0.0918635 
1.19031 2.0192 2.31807 1.18922 2.89277 1.51182 0.98891 0.758915 0.652528 0.528295 0.479455 0.118474 
1.30812 2.11514 2.11149 1.86252 2.02199 1.69838 1.35929 0.524589 1.78974 0.106194 0.388047 0.131102 
1.20347 2.35397 2.4883 1.93835 2.76811 1.92915 2.38063 0.871243 0.660091 -0.358235 0.899051 0.0846357 
1.09234 1.84532 3.00345 2.78013 2.53504 1.90127 1.80448 1.03533 0.726109 0.0551948 0.752989 0.109987 
1.2034 2.13211 2.30369 1.76839 3.05385 2.35055 2.16258 0.938274 1.00435 0.118508 0.496885 0.201701 
1.09701 2.07922 2.38819 1.95661 1.69618 2.24559 2.58573 0.385271 1.19583 0.118025 0.532157 0.147191 
1.12507 1.85315 2.35729 1.9692 1.89895 1.93637 1.85061 0.593048 1.39277 0.430696 0.320346 0.217639 
1.11164 1.52377 2.35579 1.64679 1.83971 1.65135 2.10839 0.561849 1.1091 0.456517 0.388373 0.215635 
0.997306 1.57673 2.45822 1.4777 2.31679 0.792961 1.50177 1.2885 0.895986 0.237714 0.282397 0.181798 
1.09205 2.0125 1.7428 1.34483 2.4401 0.804297 1.89299 2.24897 1.66576 -0.349246 0.287927 0.0798412 
1.20944 1.86081 2.27777 1.18903 2.40522 0.806246 1.48351 1.26035 1.87905 0.19914 0.240075 0.209895 
1.16121 2.12543 2.53764 0.843887 2.30424 1.20071 1.78911 1.50518 1.24273 0.488635 0.277186 0.187754 
1.08469 2.11032 2.46303 1.48195 3.22645 0.943723 0.731621 1.1149 1.32156 0.215679 0.680839 0.136191 
1.00525 1.62281 1.88322 1.50879 2.76001 0.947165 1.77163 1.12006 1.80689 0.127894 0.346192 0.230323 
1.09529 1.69775 1.91969 1.22714 1.66975 0.451968 1.74094 0.579796 0.793182 -0.405554 0.0805163 0.100054 
0.920759 1.96938 1.6713 0.422852 1.63058 0.855517 2.44138 0.693698 0.302739 0.296906 0.38171 0.0618137 
0.988451 1.59684 2.16856 0.20511 1.31387 0.167143 2.16483 1.01088 0.637125 0.218481 0.549271 0.0616065 
1.11719 1.36176 1.53033 0.6286 1.30489 1.02273 2.53665 0.868363 1.0428 -0.128971 1.14267 0.157662 
1.01945 1.56769 1.3671 0.7677 1.27543 1.56266 2.03385 1.19398 1.26478 -0.112899 0.710131 0.0902179 
1.12561 1.73198 1.65796 0.890408 1.03143 1.30269 2.29748 1.52633 1.25711 -0.275413 0.310891 0.030637 
1.25016 1.41454 1.09105 -0.104641 2.21207 1.02481 1.79335 0.905156 0.703864 0.27969 0.64823 0.154735 
1.20385 1.39634 0.925343 0.0303527 2.2705 1.46644 1.42165 0.243432 1.05037 0.758131 0.75451 0.188555 
1.2235 1.4389 0.860231 0.0886412 1.37285 1.16742 2.37455 0.157574 1.41279 1.57976 0.848408 0.218568 
1.29206 1.56024 0.706122 0.898837 0.935581 0.421954 2.56359 0.515184 1.64763 0.693418 1.08284 0.142739 
1.26328 1.69565 0.952091 0.394186 0.972324 0.594861 2.06181 1.04628 1.96944 0.741622 0.992147 0.155269 
1.2156 1.66062 1.5539 0.10176 0.697176 1.0737 1.47318 1.44545 1.62343 0.815188 0.739765 0.140323 
1.17759 1.39864 1.66837 0.338968 0.48971 0.404152 1.51182 1.35146 1.40052 0.128897 0.940526 0.122002 
1.14006 1.4002 1.53188 0.844021 1.43869 0.821134 0.181865 1.46935 1.02932 0.335093 0.67846 0.110897 
1.05994 1.429 1.4278 0.52995 1.2679 0.30342 0.603287 1.2617 1.37407 0.791352 0.572004 0.109368 
1.00892 1.54931 1.29424 0.536174 1.43624 1.24269 1.77111 0.558266 1.36252 -0.0503946 0.0811898 0.10404 
1.06262 1.33921 1.9271 1.05329 1.44147 0.804872 1.63734 0.903565 1.4239 0.461742 0.335341 0.180611 
1.09008 1.40466 2.07853 0.390061 0.764705 1.33352 1.76844 1.14067 1.76098 0.844834 0.443142 0.186387 
1.14534 1.77141 1.8319 0.704841 0.670739 0.296238 1.96496 0.891799 1.37372 0.698844 0.750847 0.168591 
1.07789 1.83402 1.75689 1.22229 0.660588 0.313021 1.66587 0.75388 1.54008 0.153494 0.441176 0.0719606 
0.988239 1.67419 2.11333 0.462133 0.570231 0.577543 1.61801 1.13188 1.40734 0.372361 0.741215 0.0499077 
1.01306 1.44566 1.36579 0.361237 0.486415 0.532475 2.25801 0.568848 1.03569 0.714818 0.735936 -0.00411731 
0.869592 1.4686 1.25382 0.235395 0.797573 0.855635 2.33332 0.9556 1.65426 0.526469 0.751993 -0.108486 
0.781416 1.78725 1.2214 1.14733 0.833895 -0.171782 1.2484 0.529028 1.48361 1.26252 0.589449 0.0495335 
0.805731 1.7451 1.56698 0.769852 0.395225 0.0796538 0.873994 0.166486 0.926215 0.408858 0.334849 -0.00523823 
0.858589 1.61739 1.77006 0.543474 0.0972574 0.346433 0.99083 1.40093 0.741173 0.513314 0.535364 0.000164992 
0.760138 1.44663 1.70286 0.831223 0.469395 -0.740147 1.03313 0.923063 1.54996 -0.0412381 0.288865 0.135742 
0.819473 1.58555 2.11908 0.594333 0.565684 -0.561981 0.381016 0.495551 1.22035 0.405554 0.335201 0.160037 
