0.578116 1.04718 1.15788 1.05823 1.34577 1.4861 0.580542 0.204392 0.211825 0.938984 0.39802 -0.0621027 
0.5306 0.816543 1.3099 0.599328 0.942522 0.366321 -0.334473 -0.537053 1.47715 0.16961 0.535662 -0.0729825 
0.45321 0.665401 1.08437 0.167191 1.24617 0.138085 -0.0863225 -0.354908 0.543054 0.258835 0.0513308 -0.0175176 
0.4515 1.01801 1.07137 1.02515 1.45018 0.25641 -0.0813772 -0.516165 0.730238 0.538469 -0.0649757 0.0928423 
0.464141 1.08364 0.8483 0.890127 0.920829 0.314915 -0.403695 -0.273247 1.04888 0.344027 0.124204 0.125188 
0.557659 0.85572 0.630564 0.55301 0.821673 0.129102 -0.0590219 -0.228179 -0.0684759 0.862309 0.379154 -0.00464986 
0.625555 0.834229 1.23109 1.28155 2.29815 0.426726 0.192719 0.264188 0.480817 0.271603 0.106141 -0.072692 
0.699427 1.01787 1.53618 1.27623 1.51753 0.445758 -1.12972 0.438586 0.825156 0.410892 0.613827 -0.0979265 
0.681349 1.07133 1.77387 0.738723 0.995639 0.113077 -0.294877 -0.187085 0.618231 0.736937 0.712972 0.0332696 
0.736308 1.0986 1.33041 0.85044 0.21971 0.806305 -0.617925 -0.628724 0.639335 0.905985 0.738605 0.15847 
0.698367 0.866382 1.45721 1.24004 1.36382 0.433729 -0.0892482 -0.109861 0.912908 0.91338 0.623256 0.0203152 
0.736998 1.04222 0.971407 0.699532 1.80174 -0.116005 0.30568 0.0163104 0.747936 0.41246 0.755887 0.0487778 
0.740042 0.976681 1.07529 0.286541 0.44988 0.563927 0.526943 -0.396039 1.21309 0.747342 -0.0348 0.229597 
0.613007 1.14145 0.961915 1.16 0.223714 0.620919 -0.0862428 -0.646781 0.754361 0.709298 0.631206 0.0803706 
0.654654 1.09757 1.17123 0.639706 0.799034 0.830912 0.282588 0.1381 0.109795 0.865984 0.835377 -0.13278 
0.718179 0.882415 0.445373 0.582076 1.45419 0.68131 1.06537 0.0487275 0.790463 -0.632792 0.0769892 -0.187494 
1.13607 0.680232 -0.460149 0.971943 1.55103 0.226235 2.8898 -0.31313 0.281674 -0.655471 -0.462479 -0.27464 
1.33148 1.52355 0.364361 0.814825 2.33937 0.658308 1.93429 0.069039 0.463297 -0.374882 -0.0954206 -0.0141296 
1.68771 1.042 0.0910334 2.31029 3.91453 1.166 2.37853 -0.968509 0.316195 -0.493272 -0.239335 -0.0319723 
1.98438 0.823782 -0.986645 1.4463 3.4579 0.226196 1.67781 -0.729984 0.962536 -0.348543 -0.622687 -0.359131 
2.26415 0.241012 -1.99603 1.02812 3.24144 -0.266162 2.02489 -0.387732 1.58531 -0.357924 -0.733004 -0.475327 
2.37612 0.471964 -2.2785 0.638661 3.77777 -0.212492 1.65571 -0.305457 1.44753 -0.125528 -0.86578 -0.422763 
2.49628 0.630171 -2.50106 0.430493 4.20916 0.152555 1.43922 0.12401 0.987498 0.11019 -0.982554 -0.394421 
2.41727 0.813401 -2.06081 0.339536 3.2697 0.00201761 1.92198 0.157356 1.09562 -0.220244 -0.961348 -0.507506 
2.17583 1.09643 -1.69262 -0.0189517 3.10912 0.311537 2.55521 0.241014 0.737932 -0.173776 -0.866673 -0.386217 
2.28633 1.17991 -1.6316 0.678995 3.66228 -0.222174 2.28441 0.0678554 1.18988 -0.0516579 -1.0928 -0.488367 
2.30821 0.638469 -2.3081 0.881938 3.73907 -0.0996986 1.99576 0.222108 1.35636 -0.167469 -0.893194 -0.419989 
2.35753 0.925352 -2.38373 0.639663 3.78813 -0.511318 2.20767 -0.0194362 1.60459 -0.230408 -1.11134 -0.465562 
2.28759 0.523787 -2.49277 0.608315 3.91896 -0.183432 1.99404 0.161038 1.61968 -0.181531 -1.05024 -0.444168 
2.40975 0.802432 -2.527 0.882799 3.99826 -0.268296 1.66156 -0.0131425 1.52533 -0.161922 -1.05374 -0.458669 
2.28103 0.188333 -2.31385 0.770531 4.16892 -0.345407 2.20243 -0.228275 1.64995 -0.231388 -1.02598 -0.360981 
2.33142 0.380346 -2.00357 0.964695 4.14663 -0.149147 2.07962 -0.23054 1.19233 -0.371681 -1.02155 -0.307172 
2.31375 0.148083 -2.56989 0.987255 4.92023 0.017534 1.77749 -0.157921 1.22509 -0.0864866 -1.05119 -0.248491 
2.44507 0.425782 -2.32615 1.521 4.71263 0.147593 1.79845 0.188208 1.22181 -0.337197 -1.06115 -0.265999 
2.06908 0.180285 -2.0897 0.0505978 4.73697 0.347352 1.8472 -0.00397048 1.15178 0.160966 -0.972275 -0.209615 
2.05974 0.329667 -1.43942 0.0948129 4.5639 0.122691 1.84683 0.316443 1.28924 0.333238 -0.961662 -0.144028 
2.15755 0.17626 -2.26241 0.652867 4.84664 0.69182 1.37831 0.960577 1.13072 0.488257 -0.878943 -0.210813 
2.15937 0.260956 -1.94775 0.820875 4.92687 0.705227 1.84901 0.541895 1.24709 0.449856 -0.71915 -0.0935754 
2.41695 0.185623 -1.8443 1.11201 5.15455 0.784681 2.29908 0.276813 0.722537 0.20305 -0.604246 0.0797707 
2.34724 0.254993 -1.25618 0.862549 4.82159 0.511896 2.12567 1.15291 0.626132 0.21852 -0.951555 -0.0647492 
2.38132 0.544614 -1.742 1.22422 4.80438 0.352491 2.44176 0.414599 1.12674 -0.0581036 -0.852623 0.00397245 
2.41481 0.246108 -1.74858 1.56814 5.10461 0.693381 2.07425 -0.273868 1.06541 0.104777 -0.563912 -0.0190682 
2.21744 0.564791 -1.3414 1.67927 5.09776 1.34117 1.57142 0.151182 0.773225 0.268951 -0.539582 -0.0814774 
1.97217 0.740197 -0.915086 0.393561 4.87987 1.66242 1.62575 0.408346 0.812637 0.21143 -0.501914 -0.0617448 
2.15598 0.313772 -1.30414 0.319233 4.81944 1.66134 1.83734 1.27889 0.770125 0.526354 -0.541646 -0.0821708 
2.08029 0.0161826 -1.71868 0.223224 4.60374 2.4178 2.05688 1.11268 1.00889 0.520209 -0.163918 -0.0226349 
1.97148 0.206165 -1.70347 0.7336 5.08599 1.60268 1.95723 0.758416 1.5112 0.513678 -0.271044 0.0899753 
2.13997 -0.0318383 -1.8108 1.18707 5.48568 1.20754 1.55135 0.318548 1.22597 0.833826 -0.260242 0.0474203 
2.11478 -0.0819578 -1.85163 1.81998 5.65832 1.53996 1.29586 0.0691332 1.02593 0.742352 -0.117908 0.0600582 
2.08868 -0.159478 -2.0974 0.925423 5.18651 1.72019 1.64065 0.184322 1.49188 0.87037 -0.0249275 -0.0412342 
2.14224 -0.317131 -2.0776 0.565127 5.09949 2.13372 1.21811 0.109407 1.16386 0.819385 -0.0847251 -0.155762 
1.952 -0.005594 -0.947822 0.448727 4.46261 2.26563 1.70703 0.952016 0.996244 0.533908 -0.252991 -0.094681 
1.81779 0.340153 -0.57193 0.619522 3.92738 1.41786 2.11005 1.75716 0.950411 0.344839 -0.665636 -0.136579 
1.8923 0.289051 -0.551239 0.963816 4.20693 1.57299 1.068 1.95335 0.505978 0.522902 -0.562705 -0.213397 
1.75964 0.390322 -0.50637 0.686191 4.01744 1.76006 1.74218 1.31658 1.49127 0.21768 -0.683615 -0.17273 
1.82079 0.599314 0.100582 1.40897 3.83828 1.56801 1.71263 1.28464 1.59841 0.100484 -0.928614 -0.232989 
1.76679 0.513377 -0.0223237 1.20011 4.08625 1.64698 1.88255 0.839705 1.35728 0.439494 -0.657427 -0.1331 
1.80833 0.689627 -0.390015 0.52725 3.83578 1.81371 2.12132 0.650428 1.90946 0.270633 -0.588221 -0.198002 
1.98318 0.46697 0.0190656 0.45171 3.92822 1.65448 1.52348 1.74056 1.14777 0.277292 -0.592105 -0.173713 
1.88534 0.363308 -0.16935 0.828046 4.39042 1.83683 1.21017 0.802383 0.889583 0.385974 -0.425342 -0.105135 
1.91853 0.444922 -0.415636 0.846448 3.75174 1.21132 1.62795 0.626873 1.69647 0.409019 -0.630323 -0.272335 
1.8768 0.845757 -0.364398 0.588648 3.62359 1.32235 1.94221 1.064 2.03209 0.555863 -0.509957 -0.249073 
1.80985 0.847256 -0.189309 1.03618 4.45708 1.27671 0.950387 1.08966 1.35441 0.778402 -0.470575 -0.229978 
1.68518 0.681715 0.0197449 1.07218 4.04088 2.04962 1.05002 1.24416 0.81013 0.953283 -0.0995853 -0.117651 
1.65706 0.87556 -0.349832 0.403285 4.13754 2.89022 1.1202 1.11846 0.887643 0.54862 0.0598768 -0.0964106 
1.67953 0.806901 0.0839844 -0.27308 4.08101 2.55865 1.22372 1.48834 1.98654 0.392956 -0.135988 -0.241121 
1.67086 0.702375 0.452378 0.209046 3.89184 2.38165 1.15855 0.733184 1.8538 0.547021 -0.141535 -0.106083 
1.52031 0.776444 1.0238 1.06154 3.93497 2.29987 1.61682 0.969158 1.39159 0.562486 -0.319004 0.0333864 
1.44948 0.760993 0.845656 0.807155 3.44952 2.09547 2.31916 1.12338 2.28986 0.255096 -0.495101 0.0996321 
1.42817 0.992653 0.653845 0.72512 3.30296 1.912 2.46514 1.79919 1.95766 0.394697 -0.435355 0.040479 
1.36085 1.00494 0.850744 0.281966 3.41884 2.71553 1.58026 2.49934 1.84863 0.288947 -0.292552 -0.0485699 
1.36299 0.736253 1.18795 0.935956 3.30478 2.67407 1.85433 1.65615 1.30421 0.329415 0.0526429 0.226059 
1.40801 0.753151 1.11905 0.93331 3.43742 2.77895 1.76566 1.98172 1.40241 0.658808 -0.190324 0.092692 
1.44849 1.17966 0.926027 1.40065 3.42969 2.44511 1.48403 0.651139 2.23555 0.859818 0.0210354 0.0520642 
1.50408 1.60902 0.451727 1.67127 2.79191 2.20209 1.93299 1.16812 2.22295 0.325118 0.229465 0.0411072 
1.56797 1.27029 0.961256 1.18877 3.11143 2.39203 1.3357 1.09021 1.83062 0.528308 0.272847 0.128545 
1.46086 0.973233 0.977379 0.640772 3.37793 1.49354 1.43907 1.20702 1.83819 1.26485 0.404722 0.131796 
1.40951 0.971206 1.3918 0.400382 3.31019 1.75419 1.18798 1.57505 1.46917 1.22125 0.502896 0.132538 
1.42774 1.21187 1.64345 0.677371 3.07262 1.87539 0.860433 1.92009 1.85633 0.888258 0.269986 0.0791054 
1.29006 1.23538 1.3764 1.31441 3.19408 1.3674 1.12727 1.51625 2.00388 0.701231 0.0572276 0.11105 
1.27763 1.46239 1.23486 1.21525 2.99248 1.70163 0.900846 1.89523 1.7447 0.169054 0.361785 0.101164 
1.34274 0.699912 0.563947 1.60137 2.80087 1.13952 1.20804 1.38496 1.23894 0.940008 0.663091 0.15285 
1.37991 -0.068468 -0.82913 2.46215 1.57505 0.664407 1.26566 -0.303463 1.4717 0.379795 0.690039 -0.10909 
1.25368 -0.12203 0.117054 2.01313 1.47152 0.977638 1.9971 0.0204275 1.224 0.584843 0.320458 -0.145212 
1.2346 -0.347422 1.332 1.53385 1.79374 1.23563 2.68457 0.556168 1.15251 0.774872 0.207631 0.0833725 
1.24892 0.135395 1.04372 1.45035 2.00119 1.84425 2.96881 0.326566 1.18472 -0.0217121 0.565656 0.37832 
1.09261 0.202403 0.76752 1.97248 1.92558 1.15346 3.14882 1.17567 1.46641 -0.392683 0.422547 0.292488 
1.15258 0.512163 0.483583 1.70485 2.04706 0.0237072 2.31699 2.37614 1.4383 0.226019 0.0370472 0.154548 
1.185 0.476035 0.726887 2.44175 1.60813 0.364616 1.7916 1.14597 2.52194 0.328051 0.131965 0.0368775 
1.08969 0.552811 1.6316 2.14602 1.75379 0.595929 1.57711 0.441304 1.14042 0.272283 0.49012 0.147153 
0.974889 0.839236 1.67462 1.86216 1.48029 0.0554229 0.86402 1.35733 1.48954 -0.0902826 0.589204 0.200118 
0.935758 1.00378 1.56122 1.4735 2.29229 -0.0153745 1.04053 1.61587 1.65521 0.499691 0.744788 0.163883 
1.06809 0.917394 1.43982 1.36098 1.96965 0.907894 1.60232 2.19781 1.3344 -0.0676997 0.532685 0.226221 
1.03349 0.935211 0.874895 1.61352 2.42634 0.285684 1.68251 1.54662 0.639842 0.136151 0.432347 0.233031 
1.08824 1.10707 1.2333 1.00941 2.55202 -0.0592517 1.26148 1.42746 0.427423 0.56043 0.333103 0.14837 
0.943484 0.976895 2.04421 2.0248 2.0032 0.238931 0.855403 0.882573 1.17942 0.54255 0.788853 0.127106 
0.906134 0.655032 1.96962 2.22035 1.94307 0.175327 1.03368 0.676149 1.34287 0.880916 0.448313 0.0716057 
0.98053 0.61157 1.59114 1.74154 2.15935 0.270821 1.38267 1.44301 1.19837 0.969995 0.0250648 0.0936733 
0.8649 0.781379 1.73564 1.09578 2.15213 0.653404 0.891962 1.0557 2.08726 0.405745 0.612699 0.0609852 
0.865539 1.33083 1.55975 1.3498 1.30914 0.717156 1.32057 1.00186 1.80964 0.243115 0.649656 0.0893701 
0.98359 0.728952 1.5984 1.2762 1.75125 1.27811 1.25318 1.60934 1.68522 0.588609 0.582961 0.118389 
0.96693 0.543028 1.3222 1.28654 2.44345 0.443196 0.817232 1.54115 1.96248 0.753818 0.578357 0.00422579 
1.08647 0.919282 1.87058 1.23552 1.78509 0.630679 1.27576 1.00684 1.69368 0.743334 0.513196 0.193569 
0.987962 1.51813 2.03064 0.997435 1.25408 1.31978 2.01433 0.418518 1.21399 1.11068 0.450725 0.19558 
0.839027 1.27965 2.03122 0.651206 0.976219 1.63849 1.57846 0.205861 1.52147 1.3443 0.863946 0.101697 
0.96371 1.20021 2.27483 1.71696 1.34567 0.311354 1.39266 0.186495 1.48622 0.952994 0.561324 0.198086 
0.938686 1.17868 1.89087 1.42703 2.48937 0.682374 1.87668 1.16237 1.36392 0.273607 0.723006 0.232358 
0.895906 1.26889 2.10825 1.07983 2.6069 0.978116 1.61426 1.18585 2.22597 -0.13253 0.522199 0.298906 
0.882797 1.23434 1.99448 1.27872 1.7473 -0.152575 1.69383 1.60619 1.48179 0.367205 0.495308 0.233544 
0.951009 1.04373 2.40076 1.30889 1.56517 0.38477 1.12898 1.23651 0.42844 0.965679 0.760367 0.088113 
0.814294 1.42612 2.33109 1.81171 1.42234 0.384691 0.748651 0.0475278 1.36098 0.793792 0.69184 0.128147 
0.825851 1.55321 1.84258 1.56661 1.14181 0.8605 1.03521 0.782668 1.30362 1.11598 0.675145 0.14615 
0.90535 1.21799 1.9488 1.16459 1.53148 0.725396 0.968623 1.15233 0.589091 0.597137 0.292469 0.117881 
0.870965 1.16583 1.93286 1.08961 0.851982 0.134092 -0.10087 1.32009 0.856504 0.374576 0.198309 0.0946538 
0.856946 1.12581 1.70467 0.998257 1.06196 0.791648 0.988908 0.842458 1.01584 1.01409 0.021296 0.0920136 
0.769948 1.29365 1.69719 0.697582 1.56291 0.808951 1.32199 0.443554 0.820813 1.08755 0.248335 0.0991534 
0.853975 1.26196 2.09615 1.2341 1.06268 -0.117149 1.18655 0.518945 0.605127 0.992184 0.440404 0.149189 
0.763746 1.3684 1.53835 1.5454 1.59808 0.550672 1.65072 0.805116 0.370219 0.324672 0.834213 0.0477114 
0.839182 0.993975 1.33037 0.957693 1.32578 0.955357 2.38695 -0.395063 0.613357 -0.067485 0.0342154 0.130633 
0.961517 1.52557 1.37289 0.477164 0.877473 0.599801 2.35931 -0.194796 0.84625 0.649581 -0.370626 0.122264 
0.796023 1.58485 1.66678 1.0909 0.714652 0.334192 1.81648 0.550972 0.290211 0.299751 0.451931 0.00845896 
0.737236 1.4378 2.00236 1.29317 1.49611 0.00884631 2.15834 1.37277 0.56224 -0.0713194 0.447476 0.148771 
0.789271 1.47708 2.3884 1.56576 1.15944 -0.297291 1.43703 1.00752 0.909621 0.304453 1.05767 0.139253 
0.75458 1.2991 2.00988 1.57476 1.60361 0.00323298 1.96081 0.449253 0.573906 0.0227869 0.308078 0.141369 
