0.527243 1.16597 1.77986 1.22028 1.43291 0.162731 1.14827 0.785277 -0.0991823 0.482793 0.0323055 0.0688483 
0.617423 1.31416 1.47994 0.924248 1.12438 0.414899 1.82945 0.543155 0.470893 0.770019 -0.196721 0.174355 
0.654873 1.22004 1.34576 1.25041 1.17974 1.17701 2.14541 0.510738 0.651765 0.523299 0.155992 0.143111 
0.652225 1.28504 1.27753 1.23779 0.993571 0.646957 1.19934 1.22144 0.62285 -0.100178 0.340865 0.0723647 
0.642882 0.99255 0.66039 0.898561 -0.226673 0.897335 0.522762 1.32793 0.028155 0.0108955 0.323786 0.00738782 
0.669301 0.762855 1.16084 0.868397 1.03868 1.39937 0.885223 0.722454 0.898354 0.414158 0.366762 -0.0728088 
0.553442 0.89474 1.52295 0.842657 1.58429 0.32808 1.45798 0.337124 1.14224 0.780342 0.460879 -0.031966 
0.601118 1.19183 1.08294 1.0849 1.0979 0.445247 0.972028 0.750191 1.41502 0.502965 0.168973 0.0432778 
0.626722 1.01476 1.00794 1.45592 1.18706 0.908373 1.11668 1.09918 1.37912 0.877004 0.0654068 0.00456501 
0.745169 0.984535 1.63361 1.51594 0.741849 -0.11518 1.57665 1.33726 0.619993 0.788063 0.448932 -0.0277986 
0.825771 0.753757 1.51603 0.735116 1.1527 0.176128 0.231944 0.601668 0.487281 0.313426 0.478655 -0.0830521 
1.05593 -0.0491813 -0.793427 -1.17269 1.27894 1.59645 0.70717 -0.198922 0.26887 0.235382 0.616731 0.00430674 
1.2125 -0.397816 -2.52554 -0.941315 0.907261 0.94552 1.2085 -1.21721 0.456335 0.252946 0.491198 -0.148625 
0.998088 -0.117838 -1.99313 -0.173801 1.39278 0.652536 1.56345 -0.917996 1.09755 0.138718 0.634822 -0.334625 
0.913804 0.556044 -0.709453 0.287613 1.76643 0.951185 2.18424 -0.405273 2.19821 0.717397 0.559015 -0.397345 
1.3894 1.11553 0.00100022 0.464436 1.97618 2.07375 2.49615 -0.394995 1.61487 0.278762 0.255588 -0.0274535 
2.1428 1.52941 -0.592975 0.353482 2.28276 0.530153 1.43028 -0.0476871 2.37903 1.23367 0.171825 -0.444246 
2.0482 1.77193 -1.07588 0.497036 2.30183 -0.0530181 1.77166 -0.136455 2.6495 0.992837 0.316016 -0.375235 
2.11843 2.01227 -0.561935 0.960898 2.16756 -0.740469 1.77786 -0.0588427 2.55847 1.06122 0.3203 -0.187528 
2.3093 1.91065 -0.568695 0.89922 2.0035 -0.503195 1.25518 -0.0684817 2.52098 1.19961 0.41801 -0.244408 
2.41634 2.07708 -0.417305 -0.311859 2.27687 -0.528987 1.4023 0.11321 1.98544 1.13093 0.162253 -0.107428 
2.1361 2.65725 -0.0419594 0.819433 1.67702 -0.772273 1.81129 -0.463716 2.08595 1.15449 0.632321 0.0650417 
2.18232 2.46798 0.380622 1.23155 1.4527 -1.2039 1.53443 -0.511321 1.64893 1.13636 0.53778 0.0916288 
2.30154 2.30685 0.399963 1.37009 1.92177 -1.71589 0.9813 -0.272589 1.71585 1.22648 0.397828 0.142851 
2.25027 2.38944 0.590717 1.2762 2.36187 -1.05378 -0.0765011 -0.44136 2.21899 1.12073 0.252574 -0.109858 
2.15036 2.2638 0.831104 0.710962 1.62986 0.166568 0.740907 0.0511704 1.8767 0.599613 0.247048 -0.0926297 
2.0874 2.39954 1.1919 0.405333 1.59283 0.356846 0.6848 0.0800476 1.4537 0.748111 0.369843 0.0486051 
2.16649 2.13881 0.561501 0.716745 2.38452 0.399957 1.66082 0.384365 1.5786 0.263558 -0.0511757 -0.105241 
2.07706 1.85828 0.859449 1.20383 1.86287 0.7905 0.78385 0.339635 1.53026 0.886783 0.0763936 -0.191549 
2.07985 1.86579 0.842077 0.783202 2.2753 0.491861 0.614567 1.18378 1.39172 0.495542 -0.279325 -0.304235 
2.15228 2.06699 1.13773 0.861151 1.39021 0.208145 0.707711 0.963424 1.49144 0.573965 -0.0388397 -0.181639 
2.09247 2.30509 1.26668 0.900341 1.6413 0.926084 1.2192 0.611451 1.38836 1.00966 0.101893 -0.118502 
2.01076 2.54771 1.92521 1.05852 2.03435 0.511623 1.4125 0.139765 1.89442 0.995944 0.061154 -0.00876701 
2.20416 2.49516 1.99593 0.562603 2.24459 0.343476 1.99057 0.21973 1.86444 0.291369 -0.121569 0.0546519 
2.11932 2.34278 1.70975 1.22561 3.17527 0.165119 1.80772 0.162573 2.262 0.348227 -0.184301 0.00378554 
1.98497 2.75093 1.82617 1.5091 3.09315 -0.200486 1.36359 0.446313 1.86217 0.503965 -0.01367 0.0327771 
1.97828 2.5632 1.96123 1.04282 4.22684 -0.229281 1.14471 -0.0165867 1.77398 0.505135 -0.16056 0.103444 
1.92952 2.44968 2.67809 1.48839 3.3174 -0.833876 0.63368 -0.160438 1.57346 0.584266 -0.196203 0.230841 
1.91817 2.42738 2.15292 1.7864 2.51029 0.696534 0.839624 0.155481 0.925368 0.349046 0.101512 0.0455094 
1.93794 2.79091 2.04457 1.1748 2.48152 0.690795 1.06134 0.573243 0.562808 -0.146965 0.0777932 -0.00228599 
2.02031 2.82534 2.28305 1.27792 2.24057 0.477623 1.53091 0.0928865 0.573651 -0.264629 -0.0171927 0.0287273 
1.84724 2.7495 3.09624 2.18277 1.66917 0.57507 0.599387 0.027465 0.652548 0.0333221 0.00555212 0.0188318 
1.97662 2.68721 3.28972 1.93369 1.86646 0.871717 1.10418 0.798546 0.193875 -0.0751266 -0.00343182 -0.0670389 
1.80327 2.90901 3.09655 1.75789 2.41102 0.549276 0.994344 0.546851 0.581908 0.121253 -0.051514 -0.0212592 
1.91457 3.20256 2.87035 0.899714 3.02925 -0.42122 1.17368 1.28907 0.831176 -0.158849 0.0267442 -0.0588833 
1.89376 2.88467 2.88778 0.706965 2.06799 0.57755 1.27107 1.49712 -0.0351913 0.0999925 0.0511085 -0.0882096 
1.99633 2.9037 2.9054 1.43864 1.99644 0.771299 1.84593 -0.0911796 0.396759 0.250038 -0.0550803 0.0760415 
1.88692 2.61335 2.91824 2.17253 2.13138 0.926562 1.95548 0.450842 0.460661 -0.125994 0.0706359 0.0256574 
1.87567 2.57816 2.6635 1.30131 2.4501 0.351151 1.26966 1.36289 1.03116 -0.143816 -0.0211616 -0.0377737 
1.93383 2.2134 2.53584 1.19711 1.54689 0.497736 1.23557 0.921619 1.14403 0.312099 -0.0801536 -0.0464267 
1.90896 2.3397 2.76943 1.24292 1.48609 0.220473 0.724423 0.661573 0.407368 -0.175464 0.00524358 -0.0253517 
1.74406 2.53593 3.0506 1.17311 2.01195 0.432019 0.496272 0.874398 -0.557744 0.207821 0.0112328 -0.103018 
1.77681 2.50682 3.3287 0.975976 1.77439 0.626522 0.833268 0.634575 0.76527 0.176421 0.132409 0.0831166 
1.68404 2.25299 2.952 1.88961 1.72088 1.21647 0.846682 1.08034 1.32187 0.292676 0.123178 0.0933182 
1.5936 2.17535 2.6516 2.16155 2.75704 1.51906 0.770646 1.53756 1.78492 0.780129 -0.0266355 0.0867262 
1.54823 2.20575 2.93022 2.13018 2.30874 1.22288 2.43544 1.17219 1.07457 1.19315 0.0376616 0.186864 
1.53812 2.07277 2.83255 1.67127 2.39417 1.4941 2.12574 1.67521 0.367858 0.849754 0.482304 0.217338 
1.43663 1.86831 2.37373 1.64962 1.76085 1.11611 1.63782 1.59407 0.848228 0.45796 0.880919 0.324341 
1.50712 1.82523 2.11637 1.76645 2.13561 1.33458 1.07435 0.857432 1.41225 0.627228 0.581141 0.282484 
1.57057 1.70909 1.82448 1.33222 2.09671 1.38907 1.82027 1.66706 1.73673 0.224063 0.0700463 0.111315 
1.46325 2.15024 1.81509 1.21498 2.11594 1.14234 1.45614 0.579391 1.24754 0.31001 0.187476 0.0895205 
1.49596 2.02761 2.16544 0.967827 1.85027 0.544072 0.343894 0.472122 1.12006 0.181866 0.321538 0.0859358 
1.51687 1.87184 2.60945 1.79621 1.6833 0.947137 1.66672 0.442499 1.3625 0.271957 0.291364 0.197259 
1.4308 2.04162 2.90281 2.14446 2.79844 0.720753 1.41873 1.33061 0.506974 0.50181 0.267339 0.157224 
1.44749 2.07626 2.74575 1.20066 2.7323 1.0395 2.1062 1.32218 1.09141 0.741234 0.0794815 0.214317 
1.51043 2.29855 2.86927 1.46231 1.89353 0.887257 1.7927 1.12284 0.683851 0.549702 0.542929 0.240751 
1.46033 2.35304 2.94982 1.54671 1.50077 0.538255 1.70918 1.38973 1.61571 0.544746 0.539294 0.287478 
1.47996 2.14761 2.63684 1.83867 1.53063 0.977061 1.90474 1.22501 1.53965 0.753228 0.313581 0.23006 
1.42564 1.93172 2.33936 2.06247 1.92722 1.30573 2.48684 1.36573 0.953217 0.47437 0.190963 0.151754 
1.37785 1.70778 2.00797 2.00952 1.9175 1.27409 1.21424 1.14458 0.80142 0.556357 0.169707 0.111837 
1.20657 1.46027 2.07279 0.622248 1.31734 0.761008 0.497009 0.754217 -0.310949 0.138745 0.140589 -0.0928709 
1.24074 1.50328 2.36984 1.10215 1.51363 1.22912 1.07989 0.698388 -0.772753 -0.0333763 0.190681 -0.0694837 
1.22299 1.74528 2.13379 1.51546 2.20176 1.52559 1.58557 1.2958 0.492738 -0.122178 0.403673 0.112959 
1.29073 1.9282 2.16623 0.880999 2.15105 1.23649 2.05 0.901395 0.842978 0.198591 0.668857 0.236648 
1.36695 1.72204 2.11169 0.956822 1.67163 1.73835 1.68237 0.56006 1.06826 1.02819 0.302342 0.230737 
1.36774 1.87884 1.85471 1.29083 1.74588 1.54893 1.1855 -0.135481 0.972203 0.792083 0.374008 0.219239 
1.32416 1.69611 2.10205 1.06213 2.02585 0.620662 1.03839 -0.251198 1.11272 0.649871 0.469129 0.279706 
1.20119 1.48599 2.12395 1.00466 2.10207 1.17325 1.19386 0.42996 0.282555 0.934535 0.255136 0.12259 
1.1705 1.81723 2.09384 0.20387 1.55768 0.919141 1.26591 0.583947 -0.238433 0.0387104 -0.0983843 -0.0573777 
1.27156 1.98153 2.26169 0.0934616 1.43042 1.48043 1.67341 0.730938 1.26093 0.80891 -0.180708 0.161071 
1.26684 1.85148 2.59318 1.57446 1.67012 1.31198 2.27824 0.894245 1.06787 -0.0525076 0.422262 0.163261 
1.1146 1.76872 2.86534 0.878541 1.68131 0.816888 1.47342 0.646186 1.11279 0.333618 0.641969 0.240617 
1.07043 1.69384 2.13214 1.00854 0.69163 1.36793 1.17166 0.152709 0.747374 0.60608 0.768629 0.140824 
1.06158 1.67468 2.08139 1.34757 1.06731 1.5511 1.84061 0.214106 0.605089 0.474144 1.07177 0.156407 
1.14692 2.03041 1.99953 1.0996 0.493165 1.6633 2.14381 0.826321 0.539581 0.277954 1.08785 0.12785 
1.24037 1.91293 2.4494 0.686263 1.53577 1.11499 0.83441 0.854536 0.930725 0.852219 0.550461 0.254092 
1.20536 1.68074 2.29859 0.375444 1.90742 1.40569 0.725966 0.882961 0.7017 0.9183 0.542982 0.187862 
1.18455 1.50208 2.44014 1.39308 2.31091 0.540456 1.3791 -0.0290089 0.544888 0.758741 0.160778 0.157814 
1.06718 1.22554 1.99984 0.995924 2.14705 0.773336 1.3253 -0.256209 0.546672 0.365849 -0.0230028 0.09622 
1.06554 1.4009 2.04474 0.0287842 1.34906 0.236963 1.48034 0.230889 1.12782 0.55843 0.302935 0.226774 
1.14242 1.60249 2.41228 0.15874 1.45453 0.749747 1.84539 0.43564 1.42275 0.323316 0.347175 0.256396 
1.16635 1.29055 2.31781 1.02192 1.53753 1.014 1.16608 0.907734 1.27824 0.532574 0.266395 0.178497 
1.04536 1.31235 1.80943 0.984168 1.33061 0.509284 1.60348 0.33194 1.13939 0.835683 0.501963 0.109756 
1.03459 1.40712 2.3311 0.780628 1.18304 0.296873 1.59525 -0.050589 0.719865 1.22972 0.905083 0.172502 
1.09612 1.62422 2.50097 0.283729 0.722128 0.765742 1.84748 1.01004 1.24144 0.476819 0.720812 0.146787 
1.08068 1.57936 1.73594 0.889258 1.11881 0.530578 2.00296 1.03296 0.310624 0.373085 0.88396 0.109211 
1.2159 1.56468 1.47613 0.87198 1.56964 0.974057 2.13368 0.816164 0.188261 0.42771 0.734708 0.174543 
1.01871 1.85951 1.96109 1.33401 1.28838 0.899902 1.76541 0.482664 0.596756 -0.0325896 0.425577 0.0330502 
