-0.549998 -0.73372 4.36778 1.57537 0.917315 1.03419 2.36355 -0.119605 0.203376 1.0429 -0.126796 0.237035 
-0.727846 -0.00464774 3.98083 1.61346 0.612919 0.940924 3.0094 0.0594156 -0.267524 1.32589 -0.271117 0.497422 
-0.862378 0.153106 4.11928 1.56171 0.922277 1.12501 2.69232 -0.538824 -0.0541284 1.15474 -0.311461 0.293224 
-1.08467 0.334644 3.73873 1.809 0.789302 0.174619 3.01076 -0.682141 -0.173777 0.93222 -0.0438257 0.19949 
-1.13926 0.341159 4.20153 0.248518 0.373086 0.645399 2.67136 -0.9929 -0.0186827 0.775335 -0.0709196 0.0894442 
-1.00194 0.0991429 5.11563 0.18631 0.562895 1.19563 2.76373 -0.495851 0.488115 0.484337 0.303089 -0.124967 
-1.11164 0.00332282 4.99966 0.727518 1.41745 0.962702 2.54312 -0.669427 0.558233 0.727089 0.314476 -0.0970115 
-1.19118 -0.0445592 4.25026 1.40219 1.79907 0.625378 1.53452 -0.523658 0.266481 1.17705 -0.0194621 -0.119607 
-1.08385 -0.211917 4.38835 2.34459 1.21338 1.36101 2.37421 -0.467506 0.398999 1.89107 -0.495603 0.143107 
-0.868377 -0.400807 4.26856 2.40846 -0.0721857 1.21878 3.30446 -0.726861 -0.0857524 1.78797 -0.128264 -0.049174 
-0.341275 -0.272588 4.52939 1.30488 -1.61022 -0.181516 3.7997 0.303473 -0.337964 1.17532 0.317847 -0.423545 
0.0614677 0.349204 4.2539 1.5651 -0.190588 -0.637638 2.25102 0.373329 -0.0546058 0.717921 0.292568 -0.262093 
0.326721 0.59381 4.13189 0.905712 0.403879 1.22494 2.49041 -0.0112859 0.813896 0.397617 0.0602402 0.0948846 
1.4408 1.84532 3.37949 0.434349 0.271497 0.481156 1.00661 -0.107126 1.77549 0.22629 -0.75711 0.0220794 
1.80678 1.85493 3.01792 -0.331578 0.200401 0.651935 1.16541 -0.682225 1.57312 0.609445 -0.67777 0.00123397 
1.87818 1.35406 2.52803 -0.377819 0.37744 1.00741 0.672563 -0.225773 1.31849 0.464763 -0.66181 -0.208904 
2.16682 0.901633 1.29438 -0.702959 0.860579 -0.248944 0.768648 -0.921963 1.60109 0.52273 -0.711086 -0.140074 
2.18851 0.825366 1.27514 -0.198337 0.976981 -0.323398 1.22738 -0.970882 1.35633 0.66638 -0.728715 -0.218246 
2.49522 0.0238046 0.0287922 -0.291268 0.848034 -0.965685 1.00302 -1.10699 1.15884 0.653696 -0.784646 -0.308841 
2.07945 0.206006 0.767767 0.177774 -0.00156387 -1.16666 1.03415 -1.0622 1.18427 0.598597 -0.547828 -0.341035 
1.90751 1.2139 1.71504 0.549081 0.242445 -0.493583 0.995782 -0.494255 1.48091 0.628871 -0.619956 -0.318484 
2.32957 1.09194 1.76197 0.81139 0.474814 -1.97098 1.10558 -0.515668 1.90374 0.659777 -0.864894 -0.251082 
2.39688 1.3313 1.45235 0.258177 0.381345 -1.69909 0.995784 -0.302256 1.93013 0.29292 -0.754806 -0.198682 
2.58213 0.907149 0.310301 -0.047426 0.526292 -1.64033 1.80257 -0.547227 1.56028 0.166479 -0.774837 -0.219066 
2.64517 1.1473 1.22499 -0.386421 -0.557374 -0.925794 1.65287 -0.534431 0.831903 0.523686 -0.475166 -0.250245 
2.63105 0.893537 0.939314 0.39207 -0.72409 -0.356527 1.24249 -0.42528 1.23398 0.147009 -0.657505 -0.320408 
2.50684 1.43064 0.709344 0.20825 0.642842 -0.311109 0.760399 0.0433609 1.56156 -0.419203 -0.757202 -0.320623 
2.47154 1.24161 0.505365 0.474725 0.974225 -0.220481 0.521972 0.448299 1.93922 -0.373214 -0.780876 -0.29651 
2.71181 1.03003 1.12601 0.970884 0.578612 0.216604 1.21624 0.3175 1.26536 -0.0442594 -0.795452 -0.383588 
2.5677 1.5576 0.727083 0.386248 0.141704 -0.429761 1.28595 0.840678 1.56954 -0.451459 -0.619475 -0.25196 
2.46855 1.8348 0.584838 0.286269 0.309413 -0.13892 0.630269 0.912211 1.81873 -0.580658 -0.546202 -0.275095 
2.63882 1.49042 1.60042 0.457648 0.310586 0.511328 1.27712 0.17194 1.92574 -0.275551 -0.94954 -0.264303 
2.62697 1.51822 1.06613 0.956856 0.409488 0.664258 1.19616 0.332943 1.87497 -0.0337917 -0.678003 -0.357295 
2.53935 1.2945 0.700219 0.658458 0.592188 0.468822 1.54204 -0.170678 2.11594 0.20247 -0.541731 -0.296702 
2.37685 1.20971 0.115632 0.510864 0.580581 0.552903 1.15306 -0.00472349 1.85815 0.0927654 -0.407525 -0.380329 
2.63533 1.00603 -0.403006 -0.385771 0.284071 0.194768 0.874933 -0.441857 2.23458 -0.0218748 -0.728497 -0.418279 
2.85803 0.838624 -0.849826 -0.512678 0.738868 -1.10358 1.45437 -0.693738 2.0668 0.0662718 -0.940277 -0.40117 
2.70903 1.04215 -1.2286 -0.829371 1.07598 -0.952776 1.10014 -0.117735 2.23234 -0.292294 -0.907083 -0.348997 
2.96018 0.852196 -1.47471 -0.8108 0.94514 -0.830321 0.747424 0.237898 1.68789 -0.0916509 -0.89576 -0.403231 
2.85525 1.1076 -1.57831 -0.571286 1.10872 -1.05022 0.782085 0.183824 1.54103 -0.201751 -0.707174 -0.321581 
2.90393 1.26611 -2.02566 -0.696852 1.30348 -0.754397 1.07766 0.0302003 1.4305 -0.263756 -0.605766 -0.306505 
2.87823 1.21821 -1.91373 -1.00231 1.16753 -0.0636807 0.947045 -0.110183 0.916206 -0.286544 -0.561918 -0.351604 
2.89409 0.894682 -1.38168 -0.171223 0.651352 -0.865337 1.74299 -0.725819 0.930888 -0.253232 -0.400905 -0.414533 
2.85785 0.752814 -1.54756 -0.218947 1.20533 -0.975146 1.80581 -0.620277 0.836893 -0.239652 -0.44657 -0.34049 
2.78365 1.25293 -1.83453 -0.615575 2.06578 -0.540441 1.81575 -0.768694 1.04496 -0.0922932 -0.450222 -0.332612 
2.61239 1.09629 -1.35226 -0.51898 1.74478 -0.580325 1.97599 -0.793823 0.802426 -0.131078 -0.234395 -0.0887326 
2.70845 1.09438 -1.27077 -0.322374 2.13467 -0.776488 1.40174 -0.539972 0.81569 0.114202 -0.210711 0.0193222 
2.71438 1.33724 -1.37744 -0.390288 2.02504 -0.684746 1.24889 0.232902 0.970339 0.264798 -0.110021 0.0957337 
2.55052 1.4323 -1.06809 -0.900309 1.41202 -0.163689 1.57599 1.11606 1.74377 0.440221 -0.0471749 -0.0214341 
2.62014 1.35956 -1.18058 -0.966638 1.36165 1.03705 1.97244 0.983663 1.684 0.577219 0.2586 0.0462471 
2.77168 1.31071 -1.21185 -0.446107 2.04983 0.263059 1.14835 1.47829 1.78537 0.892396 0.0364417 0.000537278 
2.84415 1.28883 -0.997771 -0.165666 2.55253 -0.00384279 1.71609 0.584618 1.28715 0.498743 -0.1344 0.103489 
2.7624 1.67398 -0.568191 -0.392224 2.15086 0.759361 1.7374 0.734181 0.495106 0.034519 -0.266771 -0.0424507 
2.8459 1.51002 -0.157246 0.139678 2.59179 0.890378 1.62405 0.759345 0.336224 -0.256335 -0.528662 -0.110236 
2.69467 1.60683 -0.261221 -0.265157 2.18853 1.37502 1.81742 0.34381 0.264686 -0.0378825 -0.153581 -0.0279973 
2.60567 1.2443 -0.383155 -0.423061 1.84589 1.28348 1.91497 1.15951 0.571471 0.0800828 -0.0176597 0.10951 
2.50889 1.51211 -0.202013 -0.256658 1.74307 0.792697 1.90142 1.36955 0.667325 -0.0260865 -0.160344 0.0765341 
2.70385 1.76138 -0.361773 -0.303464 2.02289 0.502267 1.35031 1.23147 0.607941 0.55947 0.143449 0.157362 
2.58104 1.48843 -0.511526 0.173801 1.54831 0.570035 1.98519 0.539006 1.55072 0.345569 0.283583 0.196534 
2.43855 1.604 -0.113406 0.353723 2.1383 1.4371 1.90664 0.702256 0.525366 -0.141068 -0.0340251 0.105605 
2.40475 1.9961 0.629137 0.59983 2.54199 1.75822 2.09686 0.52233 0.388589 -0.0581881 -0.254493 -0.128306 
2.44829 1.74107 -0.0498328 0.0419909 2.48652 1.09797 2.02239 0.314409 0.291271 0.0303611 -0.208578 -0.0427269 
2.42404 1.62165 -0.130065 -0.021522 2.33625 0.635827 1.21603 1.16826 0.0282826 0.0967568 -0.416676 -0.191144 
2.34862 1.40977 -0.182508 -0.244074 2.08671 -0.398169 0.664877 1.00645 0.759693 0.335761 -0.270189 -0.113213 
2.31744 1.69275 -0.290433 -0.299755 1.6393 0.731332 1.33707 0.276203 1.43718 0.349211 0.223684 -0.00469745 
2.33845 1.48259 -0.138708 -0.750737 1.97323 1.8605 1.52608 0.98864 1.05077 0.295993 0.235079 0.0913142 
2.04553 1.42948 0.419026 0.194724 2.22096 2.09362 1.98132 1.24994 0.636065 0.254229 0.151389 0.125548 
2.03635 1.70238 0.688703 -0.0304132 1.65337 1.81096 2.07206 1.07184 0.532325 0.418963 0.102569 0.0600576 
2.15762 1.76575 0.583914 0.0388265 1.87577 1.58963 1.2364 1.03893 0.851732 0.415476 0.0186444 -0.117981 
2.27207 2.04341 0.216671 0.304575 1.66515 2.03682 2.4808 0.118538 1.4146 -0.125353 0.189184 0.0451461 
2.20485 2.06188 0.79562 0.28739 2.65373 1.80274 2.50155 0.206958 1.18186 0.56878 0.0711638 0.035153 
2.15604 2.37981 0.929796 0.420408 2.47556 2.22499 2.23362 0.381796 1.277 0.52752 0.172669 0.0116954 
2.03296 2.43638 1.32123 0.575009 2.1619 2.3455 1.85282 1.32219 1.53411 0.591905 0.231863 0.0343268 
1.97312 2.22471 1.84737 0.940742 1.91668 1.69381 1.40253 1.4134 1.75121 1.35431 0.400619 0.128843 
1.8831 2.19506 1.40417 0.438882 1.87542 2.10054 2.18019 1.28778 1.19748 0.925736 0.461593 0.271326 
1.94507 2.09938 1.46065 0.184561 2.52937 2.34892 2.50428 1.54408 0.634131 0.451262 0.320123 0.282912 
1.8364 2.02921 1.32885 1.02031 2.81516 2.86074 2.36981 1.17962 0.671119 0.494496 0.273729 0.231044 
1.75954 2.08317 1.24708 1.13271 2.69215 3.3367 2.68306 0.761074 0.754854 0.216502 0.349071 0.313292 
1.71103 1.95947 1.02414 0.341959 2.08714 2.31898 2.9675 1.48243 0.481797 0.242603 0.487262 0.394863 
1.77051 1.76069 1.20992 0.151734 1.68748 2.26689 3.06346 1.61358 0.841383 0.519752 0.387606 0.308649 
1.69181 1.90972 1.58995 0.710218 1.83399 2.02161 2.79712 1.54951 1.24104 0.913961 0.236922 0.199348 
1.69153 2.18873 1.36178 0.828479 2.4645 1.64714 2.32263 1.86986 1.15642 0.749502 0.31301 0.214968 
1.6455 2.25161 1.42365 0.662614 2.24824 1.73232 2.75174 1.72278 1.16404 0.457637 0.388193 0.257107 
1.50683 2.07262 1.4711 0.974714 2.01213 1.32612 2.84305 1.78097 1.54138 0.294311 0.529093 0.246938 
1.39087 1.76038 1.82501 1.93425 2.98935 1.94759 2.6616 1.11322 0.984983 0.395437 0.64002 0.363257 
1.45726 1.76399 1.87846 1.01052 2.28411 1.94255 2.02193 0.795845 0.824793 0.99632 0.646957 0.345528 
1.543 1.81499 2.00847 0.643896 2.72161 2.2708 2.0899 0.526968 0.984108 1.07081 0.486987 0.382827 
1.58534 1.68001 1.57998 0.278705 1.806 1.86107 2.0844 1.40438 1.42635 0.720551 0.655394 0.315771 
1.5251 1.97987 1.4559 0.949582 1.15853 1.68443 2.55572 1.36301 1.55378 0.408238 0.628132 0.231672 
1.49283 2.20072 2.04982 0.331291 2.08619 1.02628 3.08943 1.68133 1.29693 0.133995 0.448807 0.234804 
1.50179 1.74866 1.85482 0.805299 1.61495 0.824353 2.75189 2.08037 1.96274 0.294343 0.399838 0.20546 
1.51873 2.00628 1.94921 0.539725 1.8135 1.07967 2.46074 1.55211 1.2186 0.574477 0.471764 0.249369 
1.47437 1.70992 1.49884 0.983844 2.21656 0.758664 1.85946 1.51108 1.62735 0.454334 0.41706 0.220683 
1.34085 1.83635 1.94244 0.920346 2.57726 0.554607 1.60687 2.12166 1.08171 0.602831 0.249364 0.165528 
1.27321 1.93147 1.84229 1.0923 2.92421 1.35059 2.05817 2.11343 1.09554 0.133405 0.448553 0.180958 
1.27191 2 1.67731 1.76749 2.38275 1.17998 2.25135 1.58798 1.55365 0.330553 0.406958 0.225891 
1.35607 1.68534 1.61597 0.907447 1.69211 1.30332 2.01546 0.936873 1.77466 0.754352 0.582846 0.265228 
1.38699 1.46272 1.83434 0.787809 1.22129 1.63971 1.78288 1.0529 0.959248 0.388727 0.563085 0.227372 
1.30597 1.6477 2.16437 0.759192 1.57354 0.513912 1.63672 0.949173 0.538292 0.00959568 0.800615 0.191643 
1.2086 1.76006 2.29771 0.640387 1.21716 0.692911 1.82453 1.00117 0.0871348 0.619396 0.546019 0.0910176 
1.31201 1.8489 2.3013 1.16612 2.55767 0.714111 2.28745 1.60848 0.800147 0.707575 0.166974 0.214283 
1.30564 1.93342 2.06893 1.67438 1.97125 0.652399 2.93286 1.97594 1.58593 0.416567 0.257713 0.235848 
1.32264 1.8664 1.89488 1.41373 1.88346 0.876607 2.35336 1.62462 1.20544 0.337573 0.677533 0.258737 
1.37378 2.05671 2.33215 1.90566 2.1423 1.24503 1.81269 0.816471 1.27138 0.658095 0.528627 0.276703 
1.39052 1.88906 1.91171 1.97838 1.65654 1.34676 2.11699 1.38051 2.45924 0.3041 0.34041 0.205785 
1.24016 1.60314 1.69849 0.96445 1.73454 1.0483 1.58704 1.8589 1.65575 0.681689 0.532749 0.180004 
1.21411 1.80077 2.12186 1.22135 1.56877 0.792374 1.66489 1.60343 0.85848 0.901203 0.558114 0.21663 
1.3269 1.81458 2.33434 0.697568 1.34703 1.52207 2.21808 0.689702 1.47229 0.407853 0.592055 0.287168 
1.33109 2.02303 2.34317 0.939806 0.879991 1.09535 2.14844 1.16536 1.7959 0.270602 0.619931 0.190152 
1.27295 1.75085 2.18464 1.26252 1.51674 0.731387 2.11464 0.836547 1.3945 -0.0523253 0.518257 0.17525 
1.18073 1.55438 2.06697 1.63678 1.01086 0.3401 1.05311 0.366455 1.55597 0.0118845 0.231896 0.138679 
1.32985 1.70913 1.61704 1.43473 1.74538 1.08752 1.91268 1.49104 1.04495 0.346401 0.686719 0.242793 
1.20168 1.83048 2.39908 1.49463 1.55117 1.57646 1.92437 0.934589 1.90461 0.483358 0.596062 0.304488 
1.22518 2.00506 2.59673 1.59299 2.04194 0.901345 1.29825 0.639771 1.43614 1.12374 0.458368 0.353371 
1.19444 2.06916 2.23824 1.36357 2.34187 0.490694 0.349209 0.427681 0.948421 1.22032 0.876951 0.33682 
1.19776 1.95293 2.56938 1.09414 1.62412 0.92612 1.05134 0.837844 0.608708 0.985337 0.903236 0.278017 
1.23743 1.7992 2.60377 0.761448 1.7969 1.0823 1.74606 1.05702 1.11241 0.939974 0.617169 0.292247 
1.16347 1.58392 2.26518 1.37322 1.9465 1.24529 1.97735 1.74634 1.39156 0.446554 0.679179 0.269278 
1.21987 1.74962 2.33421 1.5395 2.01292 0.656885 1.77641 0.930508 1.50491 0.436959 0.617289 0.303657 
1.10567 1.96863 2.37714 1.70716 2.13073 0.466041 1.41977 0.921051 1.3224 0.8891 0.52883 0.304752 
1.12824 1.82672 1.85133 1.28139 2.01019 1.02954 1.43597 1.72334 0.833 0.357785 1.1363 0.200895 
1.02333 1.45072 1.76359 1.22903 1.88651 1.09227 1.58859 1.56405 0.913256 0.742442 0.772019 0.165017 
1.10235 1.789 1.70688 1.16243 2.20855 1.25476 2.27815 0.819323 0.725746 0.528618 0.787735 0.249607 
1.22543 1.95507 1.79216 1.52563 1.59839 1.54979 1.78155 1.1451 0.60981 0.30882 1.02365 0.22654 
1.26946 1.66146 1.79214 1.99641 1.66127 1.59618 0.590591 1.08223 1.90333 0.0433568 1.01394 0.282141 
1.2673 1.58023 2.27484 1.0316 1.98467 0.321516 1.45878 1.04513 1.75048 0.498075 0.763336 0.352728 
1.10909 1.60864 1.78718 1.18233 2.1048 0.36533 1.54926 0.62785 0.791806 0.269156 0.164021 0.109757 
1.04282 1.61011 2.18149 1.75457 1.79207 0.875234 1.72467 1.00428 1.21481 0.160514 0.0493364 0.173841 
1.16238 1.73875 1.65699 1.76317 1.68433 1.04105 1.82591 1.70054 1.43207 -0.0250756 0.201573 0.12954 
1.19768 1.50707 2.11633 1.41582 1.66495 1.2987 1.62381 1.48317 1.10885 -0.208995 -0.243243 0.072485 
1.11723 1.60571 1.78848 1.30689 1.18701 0.501319 1.7275 0.955647 1.10276 0.345962 -0.0268048 0.0971353 
1.01832 1.57795 1.40879 1.08737 1.37919 -0.334622 1.69919 1.18356 1.01566 0.0406701 0.345825 0.0955673 
1.21305 1.36588 1.52949 0.991533 2.06734 0.292731 1.6427 1.0183 0.445255 0.0835739 0.0857637 0.111236 
1.2362 1.73459 1.75927 1.26825 2.43069 0.373618 2.33964 0.55333 0.0110429 0.997368 0.24302 0.259311 
1.09231 1.72175 1.97587 1.6554 2.09187 0.9557 2.2719 0.0858023 0.899438 1.25183 0.427216 0.259769 
1.15098 1.77723 2.23865 1.67517 1.44306 1.30365 1.23803 1.604 0.751001 0.567721 0.365505 0.152714 
1.16691 1.42127 2.2139 1.02569 1.35151 1.39542 0.602073 1.762 0.884806 0.111002 0.203911 0.0612593 
1.14845 1.02212 1.90312 0.990624 0.724263 1.00566 1.11801 0.777846 1.04002 0.143882 0.561934 0.177244 
1.03317 1.43001 1.97911 1.15003 1.25326 1.23305 1.66032 1.06074 0.984566 -0.564825 0.524784 0.0944769 
