0.601142 0.820998 1.73282 0.622372 1.50353 0.104082 0.61097 -0.154371 1.01754 0.11686 0.698283 0.0144233 
0.465578 0.981751 1.51863 0.482585 1.88848 0.378103 0.122176 0.401773 0.671908 0.412184 0.250007 0.0093587 
0.547716 0.625312 1.31554 1.05965 0.811118 0.703403 0.555232 -0.0179808 0.908806 0.09987 0.00680851 0.00548941 
0.426441 0.78423 1.37443 1.70458 0.632198 1.0487 0.690629 0.028247 1.36274 0.476628 0.148325 -0.00284303 
0.315141 0.720093 1.11673 1.49666 1.58293 1.77622 1.49934 0.503921 1.2815 0.294445 0.182372 0.108422 
0.393963 0.73995 0.648134 0.778249 1.59733 1.66121 1.51376 0.556072 1.07287 0.573639 0.0613133 -0.0729458 
0.370273 0.645432 1.06963 1.14366 0.903917 0.674978 1.00046 1.10008 1.21478 0.520679 -0.320464 0.0712425 
0.439378 0.733376 1.38791 1.0308 1.08001 0.858148 0.422657 0.482863 0.033073 0.59601 -0.285275 0.0228855 
0.661221 0.697598 1.54048 0.680173 0.754438 0.842127 0.414007 1.33267 0.261597 0.567717 -0.414137 0.0690349 
0.689783 0.822356 1.38669 1.23406 0.385523 0.0442842 1.19941 0.606572 0.961318 0.107532 -0.125975 0.133592 
0.664327 0.617079 2.07825 1.33816 0.452091 -0.270854 0.909673 -0.280609 1.06621 0.00314416 -0.0354875 -0.0571238 
0.441536 -0.793998 2.11476 -1.29183 -0.058953 1.25786 0.294292 -0.220088 0.601736 -0.220573 0.102039 0.00997321 
0.509958 -0.294302 2.13097 -1.23313 0.0508111 1.53388 0.809161 -0.97912 0.893268 -0.533485 -0.363711 -0.328025 
0.507325 0.0280513 2.42883 -0.483491 0.463549 1.10519 1.41762 -0.836324 1.03673 -0.465451 -0.394514 -0.368742 
0.283084 -0.0926128 1.91743 -0.676269 0.570233 2.19583 1.2354 -0.859388 1.10431 -0.487846 -0.22405 -0.690373 
0.141659 -0.842776 0.851133 -0.954835 0.928504 1.95811 0.99807 -1.61733 0.317256 -0.967202 0.737089 -0.179916 
0.0958023 -1.29102 0.798142 -0.967568 0.842336 0.641197 1.32458 -0.414528 0.398525 -1.19968 0.641761 -0.163083 
-0.124152 -2.03209 0.418541 0.0971419 2.13973 -0.105554 0.756427 0.213392 -0.0313202 -1.76776 -0.21303 0.374393 
0.0366956 -2.2448 0.387694 1.22012 1.95115 -0.446165 1.21542 -0.033461 -0.453865 -1.5205 -0.494735 0.332962 
0.17755 -2.33968 -0.103985 0.931295 1.83988 -0.333508 0.342779 0.365668 0.26261 -0.660664 -0.206442 -0.0708982 
0.0591189 -2.13527 0.128109 0.802269 1.46753 0.0291894 0.303138 0.10834 1.36698 -0.325942 0.318012 -0.32111 
0.134872 -2.18092 -0.123484 -0.315555 1.36255 -0.271393 0.74743 1.12861 1.08325 0.247654 0.0248846 -0.376627 
0.373332 -2.40844 -1.07291 -1.08249 1.49394 0.560451 0.5038 1.37687 1.12397 -0.305255 -0.408595 0.126607 
0.692629 -2.17815 -0.988034 0.339781 2.40311 1.02353 0.740163 -0.217633 0.159188 -1.46564 -0.129292 0.581433 
0.682601 -2.09426 -1.27375 0.292028 1.97868 0.533313 1.50564 0.0117844 -0.0371093 -1.24565 -0.0287744 0.521999 
0.81748 -1.77052 -0.273315 -0.00507638 1.99621 -0.236883 0.790577 1.17905 0.931145 -0.220807 -0.710661 0.00460183 
0.772447 -1.3058 0.97816 0.674333 2.1704 0.0550842 0.295163 1.95811 1.6965 -0.615568 -0.473935 -0.3623 
1.08017 -0.933356 0.538444 1.77791 2.88846 1.39919 0.440491 1.93715 1.36009 -0.413029 -0.0822835 -0.0526938 
1.86505 -0.614581 -0.423208 0.607694 3.05914 2.12849 1.14094 0.93079 1.0304 -0.554173 -0.237372 0.173005 
2.08054 -0.59902 -0.805999 -0.0394772 3.07263 2.32265 1.92603 0.558708 0.644999 -0.275932 -0.254154 0.11285 
2.2091 -0.535225 -0.505485 -0.0444581 2.99177 2.02235 1.89709 0.486929 0.183725 -0.0863163 -0.242218 0.0202539 
2.00946 -0.2048 0.284055 0.167436 3.39276 1.92868 1.54845 0.494604 -0.659893 -0.0288579 0.090517 0.0825893 
2.00449 -0.276412 0.560152 0.516114 3.40997 2.19422 1.09746 1.11535 -0.834153 -0.295433 0.137395 -0.0278976 
2.15508 -0.0937728 0.0578284 0.609366 3.65151 1.82315 1.18422 1.4811 -0.422941 -0.0821809 -0.118361 -0.124294 
2.07855 0.230197 -0.149585 0.0424821 3.59754 2.51117 1.17647 0.835903 0.0777866 0.0789525 -0.158327 -0.152164 
2.0852 -0.0470445 0.293892 0.49926 4.52777 2.89547 0.737665 0.763102 -0.419541 0.193546 0.108418 -0.122392 
2.07143 -0.351037 0.314726 1.26411 4.67444 2.33221 0.675155 1.01094 0.0694088 0.140518 -0.0787209 -0.0365948 
2.0645 -0.129559 -0.0170838 1.08821 3.90028 1.98826 1.33228 0.957024 0.386055 0.367786 -0.0825293 -0.046745 
2.02548 -0.165814 0.527001 1.86113 4.4093 1.6534 1.31181 0.815128 0.381394 0.32557 -0.27167 -0.00542044 
1.94624 0.369175 1.08563 2.01622 4.54952 2.13929 1.37238 0.253019 0.743188 0.373664 -0.405015 -0.0612621 
1.89209 0.468616 0.956076 2.27399 3.35068 2.06353 1.57487 1.08557 1.22915 -0.230903 -0.769248 -0.0969363 
2.00676 0.458198 0.494405 2.10203 3.49945 2.3089 1.16012 1.15146 1.17571 0.0942559 -0.659939 -0.226337 
2.02187 0.176816 0.658433 2.36724 3.91869 2.0299 1.05758 1.25782 0.994043 0.0969716 -0.48218 -0.0797572 
2.0021 -0.0660176 1.06532 1.70555 3.79403 2.37654 1.23709 1.56425 0.82879 0.227168 -0.174503 -0.00504227 
1.97522 0.0683807 0.912369 1.67516 3.38795 2.80009 1.43753 0.594934 1.02802 0.00464579 -0.17666 0.187992 
1.97263 0.223287 0.685129 2.09247 3.5929 2.6835 1.42242 0.877668 0.86113 0.195748 -0.405217 -0.103098 
1.91099 0.113031 0.731872 1.81844 4.46568 2.65245 1.01654 1.39812 0.229506 0.511997 -0.0994495 -0.134944 
1.96396 0.195189 0.606426 1.81678 4.44185 3.09794 1.07934 1.03973 0.479899 0.397105 -0.142984 -0.070865 
1.96242 0.717261 0.52995 1.43897 3.43548 2.78677 2.17368 1.09425 0.507209 0.359005 -0.158911 -0.00407439 
1.90017 0.718503 1.23242 1.19163 3.58677 2.4479 2.27112 1.31699 0.856599 0.518527 -0.165408 0.0590474 
1.82098 0.451338 1.3631 1.97344 4.3195 2.93293 1.82112 1.56856 1.10441 0.349674 -0.256046 0.115513 
1.80116 0.748658 1.06498 2.37068 4.34394 3.0402 1.79934 1.50237 1.05421 0.552835 -0.300339 0.0107316 
1.78208 0.999824 1.17103 2.11279 4.28771 2.21375 2.30923 1.31726 1.10354 0.746767 -0.349518 0.00352614 
1.84659 0.581799 1.09833 1.24219 4.28125 2.23415 2.41845 1.21895 1.14317 0.657832 -0.459518 0.0382767 
1.73956 0.581272 1.35179 1.33669 4.44141 2.58209 1.6778 1.58936 1.3598 0.538268 -0.633277 -0.0897452 
1.95798 0.300597 0.82647 1.82516 3.70515 2.5048 1.21046 2.42039 0.544821 0.522038 -0.408525 -0.332713 
1.81127 0.642349 0.580181 1.31104 3.65956 2.42458 1.8193 1.23847 1.05597 0.354659 -0.493594 -0.156303 
1.65873 0.842625 0.387444 1.74569 4.05863 2.13613 2.11323 1.10081 0.831964 0.491483 -0.331037 0.022141 
1.45769 0.534924 1.1334 2.24915 4.09575 1.47333 1.97118 0.982863 1.05904 0.286235 -0.194186 0.231029 
1.58548 0.816477 1.20549 1.56371 2.99641 1.69667 2.61847 0.60766 1.48157 -0.181346 -0.478094 0.12387 
1.50042 0.855968 1.03356 1.52571 3.01987 1.12964 2.01928 1.60398 1.0883 0.187703 -0.768656 -0.0741505 
1.44126 1.06971 1.32247 1.95951 3.3754 1.65724 1.38416 1.54513 1.33137 0.446412 -0.481629 -0.0123775 
1.55591 0.967411 1.54528 2.57779 2.69795 2.27302 2.26875 1.26367 1.18727 0.62311 -0.248507 0.04398 
1.56511 0.995967 1.0558 2.58841 3.68542 2.21503 2.59822 0.813441 1.47152 0.634099 -0.260982 0.0826885 
1.58317 1.0706 1.21567 1.81047 3.42475 1.78768 2.05318 1.44 1.52725 0.0223142 -0.160414 0.171116 
1.49531 1.18393 1.49512 1.25694 3.81026 2.1326 1.19109 1.74707 1.54257 0.0156759 0.193757 0.175666 
1.56495 1.50979 1.35311 1.86367 3.75659 2.10301 1.33913 1.78269 1.13131 0.274107 0.210241 0.165817 
1.5693 1.45568 1.34939 1.53136 2.98867 1.69378 2.25403 1.85184 1.49716 0.185324 -0.0347106 0.162719 
1.48234 1.41923 1.59394 0.815577 3.06442 1.89759 1.88928 1.88224 1.90225 0.170254 0.078223 0.170205 
1.35144 1.33728 1.5442 1.07965 3.2337 2.21269 2.14622 1.18915 0.765075 0.209959 0.70965 0.370301 
1.3885 1.46711 1.33553 1.41841 2.36533 1.94844 3.09415 1.2335 0.67903 0.739099 0.264636 0.271012 
1.35784 1.56457 2.10223 1.1959 2.28085 1.29535 1.94191 2.34257 1.43685 0.417115 0.299296 0.206465 
1.37891 1.55809 2.1548 1.23441 2.5326 1.35896 2.30912 1.70014 0.83163 0.446186 0.580848 0.299816 
1.36406 1.48424 2.42867 1.65712 3.44477 1.90066 1.61837 1.18734 1.64222 0.670896 0.230352 0.283643 
1.44552 1.68968 2.18304 1.16677 3.99174 1.02359 1.28924 1.44593 1.33387 0.589532 0.308101 0.230587 
1.53153 1.46535 2.21664 1.94263 2.88812 0.856243 1.78557 1.77665 1.20512 0.348609 0.245393 0.261723 
1.41753 1.35855 2.01972 2.21738 2.33619 1.40668 2.23535 1.2964 0.852705 0.164396 0.420725 0.246977 
1.25766 1.60401 2.22524 1.65443 2.58091 0.893658 2.33214 0.505488 0.493515 0.686316 0.689498 0.281664 
1.40121 1.46595 2.44477 1.28209 2.43903 0.562299 2.34425 0.632807 0.851362 1.23772 0.348295 0.322696 
1.28172 1.55012 2.49352 1.31522 2.66145 1.4707 2.25548 1.34994 1.04338 0.90922 0.159088 0.261232 
1.28118 1.61233 2.28265 1.85187 2.46656 2.24249 2.39756 0.262143 0.516024 0.938513 0.68058 0.290227 
1.31863 1.52965 2.01566 1.99099 2.48007 1.32063 2.76863 1.10809 1.86931 0.162456 0.453298 0.344752 
1.27324 1.37011 2.00918 2.10476 1.94581 1.25255 3.20447 1.11255 1.86503 0.229901 0.339304 0.302677 
1.19861 1.71429 2.76608 2.18567 2.28225 1.97043 3.56464 1.15578 1.07571 0.175604 0.518845 0.28497 
1.28961 1.75891 2.54218 2.15184 2.89707 1.0376 1.85713 1.8088 1.87568 0.447923 0.205633 0.326647 
1.24727 1.49482 1.93248 1.51187 2.43686 1.50858 1.84021 1.46836 1.36215 0.865253 0.38111 0.256913 
1.08054 1.64955 1.91102 2.03768 2.56052 1.00034 1.39803 0.50289 1.64431 0.655766 0.887425 0.245045 
1.06203 1.37715 1.93583 1.55501 3.15211 1.16044 1.29586 0.753625 1.44673 0.945991 0.682095 0.240666 
1.05873 1.3483 1.86235 1.21544 3.13859 0.790291 1.34775 1.89014 0.973551 0.59277 0.660105 0.193767 
1.13164 1.45898 2.36182 1.73604 2.0022 1.12988 2.3547 1.53922 1.18592 0.305977 0.0307944 0.204698 
1.08933 1.38063 2.33811 1.07248 1.77924 0.930409 2.16558 0.899209 1.03584 0.423669 0.28351 0.151803 
1.04792 1.33097 1.98148 1.48031 1.58603 1.16077 1.80811 0.478381 1.36432 0.349347 0.924805 0.175724 
1.18202 1.65489 2.05465 1.52474 1.79103 0.722182 1.89031 0.93723 1.84187 0.0224713 0.857689 0.276833 
1.14751 1.85916 2.46406 1.01919 2.08455 0.977523 1.86485 1.21556 1.39211 0.2922 0.729503 0.263641 
1.16027 1.76914 2.43797 1.14366 2.24966 0.671819 1.54932 0.885713 1.10258 0.675619 0.550626 0.261935 
1.16926 1.48666 2.40736 1.44171 2.31435 1.66341 1.46494 0.627266 0.561382 0.714784 0.546439 0.159988 
1.18845 1.53855 2.18621 1.58275 2.84125 1.16447 1.92365 1.05231 0.691533 -0.12905 0.810741 0.234644 
1.19365 1.62188 2.38847 1.61782 2.5187 1.69783 1.78551 0.648179 0.154961 0.547783 0.597881 0.167176 
1.18624 1.74266 2.33075 1.2595 1.63705 1.4239 1.21272 1.15644 0.900955 1.08119 0.307988 0.207498 
1.0885 1.36459 2.37006 1.00112 2.69109 2.20166 1.90225 1.20169 0.899089 1.08897 0.153318 0.262303 
1.2436 1.51707 2.30522 1.27131 2.61424 1.2517 1.87096 1.55931 1.04659 1.31756 -0.0625757 0.207865 
1.17729 1.61094 2.51071 1.3932 1.75679 1.15718 1.56659 1.1311 1.0831 0.858274 0.0332725 0.197079 
1.11534 1.44488 1.76918 2.30034 1.97927 0.309974 1.75754 0.393632 1.49625 0.627371 0.205869 0.164554 
1.01424 1.55712 2.06596 1.93152 1.69703 0.0874676 1.57859 1.66604 1.13334 0.295409 0.612974 0.241494 
0.97015 1.62604 1.63858 1.98415 1.72345 0.12482 1.29429 1.35585 1.14816 0.152712 0.748979 0.16751 
0.959858 1.13791 1.48187 1.25246 1.83596 0.540888 0.667412 0.442298 1.48234 0.562681 0.406588 0.062772 
0.865649 1.19376 1.59337 1.30612 2.17025 1.71831 1.26281 0.276394 0.734563 0.880729 0.607636 0.0802778 
0.991244 1.43847 1.74197 1.36426 1.78827 1.40209 1.24318 0.562491 0.661484 0.87283 0.772242 0.13175 
1.02069 1.59991 1.84448 1.06827 1.2682 1.30927 1.79521 1.11347 0.837444 0.900051 0.644615 0.163077 
0.89764 1.36988 2.03549 1.58121 1.43533 1.1251 2.08511 0.992859 0.854683 1.17613 0.674528 0.144124 
0.967843 1.45071 2.27199 1.86119 1.34579 0.713884 1.39936 0.472345 1.85752 0.703372 0.778748 0.240407 
0.934835 1.5713 2.46254 1.88819 1.47778 1.12874 1.14501 0.876336 1.56581 -0.191144 0.485669 0.198436 
1.00569 1.33902 2.14986 1.59494 1.90113 0.751362 0.649602 0.576252 1.32985 0.650543 0.486407 0.167478 
0.862892 1.56463 2.19554 2.14001 2.53335 1.14557 0.746123 0.343795 1.42147 0.475526 0.453011 0.121161 
0.843076 1.16168 2.16659 2.38623 2.15843 1.57025 1.64797 -0.0452223 1.55895 0.712242 0.247568 0.167043 
0.795858 1.1914 1.6271 1.54535 2.42731 1.04647 2.16559 0.223894 1.20658 1.14905 0.421042 0.165334 
0.858577 1.25714 1.70255 1.43551 1.51378 1.39924 1.39275 0.656764 1.27044 0.834903 0.421468 0.13244 
0.906387 1.14582 1.96435 1.40653 1.03783 1.79396 1.93903 1.60219 1.00682 0.162948 0.7 0.149142 
0.729678 1.07624 2.03875 1.23397 1.36824 1.90012 1.70156 2.31309 1.29608 0.107551 0.585364 0.167776 
0.786772 1.75158 1.57241 0.829159 1.50237 0.926703 1.91474 1.86734 1.32338 -0.0996235 0.66849 0.0312426 
0.840934 1.67004 1.49996 0.936113 2.16789 -0.116396 1.23549 0.360053 1.03338 0.12274 0.676424 0.132976 
0.785605 1.28751 1.75482 1.35734 1.77877 0.502059 0.990616 0.200763 0.313314 0.896414 0.618825 -0.0120493 
0.850186 1.41888 2.21298 1.03735 1.66912 1.56289 0.636686 -0.462909 0.39604 0.772042 0.705331 0.0237884 
