0.581132 1.02778 1.25899 0.986963 0.509399 0.25882 0.741775 0.395471 0.0839275 0.026535 0.495356 -0.0754034 
0.60984 0.729791 1.31668 0.890067 0.594243 0.135989 1.07722 0.774412 -0.109394 -0.0227774 0.339279 0.0782662 
0.526702 0.60904 1.58898 0.642628 1.11336 0.512285 0.520309 1.06747 1.12157 0.516984 -0.00130304 0.164012 
0.548621 1.01696 1.87571 0.789849 1.91772 0.439155 0.410002 1.32385 1.40008 0.172978 0.157313 0.160649 
0.566035 1.08532 1.13689 1.00697 0.806124 0.942782 1.01004 0.909549 0.403113 0.267158 0.318835 0.0682572 
0.495585 1.04969 1.22236 0.754833 0.459336 1.1011 0.903784 0.45933 0.0865099 -0.284198 0.35536 -0.0692527 
0.364345 0.893348 1.11861 1.00514 1.16758 1.57741 1.50218 0.0938979 0.485539 0.611763 0.22966 -0.225359 
0.465835 0.748454 1.40331 1.16069 0.689272 0.334377 1.89584 -0.396908 0.717346 0.20892 0.000576204 -0.220552 
0.507824 0.519399 1.59034 0.85408 0.978084 -0.0742222 0.22104 0.113123 0.84142 0.47716 0.109771 0.0334856 
0.564495 0.680968 2.22946 1.14551 1.14411 -0.0786486 0.804719 0.872418 0.988983 0.301938 0.250855 0.128698 
0.549415 0.70965 2.0342 1.49895 0.0390378 0.383414 1.76354 0.485981 0.692098 0.253302 0.529408 -0.0128786 
0.392227 0.441294 1.98855 2.39299 -0.125017 0.776125 1.54659 0.872887 1.47235 0.0189663 -0.0889493 0.17271 
0.257839 -0.250392 3.03042 1.95307 -0.0463294 1.54299 1.76086 1.49272 0.853359 0.635821 -0.257908 0.193129 
0.0762621 -0.393086 3.41357 1.00899 -0.506932 0.98433 2.39285 0.994231 0.702613 0.609543 -0.344208 0.164367 
0.0087766 -0.631452 3.52866 1.40524 -0.986791 1.12883 2.02988 0.374005 1.08624 0.490351 -0.432145 0.287766 
0.0266184 -1.27563 3.84101 -0.495463 -2.22236 1.87606 1.51572 -0.983957 2.04954 1.00585 -0.567019 0.213003 
-0.0990375 -1.30134 4.91056 -1.23737 -2.47904 3.12059 1.27555 -1.36696 1.95295 0.998644 -0.604805 0.371237 
-0.423627 -0.826801 5.46203 -0.527859 -2.11603 3.1191 1.72213 -1.52908 1.11442 1.27719 -0.582658 0.18325 
-0.539853 -0.748135 5.88028 -0.343393 -1.81697 3.47542 1.53553 -1.29475 0.985977 1.1498 -0.672662 0.0880469 
-0.650366 -0.763749 5.93972 -0.83266 -1.65434 3.60597 1.2395 -1.03375 1.43222 0.619058 -0.628018 0.211478 
-0.815824 -0.414051 5.59319 -1.07609 -1.39415 3.94423 1.38625 -0.451587 2.12039 0.184604 -0.349916 0.386409 
-0.937889 0.253557 5.03021 -1.13826 -0.853091 3.23575 1.19278 0.174991 2.05096 -0.161537 0.109884 0.284409 
-1.11296 0.572575 4.64337 -0.283642 -0.602481 2.03449 1.61828 0.765452 1.46535 -0.035534 0.606647 -0.09003 
-1.22578 0.625329 4.25584 0.0521886 -0.0280344 1.2433 1.85278 0.765957 0.947854 0.416654 0.362741 -0.0641603 
-1.1628 0.502728 4.33696 0.615466 -0.337022 2.85833 1.09874 0.553252 0.827742 0.674057 -0.0506486 0.0977755 
-0.972066 0.131958 4.55487 0.182244 -0.908796 3.75665 1.50825 -0.793269 1.67885 0.594573 -0.303255 0.267163 
-1.01618 -0.215208 4.97607 -0.563432 -1.12273 2.43876 1.64935 -0.623334 1.64034 0.729806 -0.294754 0.373609 
-1.11029 0.0716886 5.2265 -0.810243 -0.374323 2.8708 1.50508 -0.972871 1.91128 0.610357 -0.495196 0.580489 
-1.14224 0.0337648 4.76673 -0.325586 0.239562 3.2035 0.67139 0.204582 1.42988 0.297757 -0.161497 0.497846 
-1.20691 -0.0704574 4.51475 -0.682061 -0.303458 3.20048 0.542032 0.732926 1.1741 0.208045 -0.0139208 0.425179 
-1.0169 -0.478812 4.60986 -0.555303 -0.0967927 1.93727 1.35189 0.0807354 1.28907 0.544499 -0.211421 0.460475 
-0.758732 -0.284037 4.47929 -0.406634 -0.104979 1.5049 2.12502 0.604944 1.74056 0.1965 -0.203473 0.463494 
-0.862246 -0.392844 4.00914 -0.89872 -1.21827 1.43161 1.43282 0.868623 1.4337 0.773488 -0.0764509 0.201335 
-0.718272 -0.222712 4.19238 -0.29397 -1.32084 1.83707 1.90118 0.253703 1.78356 0.519887 0.0389582 0.0729881 
-0.500041 -0.073656 4.65048 -0.627659 -1.1913 1.14233 2.75543 0.586532 1.98063 0.866943 0.190916 -0.0953909 
-0.348413 -0.270892 4.34904 -0.578751 -0.114874 1.56923 2.53747 1.08436 1.49644 0.912031 -0.0678225 -0.0790313 
0.0448343 -0.12293 3.85988 -0.522148 -0.8198 1.95669 2.24945 1.2769 2.36973 0.651457 -0.302869 0.146998 
0.289966 -0.215126 3.98765 -1.13729 -0.449511 1.82944 2.58733 1.195 2.36724 0.949463 -0.500031 0.0982458 
0.930247 -0.109656 2.43449 -1.35085 0.671247 2.6386 1.73683 -0.344603 1.6043 0.720509 -0.403229 -0.136706 
1.7338 -0.25748 1.19307 -1.13129 1.50456 2.55784 0.993578 -0.0970519 1.77887 1.12022 -0.679298 -0.495448 
1.95016 -0.588411 1.0947 -1.12967 1.75717 2.63393 0.420737 0.15315 2.01909 0.85116 -0.619587 -0.472617 
2.06745 -0.804732 -0.016977 -0.262331 1.80323 2.72729 0.234735 -0.210841 1.95813 0.611324 -0.623113 -0.525235 
1.9549 -0.814785 -0.759827 0.195808 1.86451 3.03341 -0.0430624 -0.49247 2.24656 0.333416 -0.720738 -0.509407 
2.02969 -0.796418 -0.561254 -0.179128 1.85051 3.04924 0.11859 -0.523494 2.23767 0.295649 -0.758012 -0.445029 
1.92219 -0.445838 -0.663031 0.105173 1.79249 2.72199 0.993476 -0.250569 1.96438 0.419792 -0.603842 -0.530857 
1.97377 -0.317203 -0.495356 -0.402044 1.88717 3.35137 1.08313 -0.686265 2.40527 0.123495 -0.741509 -0.303081 
2.09732 -0.58478 -0.443215 -0.963701 2.21891 3.17684 1.56129 -0.925188 2.16553 0.480589 -0.884637 -0.301511 
1.90708 -0.378832 -0.0341291 -0.560768 1.98508 3.2277 1.58567 -0.68642 1.68069 0.127954 -0.911556 -0.310028 
2.08403 -0.360461 -0.261708 -0.520636 1.77706 3.57904 1.45627 -0.881173 1.74202 0.280886 -0.867031 -0.347304 
1.79015 -0.713877 0.648911 -0.424843 2.18542 2.93251 1.20642 1.06415 1.59496 0.334684 -0.687688 -0.472187 
1.73963 -0.410932 0.769797 -0.432326 2.13045 2.74773 1.82604 0.878253 2.02497 0.190179 -0.604526 -0.0508446 
1.71941 -0.494202 0.930168 -0.406721 2.13821 3.48665 1.3798 0.964374 2.25086 0.344489 -0.549087 -0.11036 
1.62451 -0.373735 1.1292 -0.601636 1.9669 3.09737 1.8913 1.09275 2.59078 0.353336 -0.694026 0.0290259 
1.75231 -0.617353 1.15098 -0.158442 1.54733 3.65854 1.59252 0.58296 2.73627 0.653267 -0.628608 0.065359 
1.8162 -0.644339 0.898647 0.197351 1.2496 3.25409 2.14049 1.00945 2.9158 0.690536 -0.479537 0.122924 
1.635 -0.478334 1.22595 -0.0377211 1.23083 3.66293 2.28887 0.58748 2.73685 1.09157 -0.42973 0.0526042 
1.55808 -0.218303 1.5911 0.0975812 1.81277 4.29774 1.06633 0.131229 2.05865 0.888981 -0.278715 0.0879965 
1.5438 0.00219583 1.15081 -0.622689 2.55064 4.01659 1.473 -0.0482733 2.41038 0.83471 -0.362267 0.115742 
1.64929 -0.026968 0.991637 -0.559498 2.53075 3.58792 1.62839 0.178885 2.49094 0.796955 -0.284888 0.131066 
1.73486 0.0642159 1.00664 0.0470583 2.28413 3.83497 1.35742 -0.341097 2.17801 0.674631 -0.112415 0.230691 
1.61486 0.086745 1.344 0.504722 2.91453 3.43617 1.14467 -0.625046 1.98451 0.857209 -0.142988 0.201505 
1.66467 0.242632 1.06213 -0.014631 3.03252 3.9911 1.29434 -0.702584 2.01227 0.519188 -0.306023 0.20986 
1.78227 0.324061 0.691199 -0.286126 2.96146 3.91482 1.69322 -0.552379 1.98321 0.641682 -0.253339 0.0943221 
1.81865 0.333802 1.21487 -0.0156183 3.0166 3.63492 2.11446 -0.494371 1.33002 0.972268 -0.42677 0.0401311 
1.64279 0.263956 1.39988 0.36652 3.05945 3.15551 1.66551 -0.124669 1.07775 0.928077 -0.695877 -0.162368 
1.44479 0.0196377 1.13215 0.093444 2.35374 2.46731 1.57847 0.0845208 1.37148 0.882738 -0.519483 -0.212349 
1.60329 0.468239 1.33074 -0.0927577 0.778707 1.82861 0.11548 0.415185 1.46236 1.13922 0.456964 -0.0697107 
0.910937 0.519983 2.75366 -0.565024 -0.308709 2.08483 0.8732 -0.657481 2.02106 1.32938 0.338881 0.0780973 
0.364362 0.0463972 3.28218 -0.847595 0.554358 2.00842 2.14842 0.072313 1.69559 0.988368 -0.265208 -0.195281 
0.100918 -0.0481155 3.92036 -0.323845 0.353945 2.54343 2.00497 0.217822 0.662711 0.755606 -0.213103 -0.167963 
-0.000881072 0.00899867 3.69711 0.339237 -0.683683 2.46394 2.00495 0.239352 1.11348 0.794792 -0.262258 -0.0886063 
-0.071268 -0.0204971 3.18516 0.783468 0.32685 2.5335 2.20055 0.958126 0.302071 0.6345 -0.394681 -0.0136989 
-0.298557 0.073533 4.09763 1.01607 -0.670551 2.33848 2.56754 1.54977 0.813748 0.487693 -0.0558631 0.32865 
-0.251042 0.15153 3.4113 0.656599 0.244737 2.70939 3.20218 1.13083 1.12642 0.197348 0.131281 0.29525 
-0.296405 -0.00726672 3.56138 1.32748 0.532418 2.97302 2.71231 0.578618 0.932793 0.0372085 0.551374 0.337451 
-0.310787 0.0807064 3.72473 1.13892 -0.247716 2.40643 3.14901 1.02156 1.05046 0.0769637 0.26848 0.212334 
-0.275953 0.0364463 4.16666 0.165421 0.283845 2.65063 2.48955 1.36357 0.714476 0.173664 0.126394 0.193167 
-0.348003 -0.217103 3.93497 0.0883264 0.231739 2.25739 2.15183 0.46385 0.958621 -0.408112 0.178684 0.261501 
-0.497001 -0.152065 4.30738 0.261726 -0.0884212 2.32219 3.06178 0.90409 0.8622 0.0573333 0.0133755 0.357985 
-0.478001 -0.0476416 4.5559 0.563135 -0.0851426 2.37371 3.40883 0.603218 1.0829 0.459552 -0.00901648 0.480078 
-0.388825 -0.220119 4.80292 0.777387 -0.125765 2.73985 2.4383 0.649325 2.24155 -0.00825745 0.19689 0.49297 
-0.392273 -0.228922 4.82774 0.497355 -0.781693 2.94578 2.64394 0.189209 1.89827 0.338005 0.0478667 0.333475 
-0.45155 -0.140583 4.74547 -0.00130757 -1.30222 2.5011 2.61492 -0.0933896 1.61097 0.756951 -0.240848 0.071825 
-0.311277 -0.3144 4.60432 1.03197 -1.51833 2.14136 2.2986 0.375708 1.13411 0.82375 -0.173022 0.0507311 
-0.282304 -0.148409 4.60153 1.047 -0.514984 2.74741 3.18411 -0.102224 0.742305 1.37861 -0.155256 0.0113376 
-0.209568 -0.169342 4.47605 1.034 -0.929926 3.64005 3.96225 -0.469237 1.52637 1.12708 -0.0762501 0.0526591 
-0.211204 -0.18534 4.2169 0.975489 -1.13286 3.15947 3.61294 0.533953 1.85887 0.492736 0.0843837 0.125717 
-0.0646811 -0.17155 4.28845 0.49085 -0.941162 2.30286 3.24334 0.822052 1.77975 0.571646 -0.0582677 0.0352962 
0.142933 -0.269792 4.45226 0.776897 -0.520119 2.51558 3.02024 0.467742 1.45423 1.02264 -0.0738087 0.083257 
0.11736 -0.159137 4.41184 1.74067 0.0475779 1.75373 2.8145 0.33784 1.5652 0.999077 0.18684 0.112296 
0.146778 -0.0619605 4.08092 1.53845 -0.4594 1.35584 3.18731 0.889673 1.57633 1.19452 0.166715 0.095619 
0.237303 -0.0351746 3.71123 1.4476 0.173589 2.12453 3.66719 0.0514288 1.70932 0.917674 0.195532 0.155774 
0.189866 -0.273607 3.88517 1.47537 0.389256 2.27211 2.93577 0.153521 2.12841 0.778494 0.175663 0.181224 
0.265641 0.248384 3.69013 1.26007 -0.220414 1.89472 2.40518 -0.0988465 1.78303 0.594331 0.432907 0.00205499 
0.365628 0.274827 4.27531 1.16066 0.0726972 2.58833 2.7873 -0.596217 0.847749 0.441987 0.0826728 0.111958 
0.304044 0.427031 3.77877 1.07603 -0.177368 2.5795 3.03437 -0.551801 1.77668 0.472508 0.21246 0.147464 
0.244694 0.259579 3.76592 0.656215 -0.541965 1.52627 2.9745 0.242134 2.0064 0.283196 0.231366 0.174543 
0.299783 0.0211283 3.5329 1.08188 0.124946 1.34633 2.28548 0.146225 1.35394 0.625684 0.228385 0.0343985 
0.42309 0.0532904 3.44132 0.887882 0.695471 1.62535 1.79894 0.715679 1.63346 0.633947 0.128961 0.213571 
0.591407 0.338357 4.10763 0.875307 -0.652517 1.92781 1.55906 0.852319 2.07412 0.846004 0.469739 0.259428 
0.574349 0.604149 3.7804 1.14653 -0.0179865 2.12327 1.6984 0.277144 1.52208 0.837531 0.590306 0.0857523 
0.586593 0.589179 3.60892 0.706584 0.772881 2.13212 2.46497 -0.49581 1.26442 0.741415 0.139831 0.173935 
0.651814 0.464833 3.44874 1.02393 0.715448 1.63909 2.11252 -1.10273 0.895687 0.372158 0.0994788 0.140518 
0.716928 0.659311 3.9151 0.918135 0.590443 2.01401 1.18357 -1.73938 1.12406 0.212182 0.475668 0.105962 
0.67302 0.757938 3.36295 0.518792 -0.0957394 2.62716 1.24328 -0.44829 0.912767 0.0526834 0.302808 0.092563 
0.709485 0.437211 3.55053 0.283266 0.356578 2.22076 1.93148 0.184934 0.864126 0.245461 -0.0324417 0.0852382 
0.771591 0.54418 3.62084 0.192008 -0.0732985 1.57836 1.81647 -0.834074 1.21899 0.660622 0.123409 0.114041 
0.720864 0.748337 3.01126 0.947911 0.211619 1.70522 2.69649 0.779699 1.50608 0.410487 0.489214 0.152999 
0.775543 0.717824 3.24876 0.176602 1.0701 1.46623 2.67221 1.09735 1.26744 0.348387 -0.0848968 0.2854 
0.794124 0.714571 3.15408 0.0471922 0.870461 1.03257 2.12169 0.142323 1.32857 0.218428 -0.0101584 0.30019 
0.837556 0.622483 2.71048 0.352899 0.391856 1.80157 2.48757 0.00604568 1.61784 0.194798 0.581703 0.205135 
0.734253 0.509499 2.7692 1.04091 0.441821 1.61698 2.25662 1.22497 1.81692 0.313888 0.155694 0.227896 
