0.560127 0.711784 1.08541 1.39209 1.74195 1.73941 0.916704 1.65231 1.46387 1.01392 0.461299 -0.0779695 
0.464741 0.944317 0.962227 1.78165 1.43933 0.969266 2.20358 1.21662 1.20413 0.599351 0.219139 0.0922672 
0.421738 0.966264 1.1383 1.46498 1.99451 1.45653 1.85396 1.60531 1.03006 0.175368 0.207197 0.151164 
0.399338 0.803063 0.836622 1.76959 2.28976 1.86578 1.53144 1.42604 0.40634 0.746105 0.403592 0.0867188 
0.268342 0.517907 1.47154 2.16567 2.0532 1.43006 1.5904 0.824631 0.165002 0.139256 0.143848 0.387825 
0.24707 0.63576 1.50394 1.63443 1.69409 0.90819 1.96934 1.84467 0.205876 0.577454 0.214037 0.130625 
0.430756 0.82923 1.5219 1.2588 1.52594 1.53477 1.97643 1.91485 0.958567 0.221575 0.30231 0.0743785 
0.404574 1.24909 1.40629 0.950182 1.29745 1.40149 1.63983 2.03483 1.14914 0.646758 0.123231 0.00486297 
0.448709 1.19727 1.19259 1.75204 1.04601 1.59003 2.47436 1.74235 1.38408 0.553958 0.609653 -0.0211236 
0.589001 1.16896 1.58112 1.65539 1.762 2.6097 1.6191 1.23798 0.599882 0.57266 0.18866 0.243193 
0.450992 1.14322 1.97337 1.36705 1.16197 2.08874 0.901523 1.42115 1.17058 0.508607 0.40442 0.0770468 
0.450209 1.35625 1.66785 1.53436 0.873196 0.678122 1.3296 0.924337 1.11094 0.440865 0.389684 0.0407274 
0.437044 1.10678 1.27352 1.14195 0.622324 1.15792 1.68686 0.750411 0.380322 0.591723 0.0694534 0.0921456 
0.43266 0.70935 1.64095 0.861247 1.70228 1.83125 1.25544 1.92412 0.322776 1.13179 0.172966 -0.036014 
0.554906 1.24199 1.39006 0.748608 2.19951 1.41647 1.29058 0.513671 1.02881 0.986513 0.383956 0.0764169 
0.496776 1.11893 0.712237 1.03026 1.74868 0.775303 1.72315 -0.118376 1.10427 0.173718 -0.0145408 0.185941 
0.445428 0.957799 1.21313 1.52752 1.93588 0.902372 1.82023 0.935841 0.111226 0.218757 0.0821899 0.286169 
0.460762 1.24758 1.28776 1.06305 1.65248 1.13909 2.20421 0.728121 -0.278039 0.7595 0.229163 0.183386 
0.521845 0.860874 1.10457 1.60932 1.59606 2.29091 0.866517 0.76973 0.800409 -0.307663 0.387565 0.259224 
0.506976 0.980806 1.15005 1.70293 1.93715 0.798763 0.98072 1.13909 1.01309 -0.379669 0.585731 0.0971893 
0.324515 1.02763 1.35098 1.28473 0.713663 1.18505 1.85166 0.851212 1.09036 -0.00174931 0.474922 -0.0843099 
0.431251 1.15953 1.13075 1.11056 1.26315 1.23111 0.837817 0.565263 1.00356 0.180634 0.610156 -0.215385 
0.38051 1.2064 0.814362 0.700806 1.24777 0.821297 1.04318 1.09553 0.496534 0.270206 0.307111 -0.0921123 
0.475586 1.03645 1.3259 1.52003 1.44363 1.39395 1.51709 1.39315 0.443798 0.15976 -0.0938585 0.263311 
0.447105 0.858516 1.74348 1.22151 2.26804 1.82438 0.659313 1.3927 0.993787 0.259354 -0.360282 0.326259 
0.51797 1.09959 1.78828 1.45899 0.897133 1.44922 0.228232 1.25526 1.52444 0.270559 -0.0315014 0.196033 
0.395273 0.488996 0.897142 1.21298 0.695389 -0.0673485 0.782069 0.947317 0.954435 0.0206254 0.283018 -0.00208679 
0.419515 0.38649 1.03569 1.19042 1.40085 0.133548 0.446093 0.710669 0.287978 0.206095 0.0597328 -0.041712 
0.460049 -0.330891 2.26305 0.739281 -0.501016 -1.57419 -0.718863 -0.263884 0.281298 0.421956 0.356562 0.477559 
0.448911 0.00699 2.49891 0.895827 -0.464637 -2.47425 -0.112608 -0.549035 0.364409 0.467646 0.326862 0.53592 
0.562236 0.792588 1.69016 1.15141 -0.199485 -0.974288 0.541033 -0.292556 0.36857 0.137409 0.374644 0.192124 
0.425886 0.884644 1.68512 0.582069 -0.105117 0.128169 -0.262014 0.51503 0.116736 0.191621 0.646329 0.225951 
0.364072 0.383324 1.90777 0.100155 1.72715 0.780945 0.96339 0.80731 0.212582 0.585942 0.33896 0.0470465 
0.395431 0.642598 1.33678 0.66708 1.63027 0.847801 1.81426 0.958715 0.737009 1.14671 0.375949 -0.101781 
0.42835 1.00977 1.45264 1.36388 1.32303 0.770455 1.9247 0.867889 1.0617 1.4294 0.457568 -0.0376457 
0.47093 1.61744 1.32313 1.55928 1.03341 0.98583 1.48947 1.43938 1.2928 1.44748 0.885772 -0.0498024 
0.538753 1.28154 1.22918 1.7245 1.08971 1.44559 2.12236 1.21301 1.09846 0.935886 0.653531 -0.0182101 
0.64844 1.34105 1.71604 1.49018 2.37484 1.29718 1.31122 1.2717 1.44072 0.920517 0.835261 0.0751499 
0.789015 1.73367 1.9753 1.67292 1.91719 1.42626 1.12203 1.47336 1.18742 0.707774 0.847844 0.1448 
0.988533 1.77298 1.95335 2.04045 2.31329 1.77876 2.16237 1.72304 0.611122 0.459656 0.678699 0.229648 
1.1277 1.8433 2.65937 2.32361 2.61106 2.11777 2.16048 1.7949 0.716241 0.779724 0.250433 0.250528 
1.26537 2.15297 2.96452 2.21512 2.38378 2.19525 2.2421 1.86199 0.757902 0.65549 0.329483 0.19318 
1.50099 2.60509 2.78204 2.04839 1.9984 1.69199 3.22693 1.06358 0.195092 0.542956 0.413853 0.144143 
1.61883 2.41871 2.6887 1.20539 2.0468 1.30058 3.05378 1.46855 0.574848 -0.17845 0.513412 0.173036 
1.70439 2.30522 2.19018 1.34306 1.82682 1.28061 2.58438 1.44915 0.0684005 -0.319047 0.422455 0.16064 
1.72384 2.58471 2.47295 0.700125 1.13431 1.66211 2.78803 0.890523 0.16157 -0.535753 0.20244 0.0197903 
1.76422 2.63107 2.59867 0.915749 1.28758 1.35076 3.39208 1.52562 -0.212251 -0.519512 0.134892 -0.081008 
1.87199 2.68399 2.53094 1.0081 1.85289 1.65962 3.54736 1.23531 -0.123094 -0.663692 0.0301343 0.0433599 
1.85766 2.69461 2.36097 1.78036 1.65013 2.19427 3.05392 1.639 0.338226 -0.895438 0.323976 0.0605488 
1.82571 2.37452 2.20233 1.26852 2.28627 1.57085 3.31148 2.01927 0.376121 -0.805164 0.355799 0.219463 
1.82592 2.32711 2.05298 0.360754 2.21283 1.4147 2.75736 2.18464 0.27743 -0.579901 0.246113 0.157564 
1.60985 1.98325 1.67964 0.707738 1.40969 1.07106 1.87142 0.902595 -0.519566 -0.0858577 0.357192 0.184984 
2.27266 1.73793 0.177181 0.554857 1.17957 -0.541994 0.244213 0.0178757 -0.74713 -1.03956 -0.272433 0.187786 
2.72999 1.73972 -0.853268 1.00381 1.38822 -1.33203 0.494295 -0.886185 -0.0347644 -1.43694 -0.461278 0.16192 
2.84902 1.42869 -1.21899 1.03664 1.12395 -1.44928 0.0535972 -1.33373 0.187611 -1.38989 -0.472582 0.0332694 
2.79974 1.27196 -1.08236 0.598631 1.18431 -1.62934 -0.27729 -1.23318 0.151039 -1.2152 -0.584455 0.115919 
2.98907 1.02075 -0.971953 0.739197 1.07495 -1.86884 -0.0686849 -1.21673 0.231965 -0.898246 -0.444084 0.186937 
2.97757 0.942685 -1.09017 0.385487 1.04545 -1.56957 -0.852529 -0.65551 0.236803 -0.618373 -0.423398 0.241474 
2.98425 0.751692 -1.57679 0.865065 0.645012 -1.70887 -0.423141 -0.941689 0.425535 -0.598371 -0.148732 0.196048 
2.97697 0.563703 -1.511 0.431613 1.04481 -2.05649 0.0166717 -0.787792 0.573374 -0.396527 -0.183705 0.267581 
2.95332 0.514228 -1.48698 0.202797 0.800263 -1.81583 -0.233449 -0.371116 0.632707 -0.273083 -0.157081 0.290855 
2.95581 0.556943 -1.76828 0.250622 0.689779 -2.04777 0.120056 -0.43006 0.914608 -0.304254 -0.106058 0.243465 
2.97899 0.349065 -1.55948 0.113591 0.931403 -2.07368 0.217518 -0.0963499 0.892287 -0.190134 -0.303349 0.156074 
2.89646 0.54428 -1.7862 0.441256 0.903522 -1.67593 0.117285 -0.0249076 1.21018 0.0438229 0.0238028 0.144018 
2.6962 0.693769 -1.91501 0.900028 0.815196 -1.31925 -0.171062 -0.0445528 1.26995 0.0315354 0.209749 0.154685 
2.73352 0.699791 -2.18184 1.4219 0.87055 -1.00347 -0.113263 -0.11604 1.185 -0.192738 0.264088 0.170243 
2.55896 0.653829 -1.85779 2.04679 1.05678 -0.114068 0.0686003 -0.328375 0.720145 -0.47254 0.259474 0.214161 
2.55577 0.454934 -1.44586 1.17425 2.20761 -0.136786 0.467382 -0.0322075 0.467391 -0.213552 0.0923519 0.28403 
2.57354 0.78276 -1.6505 0.17307 2.40737 0.371997 0.368643 -0.544292 1.07773 0.601368 0.325263 0.093573 
2.53295 1.10286 -0.992276 -0.139541 2.10577 -0.0159852 0.252897 -1.35911 1.06595 0.221874 0.199337 0.155867 
2.46297 1.10731 -0.424856 -0.11206 1.78579 0.519097 0.332938 -1.57118 0.31934 -0.0546649 0.239139 0.269244 
2.43332 1.19744 -0.471708 -0.618451 1.65094 0.115792 0.341033 -0.809542 0.251104 -0.310736 -0.110215 0.147377 
2.53346 1.17471 -0.394067 -0.295831 2.78536 0.0487772 0.531205 -0.958371 0.228033 -0.0255868 -0.226324 0.119959 
2.58094 1.25253 -0.425288 -0.329933 2.24966 -0.00326744 0.386671 -0.326331 0.220763 0.278613 0.0392829 0.0996042 
2.66682 1.32809 -0.478083 -0.354623 2.13713 0.00417075 0.573362 -0.828512 0.263135 0.476163 0.229011 0.153062 
2.57341 1.27066 0.0173965 -0.525875 1.64483 0.11394 0.541526 -0.147309 -0.33371 0.388165 0.270546 0.137652 
2.43226 1.26148 0.168306 0.0173928 1.12592 0.583345 0.425099 -0.467232 0.0293544 0.212808 0.302784 0.160463 
2.36334 1.04557 0.174644 0.355003 2.62439 0.870579 0.185564 -0.855424 0.989945 0.252416 0.142532 0.166993 
2.34744 1.16135 -0.117109 1.01574 2.73658 0.739126 0.916504 -0.613621 0.912503 0.127582 0.109975 0.109518 
2.38575 1.24474 0.277942 0.906834 3.23912 -0.0683358 -0.246314 0.432379 0.942041 0.500608 -0.0398487 0.0876043 
2.36099 0.853132 0.410395 0.895412 2.65537 0.421698 0.0821469 0.303032 1.13948 0.332645 0.0897458 0.206091 
2.17471 0.94208 0.446272 1.35243 2.743 0.778517 -0.228935 1.10365 0.929322 0.423662 0.157078 0.111115 
2.09332 1.11265 0.859869 0.96987 3.34724 0.749532 -0.358016 0.0239224 0.992467 0.0769569 0.422285 0.358137 
2.11469 1.52287 0.756957 0.677989 2.97087 0.480093 0.56474 0.3535 1.09233 -0.0130499 0.355677 0.388074 
2.07153 1.87787 0.640006 0.386887 2.57121 0.953106 0.996521 0.468406 1.18685 0.372243 0.60522 0.333389 
2.03838 1.90799 1.16594 0.406017 2.33905 1.36756 0.602136 1.06808 1.02986 0.286766 0.440223 0.170647 
2.17393 1.58834 1.21477 1.16286 2.97075 0.689271 1.01697 0.906386 1.20149 0.025843 0.0430906 0.221063 
2.09738 1.68333 0.821346 1.38546 2.15354 0.861371 1.24464 0.843527 1.14327 -0.11204 0.318118 0.3055 
2.10693 1.19932 1.36986 0.605655 2.21983 0.522378 1.09443 0.842951 1.43334 0.194195 0.422447 0.522136 
1.91059 1.12828 1.35575 1.32288 2.09796 0.666587 0.809532 0.908199 1.41345 0.580276 0.751418 0.468514 
1.72795 1.50045 1.10613 1.35506 1.91241 0.815887 1.25088 0.543413 1.68561 0.248138 0.996893 0.488379 
1.65298 1.8752 1.56276 0.836371 1.67543 1.24821 1.9013 0.958048 0.593891 0.29463 0.864588 0.425957 
1.70904 1.79346 1.2973 0.860614 2.11101 0.95858 1.65454 1.10035 1.18842 0.117583 0.651209 0.347713 
1.70402 1.80977 1.78965 1.78242 2.31765 0.860785 1.07049 0.650301 1.27714 -0.0260724 0.533779 0.289576 
1.70578 1.78923 1.89587 1.21075 2.44266 0.764985 1.55608 0.832642 0.913245 0.011846 0.429 0.296838 
1.75918 1.77375 1.64857 1.10061 1.86989 1.26729 1.11536 1.0758 1.04593 0.314544 0.347555 0.175517 
1.67979 1.6302 1.82893 1.25463 2.08575 0.558027 1.34323 0.852647 0.610006 0.632424 0.374438 0.221652 
1.66045 1.83777 1.96237 1.59263 2.12134 0.446327 1.16459 0.285801 1.32659 0.393601 0.101202 0.135281 
1.60182 1.69891 1.8369 1.27525 2.0857 0.76645 1.84326 0.846623 0.860177 0.149128 0.020212 0.111165 
1.54546 1.48261 1.99251 0.612844 1.11391 0.932168 2.10708 0.288518 1.33385 -0.619368 -0.0394048 0.173387 
1.6534 1.41355 1.89469 0.525839 1.51756 0.760444 1.45432 0.572948 1.14215 -1.46825 0.168218 0.312605 
1.53375 1.37321 2.02359 -0.00214248 1.20445 0.828997 1.97836 0.32986 0.0698074 -0.552707 -0.0566059 0.102408 
1.5098 1.48196 2.14389 0.248103 1.12025 1.48746 1.48464 0.993604 0.375785 -0.151652 -0.0118634 0.00713643 
1.43635 1.79273 2.13232 0.835285 0.88465 0.948358 1.41048 1.58428 0.718616 -0.663182 0.529454 0.0554821 
1.22199 1.67176 1.82124 0.633483 1.69644 -0.170129 1.27363 0.8796 -0.119356 0.0573863 0.0239783 -0.0304116 
1.20079 1.7233 2.17203 0.516553 0.993847 0.495915 2.05601 0.231478 -0.139424 0.436199 0.325393 0.00715798 
1.22317 1.46538 1.90485 0.951109 0.602827 0.998367 1.6548 0.96379 1.47074 -0.180384 0.696667 0.124289 
1.04668 1.39668 1.68175 1.30585 0.900108 0.348009 1.54062 0.73546 1.48363 0.624066 0.450312 0.0983755 
1.18491 1.30261 1.80432 0.532577 0.883938 0.79473 1.91804 0.901619 0.972123 -0.376483 0.666496 0.0981671 
1.35085 1.12225 1.8004 0.583625 1.17533 1.15027 1.60526 0.788958 0.693006 -0.161013 0.378776 0.149363 
1.33124 1.09717 1.95863 0.0746025 1.09725 0.69071 2.14974 1.70766 0.0795321 0.426324 0.765668 0.107138 
1.29937 1.00228 2.59866 1.18899 1.36505 1.29577 1.67972 1.49382 0.496209 0.280937 0.550925 0.153456 
1.24862 1.2921 2.53117 1.75308 1.49851 1.121 1.36489 1.36896 0.94721 -0.0186502 0.676829 0.245772 
1.23831 1.55303 2.41469 1.81562 1.21066 1.78121 1.94763 0.67259 1.70888 -0.0629426 0.624697 0.267621 
1.19118 1.6456 2.8481 1.47536 1.15845 1.33828 1.83954 0.690275 1.46175 0.384153 0.0580766 0.187528 
1.18809 1.59918 2.62617 0.817439 1.66393 0.311924 1.65975 1.12179 1.93234 0.445953 0.184543 0.307396 
1.14271 1.42977 1.99023 1.09701 2.13266 0.659361 1.4385 1.60857 1.20432 0.462496 0.301565 0.170373 
1.0815 1.37195 2.05732 1.12937 2.11693 0.538073 1.2323 2.18129 1.13455 0.669301 0.61021 0.179097 
1.02654 1.61285 2.4604 1.14989 1.50302 0.178371 1.14121 1.74721 1.78475 0.679266 0.513726 0.306004 
1.03329 1.67991 2.38455 2.54951 2.26273 0.303119 1.83935 0.903381 1.77901 0.0786995 0.173515 0.304272 
1.13412 1.52012 2.41165 1.97831 1.8431 1.11676 2.50399 0.654777 1.38443 0.535562 0.410267 0.262268 
1.01554 1.09232 2.31431 1.654 0.722986 0.821957 2.69092 0.60176 1.03042 -0.0170114 0.473724 0.128443 
0.935062 1.45264 2.39233 1.09132 1.39298 0.391076 2.46352 1.49787 1.00496 -0.246904 0.62968 0.161352 
0.939899 1.48164 2.26207 1.36369 1.80565 0.968873 2.00719 1.15055 1.31876 -0.000550585 1.02118 0.200671 
1.06367 1.59706 2.21309 1.17129 1.61022 0.841138 1.82748 1.33053 0.96005 0.897436 0.39603 0.20692 
0.89757 1.42067 1.86322 1.68425 1.3057 0.72805 2.19019 1.17614 0.721484 0.367703 0.932878 0.0936482 
0.871394 1.16944 2.08644 2.24075 1.35818 0.59563 1.58983 0.632595 1.0643 0.69188 0.796623 0.089039 
0.85526 1.43879 2.23132 0.97322 1.37422 0.611141 1.3403 0.617318 1.60155 1.05169 0.936685 0.161672 
0.805118 1.30885 1.98908 0.980656 1.53957 0.737479 0.802444 0.957226 1.83169 0.55027 0.821786 0.0458559 
0.756786 1.28945 2.22 1.38711 1.7679 1.64197 1.07959 -0.0267386 1.07523 0.59601 0.636271 0.0617334 
0.782201 1.31697 2.25614 1.22599 0.975531 0.586271 1.37038 0.214496 0.166211 0.105294 0.671308 -0.0553702 
0.805792 1.36425 2.19681 1.4597 1.62079 -0.728498 2.02369 0.902094 0.97438 0.462945 0.851091 0.163724 
0.771382 1.43383 2.42322 1.90848 1.76986 -0.501024 0.90934 1.26665 1.58686 0.590037 0.892345 0.234686 
0.875841 1.56224 1.91732 1.38605 0.991873 0.125097 2.00707 0.569291 0.711377 0.669556 0.750496 0.0497257 
0.811018 1.27273 1.81069 0.729391 1.48059 0.469377 2.73512 1.12105 0.429383 0.268864 0.565419 0.0271837 
0.733809 1.28643 2.33745 1.21522 1.77176 0.471606 2.09878 0.736091 0.259742 0.283539 0.713443 0.0207278 
0.759308 1.45389 2.51888 0.864601 2.15329 1.30453 1.71871 1.25256 0.466876 0.553968 0.574719 0.078572 
0.686672 1.4624 1.93879 1.53213 2.01573 0.568076 1.55851 1.88904 0.992881 0.834317 0.500553 0.143874 
0.688965 1.26569 1.92811 1.82428 1.80889 1.21407 0.703716 1.65669 1.47344 0.284286 0.561161 0.129482 
0.60423 1.33468 2.4992 1.62434 2.22342 1.24801 1.26922 0.350485 0.885156 0.0329832 0.36265 0.11926 
0.599437 1.24064 2.15584 1.67537 1.96186 0.230464 1.4092 0.572908 0.858409 0.670149 0.49743 0.00740271 
0.51586 0.944678 2.27489 1.48545 1.21942 1.51151 1.70197 1.20128 1.56387 0.668026 0.692347 0.0511373 
0.657838 1.17386 1.98195 1.14208 0.844382 0.956145 1.40594 1.41374 2.17488 0.022435 0.910518 0.0974042 
0.66138 0.946439 1.42613 0.993208 0.625846 0.41142 0.533481 0.268326 2.1588 0.409985 0.513613 0.0636886 
0.687173 1.02112 1.35974 0.679672 1.65823 0.542305 1.56563 0.528106 1.417 0.974465 0.340957 -0.0195285 
0.547771 0.978496 1.50424 1.16188 1.57167 1.64383 1.97233 1.2674 0.903378 0.481814 0.361688 0.060157 
0.599522 1.38227 1.75947 2.12715 1.21847 1.35725 1.76266 0.749609 0.952578 0.598151 0.365008 0.125862 
0.559728 1.22185 2.17981 1.28362 0.444097 1.39706 0.899187 0.450516 0.33007 0.804902 0.496785 -0.0515933 
0.563517 1.11066 2.40496 1.01381 0.599312 1.11116 0.819874 0.610229 1.12401 0.636732 0.371755 0.0434008 
