0.537773 0.914171 1.0443 1.13068 1.6134 1.68885 1.02224 0.656234 0.902322 0.0121514 0.430523 0.101516 
0.523179 1.11277 1.14378 1.40192 0.856996 1.20334 0.605765 0.390745 -0.694339 0.105642 0.399861 0.025113 
0.447127 1.00697 1.14061 0.463366 1.55177 1.29782 0.673798 0.178175 -0.301267 0.980067 0.864635 -0.143905 
0.474824 1.10496 1.45017 0.323192 2.11067 1.2091 0.569222 0.957803 0.75524 0.605328 0.509081 0.022334 
0.535627 1.01775 1.4148 0.454655 1.74493 0.881574 1.10194 0.999656 0.654829 -0.0012225 0.468434 0.0655943 
0.370545 0.930091 1.24732 0.386175 0.834975 1.26953 1.50833 0.798283 0.0521404 0.016838 -0.0227387 0.109947 
0.378851 0.74699 0.922935 0.847943 1.11191 1.40891 1.4306 0.301151 -0.664161 0.529172 0.295788 -0.0916075 
0.532942 0.668132 1.14723 0.923897 1.21482 1.15316 1.36639 0.218946 0.525285 0.221996 0.123562 0.071944 
0.487386 1.0538 0.821198 0.880027 0.482372 0.818446 1.37131 -0.0314875 0.124297 0.942194 -0.266457 0.15503 
0.324609 1.20363 1.17896 0.548007 0.576801 0.78098 0.877259 0.226315 -0.354431 1.07188 -0.186937 -0.0984506 
0.431851 0.973535 1.56732 1.32306 0.947987 0.339847 0.524293 1.14108 0.552264 0.636614 0.265736 -0.129513 
0.490607 0.945046 1.51259 1.13616 0.9619 0.467275 0.523797 1.66959 1.27415 0.496554 0.48459 -0.0705807 
0.533111 0.889571 1.18858 1.11366 1.21134 0.487486 0.98304 0.889512 0.952573 0.12188 0.357667 -0.0961822 
0.709977 1.05961 0.886117 0.764171 2.02148 0.358559 1.30413 0.767059 0.55907 -0.169956 -0.161343 -0.0620727 
0.988886 1.07975 0.196882 0.606567 1.79866 -0.331958 1.2119 1.22645 0.334276 -0.406916 -0.446383 -0.264745 
1.31282 0.40108 0.0198259 2.05552 2.43542 0.463089 0.95318 0.798575 -0.199937 -0.387257 -0.686531 -0.191912 
1.82409 0.777867 -0.0365343 1.65051 2.42902 0.860037 1.41022 0.274222 0.215733 -0.199493 -0.592723 -0.336749 
2.13273 0.972802 -0.612798 1.49502 2.93081 1.90758 1.40123 0.0440306 -0.0927313 -0.264705 -0.380502 -0.257056 
2.10701 0.812075 -1.3741 0.517469 2.13007 1.1516 1.7246 0.295122 0.621997 0.140267 -0.413425 -0.545758 
2.29049 0.810959 -1.45702 0.621744 2.57874 0.347821 2.35229 0.548547 0.197871 0.0504125 -0.496362 -0.417421 
2.28975 1.16619 -0.803286 0.768566 2.62765 0.115397 2.31552 0.870429 -0.218724 0.285978 -0.586169 -0.361414 
2.26114 0.960649 -1.37572 0.709168 3.55883 -0.432664 1.32578 0.897203 0.495702 0.520022 -1.04658 -0.46813 
2.22146 0.319307 -2.21927 0.0886999 3.92681 0.00633345 0.855345 0.643979 0.59256 0.477556 -0.933663 -0.50254 
2.43277 0.243354 -2.65503 -0.424733 4.87557 -0.0616825 0.843841 0.600464 0.505043 0.794717 -1.25403 -0.506647 
2.48603 0.316514 -2.49075 0.557176 4.94456 0.191128 0.27454 0.635983 0.614736 0.677561 -1.17058 -0.53703 
2.39289 0.106097 -2.57173 0.555499 3.9791 0.867021 -0.0125046 0.965302 0.802049 0.493021 -1.02399 -0.73436 
2.19931 0.0616033 -1.76346 0.945794 3.29312 0.466345 0.887251 1.21971 0.534518 0.160491 -0.79944 -0.542591 
2.28254 0.201077 -2.70792 0.158504 3.93203 1.08073 0.216513 1.15561 0.495134 0.432704 -1.01573 -0.640478 
2.11936 0.609833 -2.03095 0.316739 4.55961 0.903048 -0.033126 1.57807 -0.269892 0.85614 -1.07573 -0.466578 
2.32923 0.544568 -2.2407 0.420984 4.71717 0.858831 -0.10944 1.19354 -0.0813017 0.844343 -1.09509 -0.549751 
2.03206 0.869637 -2.34834 0.136253 4.26696 1.11394 0.244301 1.31747 0.0735869 0.923752 -0.92407 -0.387884 
2.26667 0.783325 -3.27449 0.700644 4.41614 1.26998 0.465308 0.895069 0.413474 0.911231 -1.09547 -0.377696 
2.43251 0.388553 -3.37267 1.04262 4.39735 1.75552 0.133318 0.562657 0.461864 0.577444 -0.782598 -0.404323 
2.33359 0.438723 -2.32352 1.23361 4.88795 1.37406 -0.35314 0.711189 -0.0225282 0.728532 -0.872623 -0.440176 
2.14296 0.0682341 -2.82577 0.76712 5.15309 2.20739 -0.611073 0.822302 -0.347871 0.933966 -0.686138 -0.425792 
2.23819 0.174905 -2.24392 0.597383 4.6647 1.9159 -0.719704 1.73958 -0.230722 0.823193 -0.764677 -0.518587 
2.13632 -0.034823 -2.95881 0.66792 4.69966 2.37293 -0.343948 1.33174 0.40154 0.975332 -0.644461 -0.470065 
2.12677 0.269821 -2.67164 0.57756 4.11289 2.44559 0.0797815 1.85375 0.585282 0.932025 -0.703511 -0.465953 
1.99905 0.318301 -3.71383 0.872016 4.50447 2.3919 0.813636 0.812379 0.965148 0.784732 -0.644631 -0.443037 
2.09359 0.280399 -3.23528 0.614222 4.81223 2.22743 0.816731 0.832416 0.654097 0.830854 -0.63801 -0.376792 
1.99777 0.0905643 -2.51629 1.1175 5.24319 2.08569 -0.0790123 -0.0106216 0.710945 1.03358 -0.0782271 -0.274019 
1.99563 0.0213817 -2.6508 0.976114 4.87823 2.06332 0.00373084 0.525386 1.03733 1.04451 -0.223205 -0.372819 
2.08852 0.0079395 -2.66106 0.729754 5.07646 2.29369 0.574403 0.941597 0.757756 1.10386 -0.286268 -0.305291 
2.11867 -0.0967141 -2.38761 0.16878 5.20224 2.53437 0.814682 1.40429 0.883916 1.20372 -0.191399 -0.345159 
2.29545 0.394827 -1.9212 1.00541 4.95899 2.08857 0.600387 1.49493 0.604286 1.04645 -0.400612 -0.237861 
2.48085 0.252603 -2.07079 1.6335 6.25936 1.96865 0.566587 0.892497 0.267707 1.06213 -0.444139 -0.132818 
2.37539 0.331531 -1.56765 2.56038 5.46366 1.81274 0.390234 0.907552 0.845878 0.629364 -0.478202 -0.121254 
2.14612 0.104873 -1.2216 2.18554 4.05529 1.35916 1.09873 1.65256 1.35473 0.28712 -0.665812 -0.20152 
2.03413 -0.39218 -0.730274 1.46877 3.86994 2.08753 1.71187 1.21567 0.60799 0.51593 -0.143474 -0.15894 
2.01801 -0.0795053 -1.0451 0.350144 4.21787 2.07838 1.4317 1.45313 1.00972 0.616461 -0.444362 -0.356447 
1.90722 -0.151098 -1.51627 0.634373 4.49286 2.08853 1.05329 1.46887 1.18372 0.87003 -0.333599 -0.386326 
1.85037 -0.344737 -1.49372 0.710781 4.56382 1.16743 0.828834 1.43765 1.4906 0.808863 -0.455041 -0.357541 
1.91286 -0.245229 -1.59421 0.483968 4.69981 1.3957 0.353231 0.0817936 0.719733 0.417174 -0.462206 -0.392261 
2.00922 -0.121542 -1.28956 0.376183 4.4311 1.00031 0.446439 0.23172 1.08092 0.491573 -0.57574 -0.399429 
1.99934 -0.177405 -1.36919 0.516929 4.33478 1.19047 0.562584 1.25678 1.1808 0.506646 -0.865206 -0.599259 
1.87052 -0.362294 -1.36845 -0.0293076 4.47511 1.82672 0.977681 1.01912 1.7933 0.33741 -0.628194 -0.423587 
1.72193 -0.0785401 -1.27683 0.114914 4.58604 2.26895 1.51951 0.461311 1.63549 0.13022 -0.31653 -0.206443 
1.67688 -0.183449 -0.893641 0.251108 4.51761 2.30682 0.933513 0.79762 1.35373 0.524995 -0.174578 -0.298894 
1.8058 -0.0763544 -0.828331 0.597441 3.71905 2.57833 0.788541 1.04549 1.61008 0.465205 -0.226554 -0.322079 
1.82385 0.395143 -0.761457 0.715565 3.16496 2.67256 0.938418 0.711078 1.45155 0.438405 -0.172856 -0.318842 
1.69974 0.345628 -0.29187 0.238588 4.20402 2.58529 0.713216 0.575376 1.23371 0.490518 -0.160659 -0.252984 
1.86183 0.336485 -0.4846 -0.0180941 4.02754 2.36927 1.08062 0.373537 1.94817 0.465283 -0.172129 -0.171278 
1.90786 0.0639917 -0.544555 0.329416 3.83449 2.26773 0.957494 0.914664 2.32108 0.650497 -0.231904 -0.196838 
1.55721 0.138975 -0.766734 0.23879 4.09213 2.33852 1.54042 1.52322 2.89405 0.246503 -0.166773 -0.20555 
1.40623 -0.128832 -0.649197 1.77435 3.07207 1.73841 1.05928 0.461126 1.9062 0.589803 0.246578 -0.0844908 
1.02656 -0.324794 -0.415571 1.67962 2.50257 1.25244 0.879087 0.159667 1.03904 0.11196 0.34629 -0.0645045 
0.707217 -0.675454 0.027411 2.48367 2.43729 0.464462 1.02404 0.996137 0.657872 -0.256564 0.293453 -0.121127 
0.336677 -0.33874 0.318599 2.2999 1.48909 0.00409603 1.68075 1.91732 1.07774 -0.138835 0.404233 -0.486987 
0.319719 -0.627271 1.07039 2.01879 1.11075 0.406491 2.59009 2.00511 1.25653 -0.498573 0.484612 -0.187561 
0.449938 -1.02194 0.958401 2.12949 2.0876 0.95562 3.21702 0.323782 1.14584 -0.992758 0.796788 0.205608 
0.621038 -0.906895 0.45588 1.67537 2.05766 0.935991 2.93479 0.599361 0.484155 -0.699024 0.394552 0.163154 
0.464963 -0.425238 0.136066 1.01137 1.61322 1.46032 1.93866 0.648052 0.382663 -0.502874 0.667833 -0.267113 
0.510669 -0.604677 0.673574 1.16175 1.41863 1.60332 2.75602 0.42467 0.949809 -0.714202 0.712672 -0.0829484 
0.671268 -0.666057 0.449467 0.513277 1.84069 0.652927 2.48345 0.919787 1.77742 -0.276536 0.241165 -0.0180608 
0.54815 -0.324915 0.531162 0.729672 1.39741 0.991334 2.67592 1.11862 1.75522 -0.13558 0.511062 -0.243961 
0.512403 -0.271265 0.80762 0.690507 0.884812 0.551606 2.727 1.70656 1.87068 0.30146 0.340789 -0.515251 
0.694453 -0.683583 1.03529 1.64847 0.668223 0.686044 2.64591 1.74205 1.17221 0.0260356 0.191039 -0.289656 
0.538801 -0.7393 1.20734 1.69556 2.08946 1.52902 2.34604 0.766188 0.381225 -0.284797 0.390685 0.191092 
0.651705 -0.391596 0.501199 1.09242 0.746632 0.591431 1.85963 1.76779 1.94959 -0.261206 0.410946 -0.312451 
0.759596 -0.431415 0.772516 0.701853 0.733703 0.297861 1.99998 1.78716 2.31387 -0.0930929 0.276853 -0.262083 
0.857747 -0.325634 0.361763 0.555172 1.95813 0.902924 1.21913 1.65066 1.8554 0.0148251 0.148251 -0.0893421 
0.944302 -0.468103 1.13439 1.13443 1.77677 0.538287 1.74443 2.17988 1.95087 0.55747 -0.117829 -0.079952 
0.721072 -0.150366 1.20929 1.58144 0.71802 0.00321235 1.9815 2.60791 2.37202 0.810444 -0.0103128 -0.173446 
0.821203 -0.13054 0.759166 1.26171 1.09949 -0.104944 2.19588 1.80881 1.6286 0.473838 0.461503 -0.139382 
0.88773 -0.226448 0.650982 1.08384 1.94028 -0.0719677 1.91302 1.37252 1.20925 -0.162732 0.521301 0.0807861 
0.682588 -0.172795 1.06677 1.54398 1.31153 0.124381 2.13979 1.26181 1.42514 -0.48253 0.281734 0.134494 
0.845141 -0.320613 0.897639 1.64422 0.991908 0.11158 2.07222 1.64496 1.88412 -0.353423 0.550362 0.0526123 
0.804834 0.0669972 0.65232 1.24794 1.30639 0.584725 2.38949 1.27401 1.35361 0.0989498 0.7467 -0.0189641 
0.863988 0.136598 1.09193 1.83017 1.92033 0.527561 1.833 1.29059 1.8801 1.23621 -0.270119 -0.127986 
0.761086 -0.179169 1.10019 1.75084 1.88287 0.830765 1.33805 1.10613 2.2169 0.60136 -0.0525978 -0.123964 
0.945288 -0.0142251 0.782443 1.44019 2.19805 -0.161819 1.89287 1.07916 1.63596 0.162 0.454432 0.0512552 
1.06567 0.223869 0.831621 1.20539 2.32647 0.497392 1.63568 0.585054 1.3754 0.233587 0.193472 0.131464 
0.917963 0.136185 1.08007 1.32209 1.87705 1.17762 2.0571 1.12199 1.5396 0.339643 0.457164 0.104601 
0.851901 0.388075 1.76951 1.06942 1.07233 1.10798 1.36521 1.40044 1.79232 0.361981 0.285691 0.123454 
0.88863 0.463163 2.06086 0.874285 1.26472 0.895344 2.47326 -0.0657344 1.07819 0.129672 0.69628 0.138758 
0.966837 0.686429 1.16901 0.842063 1.58254 -0.228766 1.73434 0.895602 1.48709 0.370329 0.740751 0.0200524 
1.06726 0.364704 1.60194 1.17355 1.94148 -0.171017 0.979706 1.81319 1.62408 0.424614 0.920414 0.187975 
0.930892 0.611326 1.9951 1.41309 2.70423 -0.00426539 0.794365 0.775376 1.53854 0.205176 0.430921 0.243897 
1.10313 0.767986 1.95765 0.758621 1.95865 1.16956 1.16907 0.0784339 2.60934 0.277379 0.207134 0.347741 
0.882562 0.495335 1.69244 0.840634 2.3665 1.40344 1.35438 1.83412 1.44665 0.303555 -0.015185 0.142345 
0.902475 0.577553 1.65452 1.46709 1.44237 0.0201856 1.6788 1.74317 1.18712 0.243391 0.831639 0.099773 
0.906273 1.09688 1.52101 0.896943 0.726815 0.230133 1.1071 1.87781 1.1937 0.397723 1.11499 0.0347573 
0.91421 1.1297 1.42833 0.302152 0.920277 -0.221083 1.56554 1.31416 0.848321 0.479844 0.751368 0.0574882 
1.00974 1.21193 1.67491 0.542473 1.54188 0.190518 1.45137 1.80036 1.84346 0.513708 0.847499 0.145465 
1.01139 1.38634 1.47711 0.785107 1.25522 0.128124 0.435742 1.31725 2.5631 0.0561756 0.428998 0.157046 
0.853088 0.684562 1.79004 0.88206 0.788946 0.0141713 0.823137 1.35487 2.82389 0.216101 0.77351 0.189083 
0.839765 1.0684 1.57334 1.3206 2.00291 0.0775721 0.564356 1.58155 2.8825 0.958247 0.745027 0.105692 
0.80093 1.1391 2.06171 1.72395 1.62757 1.30276 1.67603 1.17103 1.57307 0.341102 0.898572 0.158368 
0.860174 1.16284 2.10175 0.472241 1.51851 1.05495 1.60886 0.942316 2.04873 0.990507 0.224979 0.220572 
0.875129 1.34319 1.97734 0.163561 1.60333 0.259862 1.0195 0.536967 1.70027 0.673437 0.1591 0.250016 
0.903166 1.20548 1.82032 0.474721 1.65624 1.06977 1.44029 0.165924 1.8113 0.144744 0.183745 0.215159 
0.886777 1.17427 1.70812 0.233263 0.986522 0.291076 0.677205 0.272759 1.74952 0.507403 0.50298 0.16335 
0.747899 0.883178 1.50402 0.771196 1.20233 -0.11066 0.604801 0.794083 1.92257 0.684181 0.540492 0.0513347 
0.769989 1.32958 1.03107 0.577704 1.26879 1.26329 0.797966 0.920546 1.28934 0.49876 0.411898 0.0400128 
0.888067 1.40777 1.37788 -0.0354223 1.79075 0.766384 1.26206 0.462634 0.902634 0.734093 -0.00205984 0.176495 
0.811844 1.28301 2.16093 0.480652 1.0721 0.138352 1.3117 0.0282197 1.25946 1.04367 -0.0559992 0.246366 
0.77807 1.2325 1.74058 0.788161 0.790359 0.0996751 0.750741 0.423885 0.619585 1.10154 -0.0920883 0.151037 
0.789538 0.608015 1.49633 0.792024 0.731678 -0.297068 0.0617417 -0.0115308 0.686136 0.392197 0.178496 0.125972 
0.781199 0.975051 1.15005 1.6148 -0.0675107 0.0892749 0.872895 0.74804 0.369263 0.235566 0.211292 0.114762 
