0.661561 1.15685 0.523269 1.00994 0.448724 -0.110959 1.61377 1.96039 0.406786 0.368628 0.15485 0.114658 
0.672924 1.16002 0.705896 0.839487 0.406105 -0.0527297 0.319214 1.75297 0.265545 0.791983 0.236404 0.172888 
0.537858 0.724433 0.798182 0.0959969 0.60094 0.964741 0.381036 0.340276 -0.111017 1.10551 0.285869 -0.000732496 
0.662821 0.808318 0.58726 -0.696134 -0.116693 0.734836 0.148351 0.399735 0.917707 0.345941 0.535424 0.183736 
0.693485 0.709539 1.24148 -0.298596 -0.538899 0.0240748 -0.144561 0.995513 2.02536 0.423196 0.789492 0.166861 
0.602458 1.01369 1.53703 0.361885 0.327417 0.544105 0.395466 0.827713 1.66878 0.693624 0.819517 0.012021 
0.61794 1.1428 1.14684 0.284138 0.719259 0.747347 0.194382 1.19902 0.798784 0.296599 0.548921 0.0467704 
0.569791 1.08565 1.17703 0.0664022 1.41779 1.64588 0.163291 0.30595 1.06621 0.40808 0.312166 0.141172 
0.732567 0.9593 2.03421 0.584688 0.903175 1.77455 0.0723648 -0.42783 1.17583 0.591095 -0.11549 0.209606 
0.538419 0.282839 2.45214 0.695554 0.811208 0.515439 -0.13375 -0.117752 1.28295 0.270145 -0.187741 0.337062 
0.389631 -0.0107219 2.37072 0.227353 1.07119 -0.166568 0.392485 0.938927 0.867821 0.398492 0.258416 0.206931 
0.0347438 0.259711 2.79356 -0.581875 -0.137534 1.07033 -0.217354 0.337633 1.90922 0.595281 0.0535898 0.165177 
-0.273873 -0.0852328 3.67453 -1.49423 -0.692343 2.08217 -0.948826 -0.32274 3.18648 -0.00990097 0.235952 0.530663 
-0.756154 0.716517 3.28161 -1.59379 0.164215 1.65228 -1.43592 0.522193 2.82597 -0.438762 0.702631 0.222907 
-0.62131 0.267487 1.84027 -2.03762 0.130429 2.27301 0.517588 0.79472 1.59166 0.267587 0.509389 -0.0312819 
-0.750473 0.457389 2.61741 -2.35149 -0.0809183 1.79074 0.934749 1.23104 1.18106 0.756293 0.0727712 -0.0226294 
-1.25014 0.7397 3.62797 -1.93969 -1.25752 1.08666 -0.201203 1.37284 1.01421 0.671739 0.499506 -0.115502 
-1.27023 0.32611 3.61573 -1.98734 -1.13709 0.775072 -0.798461 0.0896907 1.30864 0.396136 0.388435 -0.0160406 
-1.38539 0.451235 3.67289 -1.3653 -1.19506 1.15058 0.581466 -0.270288 1.86677 0.583231 0.244392 0.107365 
-1.31105 0.676366 3.43145 -1.20797 -1.1571 0.925383 0.506156 0.269774 1.93205 0.571639 0.425469 0.0689798 
-1.39316 0.61724 4.04183 -1.23704 -0.804912 1.17533 0.399527 -0.0325126 1.44029 -0.117785 0.322418 -0.0080939 
-1.46539 0.450187 3.99353 -1.88877 -1.10827 0.92008 -0.0607148 0.0204136 1.12716 0.0250143 0.322257 -0.026451 
-1.58735 0.290853 4.38697 -1.88975 -1.32697 -0.181256 0.784451 -0.631006 1.40476 -0.30711 0.565609 0.0614868 
-1.66199 0.575977 4.04896 -1.0139 -0.699761 -0.0169342 1.04658 0.0742349 1.66444 -0.00534383 0.598849 0.239286 
-1.44343 0.620282 3.55974 -1.10344 -0.517497 -0.0705882 0.574432 0.231501 2.18974 0.15928 0.632299 0.278155 
-1.55759 0.424477 3.39488 -0.546595 -1.74526 -0.107468 0.352805 0.0388974 2.32958 0.382406 1.00424 0.143804 
-1.65691 0.309016 3.66734 -0.309591 -2.10814 -0.463653 0.579242 0.375864 1.78751 0.375239 1.13481 0.0859573 
-1.73022 0.204828 3.19153 0.21064 -1.59502 -0.345662 0.299009 1.32792 1.31737 0.300227 0.620532 0.166736 
-1.57415 -0.18804 3.31287 0.728528 -1.33404 0.264257 0.519381 1.18571 0.812399 0.385126 0.147223 0.161538 
-1.32918 -0.876642 3.50603 -0.223284 -1.33646 0.688441 0.707015 1.72854 1.04928 0.399245 0.184749 0.0176499 
-1.02513 -1.13177 3.75832 -0.876924 -0.963035 0.817286 0.620387 0.866164 0.865123 0.386573 -0.0592185 -0.0476068 
-0.494781 -0.494574 3.01964 -0.240691 -0.444916 0.524025 0.409166 1.07646 1.19711 -0.211643 -0.224364 0.0953954 
-0.1516 -0.0871183 2.88534 -0.129879 -0.880374 -0.661746 0.682997 0.830849 1.15074 -0.0580991 -0.0577044 0.0223871 
0.366312 0.869762 2.85621 0.284536 -0.833996 0.175112 0.0691669 0.0828591 1.78166 -0.142008 0.138564 0.00341029 
1.16603 1.60918 3.00804 0.421141 -1.24858 -0.673817 0.427834 0.324083 1.58468 -0.0244674 -0.086187 0.0206767 
1.55117 1.61806 1.94131 0.249563 -0.213329 -1.29498 0.428339 -0.0824724 1.25987 0.378967 -0.181934 -0.142875 
2.08524 0.506745 -0.191976 -0.219266 1.12251 0.0575972 -0.669821 -0.633068 1.50685 0.347064 0.0885905 -0.181366 
2.13098 0.367126 0.06536 -0.920635 1.10309 0.0266164 -0.513731 -0.657374 1.51897 0.144035 -0.0241786 -0.0096791 
2.08454 0.872067 0.505969 -0.878298 -0.442053 0.65416 -0.0976272 -0.954091 1.3194 0.00439686 -0.0315398 -0.0100652 
2.14039 0.949059 0.390733 -0.385389 -0.0782654 0.206668 -0.585306 -0.828624 1.72521 0.171535 -0.136369 -0.186025 
2.20355 0.59031 0.0211751 -1.07698 0.336354 -0.0611794 -0.632317 -0.468404 1.35979 -0.184992 -0.238864 -0.140987 
2.11554 0.896261 0.699229 -1.45406 -0.254955 0.680479 0.323997 -0.393152 0.205635 -0.414862 -0.141039 -0.0494488 
2.08458 0.857258 0.211313 -0.910116 -0.406676 0.775488 0.363642 -0.56917 0.62644 -0.385318 -0.158691 -0.103636 
1.95414 1.09894 1.4378 -0.508747 -0.0625556 -0.205958 -0.338182 -0.328862 0.945479 -0.0964247 -0.239359 -0.156148 
1.94699 0.715666 1.69256 -0.247173 0.0560994 -0.220093 -0.440482 -1.37435 1.2917 0.504956 -0.359989 -0.0832216 
2.07326 0.878117 1.04692 -0.514387 0.965884 -0.402993 -0.27833 -0.76035 1.60232 0.191694 -0.240567 0.0107518 
1.94595 0.909254 1.36815 -0.594981 1.38701 0.013794 -0.515152 -0.0776689 1.08547 0.0301546 0.0985455 0.092778 
2.01914 0.690104 2.32001 -0.539984 0.823253 1.32594 -0.455335 -0.433927 0.863073 0.612219 -0.0426542 -0.102738 
2.05348 0.986039 1.93078 -0.616074 0.766459 0.506587 -0.223895 -0.20567 1.04417 0.600698 -0.0567435 -0.0620662 
2.08701 1.20278 1.76443 -0.717841 0.793061 0.289695 0.719316 0.173713 1.12456 0.0947515 -0.155248 0.114347 
1.90833 1.53283 1.96771 -0.723414 0.146109 1.18496 0.660108 -0.562639 1.28545 0.828319 0.0962807 0.20782 
1.86358 1.47428 1.88711 -0.586661 -0.520244 0.697295 0.952308 -0.166967 0.991082 0.749874 0.0307825 0.0478301 
1.93387 1.1595 1.33574 -0.553323 -0.114695 1.24713 0.588603 -0.160611 0.569274 -0.142464 0.245692 0.218872 
1.86867 1.15668 1.3761 -0.975798 -0.277651 0.657898 0.929707 0.243785 0.366926 0.161106 0.375652 0.136548 
1.90723 1.17029 0.926854 0.22514 0.785008 0.323049 0.449617 -0.0807886 0.548299 0.0371106 0.113011 -0.00947834 
2.0564 1.42206 0.450193 0.409572 1.85836 0.0784219 -1.11214 -0.315986 0.936674 -0.245505 -0.186532 -0.267602 
2.02519 1.42453 0.452583 0.77203 1.99226 -0.740374 -1.17907 -1.1262 1.07461 -0.153381 0.0268306 -0.0918164 
2.105 1.63797 0.32579 0.17715 2.19255 -1.43915 -0.855745 -1.31984 0.977258 -0.0242971 -0.0793336 -0.0418149 
2.22043 1.48448 0.698559 0.200886 0.911134 -1.24928 -0.329794 -2.05321 1.42694 0.0195247 -0.153121 -0.0624106 
2.38425 1.21552 0.497997 0.215855 0.404208 -1.11551 0.21249 -1.46583 0.886735 0.219597 0.00366495 0.00861651 
2.39615 1.61256 0.330769 -0.749701 0.563251 -1.07816 0.8348 -1.28621 0.353654 -0.0122573 0.0197209 0.168365 
2.39348 1.32169 0.69413 -0.46746 0.392208 -1.47326 0.0419296 -0.451128 1.17263 0.260852 -0.0846005 0.0665351 
2.457 1.47887 0.281703 0.349558 0.32861 -1.68501 0.145425 -0.202732 1.23706 0.456049 0.0646231 -0.0681049 
2.24838 1.50122 1.19371 -0.0309011 0.368484 -1.86743 0.294307 0.18765 1.14838 0.202055 -0.291337 -0.0895907 
2.00934 1.17968 1.25929 0.28559 0.757562 -0.921928 0.330658 0.0288862 1.50587 0.612614 -0.332618 -0.218862 
1.72916 1.19257 1.34279 0.430629 0.704909 -0.828227 0.371612 -0.182177 1.5922 0.633129 -0.136927 -0.104859 
1.62562 1.05648 2.0692 0.0548177 1.34343 -0.138006 0.628244 0.816691 0.459255 -0.339119 0.285597 0.190247 
1.86464 0.988782 2.08459 0.583211 1.43292 0.76417 0.907591 0.422954 0.197286 -0.248231 0.121396 0.151526 
1.79397 1.24261 2.38489 -0.0783476 1.52773 0.721248 1.65129 0.685522 -0.0401013 0.0328437 -0.152772 0.0052491 
1.62152 1.21512 2.76013 0.47355 1.70279 1.07844 2.00288 0.437837 -0.358948 -0.0283711 0.040881 0.068768 
1.66322 0.973061 2.75144 -0.361543 1.29827 1.16476 1.95949 0.728232 0.278846 0.386222 0.14257 0.204889 
1.62249 0.924533 2.33187 -0.00785827 1.1973 0.827921 1.97364 1.02303 0.850782 -0.0584316 0.470007 0.41689 
1.56667 1.11762 2.27086 0.600165 1.25713 -0.0236431 2.09817 0.114839 0.806973 0.470183 0.627468 0.464301 
1.57779 1.26553 2.49784 0.766918 0.358238 0.388532 0.555863 0.272074 1.05857 0.355079 0.515684 0.321319 
1.61911 1.08385 2.48243 0.241505 0.556156 -0.128988 2.0058 0.318604 0.343445 0.203344 0.669919 0.406482 
1.50412 0.860896 2.46308 0.764961 0.57521 0.00622543 1.91187 0.551194 0.916132 0.194287 0.936265 0.495122 
1.58986 0.885178 2.29319 0.705285 0.781672 0.631 1.94229 0.630046 0.965418 0.0520999 0.544616 0.368135 
1.51583 1.2415 2.17757 0.924826 1.58047 1.02983 2.07865 0.248076 1.14596 -0.128975 0.238471 0.283999 
1.48784 0.911012 2.79623 1.22917 2.15124 -0.00411159 1.67171 1.43497 0.914096 0.0203614 0.153052 0.351003 
1.5101 0.967133 2.62916 0.995958 1.20863 -0.520416 1.53153 1.89085 0.844591 0.19536 0.872087 0.445549 
1.48327 0.982488 2.545 1.22069 1.1821 -0.611352 1.20128 1.5459 0.84633 0.559837 0.963554 0.434134 
1.37721 1.17708 2.85519 1.10075 1.51794 -1.23596 1.27317 0.98833 0.420442 0.729873 0.652567 0.419122 
1.30183 0.881446 2.52165 0.760474 1.21959 -0.667831 1.02902 0.918502 0.812732 0.595801 0.738039 0.351633 
1.43842 0.891432 1.936 1.19165 1.07715 -1.34682 1.32755 1.38218 1.01668 0.427075 0.819915 0.451585 
1.45208 0.651639 1.76283 1.66326 1.14554 -0.759983 1.16467 1.34134 1.13124 0.339492 0.931742 0.4533 
1.39093 0.789169 2.32411 1.12707 1.09976 -0.0251839 0.791064 1.77586 0.983804 0.456107 0.507029 0.21638 
1.49401 0.881783 2.45511 1.03637 1.09812 0.481004 0.905369 1.66785 0.924147 0.497919 0.109906 0.0272839 
1.41873 0.859159 2.54696 0.517484 0.576912 -0.30175 1.67431 0.732449 0.774716 1.02702 0.229413 0.0635873 
1.34508 0.599147 2.01371 -0.0544865 0.775179 -0.655882 1.05591 1.12223 1.28577 0.404785 0.311937 0.194515 
1.21503 0.629326 1.45295 0.946703 0.118945 0.0128725 1.09777 1.32053 1.60956 0.168519 0.620231 0.146707 
1.07637 0.844918 1.72409 0.683856 0.274935 0.233784 1.7007 0.742392 1.22272 -0.611527 0.130594 0.0948588 
1.26529 0.283613 1.81783 0.684191 0.901292 -0.0742752 1.99899 0.857393 0.779272 -0.664981 0.0517101 0.28056 
1.28706 -0.248112 2.0932 0.568311 1.10808 -0.020146 1.54283 1.16311 0.789706 -0.219383 0.194856 0.365844 
1.12557 0.144048 1.8427 0.711356 1.00958 0.261582 1.37155 1.31621 1.02367 -0.18212 0.394095 0.26296 
1.1723 0.413939 1.92911 0.61541 0.914189 0.02514 2.27001 0.962992 1.23082 0.198077 0.0857441 0.238456 
1.29255 0.523648 2.16818 0.553439 0.686478 -0.0907791 2.03213 1.11858 1.60872 0.740791 0.243569 0.230273 
1.36129 0.685939 2.50403 1.06053 1.04605 -0.435823 1.14337 1.29391 1.856 0.791497 0.569125 0.409935 
1.11879 0.577836 2.64406 1.05869 1.3686 -0.31418 1.15718 1.00609 2.19375 0.884565 0.903142 0.457465 
1.14964 0.805015 2.05403 1.33415 0.705015 0.12593 1.93197 1.15495 1.72458 0.389459 1.09982 0.314159 
1.19589 0.906158 1.91779 1.99534 0.846654 0.584159 1.38916 0.770394 1.70187 0.0475666 1.1704 0.33424 
1.13085 0.766365 2.23228 1.94733 0.933161 -0.0254011 1.11155 1.60286 1.77083 0.101574 1.3246 0.42934 
1.05531 0.930376 2.43788 1.14779 1.48112 0.446238 1.8775 1.92192 1.18174 0.165395 0.86336 0.262237 
1.09686 0.683904 1.6922 0.843153 2.37596 1.28824 1.54007 2.21642 0.932935 0.485056 0.640668 0.159085 
1.1164 0.749926 1.32577 1.17359 2.32869 0.423071 2.07193 1.83813 1.05404 0.896795 0.684877 0.209203 
1.15206 0.342743 1.80815 0.885585 2.40894 -0.548953 1.77916 1.74383 1.30802 1.02766 1.13394 0.320672 
1.23677 0.18982 2.13601 0.958677 1.44169 -0.0996013 1.51726 1.05168 1.80617 0.836367 1.38567 0.466937 
1.23215 0.220592 1.4989 1.54867 1.93827 0.0170745 1.69234 1.45613 1.27591 0.76278 1.59161 0.370623 
1.14209 0.511048 2.13773 1.42674 1.50189 -0.197014 1.79707 2.23572 0.634364 0.338414 0.931118 0.258305 
1.11546 0.4012 1.64695 1.09359 0.577409 0.277477 2.31538 1.64328 1.5727 0.106278 0.680593 0.164705 
1.03595 0.64138 0.735296 0.970243 1.23539 0.543162 2.43277 1.40584 1.52844 0.710817 0.30784 -0.0111201 
1.22098 0.741962 1.43682 0.392265 0.877832 0.0782545 1.3764 1.01644 0.90494 1.04731 -0.14397 -0.00135625 
1.11812 0.996289 1.65699 0.551725 0.691289 -0.510404 1.84303 0.224036 0.00621749 0.821541 0.515022 0.0660857 
1.14645 0.675402 1.40961 0.958999 1.14705 0.228877 1.66099 1.21414 1.1073 0.289888 0.79959 0.178498 
1.10832 0.815475 1.46227 0.853473 1.44637 0.202283 1.1887 1.49482 1.71364 0.549414 1.22935 0.202653 
1.04224 0.922652 1.87492 1.23244 1.52554 -0.241362 1.23116 1.21504 1.00921 0.948246 1.16726 0.194241 
1.11492 0.770926 1.47271 0.948008 0.608296 -0.283467 1.78292 0.720866 0.469623 0.178032 0.862269 0.215092 
1.03677 0.33691 1.04547 -0.0816509 0.986331 -0.28943 1.0455 0.759635 0.649862 0.664752 0.868803 0.224328 
1.09803 0.401476 1.51858 0.541941 1.81398 0.259358 0.955961 1.50327 0.646065 1.27149 0.706861 0.0178045 
1.04528 0.602978 1.47525 0.988152 1.03826 -0.530053 0.5532 1.49795 0.826722 0.768784 1.07574 0.176676 
1.042 0.80676 1.00749 0.273409 0.437441 -0.674461 0.91288 1.55823 0.707253 0.45478 0.84443 0.100458 
1.00207 0.953754 0.935378 0.182148 0.348205 -0.449644 1.85642 0.428237 1.10357 0.524535 0.818248 0.0553828 
0.959171 0.642844 1.08015 -0.0166653 -0.0185377 -0.35244 1.07503 -0.217921 0.764464 0.415585 0.74893 0.107944 
0.926489 0.477145 1.21788 -0.285218 0.0324823 -1.11816 0.11637 0.0244261 0.737343 0.582194 0.448831 0.165284 
0.912271 0.700498 1.62161 0.645654 0.625681 -0.726339 -0.272794 0.358299 1.60542 1.00754 0.534187 0.087718 
0.862761 0.797537 1.24275 0.283585 0.020303 -1.01175 -0.270439 0.819567 1.74811 0.627584 0.6565 0.278048 
1.04294 0.934168 1.58848 0.653128 0.441544 -0.264021 0.259231 0.972476 2.06815 1.08461 0.9023 0.201906 
1.12218 0.574935 1.38946 0.405881 0.41822 0.161115 0.482184 0.873064 2.31169 0.946242 0.697968 0.177395 
0.975476 0.652693 1.02406 1.02837 1.04885 -0.388101 0.13238 1.7471 1.9558 0.762946 0.618403 0.066259 
0.971031 0.635355 0.665178 0.500616 1.20371 -0.494081 0.826372 1.67951 1.76488 0.588941 0.453772 0.0468382 
0.915899 0.562484 1.1671 -0.395327 0.796409 -1.63699 -0.300884 0.795565 2.49829 1.11716 0.411548 0.351848 
1.08641 0.732904 1.10088 0.306921 0.557456 -1.67566 -0.938078 1.11693 2.26253 1.07706 0.446394 0.228274 
0.955095 0.524477 0.796601 -0.107229 -0.281068 -1.8873 -1.32225 1.42449 1.57064 1.31118 0.315191 0.215869 
0.988966 0.906866 0.590151 0.575767 0.12456 -2.13419 -0.339142 1.13079 2.21665 1.16233 0.432357 0.305761 
0.901219 0.927243 0.690707 0.365126 -0.0134578 -1.60628 -0.26385 0.898739 2.6226 0.865829 0.633699 0.289413 
0.933633 0.657056 0.578753 0.288347 0.00455539 -1.69641 -0.587537 1.32565 2.00183 1.10462 0.664982 0.263132 
0.94234 0.758074 0.336229 0.648922 -0.321957 -2.34277 -0.340019 1.11683 2.17356 1.01388 0.466012 0.329398 
1.00155 0.597423 0.978381 1.25158 0.268372 -1.89983 -0.297523 1.65045 1.96131 0.992264 0.883904 0.252493 
0.962524 0.50003 1.02438 0.81248 0.14639 -1.80596 -1.35793 2.0863 1.91897 1.30043 0.447215 0.242592 
0.909615 0.535573 1.14995 0.732824 0.246448 -2.16715 -1.34907 1.5778 2.13452 0.967366 0.335597 0.217018 
0.861789 0.954271 0.314747 0.92787 0.605096 -2.23346 -1.16393 1.37207 2.53192 0.772105 0.521556 0.129332 
0.895294 1.08769 1.10459 1.14905 0.563063 -1.40862 -1.13068 1.57365 2.95539 0.990982 0.346371 0.221049 
0.814052 0.70135 0.896696 1.77571 0.31999 -1.70758 -0.92679 1.78965 2.6821 1.0488 0.525029 0.214027 
0.790327 0.722365 0.760655 1.68227 0.153748 -1.57542 -1.22676 1.90604 2.37107 1.09166 0.494604 0.181934 
