0.357031 0.74539 1.46556 1.38445 1.0539 1.85794 1.52772 0.679195 0.878581 -0.373376 0.560214 0.171379 
0.313953 0.834287 1.41898 1.00575 1.39126 0.822475 1.69132 1.16917 0.824959 0.422052 0.370857 0.0417002 
0.404973 0.913887 0.910222 1.31707 1.71952 0.81983 1.43148 1.18449 0.797523 0.619595 -0.109859 0.169199 
0.2956 0.750017 1.07341 1.0223 1.26669 1.29338 0.499984 1.18665 0.890306 0.0452239 0.0131895 0.0369321 
0.31843 0.756648 1.39086 0.942354 1.18959 0.55143 0.763905 0.930371 0.2268 0.75204 0.341848 -0.160648 
0.46929 0.869281 1.36351 0.60741 0.14166 0.326848 0.752361 0.691162 0.721888 0.41659 0.657568 0.0485771 
0.54403 0.93666 1.34582 1.117 0.919337 1.20899 0.558195 0.762399 0.805641 0.325807 0.61491 0.0438774 
0.363432 0.632684 1.39359 1.38334 1.64326 0.648943 1.54302 0.751679 0.578335 0.48899 0.550205 -0.0200845 
0.461613 0.928712 0.930049 1.15121 0.930161 0.493107 1.20504 1.04063 1.64076 0.353096 0.0458217 -0.0335603 
0.547068 0.868036 0.703886 0.990371 1.6593 0.38497 2.01043 0.574331 1.16464 -0.305262 -0.424849 0.189162 
0.436468 0.716755 0.85427 0.541306 1.38247 0.786785 2.4471 1.15142 0.363302 0.430951 0.380551 0.01317 
0.3342 0.635191 1.29799 1.09774 0.960447 0.895194 2.61061 1.24192 1.0849 0.275561 0.140831 0.0890886 
0.542585 0.739671 1.3885 1.35865 0.207358 1.47377 0.787918 0.959209 1.12044 0.840805 0.406144 -0.0266208 
0.403094 0.710661 1.51935 1.11221 0.304511 1.7988 0.248714 1.34458 1.47355 0.705783 0.732377 -0.0977228 
0.388385 1.05662 1.79766 1.2441 0.680222 1.04077 1.09245 1.3745 1.3105 0.157389 0.685672 0.0570428 
0.41284 1.17071 1.71243 1.45031 0.842045 0.741312 1.25939 1.52772 1.48938 0.074203 0.722286 0.0561698 
0.385939 1.16592 1.45213 1.24332 0.823535 0.302194 1.34175 2.24113 1.39226 0.562641 0.337486 0.106933 
0.547407 1.12485 1.41623 1.2059 1.17398 0.605962 1.90741 2.2803 0.998502 0.819843 0.0297665 0.165185 
0.514806 0.952017 1.31466 0.677224 1.10741 0.996457 1.33392 0.469557 0.707088 0.248153 0.511687 0.0532194 
0.445385 1.23994 1.39109 1.2138 1.29338 0.799054 1.61213 0.938552 1.07041 1.12573 0.495569 -0.0642996 
0.486489 1.16784 1.72167 1.34798 1.27587 1.71089 2.82692 1.28065 0.986879 1.38047 0.403776 0.017626 
0.730868 1.43288 1.78823 0.646622 1.45984 1.80186 1.49747 1.05785 1.2003 1.51584 1.16641 -0.011094 
0.931475 1.50322 2.47156 1.64109 2.32115 2.48787 1.42487 1.62459 1.1566 0.315016 0.435112 0.258011 
1.12635 2.05885 1.9938 2.47628 2.29576 1.88258 1.69457 1.81244 0.901503 0.055463 0.597392 0.178176 
1.15258 2.24019 2.64611 2.24908 2.34173 1.91391 1.81473 1.32775 1.13008 0.605689 0.300396 0.220164 
1.11589 2.3823 3.01695 2.22208 2.76602 2.42433 3.22559 1.57911 1.01036 0.751409 0.266921 0.279818 
1.02158 2.40087 3.41297 2.54181 2.46225 1.57241 3.48222 1.66963 1.45794 0.471996 0.392245 0.303649 
1.05319 2.40434 3.10874 2.55086 2.40249 1.90492 2.89986 0.971908 1.80496 0.779 0.110877 0.367089 
1.17186 2.35039 3.09083 2.04124 2.28676 1.11315 2.83622 1.19958 1.43176 0.567505 0.377354 0.290411 
1.07617 2.13581 2.97599 2.57265 3.10283 1.79049 2.59604 1.99865 0.629144 0.380656 0.635898 0.219758 
1.10844 2.13398 2.69779 2.69909 2.60531 2.18381 2.95927 1.64972 0.931429 0.200832 0.66429 0.228926 
1.15268 1.77527 2.68917 2.84178 2.53762 2.18798 3.02264 1.48145 1.07025 0.700581 0.203955 0.294907 
1.10601 2.03895 2.63331 2.89356 2.89522 2.41864 2.20706 1.89713 1.17006 0.695406 0.163302 0.311293 
1.24482 2.23694 2.86348 2.40453 2.20192 2.37565 2.16139 1.97871 1.07566 0.592336 0.23948 0.211092 
1.0996 2.42841 2.65378 2.40086 2.50155 2.01738 2.94306 0.564357 0.970366 0.597046 0.295111 0.191956 
1.11324 2.34756 2.81959 2.75988 2.98301 2.03399 2.30824 1.19612 1.55332 0.707029 0.137806 0.292159 
1.20634 2.13242 3.03483 2.61128 2.44233 2.01264 2.22848 1.54253 1.46318 0.167656 0.427621 0.231108 
1.1531 2.21304 2.99832 2.19338 2.18854 2.28353 2.65841 1.72571 1.70533 0.197486 0.350147 0.256897 
1.16118 2.2676 3.14529 2.56227 2.6732 2.46102 3.08017 1.75735 1.29795 0.650302 0.336034 0.296954 
1.23668 2.14905 3.01644 2.31442 3.27327 2.59327 3.28051 1.2389 0.491804 0.725294 0.440057 0.254623 
1.11112 2.17116 3.2861 2.46937 2.81926 3.0072 2.50939 1.97167 0.836449 0.77973 0.301334 0.260795 
1.16208 2.07144 2.66682 2.38885 2.70311 1.97915 2.19451 1.81009 1.03244 -0.0127283 0.42897 0.170178 
1.21942 2.20616 3.04667 2.09444 2.51505 0.757671 1.70046 1.50425 1.91726 -0.145539 0.285592 0.238557 
1.33564 2.11394 2.86332 1.95584 2.281 1.23757 2.23976 1.46615 1.36516 0.902147 0.079033 0.244936 
1.25546 2.34451 2.98667 2.35465 2.53756 0.997151 3.09383 2.24928 1.1718 1.0163 0.138305 0.332795 
1.18292 2.13919 2.939 2.25808 2.51863 1.48937 2.86203 1.47595 1.51171 0.365977 0.422461 0.300183 
1.21014 2.10088 2.97795 1.67773 1.88938 1.25283 2.3275 1.61296 1.9319 0.343956 0.464958 0.315133 
1.13633 2.24047 2.9528 2.29249 2.59571 1.37205 2.32239 2.4982 1.24155 0.107471 0.696758 0.254228 
1.17867 2.17734 3.17828 1.96124 2.66475 1.20452 2.1078 2.17119 0.98243 0.517301 0.548919 0.255094 
1.06106 2.07996 3.06058 2.37286 2.77872 1.93427 2.74718 2.23978 0.783086 0.704225 0.326254 0.288448 
1.08515 1.96266 3.00372 1.92266 3.04574 1.61556 2.38799 1.78805 0.786709 0.628353 0.243943 0.24653 
1.09618 1.93259 3.93772 2.05177 2.74365 2.23243 2.10679 2.1265 1.00259 0.626621 0.307858 0.243144 
1.0784 2.13897 3.5766 3.18971 3.15945 1.63056 2.39626 1.46503 1.70458 0.393175 0.354822 0.349017 
1.12865 2.30047 3.33447 2.78223 3.11608 2.15329 2.62579 1.17418 1.27567 0.556492 0.50747 0.256118 
1.13401 2.61793 3.55086 2.11544 3.4496 2.17464 1.83201 1.80238 1.42548 0.353137 0.671167 0.231165 
1.14836 2.32365 3.01501 2.05033 4.04582 2.45182 1.66407 1.80029 1.32207 0.608744 0.453831 0.241399 
1.08253 2.26438 3.51755 2.3186 3.12344 1.81656 2.61869 1.42167 0.778756 0.469388 0.521195 0.173184 
1.02314 2.38161 2.86642 2.2226 1.795 1.77122 2.83849 1.59619 0.515086 0.407026 0.496496 0.063504 
1.07058 2.3578 3.39335 1.63583 1.89366 0.745555 1.79567 2.11344 0.601524 0.746533 0.355825 0.156491 
1.11767 2.29045 2.94679 1.66725 2.58551 0.683059 1.63897 1.3122 0.814359 0.541211 0.320926 0.185707 
1.069 2.29314 2.78989 2.70491 2.1954 0.473264 2.75368 1.71534 1.44095 0.423234 0.123664 0.333501 
0.971115 2.19802 3.0333 3.43525 2.43751 1.65913 2.82706 1.24376 1.96287 0.576317 0.169589 0.405213 
1.16032 2.25062 2.8254 2.67014 2.56274 1.92611 2.31013 1.09476 2.20856 0.469902 0.136403 0.322521 
1.12997 2.04581 2.78501 2.45026 2.31545 1.78863 3.33218 1.36409 1.07726 0.335494 0.328842 0.220508 
1.15391 2.46678 3.21677 2.77695 2.29622 2.62374 2.135 1.24834 0.696564 0.358301 0.59491 0.0984425 
1.45412 2.57656 2.99781 2.79855 2.73965 1.76258 1.36697 0.0746408 0.343833 0.277754 0.203028 -0.000316 
1.61964 2.84733 2.85955 2.97332 3.88927 1.56149 1.7676 -1.15795 -0.711528 -0.557336 0.225769 -0.175819 
1.76466 2.89048 2.03106 2.66243 4.14555 2.00084 1.59602 -1.16095 -0.828599 -0.818824 0.32825 -0.0673474 
2.06811 2.14566 1.60655 2.37597 3.8245 2.14243 1.43954 -1.76484 -0.3001 -0.798621 0.270497 0.0504026 
2.30595 1.82602 0.84416 1.43854 4.72602 2.28398 0.673228 -1.51876 -0.400574 -0.650381 0.0755194 0.0574091 
2.42111 1.78433 -0.124842 1.56511 4.32045 3.05364 0.420063 -2.24893 -0.0585666 -0.850021 0.237787 -0.054146 
2.42925 1.56977 -0.330158 1.26521 4.38566 2.37506 0.11572 -2.2383 -0.527642 -0.771363 0.0495807 -0.0317682 
2.53121 1.67969 -0.471539 0.713438 4.44833 2.68697 -0.349606 -2.54646 -0.922401 -0.92618 0.0327785 -0.0921214 
2.5427 1.59242 -0.63268 0.743809 4.41301 2.35023 -0.256059 -2.84737 -0.926803 -0.893566 0.00992745 -0.0770874 
2.51948 1.61871 -0.81488 0.437242 4.72002 2.20938 -0.549636 -2.26501 -1.29192 -0.549972 0.0170951 -0.0859254 
2.50791 1.64519 -1.10708 0.765364 4.43333 2.31142 -0.22364 -2.54235 -0.919306 -0.657984 0.101864 -0.0884301 
2.47854 1.86349 -1.11076 0.873874 4.04754 2.31679 -0.49898 -3.06218 -0.620874 -1.0824 0.229365 -0.166046 
2.60522 1.83768 -1.12868 0.673206 4.32769 1.80338 -0.509136 -3.08293 -0.956698 -0.710075 0.148107 -0.0729838 
2.63752 1.72972 -1.1056 0.873086 3.63183 2.19437 -0.880555 -3.13663 -0.995293 -0.897261 0.164632 -0.071841 
2.89969 1.44949 -1.27339 1.25735 3.59123 1.30224 -0.122797 -3.73511 -0.987886 -0.83447 0.177865 0.00371896 
2.86493 1.31443 -1.09824 1.58335 3.29152 1.06598 -0.111962 -3.98292 -0.782186 -0.775277 0.223316 -0.0705038 
2.79349 1.37609 -0.899149 1.41676 3.19921 1.48956 -0.768472 -3.65932 -0.880213 -0.647814 0.152432 -0.0726887 
2.57829 1.55176 -0.702803 0.906739 3.40841 1.5667 -1.45827 -3.18145 -0.853381 -0.553449 0.19382 -0.0676243 
2.78686 1.13918 -0.78463 1.09337 3.43904 1.12713 -1.41033 -2.94059 -0.958384 -0.237718 0.0744934 -0.0466233 
2.53495 0.977951 -0.513149 0.908593 3.51389 0.11792 -1.20267 -2.34872 -0.878778 -0.244062 -0.0785062 0.04552 
2.66388 1.09558 -1.00055 1.64625 3.19669 0.297951 -1.15575 -2.61178 -0.619696 -0.494139 -0.0392432 0.00145714 
2.61013 1.35607 -1.23457 1.74461 3.33895 0.239812 -0.944762 -2.75852 -0.435988 -0.677703 0.0136496 0.0108334 
2.7624 1.09616 -1.28176 1.3675 3.47515 -0.227493 -0.625306 -2.657 -0.586993 -0.68206 -0.132595 0.15457 
2.56834 1.02525 -1.06188 1.45175 2.73648 -0.0500114 -0.619282 -2.28865 -0.650789 -0.951959 -0.0537098 0.242634 
2.58975 0.999465 -1.00195 1.54293 2.5228 -0.471656 -0.408148 -2.11073 -0.698752 -1.21757 -0.0947754 0.359089 
2.58305 1.01793 -1.27103 1.53631 2.48744 -1.34347 0.0316547 -1.96045 -0.58977 -1.39231 -0.0447032 0.508275 
2.5832 1.07796 -1.35196 1.42873 2.60393 -1.47647 -0.0201824 -2.15313 -0.45448 -1.30928 -0.0381297 0.505518 
2.65321 1.17945 -1.33508 0.871128 2.86375 -1.31728 -0.0856844 -2.53662 -0.448577 -1.06326 -0.145975 0.455357 
2.54136 1.57022 -1.37915 0.542377 3.21611 -1.14734 -0.524319 -2.70791 0.0027071 -0.706915 -0.150177 0.263657 
2.52756 1.33693 -0.74569 0.837059 2.11731 -1.36937 -1.00708 -2.37236 0.341022 -0.404953 -0.0112463 0.130509 
2.55826 1.65109 -0.657102 0.378358 2.16067 -1.5809 -0.856632 -2.08332 0.138793 -0.189802 -0.000544479 0.191536 
2.46587 1.6791 -0.101989 0.0628681 2.05644 -1.66129 -0.817642 -1.4603 -0.0236235 0.274013 0.0419808 0.174895 
2.53185 1.49935 -0.341682 0.757751 1.63663 -1.56442 -1.01803 -1.29528 0.538636 0.506519 0.25395 0.0854578 
2.61165 1.52044 -1.01276 1.07796 1.9141 -1.95837 -0.32775 -0.946187 0.405537 0.301612 0.315765 0.293552 
2.59526 1.40689 -0.686843 0.628695 1.97854 -1.8543 -0.425182 -0.987849 0.43478 0.900208 0.359945 0.139055 
2.56948 1.34347 -0.883215 -0.260928 2.18094 -0.837849 -0.946743 -1.07652 0.520103 1.13078 0.448692 0.0240103 
2.45644 1.25973 -0.822151 0.150879 2.24264 -0.678042 -0.44253 -1.10963 0.531326 1.02418 0.497049 0.0604915 
2.31508 1.37061 0.128116 -0.127559 2.86602 0.149021 0.136232 -1.40417 -0.248692 0.216465 0.0513436 0.0918722 
2.34602 1.37159 -0.101718 0.286016 3.08863 0.188131 0.656268 -1.24909 -0.622068 -0.508143 -0.17528 0.215568 
2.34652 1.15711 0.416119 0.140464 2.5058 -0.149787 0.0614005 -1.71421 -0.257902 -0.354197 -0.232798 0.122852 
2.37405 1.20341 0.397043 0.397653 2.05608 -0.0750891 0.159774 -2.22284 0.0903615 -0.36376 -0.150555 0.110261 
2.31954 1.50443 0.16326 0.274587 1.99241 -0.274288 -0.628654 -1.62063 0.110418 -0.4906 -0.0266214 0.0875778 
2.32385 1.53897 0.463163 -0.103836 2.18444 -0.283163 -1.23797 -0.802252 0.199102 -0.508784 -0.21925 -0.0541401 
2.25345 1.54411 0.329465 0.611444 2.54409 0.348457 -0.381927 -1.39326 0.798304 -0.714568 -0.369588 -0.154337 
2.04102 1.37335 0.838207 0.37549 2.19001 0.54728 0.88143 -1.29252 0.088026 -0.235511 -0.317621 -0.0421202 
2.00965 1.51549 0.934549 0.0656833 2.85987 0.204908 0.268298 -0.782336 -0.0933687 -0.304105 -0.247499 0.0198136 
2.07017 1.55152 0.582813 -0.0462547 2.85907 0.485289 0.538984 -0.604605 -0.354247 -0.214304 -0.12823 0.0691741 
2.2265 1.52798 1.02586 -0.254647 3.06454 0.522681 0.476922 -0.670975 -0.395598 -0.139961 -0.137046 0.142113 
2.17033 1.9174 1.03297 0.133426 1.87026 1.27714 1.52114 -1.42877 -0.234564 -0.420948 0.0125416 0.216819 
2.11134 1.61505 1.06959 0.322034 2.09184 1.68182 0.561635 -1.21936 -0.589936 -0.351363 0.162223 0.164749 
2.07765 1.25185 1.20021 0.708817 1.88852 1.75241 0.81082 -1.30261 -0.635842 -0.633094 0.152681 0.268449 
2.06204 1.30781 1.27741 0.394595 1.19046 1.86993 0.492827 -1.34648 -0.214835 -0.590667 0.221061 0.363532 
1.98795 1.51442 1.35984 0.337973 1.6528 0.907006 0.820906 -0.650286 -0.754592 -0.322326 0.485408 0.417711 
1.85418 1.81717 1.23099 -0.0605914 2.92192 1.12247 0.928781 -0.553204 -0.698953 -0.406088 0.383951 0.354483 
1.8083 1.71765 1.29496 0.0893695 2.74148 1.20864 1.18641 -0.29917 -0.694588 0.0647748 0.316309 0.288859 
1.78538 1.53982 1.69429 0.885034 2.20578 1.83661 1.46265 -0.427124 0.0558915 0.216727 0.477829 0.308089 
1.75933 1.46012 1.46519 0.485712 2.39288 1.76326 1.05926 0.455313 0.32908 0.102162 0.489219 0.23572 
1.56864 1.64735 1.37253 0.662749 1.65049 1.48114 1.81789 -0.509165 0.515222 -0.163679 0.62966 0.291735 
1.5863 1.8474 1.84486 0.9044 2.22556 0.875001 1.65529 -0.445903 0.250917 -0.452015 0.633546 0.31139 
1.60854 1.79166 1.9774 0.519464 2.61087 1.30426 1.91267 -0.0505211 -0.179704 -0.321859 0.388965 0.287952 
1.56301 2.00239 1.81161 0.28902 1.79434 2.2421 1.74717 0.212243 -0.200201 0.292008 0.304814 0.243817 
1.46701 1.8901 2.28765 0.803887 1.74262 1.23288 1.56441 -0.230493 -0.293917 -0.390097 0.719905 0.207504 
1.56184 1.71985 2.06494 1.36402 1.75259 1.04383 1.42543 -0.172389 -0.156344 -0.0310664 0.635228 0.221584 
1.4727 1.82473 1.85284 1.32015 1.16605 1.52968 1.5555 -0.0973298 -0.27612 0.0857095 0.61767 0.175519 
1.3325 1.90303 1.76645 1.34657 1.74873 1.14239 0.870357 0.516974 -0.169836 0.0954683 0.606025 0.106827 
1.41882 1.76414 1.96911 0.624855 1.49495 1.64934 0.79918 -0.323739 0.214744 0.659816 0.491925 0.224772 
1.32453 1.83526 1.96623 0.136462 1.7966 1.86776 1.15657 0.30669 -0.174459 0.0880377 0.748252 0.203355 
1.31331 1.60215 2.36526 0.380686 1.28296 1.38359 1.57435 0.342651 -0.0933775 0.104316 0.899562 0.177596 
1.18971 1.80301 2.35181 0.857671 1.63637 0.590795 2.04971 0.565475 -0.236171 -0.0300316 0.77141 0.0604457 
1.26864 1.67464 2.18171 0.728944 1.53808 0.927916 1.22825 0.431681 0.43238 0.309498 0.548454 0.132135 
1.20156 1.75462 1.96383 0.303277 0.904001 1.25898 1.25247 0.372334 0.460481 0.215523 0.827229 0.118251 
1.0887 1.46539 1.7977 0.188481 1.53636 1.94576 1.75556 -0.0764764 0.148584 0.136931 0.454951 0.122455 
1.05489 1.36425 1.91682 0.964685 1.78448 2.43145 1.84474 0.0806228 0.442777 -0.514296 0.632619 0.180806 
1.08453 1.7371 2.13528 0.750806 1.71569 2.11916 1.91654 0.389096 0.172781 -0.20917 0.909344 0.122719 
1.12563 1.68264 2.02904 0.621448 2.01872 1.23912 1.85086 0.756077 0.059136 0.134973 1.23213 0.179049 
1.09768 1.44151 1.98459 0.838403 1.74917 0.31738 1.79558 0.977499 0.643247 0.391019 0.957979 0.172219 
1.01381 1.33879 2.33791 1.16819 0.758734 0.663055 1.32084 0.24915 1.29949 0.942411 0.394912 0.155888 
0.996896 1.82737 2.39236 0.958166 0.955849 1.14307 1.56389 -0.166202 1.34676 0.709961 0.751682 0.219054 
1.0117 1.58212 2.8345 1.03793 1.3076 -0.121479 1.17881 0.787317 1.33692 0.656474 0.536789 0.303359 
0.997787 1.58914 2.64932 1.28915 1.07715 0.488961 1.35645 0.818227 0.692839 0.999421 0.318798 0.168524 
0.926951 1.44773 2.65049 1.27034 1.1765 0.398618 1.73263 0.946036 0.778568 0.670992 0.488224 0.159378 
0.91322 1.38181 2.61116 0.961922 1.74169 0.779824 1.30125 0.788357 1.15644 1.00931 0.296266 0.222785 
0.913865 1.58704 2.51628 -0.0348202 1.59928 1.0182 1.85808 0.597596 0.743748 1.18216 0.56716 0.191716 
1.0806 1.49002 2.2823 0.908214 1.1801 0.252437 1.98498 0.525226 1.08982 0.636543 0.794285 0.24709 
1.02092 1.53203 1.8915 1.37178 1.37752 0.854754 2.65398 0.930625 0.930312 -0.297529 1.23547 0.145955 
