0.769448 1.32386 1.62472 0.669444 0.741436 1.04029 1.44531 0.928678 0.819176 0.057956 0.492083 0.00521917 
0.795442 1.07035 0.85171 1.60084 0.131872 1.37682 0.739142 1.34901 0.726578 -0.42915 0.00579998 -0.080673 
0.75454 1.44927 1.55577 0.793828 0.591774 1.57383 0.248492 0.644385 1.01787 0.5523 0.301557 0.0488004 
0.625182 1.78304 2.23935 1.70833 1.26194 1.84279 1.15321 0.509221 0.770984 0.417402 -0.142345 0.215526 
0.69141 1.35667 1.67787 1.85496 0.407796 2.02454 1.65918 0.943416 1.25009 0.0232517 0.383685 0.129185 
0.711576 1.17765 1.35728 1.2819 0.940038 1.44198 2.21995 1.08367 0.823112 -0.420949 0.598658 0.0216828 
0.676971 1.40165 1.25766 1.45761 1.26131 0.607794 0.969789 1.45123 0.786049 -0.285626 0.256542 0.088266 
0.73821 1.25976 1.24243 0.945182 2.01226 1.98118 1.22149 0.1686 1.43459 0.6021 0.155427 0.0951101 
0.791159 0.505093 2.16806 1.93424 0.544267 0.196494 1.50292 0.179509 1.17476 0.22442 0.698648 -0.061448 
0.837447 0.224904 2.56571 2.21259 0.256286 -0.952165 2.23075 -0.224343 0.520308 0.0789972 -0.0447348 -0.0913754 
0.49631 -0.624769 3.50035 3.37893 0.0163933 -0.922492 2.95645 0.623177 -0.307131 0.235057 0.17662 -0.0689663 
0.132985 -0.877573 3.13588 3.94104 -0.632567 -1.20211 3.82332 1.77536 0.314286 0.104401 0.683256 0.194287 
0.0188032 -0.645429 2.66274 4.83028 -0.950514 -0.404734 3.49517 2.80565 0.10776 -0.14493 1.26685 0.120584 
-0.159937 -0.870046 2.94768 4.44868 -1.84645 0.546252 3.41716 2.76423 -0.102448 -0.373852 1.45109 -0.0438848 
-0.267896 -1.1162 3.85185 3.517 -2.00103 -0.319468 3.58077 0.988692 -1.5662 0.687355 0.866054 -0.287875 
-0.3254 -1.01744 4.06891 3.16412 -2.67292 -0.143946 3.6181 0.283502 -0.749802 0.635409 0.850247 -0.341561 
-0.570518 -1.13744 3.98261 2.32469 -2.50413 -0.400546 3.38411 -0.5584 -0.290377 0.792343 0.480555 -0.288099 
-0.617206 -1.17792 4.24793 2.23832 -1.68802 0.36625 4.20697 -0.445273 -0.0494683 0.871096 0.390223 -0.240453 
-0.585129 -1.2183 4.71004 2.09226 -2.08097 0.951782 3.92944 -0.591794 0.271172 0.928678 0.311458 -0.0987574 
-0.734578 -1.3395 4.65982 2.18388 -1.61543 0.616375 3.34658 -0.576896 0.0673584 0.87829 0.360879 0.0361446 
-0.474495 -1.30321 4.13605 3.0873 -1.94106 -0.569699 3.51194 -0.284353 -0.558879 0.677587 0.72001 -0.175493 
-0.232119 -1.17557 3.31773 3.39199 -0.92368 -1.51759 3.18898 1.66769 -0.0984209 -0.304477 0.868222 -0.0800494 
-0.267072 -1.27936 3.13999 3.12936 -1.36446 -0.834749 2.42274 1.69037 0.26286 -0.584454 0.533191 -0.132674 
-0.227531 -1.34873 3.21114 2.57656 -1.86793 -0.588718 3.19697 1.3097 -0.110626 0.239125 0.706795 -0.142379 
0.0602176 -1.17104 3.4141 2.36621 -1.95808 -0.0256891 3.82939 1.11434 -0.0840845 0.765929 0.398905 -0.208814 
0.442493 -1.39739 4.19658 2.88028 -1.72442 -0.999633 3.63704 1.0691 0.30589 0.816981 0.602385 0.0119992 
0.825089 -0.860848 2.55601 1.88442 -1.96735 -0.925114 3.38063 0.0572363 -0.0911613 0.702788 0.487896 -0.206722 
1.0497 -0.501751 2.43486 1.06131 -1.61538 0.0247508 3.37413 0.0500233 -0.244354 0.627908 0.277317 -0.313411 
1.58316 0.256509 3.78488 2.12547 -0.678142 -0.0641182 3.07499 0.0680028 -0.385629 0.628692 -0.090719 -0.302349 
2.41664 0.350567 1.45642 1.13796 -0.124345 0.0565956 1.02809 -0.889927 -0.0479155 0.969881 0.20054 -0.262982 
2.52069 0.397838 1.14886 1.04107 -0.556247 -0.0982393 1.54506 -1.06881 -0.498878 0.938892 0.36233 -0.30918 
2.46578 0.643933 1.10759 1.46628 -0.245402 -0.223609 1.91194 -1.02797 -0.35189 1.21322 0.552125 -0.369788 
2.67052 0.370718 0.774768 1.11558 -0.00661759 -0.529351 1.82229 -1.46594 -0.219001 1.04557 0.296376 -0.314764 
2.62669 0.577452 1.33581 0.947413 -0.310977 -0.145578 2.22615 -1.0446 -0.807278 0.746736 0.222883 -0.317695 
2.84437 0.344185 0.779769 1.03534 0.126522 -1.02762 1.47199 -0.994795 -0.0134896 1.04807 0.28173 -0.216825 
2.78692 0.253892 0.701667 1.21616 -0.089363 -0.826064 1.23143 -1.1451 0.217149 1.0255 0.159418 -0.284865 
2.63243 0.467447 1.20528 0.822991 -0.830882 -0.291292 1.95959 -0.558661 -0.267549 0.891274 0.43635 -0.128729 
2.36607 0.626127 1.40413 0.803447 -1.17717 -0.0720641 2.46832 -0.162853 -0.106782 0.464458 0.298191 -0.0644117 
2.40548 0.653616 1.8708 0.454087 -1.08315 -0.387117 2.77083 -0.31841 -0.736523 0.153923 0.201989 0.0428869 
2.28563 1.28547 1.70275 0.573832 -1.08041 0.418264 2.40694 -0.08014 -0.53714 0.227093 0.339142 0.0362136 
2.54401 1.12577 1.85551 1.29204 0.00350932 1.00556 2.2074 -0.208185 -0.611589 0.511333 0.261046 -0.141188 
2.46391 1.26662 1.91971 2.09757 0.283927 0.753173 2.05364 -0.562307 0.515457 1.30545 0.226645 -0.324102 
2.39159 1.24031 2.68 2.72983 0.297691 0.273585 1.763 -0.409812 0.842984 1.4404 0.0966277 -0.305901 
2.32876 1.58714 2.29946 2.15394 0.185762 0.62302 1.36353 -0.494665 0.883532 1.16479 0.172974 -0.128121 
2.46953 1.67933 2.17194 1.47227 -0.1038 0.430676 1.55876 -0.252745 -0.0395943 0.917065 0.386973 -0.0529854 
2.48171 2.03422 2.127 0.985885 -0.184541 0.1188 1.03864 -0.51283 -0.140309 1.18889 0.427068 -0.045993 
2.60212 1.85897 0.757478 0.035524 0.733811 0.0639312 0.106346 -0.535112 0.603397 0.688939 0.330793 0.00532798 
2.61551 1.7923 0.381805 0.266597 0.262263 -0.138884 0.815604 -0.314635 0.426488 0.452648 0.338338 0.035436 
2.851 1.83481 0.103397 0.85969 0.117226 0.316379 1.44204 -0.970293 0.454828 0.504877 0.464986 -0.152867 
2.72628 1.74484 0.123782 0.704129 0.927709 0.483733 1.09397 -0.524097 0.566437 0.612466 0.304346 -0.165793 
2.71572 1.92217 0.84977 0.593343 0.796071 -0.213575 2.01152 -0.49679 0.312706 0.985172 0.481969 -0.0244997 
2.73573 1.70099 0.662399 0.443814 0.50097 0.574436 1.744 -0.286564 -0.0911179 1.03495 0.582311 -0.0850263 
2.86272 1.82834 0.587556 -0.367145 1.21103 0.108188 2.70684 -0.333231 0.153954 0.600326 0.051922 0.0340983 
2.85542 1.81442 -0.287165 0.182976 1.19434 0.104818 2.17251 -0.0672852 0.00477312 0.109052 0.232039 0.066259 
2.82665 1.60364 0.312843 -0.15099 0.732372 0.628395 1.75297 0.454926 -0.0899896 0.510509 0.432159 0.119383 
2.68218 1.66228 1.37597 0.864101 1.28981 0.0872715 0.862802 0.770427 0.533473 1.15196 0.442357 -0.0859376 
2.35815 1.92163 1.29084 1.30903 1.43618 1.16542 1.4748 0.534042 0.336859 0.453845 0.0333935 -0.100733 
2.42924 1.72408 1.36485 2.24796 1.67156 1.49649 2.15965 0.350177 0.693076 0.0499253 0.00927049 -0.0379334 
2.3201 2.09633 1.84953 1.78451 0.876548 0.874638 2.37793 0.290481 0.837924 1.13711 0.307654 -0.0883298 
2.42475 1.98998 1.48089 1.47853 1.38773 1.09354 2.86952 0.123461 0.727617 0.705968 0.210199 -0.0413379 
2.40777 2.39573 1.42568 0.393017 0.975174 1.08715 2.41538 0.683022 0.0463948 1.50336 0.462706 0.150767 
2.4317 2.17881 1.30068 0.130278 0.555276 1.0254 3.12782 0.201719 0.0954495 1.47936 0.556191 0.218677 
2.39265 2.15387 0.898131 0.602783 1.25528 0.686451 2.19697 0.568559 0.558404 0.875907 0.511185 0.261408 
2.29358 2.06171 1.4407 0.754401 2.13135 2.17567 2.36858 0.437153 -0.243916 0.262824 0.164332 0.183153 
2.12207 2.17142 1.6218 1.2825 1.88046 2.20987 2.07179 -0.247621 0.0509372 0.581446 0.252672 0.149609 
2.2449 2.29326 1.63118 1.50745 1.75702 2.52859 2.14854 -0.268986 0.205308 0.493086 0.317892 0.180826 
1.93069 2.50707 1.79584 1.20772 2.32671 2.95432 2.05163 0.136356 -0.131578 0.0715697 0.234394 0.259974 
2.16355 2.52136 1.60436 0.473333 2.57911 2.85532 2.54134 0.423365 -0.288445 0.355641 0.238981 0.358747 
2.07691 2.25311 1.93254 1.16785 2.11662 2.09352 2.02724 1.08953 0.452363 0.738947 0.145377 0.0725459 
2.01803 2.4797 1.93258 1.20131 2.11041 1.09646 0.94307 1.25359 1.46902 1.04891 0.257275 0.0469317 
1.96078 2.47177 2.20761 1.78551 1.5682 0.436738 1.32186 1.32643 1.88126 0.997283 0.0898558 0.000420504 
1.90553 2.28262 1.90814 1.65665 2.28566 1.85422 2.27483 1.27115 0.942969 0.31754 -0.0329491 0.000102668 
1.9975 1.87108 2.49059 1.30101 2.94043 2.29858 2.2228 1.31811 0.891814 0.29161 0.178227 0.195002 
1.98611 2.25076 2.07701 1.16887 2.13963 1.57418 2.25698 0.538141 1.34059 1.0796 0.258608 0.193186 
1.79102 2.36989 1.8821 1.55883 1.62335 0.634941 2.21401 0.818209 1.49617 1.24904 0.464683 0.277896 
1.76692 2.39709 2.4718 1.64689 1.71932 1.0053 1.22098 1.35945 1.21398 1.41822 0.34613 0.231626 
1.80324 2.27275 2.28028 1.15037 1.20914 1.25511 1.41564 1.12673 1.36227 1.31174 0.324145 0.176296 
1.77819 2.05789 2.2423 1.38752 1.21592 0.925482 1.07681 1.09533 1.72918 1.46533 0.169598 0.0963042 
1.78535 2.08907 1.99549 1.4567 1.75892 0.818211 1.68604 0.945058 1.2014 0.114314 0.308902 0.162373 
1.73118 2.28375 2.41729 1.97953 1.80129 0.233992 2.26835 1.01549 1.62161 0.318897 0.311574 0.210344 
1.7626 2.3442 2.53993 1.52884 2.17498 0.310345 1.96213 1.63994 1.30377 0.0973522 0.382236 0.234495 
1.70572 2.2631 2.568 1.6176 1.98125 1.1651 1.37884 1.80031 1.15201 -0.214327 0.427887 0.149409 
1.56878 2.02363 1.92815 1.07145 1.46249 1.32181 1.21498 2.01696 1.36284 0.460376 0.429179 0.154837 
1.59527 1.72857 1.8088 1.06396 1.80633 1.49351 1.52424 1.52444 1.30324 0.073988 0.615738 0.284029 
1.50862 1.98888 1.82801 1.22005 3.07334 1.36081 1.5353 1.31034 1.28242 0.219492 0.710374 0.293977 
1.61202 1.82878 2.05477 1.50982 2.28667 1.21571 1.00372 1.53842 1.51282 0.53727 0.574339 0.281202 
1.59021 1.8779 2.20534 1.94421 1.97591 0.878526 1.66755 1.86481 1.32951 0.428669 0.458319 0.268439 
1.44324 1.54868 2.5304 2.23439 1.85581 0.0865774 1.61404 1.78385 1.63049 1.17639 0.231121 0.328572 
1.54125 1.66942 2.58016 2.02437 2.2385 0.814253 1.56445 1.19083 1.08357 0.562783 0.242033 0.211974 
1.53872 1.78596 2.90652 1.74816 2.40273 2.06894 0.956034 1.00299 0.843442 1.26751 -0.0674331 0.0437842 
1.499 2.06676 2.50517 1.18224 2.19489 1.28356 1.68687 1.52696 0.528055 0.377326 0.102961 0.0463348 
1.4809 2.00249 2.4708 1.92488 1.81277 1.53369 2.26628 1.58924 0.304696 0.339957 0.476691 0.153946 
1.3849 2.05944 2.66294 2.52964 2.45304 1.44468 1.75922 0.971466 0.828895 0.620134 0.263078 0.167448 
1.37332 1.77304 2.47522 1.59553 2.02726 1.4591 2.90624 0.716084 0.728078 0.550148 0.576826 0.282845 
1.41934 1.79604 2.98356 1.70201 2.80527 1.82712 2.76655 1.66148 0.317428 0.566166 0.525622 0.238839 
1.48804 1.85659 3.16858 1.70732 2.56488 2.20008 1.37326 1.14003 1.19575 0.954957 0.334032 0.25317 
1.27587 1.86507 2.84047 1.83543 2.45377 1.77007 1.77795 1.13911 1.5176 0.835211 0.193034 0.289918 
1.37532 1.80313 2.52761 1.94374 2.26439 1.35709 2.22192 1.50979 0.570437 0.66775 0.450925 0.22373 
1.43866 1.67334 2.39887 1.77968 1.51479 1.7341 2.19474 0.782863 1.25394 -0.0457225 0.586611 0.26643 
1.3614 1.47016 2.21137 1.36568 2.08307 1.53311 2.0153 0.776186 1.15002 0.395656 0.789921 0.351846 
1.15442 1.62505 2.3271 1.79419 2.03194 0.670777 0.790127 1.60327 0.580419 1.44439 0.618108 0.245287 
1.20427 1.91136 2.45711 1.77282 2.30753 0.278175 0.415387 1.67466 0.564642 1.15868 0.757007 0.293894 
1.32927 1.75013 2.13044 1.96406 2.74519 0.632072 1.14191 0.692971 0.415907 1.07011 0.719497 0.271512 
1.36885 1.27513 1.69439 1.96817 2.18174 1.16955 1.74937 0.319167 0.625939 0.835152 0.462244 0.142888 
1.25095 1.53273 2.03676 1.54445 1.31173 1.53747 1.92526 0.755448 1.06931 0.255428 0.417201 0.13801 
1.18046 1.81785 2.02928 1.63546 2.16394 1.87663 1.51688 0.636331 0.788017 0.171302 0.532146 0.126331 
1.2067 1.22159 1.8439 1.55893 1.93856 1.45071 1.3453 0.750182 0.886266 0.294752 0.854816 0.178946 
1.1364 1.47727 1.97112 0.819213 1.25988 1.45008 2.01265 0.414098 0.445555 0.24319 0.825027 0.14202 
0.945469 1.64199 2.33625 0.682853 1.35051 0.751505 2.03641 0.541864 0.80944 0.544912 0.806883 0.0769985 
1.13459 1.44154 2.53273 1.03883 2.25107 0.0331021 0.797449 1.11661 0.766086 0.15125 0.426018 0.142056 
1.29915 1.02945 1.92414 1.08587 1.97878 0.598783 1.31633 0.9252 0.595375 0.797646 0.634277 0.155825 
1.21444 1.29739 1.44934 1.34534 1.82874 1.27508 1.71635 0.794771 1.22411 0.715386 0.289899 0.107456 
1.14468 1.34767 1.64067 1.5749 2.07171 1.09151 2.08258 0.968919 0.937499 0.828064 0.14919 0.152797 
1.15737 1.3015 2.1237 1.51998 2.09465 1.23033 1.99038 0.349126 0.746621 0.617411 0.0869638 0.173048 
0.992484 1.23832 1.70744 0.554386 1.60573 0.861368 1.69906 0.546435 0.691028 1.15939 0.274683 0.138122 
1.02522 1.38094 1.81547 0.395365 1.19036 1.33216 1.73763 0.112042 0.563255 0.160837 0.990098 0.108087 
1.16392 1.44204 2.07184 1.42284 2.54226 1.07077 1.74253 0.965156 1.51725 -0.206608 0.522856 0.24309 
1.26212 1.37568 2.10192 0.821427 2.06021 0.868243 1.78259 1.61292 1.55862 0.339428 0.410201 0.227538 
1.10083 1.47324 1.85426 1.21828 2.33986 1.16831 1.87771 0.783385 1.59028 0.781183 0.569927 0.269835 
1.03023 1.5478 2.18387 1.24705 2.7999 1.41508 1.11556 0.750694 1.11047 0.862344 0.342804 0.209618 
1.0708 1.6784 1.98742 1.45768 1.12663 1.85467 2.08014 1.40998 1.29277 0.152859 0.606541 0.170371 
1.1548 1.37816 2.31294 1.18485 2.05471 1.13868 2.42572 1.89264 1.08826 -0.0305536 0.403044 0.226568 
1.12201 1.61682 1.9383 1.68511 2.21615 1.24479 1.6804 0.540296 0.920149 0.73402 0.315665 0.183097 
1.01832 1.57518 1.47701 1.6581 1.91464 0.943452 1.18434 0.513906 1.45456 0.950126 0.278162 0.0960469 
1.10132 1.6589 1.83002 1.80273 1.80522 0.745226 1.01705 0.146685 0.967943 0.205717 0.761581 0.0757338 
1.01331 1.30817 1.98245 1.56121 2.05863 0.577182 0.895131 0.672641 0.793522 -0.350013 0.832622 0.0763171 
1.13696 1.35683 2.15367 1.47275 2.17774 0.645068 1.21153 0.773204 1.10204 0.397588 0.127438 0.120435 
1.09552 1.43341 1.63212 1.95378 1.96943 0.701334 1.41551 0.347496 1.70404 0.740116 0.455143 0.129512 
0.995586 1.59243 1.5687 1.95417 2.10935 0.204603 1.30324 0.366092 0.476003 0.656591 0.610203 0.131403 
1.04336 1.64587 1.41873 1.66994 2.37235 0.0701061 0.495668 0.465711 -0.21018 -0.0770139 0.560409 0.0829227 
1.02244 1.77983 1.86738 1.68442 2.18833 1.29792 1.55337 -0.194825 0.969719 0.41314 0.229871 0.13873 
0.946684 1.63949 1.85708 1.62939 2.29069 1.50206 2.15646 -0.166753 0.675051 0.558667 0.207383 0.152749 
0.976307 1.68156 1.94955 1.71463 1.64812 1.00317 1.63151 0.747343 1.08037 -0.0215637 -0.086238 0.135487 
0.972078 1.3421 1.97931 1.12789 1.53131 1.10316 1.80158 0.893067 1.05678 0.0810225 0.138842 0.116562 
1.08527 1.42241 1.57078 1.63682 1.41729 1.45086 1.0841 0.515885 1.08459 0.0236718 0.340513 0.0710078 
1.01103 1.63496 1.99266 2.18634 1.36447 0.918649 0.482168 1.11474 0.814347 -0.190488 0.0435746 0.0859297 
0.93683 1.49311 1.73852 1.95961 2.09144 0.426233 1.48619 0.577171 0.415966 0.500839 0.16934 0.144764 
0.890908 1.0799 1.79584 2.0946 2.25241 1.95871 2.12452 0.416141 0.754508 0.218385 0.321944 0.226025 
0.898664 1.1091 1.9554 1.9812 1.86129 1.64243 1.08897 1.16911 0.987941 0.287373 0.39674 0.174168 
0.912953 1.43256 1.90506 1.24215 1.46721 1.65939 1.09973 0.786882 0.913726 0.218375 0.633576 0.118918 
0.867156 1.12181 1.81195 1.08763 2.05584 1.19203 1.95686 1.21525 0.131288 0.304485 0.495399 0.132275 
0.775489 0.913637 1.61526 1.33208 1.86877 0.954385 2.11029 1.27718 -0.151011 0.671715 0.0476713 0.151966 
0.736402 1.10754 1.40854 1.21152 2.0233 1.25878 2.03136 1.03739 0.298118 0.158486 0.520029 0.119997 
0.679385 0.975436 2.24992 1.70414 1.29537 1.39492 1.91315 1.6331 0.488624 0.161762 0.564834 0.131093 
0.805482 1.30868 1.981 1.87845 0.966385 0.134079 0.596047 0.917033 -0.0148207 0.00568254 0.0313495 -0.0522314 
0.868179 1.71255 1.83802 1.55053 1.79058 0.0622449 0.720663 0.93937 0.534808 0.609949 0.298627 0.0552208 
0.819487 1.71855 2.25295 1.36126 1.72186 0.530351 0.57953 0.997419 0.83733 0.644634 0.206685 0.109842 
