0.7023 1.33535 1.44464 1.35281 1.3648 -0.731583 0.556473 0.467209 0.104439 0.229805 -0.268111 0.0682811 
0.663828 0.956424 1.12165 0.826712 1.07533 -0.298011 0.499919 0.614765 -0.0536423 0.0271986 -0.267626 0.0732372 
0.579702 0.953171 0.923107 0.822091 0.518572 0.591413 0.702097 1.44613 0.0866268 0.66886 -0.378128 0.114614 
0.698458 1.1797 1.0356 1.10147 0.207633 0.561146 0.137816 1.90681 0.195776 0.00538129 0.117221 0.0412119 
0.666301 0.993077 1.2644 0.789688 0.533315 0.550317 -0.135979 0.597611 0.455374 0.0884511 0.0746679 -0.154735 
0.45817 1.1249 1.45598 0.464049 0.669964 0.165674 0.532325 0.0175769 0.58777 0.331254 0.369601 -0.1484 
0.48205 1.2593 0.774704 0.908387 0.171841 0.477634 -0.0720455 0.838473 0.338125 -0.261907 0.472804 -0.0683322 
0.511523 1.23062 1.1032 1.05418 0.184049 0.610125 0.361106 0.0257039 0.304852 0.106054 0.198302 -0.0380798 
0.592575 0.844337 1.3355 0.868386 0.708123 0.800804 0.394307 -0.118974 0.518123 0.0135307 0.0746725 0.00921531 
0.546088 0.939463 1.29122 0.466548 0.826762 0.365284 -0.572566 -0.032876 0.683868 -0.105852 0.0520055 -0.122633 
0.567878 0.944874 1.31063 0.955821 0.816933 0.0907415 0.221328 0.630121 0.649731 0.2499 0.32077 -0.0524789 
0.557977 1.08584 0.946292 0.920401 0.603151 -0.0614169 0.110098 0.573175 -0.0796921 0.46648 0.315139 -0.136837 
0.578434 1.04238 0.941135 1.08979 0.456925 0.164177 -0.0305836 0.859019 -0.245872 0.0788363 0.423945 0.0562971 
0.863622 1.20794 -0.0800336 -0.445793 0.105678 0.361535 1.86135 1.77377 -0.0548455 -0.0757362 0.0735422 -0.0147032 
0.896483 1.20754 -0.441721 -1.15143 -0.0635302 -0.374606 3.12512 1.09108 0.175405 -0.352799 0.0102381 -0.0273356 
0.84664 1.30433 0.472334 1.06513 0.0517321 0.719887 1.97062 -0.199292 0.368272 -0.193782 -0.336963 -0.0270335 
1.04932 1.51236 1.07791 0.725166 -0.336113 1.50893 1.00683 0.76354 0.0587475 -0.437127 0.311306 0.0108376 
1.25504 1.2381 1.02159 0.85202 0.968392 0.683184 1.47162 1.22107 0.111089 -0.660311 -0.300024 -0.170197 
1.59521 1.1146 0.752102 1.65305 2.5317 0.581217 2.1871 0.999131 -0.326181 0.160107 -0.588671 -0.123549 
1.75756 1.22411 0.447432 1.70515 3.20609 0.88544 2.35549 0.468655 0.226937 0.392204 -0.88156 -0.315886 
1.73806 1.53239 1.0892 1.72757 3.80987 0.632852 2.01523 0.640326 0.726419 0.692553 -1.00514 -0.286073 
1.5908 0.84219 -0.2205 1.3078 3.30947 1.46323 1.27115 0.561056 0.11676 0.0149566 -0.65355 -0.216404 
2.12345 0.620355 -1.04898 1.30707 4.99806 0.400964 1.28435 0.513408 0.0951079 -0.0543475 -1.14575 -0.162699 
2.42414 0.275719 -1.21791 0.550697 4.12921 0.0594731 1.33208 -0.016946 0.605314 0.0287246 -1.047 -0.348657 
2.48558 -0.0122487 -2.05829 0.0132605 4.41545 0.293035 0.83198 0.507167 0.81974 0.310046 -1.09274 -0.480655 
2.55645 0.3741 -1.88441 0.822965 4.39085 0.0800228 0.81133 0.31003 0.83388 0.0310773 -1.21255 -0.512375 
2.48001 0.473278 -1.61317 0.142272 4.57876 0.260569 0.930732 0.155726 0.243915 0.0670326 -1.1654 -0.369555 
2.32804 0.62036 -1.56988 -0.0819419 4.57112 -0.113911 0.749847 0.501376 0.341148 0.525823 -1.30236 -0.544496 
2.43814 0.973783 -1.64911 0.824633 4.95049 0.657761 1.05078 0.0371026 0.0275214 0.0299977 -1.09927 -0.276193 
2.22575 0.881432 -1.78856 0.966447 4.65771 0.371556 1.23242 -0.240615 0.461071 -0.0720436 -1.1302 -0.354619 
2.29704 0.869098 -2.16098 0.582603 4.50381 0.332656 1.00756 0.607662 0.378227 0.206756 -1.30717 -0.378279 
2.17608 1.16048 -1.3267 0.773617 4.85313 0.924901 1.27914 0.463246 -0.438462 0.0734441 -1.15081 -0.223794 
2.17942 1.09379 -1.81446 0.763601 4.2936 0.701599 0.976518 0.657098 0.13642 0.184063 -1.18598 -0.366455 
2.30553 1.10413 -1.4558 1.09293 3.75583 0.78367 1.04197 1.11674 0.0962405 -0.20737 -1.11926 -0.312546 
2.26151 1.19514 -1.07998 1.06283 3.86138 0.813582 1.2905 0.943477 -0.168365 -0.222378 -0.925538 -0.180978 
2.18815 1.61172 -1.27665 1.34856 3.21288 0.861397 2.16566 0.752431 -0.014622 -0.30608 -0.782969 -0.136834 
2.25294 1.47912 -1.30621 0.726353 3.51797 0.316169 2.21471 0.860594 0.47273 -0.0162598 -1.0136 -0.267396 
2.04602 1.13547 -1.25647 1.39473 4.58125 0.10637 1.4814 0.660847 0.431621 0.104445 -1.31551 -0.23552 
2.09457 1.22977 -1.61498 0.879031 4.61967 1.02335 1.69714 0.185652 -0.138183 0.0774135 -0.933977 -0.129441 
2.18376 1.03945 -0.979164 1.14502 4.91593 0.64239 2.24879 0.427046 0.0669454 0.185374 -1.0893 -0.168799 
2.35511 0.755768 -1.77258 0.8143 5.2986 0.552345 1.35635 0.42135 0.159611 0.297735 -1.05919 -0.0948337 
2.28746 0.772969 -1.79835 0.575997 4.41943 1.11897 1.60276 0.861961 0.423784 0.448067 -0.626218 -0.135229 
2.45846 0.566666 -1.7784 0.429609 5.0626 1.29066 1.44128 0.573928 0.085044 0.509464 -0.559518 -0.0801513 
2.40693 0.541275 -1.53891 0.687094 4.65565 1.01624 0.962519 0.89993 0.42821 0.410649 -0.769279 -0.289909 
2.2561 0.572294 -1.72313 0.665943 5.07153 1.15533 0.920344 1.00257 0.286122 0.716727 -0.731812 -0.211527 
2.15883 0.52814 -1.99267 0.451304 4.8737 1.2638 1.70927 0.872029 0.448298 0.645786 -0.621811 -0.0876606 
2.41691 0.49139 -0.862256 1.14508 5.4491 1.351 0.987554 0.804356 0.135935 0.650581 -0.545956 -0.195762 
2.38068 0.833698 -1.17199 0.961806 5.59889 1.40696 1.3404 1.10564 0.362878 0.894057 -0.687082 -0.150687 
2.30089 0.904262 -0.635632 0.46337 5.25453 1.02005 2.01038 1.08397 0.843301 1.06436 -0.632927 -0.076387 
2.26071 1.08341 -0.22877 0.65039 4.98238 1.94264 2.27191 0.585974 0.437063 0.791193 -0.284898 -0.0270469 
2.21035 1.28933 -0.160824 0.741842 5.51103 2.00985 2.41657 0.186261 -0.10784 0.964981 -0.146088 0.130867 
2.38004 1.10515 -0.685703 1.04516 5.40208 2.0331 1.26101 0.944425 -0.147967 0.7127 -0.452105 -0.177624 
2.16292 1.09018 -0.580222 0.876255 4.29423 1.69541 1.31414 1.12191 1.00242 0.501332 -0.624807 -0.352037 
1.79518 1.06956 -0.400347 0.482244 3.79187 2.0828 1.4164 1.09433 1.03557 0.981861 -0.169029 -0.265353 
1.98124 0.720267 -0.269837 0.71787 3.44399 1.97034 1.80826 1.06748 0.626025 0.98793 -0.143744 -0.270544 
2.02667 0.815144 -0.155719 0.828195 3.95858 1.68567 1.70443 0.491864 0.791454 0.297055 -0.502008 -0.226846 
1.90422 1.07767 -0.0382685 0.539734 3.56481 1.21483 1.54761 0.240774 1.11633 0.0847242 -0.903684 -0.489215 
1.96659 1.00468 -0.219378 1.24799 4.60919 1.72654 1.31826 0.301778 -0.188826 0.39093 -0.616043 -0.290228 
1.89266 1.11519 0.572852 1.30724 4.62887 2.88331 1.15474 0.227367 0.103322 0.219378 -0.248228 -0.181463 
1.91124 1.23199 0.345063 0.383093 3.58875 2.42878 1.18844 0.690603 0.535238 0.278485 -0.219536 -0.226596 
1.84176 0.96637 -0.0433876 0.908299 3.58914 2.4609 0.802982 0.469438 1.03129 -0.035858 -0.000600911 -0.0813692 
1.9253 0.512004 0.119355 1.18315 4.29639 2.18196 0.806294 0.646328 0.812453 0.000854158 -0.201748 -0.00356946 
1.78014 0.817745 0.144529 0.738743 4.03685 1.65512 1.28973 0.96494 0.783948 0.782021 -0.282087 -0.182463 
1.71512 1.00207 0.22959 1.22636 3.52151 1.85412 1.28455 0.0389543 1.26692 0.433531 -0.141689 -0.156438 
1.68247 0.871515 0.801412 1.16053 3.01015 1.87271 1.73811 0.733834 0.771078 0.843527 -0.395553 -0.189682 
1.82611 0.951435 0.788558 1.41351 3.20634 2.87587 1.31271 0.131007 0.993266 0.162173 -0.0852171 0.0119719 
1.82505 1.3981 0.439296 1.46225 3.95505 2.56333 1.57215 0.254598 0.738465 0.527399 -0.0315047 -0.0579995 
1.79357 1.3459 0.705439 1.66616 3.74462 2.02994 1.50211 0.492424 1.67026 0.825103 -0.0284793 -0.0773396 
1.75662 1.09246 1.05337 1.23729 3.23099 1.43096 2.11496 0.703179 1.92789 1.16176 -0.229919 -0.0418022 
1.79525 1.44911 1.16022 1.46412 4.17317 1.70909 2.17175 0.892075 1.20202 0.897641 -0.29119 -0.00523337 
1.7283 1.36587 1.10053 1.80375 3.99344 2.1764 2.4087 0.341146 0.82815 0.716023 -0.197004 0.0319336 
1.61231 1.43183 1.63 1.55132 3.49679 2.36265 1.85644 0.749572 1.30857 0.818291 -0.403389 -0.050719 
1.58606 1.33898 1.00262 1.20121 3.24488 2.18963 2.1124 0.443874 1.2953 0.645954 -0.203394 0.0259074 
1.4876 1.16052 0.796785 0.925585 2.72437 2.22931 2.56025 0.360947 1.26277 0.266461 -0.136952 0.111758 
1.27267 0.0851682 -0.148294 2.79169 2.47495 0.905448 1.71809 1.57183 0.359144 0.1359 0.244802 0.198428 
0.946275 -0.551976 0.00361288 3.59924 1.9236 -0.379194 0.413359 1.17481 0.177731 -0.653162 0.210929 0.140956 
0.685294 -0.62522 1.13567 4.09332 1.75904 -0.193329 1.28396 1.99552 0.793627 -0.78883 0.441414 0.40248 
0.835551 -0.289287 0.939369 3.74145 1.0678 -0.388063 2.21409 2.78188 0.288103 -0.379477 0.452056 0.355752 
1.03881 -0.03617 0.451889 2.95498 1.4631 -0.218215 2.16189 2.93095 0.407277 0.30244 0.415292 0.203521 
1.12057 0.0522545 0.541013 2.60987 1.43914 0.330538 2.47111 2.38938 1.01121 0.128136 0.503177 0.178054 
1.24559 0.127555 0.554036 1.66629 0.768739 0.278065 2.7736 2.80421 1.13809 0.347635 0.692584 0.0317434 
1.229 0.0204909 1.39034 1.74195 0.582873 -0.125776 2.35662 3.11685 0.94163 0.129508 0.413121 0.116393 
1.1779 -0.25514 2.12301 2.13403 1.88712 -0.65099 2.19081 2.68675 0.31034 0.404828 -0.0199309 0.160072 
1.2726 -0.173758 1.14946 2.21632 1.55187 -1.24722 2.03821 2.63036 1.01396 0.731175 0.171536 0.0374395 
1.09626 0.190574 1.79818 2.5393 1.15849 -0.551919 1.85149 2.26227 1.11874 0.153155 0.170419 0.267029 
1.16692 0.218145 1.72765 1.79168 0.753101 -0.563506 1.48848 2.16947 1.30086 -0.15049 0.390189 0.307807 
1.34933 0.0621632 1.40665 1.14636 0.694633 -0.447276 1.90265 1.75348 1.18412 0.589155 0.255769 0.0783166 
1.41034 0.193811 1.29325 1.20263 0.861433 -0.464448 2.36415 2.22643 1.45306 0.43488 -0.184305 0.0132787 
1.3182 0.256777 0.98965 1.90283 1.06694 -0.813493 2.05122 2.33924 1.84825 1.21084 -0.225948 -0.108216 
1.21955 0.364666 0.996033 1.25754 1.30702 -0.449469 1.16051 2.02185 1.02212 1.46442 0.00793218 -0.167413 
1.04762 0.121087 0.658096 0.414511 1.38087 -0.858891 0.826254 1.90636 1.14996 0.23237 0.59753 -0.0823649 
1.1281 0.500528 0.326173 0.909683 0.858101 -0.32591 0.760208 1.63301 1.92735 -0.11341 0.721081 0.049686 
1.04805 0.799161 1.28438 1.2246 1.99598 0.0154896 0.359673 2.09491 2.0514 0.509111 0.534097 0.0668687 
1.14055 0.575794 1.4045 1.40165 2.25332 -0.201413 1.00498 1.67372 2.00829 0.845277 0.204296 0.123307 
1.17032 0.472327 1.26569 1.90217 1.41477 0.260849 0.561254 1.68147 2.00196 -0.0446431 0.852524 0.295866 
1.17844 0.711343 1.72553 1.90104 1.68509 -0.688736 0.544805 1.12479 1.55058 0.687374 0.663404 0.25298 
1.14606 0.763954 1.83503 1.60562 1.43024 -0.296734 0.291397 1.28461 1.33552 0.590998 0.742429 0.237898 
1.06098 1.04871 1.9359 1.1968 1.48809 -0.581529 0.691839 1.60592 1.34529 0.806151 0.39163 0.216292 
1.12609 1.13333 2.22391 0.84826 0.733146 -0.235877 1.2811 2.06143 1.49706 0.444068 0.379334 0.210716 
1.19739 0.91197 1.65283 1.56655 1.43381 -0.900488 1.04609 1.67785 0.544024 1.27315 0.403337 0.173218 
1.03641 0.968778 1.6708 0.99874 1.39787 -0.188058 0.249575 1.22272 0.764192 0.296314 0.381125 0.0265052 
0.941544 1.13208 1.62568 1.29164 0.626831 -0.246316 0.468999 0.808543 1.34809 -0.717294 0.0740632 0.125562 
0.956029 0.885641 1.57671 0.735015 1.10205 -0.765532 1.06814 0.770019 1.19963 -0.0833464 -0.123291 0.1311 
0.838092 0.838299 1.70279 0.866339 1.09237 0.164055 1.39853 1.18915 0.904652 -0.111794 0.584705 0.115276 
0.916252 1.33545 2.03835 0.827205 0.460867 0.269915 1.218 1.62761 0.481338 -0.657243 0.149053 0.0386677 
1.05257 1.68991 1.48799 0.923323 0.484542 -0.208082 1.42795 0.349693 1.19399 -0.241398 0.240796 0.00242004 
0.978426 1.324 1.87961 0.884186 1.20264 -0.0274876 1.13184 0.497771 0.977632 0.083795 0.443545 0.155686 
1.03693 1.2054 2.11266 0.951118 1.05091 0.281009 1.06593 1.61018 0.915968 0.530131 0.467938 0.158826 
1.12492 1.31829 1.88587 0.374003 1.54606 0.753466 1.52706 1.33047 0.793434 0.259731 0.905282 0.165982 
1.08794 1.44112 2.05968 0.529957 2.36614 0.373071 0.773015 1.51599 0.203841 -0.0679088 0.419604 0.0427341 
1.05611 1.41424 2.08183 0.330619 1.68602 -0.121194 0.705636 1.23673 1.22969 0.550887 0.312515 0.167728 
1.06562 1.14263 1.38568 1.23087 0.974016 0.0244616 0.264476 0.950918 1.16735 1.02897 0.377949 0.123822 
1.21304 0.752658 0.441299 1.94635 2.29108 -0.434062 1.02428 -0.422661 1.09984 0.714722 0.91492 0.17424 
1.18971 0.655381 0.626627 1.74398 2.67461 -0.645163 1.44486 -0.122715 1.23146 1.01526 1.22369 0.256181 
0.981215 1.21777 2.01301 1.45535 1.65843 -0.887019 1.33041 -0.226869 0.844179 0.970824 0.804781 0.204338 
1.07708 1.12173 2.13356 1.10594 1.08865 -0.105878 1.51889 0.678784 1.06545 0.244175 0.372649 0.175208 
0.96668 0.999106 1.75451 1.13426 1.91926 -0.520557 1.0228 0.512926 0.651565 0.385649 0.291253 0.17301 
0.807783 1.0661 1.57957 1.05225 1.2613 -0.13374 0.55374 0.702621 0.749943 0.561577 0.192107 0.0898843 
0.95674 1.45529 1.64402 1.31525 1.01967 0.379175 1.05791 0.611065 0.388383 0.5051 0.14723 0.101259 
0.933709 0.903994 1.54968 1.07901 1.60311 0.316071 0.700794 -0.0423337 0.866233 0.972236 0.0376079 0.033463 
0.863794 0.685242 1.38336 0.755261 1.624 -0.655271 1.04703 -0.153469 1.09448 0.663905 0.14693 0.119664 
0.874753 0.89057 0.814289 0.984983 1.5499 -0.27483 1.09854 0.241819 1.33779 0.579447 0.434609 -0.00117909 
0.846776 0.74137 1.16317 1.07955 1.48266 0.205856 -0.242052 0.550214 1.79284 0.254245 0.419157 -0.0412579 
0.798647 1.36339 1.65478 1.07825 1.27804 0.276154 -0.243849 -0.126864 1.25136 0.482018 0.0924034 0.122682 
0.720395 1.29766 1.415 1.4078 1.37516 -0.181953 1.42153 0.286722 1.04639 1.08746 0.802319 -0.001574 
0.786167 0.942655 1.26316 1.2761 1.24451 0.474568 1.07419 0.321901 1.40666 0.764158 0.632897 0.00411535 
0.884627 1.02014 1.60183 1.28653 0.571567 0.890278 0.512747 0.339671 1.17017 0.47529 0.478023 0.09139 
0.801567 0.944305 1.74487 0.81439 1.23136 0.715283 0.527371 0.741601 1.201 0.770263 0.558602 0.0314537 
