0.575319 1.21437 1.0971 1.32079 2.22644 1.21714 2.04265 0.858354 1.00248 1.06251 0.52653 0.0143987 
0.466507 1.13455 0.862123 1.15056 2.08886 1.83243 1.76045 0.818456 1.22379 1.11023 0.794372 -0.210537 
0.571167 0.99434 1.46118 1.169 2.29733 1.88341 1.48445 -0.00710976 1.59172 0.779436 0.362121 0.0346743 
0.677638 0.889388 1.44357 1.70252 2.18004 1.49759 1.36829 -0.0403522 1.3812 0.65182 0.532946 -0.0126496 
0.755913 0.682401 1.38292 1.63197 2.35001 1.78148 1.65462 0.306333 0.870046 0.670285 0.590434 0.0403059 
0.681069 1.01056 1.35175 1.30279 2.01484 1.86786 1.18444 0.282311 1.9482 0.0894711 0.864096 -0.0435585 
0.55959 1.09799 1.66778 1.38867 1.50246 1.42606 1.24134 0.6342 0.992523 0.883869 1.05112 -0.212269 
0.563282 1.1935 1.90345 1.45614 2.62006 1.53675 1.01809 0.83158 0.891901 0.532085 0.40887 0.0456991 
0.556289 1.05842 1.7693 2.0253 2.05582 1.6207 0.324868 1.32933 1.80328 0.473249 0.237368 0.0974676 
0.566305 1.16997 2.24852 1.53056 1.16795 1.58997 1.11832 1.2711 1.44855 0.508411 0.491838 0.0957342 
0.549238 1.13091 1.52095 1.84302 1.75568 1.7921 1.11166 0.634685 0.554714 0.816792 0.881113 -0.107709 
0.646646 1.02213 1.30024 2.13692 1.89913 1.61191 1.58406 0.767117 0.756053 1.20074 0.357966 0.020552 
0.839311 1.13364 1.84814 1.90402 2.72034 2.24908 1.85108 0.617247 1.23085 0.932277 -0.242535 0.29468 
0.817081 1.22024 2.15574 1.0609 2.7748 1.73054 2.4211 0.263981 1.67928 0.749415 0.218049 0.36687 
0.902622 1.4347 2.42781 1.58476 2.61648 1.83551 1.50356 0.659377 1.11818 0.700854 0.536075 0.210468 
1.07163 1.72836 2.27019 1.93336 2.51565 2.29505 1.48411 1.10413 1.10417 0.582921 0.63841 0.243707 
1.32957 2.45886 2.83766 2.67526 2.96352 2.06493 1.92198 1.06161 1.24465 0.567751 0.359521 0.207823 
1.5858 3.01481 3.38574 2.99491 3.48718 2.54002 1.55843 0.0178841 0.353132 0.502611 0.0558744 0.00103839 
1.93604 2.82318 2.91969 2.5447 3.22043 2.78327 2.5183 1.20529 -0.0851739 -0.428693 0.300441 0.0846218 
1.96118 2.70375 2.3668 2.04883 3.12854 2.81616 2.89439 0.967573 -0.127371 -0.406112 0.191848 0.163985 
1.97169 2.87781 2.32825 1.38891 3.46291 2.38658 3.58512 0.53327 -0.140978 -0.332788 -0.0815787 0.215598 
1.94577 2.85052 2.25127 1.50525 3.58766 2.63248 3.41017 0.329477 -0.279052 -0.452772 0.0230918 0.235432 
2.02934 2.8258 2.23817 1.51554 3.41578 2.24415 2.75654 0.485004 -0.0650454 -0.302238 -0.0478223 0.112065 
2.08078 3.02055 2.29539 1.55637 2.91975 2.81355 2.76399 0.48563 -0.0635134 -0.153742 0.010759 0.146475 
2.06907 2.69326 2.27067 1.40839 2.66217 3.24741 2.93048 0.44949 -0.03335 -0.190363 0.0224532 0.189876 
2.11918 2.62512 1.80644 1.24565 2.54022 3.24034 2.92229 0.464153 0.0200618 -0.0473536 0.0582153 0.213802 
2.33105 2.6769 1.3771 0.650676 2.94787 2.03438 3.34935 0.496277 0.0378351 0.00651275 -0.0990072 0.239575 
2.25566 2.82207 1.42711 -0.0127633 2.21332 2.16095 3.40463 -0.537979 0.129895 0.346492 -0.0135493 0.384857 
2.40737 2.66734 1.22935 -0.529349 1.97951 1.64413 2.9349 -0.438378 -0.0527168 0.455606 0.113368 0.423915 
2.40828 2.55857 0.528045 -0.252212 1.91606 0.551947 2.80033 -0.228758 -0.0401751 0.345667 0.163345 0.409277 
2.61379 2.46123 0.326972 -0.192632 2.02773 0.433492 2.57508 -0.429384 0.472241 0.262274 0.245414 0.354173 
2.6253 2.16102 -0.0658042 0.668815 2.55894 -1.01726 0.882325 -0.651201 1.14143 0.988388 0.327868 0.180147 
2.80439 1.80799 -0.862576 1.25934 3.00472 -1.96812 0.566372 -0.38416 1.12888 0.907292 0.299398 0.416354 
2.66183 1.56328 -0.504744 1.20645 2.11889 -2.13011 0.472109 -0.544532 0.728334 0.717244 0.400504 0.293215 
2.70919 1.42246 -0.484547 1.79337 1.24395 -2.58838 1.35592 -1.49558 0.552851 0.272139 0.957321 0.158618 
2.74334 1.41634 -0.641427 1.40148 1.10213 -2.0564 0.836746 -1.91828 0.78103 0.40125 0.806717 0.00405631 
2.85346 1.37359 -0.844235 1.41284 0.936927 -1.93589 0.263693 -2.18802 0.880486 0.362621 0.761536 -0.079894 
2.8064 1.35642 -1.0252 1.00906 1.39011 -1.76199 -0.0787485 -2.41209 0.825776 0.469351 0.687593 0.00796395 
2.66378 1.54305 -0.777273 1.21312 1.25781 -1.94617 -0.0855008 -2.65992 0.772704 0.500032 0.891137 0.0647263 
2.6333 1.29474 -0.847301 1.22737 1.40002 -1.83775 0.102326 -2.75385 0.850702 0.658547 1.01633 0.115071 
2.58716 1.16599 -0.722264 1.50254 1.30032 -2.3896 0.372308 -2.73953 0.689991 0.570143 1.09672 0.177467 
2.66051 1.53297 -0.753598 1.25534 1.60229 -2.00516 -0.254203 -2.6534 0.501425 0.546527 0.868801 0.151269 
2.63793 1.50633 -0.998707 1.07468 1.63808 -2.119 0.0519525 -2.74493 0.587623 0.413826 0.917156 0.210706 
2.74332 1.12711 -1.21294 0.580937 1.84148 -1.23178 0.0443158 -2.61184 0.475262 0.229824 0.340008 -0.0725421 
2.88541 0.794038 -1.10244 0.700689 1.82749 -1.58415 -0.0156719 -2.45778 0.514009 0.498062 0.242135 -0.101797 
2.80632 1.367 -1.07549 0.738352 1.59974 -1.54788 -0.563691 -2.19713 0.875377 0.539107 0.336594 -0.167144 
2.79723 1.15931 -1.16626 1.1487 1.52615 -1.65138 -0.143793 -2.07542 1.2014 0.600209 0.44778 -0.244312 
2.73574 1.12609 -1.07788 1.22801 1.6456 -1.63888 0.214918 -1.94315 1.42597 0.584997 0.347538 -0.315528 
2.62052 1.43929 -0.870685 0.675864 1.59576 -1.1616 0.22343 -1.58822 1.16175 0.700308 0.325447 -0.246125 
2.70349 1.24916 -1.09669 0.198539 1.53565 -0.612314 0.0316044 -1.09994 1.11564 0.731222 0.267987 -0.174928 
2.89397 0.949206 -1.4333 0.271263 1.77082 -1.41959 0.696573 -1.37287 1.38028 0.667688 0.176594 -0.140705 
3.01247 1.10205 -1.21551 0.297079 1.51981 -1.22895 0.31272 -1.10399 1.43939 0.783507 0.0564191 -0.306568 
2.94892 0.719567 -1.56838 0.491655 1.53435 -0.758839 1.05217 -0.665118 1.76088 0.755987 -0.0344051 -0.497192 
2.90569 1.10296 -1.4269 0.392921 1.52564 -0.209772 1.11733 -0.351228 1.75879 0.504241 -0.206803 -0.543622 
2.67077 0.782162 -1.29555 0.695554 1.14358 0.176413 2.0106 -0.543466 1.56156 0.273217 -0.12024 -0.571665 
2.56455 0.874858 -1.28086 0.575763 1.36248 0.671351 2.32123 -0.546292 1.75216 0.243743 -0.091538 -0.543948 
2.64379 0.811154 -1.37766 0.566909 1.69994 0.254897 2.46012 -0.306134 1.50919 0.155072 -0.0167408 -0.314742 
2.72399 0.673283 -1.66093 0.809798 2.30343 -0.0311943 2.18579 -0.880984 1.64585 0.227017 0.179849 -0.137435 
2.57528 0.765706 -1.66635 0.92041 3.87846 0.779741 1.9095 -1.12077 1.23384 0.208578 -0.00327158 -0.0714848 
2.47257 0.377325 -1.64001 1.6444 3.61943 1.08989 2.10294 -1.00706 1.12493 0.0655817 0.126803 -0.130874 
2.51503 0.884027 -1.03936 1.1864 4.14843 1.09664 1.33067 -1.07772 0.447818 0.364544 0.249596 0.142687 
2.39194 0.498961 -1.14216 1.51326 3.75762 1.29087 1.08882 -1.04058 0.904517 0.404019 0.207982 -0.0413616 
2.59957 0.376314 -0.913378 1.13416 4.16424 0.471365 1.75798 -1.00011 0.960144 0.714386 -0.0909869 0.0111985 
2.44875 0.453225 -0.967038 1.52309 4.01337 1.28897 0.459106 -0.608255 0.766578 0.666781 0.227245 -0.0135128 
2.38231 0.472625 -1.01103 1.69478 3.25024 1.03149 1.15622 -0.703851 1.04624 0.48855 0.194756 -0.137309 
2.43026 1.08541 -0.910404 1.62839 3.4237 0.885864 1.97867 -0.591037 1.43006 0.256385 -0.0779962 -0.307268 
2.45066 0.79125 -0.867717 1.65517 3.96693 0.883532 1.31254 -0.469394 1.05105 0.447061 -0.15097 -0.212056 
2.52326 1.05532 -0.337367 1.84987 4.13291 0.129802 1.14495 -1.02152 1.24803 0.67936 -0.130175 -0.189027 
2.63748 0.798909 -1.11971 1.90174 4.43508 0.645846 0.566728 -0.451945 0.822207 0.681647 -0.0616755 -0.185202 
2.52622 0.918213 -0.738414 1.84003 4.23927 0.638452 0.608174 -0.609097 0.750712 0.510594 -0.145725 -0.19265 
2.36108 0.925697 -0.0848053 1.70754 3.89835 0.816377 1.06087 -0.178958 0.878121 0.232754 -0.373913 -0.183019 
2.42142 0.404798 -0.263018 1.74552 3.89595 1.26126 0.661983 0.559176 0.439499 0.425665 -0.137475 -0.169368 
2.46192 0.69713 -0.292572 1.73558 3.7078 1.62772 0.850522 0.569835 0.254277 0.368175 -0.134355 -0.2119 
2.53255 0.752562 -0.713656 1.84471 3.09132 0.579038 0.719223 0.701395 0.915369 0.454498 -0.182952 -0.226508 
2.2531 1.24 0.286003 1.10599 3.26342 1.26143 0.0315166 0.189395 0.843546 0.663507 -0.0602161 -0.26937 
2.37301 1.26622 0.176679 0.921378 3.37412 1.09579 1.58416 0.0979656 1.14598 0.656676 -0.225066 -0.218792 
2.41394 1.20941 -0.14211 1.15282 3.77854 1.44561 0.769318 -0.152089 0.855111 0.353275 -0.0824279 -0.0895394 
2.22445 1.59202 0.533382 1.2857 4.23639 1.2848 0.726522 0.308927 1.19705 0.103082 -0.294923 -0.136188 
2.25449 1.64427 0.752867 0.791387 3.38597 1.31623 -0.0551649 0.208138 1.01694 0.171706 -0.0499751 -0.154788 
2.11994 1.56093 0.66069 1.62474 3.8002 2.1403 0.589644 -0.44121 1.02027 0.0866982 0.182264 -0.0223413 
2.17842 1.66625 0.360207 1.13052 4.09304 1.46412 1.38591 0.265899 0.157862 -0.0247023 0.127781 0.276143 
2.03599 1.67005 0.994012 1.25493 4.11229 2.4522 1.39627 0.352028 0.726302 0.132402 0.166187 0.0824005 
2.11104 1.55314 1.27866 1.52842 3.99036 2.42619 1.08919 0.206242 1.06987 -0.118186 0.0835893 0.0988072 
2.10049 1.46763 1.37971 1.86465 3.55548 2.14917 1.80826 0.154023 0.716081 0.347514 0.1278 0.0988141 
1.91702 1.83584 0.732166 1.65539 3.58317 2.50556 1.55557 0.858974 0.423839 0.526326 0.195476 0.101953 
2.01606 1.72703 1.17845 1.25817 3.38471 2.07056 1.50646 0.839538 0.781893 1.23375 0.1918 -0.0230804 
2.1439 1.94052 1.25364 0.862937 3.25265 2.60303 2.1572 0.519999 0.797596 0.611234 0.096866 0.0336922 
2.15395 1.873 1.27517 1.07049 3.89976 2.57403 2.02625 0.168095 0.891209 0.310336 0.221082 0.176437 
2.01894 1.60763 1.468 1.01469 3.35096 2.38014 1.63548 0.589465 1.15908 0.703518 -0.0305199 -0.0522864 
2.20022 1.90353 1.38558 0.934312 3.66924 2.7648 0.963471 1.15456 0.675475 0.0238869 0.0793601 -0.0609104 
1.95804 1.64277 1.12271 1.23073 4.30291 1.83142 0.990658 0.49183 1.04695 0.501225 0.10361 0.00713471 
1.7228 1.88994 1.7076 1.80978 3.19696 1.98059 1.30972 0.0185867 1.01876 0.678555 0.186572 0.0670763 
1.82773 2.11831 1.78597 1.56738 3.46312 2.43686 2.34895 0.0904434 1.07163 0.142059 0.278283 0.218591 
1.8332 1.79465 1.93325 1.78896 3.25509 2.45682 1.72113 0.714422 1.42547 0.654199 0.0534062 0.0539236 
1.80535 1.60487 1.51793 1.96762 3.08443 1.90185 1.11074 1.29805 1.49739 0.72473 0.209166 0.103229 
1.84105 1.59314 2.20981 1.98095 3.46251 1.38591 1.98594 1.55226 1.09887 1.31025 0.134134 0.121125 
1.90877 2.04273 2.49162 1.58109 2.35947 2.36446 2.5073 0.769296 0.647305 0.600216 0.0512528 0.0894538 
1.67889 1.80514 2.18935 1.96111 2.46359 2.0864 1.66031 1.11322 1.18683 1.01391 -0.0548972 0.0369952 
1.63273 1.63431 1.89156 1.96724 3.27445 1.64578 1.63228 0.702211 1.43127 1.58513 0.252374 0.170448 
1.70164 2.19843 2.00826 2.11061 3.38582 1.25983 1.46586 1.06868 1.80151 0.974337 0.0213072 0.0813027 
1.74842 2.26883 2.43143 1.84092 1.47476 1.08757 1.31019 0.632365 1.63669 0.378593 -0.143197 -0.0467941 
1.57204 1.97752 2.66895 1.56036 2.50067 1.56559 0.826382 0.26398 0.632889 0.569061 -0.214815 -0.053016 
1.58305 2.06328 1.94693 0.841687 3.17386 1.22915 1.29441 1.02889 0.886469 0.75521 0.0607701 0.0826663 
1.61235 1.83333 1.97508 1.64922 2.60591 1.39881 1.46904 1.09833 0.795494 0.466543 0.145556 0.0971344 
1.48908 1.90595 2.13857 2.48153 2.33041 1.49478 2.026 1.15121 1.20071 0.0293855 0.371086 0.177384 
1.45777 1.74051 1.78419 1.81872 1.87782 0.949445 2.15516 0.782795 1.12868 0.31532 0.0626573 0.0592744 
1.44034 1.75841 2.35651 1.05119 1.3073 1.05557 2.62424 1.12061 1.34629 0.332291 0.0941471 0.0896683 
1.3047 1.73479 2.11004 1.11904 2.24657 1.53104 2.44472 1.8278 0.960684 0.109157 0.17645 0.128368 
1.28477 2.14554 2.57235 1.94005 2.09982 0.702405 1.30286 1.36774 0.884136 0.148289 0.387285 0.141052 
1.30661 2.15806 2.45926 1.89819 1.85102 1.29577 1.64693 1.82024 1.14873 0.552288 0.0419221 0.135653 
1.21231 1.75708 2.35808 2.21685 2.32713 1.49889 2.18667 1.1029 0.868895 0.18706 -0.0519604 0.11149 
1.27836 1.43371 2.66443 1.99572 2.09331 1.4016 1.98991 0.472164 1.20447 0.477459 0.379148 0.241969 
1.33588 1.64151 2.72883 1.3643 1.31482 1.46529 2.65929 1.1926 1.48663 0.607684 0.390926 0.249739 
1.33814 1.67045 2.8205 1.13217 1.60276 2.02625 2.38498 1.30564 1.01035 0.562066 0.516711 0.250056 
1.25563 1.85486 2.32283 1.56178 1.83574 1.47544 1.79129 1.64428 1.52961 0.320811 0.638265 0.266967 
1.28815 2.12113 1.96981 1.30935 1.37013 1.00986 1.03036 2.00681 1.24719 0.449166 0.728176 0.202429 
1.24176 2.26398 2.20386 0.600849 1.86932 1.40202 1.09916 1.30542 1.30875 0.768865 0.103275 0.173026 
1.14298 1.88736 2.38121 2.00099 1.75207 1.04698 2.02185 0.495998 1.58954 0.416867 0.155725 0.213909 
1.16404 1.82158 2.49692 1.84162 2.05243 1.17368 1.87354 1.08396 1.32543 0.68749 0.242969 0.25791 
1.29407 1.79318 2.45718 1.18912 1.78549 1.44427 2.06824 0.471066 1.85414 0.89204 0.528261 0.379984 
1.23475 1.88187 2.18365 0.934025 1.79826 0.622209 2.39097 1.71711 1.16217 0.945348 0.765869 0.30332 
1.24378 1.83986 2.63016 1.29744 1.79807 1.29262 2.36604 2.18558 1.33888 0.519691 0.513758 0.241426 
1.23957 1.89043 3.10658 1.54156 2.0008 1.86271 1.9666 1.4428 1.02115 0.232382 0.389408 0.189129 
1.13064 2.21793 2.64709 1.4332 0.97481 0.94144 2.61529 1.10603 1.30469 0.270535 0.592746 0.098534 
1.10282 1.87498 1.98708 1.4184 1.15728 0.84256 1.73253 0.780791 1.94799 0.445603 0.815896 0.214003 
1.09666 1.76518 1.93166 1.33009 2.08038 0.697049 1.84103 1.22227 1.08535 0.910714 0.559424 0.25018 
1.14156 1.70967 2.44881 1.68042 2.01964 1.0405 1.61903 1.52056 1.65304 0.223183 0.341986 0.261839 
1.21592 1.62862 2.57548 1.7185 1.28186 2.01542 2.22359 1.43083 1.53903 -0.328325 0.837296 0.272606 
1.17333 1.69363 2.3796 1.8386 0.963993 1.60144 2.16905 1.70881 1.40068 -0.0786772 0.932841 0.223713 
1.15664 1.31973 2.55524 1.26888 1.19029 0.9241 1.29845 1.35619 1.82273 0.543516 0.753082 0.323439 
1.04622 1.25646 1.73911 1.10088 1.42552 1.30647 1.52315 0.577511 1.61713 0.618263 0.530343 0.132659 
1.16855 1.56586 2.07983 1.68395 0.951504 1.12793 1.41123 0.270366 1.10077 0.255217 0.490717 0.125972 
1.0862 1.87788 2.13546 1.33261 1.4019 1.65706 1.13617 0.922361 1.35008 0.119339 1.04089 0.198422 
1.13781 1.55371 2.55294 1.41034 1.60067 0.886578 1.37607 0.743037 1.50045 -0.0380915 0.960464 0.293891 
1.24181 1.42845 2.69403 0.856969 1.89982 1.11796 1.91365 1.22689 0.423596 -0.309977 0.434514 0.115332 
1.2344 1.43282 2.37309 1.2203 1.64056 0.501419 0.623141 0.990491 1.2963 0.800643 0.362308 0.196011 
1.12217 1.55608 2.33226 1.2403 0.988819 0.550454 1.97348 0.581507 1.1126 0.51338 0.557515 0.16372 
0.933618 1.45427 2.48304 0.67522 2.19689 0.378486 1.7981 2.07143 0.839705 0.650934 0.352417 0.158872 
0.958622 1.62577 2.01256 0.783617 1.4725 0.859308 1.3846 1.45484 0.690499 0.672361 0.505986 0.0848324 
1.09054 1.77549 2.3469 1.03548 0.711086 1.14385 1.68161 0.817461 1.05885 0.337643 0.0644616 0.103351 
0.942152 1.70685 2.3941 1.23987 1.05102 -0.0470858 0.445006 1.06786 0.51104 0.660856 0.325872 0.110616 
0.86593 1.52134 2.09948 0.298639 1.84498 0.428526 0.882628 0.785669 0.501607 0.147434 0.468676 0.0260794 
0.893447 1.8209 2.07207 0.741269 1.55177 0.904421 1.29325 0.615468 0.960668 -0.0097269 0.745857 0.0617288 
0.877268 1.37623 1.50788 1.12747 1.34283 0.915615 0.911663 1.15145 1.42337 -0.0781282 1.16916 0.00438168 
0.980484 1.26074 1.77755 0.9691 1.51455 1.71524 2.18301 1.39992 0.664554 -0.240047 0.473556 0.0983111 
0.935516 1.77081 1.60935 0.921198 2.19542 0.335134 2.0518 1.37525 0.478404 0.63273 0.514931 0.126451 
0.901557 1.3354 1.94656 0.392237 1.50139 0.816508 2.07118 0.982199 0.0546984 0.650393 0.193517 0.0396469 
0.912703 1.10053 1.64739 1.1264 1.80315 0.75616 1.88306 0.925569 0.613818 0.694781 0.28371 0.0340152 
1.01667 1.50167 1.73815 1.40312 1.71589 1.14915 2.07302 1.04517 0.877121 0.205499 0.589393 0.143012 
0.928508 1.81606 1.72427 1.5126 0.928024 1.55098 3.12628 0.972427 1.32572 0.369691 0.457939 0.0753528 
