0.501879 1.0413 1.26733 0.605887 1.59936 0.751356 1.64552 1.27842 0.537533 -0.106853 0.0951037 -0.0224492 
0.635239 1.45494 1.23167 0.82168 0.721291 0.746678 1.30175 1.77435 1.16187 0.823553 -0.424229 0.134477 
0.386143 1.35275 1.42476 0.803666 0.269048 0.881034 0.807667 0.44991 0.879827 1.25963 0.459863 -0.0321312 
0.452347 0.844996 1.64154 1.20171 1.22044 1.35903 0.785585 0.194899 0.65944 0.153601 0.752621 -0.0908427 
0.538353 0.977251 1.23992 0.919314 1.84306 1.78139 0.85086 -0.0546791 0.991196 -0.159706 0.132627 0.143685 
0.601227 1.28154 1.12963 1.27457 1.42463 1.04915 1.1382 1.23533 1.52629 0.170022 0.230719 0.0662829 
0.521624 1.36686 1.36813 1.30371 1.66675 0.893652 0.646861 1.33592 0.587022 -0.339083 0.401144 0.0477545 
0.534036 1.07945 0.954383 0.750291 1.3603 0.103472 1.46756 0.646566 -0.270794 -0.0384746 0.405922 -0.0176774 
0.506617 0.714633 1.34028 0.688821 0.951696 -0.143059 1.4278 0.667087 0.461634 0.217141 0.750999 -0.0379125 
0.498252 0.654995 0.857733 0.636141 0.899288 0.89894 0.748678 0.624087 0.871379 -0.349409 0.0616433 -0.031858 
0.406173 0.843675 1.05604 0.661781 0.681551 0.572516 1.13433 0.577409 0.866557 -0.288017 0.179072 -0.180942 
0.498587 0.862367 1.21729 1.05209 1.04643 1.38637 1.15246 1.2834 0.840782 0.593191 0.341918 -0.0430797 
0.41364 0.818333 1.52564 0.972834 1.38799 0.623741 1.04737 0.0783477 1.21248 0.662287 0.441743 -0.053139 
0.426008 0.904725 0.886531 0.469356 1.08262 0.606908 1.2715 0.213442 1.10106 0.92849 -0.0450689 -0.00169843 
0.517901 1.05671 1.11792 0.548843 0.4614 0.664748 1.04434 0.391076 0.76072 0.927206 -0.353126 0.0799844 
0.52586 1.06615 1.35292 0.902892 1.30726 0.210605 0.0185519 1.21997 1.37082 0.860062 0.0292082 0.0285745 
0.673474 1.02715 1.25288 0.444522 1.18488 -0.12426 0.622337 1.1703 1.39217 0.671998 0.0877173 0.0389223 
0.795934 1.11808 0.420848 0.47027 0.582761 -0.325579 -0.262113 0.187563 0.882169 0.0222736 -0.173272 -0.132422 
1.10858 0.650463 -0.286713 0.932994 1.79241 1.03681 1.23138 0.670172 0.0616789 -0.391947 -0.56734 -0.168765 
1.57304 0.712225 -1.18849 1.08475 3.20776 0.538551 1.74134 -0.359988 0.0676589 -0.994047 -0.590298 -0.114363 
2.12418 0.876845 -2.06147 0.418628 3.075 0.948833 1.87977 -0.622693 0.466972 -0.906615 -0.465762 -0.219326 
2.03755 1.32546 -0.601938 0.75654 3.21088 2.26253 1.24932 -0.395623 -0.0509184 -0.936234 -0.504239 -0.247019 
2.11223 1.31678 -0.859537 0.85277 3.65909 1.66359 1.26 -0.446646 0.554537 -0.550382 -0.6049 -0.382863 
2.26601 1.07458 -2.26429 0.567569 3.72981 0.757852 1.37192 -0.837371 0.654182 -0.518957 -0.63152 -0.353622 
2.41888 0.797082 -2.76948 0.182529 3.84138 0.98821 1.24458 -0.668304 0.461526 -0.279601 -0.70617 -0.399195 
2.31284 0.988709 -2.60815 0.189219 4.2395 0.771695 1.32031 -0.5348 0.474682 -0.135161 -0.830772 -0.314329 
2.3108 1.08531 -2.35404 -0.0483813 3.58347 0.976728 1.16059 -0.86813 0.484044 -0.26784 -0.585073 -0.441474 
2.2858 1.4442 -2.68811 0.0757601 3.61026 1.17604 1.9152 -1.14086 0.510806 -0.484784 -0.388778 -0.361943 
2.42999 1.32711 -2.51354 -0.0804968 3.4601 0.711721 1.74679 -0.715715 0.346855 -0.373302 -0.651179 -0.328049 
2.31731 0.795419 -2.21548 0.263471 3.35891 0.957215 1.11498 -0.314936 0.781265 -0.339132 -0.662367 -0.419806 
2.57708 0.904382 -2.6113 0.503336 3.82328 0.584808 1.05389 -0.478025 0.645161 -0.123571 -0.769484 -0.450993 
2.51167 0.963998 -2.98027 0.477201 3.87012 0.949225 1.4011 0.102788 0.608247 -0.277305 -0.985715 -0.400476 
2.46103 0.791854 -2.5849 0.1265 4.12623 1.52719 0.952843 -0.495991 -0.203129 -0.220055 -0.700476 -0.313607 
2.44835 0.854949 -2.28039 0.173168 4.21937 1.73799 1.36152 -0.21402 -0.389327 -0.332645 -0.643226 -0.151527 
2.50201 0.807674 -2.11107 0.420009 4.06129 1.45063 0.675391 0.0102851 -0.321726 -0.172998 -0.753737 -0.301962 
2.42226 1.22444 -1.94893 -0.0681223 3.84101 1.31943 1.50385 0.146845 -0.221156 -0.0867006 -0.639636 -0.167519 
2.6129 1.07577 -2.05221 -0.260166 4.42175 1.58368 0.887322 0.042056 -0.531065 0.194278 -0.644072 -0.260127 
2.32939 0.973968 -1.51122 0.230523 4.00995 1.44164 0.871061 0.621967 -0.0665238 -0.246651 -0.847328 -0.280787 
2.31958 0.959012 -1.74013 0.799497 4.41926 1.07366 0.934065 0.366414 0.0184011 -0.190313 -0.985641 -0.233142 
2.20199 1.53659 -1.42487 0.625121 4.0009 1.72148 1.28936 -0.235079 0.508182 -0.414232 -0.647895 -0.396051 
2.3321 1.7038 -1.53406 0.324555 4.53656 1.42236 1.11447 -0.426439 0.0537209 -0.081452 -0.71894 -0.318059 
2.16424 1.45848 -1.16327 0.755172 4.03029 2.57352 1.74901 -0.354767 -0.020223 -0.199825 -0.407407 -0.305367 
2.39233 1.58538 -1.42069 0.491806 4.44757 2.18484 2.07628 -0.532156 0.0625074 -0.0581438 -0.45747 -0.289253 
2.36649 1.37075 -1.38208 0.398959 4.33394 2.37629 1.80181 -0.124215 -0.205991 -0.0425083 -0.399197 -0.185202 
2.36406 1.55029 -1.33399 0.364722 4.54244 1.73381 1.98524 -0.0606846 0.0292146 -0.00699069 -0.580139 -0.124983 
2.31092 0.992232 -1.79115 0.650379 4.62558 2.28703 1.46464 -0.0316975 -0.12614 0.219905 -0.200778 -0.00604462 
2.27586 1.14669 -1.45272 0.458421 4.36364 1.79136 2.18878 -0.315355 0.603028 0.103552 -0.232312 -0.0489587 
2.26632 1.16434 -2.08619 1.04015 5.01802 1.93473 1.3795 -0.635959 0.0680678 0.191709 -0.334281 -0.0803289 
2.27895 1.1691 -1.44373 1.81849 5.3887 2.14279 1.60945 -0.90562 0.116817 0.0869799 -0.223429 -0.0851095 
2.43146 1.2626 -1.8605 1.54659 5.25452 2.71522 2.2039 -0.554673 -0.290405 0.0701896 -0.0612128 0.0881903 
2.37922 1.28618 -1.85862 1.74387 4.99 2.35758 1.89202 -0.0543528 0.262721 0.181004 -0.319832 -0.0694084 
2.51795 0.915605 -1.68466 1.40843 4.44 2.66221 1.56089 0.687188 0.103725 0.220415 -0.343008 -0.131135 
2.5304 0.733454 -1.33396 1.90729 4.87716 2.45532 1.53313 0.224548 0.147804 0.232792 -0.143082 -0.0472074 
2.12551 0.802604 -0.613948 1.13645 4.40118 2.61695 1.68411 -0.318615 0.295686 0.627572 0.31524 0.0826772 
2.03945 0.710676 -0.879132 0.939786 4.04563 2.72609 1.78018 0.347397 0.520986 0.47442 0.115554 0.0256763 
2.11612 0.946184 -1.10268 1.60235 4.35484 2.43383 2.14309 -0.400008 0.917549 0.0689314 0.0251934 -0.0428989 
2.276 0.105452 -3.00214 1.14554 5.74833 2.12402 0.921595 -0.488667 0.362936 0.787208 -0.123027 -0.0889028 
2.21702 -0.229434 -2.5594 0.77654 5.51535 2.67741 0.591621 0.350443 0.489476 0.985032 0.0345862 -0.147415 
2.27806 0.140146 -1.63242 0.284332 4.51475 2.41765 0.837899 0.49238 0.615891 0.752695 -0.050709 -0.260487 
2.32586 0.541959 -1.61274 1.09985 4.74719 1.95704 1.31503 0.149826 0.250471 0.692384 -0.100769 -0.137821 
2.25941 0.147966 -0.696203 1.34707 4.39847 2.8224 0.799575 0.0234051 0.454021 0.606768 0.0954316 -0.110565 
2.23439 0.320488 -0.270062 0.96438 4.30891 2.85526 1.51809 0.304553 0.118198 0.481278 -0.18641 -0.23872 
1.73743 -0.535075 0.457288 -0.0535387 4.22781 2.55834 1.01901 1.09676 0.161529 0.48947 -0.173475 -0.215551 
1.722 -0.65592 -0.558504 -0.0852842 4.75183 2.78888 1.56717 0.859225 0.582382 0.481923 -0.0238627 -0.0268943 
1.90178 0.200632 -0.910035 0.315389 3.84434 2.79312 2.42264 -0.789322 0.710807 0.433783 0.114548 0.0216811 
1.87017 0.713129 -0.91979 0.353536 3.99907 2.62198 1.04321 -0.0748209 0.938566 0.474423 0.231486 -0.115971 
1.88183 0.326642 -0.453886 1.01523 4.45199 2.21698 0.753889 0.505054 1.34115 0.100028 -0.318318 -0.0996777 
1.83838 0.757648 -0.555622 0.899433 5.16883 2.11557 1.12274 0.118327 1.38615 0.246748 -0.0960918 -0.000987374 
1.83837 0.934637 -0.229471 0.975226 5.00377 2.86293 1.84476 -0.382495 1.0273 0.464642 0.0238688 0.0258436 
1.86083 0.733967 0.351604 1.55137 5.2667 2.41348 1.46911 -0.565848 0.912202 0.608368 -0.0804219 0.0142296 
1.79457 0.947316 0.0583619 1.60894 5.19023 2.37027 0.855624 -0.55401 1.29868 0.466572 0.270224 0.0184621 
1.81415 1.14608 0.346211 1.47537 4.40248 1.82439 1.98092 -0.407372 1.89011 0.410102 -0.200874 -0.0697266 
1.67235 1.0575 -0.188128 1.07516 4.52004 2.35336 2.92521 -0.30249 1.6321 0.539748 -0.136092 0.0528047 
1.77175 1.21201 -0.182949 0.244526 4.01936 3.16085 2.35134 0.527879 1.05826 0.467897 -0.0517384 -0.0200826 
1.82636 1.11138 0.110887 1.05551 4.27211 2.67667 2.37281 -0.0511073 1.2603 0.517538 0.12115 0.111437 
1.66662 1.04322 0.552179 1.02771 5.42756 2.82207 1.62805 -0.344193 1.07431 0.529429 0.285512 0.220495 
1.58723 0.979384 0.843922 1.16746 5.02726 2.38849 1.81799 -0.141105 2.2145 0.393972 -0.167625 0.157503 
1.49412 0.724053 0.238173 0.40921 4.31475 2.68466 2.40954 0.169628 2.03104 0.076525 0.0879302 0.296289 
1.49485 0.801825 0.676132 0.316843 4.17075 3.02234 1.98546 -0.0160937 1.85593 0.251306 0.454963 0.398151 
1.49926 0.840023 0.240589 1.05666 3.81145 2.91837 2.22273 0.263292 1.7458 0.395899 0.310938 0.232891 
1.50947 -1.21197 0.893577 2.6264 2.84316 0.661503 1.95274 1.0558 1.96174 0.459742 0.119433 0.400978 
1.25624 -1.11835 0.990118 2.5798 1.98142 0.181666 2.3381 -0.0989762 2.01709 0.0823486 0.0557856 0.414393 
0.678079 -0.782804 1.71779 2.88171 1.38302 1.22403 3.24899 -0.624625 1.40383 -0.00983892 0.420579 0.276099 
0.443029 -0.649593 1.37111 2.77539 1.93899 1.60792 3.24239 -0.0637821 1.47519 -0.255112 0.829019 0.192068 
0.604145 -0.810475 1.64191 1.73413 2.44548 1.4306 3.20089 1.04844 0.872033 -0.258487 0.90388 0.317552 
0.608993 -1.01883 1.30029 1.72529 2.40429 1.96163 3.16033 1.22813 1.54899 -0.308028 0.913553 0.110745 
0.799088 -1.26851 1.56221 1.43085 1.79363 1.44609 3.77031 0.928397 1.40339 -0.0525848 0.416577 0.213987 
1.03415 -0.537183 1.43192 0.977795 1.38439 1.8566 4.16242 0.614649 1.63752 -0.0475347 0.470354 0.307961 
1.05965 -0.741876 1.27474 1.55178 2.15221 1.86824 3.23192 0.325019 2.04674 0.0571771 0.532477 0.45019 
1.13715 -0.501886 1.19272 2.32872 2.12073 0.930144 2.63961 0.403343 1.10391 0.232454 0.674761 0.267298 
1.19161 -0.262055 1.11994 1.80616 1.66774 0.982896 3.42967 0.415033 0.864573 0.0711358 0.907871 0.318269 
1.15172 -0.211214 1.1013 2.12986 2.61593 0.116665 2.45341 0.984449 1.49247 0.618893 0.301634 0.166633 
1.09538 -0.411478 1.33266 1.81799 2.82359 0.669699 1.64178 1.42956 1.80943 0.622566 0.193938 0.128753 
0.996077 -0.233262 1.26183 1.23687 2.43428 0.575771 1.83111 1.60495 2.37255 0.245315 0.140999 0.137012 
1.02199 -0.248621 1.2692 1.76504 1.69763 0.819473 2.48477 1.89804 1.96771 0.340958 0.349092 0.120127 
1.18057 -0.278574 1.20884 1.61753 1.70616 0.968173 2.56199 1.23775 2.04633 0.505971 -0.248614 0.0631746 
1.21585 -0.321026 1.36037 1.32966 1.27884 1.19437 1.31628 1.72923 2.36356 0.0587613 -0.257699 0.0974598 
1.05625 -0.133143 1.25115 1.32104 1.48183 0.0996637 1.01889 2.07032 1.57884 0.151946 0.155557 0.00352968 
1.02825 0.14369 1.54343 1.50534 2.18554 -0.64432 2.51312 2.0131 1.71742 0.16237 0.114362 0.36174 
1.05224 0.259955 1.55533 1.35846 2.75844 0.37325 1.61418 1.48733 2.02943 0.497055 0.0875684 0.250199 
1.10663 0.225492 1.28026 1.35545 2.17609 0.811704 1.91569 1.50052 2.32569 0.553235 -0.0137833 0.123112 
1.07335 0.440825 1.50642 1.31411 1.69654 0.862732 1.83816 1.74029 1.43051 0.0481108 0.463917 0.220425 
0.985769 0.682139 1.23897 1.28983 1.95536 1.93123 1.72824 0.469366 0.98736 1.111 0.0777661 0.106513 
1.00108 0.387261 0.856504 2.1384 1.30298 1.35101 1.56178 0.924733 1.6373 0.782116 -0.113427 -0.0216077 
1.11664 0.296666 0.93788 1.0639 2.55193 1.49844 2.30849 2.09054 0.689091 0.228269 0.620872 0.233374 
1.06343 0.512764 1.06636 1.2255 2.3375 1.35785 2.31066 1.43045 1.25911 0.133893 0.965927 0.232592 
1.14796 0.513104 1.28755 1.3699 1.92579 0.844489 2.50793 1.30925 1.3346 0.286812 0.931027 0.266826 
1.05349 0.706322 1.89673 1.49177 1.56311 1.18319 2.2133 1.27511 0.774509 0.835194 0.548198 0.146494 
1.0733 0.755519 2.32187 1.07363 1.94315 0.183768 1.56293 0.465069 1.09547 0.985632 0.74676 0.234738 
1.10077 0.7126 1.75981 1.32138 2.71075 -0.366707 2.22993 1.29526 0.89405 0.787159 0.624993 0.319367 
1.07054 0.907717 1.51741 1.20181 2.28406 0.728311 2.07947 0.752773 1.20763 0.765728 0.411059 0.189371 
1.17932 0.785567 1.67008 1.43985 1.73318 1.1489 1.58482 0.954382 1.10896 0.665657 0.622158 0.184395 
1.24281 0.630692 1.9667 1.18505 1.89408 1.17862 1.69364 1.32694 0.568269 0.666645 1.02816 0.232625 
1.04342 1.088 1.8091 1.99276 1.71934 1.36751 1.47569 1.27652 0.90818 0.467051 0.885102 0.192402 
0.894904 1.18519 1.47007 1.70852 2.58719 1.46659 1.78357 0.404424 1.71189 0.926381 0.491185 0.173536 
0.968509 0.752235 1.24077 1.56771 2.05351 0.831135 1.92923 1.29048 1.87397 1.08778 0.279878 0.0782599 
0.970688 0.98855 1.66639 1.18018 1.91026 1.17805 1.83826 1.23956 1.59286 0.616676 0.516102 0.173946 
1.02962 1.00897 1.96125 1.45531 1.81205 0.943112 1.17452 1.1857 1.83686 0.865914 0.407135 0.197421 
0.943125 1.23597 1.60698 1.55895 2.4885 1.10149 0.859057 0.8816 2.36605 0.489983 0.502 0.162116 
0.895272 1.27351 1.34404 1.92272 1.7969 0.77621 1.92 0.661627 0.98017 0.557833 1.09748 0.0896644 
0.986927 1.12618 1.37908 2.01314 1.53791 0.756069 1.42265 1.07622 0.686993 -0.0433217 0.591464 0.134189 
1.10558 1.17381 1.61172 1.29483 2.97205 1.40097 0.790286 1.94657 1.05285 0.0913491 0.331809 0.123315 
0.946224 1.15016 1.37448 1.74436 2.84442 1.02282 1.59422 0.599494 1.62345 0.177189 0.521939 0.154415 
0.876499 1.20999 1.78871 1.19892 1.74924 1.60985 2.0494 0.238576 1.3609 0.0750709 0.303726 0.167797 
0.8175 0.939503 1.43007 0.709438 1.80123 0.978644 1.05387 1.05269 0.835651 0.0411313 0.327638 -0.0143411 
0.773092 1.31048 1.16409 0.697268 1.53432 1.26831 0.625935 1.11693 0.897126 0.936123 0.513066 -0.0139464 
0.731102 0.960363 1.05297 0.608493 1.23407 1.27893 0.762977 0.941299 1.14516 0.468882 0.363411 -0.045847 
0.74818 1.0157 1.30566 0.45491 1.61848 0.242582 0.783278 1.12915 0.807369 0.227782 0.574781 -0.0610231 
0.72821 0.953845 1.58762 0.186255 1.98856 0.694384 1.28326 1.69355 1.4427 0.590043 0.283888 -0.00864955 
0.722856 1.17476 1.66283 0.715461 1.58701 1.29399 1.5657 1.15751 0.855092 0.737233 0.127968 0.0832756 
0.697045 1.23883 1.49886 0.984401 0.571256 1.03107 1.73588 1.3713 0.791961 0.485984 0.0814422 0.0356143 
0.820204 1.25043 1.65672 0.733461 0.568789 0.117452 0.507585 0.363143 0.734298 0.0987224 -0.280282 0.0841019 
0.89138 1.33952 1.3624 1.24003 0.506913 1.51795 1.03508 -0.0962196 1.37427 0.673357 0.0604073 0.0745144 
0.722684 1.52168 1.65029 0.872078 0.875905 0.861492 2.57904 0.345783 1.13353 0.349328 0.613774 -0.026524 
0.674412 1.42088 1.26552 0.624307 1.40821 -0.417037 1.34945 -0.200422 1.02 -0.176474 0.722088 -0.00184882 
0.636964 1.02798 1.4678 1.14261 1.25293 -0.0100192 0.401845 0.526646 1.37758 0.534823 0.493961 0.0151461 
