0.474099 0.888268 1.36994 0.67484 1.24637 -0.0311239 -0.17627 0.450622 -0.0116388 0.285644 0.225243 -0.0371773 
0.427557 0.847503 1.24064 0.852314 1.26053 1.01385 0.585187 0.769129 0.22653 -0.0274301 0.621574 -0.0811824 
0.659324 0.851672 1.45063 0.475376 1.56376 0.124958 0.923262 0.789059 0.447886 0.452598 0.368233 0.064726 
0.447275 1.12436 1.06557 0.404013 0.783678 0.403246 1.33498 0.754021 0.538916 0.703548 0.339824 -0.0280036 
0.504457 1.50975 0.92561 0.572844 1.14287 0.299676 0.541306 0.730842 0.180415 0.230644 0.435159 -0.119604 
0.599368 1.22437 1.36895 -0.118357 0.238914 0.280242 1.55368 0.114058 0.0134807 0.090036 0.405441 -0.202255 
0.563707 1.17054 1.01982 0.504754 1.16931 0.677106 1.32963 0.117709 0.0567238 0.176535 0.645628 -0.220343 
0.650046 1.10253 1.30222 0.953463 0.175803 0.611591 0.114777 -0.285682 0.583375 0.781768 0.103183 -0.0183232 
0.627184 0.978918 1.57267 1.16154 1.26318 0.406693 0.648342 0.241756 -0.0593124 0.796147 -0.00972161 -0.0385374 
0.636842 1.05481 0.749251 0.788482 1.16305 -0.644776 0.611089 1.00785 -0.241412 0.771091 0.609393 -0.142738 
0.610038 0.80171 0.767275 0.503327 0.378789 -0.1511 1.30446 0.424219 0.0331859 0.0653793 0.729938 0.00131464 
0.63702 0.933393 0.905815 1.06536 0.448122 0.776074 0.393536 0.0165186 0.854066 -0.159134 0.681208 0.000508345 
0.52523 1.16368 1.57298 1.32152 1.07279 1.02573 0.714617 -0.0475713 1.04138 0.176245 0.576945 -0.0563079 
0.488911 1.39196 1.07547 0.323096 1.38521 1.68004 1.50468 0.327653 0.294475 0.463849 0.657163 -0.127348 
0.509664 1.08425 0.990068 0.504823 1.50898 1.36684 1.30636 0.384896 0.378112 0.40294 0.441286 -0.110968 
0.553793 1.22588 1.38954 0.856594 1.13084 0.756014 1.40233 0.573843 0.43179 0.106997 0.0587831 -0.0776555 
0.723017 1.2562 1.57362 1.04419 0.24648 0.610476 0.98221 0.935598 1.0116 0.0542893 0.679331 -0.102062 
1.03212 1.08182 1.23715 0.584222 0.739293 0.718923 1.32197 1.81636 1.23741 -0.168133 0.34517 -0.0334319 
1.24288 1.26754 1.46464 0.404091 1.1295 0.286958 1.87254 0.910353 0.603013 0.275432 -0.300809 -0.101925 
1.98575 0.870771 -0.467786 1.27519 3.82304 0.533586 1.4535 0.804064 0.864213 0.381368 -1.04714 -0.507147 
1.7271 1.26755 0.350643 1.29454 3.21292 1.2586 1.46954 1.05734 1.03327 0.500118 -1.29524 -0.629849 
1.98735 1.11175 0.106536 1.13156 3.20174 1.00841 1.77545 1.07231 0.595092 0.529297 -0.958425 -0.58133 
1.93961 1.25716 0.378753 1.64761 3.51712 -0.081077 1.84616 1.82132 0.514813 0.778875 -1.27083 -0.477453 
1.9213 1.46842 0.346572 1.30087 4.01476 0.209278 1.57747 1.95827 0.499841 0.734432 -1.4458 -0.490795 
2.15188 1.33201 -1.81141 0.830017 3.46451 0.530446 0.777837 1.68684 0.758474 0.446987 -1.35337 -0.497022 
2.04516 1.35329 -1.38234 0.463938 3.84149 0.298055 0.807083 1.99338 0.0949613 0.524252 -1.60621 -0.493477 
2.06158 1.39511 -0.621162 0.753189 4.40656 0.765671 0.91954 1.97258 -0.237208 0.391726 -1.51196 -0.508497 
1.99335 0.961278 -0.572905 0.305194 4.41188 0.493799 1.12818 1.68001 -0.176097 0.57798 -1.21085 -0.44207 
2.21078 0.527973 -1.44873 0.77355 4.43361 0.242404 0.423745 1.59183 0.287647 0.435927 -1.31767 -0.538839 
2.34304 0.773339 -2.01948 1.92694 4.60808 0.556333 0.16667 1.04993 0.653072 0.394538 -1.37822 -0.524857 
2.12487 0.929763 -2.54806 1.27346 3.90003 0.587297 0.425771 1.33915 0.843847 0.539326 -1.4877 -0.543326 
2.16259 0.901981 -2.21291 1.1743 4.18095 0.600822 0.211939 1.22759 0.594569 0.715646 -1.3828 -0.558401 
2.1351 0.662609 -2.54849 0.838137 3.92303 0.916939 0.272505 1.49643 0.5712 0.532854 -1.34892 -0.559073 
2.17999 0.681852 -2.16739 1.40116 4.01438 0.859751 0.0744883 1.83345 0.424114 0.568547 -1.49739 -0.566546 
2.10869 0.763379 -1.78991 1.14857 3.64443 0.934499 0.46912 1.54159 0.618329 0.181919 -1.29687 -0.546475 
2.05304 0.891144 -1.37934 1.30878 3.3423 1.13479 0.593479 1.26691 0.71689 0.155353 -1.18709 -0.627662 
1.98713 1.04498 -1.12332 1.01366 3.33688 1.11 0.593108 1.53709 0.508104 0.261399 -1.21696 -0.616579 
1.88325 1.21345 -1.4775 0.20322 3.74338 1.04547 0.0723008 2.00209 0.349969 0.326758 -1.25258 -0.612686 
2.00645 0.9717 -1.16062 0.504857 4.07136 1.13821 0.183753 1.96058 0.284156 0.382612 -1.2339 -0.600305 
1.97609 1.16842 -1.59533 0.544206 3.93635 1.31919 0.335 1.21483 0.46746 0.315574 -0.96896 -0.4806 
2.00625 1.08747 -1.6022 1.07907 4.01272 1.49083 0.115701 1.05611 0.476194 0.382811 -0.907334 -0.42759 
1.98748 1.09163 -1.47069 1.27074 3.84079 1.26819 0.356801 1.52188 0.594234 0.418836 -1.1312 -0.448397 
1.89285 0.611415 -1.92927 1.03293 4.29123 1.27254 0.143206 1.23218 0.642521 0.501564 -0.859231 -0.349806 
1.61067 0.351476 -2.02291 -0.156942 4.76457 1.93165 0.514396 1.87524 0.846454 0.393821 -0.615219 -0.552844 
1.69707 0.796962 -1.01625 0.0900899 4.35659 1.35851 1.10065 1.75847 0.996504 0.346257 -0.903801 -0.441227 
1.95352 0.757321 -0.789858 1.09593 4.48227 0.767708 1.24492 1.63259 0.541721 0.0974018 -0.899347 -0.0588717 
1.97523 1.26831 -0.0622556 0.754842 4.50205 1.73844 1.02305 1.83527 0.503535 0.26111 -0.901161 -0.41652 
2.01618 1.11187 -0.199167 0.252901 4.66763 2.62039 0.758311 1.75832 0.57518 0.422466 -0.59295 -0.523684 
2.03178 1.00836 -0.15996 0.348289 4.55575 1.93241 0.996305 2.16589 1.10231 0.374635 -0.791612 -0.464192 
2.13321 0.269874 -0.703502 0.762082 5.28646 1.79233 0.675801 1.648 0.465627 0.894014 -0.391206 -0.26651 
1.99494 0.464158 -0.900359 0.340382 5.11153 2.24993 0.560928 0.469246 0.748688 0.825854 -0.0180008 -0.190158 
1.91205 1.09238 -0.152072 0.379492 5.09616 1.91944 1.38376 0.128069 1.22462 0.249815 -0.434058 -0.178462 
2.03632 0.463084 -1.02776 -0.0586907 4.84488 2.32673 1.02799 1.0387 0.720931 0.877082 -0.128114 -0.25312 
2.11367 0.214836 -1.38754 1.20484 4.93241 2.37041 0.476384 1.70014 0.445328 1.19769 -0.182535 -0.262741 
2.05763 0.361949 -0.731703 1.44309 4.77174 1.29567 0.561515 1.4646 0.370746 0.741394 -0.663724 -0.344772 
2.07903 0.0849141 -1.33428 1.82887 5.66877 1.47981 -0.033757 0.46867 0.19661 0.816728 -0.464698 -0.248645 
1.95834 -0.321268 -0.267681 2.78549 4.13009 0.50962 2.17663 0.673117 0.153927 0.294494 -0.476411 -0.262633 
1.80741 0.105019 0.594148 2.48588 3.29748 1.08127 2.4255 1.06357 0.170925 0.216374 -0.46314 -0.138109 
1.74379 0.384713 -0.265989 0.778299 4.41494 1.53882 0.720581 1.22386 1.61301 0.340609 -0.485683 -0.203649 
1.72042 0.375611 -0.565009 1.03108 4.73372 1.40245 0.275376 0.817806 1.55251 0.695238 -0.146942 -0.189291 
1.6776 0.336137 -0.207034 0.561619 4.41353 1.38499 0.595583 1.55834 1.2889 0.451855 -0.611179 -0.344668 
1.51675 0.460027 -0.0566008 0.547773 4.17676 1.79608 0.840692 0.899261 1.82981 0.359106 -0.64434 -0.339446 
1.7192 0.26877 -0.534502 0.246115 4.28014 2.07195 0.351226 0.922278 1.53226 0.18305 -0.10912 -0.231906 
1.6662 0.235687 -0.630116 0.693511 3.49738 1.40433 0.851718 1.41735 1.91595 0.0553488 -0.636522 -0.338215 
1.70368 0.160049 -0.418331 0.739757 3.87044 1.83081 0.912031 1.79576 1.80526 0.340608 -0.493566 -0.246971 
1.57427 0.714516 -0.0356534 0.83593 3.92259 2.20814 1.14466 1.68128 1.12437 0.516771 -0.486639 -0.199606 
1.55256 1.11732 0.47705 1.17037 3.44564 2.36662 1.62538 1.30882 1.87975 0.38067 -0.768006 -0.238407 
1.65644 0.924225 0.391329 1.64532 3.31042 1.75085 1.71495 1.06896 1.96345 0.544622 -0.884969 -0.333636 
1.66561 1.09379 0.508347 1.73611 3.70368 2.06622 1.28761 0.933397 2.16121 0.367252 -0.447654 -0.180428 
1.55126 1.08437 0.718543 1.684 4.36149 2.03711 1.02404 0.90571 1.37162 0.446431 -0.252899 -0.0586368 
1.55783 1.12781 1.02903 0.995589 4.31395 2.16084 1.4669 0.900626 1.17281 0.590051 -0.337265 -0.0427605 
1.60126 1.15649 1.07568 1.06019 4.16366 2.34593 1.52856 1.10911 1.29885 0.905008 -0.516166 -0.16755 
1.50038 1.14197 0.693478 0.823628 4.09562 2.19659 1.23626 0.763693 0.370526 0.608262 -0.269247 -0.0990994 
1.3923 0.702663 0.999173 1.18263 3.17093 1.59669 0.859244 0.251228 1.54674 0.732216 -0.338272 -0.173535 
1.33205 0.699147 1.06467 1.13547 2.99472 1.73593 0.682939 0.571292 2.19308 0.55772 -0.346117 -0.0927884 
1.42295 1.06647 0.870749 1.99919 3.52958 1.70995 1.06171 0.752238 2.27953 0.515528 -0.162545 -0.0157273 
1.39348 0.964463 0.923232 2.37606 3.18187 2.64215 1.41544 0.431286 1.89731 0.383663 -0.30272 0.0257671 
1.19116 1.06634 1.33112 2.21666 3.22242 2.0577 1.43382 -0.123092 1.79981 0.636893 0.128759 0.121478 
1.29038 -0.0545104 -0.335536 0.774965 2.80432 2.62552 0.488182 0.033541 2.52516 0.293906 0.940099 0.0622733 
0.572859 -0.738452 -0.497362 0.928389 2.26884 1.70301 -0.507106 -0.205463 2.07214 -0.0395204 0.824297 -0.124656 
0.18465 -1.03913 0.206899 2.16114 3.33905 1.12808 -0.487762 0.6486 1.32597 -0.560362 0.621302 -0.299934 
0.492191 -0.712561 0.321608 1.98601 2.67767 0.150716 0.258194 1.14568 1.32336 -0.703673 0.240118 -0.378727 
0.431041 -0.898855 0.486611 0.88894 1.95516 -1.24871 1.54963 2.69392 0.986063 0.146813 0.0163105 -0.418308 
0.355126 -0.694319 0.109309 0.860275 1.19978 -0.580268 0.94521 2.53397 1.55469 -0.255262 0.392525 -0.496457 
0.402717 -0.30711 0.38457 1.07002 1.75626 0.598298 1.8789 1.48409 1.48347 -0.377975 0.264448 -0.188664 
0.395085 -0.0691502 0.25725 0.904466 2.38292 -0.0319616 2.36601 1.49438 1.9815 0.478766 0.0487362 -0.487289 
0.491067 -0.24425 0.37306 0.849163 2.32552 -0.86451 1.87737 2.63861 1.83838 0.538377 0.189784 -0.548421 
0.551683 -0.482668 0.932593 0.685473 1.63597 -0.676573 1.28487 2.54961 2.04972 0.00719011 -0.156375 -0.41663 
0.681378 -0.661553 0.749796 0.730148 1.04394 -0.0807481 1.41251 2.13982 2.47135 -0.586204 0.0762061 -0.167541 
0.808821 -0.818901 0.755531 0.0336766 1.44782 -0.0173301 0.907277 1.70008 1.65368 -0.206183 -0.128488 -0.346711 
0.845048 -0.932226 1.06708 0.504282 1.90205 -0.536861 1.21525 1.6875 2.00658 0.026594 -0.218321 -0.452117 
1.0241 -0.129947 0.62884 0.661955 1.78596 -0.570156 1.45415 1.80267 1.27717 0.405163 0.240007 -0.249075 
1.02593 -0.221959 0.441008 1.06076 1.69616 0.079333 1.51331 1.26424 1.88211 0.412462 0.119602 -0.172615 
0.910217 -0.163455 0.995044 1.46033 1.75096 -0.236797 1.42792 1.72989 1.91901 0.328396 0.615286 -0.0145228 
0.958493 -0.237104 1.03776 1.21451 2.58305 -0.211001 0.632485 2.5297 2.53773 0.582309 0.519834 -0.140847 
1.06548 -0.224856 1.13086 1.15167 1.79233 -0.259159 1.04384 2.28028 1.99923 0.780845 0.732975 -0.0296497 
1.04406 -0.0685196 0.913064 1.67923 1.67924 -0.257482 0.738508 2.34662 2.25716 0.802843 0.359765 -0.107414 
1.01379 0.0527904 0.526467 1.30328 1.99418 -0.376643 1.49427 2.30724 2.12075 0.276357 0.465897 -0.0508476 
0.889439 0.14671 0.659734 0.599024 2.44857 -0.59904 1.37946 2.08346 2.1171 0.519665 0.373169 -0.204808 
0.885678 0.157585 1.00662 0.448488 1.80378 0.292664 1.47839 1.42214 2.97835 0.145384 0.24529 -0.18708 
0.857831 0.180545 1.22232 -0.0876372 1.8946 0.0200883 1.61538 1.48544 1.85082 0.486163 -0.158877 -0.0865669 
0.792781 0.309254 1.70102 0.276388 1.29319 0.487246 1.47719 1.27434 1.91358 0.867902 0.178194 -0.146361 
0.771349 0.344306 1.33829 1.05484 1.90304 0.0842503 0.459736 1.88399 1.61335 0.854605 0.220812 -0.218177 
0.826561 0.616916 1.26143 1.32719 1.52819 -0.0760741 0.560846 2.02934 1.76705 0.93196 0.632267 -0.144648 
0.979231 0.601681 1.20641 1.29031 1.82349 0.472268 0.220075 2.06391 1.9342 1.15104 -0.175381 -0.0396558 
1.06498 0.372615 1.33113 1.18409 1.65772 -0.195733 0.227292 1.63317 1.32343 1.12446 0.0219481 -0.0255769 
0.931417 0.804807 0.893468 1.60783 1.25666 0.269896 0.901614 0.943059 2.20025 0.842655 0.410379 -0.00386235 
1.0179 1.02963 1.18558 1.35515 1.27978 0.568076 0.953289 0.97671 2.26772 0.513667 0.76111 0.120782 
0.9528 0.923466 1.00936 1.4304 1.09409 0.213727 1.37386 0.955599 1.50791 0.557427 0.53684 0.0771332 
0.9242 0.656907 1.25518 0.517535 1.62245 0.213977 0.654559 0.659428 1.38522 0.158605 0.775839 0.112683 
0.848073 0.705185 1.20045 0.780933 1.75413 0.975398 1.19199 1.11068 1.37248 0.331607 0.149523 0.0917421 
1.05725 0.667639 0.858576 1.24312 1.44997 0.354425 2.09993 0.595607 1.46719 0.986355 0.103063 -0.00871154 
0.95629 0.902774 1.35749 0.928138 1.93278 0.85187 0.702506 0.814389 0.981461 0.432299 0.0854401 0.0329624 
0.808451 0.909021 1.36776 1.47396 1.19313 1.05477 0.950827 0.63845 0.68033 -0.227754 0.483754 -0.0158526 
0.841185 0.662595 1.49076 0.916346 1.69582 0.131042 1.24662 1.08474 1.1823 0.12285 0.755416 0.0521952 
