0.218601 0.561132 0.948019 1.53345 0.752675 1.09254 1.48601 1.18066 0.99544 -0.629553 0.17333 -0.0491222 
0.376543 0.958324 1.26994 1.15544 1.83391 0.0796675 0.311256 1.18075 1.0616 0.109634 -0.0677552 0.130931 
0.475021 0.791144 1.29554 1.06557 1.6306 1.08502 0.554983 0.589834 1.2012 0.43726 0.571483 -0.148831 
0.442979 0.931731 1.42147 1.95751 0.699657 0.289548 1.06112 0.504476 1.69072 0.436408 0.516779 -0.0776051 
0.514294 0.934306 1.91941 1.28588 0.34181 0.746936 0.967297 1.00066 0.977449 0.760917 0.239706 -0.00342129 
0.49229 0.917181 2.19597 0.674686 1.04609 0.653606 -0.133328 -0.47474 0.572184 0.887533 0.563487 -0.112512 
0.450731 1.13284 1.41129 1.04875 1.94326 1.3984 0.98312 0.480323 0.679831 0.261815 0.347794 0.0310335 
0.376122 0.963326 1.13022 1.23954 1.19192 0.531713 1.33393 1.17282 0.742157 0.29761 0.451878 -0.0401256 
0.491328 0.839205 1.33137 0.902328 1.2702 0.774451 2.15121 0.0653006 1.18674 0.426648 0.048801 0.0613007 
0.568556 0.787656 0.704345 0.732283 1.67075 0.687182 2.00466 0.534796 0.974065 0.815721 -0.0484591 0.0532871 
0.398166 0.628026 0.73224 0.746983 1.35363 0.232155 0.0599917 0.776444 1.08349 0.872112 0.203785 0.00448552 
0.419755 0.997025 0.932505 1.33647 1.55793 0.67062 0.359352 0.709702 0.821869 0.651414 0.268058 -0.0728501 
0.43383 1.1192 1.29671 0.911584 1.34717 0.6407 1.22233 1.3606 1.43714 0.152198 0.184736 -0.0482006 
0.569853 1.55863 1.23171 1.00178 1.05147 1.45438 1.20341 1.41602 0.904788 0.553042 0.162235 0.0551434 
0.540552 1.26299 1.31455 1.34716 1.61717 1.02294 1.30618 1.90226 1.23235 0.184478 0.0262321 0.18449 
0.766897 1.37006 1.46995 1.75619 2.36467 1.45916 2.23845 1.7405 1.49676 0.247081 0.135601 0.300816 
0.881672 1.94518 2.09116 1.51532 1.99856 2.63746 2.26548 1.01837 1.26293 0.524774 0.507543 0.287389 
1.11885 2.12331 2.5954 2.51014 3.02041 2.41002 2.0447 1.32437 1.41881 0.203018 0.394729 0.236801 
1.57479 2.42481 3.50398 2.83207 2.66723 2.19631 1.08088 1.02411 0.998543 0.00644447 0.194471 0.0542753 
1.51554 2.27836 2.62507 2.47153 2.30069 1.98002 1.4162 0.966529 0.341097 0.07788 -0.00877685 -0.0388492 
2.01476 2.42461 2.30346 1.8635 3.0981 2.78368 2.32111 0.898196 0.105754 -0.700315 0.0721962 0.0921758 
1.99425 2.30118 2.17013 1.73416 3.00612 3.02815 2.46008 0.883148 -0.20116 -0.512369 0.0913895 0.13775 
1.97083 2.36409 1.75767 1.73073 2.84038 3.11997 2.52995 0.618702 -0.334162 -0.33118 0.0777211 0.154395 
2.13716 2.45744 1.52405 1.36048 2.82708 2.13395 2.88347 0.0988806 0.483703 -0.0808191 0.012429 0.110011 
2.08883 2.27178 1.84744 1.30729 3.61338 1.87153 2.67185 0.314904 0.546525 -0.252873 -0.0667989 0.176957 
2.21676 2.35375 1.39982 0.95639 3.12473 2.51759 2.51502 0.384915 0.553859 -0.152749 0.00182343 0.107422 
2.33595 2.04623 1.07916 0.765715 3.03533 2.17165 2.87775 -0.0670978 0.652767 -0.0823657 -0.102737 0.110137 
2.22253 1.90806 0.79945 0.910694 3.1641 2.52239 2.19317 0.531326 0.118159 -0.218783 -0.0798427 0.0667683 
2.33034 2.00013 0.402975 0.371182 2.83508 2.11449 2.17292 0.423112 0.013785 0.111885 0.0281156 0.0862977 
2.61817 2.09186 -0.283465 -0.0915422 1.71505 1.69993 2.27552 -0.70661 -0.0679695 -0.03509 0.422904 0.254674 
2.85392 1.7616 -0.497841 -0.751615 1.67723 1.47572 0.785508 -0.340623 -0.275521 0.484116 0.647837 0.267982 
2.53304 1.72858 -0.62908 -0.380609 1.46634 0.878403 -0.237165 -0.444632 -0.00415117 0.851431 0.678796 0.114362 
2.67395 1.4978 -0.855391 0.108445 1.57154 -0.252227 -0.402345 -0.594415 0.32445 1.03241 0.579104 0.0158939 
2.76002 1.22297 -0.674097 0.441446 1.63412 -1.1141 -0.467499 -0.711943 0.539525 1.08943 0.51591 -0.0197318 
2.74124 1.14394 -0.659595 0.239818 1.39658 -0.878567 -0.473252 -0.817257 0.471815 0.956249 0.496831 -0.0172932 
2.51716 1.50251 -0.698638 0.379899 1.11502 -1.19588 -0.134853 -1.4566 1.15088 0.769812 0.475583 -0.1043 
2.78097 1.27441 -0.837268 0.712543 1.03291 -1.65391 0.143134 -1.50493 1.35638 0.7463 0.43027 -0.156629 
2.74882 1.18524 -0.431913 0.439891 1.08923 -1.64072 -0.130013 -1.38447 1.20553 0.913823 0.242904 -0.155416 
2.62097 1.34584 -0.556015 0.434673 0.772184 -1.19085 -0.650071 -1.29932 1.30871 0.747906 0.241559 -0.219858 
2.81193 1.26312 -0.705244 -0.195797 1.55244 -1.4833 -0.246785 -1.35015 0.960644 0.867604 0.144983 -0.0834404 
2.75274 1.14293 -0.831334 0.207627 1.30567 -0.928015 -0.670638 -1.07914 0.76463 0.809808 0.295895 -0.123974 
2.80106 0.980598 -0.761994 0.447408 1.06811 -0.643574 -0.695017 -0.900438 0.737125 0.843304 0.334152 -0.138847 
2.78489 0.842398 -0.469922 0.421166 0.780179 -0.415973 -0.763355 -0.867292 0.749775 0.984598 0.373318 -0.157486 
2.83323 0.978067 -0.727236 0.39729 0.823012 -0.915592 -0.146259 -1.45959 1.18201 1.00481 0.305232 -0.274001 
2.79519 1.07512 -0.50858 0.224231 1.05327 -0.940723 -0.164866 -1.14091 1.11428 1.08044 0.288513 -0.233666 
2.79405 1.25213 -0.903185 0.353714 1.0826 -0.80004 -0.0664156 -0.93735 1.7413 0.89372 0.0883636 -0.41194 
2.85408 0.874277 -1.13163 0.438088 1.38419 -0.924711 0.577897 -0.691952 1.72865 0.897207 0.0134151 -0.423959 
2.70333 0.876445 -0.799321 0.199786 1.24637 -0.505456 -0.0358308 -0.0973019 1.79518 1.02643 -0.118366 -0.494018 
2.80533 0.77552 -1.0232 -0.322337 1.70605 -0.865946 0.974101 -0.259845 1.53925 0.933693 -0.20035 -0.339104 
2.61826 1.03133 -1.26291 -0.0101218 1.56653 -0.297823 0.965043 -0.413221 1.51216 0.585563 -0.0553233 -0.37814 
2.58316 1.108 -1.14844 0.347207 1.62885 -0.121192 1.27533 -0.656753 1.13459 0.177071 -0.101161 -0.34573 
2.75477 0.650711 -1.12582 0.36494 1.85736 0.0185106 1.77608 -0.762411 0.731668 0.0565937 -0.25959 -0.284548 
2.77119 0.594681 -1.0055 0.925404 3.02245 0.501051 1.13203 -0.747131 0.237256 -0.115824 -0.338839 -0.165114 
2.69305 0.200285 -0.659124 1.01804 2.22767 0.486037 1.3262 -0.602034 0.0315507 -0.0303055 -0.185694 -0.155255 
2.58946 0.0940808 -0.219028 0.896512 1.08604 0.367554 2.15979 0.00405215 -0.310283 0.0712563 0.0596407 -0.187403 
2.55942 0.484162 -0.368684 1.31189 2.49523 1.05575 1.76416 -0.372262 -0.570825 -0.305068 0.0329259 0.0324667 
2.62693 0.376806 -0.562593 1.45648 3.10416 0.944878 1.79944 -0.916214 -0.200387 -0.054923 0.0714909 0.0592533 
2.63023 0.225806 -0.942297 1.65025 2.90946 1.11232 1.22829 -0.938007 0.255939 0.118484 0.16616 0.0172041 
2.65575 0.262404 -0.928719 1.49205 2.67587 1.31023 1.11356 -0.659945 0.242443 0.226269 0.310488 0.110763 
2.70444 0.084722 -0.957595 1.631 3.20752 1.52807 0.670838 -0.268019 0.299352 0.330288 0.249916 0.0913125 
2.65972 0.279674 -0.951347 1.23934 3.61525 1.33487 0.736494 0.404925 0.0917184 0.315986 0.253834 0.141324 
2.50232 0.424066 -0.723606 1.44005 3.21335 1.6276 0.734268 0.123729 0.248044 0.417849 0.271796 0.0412221 
2.5599 0.437399 -0.736639 1.81851 2.77016 1.21879 1.35488 -0.206924 0.598453 0.488814 0.268742 -0.0939538 
2.52448 0.608275 -0.729333 1.58752 2.97063 1.44661 1.03304 -0.0990229 0.123978 0.440803 0.379895 0.0393659 
2.70275 0.394628 -0.376238 1.32809 2.97798 0.643035 0.733231 0.289803 0.431612 0.575695 0.270269 0.0438574 
2.5399 0.743728 -0.885231 0.84609 3.41028 1.2601 0.148013 0.161932 0.0131644 0.740304 0.439523 0.097876 
2.59513 0.823203 -0.604872 0.727337 3.91459 0.681399 0.821302 -0.391005 0.252752 0.879256 0.229974 0.0580425 
2.38235 0.84094 -0.240796 1.15424 3.2476 1.68381 0.253487 -0.0573206 0.222025 0.567544 0.216815 -0.0709739 
2.57329 0.567407 -0.218166 0.740038 3.49412 1.87663 1.25901 -0.112515 -0.291266 0.508734 0.368792 0.0779471 
2.50723 0.546532 -0.568312 0.972612 4.04244 1.93925 1.17183 0.089657 0.0455009 0.314876 0.0509127 0.0333655 
2.36349 0.847265 -0.396476 1.04411 3.92166 2.32194 1.16002 0.130461 -0.0927005 0.115441 0.0704787 0.0767501 
2.46651 0.9039 -0.617824 0.640597 4.15001 1.71418 0.361004 -0.371072 0.133336 0.270892 -0.0158818 -0.0306257 
2.42158 1.14482 -0.422396 0.496236 3.99133 1.50585 0.467395 -0.525076 -0.24741 0.221775 0.0386078 -0.00448209 
2.42177 1.34815 0.187751 0.883673 3.282 1.0027 0.486668 0.101633 0.202902 -0.0685703 -0.346657 -0.172376 
2.3239 1.35992 -0.314219 0.991847 2.93441 1.01717 0.511346 0.0660685 0.120745 -0.0130675 -0.282864 -0.1864 
2.16905 1.23072 -0.408901 0.500578 2.59125 1.80448 0.576178 -0.172854 0.262155 0.042197 -0.00237143 -0.11591 
2.16291 1.15731 -0.115862 0.338974 2.06505 1.50743 1.42577 -0.494878 0.257034 0.243894 0.0968288 -0.0463083 
2.1406 1.10669 -0.0408121 0.81353 3.35993 0.716796 0.759843 -0.0070143 0.192656 0.307102 -0.309521 -0.210613 
2.22736 1.10498 0.0384117 0.90087 3.08371 1.02068 1.05862 -0.573844 -0.0904627 -0.0135196 -0.0837253 -0.0398796 
2.10247 1.1869 0.445462 0.785245 3.01235 1.91433 1.35039 -0.710068 0.305272 -0.275049 -0.121233 0.00239934 
2.15497 1.22294 0.54899 1.01492 2.84166 2.47333 1.16066 0.073647 0.56557 0.259971 0.0593012 -0.0288995 
2.13216 1.07267 0.659586 0.880685 3.32733 2.1699 1.27343 0.604556 0.494554 0.503497 0.109193 -0.00349439 
2.25938 1.19072 1.09284 0.676767 3.04105 2.22694 1.09872 1.04002 -0.0740937 0.410377 0.179609 -0.0661488 
2.08571 1.508 0.619169 1.43051 3.7904 2.14408 0.852763 0.841275 0.257094 0.544057 0.12489 -0.00583317 
1.92757 1.57634 0.291382 1.46543 4.04617 2.62395 1.27127 0.363606 0.967238 0.403283 0.207978 0.0127214 
1.8064 1.39675 0.603944 1.70567 2.82033 2.56557 1.59019 0.13766 1.06885 0.812193 0.659125 0.232448 
1.79559 1.40262 1.06325 1.74959 3.36459 2.92234 1.83783 0.266326 0.281237 0.434094 0.608849 0.339872 
1.89378 1.14686 1.5492 1.78923 3.56509 2.64043 1.4219 0.644428 0.459946 0.658515 0.342643 0.134405 
1.89373 1.52381 1.37363 1.62536 3.06195 1.76349 2.20976 -0.664045 0.871781 0.483272 0.16926 0.141931 
1.77089 1.43123 2.0566 1.20603 3.13865 2.03999 1.54654 -0.0707674 0.693139 1.05373 0.113553 0.103949 
1.76148 1.21298 1.47436 1.6633 3.60529 1.92947 0.612827 -0.0390315 0.596901 1.01984 0.45969 0.0773195 
1.68544 1.51106 0.966156 1.62319 3.28009 1.77844 1.27066 -0.464598 0.755868 0.429493 0.410143 0.127991 
1.61284 1.44837 1.22125 1.53615 2.94183 1.4912 1.2379 0.00383722 1.01934 0.2455 0.327637 0.129501 
1.58489 1.33651 1.42386 1.3238 3.90574 1.84314 1.32489 -0.432838 0.724395 0.15801 0.565633 0.285369 
1.67419 1.37774 1.69454 1.91098 3.49628 2.48236 1.30269 0.00816365 0.217938 0.451353 0.381326 0.124238 
1.66184 1.53076 2.26067 2.60701 3.25413 1.93519 1.4232 0.501246 0.780659 -0.0441509 0.314743 0.159723 
1.56 1.49968 1.98905 2.21397 3.64584 1.65337 0.737903 0.568602 0.931833 0.461712 0.603747 0.206886 
1.4457 1.71298 1.87745 1.92785 3.90271 1.59197 1.3192 0.920995 1.08012 0.516914 0.475096 0.215444 
1.62543 1.7529 1.45312 1.55413 3.6381 2.03953 2.35569 0.123508 1.39728 0.254541 0.39761 0.294555 
1.54972 1.52421 1.71738 2.03536 2.58484 2.17436 2.56295 0.607404 0.447392 0.480134 0.215833 0.1748 
1.31337 1.71324 1.58043 2.20617 2.78838 2.53671 2.00423 0.854314 0.585161 0.126355 0.0158982 0.127743 
1.40497 1.0114 1.61678 1.60502 2.73464 1.92473 1.48378 0.117105 0.367414 0.0228665 0.0627431 0.0690235 
1.36539 0.877921 1.86488 2.31777 2.62776 1.72603 1.04193 0.276405 0.688334 0.760697 0.158147 0.00946687 
1.40735 1.15969 2.38617 1.70297 2.58099 2.29322 0.984625 0.98533 1.30662 0.558075 -0.143186 0.0846776 
1.429 1.31314 2.09534 1.59732 2.05862 1.60819 1.03347 1.25163 0.343376 0.315956 0.625872 0.221161 
1.36505 0.824729 2.03865 1.62817 2.89199 1.95113 0.890471 1.39734 0.580387 0.70157 0.858932 0.237404 
1.28452 0.795923 1.68494 1.7874 2.72033 1.76631 1.46541 0.363829 0.700934 1.16244 1.12033 0.265117 
1.29134 0.688347 2.22116 1.84998 2.83531 1.44414 1.14003 1.01837 0.460214 0.594124 0.827258 0.238138 
1.21971 0.955921 1.7762 1.98349 2.92388 0.923051 0.966531 0.786882 1.24319 0.930646 0.608842 0.198896 
1.19776 0.747851 1.81241 2.06784 2.99603 1.27727 1.50667 0.494505 1.1952 0.158511 0.651596 0.313058 
1.16206 0.538311 2.1899 1.86371 2.7543 1.71449 1.64146 -0.159061 0.715793 0.134598 0.31106 0.251675 
1.20711 0.762039 1.58068 1.47006 2.0008 1.38357 2.09399 -0.240901 0.63993 0.0674611 0.254915 0.115996 
1.12518 0.834476 1.47945 1.69432 1.96694 1.09626 1.4916 0.428448 0.309478 0.25189 0.157911 -0.019621 
1.03752 0.693298 2.07722 1.79405 2.15327 1.15923 1.79599 0.658011 0.350921 -0.167623 0.299578 0.12711 
1.09895 0.976125 1.38795 1.62587 2.37029 1.1328 1.75029 1.73967 0.763988 -0.432164 0.93803 0.270278 
1.09962 1.08531 1.78787 1.23128 2.31139 2.04434 2.58088 0.82392 0.59024 -0.17054 0.631743 0.306157 
1.06203 0.769404 1.97401 0.801151 2.05203 1.86059 2.46411 0.594329 0.783265 1.01737 0.897068 0.234102 
0.910776 1.1527 1.61676 2.06283 1.92351 1.00794 2.26365 0.631002 1.43526 1.14455 0.840517 0.156879 
0.998227 1.42961 2.21874 1.49719 1.31603 1.04422 2.03759 1.2983 1.74971 0.739698 0.637436 0.26794 
1.09515 0.97877 1.92587 1.65791 1.50363 0.867954 1.87644 1.45442 1.59829 0.767002 0.885834 0.255477 
1.12174 1.0017 1.99292 1.64323 2.66438 1.16274 1.69136 0.277993 0.683003 1.77098 0.603155 0.143365 
1.09059 0.808858 1.96775 0.991582 3.0477 1.33833 1.34928 0.379246 1.05638 1.31951 0.511158 0.173207 
0.990847 0.694567 1.96321 1.21606 2.56807 1.31677 1.67215 1.34394 0.918628 0.670375 0.132881 0.188054 
1.0589 0.925188 1.55503 1.31768 2.35814 1.07346 0.623157 0.679771 1.14964 0.306943 0.105736 0.050712 
1.03227 0.796515 1.42764 1.6924 2.45041 0.591681 0.747232 0.792128 1.24344 0.827018 0.585729 0.0581066 
1.00525 0.928763 1.64323 1.73945 2.11245 1.17783 1.19697 0.883256 1.36622 0.0432986 0.600236 0.152396 
1.02129 0.806378 1.22687 1.58548 1.55712 1.16168 0.0965973 0.352159 1.81398 -0.0369091 0.630647 0.0157391 
1.0268 1.012 1.47871 0.81295 2.55743 1.23301 0.628185 0.395613 0.759505 0.90052 0.466328 0.0534362 
1.04744 0.996809 1.43255 1.00365 2.96994 1.25245 1.07503 0.365009 0.425887 0.606716 0.83322 0.169617 
1.07068 0.761549 1.8588 1.3268 2.44111 2.13639 1.17768 0.237032 0.665784 0.357825 0.924345 0.218641 
0.99813 0.790155 1.60547 1.61429 2.44347 1.59143 1.83134 0.629179 0.00885947 0.197507 0.793731 0.186067 
0.871203 0.984554 1.0601 0.632813 1.05341 1.0677 1.99841 0.717188 0.68675 0.0677202 0.681919 -0.00440327 
0.801642 1.16757 0.873673 0.789366 1.06976 0.130797 1.4513 0.666556 1.25895 0.254721 0.824175 -0.00339299 
0.790308 1.31264 1.37525 1.61097 1.91674 0.124079 0.972316 0.496226 0.407494 0.117328 0.244323 0.0552304 
0.853024 1.03642 0.993139 1.46652 2.25652 0.785686 1.32584 0.751151 0.241655 0.97928 0.529672 -0.00341544 
0.905291 0.805371 0.565188 1.23023 2.99099 0.971093 0.783717 0.873687 0.341566 0.747774 0.828223 -0.00451907 
0.936929 0.467005 0.563145 0.941404 1.52639 0.731636 0.818801 0.119803 0.291064 1.004 0.620281 -0.122846 
1.07404 0.64938 0.995509 0.989247 1.26984 0.987295 1.03223 0.604161 0.206412 0.405896 0.582353 -0.00122698 
0.889047 0.838677 0.851317 1.03519 2.54175 1.03494 1.04303 0.580157 0.121132 0.420512 0.374251 0.0609425 
0.769826 1.11486 0.937937 1.57716 2.84816 1.09536 0.958044 0.679492 -0.177905 0.543759 0.779473 -0.0520394 
0.879859 0.831912 0.975999 1.53802 2.51974 1.27271 1.43239 0.589573 -0.563957 0.73391 0.624317 0.0685252 
0.85329 0.849803 0.69846 1.097 1.81229 1.03001 1.03926 0.397616 0.847692 1.31093 0.374624 0.0148581 
0.88463 0.798732 1.20654 1.16093 1.91602 2.2709 1.05665 0.431078 0.941734 1 0.567865 0.0993221 
0.750494 1.05917 1.37623 0.893799 1.87026 0.841836 1.08784 1.19755 1.15837 0.922195 0.724524 -0.0316284 
0.831017 0.891015 0.794412 1.01163 2.41167 0.708997 1.66165 0.943414 0.380531 0.625949 1.02544 0.0436645 
0.917932 0.71616 0.210309 1.67645 2.65698 1.14408 1.55637 0.465859 0.480372 0.619146 0.780096 0.130142 
0.811512 0.608167 0.146726 1.39773 1.53785 0.934629 1.34009 0.476231 0.276182 0.135483 0.568656 0.0634665 
0.678821 0.506955 0.363375 0.753114 1.84445 1.125 0.611469 0.600822 0.897726 0.0651083 0.188873 0.0328859 
0.765405 0.859243 0.482757 0.948074 1.97734 1.03031 0.410057 -0.262876 1.16758 0.459373 0.395622 -0.015227 
0.688852 0.508767 0.189748 1.00131 1.46906 1.29978 0.466741 0.185603 0.152478 0.978048 0.620081 -0.0228757 
