0.557537 0.785021 0.597013 1.32757 1.52144 -0.154809 0.318585 1.29946 0.399218 0.77196 0.540544 -0.193295 
0.537804 0.833077 0.927066 1.44357 1.34769 0.29337 0.836524 1.40345 0.0666784 1.2813 0.348093 -0.150809 
0.484419 0.919296 0.928901 1.05208 0.345433 1.0527 0.286353 0.266005 -0.0454279 0.777593 0.54351 -0.0283118 
0.420229 0.664018 1.42284 0.809287 1.3768 1.09274 0.729126 0.353602 0.641311 0.25571 0.155664 0.00760215 
0.506812 0.863739 1.19719 1.34729 1.84496 0.105838 0.811357 0.447328 1.25347 0.604756 0.233301 -0.0119706 
0.464528 1.05273 0.538276 1.47425 1.54938 -0.118091 0.643595 -0.499438 0.38537 0.568926 0.426921 0.00636387 
0.388117 0.674748 0.816247 1.77265 1.84007 0.0539771 0.0176706 0.411896 0.814489 0.626931 0.512309 -0.291066 
0.554038 0.45709 0.947262 1.26297 1.67235 0.174882 0.518717 0.776379 -0.20081 0.334968 0.285693 0.110832 
0.554685 0.617443 1.0487 1.25595 1.14099 0.760709 0.571732 -0.0482961 0.997441 0.324548 -0.0245719 0.177702 
0.506027 0.69574 1.36951 1.51314 0.955761 0.267622 0.62122 0.16753 1.35497 -0.281687 0.518443 0.129514 
0.558803 0.861939 1.00797 0.893923 1.03507 0.908832 0.826195 0.712533 1.20568 0.425727 0.257474 -0.146823 
0.506711 0.845634 1.33628 0.654322 1.6558 0.81049 0.571296 0.633033 1.14924 0.358034 0.433526 -0.13344 
0.445855 1.02416 0.980263 0.958398 1.59222 1.12068 0.856711 0.365534 1.23108 0.867534 0.824234 -0.252202 
0.532707 0.929581 0.718257 1.49165 1.64162 0.911498 0.173118 1.21972 0.342289 1.13089 0.364688 -0.0433856 
0.627453 1.06173 0.591104 0.776366 2.0138 0.79814 -0.111293 0.597876 0.813392 0.930225 0.185447 0.0320712 
0.450563 0.790791 1.24882 0.987918 1.59118 0.647406 -0.0649532 0.0575623 1.24559 0.776497 0.394282 -0.125456 
0.453312 0.836909 0.528442 1.26302 1.68624 1.45493 -0.00321189 -0.0194846 1.30066 1.12188 0.0217781 -0.0840566 
0.649855 0.806667 0.251123 1.65265 1.74147 0.310953 0.24014 -0.79713 1.25365 1.19916 -0.0245614 -0.0565652 
0.791757 0.977254 0.995492 1.45791 1.53509 0.0886215 -0.621229 -0.829148 1.40133 0.356422 0.119268 -0.0867798 
1.20907 0.851347 -0.556235 0.632986 1.94564 0.0314521 0.738125 0.555018 1.46144 0.0760469 0.113314 -0.199864 
1.57004 0.265684 -1.35219 0.717912 2.89534 0.164909 1.18111 0.463913 1.94349 -0.680625 -0.412439 -0.355911 
2.03588 -0.163275 -2.47521 0.394288 4.00102 0.262965 1.47044 0.155356 1.87102 -0.0833669 -0.696416 -0.325195 
2.15741 0.110544 -2.40744 0.448342 3.64909 0.190476 1.37258 0.349588 1.64585 -0.213089 -0.843644 -0.382401 
2.38411 -0.143963 -2.61032 0.537826 3.60977 0.940393 0.52001 0.572418 1.21987 0.189969 -0.715651 -0.515329 
2.48077 0.373154 -2.15474 0.276483 3.76981 0.269924 0.97761 0.732288 1.02794 0.054399 -1.05338 -0.471304 
2.31069 1.19011 -1.13242 0.225604 3.37191 -0.111473 1.46413 -0.140208 1.64521 -0.00974706 -0.852209 -0.436259 
2.40434 1.15677 -1.9746 0.486458 3.4627 0.0375673 2.10082 -0.587814 1.08908 -0.235323 -0.566627 -0.300891 
2.33878 1.03887 -1.3436 0.574395 3.46434 -0.0332245 1.4972 0.0944436 1.13805 -0.2024 -0.943234 -0.386814 
2.38239 0.649052 -1.57683 1.24505 3.37164 -0.746143 1.37619 1.21939 1.83368 0.00302684 -1.15891 -0.472228 
2.3708 0.732564 -2.01804 1.18607 3.95124 -0.802121 1.85383 -0.0886493 1.68207 -0.382882 -1.09797 -0.360007 
2.53853 0.780919 -2.44724 0.82126 4.21135 -0.711302 1.85684 -0.37731 1.58612 -0.213248 -1.05568 -0.347852 
2.24542 0.794601 -1.60124 1.00537 4.00179 -0.336575 1.71276 -0.0127342 1.32571 -0.0257184 -1.02037 -0.392067 
2.36251 0.865505 -2.361 0.612747 3.74381 -0.465716 2.39466 0.00341124 1.35889 -0.250758 -0.862397 -0.251503 
2.35414 0.471597 -2.86876 0.520065 4.18763 0.2705 1.99855 0.0275903 1.14953 -0.225658 -0.853701 -0.262186 
2.39766 0.534994 -2.79488 0.439015 3.66448 0.562491 1.7894 0.264229 0.90123 -0.240503 -0.817532 -0.387987 
2.40197 0.468183 -2.78927 0.475032 3.94238 0.551222 1.87426 0.41207 0.817739 -0.278109 -0.887988 -0.284027 
2.35652 0.54663 -2.47916 0.076974 3.95719 0.360164 1.74743 0.439178 0.830843 0.0469991 -0.849744 -0.259868 
2.30461 0.655105 -2.72367 0.40621 4.28731 0.62463 1.72049 0.0208575 0.775725 0.0285436 -0.71616 -0.185463 
2.23436 0.853003 -1.96445 1.04701 4.36274 0.515484 2.02507 -0.0701646 0.448228 -0.356019 -0.804874 -0.0757275 
2.45752 0.574193 -2.05055 1.19323 4.79083 0.930152 1.42078 0.110472 0.328545 -0.148424 -0.828376 -0.171755 
2.5164 0.91879 -2.13828 0.720295 4.24978 0.945299 2.14021 -0.032956 0.431407 -0.17463 -0.710636 -0.226549 
2.27029 0.886994 -1.42707 0.496804 3.31549 1.82435 1.96839 0.671775 -0.321151 -0.0731265 -0.413341 -0.157487 
2.1925 0.757937 -1.49314 0.598613 4.12238 1.32811 2.04831 0.314729 0.1852 -0.055281 -0.473133 -0.0200833 
2.27348 0.65953 -1.865 0.441939 4.30866 0.90667 2.96008 0.225398 0.570881 0.29481 -0.260443 0.141163 
2.32305 0.652349 -2.47417 1.19583 4.1257 1.09349 2.25996 0.056931 1.06592 0.129562 -0.0537529 -0.0126903 
2.20685 0.528014 -1.66085 0.987741 4.61981 0.969618 1.88478 0.143273 0.616457 0.263823 -0.457153 -0.0461275 
2.20974 0.171082 -2.05149 1.18379 5.21562 1.26709 1.14154 -0.369662 0.517263 0.477142 -0.0523989 0.116593 
2.12114 0.462129 -1.15223 1.45354 5.15317 2.45173 0.623114 -1.28851 0.115666 0.436596 0.240275 -0.0280681 
2.10317 0.146056 -1.21192 1.53652 5.39372 1.25983 1.09894 -0.469407 0.580361 0.894178 0.0823563 0.093617 
2.27363 0.126659 -0.925977 1.23351 5.05601 1.83742 0.600283 0.33037 0.708642 1.02809 0.138478 -0.0403462 
2.15265 0.517599 -0.706194 1.04891 5.20363 1.51321 0.898073 0.361831 0.955133 1.29859 0.105847 -0.0111789 
2.22804 0.816109 -0.766861 1.29201 4.43819 2.04851 1.27087 0.905295 1.24203 0.697989 -0.272779 -0.188588 
2.192 0.812271 -0.190018 0.57504 3.71018 2.05948 1.79776 1.12721 1.9557 0.465496 -0.579711 -0.325231 
2.08181 0.578996 -0.0402103 1.33806 3.85946 2.16393 1.78586 0.443959 1.35633 0.460255 -0.450395 -0.237404 
2.17605 0.619789 -0.339597 0.966111 2.97126 2.00787 1.49902 0.939111 1.50609 0.253723 -0.608987 -0.390288 
2.09441 0.215006 0.189116 0.738605 3.24851 2.09705 1.27514 1.04094 1.12846 0.158962 -0.480206 -0.194374 
1.88173 0.190046 0.534438 1.82433 2.96583 1.86404 1.68486 0.79178 1.16613 0.772694 -0.511829 -0.363815 
1.76736 0.401052 0.656951 1.31193 2.93223 1.63449 1.98713 0.364013 1.46009 0.890494 -0.930523 -0.498654 
1.8777 0.771219 -0.0375659 1.55037 2.81088 1.94606 2.56731 0.354259 1.24563 0.419297 -0.898253 -0.584734 
1.84177 0.720541 -0.397474 0.974227 2.69656 1.95272 0.847467 1.18677 0.635594 0.513651 -0.891432 -0.649268 
1.81408 0.720743 0.0713529 0.536508 2.56949 2.11379 1.15599 1.49007 1.19732 0.519813 -0.885621 -0.611371 
1.86101 0.6793 0.582664 0.69453 3.08498 2.5382 1.29999 1.03723 1.31312 0.238353 -0.753801 -0.404057 
1.95675 0.871811 -0.14239 0.898243 3.01793 2.19903 1.51382 0.0626531 1.98884 0.118426 -0.432652 -0.321858 
1.7646 0.873427 -0.0928822 0.808271 2.97704 3.07805 2.08003 0.217552 1.50871 0.809607 -0.240859 -0.265392 
1.61125 0.432383 0.025812 0.356403 2.91793 3.05903 2.36059 0.115354 2.02451 0.862879 -0.385678 -0.236532 
1.63169 0.129861 -0.125002 0.569073 2.86192 1.89704 2.1831 1.01037 1.31004 1.06479 -0.362069 -0.341079 
1.73474 0.688788 0.410793 0.810817 2.5244 2.79801 2.03492 0.583578 1.35097 0.745456 -0.440267 -0.250797 
1.68117 1.24887 0.688592 0.530107 3.02396 2.71842 2.19407 0.901171 1.12646 0.934162 -0.564423 -0.214497 
1.7265 1.08094 1.02245 0.605039 2.786 2.27826 1.61268 2.17869 1.34974 0.727833 -0.21897 -0.139152 
1.69607 1.40855 0.785142 0.639546 2.47441 2.07831 1.10238 2.14341 1.1458 0.631431 0.238375 0.0384685 
1.49783 1.35752 1.05711 1.34789 2.87432 2.56322 1.07374 1.08659 1.21675 0.958478 0.221461 0.0836297 
1.42023 1.14581 0.581431 1.28424 3.06479 2.5972 2.12111 1.3052 1.02633 0.590838 0.152781 0.195176 
1.42265 1.14829 0.713363 1.27684 3.33434 2.06979 2.32582 1.39615 1.33306 0.39976 -0.10972 0.166177 
1.52007 1.18247 0.931469 0.858908 3.13613 2.07617 1.40589 1.15742 2.1685 0.468176 -0.217139 -0.0455845 
1.51324 1.20381 1.09798 0.741003 3.12842 2.55209 1.73071 0.86077 2.10962 0.725638 -0.397962 -0.053367 
1.50729 1.1055 0.922625 0.933756 3.17079 2.1507 1.6501 0.21995 1.6445 0.854801 -0.033332 0.0353231 
1.439 0.909094 1.06142 0.845455 2.47336 1.3633 2.08756 1.23237 0.546056 0.428938 -0.00603714 0.0832524 
1.56689 -0.50394 1.0397 2.30706 2.01925 0.83308 1.39091 -0.252688 1.2747 -0.0173387 0.255439 0.374347 
1.40253 -0.884839 1.25791 2.43128 1.30305 1.0057 2.06377 -1.79923 0.72704 -0.233924 -0.0782718 0.283812 
1.18583 -0.976156 1.30791 2.06743 2.17851 2.54105 2.85168 -1.46696 -0.264566 0.329925 -0.0113896 0.345218 
1.36545 -0.88419 0.283455 1.37784 1.94911 3.62193 2.61459 -0.600764 -0.0508131 0.413578 0.447109 0.324362 
1.46419 -0.718519 0.489915 1.32363 2.01326 3.47281 2.65111 0.102647 0.53291 0.629644 0.665184 0.312885 
1.3578 -0.187023 0.696112 1.4892 1.87768 1.92272 3.24351 0.691875 0.518969 0.661357 0.53013 0.129318 
1.49746 -0.0125614 0.998582 1.14468 1.14818 1.48464 2.81154 1.43175 0.909437 0.857092 0.24217 -0.0666934 
1.24789 0.35318 0.975582 1.46421 1.14504 1.95854 3.19563 0.230862 1.13135 0.450012 0.551753 0.130791 
1.1592 0.0408347 0.920964 1.57007 1.30603 1.59487 3.02128 0.955995 1.66407 0.641962 0.228744 0.00938009 
1.2777 -0.144957 0.973638 1.24856 2.27664 1.38724 2.37383 0.908778 0.937741 0.233084 0.431343 0.256724 
1.29949 0.0336295 0.755341 1.36925 2.40781 1.60649 1.23708 1.40396 0.493522 -0.257812 0.456862 0.251781 
1.18254 0.438853 0.404445 1.71633 2.23715 1.98127 1.5152 1.1604 0.772543 -0.031335 0.64962 0.244769 
1.24742 0.472701 1.14278 1.91299 1.63899 1.06332 1.847 0.598138 1.21611 0.269359 -0.0496157 0.0725025 
1.15961 0.202334 1.25895 0.680423 1.63965 0.89059 0.701248 1.26348 1.11873 0.53487 -0.0200626 -0.137316 
1.18174 0.249842 2.20455 0.495781 1.52679 1.0104 1.68878 0.946129 0.72052 0.105453 -0.256312 0.153424 
1.1729 0.644931 1.80395 0.630164 1.03304 1.33687 2.08542 0.250248 1.07032 -0.0147036 0.155331 0.206922 
1.03003 0.615602 1.35065 1.21576 1.4636 0.583758 1.80586 0.28266 1.07008 0.226196 0.626745 0.135577 
0.972401 1.12472 1.55292 0.72008 2.25914 0.239568 1.74493 1.01121 0.104456 0.201159 0.633968 0.13245 
1.01853 0.999735 1.58548 1.01103 2.08684 0.705204 1.44115 0.759146 1.19364 0.585712 0.226275 0.137735 
0.989074 0.821592 1.63565 1.65221 2.16615 0.446363 1.29332 1.46015 1.56266 0.793051 0.458645 0.157152 
1.01244 0.915041 1.96595 1.18451 1.92651 0.435495 2.01928 1.41607 1.2117 0.725691 0.467755 0.186559 
1.05863 0.981741 1.30258 0.882194 1.54473 1.38927 2.28723 0.857267 1.4669 0.497423 0.299524 0.0891733 
0.864881 0.798635 1.74337 1.49455 2.57474 1.18641 1.32671 0.0949616 1.25424 0.597388 0.486212 0.0974559 
0.981498 0.776817 1.63386 0.977799 2.26637 0.0855185 2.44631 0.189755 0.569964 0.306433 0.512244 0.242624 
1.01354 0.747742 1.64384 0.788403 1.72171 0.455043 1.47145 0.945469 0.76351 0.428801 0.310434 0.0806772 
0.979021 0.936991 1.82997 1.04503 2.35384 0.91254 1.70715 0.429294 0.394274 0.123454 0.157616 0.130758 
0.938319 0.993184 1.34191 1.80292 2.32273 1.19353 1.64908 0.193514 0.438654 0.442052 0.732186 0.116997 
0.952521 1.00147 1.36955 1.42827 1.67581 1.60682 1.82344 0.380882 0.930233 0.0129885 0.151197 0.109605 
0.912105 0.923872 1.42899 1.45398 1.51191 0.838004 1.46234 -0.0405956 0.665921 -0.114138 0.0104762 0.0923427 
0.88753 1.19458 1.72128 1.62312 1.9277 1.34396 1.22397 0.0520922 1.31185 -0.229434 0.0687911 0.127983 
0.820225 0.97796 1.44284 1.22706 2.12502 1.09773 0.72056 1.73473 1.66058 0.180792 -0.0443134 0.0679264 
0.865712 1.20122 1.69475 1.23346 1.98706 0.544667 0.954855 1.42011 1.57419 0.161659 0.0620762 0.16054 
0.843386 1.04605 1.93018 1.41836 1.4174 0.804104 1.10284 0.677646 0.607281 0.45129 0.326114 0.0525838 
0.865783 0.825209 2.23077 1.07565 1.1178 1.57959 1.91745 0.295672 1.01891 0.631991 0.242086 0.145309 
0.880621 1.13661 1.92649 2.07402 1.71986 1.22998 1.20996 -0.446086 1.56932 0.550282 0.0101073 0.10789 
0.851141 1.27858 1.30626 1.34144 2.01784 0.157846 1.35214 0.813602 1.78816 0.993215 0.194294 0.109373 
0.831833 0.986247 1.46432 0.43596 1.58323 0.0649411 1.51779 1.11725 1.32086 1.13345 -0.0269716 0.132514 
0.780102 0.912553 1.1033 0.682176 1.86188 0.529122 1.7848 1.17867 1.23318 0.795226 0.435987 0.0205273 
0.801022 1.08204 1.11743 0.366363 1.45635 -0.135537 1.28287 1.41624 0.984534 1.00988 0.741313 -0.0423025 
0.78387 1.03789 1.41436 1.22338 1.66784 0.163064 1.2379 0.56686 1.28964 0.296729 0.688038 -0.0293508 
0.860028 1.22254 1.30643 1.512 1.14916 0.190926 1.52268 -0.140025 0.593915 0.101445 0.485096 0.0523393 
0.776241 1.043 1.67577 0.917215 0.940145 0.972391 1.29333 0.237773 0.36133 0.130384 0.457623 0.107087 
0.736563 0.811796 1.49021 0.830873 1.05315 0.0649063 0.563029 1.10419 0.782081 0.344962 0.166301 0.104736 
0.783448 0.839169 1.78863 1.25193 1.02823 -0.557314 0.341962 0.605876 0.427268 0.876439 -0.0127557 0.0652645 
0.711275 1.16722 2.27924 -0.0819808 1.00458 0.648935 0.0568764 0.606836 0.56867 0.474404 -0.196335 0.152615 
0.750143 0.733108 1.80454 0.726808 1.34309 1.26955 -0.312028 0.122261 1.162 0.553157 0.0411394 0.0923032 
0.769251 0.982026 1.44902 1.18512 0.889943 0.446586 0.0870439 0.205855 1.66738 0.633035 0.297862 0.0725533 
