0.5552 0.627871 1.26266 0.663001 1.01343 0.943759 0.389043 0.188402 0.343702 -0.298242 0.3782 -0.163304 
0.448033 0.694188 1.05335 0.0966465 0.77163 0.842849 1.01448 0.12201 0.414277 0.171229 0.600525 0.0247219 
0.348799 0.933895 1.38966 0.685745 0.113805 0.260992 -0.229466 0.284247 0.975005 0.165269 0.675624 0.0784851 
0.38028 0.821179 1.15373 0.376071 0.25901 0.119067 -0.469061 0.00550001 -0.212296 0.258545 0.429174 0.0635352 
0.459664 0.68026 1.26238 -0.266151 0.0967104 0.529582 -0.198316 0.0709073 0.515209 0.52439 -0.22153 -0.0945299 
0.46598 0.501698 1.54523 0.630693 1.27616 0.440057 0.474428 0.661114 0.795154 -0.155706 0.136336 0.0349753 
0.402854 0.574793 1.19921 -0.341941 1.00322 0.54484 1.075 0.999266 1.20758 0.381889 0.034605 0.15442 
0.50091 0.389396 0.958422 -0.292116 0.800366 0.208735 0.227682 1.08283 0.88904 0.48504 0.227829 0.257231 
0.35944 0.244816 2.11288 0.724341 0.00475995 0.531424 0.594598 -0.169075 1.0001 0.168225 -0.0826354 0.326398 
-0.114325 -0.321393 3.26467 0.310386 0.0539956 2.16704 0.0899785 -1.2661 1.84701 0.462904 -0.143507 0.0466425 
-0.415999 -0.515726 3.9602 -0.492967 -1.42811 2.92394 0.396918 -0.545659 1.80914 0.201638 -0.234508 0.14679 
-0.567226 -0.559786 4.02053 -0.342509 -2.00854 3.00472 0.804078 -0.615478 0.556446 0.548596 -0.151515 -0.0262016 
-0.7898 -0.745283 4.56318 0.250508 -1.99173 2.71183 0.850075 -1.89005 1.35931 0.219685 -0.397288 0.0776051 
-1.03014 -0.664301 4.60126 0.00474184 -1.0712 2.11605 0.462041 -1.35167 1.4865 0.160118 -0.257094 0.0999606 
-1.15676 -0.124809 4.32705 -0.752807 -0.856881 2.41287 0.70731 -0.65241 1.43478 -0.145547 -0.0507774 -0.0354228 
-1.367 0.098371 3.93416 -0.330677 -0.635766 1.44652 -0.774518 -0.289119 1.25923 0.132112 -0.0146252 0.0612316 
-1.56706 0.296998 4.32985 -0.187366 -0.376912 1.18679 -0.609757 -0.586566 0.192035 -0.00138937 -0.221819 -0.152341 
-1.45027 -0.390395 3.90437 -0.607891 0.0545489 0.839358 0.358499 -0.0130098 0.532517 -0.12752 0.0760531 -0.0325891 
-1.31706 -0.287144 3.67774 -0.569323 -0.933592 1.80068 0.510383 0.788794 1.35689 -0.371826 0.221301 0.243823 
-1.35792 -0.195354 3.8891 -0.074032 -0.994389 1.62617 0.718894 0.183009 1.2597 -0.487686 0.337569 0.272015 
-1.14852 -0.748701 3.41115 0.00977699 -0.0986466 1.21724 1.15233 -0.665429 1.49459 -0.308897 0.344555 0.325382 
-1.00318 -0.847601 1.89332 -2.40773 -0.782394 1.87592 1.26951 0.0874877 2.21018 0.138409 -0.0738988 0.163896 
-1.04641 -0.739911 2.42376 -2.31012 -1.10207 2.23329 0.547175 1.27391 1.08446 0.0904676 -0.0844124 0.168327 
-1.16627 -0.203474 3.12112 -0.480505 -0.641548 2.03169 0.779326 0.684352 1.58874 -0.538131 0.300581 0.386904 
-1.24363 -0.792621 3.23238 0.126928 -0.48715 1.51084 0.799791 1.16008 0.945732 -0.900905 0.373317 0.349112 
-1.1164 -1.14725 3.39619 0.615142 -0.225212 1.69481 1.2471 0.854101 0.677891 -0.797465 0.354686 0.213572 
-0.642489 -0.860155 2.89421 -0.39508 -0.455859 1.24843 1.02817 0.50182 0.897436 -0.781872 -0.275697 -0.0155107 
-0.0337359 -0.218824 2.57084 0.0389959 -0.359961 0.904612 1.4657 0.384055 0.829525 -0.165184 -0.535107 -0.193458 
0.212608 -0.364388 3.25486 -0.20943 -0.40378 0.287401 0.807842 0.945495 0.649131 -0.292775 -0.26001 -0.00358504 
0.661666 0.407418 3.43116 -0.217572 0.0369777 1.23503 0.712206 0.289031 1.42291 0.269225 -0.00969897 -0.0222382 
1.56347 0.797854 2.26573 -0.990608 -0.0841622 0.467994 0.351938 -0.486391 1.0698 0.317506 0.0556958 0.0890641 
1.71212 0.818296 2.68945 -1.45835 0.139008 0.695557 -0.354435 -0.083046 1.12149 -0.431523 -0.0984323 0.137742 
1.68794 1.11482 3.17408 -1.06057 -0.428653 0.974649 -0.560522 -0.179699 0.970084 -0.110606 -0.214609 -0.0362142 
2.07235 0.372798 1.65585 -0.853119 0.49437 1.47496 -1.52332 -0.572969 1.26962 0.273486 0.150792 -0.0809361 
2.13882 0.558174 1.14344 -0.675491 0.748555 0.801442 -0.890723 -0.589387 1.37824 0.30238 -0.00997108 -0.0556347 
2.20157 0.773714 0.666636 -0.985838 1.39461 0.953899 -0.833078 -1.01495 1.70944 0.446525 0.109215 -0.00767408 
2.3092 0.505432 0.637339 -1.17258 1.52314 1.05064 -0.83161 -0.872606 1.68524 0.144175 -0.169027 0.0481213 
2.22811 0.659591 0.835233 -1.31175 1.27083 1.35505 -0.667306 -0.598931 1.70132 -0.245699 -0.141411 0.147655 
2.32139 0.703965 0.525352 -1.40645 1.73331 1.38106 -1.37734 -0.764699 1.89465 -0.0422439 0.0645577 0.0580772 
1.9987 0.786463 1.39762 -1.14188 0.807534 0.938782 -0.955745 -0.491811 1.62186 -0.322013 0.313679 0.363487 
1.98865 1.19983 2.1304 -1.1685 0.123527 1.54746 -0.655683 -0.101474 1.52215 -0.517597 0.283581 0.373836 
2.06317 1.05256 1.19494 -1.27284 0.192142 1.48744 -0.263185 0.266262 1.72849 -1.04038 0.103907 0.331849 
2.09552 1.11576 1.03935 -0.275771 0.651143 1.37749 -1.26924 -0.561172 2.53336 -0.0351666 0.039048 0.0916084 
2.08791 1.22124 1.78478 -0.282569 1.21157 1.47539 -0.656513 -0.220331 1.7998 0.191185 -0.0801683 -0.0255437 
2.03735 1.24572 1.87059 -0.684572 1.03641 1.96803 0.245136 0.418236 1.42455 -0.147476 0.0655433 0.149466 
2.16198 1.28102 2.42538 -0.0783111 0.775839 0.928065 -0.0277571 -0.0852899 1.65689 0.1404 -0.150484 0.16655 
2.16615 1.50715 1.44222 -0.1732 -0.088213 1.17686 0.830328 -0.00247821 1.40792 -0.281884 -0.055102 0.182496 
2.39467 1.5667 0.564972 -1.19584 0.250153 1.02487 0.0191258 -0.164036 1.43974 -0.37944 0.0904662 0.161172 
2.34365 1.32829 0.906283 -1.23342 0.305322 0.598424 0.368928 -0.381987 1.27217 -0.0708755 -0.0937504 0.0901744 
2.32345 1.44021 0.444361 -1.32021 -0.139826 0.776497 0.715831 -0.31655 1.34654 -0.173307 0.042256 0.112965 
2.39338 1.47463 0.85591 -1.75222 -0.128628 0.597267 0.648296 -0.438712 1.62614 -0.189683 -0.172718 0.152866 
2.38258 1.63102 1.44079 -1.50046 0.168889 1.11244 -0.428095 -0.257211 1.59566 0.254638 0.160194 0.0831068 
2.64103 1.51395 0.991365 -1.29956 0.795781 0.874889 -0.511117 0.00727875 1.17655 0.51381 0.203582 -0.110911 
2.49201 1.3977 0.765934 -0.205607 0.894977 1.36551 0.401009 0.0245026 1.04792 0.15991 -0.278899 -0.275418 
2.44261 1.5583 1.03837 -1.00093 -0.210041 1.93058 0.347852 -0.181596 0.953877 0.378065 0.0467568 -0.0248793 
2.3067 1.61809 1.14001 -1.03496 0.897926 1.17935 0.236283 -0.496932 1.1374 0.493717 0.0259276 -0.100446 
2.39862 1.63886 0.632333 -1.42923 1.11665 0.946884 0.881967 -0.625283 1.00514 0.517279 0.185622 0.0887076 
2.34655 1.76505 1.19459 -1.46149 1.30746 1.15034 0.838963 -0.395396 1.17145 0.406332 0.0331265 0.0901696 
2.13442 2.05511 1.0162 -0.649761 0.852046 1.1567 1.52364 -0.546186 0.959928 -0.0234921 0.109407 0.167388 
2.19488 1.97419 1.37658 -0.653359 0.447628 1.61179 0.624964 -0.482754 1.31733 0.0285744 0.284938 0.287551 
2.32551 1.55998 1.21348 -0.61584 0.592613 2.20143 -0.00508613 0.233648 1.20191 -0.535416 0.0936324 0.245245 
2.16949 1.71913 0.932594 -0.952023 0.89173 1.04525 1.00989 0.773799 1.06375 0.260711 0.43135 0.23258 
2.13024 2.29064 1.03341 -1.24258 0.606715 1.51201 1.33608 -0.220971 1.29508 0.189379 0.445583 0.33718 
1.93703 2.11401 1.33952 -0.00975617 0.45718 1.60703 1.421 -0.539948 0.626801 -0.0410347 0.061841 0.111053 
1.96671 1.95129 1.08443 0.268922 0.783704 0.322174 0.893172 0.115793 1.15654 0.889873 0.424913 0.109304 
1.97765 1.90888 1.85801 -0.302549 0.921139 0.358768 0.94776 0.978294 0.413702 0.387269 0.134673 -0.00595094 
1.82586 2.23427 1.88369 -0.205401 0.958092 0.243292 1.53223 0.742319 0.325903 0.098708 0.17652 0.0971833 
1.79803 1.94627 1.81167 0.97074 1.7256 0.477257 1.803 0.565823 1.19338 0.0695792 -0.23006 -0.0793078 
1.82398 1.59432 2.20059 0.253993 1.55887 1.00254 2.07039 0.865591 0.499253 0.465378 -0.073861 0.0275559 
1.72523 1.65746 2.59514 0.338053 1.38122 1.67636 1.6566 1.22886 0.882545 0.146304 -0.221685 -0.074565 
1.67063 1.74247 2.31656 1.00162 0.75648 1.25063 1.72455 1.17577 0.385645 0.182006 0.088561 -0.024456 
1.62604 1.64819 2.26866 1.08391 1.28607 0.618541 2.39339 1.14425 0.229172 0.507166 0.252658 0.0936797 
1.53548 1.73749 1.54621 0.913718 1.86805 0.901519 1.79738 0.851539 0.216069 -0.134512 0.0727324 0.0474264 
1.57698 1.69077 1.78079 0.396015 0.928282 0.353979 1.47796 0.257063 0.626788 0.853443 -0.0409623 -0.00582942 
1.60885 1.80933 1.50614 0.553593 0.536045 -0.244645 1.22075 0.610795 1.51143 0.236076 0.663295 0.215386 
1.47235 1.80698 1.26811 0.262857 0.597518 -0.615939 0.163113 1.47961 1.01493 0.0426003 0.649592 0.0169702 
1.46816 1.69637 1.07716 -0.0686154 0.634039 -0.104405 0.612178 0.973154 0.918923 0.851834 0.479194 -0.0169821 
1.40884 1.54815 1.09048 0.0547914 0.799853 0.652284 1.24345 0.561749 0.9242 1.1701 0.237554 0.0093319 
1.57058 1.14929 0.410021 -0.105371 2.33256 1.37495 2.63112 0.110389 1.00847 1.00041 0.415896 0.238557 
1.49721 1.02273 0.666993 0.236636 2.93539 2.17389 2.75027 -0.0334308 1.06721 0.51812 0.297371 0.325266 
1.48976 1.4498 2.00352 0.73454 2.17126 0.101849 1.32462 0.962285 1.23652 0.725404 0.324206 0.261095 
1.47102 1.7946 1.8426 0.566639 1.54858 0.411989 1.57012 0.689909 1.25694 0.300882 0.923359 0.369222 
1.41227 1.56929 1.80045 0.222068 1.39029 0.788965 2.51876 0.29496 0.873718 0.560616 0.794984 0.37677 
1.42109 1.52061 1.68342 0.140595 0.908278 0.584426 2.20243 0.290736 0.761257 0.746024 0.756353 0.29091 
1.39149 0.91266 1.83853 0.6118 0.921058 -0.0496625 1.39974 0.687337 1.7519 0.80406 0.608471 0.277492 
1.23931 1.09966 1.93781 0.478701 0.944705 -0.0168153 0.92561 0.431137 0.614279 0.3437 0.511578 0.0959914 
1.23398 1.02648 1.86468 0.764288 1.94479 0.837815 1.23227 0.793547 0.908657 0.149962 0.497191 0.205032 
1.33945 1.25736 2.13225 0.805034 2.31288 0.705328 1.34582 0.952463 0.789778 0.247448 0.540236 0.250284 
1.31632 1.63059 1.89777 0.747729 1.93057 0.525698 0.970404 1.0158 1.57945 0.854331 0.553046 0.237755 
1.35079 1.79627 1.20683 0.82518 1.87295 0.748209 1.11725 0.578795 1.69555 0.387838 0.982723 0.265567 
1.23513 1.64313 1.75297 0.734934 1.57895 1.72041 1.42071 1.1724 0.310111 0.40173 1.07494 0.249201 
1.04563 1.55055 1.87186 1.01987 2.00296 1.12416 1.32916 1.38603 1.02526 0.197332 0.804176 0.15871 
1.18359 1.4267 1.67844 0.732844 2.08129 1.36965 1.31431 0.528885 0.629944 0.0331532 0.840442 0.196623 
1.29067 1.49855 1.25067 0.991678 1.49742 0.547347 1.17055 0.542763 0.730014 -0.4021 1.28444 0.258388 
1.18382 1.46886 1.35787 0.791762 1.75698 0.62885 1.35548 0.724015 0.544303 0.610811 0.879574 0.187778 
1.16139 1.72657 1.87345 0.762691 1.6716 0.481343 1.14198 0.701607 0.459173 0.709524 0.611725 0.17902 
1.06667 1.43291 1.8089 0.509685 1.76925 0.733311 1.66085 0.853325 0.416958 0.23685 0.59235 0.159708 
1.0392 0.996702 1.65197 0.658737 1.78576 1.19873 2.00966 1.05545 1.27278 0.684813 1.03312 0.183292 
1.03932 0.885459 1.40851 0.968641 2.00989 1.67418 1.45159 1.22814 1.22805 0.336442 1.01581 0.16508 
1.11756 1.18906 1.72018 0.900434 1.98118 1.80443 1.62951 0.866819 0.74409 -0.0624708 0.795903 0.209925 
1.11295 1.38173 1.20597 0.483322 1.31276 1.55036 1.61198 0.728236 0.474124 -0.211849 0.757175 0.147432 
1.09555 1.13721 1.08903 -0.252883 0.869432 1.28732 2.13368 0.941343 0.17435 0.124953 0.50698 0.0235411 
0.933404 1.02815 1.3452 -0.450146 1.3439 0.821518 1.48389 1.09461 0.783554 0.532766 0.331916 -0.00835126 
1.04449 1.09949 0.685034 -0.785251 1.79437 0.126484 0.479834 0.816039 0.369525 0.105597 0.787464 -0.00753586 
1.04716 0.954804 1.09818 -0.365716 1.67647 0.0544836 0.624602 1.64408 -0.18242 -0.47171 0.515038 -0.00456552 
1.12615 0.849277 1.59038 0.762643 2.58946 0.520721 1.22656 0.81111 0.70565 0.367394 0.124868 0.138978 
1.01066 1.02938 1.00957 0.720757 1.70012 1.25354 1.07279 0.82352 0.610525 0.748525 0.599079 0.0115409 
1.03173 1.04746 1.04691 0.440725 0.322506 0.259758 1.27704 0.667892 0.307688 0.378133 0.571462 0.0196902 
1.04312 1.09439 1.05998 0.64004 0.914736 0.144507 0.970641 0.374395 0.309447 0.488187 0.0569876 0.0584666 
0.887805 0.912261 0.361245 -0.145545 1.80284 0.753643 1.06136 0.28701 0.913179 -0.0176324 0.0466877 0.175522 
0.944668 0.939166 0.910147 -0.153911 1.5313 2.17082 1.68751 0.974929 0.451336 0.0339526 0.244107 0.0823017 
1.01819 0.772866 1.21379 -0.536784 0.812334 0.847679 1.41046 1.30448 0.904334 -0.0848575 0.250268 -0.059769 
1.09072 1.02322 1.26366 -0.0881565 0.680576 0.297941 1.56969 0.923231 1.27562 -0.103394 0.637366 0.0586804 
1.05188 1.23412 1.33189 0.0250381 1.32774 0.496221 0.780346 0.549313 1.53241 0.520125 0.739716 0.125098 
0.978966 1.07062 1.33181 0.691155 -0.0226423 0.514911 0.168369 0.953736 1.83738 0.357002 0.426125 0.116115 
