0.343195 0.614394 1.5234 1.51096 1.18667 0.559192 0.844007 0.524579 0.493383 0.0361398 0.0589448 -0.305466 
0.38902 0.863924 1.13372 1.12293 1.01396 0.882601 0.456928 0.374748 0.408321 0.258766 -0.236624 -0.415629 
0.431579 0.559875 0.792366 1.1249 0.739521 0.396517 0.248674 0.336835 0.975046 0.273324 -0.148269 -0.266664 
0.48593 0.262201 0.979541 1.81472 0.898253 0.251075 1.10893 0.832497 1.76415 0.107957 0.354281 -0.136691 
0.503618 0.562887 1.41483 1.30523 0.706795 0.442827 0.91005 0.656588 0.616866 0.650286 0.575362 -0.0929465 
0.428762 0.681489 1.67985 0.681981 0.986279 0.261242 0.786025 0.608817 0.315338 0.108346 0.443853 -0.0661187 
0.469006 0.807064 1.37546 1.22749 0.875888 0.443715 0.166467 0.639529 1.41337 0.470577 0.0952105 -0.0789398 
0.386797 0.666821 0.870926 0.93696 0.924678 0.57379 0.492433 -0.145163 0.954528 0.431365 0.505648 -0.155461 
0.466376 0.515716 1.45339 0.602715 0.557983 0.793603 0.683137 0.278315 1.12817 -0.118955 0.411086 -0.0267801 
0.427335 0.57281 1.24742 0.303696 1.41998 1.59576 0.742774 0.784709 1.21394 -0.130414 0.241991 -0.0482789 
0.260703 0.517559 1.05876 0.674563 1.22622 0.907538 0.497761 0.336435 0.403133 -0.0398404 0.0582156 -0.162445 
0.394491 0.770014 0.855945 0.46829 -0.0110243 0.632482 0.548569 0.700533 -0.0716389 0.0682055 -0.0157979 0.0384008 
0.50502 0.68185 0.163164 0.734374 0.783822 0.628056 0.69076 -0.447705 0.0666137 0.0820007 -0.0502373 0.0323141 
0.54449 0.506716 0.236451 0.680415 1.36678 0.195045 1.32595 0.568103 0.0172041 0.0383255 0.103843 0.082985 
0.914182 0.84961 0.367137 -0.0843518 1.30041 0.803525 2.91641 1.23657 0.661164 -0.832046 -0.128317 -0.196307 
1.07972 0.951286 0.795974 0.201365 1.73693 2.07891 2.55624 0.70899 0.394927 -1.12301 -0.0892622 -0.0193702 
1.38204 1.15252 0.778056 -0.138694 2.36685 2.0946 2.42275 0.426427 0.0419769 -0.32316 -0.488641 -0.0168666 
1.18744 0.70391 0.944832 0.920222 2.08932 0.601488 3.7421 0.328285 -0.466839 0.220166 -0.422402 0.023342 
1.52417 0.440119 -0.230129 1.134 2.90929 0.571987 3.54245 -0.443918 -0.421314 0.453824 -0.840534 -0.25429 
2.05427 0.581155 -0.642352 0.900194 3.9298 0.253241 2.79121 -0.00261816 0.0839709 -0.0975917 -1.05739 -0.245061 
2.11588 0.825448 -0.0971905 0.992802 4.14519 0.287459 2.81423 0.271488 0.312248 0.0498077 -1.22287 -0.272986 
2.03837 1.19601 0.315785 1.06659 2.97922 0.939268 2.9955 0.954604 0.204593 0.43067 -0.850664 -0.412265 
1.89141 0.809932 0.447116 0.874552 3.8806 1.33222 3.29103 0.403304 -0.65344 0.62429 -0.80919 -0.186523 
2.18262 0.662441 -1.02925 0.102917 4.18797 0.152725 2.14833 0.402975 0.229756 0.186682 -1.16668 -0.304821 
2.4124 0.564502 -2.12539 0.0264635 4.21651 0.498943 1.30666 0.588684 0.501092 0.186495 -1.17505 -0.5072 
2.25296 0.660037 -2.12738 0.0095934 3.99136 0.524091 1.56854 0.743385 0.687154 0.162034 -1.19324 -0.531171 
2.41443 0.451919 -1.7494 -0.0388223 4.56274 0.0905326 1.18725 0.85697 0.565597 0.507472 -1.2924 -0.53633 
2.23471 0.633888 -2.8061 -0.0827663 4.61747 0.622586 1.50982 0.702641 0.420154 0.254434 -1.3619 -0.379468 
2.29394 0.851769 -2.40251 -0.053771 4.4638 0.303174 1.78069 0.459777 0.666603 0.240951 -1.30975 -0.383966 
2.09653 1.16032 -1.95219 0.415464 3.79072 0.695101 1.75137 0.884701 0.086721 0.0648104 -1.16116 -0.284625 
2.17467 1.22651 -1.87346 0.984777 4.31393 0.579334 1.885 0.771725 0.0851185 0.11968 -1.20875 -0.16651 
2.14271 1.17818 -1.41983 0.863944 4.18593 0.611352 2.07799 0.681467 0.267421 0.165991 -1.15371 -0.318059 
2.21796 0.817237 -1.56106 0.58668 4.30534 0.701438 1.61801 0.748099 0.212668 0.13474 -1.09494 -0.347379 
2.13533 1.04891 -1.32795 0.056907 4.45262 0.465387 1.53976 1.06564 0.245369 0.352415 -1.29365 -0.380579 
2.13835 1.19928 -1.47866 0.0575243 4.57678 0.280853 1.39128 0.784382 0.649856 0.379346 -1.37887 -0.441464 
2.11282 1.1057 -1.17298 0.0299032 4.45834 0.638938 1.04752 1.02271 0.460406 0.477462 -1.2732 -0.582903 
1.91645 1.58754 -1.16118 0.293007 4.31416 0.707123 1.51638 0.900506 0.550507 0.44923 -1.34614 -0.518632 
1.80815 1.76815 -0.844184 0.233092 4.04904 0.727917 1.3747 1.41682 0.585839 0.298468 -1.348 -0.54194 
1.84083 1.77759 -0.948617 0.568716 3.9221 0.215625 1.35682 1.75227 0.751613 0.167356 -1.528 -0.438756 
1.97706 1.4118 -0.817742 1.14282 3.83496 1.05133 0.46278 1.83047 0.688037 0.175451 -1.26509 -0.50063 
2.13426 1.08446 -0.722779 0.600883 4.16816 1.01638 0.851295 1.42028 0.678095 0.451624 -1.06935 -0.568383 
2.01658 1.33436 -0.622606 -0.275474 4.68461 1.12409 1.12357 1.24998 0.878182 0.482425 -0.952138 -0.540758 
1.83539 1.40607 -1.03861 0.456305 4.44574 1.22292 0.564597 1.2208 0.826078 0.494984 -0.663867 -0.381638 
1.84582 1.3737 -0.741037 -0.223462 4.82655 0.867857 1.43056 1.33892 0.838832 0.595727 -0.800777 -0.308327 
1.82949 1.3323 -1.57759 0.462139 4.5434 1.35975 1.70382 1.08757 0.704656 0.912852 -0.672376 -0.176462 
1.99343 0.661704 -1.71951 0.751619 4.4304 1.75173 1.85018 1.53316 0.90686 0.94418 -0.582491 -0.260469 
1.91724 0.945694 -0.319718 0.351709 4.17234 2.65911 0.771633 1.71559 1.07652 0.560732 -0.367584 -0.396473 
1.79551 0.948834 -0.0476935 0.212352 4.54041 1.75893 0.571559 2.05292 1.30811 0.377497 -0.203624 -0.206704 
1.89052 1.19295 0.262586 0.3009 4.63525 1.84198 1.1471 2.06369 1.39485 0.464085 -0.508505 -0.305908 
1.94212 1.35577 0.404322 0.734293 5.03782 2.33811 1.8165 1.23575 1.36703 0.589887 -0.598545 -0.287176 
2.00374 1.13892 -0.321642 1.35304 4.51049 2.41631 1.62244 0.963794 1.15896 0.60871 -0.502935 -0.30109 
2.10454 0.497344 -0.127724 1.37753 4.8707 1.52447 1.32676 0.953039 0.815731 0.747254 -0.579128 -0.264945 
2.12122 0.565925 0.282223 1.4671 4.40785 1.44257 1.39425 1.51926 0.650382 0.225944 -0.942451 -0.392251 
2.00694 0.941537 0.117752 0.664524 4.1759 1.17118 1.1683 1.46158 1.0878 0.213819 -1.10054 -0.510406 
1.75041 0.923135 -0.281149 0.325732 3.77184 0.980093 0.930856 0.889416 1.27374 0.130419 -1.07092 -0.586768 
1.74659 0.930402 -0.31008 0.670664 3.40268 1.28339 1.05973 1.19066 1.53625 0.244168 -1.01822 -0.593615 
1.86689 0.795257 -0.280254 0.92191 3.03417 1.50586 0.921747 1.26441 1.90614 0.167353 -0.885286 -0.539804 
1.96081 1.01774 0.0973162 0.936355 3.48544 1.19067 1.44822 1.31877 1.70044 -0.160099 -1.12338 -0.480678 
1.88065 0.967592 -0.294981 1.14526 3.37918 1.28152 1.11999 1.04022 1.22194 -0.0330952 -0.786793 -0.382571 
1.91825 0.882505 -0.321005 0.864086 3.25823 1.59235 1.49791 1.0695 2.02058 -0.0246745 -0.682132 -0.366942 
1.68234 0.819753 0.288702 0.77974 3.04449 1.01022 2.02992 1.22715 2.31027 0.537542 -0.893901 -0.397519 
1.66893 0.893273 0.428143 0.727458 3.73973 1.37554 1.70263 0.90355 1.75499 0.655851 -0.79909 -0.333381 
1.62996 0.892625 -0.0747187 0.665327 3.36012 1.49405 1.74773 1.23219 1.34134 0.601024 -0.871248 -0.432861 
1.75891 0.811152 0.12225 1.04799 2.94753 2.04802 1.5646 1.34934 1.52328 0.292841 -0.911397 -0.460054 
1.72313 0.800081 -0.041596 1.53954 2.98666 2.22417 1.59363 0.540725 1.47064 0.528094 -0.706657 -0.420699 
1.57007 0.849493 0.35438 1.3675 2.8264 2.13902 1.90627 1.20875 2.2686 0.409142 -0.876236 -0.297487 
1.63489 0.800757 -0.0597655 0.454849 3.35156 2.03938 1.72857 1.79448 2.54286 0.202106 -0.514868 -0.24031 
1.5343 1.05655 0.17531 0.744563 3.66853 2.11672 1.70963 1.72574 2.36523 0.375072 -0.413239 -0.167193 
1.53481 0.863299 0.908439 1.23543 3.44976 2.19066 2.06925 1.24289 1.62505 0.663749 -0.30031 0.051009 
1.49765 0.89439 1.41282 0.628631 3.93913 2.24137 1.22978 0.889245 1.80239 0.852292 -0.106912 0.0662365 
1.38768 0.0454729 1.10771 1.21169 2.6845 1.93567 1.59991 1.34351 1.85101 0.876511 -0.0121627 0.0380884 
1.01422 -0.586447 0.818037 1.62528 1.80365 -0.0534155 1.14602 1.27899 0.916581 0.868597 0.768141 -0.114839 
0.402698 -0.867886 1.68318 1.49654 0.788655 0.183919 1.77438 1.42657 0.439466 -0.208173 0.525072 0.0314105 
0.177784 -1.50996 1.85079 2.40987 0.298228 1.03181 2.41287 1.94 -0.497262 -0.922431 0.804031 0.253348 
0.167461 -1.87929 2.06985 3.05145 1.02353 0.515249 2.88218 2.10376 -0.897896 -0.859128 0.814823 0.356201 
0.363376 -1.22232 1.5475 2.24316 1.91882 0.24102 2.61694 2.19495 -0.964076 -0.613482 0.771877 0.358384 
0.610566 -1.03849 1.04191 1.86488 1.40927 0.870801 2.42491 2.08286 -0.175029 -0.487839 0.871332 0.0881624 
0.656378 -0.90881 1.31408 1.51091 1.86922 0.673337 2.85939 2.40315 0.319011 -0.55073 0.873237 0.114299 
0.650988 -0.740414 1.71652 1.62462 1.51453 1.50412 2.60676 1.69574 -0.0860666 -0.893267 1.0144 0.407598 
0.758193 -0.767602 1.58797 1.16471 1.70286 0.683401 2.75868 2.44745 -0.0767517 -0.658083 0.860879 0.20764 
0.680154 -0.800987 1.27039 1.55367 1.22192 0.261345 2.26376 2.64918 1.16516 -0.582481 0.78861 -0.0749823 
0.826459 -0.476862 0.822024 1.49175 0.995746 0.857648 2.67372 2.07275 0.725513 -0.35933 0.787342 -0.03213 
0.943257 -0.760018 1.09922 1.42357 0.879161 0.810735 2.97846 2.48163 0.480666 -0.240011 0.642758 -0.0125321 
0.892976 -0.842074 1.13361 1.48723 1.53454 0.801093 2.87736 2.38381 0.491171 0.209963 0.511677 -0.0911207 
0.904543 -0.656294 1.36846 0.999397 2.0392 1.70953 1.79038 1.9136 0.653009 0.25764 0.637372 0.00365519 
0.901444 -0.573499 0.991544 1.86211 0.795799 1.35729 2.62203 1.77632 1.48438 -0.0781242 0.877989 0.0158236 
0.956029 -0.676012 1.28106 1.64307 0.879916 0.473856 3.22544 1.66031 1.88456 -0.152806 0.794535 0.107389 
0.947586 -0.398372 0.895887 1.56621 0.726245 0.682196 3.40052 1.48531 1.45705 0.337808 1.04536 -0.204765 
0.904704 -0.45651 0.827878 1.73258 0.69886 -0.183923 2.2593 1.69755 1.71428 0.386366 0.788847 -0.278656 
0.963226 -0.704361 1.01364 1.22992 0.922768 -0.555856 2.32324 1.89775 1.23595 -0.0254213 0.638815 -0.0102733 
0.81351 -0.518563 1.35294 1.15052 0.246306 0.0570084 2.361 1.30869 1.62073 -0.197544 0.692366 0.0256402 
0.938454 -0.528093 1.22358 1.88404 0.22791 -0.311378 2.00184 2.32713 1.40546 0.0686395 0.87902 0.0298667 
1.02984 -0.379592 1.45404 1.49271 0.591055 0.0280524 2.23996 1.90253 1.56966 -0.215797 1.09847 0.176149 
0.958457 -0.227811 1.91809 1.54766 0.890793 0.0983235 2.60278 2.70056 1.07602 -0.148985 1.0379 0.185563 
0.952419 0.0900949 2.5174 1.81012 0.77429 -0.0505744 2.99676 2.40362 0.90593 -0.052368 0.855681 0.30526 
0.908985 0.0176811 1.99642 2.10894 0.652713 0.276025 2.53191 1.71162 1.38799 0.0141651 0.856629 0.169785 
0.809437 -0.285285 1.74959 2.10888 0.960786 0.970051 2.18045 1.50499 1.62239 0.112373 0.946533 0.0728344 
0.9101 -0.586592 1.8635 2.24943 1.0261 0.751613 1.52397 2.35844 1.74644 0.359598 0.840111 0.0537826 
1.00309 -0.477123 1.54367 2.43368 1.3763 0.209211 1.53216 1.61984 1.51785 0.233363 0.6783 0.116342 
0.834234 0.0501531 2.17092 2.62633 0.424639 0.34331 2.23986 1.35203 0.843499 -0.583202 1.00395 0.253285 
0.911414 0.0778895 1.83323 1.9307 1.02299 0.225366 2.30907 1.94909 0.729074 -0.363747 1.15516 0.228154 
0.924671 -0.151298 1.54871 2.06104 2.60147 0.155107 2.0346 2.09129 0.380979 0.455335 0.744789 0.185239 
0.841247 -0.104436 1.35657 2.40959 1.45648 0.351974 2.24817 2.09688 0.667763 0.0527394 0.94362 0.148146 
0.841589 -0.021938 1.4994 2.09492 1.29732 0.0548651 2.27321 1.66741 0.914519 0.256059 0.532417 0.117136 
1.04655 0.44134 1.7035 1.90772 1.57447 -0.714153 1.94364 0.683057 0.439832 0.443941 1.01528 0.191953 
0.878067 0.390674 2.0164 1.94778 0.756913 0.0716843 2.2917 1.26056 1.01983 -0.0767609 1.07462 0.167446 
0.797156 0.673307 1.73393 1.24181 1.77851 0.404812 2.40749 1.3019 0.10913 0.583588 0.964622 0.0224666 
