0.627811 1.04708 1.78176 1.05782 1.35195 0.179988 1.76364 0.696871 0.405174 0.796816 0.641399 -0.0973438 
0.53118 1.07032 1.83822 0.43241 1.75944 1.46151 1.05445 0.414566 0.656635 0.972386 0.318056 -0.083694 
0.441941 1.00126 1.36931 0.625358 1.4752 1.08036 1.18879 1.03624 0.704867 0.189074 -0.135423 0.194278 
0.609608 0.978971 1.62275 1.11999 1.47993 1.31076 2.04598 1.50582 -0.104249 0.770536 -0.306622 0.167499 
0.601358 1.14943 1.59508 0.665259 0.441545 1.21897 1.65841 1.53331 1.21014 0.973544 0.465808 -0.0945293 
0.676058 0.790386 1.16593 0.791589 1.90458 0.961446 1.68242 1.52353 1.66297 0.253525 0.240143 0.0411738 
0.698204 0.570994 1.5601 1.70418 1.62378 1.46342 1.29692 0.819831 1.07081 -0.190473 0.487386 0.101148 
0.780274 1.33663 1.88421 1.92279 1.55072 1.38591 1.37498 0.928114 1.34105 1.04355 0.446236 0.13023 
1.00117 1.93034 1.76897 2.01667 1.3556 1.11835 2.06928 0.814358 0.899536 0.964821 0.526176 0.194999 
1.21625 2.43056 2.4192 1.87328 2.13881 1.28296 1.47439 1.22743 0.571009 0.560534 0.129304 0.12513 
1.41802 2.79877 2.94273 2.43935 2.22154 1.84629 1.52413 1.14409 0.548686 0.53365 -0.157989 0.0158196 
1.89888 3.26174 2.35479 2.23512 1.88414 0.632334 1.09825 1.88511 1.35868 0.0706332 0.109025 -0.116795 
1.84086 2.82623 2.60511 2.16839 2.36867 1.81885 1.30806 1.43133 0.661509 0.156777 -0.0266928 -0.0840807 
1.85503 2.67271 2.59506 2.21885 3.63709 1.93608 1.27207 0.606386 0.758123 0.306266 0.0412306 -0.0456997 
1.74135 2.53934 2.41055 2.12897 3.24878 1.91574 1.85965 1.26832 0.671304 0.156943 0.0257782 -0.00520976 
1.96902 2.30318 2.64914 1.76103 3.15003 1.54536 2.49449 0.713017 1.03637 0.559526 -0.139074 0.0420687 
1.83216 2.23238 2.83746 2.32216 2.39611 2.26866 1.94133 1.16963 0.842264 0.69647 -0.0252399 -0.0105493 
1.77872 2.16213 2.86896 2.64525 2.02458 0.874894 2.08792 1.90898 1.38442 0.826348 0.0477424 0.0963236 
1.75861 2.33569 2.86961 2.77985 2.3657 0.78066 2.47107 2.11148 0.99679 0.393634 0.224152 0.161681 
1.62166 2.34635 2.99863 2.5118 2.15349 1.61496 1.96722 1.83408 1.50399 0.380513 0.281483 0.176276 
1.50761 2.00005 3.65006 3.38676 2.4249 1.79459 3.01388 1.46768 0.52624 -0.306706 0.920376 0.198202 
1.39634 2.04889 3.01954 3.06827 2.73432 1.73445 2.48611 1.31517 0.888835 0.0132347 0.464093 0.16578 
1.20847 1.8474 3.19817 4.04599 1.926 1.29058 2.70067 1.63017 0.277108 -0.051839 0.670598 0.112308 
1.28111 1.859 2.93097 3.95313 1.1363 0.522123 3.28817 1.80138 0.396472 -0.2048 0.618457 0.125993 
1.25919 1.76888 2.84336 3.38782 0.857447 0.218778 3.45714 2.07199 0.970583 -0.125486 0.756377 0.252551 
1.16367 1.66241 3.03035 3.25764 0.720271 0.683857 3.12073 2.29514 0.785379 0.00607831 0.695142 0.259958 
0.993012 1.52447 3.54641 3.84111 1.29672 0.21968 3.60591 1.99474 0.382976 0.481048 0.448404 0.348807 
0.967732 1.48505 2.99559 3.94341 2.06287 0.545219 2.68263 1.26202 0.511567 -0.0195054 0.922498 0.181264 
0.779189 1.48718 3.49394 2.80468 3.06301 0.497496 1.79561 2.53657 -0.273683 0.448021 0.677113 0.137968 
0.721884 1.30868 3.88147 3.00175 3.64981 0.867969 1.00054 2.12895 0.147374 0.450726 0.466647 -0.0122785 
0.627603 1.18972 4.02237 3.65979 3.79345 0.364666 1.24775 1.26881 0.617109 0.420786 0.506681 -0.171747 
0.641166 1.45198 3.78077 3.37789 3.80379 0.727112 1.52294 0.960367 0.54917 0.507688 0.574333 -0.157479 
0.87483 1.03511 3.8616 3.5492 3.5032 0.675608 1.70909 1.43961 0.433387 0.198841 0.618932 0.0612779 
0.816598 0.591542 4.3217 3.19658 2.57598 1.16264 1.75629 1.55914 -0.144462 0.250205 0.741148 -0.0407929 
0.660443 0.774365 4.01809 3.53685 1.96693 1.744 1.26655 1.46574 -0.0146184 0.139477 0.643199 -0.0672748 
0.580723 0.580692 3.55652 3.99635 2.34955 0.969593 1.55983 1.29893 0.190444 -0.00890529 0.66267 -0.00423407 
0.67299 0.245783 3.14741 3.76312 2.87599 1.22639 1.9695 1.36963 -0.556623 0.397164 0.468337 0.13147 
0.909036 0.118259 2.8111 3.21431 2.57973 1.67602 1.75583 1.3312 -0.675548 0.79557 0.0316783 0.0195501 
1.22104 0.302883 2.22698 2.07753 1.53141 1.01527 2.15795 1.32753 0.507882 0.161087 -0.204328 0.0649754 
1.25218 0.637449 1.76879 2.03142 2.23449 0.633598 1.99781 1.50942 0.726624 -0.845347 0.106073 0.291397 
1.38785 0.490903 1.81172 1.66857 2.8158 1.06489 1.82294 1.00978 0.588973 -0.634372 -0.0372665 0.292913 
1.63906 0.352572 1.17903 2.1838 3.08065 1.19726 1.83744 0.778464 0.299608 -0.216332 -0.182392 0.136875 
1.91733 0.144091 0.728347 2.1509 2.99262 1.90657 1.71385 0.905248 0.171859 0.146096 -0.282536 -0.127499 
2.02094 0.0774776 0.281562 1.99439 2.29369 2.27865 1.88595 0.212766 0.427761 0.398604 -0.163492 -0.206827 
2.10648 -0.0585076 -0.121866 1.11387 3.31804 1.73987 1.24946 1.22738 -0.0612643 0.324364 0.0594641 -0.115994 
2.11874 -0.0751415 -0.769521 0.845983 4.29442 1.36873 0.704918 0.91225 0.425968 0.478024 -0.195709 -0.142844 
2.14473 -0.107715 -1.1698 0.993363 4.27575 1.67907 1.1151 -0.216824 0.848047 0.453869 -0.00267032 -0.0104947 
2.25219 -0.322165 -0.907152 0.360929 4.24035 1.80364 1.32121 0.248851 0.600915 0.682971 0.0189262 -0.021045 
2.23505 -0.120576 -0.891324 0.283497 4.65822 1.56821 0.823502 0.72286 0.650131 0.762085 -0.0866423 -0.0967281 
2.18084 0.0958868 -1.05459 1.1705 5.03965 1.22984 0.676387 0.621671 0.758579 0.763721 -0.208909 -0.0572221 
2.22276 0.291385 -1.03207 1.93019 4.60663 1.67502 0.830046 1.09799 0.43861 0.492969 -0.194799 -0.0204124 
2.05069 0.388795 -0.341265 2.10599 3.91701 1.93244 0.985571 1.26851 0.605483 0.615908 -0.247212 -0.185911 
1.94635 0.284804 0.0612962 2.21104 3.58966 1.7363 1.52634 1.34463 0.51748 0.705222 -0.292592 -0.248725 
1.98605 0.358201 0.207529 1.858 4.08 1.435 1.81561 1.30676 0.855781 0.827226 -0.605429 -0.358242 
1.95589 0.571431 0.162259 1.9925 4.08969 1.64158 1.49735 1.30044 1.01179 0.711718 -0.667168 -0.355445 
2.01319 0.463723 0.520321 1.94652 3.91569 1.38704 1.63683 1.57586 1.0127 0.487769 -0.835708 -0.381346 
1.88913 0.530776 0.37486 1.58897 4.73969 1.0989 1.76228 1.09235 0.584894 0.42274 -0.924138 -0.18665 
1.8494 0.439377 0.199854 1.80786 4.69615 1.6511 1.00394 0.908912 0.4072 0.537616 -0.646923 -0.265433 
1.84737 0.378383 0.061813 2.04994 4.65969 1.33328 0.960692 0.392502 0.53146 0.717647 -0.546176 -0.289712 
1.90117 0.363873 -0.0678867 2.35714 4.69017 1.24932 0.84974 0.436499 0.514336 0.698132 -0.391114 -0.226011 
1.98691 0.226133 0.0634846 2.96447 4.91714 1.42443 0.574799 0.406563 0.590378 0.633182 -0.228157 -0.16244 
2.04737 -0.00858786 0.0579757 2.66051 5.73008 1.71066 0.334919 -0.27848 0.600943 0.830176 -0.0342282 -0.0733229 
1.96493 0.119242 0.0681533 2.54132 6.7838 1.7473 0.669466 -0.682834 0.433327 1.08785 -0.0164698 0.0724061 
2.04925 0.305385 -0.173358 2.05284 6.37116 1.68386 0.680077 -0.27582 0.535438 0.947985 -0.102142 0.0577455 
1.95299 0.715851 -0.433761 2.39446 6.17945 2.28408 0.455459 0.176333 0.41044 0.823335 -0.18392 -0.0644229 
1.83723 0.994423 -0.158735 2.18645 5.72643 2.37196 0.352922 0.319844 0.716888 0.635455 -0.216191 -0.160081 
1.91579 1.15188 -0.336743 2.07762 5.37186 1.92206 0.178804 0.744879 0.808128 0.660876 -0.374935 -0.197861 
1.93051 0.972525 -0.513331 1.96889 5.23231 1.5449 1.22206 1.11978 0.665644 0.645962 -0.815355 -0.187276 
1.92051 0.952511 -0.469865 1.6073 5.04299 1.12663 1.38366 1.14636 0.679973 0.556401 -0.910305 -0.190584 
2.00492 1.06202 -0.449787 1.27144 4.79752 1.28319 0.720057 1.38831 0.676731 0.404244 -0.779085 -0.254385 
2.14915 0.735399 0.0634759 1.07386 3.8679 1.08261 0.762788 1.27955 1.35233 0.192715 -0.749059 -0.327774 
1.90508 0.62667 0.455836 1.7587 3.39977 0.965082 1.68618 1.11558 1.56374 -0.288359 -0.570553 0.0525015 
1.68639 0.793736 0.316458 1.47455 3.69011 0.860416 1.89037 1.92781 1.69451 -0.124466 -0.412622 0.180372 
1.61074 0.79188 0.193938 1.52332 4.08804 0.888166 1.25941 2.12666 1.72276 0.0714515 -0.0431514 0.271993 
1.93475 0.930321 -0.313716 1.01192 1.84125 0.581112 1.59999 1.97725 2.99974 0.428659 0.184164 0.0666468 
1.81278 0.960693 -0.217978 -0.459768 1.88744 1.51431 1.55619 1.3922 2.08825 0.849126 0.649643 0.0962878 
1.83815 1.1229 -0.054569 -0.750881 2.96127 1.50246 0.965121 0.775913 1.28876 1.02161 0.8595 0.179811 
2.16598 1.71153 0.750976 0.760597 1.71765 0.692968 -0.0100542 0.255296 1.35854 0.583445 0.249331 -0.0350557 
2.28049 2.00997 1.50989 0.909011 2.05471 0.44806 -0.401924 0.147965 0.774945 0.781113 0.123492 -0.153261 
2.2896 2.24248 1.94891 0.607354 2.90944 0.429005 -0.604408 -0.506566 0.809623 0.953101 0.168908 -0.118262 
2.27764 2.26063 1.46989 1.49237 3.12373 0.657099 -0.527965 -0.832027 0.758317 0.780755 0.0749375 -0.230219 
2.19427 2.36202 1.78894 1.62369 2.91963 0.280875 -0.362334 -1.40714 0.707173 0.805189 0.0130158 -0.172972 
2.34389 2.14843 2.1397 0.699196 3.38413 -0.226329 0.000438805 -0.831535 0.833893 0.485136 -0.271887 0.0256164 
2.403 2.2754 1.82448 0.944107 2.80483 0.261791 -0.0685866 -1.00052 0.790432 -0.248017 -0.296782 -0.106655 
2.20493 1.84296 1.09839 1.21298 3.15147 0.315535 -0.188579 -1.1279 1.23501 0.162678 -0.127797 -0.179283 
2.30844 1.77099 0.916204 0.617691 4.49842 -0.269344 -0.560675 -1.3601 0.728232 0.313518 -0.365193 -0.105294 
2.00404 1.76951 1.26232 1.01335 3.39048 -0.0436525 -0.250866 -0.159301 0.637634 -0.025024 -0.219159 -0.123782 
1.80567 1.7892 1.66138 1.12588 2.91989 -0.290164 0.189604 0.599725 0.255309 0.265294 -0.0732478 0.0391257 
2.23399 1.83105 2.01051 1.6669 2.85879 0.357693 0.460433 -0.42615 0.760795 -0.426082 -0.427083 -0.0668251 
2.05515 1.93306 2.29922 2.22493 2.55548 0.741314 0.34244 -0.706446 0.450098 -0.367187 -0.174596 -0.0656871 
1.65979 1.8576 2.18099 2.16418 2.64804 0.0175872 -0.853041 -0.318306 0.31377 0.0426582 0.109445 0.0135592 
1.79049 1.74671 2.27503 1.75557 3.76678 0.499533 -0.480107 0.71915 0.669938 0.0274821 0.195713 0.0379956 
1.82537 1.87098 2.36402 1.78192 2.81216 0.787155 -0.115071 -0.208264 0.441536 0.0660748 0.421601 0.194915 
1.76041 2.0374 1.60849 1.48802 2.15811 0.693838 -0.110514 -0.0222646 1.13459 -0.199851 0.311756 0.077893 
1.70089 1.91759 1.74994 1.4977 2.36173 0.986842 0.252674 0.0326545 2.05251 0.305181 0.0623107 -0.00170548 
1.71128 1.80813 1.91048 1.3787 2.83024 0.410649 1.01154 0.317543 1.02717 0.559569 -0.14983 0.029817 
1.68031 1.61488 1.6956 1.11485 2.04218 0.917195 1.21223 0.667366 1.08416 0.382145 -0.0204172 0.0233569 
1.73487 1.4739 2.2617 1.45031 1.69984 0.556286 0.23364 0.98221 0.974223 0.567696 0.127885 0.0536852 
1.64229 1.50643 2.38922 1.23664 1.76737 0.685785 0.70724 0.95833 0.661951 0.773671 -0.0141202 -0.0290251 
1.58301 1.32251 2.15101 1.69444 2.58159 0.513043 1.28221 0.311746 -0.0298032 0.658594 0.1015 0.0363653 
1.6142 1.64406 2.48706 1.19404 2.51165 0.96332 0.78396 -0.0822366 0.579719 0.11389 0.218624 0.149948 
1.44274 1.63263 2.23258 1.16271 2.47961 0.0223216 0.3827 0.786463 0.198533 0.353833 -0.134518 -0.0613017 
1.42087 1.86782 1.85079 1.42203 1.90278 0.0740862 1.07975 0.59048 1.07941 0.740287 0.144477 0.143809 
1.33459 1.67627 1.8443 0.912921 1.66868 0.540947 1.57572 1.05163 1.15601 1.03801 0.0860579 0.0920647 
1.51637 1.20899 2.0676 1.40996 2.08811 0.831821 0.785485 0.175921 0.824843 1.66741 -0.0718285 -0.0981269 
1.58225 1.72 1.81995 1.28001 2.56521 0.419378 1.00274 1.33579 1.18586 0.423301 0.136325 0.099687 
1.35675 1.88954 2.27847 1.66651 2.32109 -0.3108 0.768261 1.06658 1.07632 0.253598 -0.000391887 0.112754 
1.22909 1.82307 2.24985 1.29253 2.16136 0.879612 1.60342 0.220147 1.39516 0.548593 0.507149 0.267318 
1.41315 1.73585 2.0085 1.73825 2.10882 1.21825 1.53641 1.09929 1.36558 0.325904 0.378901 0.199919 
1.47663 1.56063 2.43746 1.31458 2.19818 1.09327 1.27807 0.450043 0.62165 0.777418 0.307655 0.179008 
1.37768 1.69815 2.15234 1.26408 2.36641 1.34577 1.18986 0.854044 1.47097 0.477854 0.0262217 0.131116 
1.39213 1.43114 1.96398 1.45561 2.21071 0.871598 1.96412 0.683364 1.23736 -0.112465 0.507736 0.295222 
1.36065 1.67875 1.97598 1.21435 2.73068 0.677016 1.8381 0.761021 0.775654 0.297296 0.11536 0.180662 
1.21988 1.53686 2.35216 1.14982 1.93437 1.602 1.13749 0.632905 1.61512 0.695362 0.289168 0.244732 
1.22003 1.54318 1.95758 0.69502 2.3718 1.25362 1.17771 0.333338 1.33412 0.833712 0.190938 0.17508 
1.10725 1.29935 1.98472 1.13354 1.91218 1.66533 1.00681 0.559747 0.820419 0.35841 0.0514649 0.0651895 
1.23495 1.30277 1.81368 1.37729 2.01485 1.40723 1.22903 0.870224 0.731433 -0.900463 0.128963 0.0342026 
1.14641 1.15096 1.70823 0.47949 1.20454 1.05505 2.12447 0.338066 0.636399 -0.158749 0.30295 0.0218252 
1.09827 1.29582 1.68326 0.867674 0.703785 0.453593 1.21681 -0.379604 1.0176 0.425754 0.777623 0.169174 
1.15482 1.19875 2.05068 1.2293 1.32318 0.537822 0.911596 0.680524 1.32847 0.82026 0.732519 0.196991 
1.13282 1.28868 2.09689 0.649401 1.84304 0.766027 1.38706 1.46569 1.59692 0.769595 0.441948 0.184093 
1.19668 1.51155 1.74721 0.716359 1.98512 0.506043 1.24991 0.941823 1.01672 0.998306 0.108577 0.101404 
1.36489 1.68271 1.94811 0.96466 0.920979 0.745537 2.01036 0.765753 1.56687 0.649572 0.293965 0.150692 
1.2308 1.50831 1.65697 1.91629 1.93095 -0.186508 1.58828 0.836963 1.72719 0.57782 0.809856 0.3109 
1.14742 1.60266 2.09195 1.0819 2.71297 0.21782 1.07013 1.2712 1.11081 0.620095 0.498343 0.211698 
1.24057 1.84556 2.2306 0.965909 1.81126 0.411908 0.570215 1.35427 1.99872 0.635017 0.256902 0.224296 
1.17074 1.62388 1.97747 1.01119 1.19957 0.939971 1.32082 1.08615 1.29842 0.74207 0.705507 0.210057 
1.11474 1.25498 2.18375 0.333431 0.85524 0.769313 2.41287 0.798933 1.03968 0.940792 0.184019 0.0838392 
1.08282 1.57036 2.13014 0.621455 0.69702 1.07435 1.27213 0.750376 0.429869 0.975552 0.193683 0.0549931 
1.04746 1.57405 1.8975 0.873916 0.64818 0.390211 1.51652 0.400932 0.977706 0.659928 0.727006 0.101085 
0.963302 1.07828 1.6013 1.20166 0.749213 0.552014 1.17766 1.14078 1.25593 0.172497 0.00912603 -0.0370913 
0.982722 1.17273 1.80609 0.744338 1.05208 0.0462482 0.287039 0.719199 1.33803 0.176766 -0.0887137 -0.0168626 
0.971684 1.10545 1.39177 -0.495111 1.16164 -0.0664362 0.567149 -0.426028 0.962275 0.721167 -0.0496547 -0.0626926 
0.954892 1.31754 1.50466 0.839618 1.65067 0.495735 0.429624 0.599674 0.962162 -0.279835 -0.152097 0.0359309 
0.962041 1.3259 1.20822 0.856128 1.42272 0.440267 -0.068546 0.897709 1.69414 0.256753 0.34939 0.0641303 
0.968767 1.24187 1.02476 0.940287 1.40313 -0.142005 1.03804 1.33479 0.938942 1.03952 0.514477 0.0444017 
1.02612 1.52211 0.825376 0.829184 1.51508 -0.0887112 1.14463 1.5653 0.402469 0.408876 0.451003 -0.012479 
0.942968 1.46275 1.56921 1.01731 0.719142 0.0378747 1.23619 2.0596 1.12785 0.343613 0.315329 0.033954 
0.905084 1.21034 1.75998 0.78709 0.72323 0.428539 1.52721 1.45836 0.74358 0.34493 0.443229 -0.00399341 
0.841112 1.2974 1.60767 0.560736 0.444276 0.45261 0.932739 0.912933 1.12215 0.400347 0.741292 0.0193431 
1.03252 1.50448 1.52627 1.22441 0.658183 0.375325 0.775091 0.488708 1.80249 0.153056 0.515072 0.112931 
0.851458 1.42983 1.38699 1.16713 1.0351 0.650779 1.69683 -0.148708 1.44782 0.50229 0.0993691 0.0419737 
