0.298616 0.542747 -0.932331 0.128926 -0.365457 -0.208673 0.660484 0.307724 2.87979 0.0664008 0.0549406 0.0527341 
0.213837 0.238008 -0.778635 -0.742119 -0.481468 0.563045 1.12936 0.494194 2.21108 0.432592 -0.160462 0.0505475 
0.397623 0.140191 -1.18419 -1.55365 -0.763202 -0.283387 0.49319 -0.707177 1.225 0.144154 0.0170566 -0.255506 
0.539187 0.165343 -1.24154 -0.703472 -0.00751274 -0.386273 1.01127 -0.837655 1.09041 0.418356 0.407632 -0.124514 
0.580436 0.17501 -0.664391 -0.83597 0.302867 0.0142048 0.27115 0.00362902 0.762147 0.559299 -0.163851 -0.138964 
0.738061 0.277718 -0.419256 -1.36156 0.0872276 0.0895398 0.264137 0.189265 1.96437 0.377449 -0.108516 0.0770335 
0.780241 0.378523 -0.624869 -1.19304 0.439972 0.846106 0.366072 -0.112289 0.951132 0.0339688 -0.39934 -0.189669 
0.747155 0.335887 -0.267211 -0.968845 0.608916 1.05218 0.79453 -0.854473 1.25623 -0.109813 -0.566415 -0.146522 
0.87052 0.189928 -0.440734 -1.27688 -0.876261 0.52716 0.64235 -0.938986 1.55601 0.120417 0.28113 0.0395754 
0.963126 0.341267 0.112553 -0.799346 -1.31526 0.243392 0.125925 0.165176 0.992485 0.639177 0.0809967 0.0581299 
1.02297 0.693168 -0.530264 -0.734475 -0.447093 -0.271177 0.683356 0.531305 0.3593 0.35873 -0.139239 -0.166875 
0.997678 0.556383 -0.267044 -0.712318 -0.236024 -0.0195596 0.172398 -1.06493 0.503616 -0.240127 -0.00955271 -0.233646 
0.951445 0.924645 0.976541 0.00071931 0.483064 0.231201 0.624998 0.962337 0.458043 -0.27531 -0.651974 -0.351058 
1.22416 0.934817 0.376512 -0.0316788 0.947973 0.797733 0.665687 0.456511 0.256052 -0.418328 -0.287956 -0.284635 
1.39102 1.21448 0.670118 1.41007 1.69133 0.784832 1.12718 -0.286198 0.928187 -0.194919 -0.123424 -0.0902378 
1.33993 1.82745 2.02293 2.61052 1.86886 0.585214 0.202038 0.432671 0.460159 -0.475209 -0.488375 -0.220642 
1.88609 2.19188 1.50014 3.08579 4.96058 -1.23237 0.504922 -1.2101 1.42574 -1.00918 -0.919937 -0.255538 
1.66368 2.29604 1.78617 3.15264 4.6875 -1.04774 0.559136 -1.31943 1.31844 -0.753525 -0.664928 -0.2911 
1.74711 2.14795 1.4556 3.05395 5.34962 -0.827177 0.402197 -1.46908 1.33921 -0.509095 -0.648274 -0.306644 
1.85865 2.12443 0.961857 3.1966 6.46505 -1.00754 -0.304173 -1.84887 0.988011 -0.53441 -0.872474 -0.401544 
1.72567 2.02418 1.29122 2.97862 5.91728 -1.04746 -0.267178 -1.39775 1.04661 -0.374662 -0.779192 -0.365131 
1.84803 2.11402 1.14647 2.89763 6.5599 -1.08835 -0.545661 -1.76432 0.765864 -0.34661 -0.948612 -0.421389 
1.81656 1.97442 1.3067 2.6674 6.76575 -1.22762 -0.780661 -1.59194 0.545243 -0.310788 -1.01325 -0.399097 
1.70755 2.16495 1.40591 2.62563 6.71776 -1.11411 -0.719675 -1.30841 0.463103 -0.286362 -0.83813 -0.461878 
1.63522 2.25021 1.28077 2.90111 7.1127 -1.43131 -0.843468 -1.126 0.190919 -0.195074 -0.979368 -0.490944 
1.59803 2.03901 1.68829 3.03393 6.86415 -1.60078 -0.748791 -1.09876 0.408722 -0.286618 -0.987869 -0.435397 
1.65318 2.10081 1.55559 2.78819 6.42331 -1.20109 -0.688869 -1.14742 0.462602 -0.359513 -0.807769 -0.431328 
1.74248 2.13784 1.52777 2.51703 6.96154 -1.20978 -0.619633 -1.2629 0.375391 -0.341061 -0.93591 -0.394718 
1.61203 1.88924 1.78874 3.03447 5.8232 -1.19931 -0.456587 -0.829751 0.855388 -0.367006 -0.791834 -0.323672 
1.55035 1.70496 1.36453 2.64886 6.69599 -0.9865 -0.438883 -0.438053 0.832158 0.023669 -0.695499 -0.285373 
1.53085 1.76142 1.30305 2.74251 7.61998 -1.19783 -0.377591 -0.659803 0.914367 0.0873331 -0.707524 -0.266731 
1.67041 1.91396 1.37698 2.6872 6.88072 -1.10012 -0.292229 -1.2216 0.818387 -0.139762 -0.742957 -0.264274 
1.75192 2.01477 1.53456 2.82629 6.45058 -0.850053 -0.502266 -1.52364 0.773948 -0.449414 -0.709157 -0.392193 
1.78736 2.37375 1.41581 2.40811 7.70642 -0.854999 -0.658525 -1.52982 0.123208 -0.325326 -0.859095 -0.559185 
1.78095 2.27254 1.53025 2.23036 7.48911 -0.746611 -0.674826 -1.14478 0.149826 -0.442717 -0.768467 -0.509546 
1.66129 1.97674 1.59503 2.68557 6.83463 -0.951907 -0.594053 -0.976957 0.790296 -0.131826 -0.752301 -0.404611 
1.77158 1.74786 1.16058 2.39104 6.91705 -0.709137 -0.37663 -1.20719 0.904908 0.0752032 -0.706968 -0.248752 
1.77061 1.63749 1.06703 1.98666 7.27649 -0.393131 -0.516918 -1.19223 0.861771 0.268845 -0.552682 -0.252348 
1.76756 1.8449 1.23377 2.72522 6.8508 -0.592257 -0.699389 -1.51226 0.957779 0.159327 -0.656392 -0.444203 
1.82769 1.57073 0.950566 2.70987 6.97028 -0.226331 -0.492176 -1.63842 1.28915 0.226597 -0.562174 -0.359828 
1.75801 1.46275 0.801519 2.15099 7.11314 0.0381555 -0.289128 -1.36416 1.10562 0.598972 -0.460143 -0.298084 
1.89231 1.44398 0.378074 2.29746 6.12691 0.508672 -0.00078614 -1.33146 1.16402 0.326142 -0.359291 -0.299849 
1.99295 1.2516 0.133347 2.20295 5.91578 0.771703 0.202125 -1.17472 1.10584 0.441132 -0.371128 -0.266325 
1.98975 1.36316 0.141474 2.14664 5.50935 0.735514 -0.255653 -1.21075 1.15471 0.313526 -0.282258 -0.333322 
2.04987 1.61924 0.368267 1.86595 5.27691 0.290509 -0.667821 -1.26858 0.892478 0.132544 -0.330632 -0.320545 
2.17676 1.58258 -0.066299 1.42594 5.20794 1.06918 -0.085784 -1.01045 0.776975 0.262502 -0.287394 -0.331906 
2.23951 1.52942 0.21278 0.942473 4.67162 1.63837 -0.670267 -0.839954 0.707481 -0.121342 -0.136369 -0.325397 
2.24282 1.86655 -0.111653 0.802933 3.64588 1.88997 -0.0474319 -0.507708 0.619824 -0.108784 -0.015585 -0.297482 
2.43587 2.00933 0.132033 -0.0576458 3.56408 0.591663 0.345323 -0.274702 0.234371 -0.0221148 -0.30943 -0.161894 
2.33206 1.89827 0.66673 -0.0232743 2.76127 -0.154943 -0.329365 0.0676033 1.24996 -0.107553 -0.340242 -0.206119 
2.20586 1.51603 1.15494 1.0113 2.85376 -0.0605047 0.175633 -0.749713 1.16755 0.0011567 -0.468654 -0.152644 
2.16784 1.17084 0.952891 0.836768 4.1368 0.651049 1.01911 -0.513817 0.827187 -0.343638 -0.746772 -0.021664 
2.05245 1.65054 0.861068 0.230033 4.13795 -0.0309308 1.44812 0.373384 0.657097 -0.964927 -0.85504 0.0743172 
1.94976 1.63799 1.30426 0.792853 3.48661 0.446694 1.34542 0.335204 0.406382 -1.07634 -0.580942 0.00613477 
2.02335 1.52128 1.44299 0.593476 2.6993 -0.0126935 1.40121 -0.0279256 0.44946 -0.771777 -0.579875 0.0573129 
1.98457 1.65017 1.42692 0.713234 3.22741 -0.159865 0.41119 -0.714578 0.418035 -0.424044 -0.247317 0.113872 
1.84111 1.57044 0.946919 1.40542 3.10418 -0.0595658 -0.239582 -0.588521 0.283205 -0.508888 -0.187412 -0.0835764 
1.76504 1.44354 1.25776 1.1348 2.49983 -0.265184 -0.781842 0.00903722 0.471273 0.0198419 -0.175989 -0.195052 
1.86317 1.29468 1.50447 1.24179 2.24456 -0.123216 0.278705 -0.820636 0.974131 0.379836 -0.237765 -0.139844 
1.93982 1.12274 1.77137 0.985698 2.78691 0.126059 0.00949076 0.151732 1.04025 0.51951 -0.395711 -0.211868 
1.95861 1.42369 1.54621 0.836349 3.11348 0.149164 0.307912 0.176327 1.16024 -0.0180786 -0.420467 -0.106255 
1.84726 1.62934 1.53053 1.46943 3.13821 0.32238 0.631403 -0.332815 0.380799 -0.120896 -0.0734905 0.00999084 
1.79674 1.75828 1.97986 1.12289 1.7043 0.204626 1.34803 -0.0213973 0.402933 0.318432 -0.00138018 0.038153 
1.67889 1.72689 1.6804 1.39274 1.23973 0.399928 1.36951 -0.53825 0.363021 0.182275 0.0513766 -0.052164 
1.70096 1.67133 1.10468 1.30505 2.59603 0.613066 1.26216 0.323848 0.503922 -0.564021 -0.0492783 -0.00389448 
1.67355 1.89973 1.39574 1.61658 2.10938 0.274655 1.16011 -0.0179573 0.873696 0.414586 0.102418 0.0213645 
1.61932 1.86398 1.84778 2.31531 2.23263 0.336538 0.786612 0.489455 0.419576 0.603506 0.0297175 0.0258219 
1.5591 2.10098 1.5642 1.79228 2.71382 0.92259 0.632472 0.409495 0.537828 0.302113 0.221178 0.0499753 
1.59521 1.92908 1.77161 1.47349 2.90547 1.41754 1.10064 0.527667 0.694124 0.0520508 0.0252245 -0.000830762 
1.44509 1.84632 2.03869 1.69915 2.604 1.07796 1.22063 0.0950153 0.394469 0.433638 0.10304 0.0573975 
1.49884 1.64429 2.28807 1.52791 2.05629 0.84918 1.34463 -0.337479 0.00350898 0.58656 0.352962 0.146137 
1.45937 1.58817 2.20317 1.37699 2.45039 0.216359 1.23466 0.845331 -0.56895 0.173507 0.332353 0.10803 
1.49002 1.46614 1.75592 1.21208 3.67086 0.831097 0.0977897 1.504 0.191241 0.384199 0.175124 -0.0503146 
1.46433 1.34401 1.83653 1.72756 2.81035 0.946836 0.711567 0.133305 1.2029 0.794159 0.087467 0.0565544 
1.43709 1.82511 1.59015 1.62962 2.76318 1.547 1.02 0.754567 1.06938 -0.136792 0.14892 0.022055 
1.5314 1.77072 1.69866 0.823855 2.20771 0.675216 0.699184 0.849631 0.636298 -0.197114 0.485415 0.130408 
1.4153 1.57095 2.22033 0.70349 2.06154 1.04713 1.20031 0.867744 0.869813 -0.167502 0.255426 0.110344 
1.29575 1.32197 1.95862 1.28295 2.61672 1.52314 1.61557 0.614186 1.00386 0.625822 -0.301722 0.0645348 
1.23096 1.36009 2.3106 0.956462 2.38429 1.1647 1.28943 0.904319 0.20293 0.822626 -0.372471 -0.0502335 
1.24142 1.71479 2.60634 0.972981 2.08963 0.869583 0.960141 0.232939 0.144195 0.694281 -0.199608 -0.0222207 
1.29986 1.66042 2.21065 1.23499 1.69338 1.10099 1.53125 -0.23954 0.597565 0.608365 -0.124029 0.0370043 
1.18026 1.25914 2.13635 1.09162 1.8247 1.60338 2.39679 0.278077 0.808667 0.581236 -0.175763 0.112002 
1.10686 1.41046 2.70174 0.557462 1.19459 0.847144 1.53106 1.1206 0.676186 0.27902 0.502179 0.0384586 
1.16827 1.4295 2.46622 0.92292 1.36879 0.35831 1.37563 0.713851 0.886157 -0.63597 0.532677 0.0717754 
1.16468 1.46449 2.12208 0.983824 1.89911 1.18795 1.3289 0.959213 1.4785 -0.198642 -0.223659 0.0425129 
1.0225 1.36873 1.69452 1.04799 1.29909 0.51907 1.65339 0.387584 0.71825 0.360958 0.0762175 -0.0334871 
1.05036 0.932578 1.67922 0.378511 0.980926 0.687964 1.76655 0.493796 1.37193 0.337797 0.155089 0.0526251 
1.01873 1.16277 1.40966 0.88948 1.15327 0.0282338 1.24328 0.324407 0.522353 0.195313 0.133765 0.0241103 
0.943061 1.32214 1.2263 0.404518 1.38812 0.389663 0.925655 0.428428 -0.0218004 0.389197 0.460744 -0.0908757 
1.09586 1.24227 1.59692 0.573977 1.12681 0.0327373 0.809967 -0.173102 -0.238024 0.314986 0.409569 -0.0383078 
1.11775 1.14779 1.57526 -0.233557 0.964286 0.123933 0.336345 -0.0664427 -0.379815 0.877487 0.393964 -0.0187406 
1.1678 1.06088 1.27199 0.172946 1.59495 0.0310253 0.696694 -0.382288 0.479219 1.05698 0.189243 0.0444839 
1.14868 0.950608 1.28542 0.844056 1.39852 -0.00134372 0.911043 0.33176 1.28584 0.716548 0.121505 0.093688 
1.10828 1.19949 1.82687 0.682366 1.03775 0.579507 1.05064 1.00941 1.88077 0.114089 0.319598 0.186 
1.08727 1.43986 1.95224 0.860141 0.663889 0.0417142 1.82291 1.18772 1.27305 -0.409899 0.173974 0.0803049 
1.12059 1.38891 1.27583 0.769358 1.48493 -0.275305 0.745922 0.182778 1.18887 0.721115 0.219761 0.107439 
1.05524 0.944792 1.598 0.441932 2.1359 -0.163882 1.41579 -0.011704 0.968044 1.02965 0.168357 0.236441 
0.957964 1.08481 1.86003 1.11021 2.02691 0.310074 1.30239 -1.03001 0.464072 0.86856 0.599553 0.094144 
0.949549 1.25409 0.971059 0.618086 0.704766 0.561048 0.781031 -0.785687 0.401463 0.251181 0.427197 -0.007426 
0.977561 1.36558 0.867343 0.00686446 0.653909 -0.00313657 -0.00882966 -0.31693 0.833921 0.493601 0.248665 0.0180314 
0.937591 1.68765 1.58064 -0.0208352 0.984817 0.496048 -0.0447558 0.500279 1.19511 0.842571 0.393147 0.199755 
0.921196 1.39817 1.9277 0.147611 1.07381 0.826714 0.790259 0.387051 0.871854 1.18863 0.748782 0.156228 
0.884031 1.14486 1.07353 0.448765 1.03416 0.718166 0.100535 0.0734798 0.367687 0.198615 0.718085 0.116583 
0.820696 1.06979 0.884802 1.05747 0.438527 0.248461 0.544252 0.299227 0.110209 0.164543 0.788538 0.037004 
0.933701 1.03151 1.40101 1.21871 -0.0343902 0.135366 0.0015271 0.53522 0.464732 0.815244 0.245633 0.166053 
1.12018 1.16424 1.2389 0.654859 0.157191 -0.282408 0.0584167 0.337916 1.09374 0.43506 0.310066 0.144241 
1.00466 1.16522 0.889426 -0.142096 0.841951 -0.155552 0.714066 0.0896804 0.595537 0.757764 0.317881 0.0306468 
