0.36423 0.310779 3.01223 2.11644 -1.48712 -0.729827 1.35794 0.72953 -0.528134 0.587826 0.673759 -0.00607852 
0.124324 -0.113706 3.92174 1.45663 -0.750521 -0.392566 2.13886 -0.448603 -0.054482 0.858321 -0.0213083 0.107495 
-0.0537488 -0.594074 3.85102 1.88053 -0.495838 0.872923 2.1751 0.0249505 -0.434993 0.683212 -0.0521557 0.0860264 
-0.277658 -0.595442 3.889 2.77844 -1.47702 -0.931054 1.96159 -0.279411 -0.657237 0.208337 0.131521 -0.00650059 
-0.409195 -0.294686 3.98292 2.33225 -0.427375 -1.3467 2.69695 0.715141 -0.539339 0.525342 0.352718 -0.0825075 
-0.500772 -0.733141 3.62569 2.608 -0.155694 -0.784951 3.25851 0.228391 -0.463721 0.991156 0.0672922 -0.0579 
-0.856938 -0.318728 3.14959 2.57334 0.385855 0.131458 3.14015 0.449444 0.286913 0.740767 0.0386255 0.0737961 
-0.885952 -0.330182 3.43551 2.80203 0.22518 -0.0118363 2.77451 1.58095 -0.0523183 0.341553 0.442499 0.107382 
-0.804194 -0.492816 3.85253 2.47965 0.153641 -0.388527 2.01587 1.21065 0.347858 -0.178305 0.331906 0.376804 
-0.790609 -0.67658 3.46469 3.3374 -0.405761 0.382155 1.8166 0.278841 0.288115 0.391375 0.00044514 0.330572 
-0.828831 -0.477285 3.82036 2.97005 -0.928061 0.312079 2.51154 0.165955 -0.106007 0.260126 0.325133 0.171432 
-1.09594 -0.661389 3.28772 3.04591 -0.57037 0.671507 2.58201 0.0507787 -0.190275 0.552862 0.31947 0.10128 
-1.07186 -0.69622 2.86889 1.74883 -0.8305 0.9719 1.27614 -0.172617 -0.0705996 0.495963 0.261115 -0.0956901 
-1.0952 -1.17113 2.56093 1.59732 -0.555443 -0.825617 0.975961 1.25332 0.172863 0.606357 0.176467 0.0427266 
-1.11613 -1.10239 2.88221 1.89623 0.147658 -0.643339 0.741954 1.5763 0.220018 0.290527 0.24857 -0.027415 
-1.17637 -1.26053 3.07196 2.40557 0.0582459 -0.861544 0.921882 1.66225 -0.13593 0.237305 0.143848 0.0987748 
-1.11963 -1.07547 2.94358 2.43337 -0.266281 -0.805121 1.52605 0.918179 0.421826 0.106993 0.0378867 0.264315 
-1.13967 -0.784617 2.95034 2.69247 -0.519594 0.45056 1.27579 0.654183 0.669102 0.254341 -0.386695 0.520572 
-1.12913 -0.627259 2.9689 2.39461 -0.624926 1.03347 1.31025 0.404384 0.711659 0.0131254 -0.247746 0.433266 
-0.959326 -0.533392 3.55339 2.0978 -0.223987 0.826421 1.10014 1.44089 0.171302 0.00298496 -0.0899352 0.377931 
-0.910121 -0.518131 3.59446 1.68213 -0.16092 0.330468 0.897832 1.02513 -0.252753 0.383886 -0.395984 0.322207 
-0.828514 -0.341925 3.59944 1.11724 0.241876 0.0303275 0.89517 1.20002 -0.244099 0.406464 0.0966971 -0.0564449 
-0.822109 -0.293062 3.25725 0.946945 0.256464 -0.845864 1.03597 1.02331 0.0510857 0.355489 0.315918 0.062431 
-0.722067 -0.293123 3.47127 1.61084 -0.949415 -0.0477763 1.35554 0.704378 0.108801 0.0716162 0.526505 0.00842986 
-0.672924 -0.0244918 3.64244 2.2903 0.0193528 0.272598 1.37527 1.33135 0.0451418 -0.106927 0.814316 -0.0545367 
-0.695562 0.203568 3.6066 1.53815 -0.209801 -0.0432552 1.03798 1.28562 0.778755 -0.384417 0.662576 0.123981 
-0.589276 0.36406 3.93927 1.14877 -0.962336 0.253474 1.33242 1.02555 1.03506 -0.180087 0.49586 0.0496057 
-0.487077 -0.0182957 3.40891 1.81191 -1.72999 -0.0282457 1.61682 1.04725 0.724979 -0.0351376 0.701569 0.0598547 
-0.527067 -0.113524 3.78673 1.2127 -1.18804 -0.515627 1.8748 1.10519 0.335044 0.262023 0.887981 -0.0469114 
-0.670549 -0.186498 3.86611 1.40493 -1.54444 -0.740165 2.12483 0.603072 -0.0621162 0.724256 0.597356 -0.0234004 
-0.769687 -0.664053 3.61105 0.98896 -1.4259 -0.23518 1.8038 -0.776413 0.687364 1.05703 0.0276313 0.259546 
-0.605623 -0.316151 2.1152 -0.196902 -1.65659 0.823336 1.02417 0.0483813 1.69228 0.735716 0.0499205 -0.0364598 
-0.218187 -0.109894 1.29977 0.0913809 -0.595721 0.248643 1.35075 0.49237 0.693715 0.0707063 0.258429 -0.407864 
0.22869 -0.30902 1.65831 0.258259 -0.232321 -0.207839 2.17663 1.25652 0.440318 0.226075 -0.400386 -0.316696 
0.582877 -0.15488 2.12853 0.46502 -0.659988 0.0446024 1.9924 0.412382 0.410341 0.466457 -0.210045 -0.180988 
1.55183 -0.0108579 0.74059 0.148108 0.469814 0.623367 1.64388 0.238259 0.798255 0.77145 0.0842767 -0.398353 
2.06221 -0.0702408 -0.276926 0.919022 0.303904 0.506022 1.47893 0.28554 1.01614 0.596094 0.0730869 -0.388429 
2.23746 -0.184072 -0.51496 0.155045 0.868396 0.739971 1.20478 -0.54107 1.62786 0.995992 -0.251269 -0.565142 
2.32769 -0.0941514 -1.3289 -0.138297 1.34205 0.974045 1.15092 -0.720722 1.8209 0.784503 -0.318173 -0.681692 
2.41557 -0.248233 -1.68772 0.511614 1.60334 0.598876 0.928747 0.105659 1.57393 0.674468 -0.394764 -0.798433 
2.42642 -0.495373 -1.78468 1.17267 1.36761 0.182354 1.58819 0.265292 1.48717 0.425057 -0.398675 -0.842687 
2.39584 -0.427339 -1.22212 0.325092 1.44844 0.803857 1.3698 0.337523 1.36715 0.575591 -0.514334 -0.743424 
2.3316 -0.0853345 -1.42896 0.242678 2.04494 1.31277 0.746295 0.701094 1.21954 0.451862 -0.469867 -0.67678 
2.44526 -0.190162 -0.979185 0.405438 1.56104 1.434 1.23606 0.210286 1.11504 0.782688 -0.348965 -0.759924 
2.35472 0.125547 -1.84891 1.24758 1.11765 0.780546 2.64122 0.0862545 1.37215 0.0512113 -0.0484885 -0.732039 
2.25307 0.235454 -1.88717 1.49111 1.66768 0.84532 2.3071 0.446195 1.35115 -0.217733 -0.353282 -0.701301 
2.12957 0.219153 -0.979335 0.652544 1.65646 1.21211 2.24425 1.17766 1.1301 -0.139215 -0.51267 -0.389152 
2.2247 -0.0955338 -0.823321 0.52505 1.26737 0.930554 2.32783 1.14581 2.1704 0.490565 -0.454947 -0.44226 
2.26879 0.0113286 -0.487181 0.210022 1.43935 0.867848 1.63233 0.84516 1.52866 0.234838 -0.649907 -0.493991 
2.21562 0.36321 -0.205851 1.11069 1.78914 1.40984 1.83192 0.823053 0.419849 -0.214304 -0.344535 -0.179941 
2.19894 0.0923081 -0.51375 1.09694 1.48246 0.521379 2.39039 1.31955 1.84049 0.939816 0.0918544 -0.268044 
2.05527 0.0836856 -0.469707 -0.309826 2.04712 1.68345 2.74116 1.47231 2.20864 0.722444 -0.046997 -0.0427981 
2.05307 0.168524 -0.682264 -0.184705 2.434 1.26889 2.06789 2.47126 2.3458 0.379751 -0.162563 -0.0288658 
1.94817 0.120364 -0.10615 0.68391 1.5889 1.06009 2.2381 1.97146 2.19472 0.888804 0.0167525 -0.158742 
1.91318 0.188966 -0.114331 0.781964 2.0588 1.74702 1.74835 1.76731 1.22119 0.984548 0.329542 -0.0816191 
1.98471 0.163145 -0.812201 0.665274 2.1971 1.60726 1.86798 1.30748 2.15723 1.01462 0.436372 -0.0481753 
2.01402 0.448082 -0.656266 0.925053 1.74755 1.29897 1.81777 1.20703 2.23018 1.03786 0.162433 -0.265482 
2.07796 0.485256 -0.476446 0.266842 1.62664 1.56881 1.75651 0.913778 2.05596 0.593648 0.00854991 -0.168113 
2.03879 0.316841 -0.487392 0.200991 2.29317 2.20432 2.10022 1.12907 1.10986 0.157336 0.11008 0.115097 
2.1099 0.545834 -0.185099 0.439737 2.32902 2.01344 2.44032 0.443898 0.952706 0.601032 -0.0105074 -0.109299 
2.06357 0.866744 -0.0379142 -0.44012 2.68901 2.69006 2.08161 1.0186 1.02301 0.872146 -0.00470873 -0.218439 
2.04611 1.11721 -0.232558 -0.266624 3.09975 2.44879 1.61971 0.883279 0.453097 0.577876 -0.0764856 -0.226911 
1.83499 0.844274 -0.503276 -0.687009 2.31416 2.11359 1.44013 0.781881 0.500648 0.350922 -0.132785 -0.321637 
1.88198 0.663009 -0.205882 -0.351709 2.08798 1.71761 2.10424 0.93027 -0.10672 -0.22232 -0.144838 -0.0539073 
1.86869 0.614808 0.252574 -0.552761 2.31304 1.79529 1.71753 1.12537 0.00222642 -0.198154 -0.0426306 -0.0257768 
1.92528 0.950579 0.608056 -0.308265 0.82538 0.567421 0.822925 0.532586 0.924057 0.0719405 0.11664 -0.0128827 
1.45531 0.715524 1.53025 0.244751 -1.28148 1.22891 1.00007 -0.367905 0.228868 0.594209 0.32873 -0.0387695 
0.589065 0.0433584 2.01649 1.07733 -2.91881 2.50209 1.33585 -0.328178 1.70753 0.265775 0.121077 -0.308823 
0.245472 -0.105131 2.51903 0.949993 -2.59371 1.73303 2.31215 0.65536 2.0636 0.272504 0.0182038 -0.306155 
0.0764775 0.20492 2.61419 0.185362 -1.15623 0.961861 3.31187 0.824664 1.20769 1.00578 -0.130024 -0.417011 
0.052153 0.133025 2.99638 0.664334 -1.14637 0.544738 3.52085 0.743234 1.78049 0.644681 0.09805 -0.281955 
-0.0480689 0.113767 2.85019 1.27091 -1.0381 1.78261 3.17708 0.876923 0.709913 0.524653 0.0557482 -0.257255 
-0.124281 0.238983 2.67206 1.36685 -1.39112 1.60694 3.27867 1.08406 0.52786 0.979078 0.0371631 -0.466897 
-0.0894715 0.134244 2.22395 1.34502 -0.611504 1.47523 2.98073 1.51301 0.570454 0.892099 -0.200809 -0.339454 
-0.0767802 0.121045 3.26495 0.649682 -1.52404 1.49112 2.97883 1.39291 0.414561 0.51684 -0.148927 -0.452756 
0.0477366 -0.170347 3.36529 0.751762 -0.421951 1.6972 2.85156 1.06038 -0.299377 0.423918 -0.100635 -0.327388 
-0.132932 -0.287721 3.2698 0.664615 -0.121019 1.71952 2.73244 0.804232 0.494922 0.161968 -0.440792 -0.0630722 
-0.257808 -0.026928 2.64217 1.18731 -0.725531 1.71075 3.26903 0.773577 1.44718 -0.0182784 -0.0755479 -0.183791 
-0.387076 0.309828 2.15116 0.838326 -0.700144 1.21877 3.08055 0.890999 1.38262 0.333195 0.274585 -0.430411 
-0.217642 0.441858 2.74407 1.36513 -0.220545 0.206551 2.41169 0.534565 2.27487 0.748734 0.316565 -0.441891 
-0.130603 0.450834 2.94775 1.13076 -0.417357 0.0231139 2.58172 0.897792 2.27295 0.426491 0.589646 -0.406571 
-0.199706 0.366207 3.43568 1.3619 -1.03472 0.442004 3.1071 2.0348 1.83601 0.744626 0.46931 -0.0974639 
-0.32395 0.37734 3.29975 2.16744 -1.39665 1.65423 2.63028 1.98919 1.3704 0.744586 0.464629 -0.108278 
-0.292646 -0.0098791 3.27688 2.09527 -0.82551 1.5056 2.88692 1.40918 1.24398 0.362369 0.516302 -0.158372 
-0.210951 0.231424 3.24382 1.73317 -1.29026 1.59497 2.74318 1.82907 1.02093 0.565844 0.185635 -0.0185765 
-0.124067 0.424066 3.19686 1.99702 -0.884246 1.46566 2.88871 1.77068 1.0042 0.72114 0.454209 -0.0499184 
-0.0552352 -0.0810571 3.12757 2.58632 0.32243 0.957565 2.97547 1.84369 0.876326 0.434028 0.426787 0.139727 
0.0144093 0.211259 2.93311 1.88484 0.0284206 0.394631 2.92059 1.84673 1.35536 0.552468 0.239399 0.0561902 
0.289155 0.507451 2.68259 2.06858 -0.439892 0.111498 2.77541 1.75596 0.796052 0.599137 0.3354 0.0651834 
0.396103 0.392759 3.34768 2.22611 -0.530585 0.342879 2.77451 1.40643 1.23708 0.315036 0.845107 0.125843 
0.290434 -0.108588 2.94446 2.15637 -0.013246 0.0148946 2.22216 1.93857 1.72628 0.954514 0.632924 -0.23387 
0.333772 -0.0359049 2.98155 2.15419 -0.806469 -0.325104 2.82306 1.3982 1.55952 0.912029 0.797919 -0.202005 
0.369975 0.559507 3.47707 1.60475 -0.577642 0.430214 3.41441 0.53591 1.19483 1.04915 0.669313 -0.0895452 
0.287119 0.433857 2.96414 1.56394 0.241266 -0.73574 2.85568 1.13661 1.04804 1.14558 0.527592 -0.141539 
0.462545 0.40979 2.94887 1.49192 0.468704 0.338324 2.17183 1.58114 -0.0427431 0.566107 0.474705 -0.0283791 
0.424381 0.496923 2.51576 1.88969 0.682769 0.844278 3.83874 1.2615 0.386468 0.797912 0.168805 0.144557 
0.535953 0.313198 2.84987 1.17421 -0.176498 0.99893 3.55501 1.3184 0.647839 0.650423 0.473878 -0.09308 
0.498923 0.178729 2.68585 1.36322 -0.492545 0.610643 2.51787 1.55416 1.27536 0.77376 0.838644 -0.25552 
0.504159 0.0299419 2.831 1.4901 0.396367 0.724398 2.41505 1.1653 1.50567 1.17152 0.786765 -0.227911 
0.422966 0.442414 3.04875 1.79814 0.828081 0.681953 2.56073 0.380144 1.2099 0.645934 0.958787 -0.0902813 
0.548852 0.69904 2.97514 1.49757 0.740069 0.27692 1.8621 -0.103849 0.706247 0.341129 0.529329 0.00239601 
0.544358 0.836156 3.15228 1.16266 0.303272 -0.0978736 2.40045 0.840164 1.03367 0.911959 0.685068 0.0384259 
0.494966 0.654987 2.73519 1.44289 0.204183 0.31032 1.97301 0.66742 0.581529 0.671609 0.664381 -0.179695 
0.613193 0.578812 2.12887 1.60456 0.461903 -0.160107 2.18982 0.288127 0.360702 0.940502 0.352483 -0.220681 
0.657883 0.555184 2.03814 1.93105 0.376329 0.00823821 2.11123 0.018189 0.137226 0.680311 0.202978 -0.0819706 
0.711589 0.783483 2.19238 1.7947 1.13754 0.679876 0.874116 0.706464 0.644206 0.784066 0.939315 -0.118508 
0.688377 1.25154 2.52426 1.0663 0.0860819 0.678883 2.16362 0.440178 0.365322 0.471979 0.68011 -0.111148 
0.699007 1.1574 2.62965 0.829646 0.977979 0.518773 2.26046 -0.53855 0.217321 0.479213 0.485277 -0.133345 
0.695553 1.02025 2.49682 1.25752 1.21597 -0.0245334 1.79313 0.321082 0.258513 0.901785 0.344878 0.0192467 
0.733872 0.564723 1.93997 1.99473 0.735196 0.392979 2.42268 -0.244806 -0.0178257 0.686379 0.283545 0.0274432 
0.703724 0.698032 2.22394 1.14629 0.442048 1.2875 1.38059 0.392613 0.0696168 0.80199 0.57837 -0.0827107 
0.746518 0.495136 2.02131 1.57158 0.94382 1.00276 1.12912 0.638982 0.441325 0.908468 0.605388 -0.0693331 
0.740905 0.850179 1.8366 1.26735 0.666149 0.218063 1.14961 0.760008 0.266184 0.827494 0.503128 -0.0390349 
0.606404 0.867797 1.83561 1.20767 0.879741 0.0276939 0.547818 0.0904599 -0.00171342 0.439067 0.483374 -0.0339599 
0.622276 0.845217 1.82917 1.53766 1.26543 0.507284 1.87254 0.352731 1.04313 0.332794 0.648649 -0.0479914 
0.658184 1.00915 2.21699 1.46227 1.47251 1.26624 0.478305 0.706612 0.875238 0.862284 0.215968 0.0343222 
0.591533 0.964721 2.11557 1.43848 1.19626 0.616544 1.75215 0.730355 0.89499 1.25518 0.526266 -0.0108691 
0.57641 0.877398 1.99839 1.20101 1.45309 1.20204 2.39133 0.632533 0.331126 0.533398 0.400353 0.0294 
0.542887 1.11516 1.78262 1.47251 1.40743 1.52797 1.64135 0.0245614 0.586354 0.166103 0.317032 0.0311952 
0.866373 1.23895 1.7368 1.19148 1.60661 0.723125 0.619931 0.706351 0.589253 0.54678 0.555879 0.0516871 
0.807963 1.02252 1.72864 1.46694 0.969257 0.16125 0.173461 1.18647 0.400369 -0.327789 0.331245 0.0812056 
0.780056 1.15898 2.18351 0.57404 0.233733 -0.469943 0.417307 1.35919 0.43986 -0.0292172 0.0900802 0.126633 
0.711306 1.30382 1.4416 0.980877 0.774414 0.895115 0.740144 2.0071 0.0536691 0.230613 0.305498 0.0992425 
0.5289 1.43586 1.84565 1.56696 2.76222 -0.0506287 0.716233 1.51341 0.362742 0.472866 0.608012 -0.0121977 
0.597814 1.26996 1.72279 1.08706 1.85863 0.234494 1.35778 0.216683 0.644502 0.474192 0.430098 -0.0427379 
0.688333 1.10515 2.38781 0.800805 1.19631 1.37784 1.15023 0.534226 -0.0510023 0.124591 0.360042 -0.00405752 
0.728199 0.907083 1.97059 1.19106 0.700502 0.451594 0.858836 0.741917 0.552727 0.437049 0.461806 0.0490777 
0.687775 1.1811 1.4498 1.35215 0.381102 0.0277824 1.41157 0.95749 1.18888 0.263072 0.373362 0.090401 
