0.556232 1.1669 1.57396 1.17593 1.19047 0.57576 1.06004 1.10188 0.16114 0.284737 0.742796 -0.0755848 
0.606375 0.828664 1.29298 0.67116 0.398913 0.570088 0.377896 0.148788 1.21938 0.620805 0.613973 -0.0821102 
0.663288 0.844277 1.24314 0.626361 0.963905 -0.595382 0.182621 0.160978 0.864643 0.930961 0.0733605 0.122137 
0.611114 1.06571 1.07152 0.644128 1.17764 -0.281186 0.0274015 1.00604 0.697123 0.491117 0.357442 0.0301973 
0.417853 1.00591 1.27542 1.11546 1.93734 0.101804 -0.0710221 1.09882 0.475004 0.305014 0.291785 -0.111988 
0.501168 1.01834 1.61463 0.983 1.23905 0.549268 0.906045 0.766248 0.326597 0.333072 0.272865 0.0758795 
0.510063 1.19977 1.1245 1.04596 0.717034 0.198455 0.889877 0.386532 0.384763 0.490807 0.522649 -0.0750002 
0.535713 0.96247 0.508263 0.80116 0.496389 -0.431241 0.275167 0.486728 0.734724 1.02865 0.45973 -0.0109434 
0.646817 0.799628 0.537403 0.656847 0.877794 0.89837 -0.481954 0.475342 0.917942 0.658788 -0.0656566 0.0965058 
0.635742 0.791819 0.851428 1.41114 0.892285 0.165526 0.216022 1.18467 0.660845 0.490301 0.340844 0.0265061 
0.594152 0.824655 0.776928 1.24809 0.498131 -0.355399 1.29342 1.04346 0.673148 0.83045 0.43716 0.00266832 
0.777348 0.929771 1.53011 0.532553 0.386184 0.450917 1.00831 0.624883 1.34467 0.613022 0.497449 0.0193069 
0.711207 0.785377 1.47947 1.24034 0.55938 0.80449 1.04353 0.54951 1.96017 0.568941 0.370865 -0.00305502 
0.569116 0.97578 0.843391 1.06571 1.04636 0.543124 0.380813 0.289771 1.50637 0.824053 0.41747 0.0158049 
0.55525 1.11226 0.859257 0.847753 1.30534 0.541763 0.176197 0.846044 2.01421 0.568878 0.443519 -0.0828453 
0.531719 1.29937 1.09097 0.388034 1.41468 0.526188 -0.692126 0.310734 1.18677 0.8846 0.121612 0.0166784 
1.21974 0.0197543 -1.16759 0.806759 2.72794 1.43884 -0.968832 0.903056 0.644166 -0.350663 0.206159 0.0252526 
1.33523 0.221552 -1.31893 1.00629 3.7827 1.5385 -0.403801 1.09868 0.489815 -0.350767 -0.0929743 -0.119588 
1.75887 0.317846 -1.28399 0.202849 3.79984 2.42626 0.227992 0.356701 0.645923 0.0195418 0.135886 -0.173739 
2.17567 0.19192 -2.49869 0.188992 4.59419 1.80017 0.347932 0.968393 -0.112575 0.447407 -0.531629 -0.243987 
2.03021 0.767736 -1.36082 0.579685 3.8221 2.03931 0.852852 0.25502 0.00996369 0.178355 -0.27683 -0.220677 
2.19968 0.561929 -2.69255 0.461151 4.30342 1.30866 1.18259 0.112769 0.304479 0.258227 -0.511702 -0.204294 
2.25543 0.759522 -2.78375 -0.232397 4.40812 1.32071 1.93984 -0.602011 0.162285 0.16438 -0.445062 -0.178988 
2.2564 0.719605 -1.98419 0.584436 4.36372 1.3447 1.23377 -0.0960297 -0.083802 0.164155 -0.492309 -0.180253 
2.33882 0.341334 -2.53502 0.444214 4.35229 1.31741 0.665326 0.331508 -0.0889263 0.26007 -0.585257 -0.250691 
2.24777 0.886932 -1.71359 -0.0539421 3.99114 0.989006 1.44383 0.125202 -0.157527 0.0351298 -0.641839 -0.182036 
2.13694 1.03829 -0.810726 -0.0971552 4.07715 1.5418 0.815193 0.610062 -0.315689 0.0808557 -0.518313 -0.282975 
1.97471 1.17815 -1.34148 -0.985329 4.60127 1.62458 0.788637 -0.146334 -0.142306 0.252974 -0.141552 -0.27026 
2.07329 0.537375 -1.07261 -0.487991 3.85087 1.75495 0.256293 1.4315 0.205927 0.0846991 -0.609241 -0.549846 
2.13862 0.541047 -2.14187 0.00265851 4.11593 2.56215 0.122258 0.85288 -0.450731 0.490551 -0.361614 -0.365047 
2.12224 0.790085 -1.60029 -1.16873 4.09247 2.26554 0.973826 0.686897 -0.253881 0.127197 -0.489971 -0.503676 
2.11395 0.962328 -0.691111 -0.33118 4.35111 1.41165 1.16962 0.272496 0.15208 0.0966845 -0.737663 -0.381131 
2.23801 0.977246 -1.3389 0.397456 4.5404 1.56751 1.60476 0.493809 -0.444771 0.325815 -0.719022 -0.260278 
2.25237 0.631174 -1.19384 0.747514 4.56684 0.913117 1.24102 1.04291 -0.290687 0.184338 -0.880947 -0.241558 
2.22405 0.313997 -1.99648 0.808088 4.62274 1.61879 0.373174 0.799173 -0.419237 0.389841 -0.576345 -0.249302 
2.23189 0.532826 -0.987236 0.49513 4.13491 2.67713 -0.13865 1.43205 -0.592226 0.208659 -0.386008 -0.420358 
2.03888 0.865727 -0.681113 0.93064 4.21706 1.9926 0.482686 0.884173 -0.0325788 -0.0610392 -0.60167 -0.272467 
2.00161 0.93869 -0.964702 0.219728 3.77976 2.34947 0.605046 0.705949 0.00916704 -0.0301768 -0.395504 -0.309036 
2.06279 0.684645 -1.50611 0.257173 4.38639 2.54484 0.772099 0.331552 -0.391769 0.386214 -0.155516 -0.188938 
2.04354 0.74446 -1.64117 0.547666 4.80821 2.38376 0.941325 0.00341155 -0.352588 0.556537 -0.148421 -0.131825 
2.19474 0.317325 -1.07867 0.4612 4.514 2.09378 0.544308 0.290201 0.189165 0.420356 -0.112498 -0.167396 
2.09207 0.684592 -0.712747 -0.437845 4.3481 2.62873 0.666233 0.65086 0.27724 0.320728 0.00458017 -0.233249 
2.08998 0.625117 -0.563776 -0.524419 4.9068 2.56705 0.628223 0.596034 0.236827 0.575998 0.0947733 -0.205154 
2.03155 0.438586 -0.949447 0.449533 5.35102 1.94567 0.6755 -0.664359 0.589717 0.969648 0.397548 0.0622011 
2.02692 0.541511 -1.02406 0.738046 5.52181 1.90514 1.00606 -0.742402 0.663664 0.896017 0.238059 0.0561451 
2.06331 0.478508 -1.1926 -0.187976 4.75155 2.24396 1.59983 0.544521 0.516875 0.614029 -0.383473 -0.290242 
2.01509 0.789059 -0.72404 -0.076647 4.31915 2.65978 1.18347 0.707255 0.756672 0.177182 -0.497111 -0.42132 
2.02679 0.434381 -1.60909 0.888487 4.10925 2.42859 0.170503 -0.826979 1.14877 0.443318 0.227905 -0.263711 
1.90846 0.521516 -0.953442 1.47477 5.26229 1.74781 -0.716353 -1.18491 1.11623 0.779282 0.441403 -0.188812 
2.10717 0.498289 -1.47061 0.655917 4.49198 2.35019 0.519843 0.0265718 0.323214 0.775884 0.0836711 -0.230849 
2.17837 0.221756 -1.31494 1.02685 4.47951 2.16545 0.209203 -0.00603386 0.47781 0.741537 0.0447465 -0.24265 
2.12727 0.106188 -1.07867 0.380905 5.08566 1.95158 0.454138 0.0754994 0.506763 1.01433 0.15714 -0.136689 
2.08916 0.0800458 -1.07771 1.03977 5.48616 1.70135 0.623974 0.267482 0.537695 1.02073 -0.0503507 -0.096216 
1.88393 0.160392 -0.801099 1.00903 4.76729 1.50526 1.14852 0.472373 1.25323 0.637245 -0.290036 -0.102315 
1.76754 0.328021 -0.0751184 0.922079 3.67428 1.74524 2.37155 0.937724 1.49118 0.699426 -0.564604 -0.184301 
1.65649 0.662498 -0.517078 0.543306 3.64205 2.27205 1.96123 1.0429 1.39718 0.912164 -0.399833 -0.283449 
1.85729 0.684895 -0.25249 0.188192 3.81551 2.73959 1.88788 1.15565 1.25731 0.705582 -0.29193 -0.25126 
1.86404 0.720097 -0.029881 1.4314 4.09487 2.41352 2.00801 0.323505 1.68125 0.491017 -0.296099 -0.107488 
1.84779 0.916065 -0.287072 1.15022 4.07436 2.94506 1.67712 0.16482 1.46535 0.446485 -0.0697393 -0.132932 
1.87245 0.758017 0.0746587 0.668929 3.83426 2.65798 0.753615 0.812595 1.13316 0.36507 -0.121936 -0.199123 
1.92669 0.373999 0.237006 1.67805 3.78329 2.41938 0.580673 1.29607 0.350061 0.614702 -0.00230803 -0.144863 
1.81063 0.573722 -0.0215278 1.44711 4.28764 2.02709 1.08655 1.64293 0.53253 0.64514 -0.37211 -0.157381 
1.67504 0.476842 -0.241294 0.902231 3.59227 1.9779 1.40991 0.938452 0.904487 0.290536 -0.614888 -0.285325 
1.67853 0.81961 -0.536987 1.14557 3.37195 2.00168 0.983389 0.180317 2.02881 -0.014083 0.0321836 -0.189791 
1.60883 0.661056 -0.228771 0.910283 3.11095 2.53182 0.815071 0.0156433 1.26611 0.307489 0.184724 -0.128069 
1.69324 0.691603 -0.0775473 0.460816 3.25161 2.55911 1.76748 0.311539 0.637127 0.870642 -0.21389 -0.250357 
1.66607 0.83158 0.693032 0.524041 3.84682 2.09428 1.11979 0.0467947 0.509164 0.969492 0.222925 -0.00406975 
1.55379 0.775261 0.418104 1.28875 4.25164 2.63215 1.07243 -0.0310875 0.508573 1.14991 0.0488962 -0.100958 
1.45302 0.724902 0.276339 0.586527 3.86429 3.19596 2.26159 -0.423471 1.30735 1.02993 -0.461511 -0.0631097 
1.46767 0.783425 1.01008 1.44568 3.32802 2.78453 0.984174 0.40722 1.2691 0.770281 -0.121996 -0.0290975 
1.56699 0.692349 1.12017 0.788194 3.61237 1.41661 1.25491 0.71923 1.3915 1.19063 -0.176488 -0.0562219 
1.68725 0.70439 0.484653 0.725961 3.63308 1.91792 1.50491 0.100264 1.09586 0.958842 0.192002 0.0603992 
1.70884 -0.270233 -0.25934 0.201421 2.4859 1.40428 0.875854 -0.791287 1.43141 0.540223 0.166682 0.00377632 
1.59522 -0.595328 -0.068778 0.609152 2.17822 1.21571 1.29367 -0.143463 1.58953 0.223769 -0.0658121 -0.0337703 
1.52193 -0.618505 0.534833 0.373433 2.15406 1.09896 1.51812 1.22325 1.80606 0.40636 -0.0629154 -0.026435 
1.67782 -0.161551 0.0117138 0.539897 1.83528 0.911721 2.22439 0.50402 1.9355 0.926434 -0.0169389 -0.167557 
1.56552 0.155848 -0.212833 0.872584 1.97852 0.888616 2.11843 -0.308571 1.51418 0.610284 -0.20768 -0.324619 
1.51638 0.125429 0.293081 0.87747 2.09846 1.28759 2.10188 0.690616 1.22407 0.476508 -0.178176 -0.142196 
1.57218 0.146834 0.212187 0.509226 2.26361 1.56865 1.49644 -0.0628766 1.1872 0.43946 -0.307263 -0.195688 
1.49127 0.150964 0.511005 1.22136 2.34056 1.37075 0.834327 -0.0246404 1.43988 0.325901 -0.198117 -0.0954327 
1.55967 0.371396 0.216339 0.786707 3.1611 1.1303 0.755434 -0.0262789 0.813626 0.358387 0.250998 0.109501 
1.43938 0.29409 0.87741 0.659389 2.37662 0.695872 1.56264 0.825453 1.02109 0.556357 0.202734 0.134742 
1.44016 0.404404 0.495479 0.862959 2.44241 0.978051 1.03178 0.490885 1.32344 0.536102 0.251186 0.0597821 
1.38323 0.312533 -0.296936 0.756881 2.62487 0.902426 1.14533 0.594075 1.8618 0.703047 0.386698 -0.0990643 
1.50019 0.316722 -0.189025 0.0421292 2.44329 1.69098 0.670047 0.77658 2.02718 0.965745 0.523209 -0.108875 
1.44839 0.474355 0.225869 -0.133183 1.80931 1.30375 0.856243 0.17329 1.09242 0.93825 0.343298 -0.00916023 
1.29227 0.402345 0.218776 -0.0321177 2.06649 1.49866 0.896085 0.58989 0.600383 0.90991 0.4708 -0.0591019 
1.33105 0.447089 0.542181 0.997778 3.06206 1.94177 0.962339 0.0471121 0.547597 1.26387 0.512765 0.000786801 
1.36084 0.765635 0.770585 1.6396 3.06342 2.029 1.31783 -0.182918 0.951158 1.25928 0.136934 -0.0101745 
1.32354 1.00389 0.847215 0.761295 2.46256 1.30452 0.571768 0.503129 1.23058 0.739178 -0.0142748 -0.04818 
1.26887 0.857105 0.587797 0.653511 1.82103 1.18229 -0.108808 -0.987772 0.767388 0.616188 -0.0471697 -0.0257098 
1.27553 0.651721 0.682681 1.299 1.84276 1.10739 0.31953 0.485944 1.13379 0.671653 0.311886 -0.0204573 
1.11784 0.67834 0.975869 0.55785 2.48874 0.672662 1.13949 0.817835 1.09304 0.319199 0.367757 -0.00852775 
1.13826 0.771609 1.24439 0.551673 2.00583 -0.0286971 1.27207 -0.581407 0.868873 0.53792 0.244534 0.0696778 
1.19414 0.656315 0.922688 0.749197 1.8646 0.47565 1.0298 -0.779794 1.06649 0.747092 0.20921 -0.044951 
1.26986 1.1475 0.786698 0.513345 1.57517 0.644127 0.262623 0.443917 1.16019 0.566505 -0.383358 -0.214568 
1.13938 1.03013 1.2464 0.888384 1.55213 0.195835 0.85429 0.50178 1.70491 0.569513 0.190925 -0.0741291 
1.25761 1.16366 1.39625 0.971406 1.40664 0.917086 0.830828 0.855152 0.372925 0.491755 0.113123 -0.0461755 
1.24792 1.24614 1.40349 0.88366 1.25969 0.843283 1.52963 0.867868 0.153663 0.268252 0.358054 0.0637397 
1.15704 1.03364 1.3545 1.52091 1.70826 0.973929 1.22449 0.412516 1.61107 0.89557 0.348423 0.0805575 
1.14601 1.12359 1.02735 1.06816 2.07866 0.818207 0.818666 0.200545 1.29194 0.862083 0.210713 0.0422871 
1.06114 0.842997 1.03531 1.15274 1.16657 0.123456 0.947024 0.921718 1.26945 0.430781 0.41685 0.0867489 
0.982764 0.933669 1.31643 1.27519 0.8945 -0.15772 0.752971 0.706921 0.733229 0.908061 0.935859 0.0706374 
1.12409 1.0969 1.08017 0.954225 1.26616 0.188158 1.05781 1.02228 0.426463 1.30134 0.766366 0.11954 
1.19147 1.37585 0.976101 0.757298 1.84377 0.360807 0.601327 0.275343 1.11286 0.59467 0.575706 0.118752 
0.957828 1.16706 1.79608 0.46339 1.63381 0.0577953 0.121793 -0.215425 1.29323 0.739934 0.856951 0.13597 
0.840476 1.21345 2.01382 -0.272874 0.620425 0.226304 0.356782 0.414147 0.941526 0.360161 0.573855 0.148315 
