0.173646 1.20142 1.80036 0.024875 0.846202 1.35914 1.69775 -0.81071 0.67185 -0.502441 0.156495 -0.567736 
-0.0785472 1.006 1.72337 0.397999 1.13948 1.28768 1.44246 -0.345773 0.543517 -0.482084 0.258006 -0.766621 
-0.0755703 0.584891 0.926538 0.202941 0.306824 0.547007 1.17607 0.376836 0.858631 -0.734299 0.21803 -0.842696 
0.250902 0.0601268 0.890354 0.0830356 -0.424243 0.611706 1.46391 0.51753 1.34136 -0.28642 0.153429 -0.73526 
0.574329 -0.22491 0.612582 -0.0795031 -1.45981 1.5798 2.45229 -0.179922 0.931267 0.497055 0.167086 -0.750137 
0.591428 0.321203 0.487412 -0.296729 -1.08372 1.27214 2.3528 -0.324419 0.901934 0.225854 0.374922 -1.02559 
0.502788 0.235982 0.856279 0.318236 -0.349651 0.380458 1.12067 0.58238 1.49001 -0.599303 -0.201915 -0.734501 
0.55411 -0.116993 0.590967 0.319161 0.723216 0.657693 1.26708 0.704034 0.238538 -0.600921 -0.28827 -0.297559 
0.564607 -0.122277 0.420702 0.169988 0.209571 0.958658 2.17201 -0.222335 -0.162635 0.127711 -0.018411 -0.247467 
0.82506 -0.220336 -0.177267 0.663305 0.626588 0.975692 2.51366 0.193361 0.603404 -0.301701 0.177448 -0.228183 
0.845416 -0.526611 -0.196569 0.357835 1.55208 1.11418 1.97808 0.113889 -0.137046 -0.771958 0.0987744 0.0717401 
0.839777 -1.36924 -0.180437 0.631727 1.75429 0.30685 1.31781 0.302657 -0.367678 -0.601241 -0.260774 0.121813 
0.776393 -1.69142 -0.298567 0.866822 1.30854 0.156666 1.81819 -0.230475 0.352665 -0.152448 -0.276996 -0.0438971 
0.796832 -1.18512 -0.611489 1.14493 0.54924 -0.0824778 1.44507 0.183094 1.25816 0.151391 -0.317695 -0.501359 
0.824278 -0.54192 0.0955003 0.211155 0.248993 0.443388 1.02738 0.81718 1.52641 -0.393536 0.171176 -0.400474 
1.01806 -0.222846 0.217206 0.920075 0.270293 0.958759 1.34652 1.52972 0.73743 -0.0431378 0.31086 -0.348592 
1.19498 -0.0512209 0.153438 0.617308 0.968335 0.0796756 1.73831 1.28386 1.8152 0.268535 0.315498 -0.126931 
1.43723 1.02182 1.01169 1.16449 2.12477 1.12453 1.34557 1.02327 1.02051 0.516929 -0.170175 -0.0693635 
2.15617 0.837222 -0.838067 0.212259 2.88929 1.60191 0.606652 1.46343 0.711859 0.225332 -0.291458 -0.25696 
2.61194 0.151897 -1.20535 -0.446633 3.1026 1.55562 0.53111 1.93969 0.835944 0.114269 -0.445857 -0.360801 
2.69674 0.443676 -0.24729 -0.202651 2.75786 1.01584 0.716755 1.90963 0.486823 -0.286908 -0.701536 -0.423461 
2.8413 0.646562 -0.651366 0.369414 2.57151 1.14109 1.41663 1.6128 0.386356 -0.268608 -0.641502 -0.360085 
2.80344 0.521111 -0.760622 0.486848 2.93396 1.28332 0.656584 1.99721 0.642189 -0.13346 -0.746315 -0.505841 
2.62471 0.597751 -0.961311 0.727053 2.94878 1.17341 0.771082 1.663 0.696085 0.016739 -0.721963 -0.455757 
2.59987 0.717546 -1.41528 0.716178 3.43449 0.835765 0.970235 1.21577 0.692852 0.0521319 -0.750043 -0.340803 
2.58094 0.809561 -1.58153 0.730001 3.35459 1.56018 1.01132 0.7726 0.29901 -0.00997617 -0.471476 -0.219436 
2.35963 0.715633 -1.27224 1.05711 3.2925 1.96496 0.929861 0.746727 0.297019 -0.12104 -0.486735 -0.223026 
2.35088 0.71957 -1.1249 1.32216 3.58482 2.01611 0.946719 0.831066 0.230342 -0.215563 -0.636543 -0.252414 
2.53392 0.796653 -1.08357 1.27454 3.92858 2.13557 1.58094 0.387467 0.041115 -0.171622 -0.460254 -0.216594 
2.60536 0.824331 -1.32095 1.33855 4.31338 1.56027 1.80171 0.44495 0.11548 -0.149869 -0.482223 -0.106328 
2.65744 0.425711 -1.10519 1.51335 3.81548 1.71419 1.56568 0.850986 0.135042 -0.226799 -0.419335 -0.134144 
2.72269 0.499582 -1.30268 0.846459 4.56863 1.84393 0.82798 1.2831 0.196267 0.140412 -0.52281 -0.197317 
2.56039 0.250533 -0.881077 0.864832 4.55224 1.82839 0.861446 0.838672 0.27673 0.2471 -0.314856 -0.120187 
2.56432 0.482846 -1.06333 1.05924 4.51521 2.02436 1.53897 0.338381 0.412008 0.264141 -0.284847 -0.107198 
2.43821 0.645736 -0.987076 0.941129 4.09664 2.31361 1.73456 0.633307 0.113902 0.122185 -0.259336 -0.107128 
2.34489 0.66574 -0.881909 0.958378 3.84445 2.1692 2.04806 0.184306 0.472486 -0.00840747 -0.286523 -0.0917969 
2.40297 0.781605 -0.770694 1.26144 3.83988 2.26805 1.68868 0.251153 0.674494 0.0874805 -0.325559 -0.187095 
2.35851 0.887551 -0.157943 1.8117 4.47755 2.60891 1.36542 0.648167 0.470863 0.39732 -0.0994015 -0.0767016 
2.17225 1.05838 -0.335131 2.09503 4.46392 2.7285 2.13708 0.943858 0.668421 0.321684 -0.282044 -0.072077 
2.14398 1.14673 0.077712 2.02006 3.67291 2.51708 2.40328 1.5 0.990935 0.295804 -0.468145 -0.192089 
2.37703 0.986784 -0.0988373 2.34347 3.49862 2.49962 1.79157 1.71999 1.38942 0.0672633 -0.616771 -0.224956 
2.1497 0.939889 0.224299 2.13573 4.31779 2.61505 1.92395 0.692071 1.22899 -0.00365354 -0.472015 -0.114599 
1.9404 1.12062 0.352205 1.67426 3.88244 2.525 1.7241 0.405625 0.997865 0.439001 -0.561761 -0.358326 
1.96396 0.825754 -0.115571 1.81636 3.51475 1.7767 1.31089 0.502986 1.01826 0.244029 -0.612381 -0.367761 
2.16458 0.728592 -0.0654893 1.47643 3.74402 2.18052 2.05522 0.692905 0.52993 0.219348 -0.527118 -0.288079 
2.09544 0.613709 0.370721 2.03022 4.37066 2.06697 2.34353 0.385798 0.240998 0.36074 -0.323893 -0.0945869 
2.06079 0.541696 0.241948 2.52249 4.33867 2.26241 2.11542 0.252925 0.370758 0.149525 -0.225444 -0.0281181 
2.10469 0.806796 0.444293 2.34212 3.94022 2.22132 2.22867 0.384485 0.951519 -0.022032 -0.563442 -0.188536 
1.99883 1.14715 1.16403 1.48646 3.44736 1.96561 1.99913 0.995628 1.78648 0.377174 -0.714366 -0.268984 
1.86923 1.29393 1.01764 1.58916 3.11089 1.87186 2.54956 0.983356 1.67041 0.283023 -0.483667 -0.117633 
2.11756 1.12154 1.04253 1.16224 3.63109 2.4055 2.12794 0.721747 1.5634 0.602131 -0.466645 -0.230071 
2.00045 1.19147 1.38267 0.895784 3.40241 2.74979 1.67207 2.00982 1.73778 0.462992 -0.608303 -0.365853 
1.89632 1.17723 0.994687 1.46525 3.23589 3.01565 1.49806 1.18367 1.93574 0.446676 -0.543843 -0.285687 
1.81637 1.20504 0.842129 2.28538 3.67775 2.80557 1.80928 1.28405 1.89211 0.521529 -0.558975 -0.215684 
1.68363 1.14232 1.55904 1.68026 2.77693 2.72772 1.92567 1.36809 1.70762 0.720107 -0.635695 -0.161447 
1.78934 1.25276 1.18616 1.51874 3.51309 3.03657 2.3878 1.08072 1.44982 0.742256 -0.488022 -0.135399 
1.74486 1.35276 1.18833 1.80135 3.87968 3.17927 1.29417 1.41113 1.3822 0.550067 -0.137752 -0.043843 
1.74391 1.40316 1.56826 1.26535 3.23583 2.65543 1.61508 1.76077 1.87369 0.664317 -0.249798 -0.0621253 
1.67943 1.35968 1.45021 0.814732 3.10029 2.44351 2.43644 1.53021 1.8873 0.558469 -0.105673 0.134775 
1.66423 1.38511 1.36681 0.930835 3.81355 2.24339 1.84666 1.76799 1.84642 0.731859 -0.0390994 0.0806184 
1.63779 1.28294 1.59019 1.84765 3.16897 2.23762 1.71318 1.64771 1.68955 0.76581 -0.00383383 0.114802 
1.64027 1.06878 1.69908 1.97304 2.42974 1.65547 2.18576 2.19477 1.13097 1.09698 -0.153153 -0.00279354 
1.64368 1.27645 1.60039 1.47244 2.52134 1.51492 2.23027 1.95029 1.16467 0.562574 -0.332721 -0.023577 
1.59273 1.5041 1.22864 1.25305 2.90227 1.9229 1.62493 1.23458 0.991187 -0.119078 -0.512318 -0.128971 
1.60448 1.23984 1.44887 1.4655 2.78468 1.97245 2.63948 1.67917 1.18201 0.203809 -0.387987 0.059385 
1.43718 1.11691 1.55398 1.2231 2.39362 2.68954 2.76399 2.08432 1.30078 0.380162 -0.0865541 0.216705 
1.52988 1.35927 2.19778 1.39279 2.90398 2.0454 2.07554 1.66234 1.40893 0.806704 0.0617635 0.197017 
1.50697 1.7386 1.84717 2.14005 3.03702 2.12927 1.6065 0.986221 1.96976 0.620906 0.122744 0.152797 
1.43935 1.5423 2.09334 1.8264 3.08038 2.07664 2.20273 0.885433 1.33455 0.206815 0.215982 0.256763 
1.3357 1.44473 1.88518 1.84339 2.87378 1.66265 2.17177 0.709815 1.03085 0.194605 0.434509 0.272964 
1.27929 1.30347 1.48363 0.747999 2.43375 1.63941 1.70703 2.04109 1.42724 0.296796 0.309213 0.145394 
1.21694 1.44733 1.92471 1.36676 2.0535 1.81523 2.68833 1.3861 0.755438 0.30058 0.0254379 0.15997 
1.42171 1.47205 1.50236 1.58576 2.57431 1.70582 2.29039 1.14864 1.12076 -0.214525 0.197497 0.193669 
1.46055 1.44744 1.7645 1.4563 1.814 1.16869 1.88538 1.51855 1.57335 0.346915 0.256262 0.18419 
1.54888 1.62422 1.66976 1.94296 1.90795 1.9786 1.86348 0.927901 1.76725 0.609636 0.120566 0.126419 
1.34538 1.71602 1.09084 1.85215 3.7378 2.50079 1.94507 0.841745 1.27484 0.156858 0.372837 0.222822 
1.5259 0.451186 0.0890784 1.34533 3.41948 2.76219 3.42529 0.920187 -0.0232351 -0.0305879 0.450682 0.580019 
1.47224 0.397791 0.409833 0.826877 3.31717 2.61524 3.84563 0.857457 -0.111353 -0.0167688 0.413535 0.610343 
1.41889 1.3295 1.0714 0.981966 2.88748 1.68036 2.73256 0.627401 0.724752 -0.0157869 0.436946 0.360084 
1.43929 1.36683 1.3184 0.980042 2.07032 1.6426 2.36159 0.547956 1.43712 0.040749 -0.268473 0.0667385 
1.42524 0.852794 1.398 -0.0393541 1.81696 1.9227 1.58167 1.10661 0.945434 0.0844574 -0.140587 0.0757312 
1.30982 1.20609 1.44703 0.766472 1.95262 1.76221 1.11247 1.14444 0.796445 0.205301 0.458819 0.141227 
1.384 1.30845 1.26982 0.468203 2.01139 1.39726 1.50297 1.29589 0.97791 0.267125 0.801625 0.247573 
1.34163 1.14504 1.51281 0.412049 2.24633 1.38674 1.58349 1.46434 1.84592 0.327309 0.820029 0.294641 
1.28809 1.20746 1.49948 0.940788 2.0506 2.03641 2.48432 2.19439 1.09064 -0.0506687 0.241718 0.202388 
1.3639 1.40282 1.3741 1.81273 1.92376 2.03987 2.9844 1.83401 1 -0.121441 -0.130709 0.150016 
1.12039 1.53225 1.76573 1.77985 1.92491 1.07079 1.84764 1.26281 1.46013 0.616796 0.0185754 0.192529 
1.05643 1.42894 1.49433 1.56273 1.49799 0.958637 1.90349 1.12539 1.12456 0.578074 0.556723 0.171555 
1.13433 1.28015 1.64309 1.19775 2.06557 1.19912 1.06063 1.39716 1.35557 0.793524 0.111378 0.0974431 
1.15518 1.11783 1.70465 0.750722 2.26797 0.948579 1.34867 1.74598 1.43926 -0.327416 0.149264 0.074931 
1.24012 0.707535 2.15249 1.35451 1.66203 0.41062 1.66363 1.1754 0.687843 -0.093866 0.247276 0.150092 
1.11836 1.00021 2.10052 1.0978 1.65989 1.7769 1.13193 0.363847 0.630271 0.502599 0.321053 0.0731043 
1.2494 1.02546 1.86805 0.406766 2.25773 1.7577 2.36132 0.645422 1.09769 0.315913 -0.0679647 0.234794 
1.35026 1.16601 2.29278 0.395748 2.34039 1.18545 2.46157 1.1967 1.71845 0.257526 -0.130128 0.307775 
1.12921 1.5936 1.88813 0.680458 2.75213 1.22882 1.63637 1.53471 0.800891 0.429176 0.346478 0.172923 
1.10861 1.52032 1.84844 1.3275 2.01518 0.536513 2.27465 1.26545 0.596624 0.329024 0.524627 0.199758 
1.13022 1.5578 2.05355 0.763211 2.02937 0.644238 1.70716 1.46186 0.751996 0.522943 0.547528 0.167158 
1.14937 1.28244 1.65531 0.694886 2.60233 -0.0379657 0.860794 1.40033 1.15209 0.372036 0.351612 0.126925 
1.17982 1.28028 1.36771 1.35078 1.78292 -0.0412154 0.91343 0.600291 0.737939 -0.0729089 0.58379 0.162989 
1.05916 1.21174 1.77272 1.17282 1.42284 0.575849 1.52367 0.886509 0.838333 0.0789601 0.768692 0.156483 
0.893809 1.32541 2.16375 1.36058 2.2665 1.07122 0.810456 0.891126 1.62024 0.267021 0.251359 0.202154 
0.965098 1.56938 2.44609 1.20439 1.95841 1.21712 1.3513 0.402204 1.33555 0.482991 0.617531 0.21461 
0.927388 1.51168 2.31149 1.31094 1.06835 1.25065 1.00208 0.459512 1.39436 0.815033 0.557829 0.198839 
1.00875 1.33931 2.35419 1.48589 1.1406 0.378232 1.44767 1.52212 1.52778 0.079601 0.534643 0.243057 
1.15701 1.39246 1.84401 1.68929 1.50691 1.1169 0.991121 0.934737 0.389761 0.328005 0.647134 0.157228 
0.989546 1.23167 1.88856 1.17402 0.937398 1.16007 1.93761 0.239812 0.590242 0.180845 0.744326 0.0691684 
0.779419 0.974137 1.78573 0.82218 0.636619 0.994494 1.85973 0.630416 1.58805 0.333816 0.503133 -0.0679882 
0.869326 1.11392 1.80517 1.15613 1.15967 1.04009 1.40639 0.411918 1.31618 0.424394 0.701857 0.047673 
0.87354 1.20925 1.86761 1.10127 1.41314 0.655575 2.12538 0.473601 0.921469 0.477951 0.676022 0.0984755 
1.00184 1.34063 1.57643 1.62551 1.06615 0.556561 1.87136 1.48394 0.882487 0.153245 0.430973 0.124794 
0.809839 1.38707 1.63769 1.28547 0.765471 0.382916 1.73904 0.798607 1.15903 0.634744 0.348798 0.0814774 
