0.712039 1.23896 0.665296 -0.281401 0.325345 -0.161113 0.443121 2.01432 -0.231278 0.525149 0.454428 -0.0766482 
0.791325 0.387578 0.785778 -0.754933 0.252778 0.281534 1.65289 1.13635 0.00763983 1.02746 0.228679 0.0260428 
0.884657 0.222249 0.525014 -0.772737 -0.623429 -0.42435 0.453027 0.993198 0.0751839 0.787624 0.141971 0.0827151 
0.921916 0.675934 -0.155067 0.296631 0.409086 0.0245542 0.393494 0.552024 0.682081 0.694581 0.283272 0.0345143 
0.971225 0.570124 0.00431503 -0.00282129 0.194467 -0.0228221 1.28858 0.847098 0.933116 0.479601 -0.0139722 0.0525514 
0.915024 0.876967 0.41393 -0.876165 0.341823 0.378748 1.10452 1.13573 0.854147 0.847426 0.244131 -0.0255612 
0.95193 0.752971 0.873625 -0.591293 -0.0861958 0.697799 1.22782 0.97271 0.719646 0.396634 0.206017 -0.0301061 
0.893351 0.979761 0.897768 -0.456656 0.793836 -0.66499 1.03583 0.811696 0.907594 0.434449 -0.0928164 0.0889572 
0.865784 0.75371 0.138929 -0.165952 1.24651 0.0415047 1.5186 0.927083 0.630918 0.80327 0.203766 0.0402234 
0.928271 1.23916 0.672655 0.0508145 0.443935 0.0596429 1.38234 1.48856 0.0950293 0.602549 -0.115916 -0.038848 
1.03017 1.38426 0.817011 0.464363 0.404499 0.119668 0.148605 0.567615 0.616417 0.430934 0.527419 0.0113492 
1.04421 1.22517 0.578373 0.129218 0.599449 1.12948 1.23705 1.0498 0.969347 0.126455 0.346812 -0.0655397 
0.892843 0.78715 0.659817 -0.122179 0.308116 0.393447 0.582161 0.615248 0.636929 -0.0428462 0.271295 -0.216874 
0.80356 1.40052 1.39528 0.597578 1.04965 -0.164242 0.44207 0.900215 0.16277 -0.190674 0.205432 -0.168027 
1.04263 1.59995 1.30984 1.06041 2.00891 0.464179 0.497025 1.60827 0.191944 -0.255292 -0.244204 -0.0572056 
1.24671 1.89048 1.92156 1.51441 1.50314 1.14906 0.851065 0.929282 0.449771 -0.0301802 -0.111688 -0.0528072 
1.36825 2.12008 2.35808 1.9984 1.88715 1.38082 0.98005 0.637926 -0.0466802 -0.112476 -0.278986 -0.169965 
1.61063 3.35484 2.86295 2.24011 3.09639 0.458472 1.63037 -0.175742 -0.559331 -0.673066 -0.296708 -0.267298 
1.61953 3.34333 2.75032 2.8137 3.32929 -0.40556 2.23337 0.435631 -0.735062 -0.680991 -0.369521 -0.155726 
1.56156 2.70133 2.97354 3.09334 3.44685 -0.341642 1.69244 0.76423 -1.05099 -0.141099 -0.39308 -0.114978 
1.49459 2.74257 2.82579 2.73515 3.98729 -0.500802 0.839014 0.76934 -1.33521 -0.244901 -0.486966 -0.220456 
1.71721 2.64126 2.3657 2.37739 3.64693 -0.360081 1.2954 0.477932 -0.173016 -0.988912 -0.336616 -0.132124 
1.40014 2.2825 2.62723 2.91007 3.2866 -0.414538 0.658241 0.754932 -0.906988 -0.500147 -0.222984 -0.192856 
1.31432 2.61833 2.41869 3.39638 3.21477 -1.0625 0.588705 0.127265 -1.03991 -0.991675 -0.25398 -0.25608 
1.24618 2.94707 2.73408 2.88867 3.9448 -1.25713 1.07294 0.278254 -1.03831 -0.926061 -0.286742 -0.30604 
1.28903 2.52437 3.08361 2.60723 4.13826 -1.41838 0.808913 0.248579 -1.53474 -0.590246 -0.391395 -0.27853 
1.35283 2.58335 3.02864 2.88361 4.3599 -1.40106 0.760964 0.0243571 -1.11187 -0.831814 -0.489564 -0.276485 
1.4218 2.95501 3.18253 2.22914 3.43495 -1.09829 1.70071 -0.0198895 -2.05482 -1.00458 -0.292892 -0.360223 
1.50358 2.9584 3.02133 2.06449 3.43025 -0.730714 1.14542 0.269816 -1.82224 -0.684822 -0.44727 -0.32576 
1.42012 2.8589 3.09389 2.34225 3.92411 -1.1246 0.97744 0.147275 -2.17667 -0.971039 -0.37832 -0.403931 
1.56326 2.77044 3.15265 2.53395 3.26442 -0.643173 0.6235 0.132008 -2.09435 -0.809715 -0.489877 -0.403118 
1.55501 2.82704 3.03737 2.24945 3.74993 -0.35622 0.60901 0.106034 -2.11745 -0.523382 -0.519813 -0.387501 
1.57168 2.60833 3.19299 2.69042 3.99901 -0.677672 0.374591 0.0866011 -1.23538 -0.894547 -0.474101 -0.34901 
1.48912 2.43412 3.16606 3.34293 4.48693 -0.836179 0.75703 -0.104881 -0.733409 -0.211859 -0.655422 -0.238392 
1.56988 2.52305 3.01183 3.49235 3.98775 -0.259808 0.902541 0.0505293 0.871107 -0.341744 -0.522858 -0.137716 
1.50638 2.78935 2.79891 2.78787 4.90246 -0.125485 0.496025 0.336885 0.691389 -0.430119 -0.349667 -0.266577 
1.57068 2.34989 2.48485 2.5063 3.91703 0.450177 0.325844 0.148015 0.508289 0.282872 -0.464986 -0.212307 
1.64286 2.38453 2.7243 3.16308 4.67224 -0.315531 0.213207 -0.715827 0.454378 -0.215587 -0.688462 -0.327577 
1.45402 2.55854 2.67316 2.41736 4.11306 0.811641 0.586556 0.0905647 0.100991 -0.0914033 -0.188905 -0.228441 
1.41455 2.72223 2.72119 2.33812 4.67913 0.452298 0.126564 -0.0439861 -0.113984 -0.0104216 -0.330456 -0.35427 
1.42842 2.84343 2.80898 2.10025 4.02621 0.165048 0.623942 0.301734 -0.801224 -0.310143 -0.243298 -0.295665 
1.55952 2.47941 3.03165 2.29173 3.51817 0.570236 0.78979 0.0590056 -0.168019 -0.160469 -0.310476 -0.210135 
1.62523 2.48246 3.14394 1.97012 2.89923 0.284271 0.400096 -0.60175 0.313512 -0.536176 -0.337769 -0.164767 
1.71111 3.03049 2.79905 1.48582 3.2064 -0.0227433 0.394367 0.24421 -0.504975 -0.825085 -0.306114 -0.316019 
1.56892 2.60131 3.33716 1.7918 2.78055 -0.345189 0.74161 -0.579955 -0.661758 -0.189794 -0.477097 -0.135297 
1.71755 2.33547 3.14616 2.17953 2.09988 0.619501 0.845596 -1.19027 -0.327548 -0.556735 -0.342403 -0.196884 
1.74462 2.53009 2.97569 2.52385 2.266 0.120144 0.885702 -0.550594 -0.224405 -0.764679 -0.266088 -0.206909 
1.71955 2.5065 3.45418 2.41538 3.0139 0.185321 0.687242 -0.410167 -0.736573 -0.467358 -0.46571 -0.286078 
1.71928 2.50457 3.20074 1.6179 3.43735 -0.0754854 1.17564 0.198436 -1.1359 -0.0127089 -0.444441 -0.15948 
1.69986 2.45295 2.99248 2.18507 3.05299 0.132244 1.10339 0.00311868 -0.107399 -0.729847 -0.167961 -0.101574 
1.56161 2.51154 3.14873 1.3768 2.43001 0.334147 1.36561 1.3433 -0.136493 0.0779711 -0.164201 -0.140333 
1.62307 2.39665 3.35078 2.37745 2.5596 1.13884 1.32001 0.59026 -0.136633 -0.151472 0.069759 -0.0862661 
1.64992 2.33524 2.96138 2.35932 2.48729 0.937158 0.964777 0.578646 0.755688 -0.16526 0.116397 0.0485044 
1.67398 2.41995 3.14208 1.56027 3.18711 1.53501 1.78491 -0.0109825 0.726139 -0.0117042 -0.0092792 0.113552 
1.6275 2.24981 3.13956 1.30684 2.57941 0.706118 1.19963 1.51823 1.35262 0.620501 -0.0146083 0.106472 
2.00855 2.36698 1.90999 0.0166436 0.163495 -0.12146 2.21365 2.05409 1.33772 0.757215 0.15346 -0.0998943 
2.04399 2.50899 1.25568 -0.555089 0.0100434 -0.0593184 2.16189 1.65933 1.28754 0.723945 0.00572521 -0.121252 
1.96314 2.04362 1.0612 -0.213484 0.645175 0.214468 2.66328 1.61081 0.441504 0.795874 -0.334004 -0.209873 
1.92074 2.01774 2.08078 -0.2876 1.00929 0.368236 2.65198 1.66461 0.983453 0.229118 -0.244299 -0.0966671 
1.8909 2.14587 2.17034 0.795772 0.715693 0.576252 1.60017 1.01091 1.46355 0.200896 0.0230703 -0.04388 
1.81446 1.89467 2.15388 0.90232 0.622593 1.06282 1.61209 1.42589 0.345656 0.127979 -0.116374 -0.158131 
1.65623 2.19206 1.8836 0.80437 1.03603 0.790427 1.93604 1.25783 1.38239 0.0737087 -0.167584 -0.121187 
1.58629 2.3365 2.0479 0.330969 0.767161 0.643953 1.86261 1.41788 2.00813 0.00375725 0.473145 0.0555567 
1.46147 2.11539 2.23669 0.570607 0.269811 1.02336 1.93396 0.857697 1.66551 0.284078 0.28035 0.0774942 
1.38901 1.87105 2.05415 1.67724 1.3255 0.778131 2.21176 1.42533 0.832473 0.623988 0.0321171 0.0755195 
1.45014 1.43461 1.86066 1.40152 1.17318 0.47317 2.11213 2.22449 1.22835 0.25345 0.485063 0.213068 
1.42323 1.39181 1.95119 0.928311 0.22594 0.842778 1.37052 1.75997 1.54408 0.700491 0.40221 0.121444 
1.44688 1.84328 1.96341 0.938994 1.02743 0.921545 1.93705 1.21529 1.64026 0.963851 -0.0782398 0.0512618 
1.47677 1.694 1.98022 0.91005 1.25889 0.189194 2.14347 1.77037 1.3421 0.366679 0.0971694 0.0737707 
1.42467 1.7649 2.2239 0.88208 1.36162 0.804484 1.59253 2.61134 1.21802 0.407527 0.295443 0.0698039 
1.36105 1.5991 2.07254 0.828532 1.4081 1.17037 1.36032 2.08636 1.28601 0.511781 0.35121 0.122267 
1.27228 1.31175 1.97968 0.997034 1.34042 1.00058 1.54034 0.963183 0.46567 0.0944223 0.702588 0.147944 
1.43998 1.41456 2.2992 0.976427 0.818129 0.950986 0.780115 0.40928 0.474157 0.0176279 0.608008 0.174666 
1.40287 1.54976 2.34311 0.642477 0.732274 0.146562 1.72161 0.727881 1.43107 0.0486959 0.756358 0.305046 
1.2838 1.59901 1.83127 1.41883 1.40422 0.53085 2.3576 0.913951 1.49437 0.106707 0.360384 0.170994 
1.18975 1.62965 1.60646 0.988941 0.82531 0.364763 2.71208 0.965785 1.25031 -0.043669 0.527859 0.0967683 
1.1465 1.41974 1.988 0.988773 1.09691 0.0951037 1.8383 0.71277 0.818941 0.391854 -0.773909 -0.0601658 
1.23317 1.31053 2.09463 1.59195 2.0056 0.463832 1.79198 0.580244 1.11719 0.232439 -0.347077 0.112062 
1.14516 1.27907 1.64674 1.07238 2.01032 -0.0702841 1.32686 1.46402 1.16895 0.360594 0.364153 0.151048 
1.10175 1.07169 1.42472 1.41949 1.50473 0.639297 1.23236 1.06354 0.739441 0.316642 0.574477 0.0599011 
1.13743 1.42561 2.07936 1.08928 0.667651 0.573978 0.829288 0.806813 1.89903 0.45078 0.446826 0.182227 
1.23513 1.71405 1.86916 0.650218 0.871337 1.14883 0.611794 0.839023 1.48744 0.582443 0.740953 0.20807 
1.05661 1.1646 2.12487 0.675768 1.53955 0.717647 1.84605 0.297955 1.21357 0.684344 0.712768 0.205818 
1.11207 1.2138 2.27585 1.37078 1.77411 0.872799 2.57672 1.01049 1.20072 0.699892 0.264844 0.259133 
1.19552 1.28715 2.07825 0.98845 1.31738 1.14555 3.06271 1.46449 1.14254 0.480894 0.629078 0.236059 
1.10128 1.38754 1.70036 0.383478 1.82479 0.183662 2.028 1.58104 1.61753 0.413329 0.814116 0.229969 
1.12387 1.23614 1.59867 0.867772 1.72196 0.144243 1.82502 0.670615 1.1486 0.67557 0.694714 0.241224 
1.12791 1.30559 2.11277 1.05502 1.68575 0.564971 1.75466 1.54474 1.74242 0.590945 0.543176 0.268047 
1.07694 1.65074 2.01343 1.04521 2.20352 0.555122 1.18638 1.32759 0.678251 0.335557 0.854342 0.160329 
1.11853 1.29739 2.03065 0.768999 1.78049 0.107654 1.19313 1.19752 0.551133 1.00291 0.781243 0.190369 
1.01875 1.32642 2.10239 1.20152 1.93554 0.201214 1.13178 1.15181 0.6949 1.42944 0.846986 0.160819 
0.983295 1.20216 1.95724 1.129 1.72554 0.906957 1.10263 0.646787 0.483357 1.3209 0.846032 0.0654422 
0.997948 1.18458 1.62696 0.840985 1.62421 1.51868 1.74022 0.913623 0.553412 1.34369 0.0197234 0.106168 
1.05275 1.49069 1.90118 1.10501 1.71262 0.863364 1.44212 0.776497 1.33647 0.860492 0.32904 0.205644 
1.06088 1.58014 1.88314 1.19969 1.50865 -0.0526738 1.38049 0.830204 1.19803 0.55219 0.479977 0.215004 
1.07278 1.2582 1.94697 0.765855 1.97205 -0.965639 1.40282 1.48233 0.722022 0.378326 0.432512 0.193792 
1.04208 1.15816 2.43242 0.711598 1.71908 0.247266 1.75067 1.83835 0.989363 0.719255 0.583197 0.171765 
0.889505 0.713782 2.28974 0.513773 1.79719 0.923431 1.50747 1.71385 2.00157 0.913934 0.310731 0.165152 
0.944599 1.1463 2.01551 1.24619 1.37426 0.198845 0.503768 1.45186 0.984879 0.313148 0.201698 0.171515 
0.995812 1.41539 2.4286 1.10487 2.17519 0.0965191 0.225257 0.989915 0.800669 0.637982 0.382693 0.145034 
0.905165 1.34005 1.78896 1.16298 1.7598 0.556197 0.67944 1.17846 1.5943 0.697789 0.512298 0.129691 
0.788599 1.74472 1.78928 1.5118 1.60783 0.229424 0.999065 0.873597 -0.0633945 0.260786 0.389846 0.0599345 
0.80732 1.77157 1.4669 1.44899 1.53303 0.208021 1.74229 0.900632 0.455177 0.466494 0.379023 0.113603 
0.882463 1.52867 1.52562 1.48595 1.6492 0.384754 1.44718 1.2126 0.873542 -0.00206753 0.694857 0.106751 
0.852946 1.11078 1.13932 1.65094 1.51254 0.572406 1.3338 1.07867 1.11991 -0.408397 0.60013 0.0401091 
0.750178 1.16634 1.34294 1.46125 1.3158 0.805557 2.03675 1.27551 1.13676 0.348352 0.247506 0.128718 
0.778053 1.29653 1.22566 1.37312 1.65117 1.52891 1.60541 1.04801 1.58921 0.640338 0.475971 0.118233 
0.808811 1.41245 1.80462 1.19279 1.0557 1.29522 1.30103 0.487939 1.06039 0.568422 0.890491 0.0370428 
0.879419 1.61988 2.02013 0.778295 1.20917 1.63712 1.01448 0.776937 0.910919 0.778534 0.282759 0.177301 
0.969204 1.22804 1.77199 0.504802 1.45615 1.31291 0.409841 0.548911 1.22874 0.696295 0.290554 0.174277 
0.88951 1.01601 1.64016 0.421581 0.943417 0.207546 0.13644 -0.244989 0.976229 0.437274 0.590017 0.173505 
0.792991 1.22789 1.10376 1.55488 1.54837 0.397702 0.868877 0.0373872 1.33264 0.584291 0.557312 0.0131651 
