0.612574 0.838765 1.27224 0.357713 0.848536 1.14045 0.327544 0.534112 0.991936 0.105094 -0.0443522 0.146783 
0.557637 0.768149 1.29479 0.424904 1.38364 1.36544 0.507204 0.762122 0.781204 0.0571618 -0.245114 0.0673775 
0.69262 0.937549 1.18006 0.112841 0.239381 1.29474 0.669241 0.55023 -0.0461824 -0.106713 -0.0971757 -0.050115 
0.679899 0.985514 1.15521 0.436448 0.791943 1.02721 0.767121 1.0369 0.370276 0.119847 0.0579068 -0.0531932 
0.655352 0.986055 1.16567 1.00603 1.9138 0.381534 0.29782 0.581597 -0.0527855 0.348236 0.31498 -0.0324038 
0.59123 1.11077 1.14868 1.20811 1.43845 0.238945 0.487954 0.524952 0.951976 0.266658 0.4586 -0.0577471 
0.529836 1.1584 1.40211 1.41891 0.424644 1.44191 0.74476 0.398419 1.16467 0.0370035 0.414681 0.076166 
0.544784 0.654136 1.16837 1.30725 0.164617 1.32809 0.437585 0.810621 0.712658 0.0547585 0.0842632 0.136716 
0.505467 0.831575 1.28468 0.841362 0.789399 1.06558 0.134034 0.651661 1.8262 0.754311 0.0482784 0.0576663 
0.57396 0.878273 1.51309 1.76816 1.52171 0.627315 1.30817 0.377141 1.16362 0.460871 0.110509 0.105118 
0.51892 0.976586 1.02514 0.999086 1.2767 1.05346 1.91352 0.290577 0.899161 -0.0912745 0.35953 0.0381311 
0.498586 1.17165 1.03188 0.822126 1.05445 0.893103 1.21801 1.02713 1.2115 -0.231351 0.231701 0.0515455 
0.597782 1.17556 0.954878 0.395585 0.788028 -0.0410158 0.245658 0.814563 1.0881 0.220617 0.222092 -0.13391 
0.682012 0.697588 1.02692 0.705477 0.790782 0.102781 0.617214 -0.112651 1.09326 0.0615638 0.560692 -0.245886 
0.678095 0.578064 1.2448 1.05858 0.136434 -0.0864496 0.655607 0.530741 1.10455 -0.156939 0.523888 0.0177762 
0.598405 0.883177 1.66896 0.758381 0.916199 -0.492742 0.268601 0.585526 0.324435 0.699748 0.604515 -0.0591376 
0.528244 1.28022 1.61599 0.552641 1.11729 0.245101 0.794153 0.126523 0.17434 0.122905 0.218189 0.0607015 
0.612046 1.02821 0.667471 0.798881 0.7305 -0.120998 0.720881 1.05161 0.117653 0.077044 -0.0210513 0.116028 
0.789855 0.987089 1.33781 0.988562 0.704894 0.769012 0.244274 0.734655 -0.116708 0.750952 0.185624 0.0283463 
0.75187 0.880353 1.30356 1.09558 1.12965 0.486905 1.1663 0.268337 0.193708 0.115641 0.525987 -0.0135663 
0.679564 1.00539 1.512 1.02224 1.13785 0.424953 1.61619 0.710511 0.550718 0.253843 -0.173166 0.166178 
0.714075 1.18804 1.5837 1.37814 1.13717 1.61882 0.991146 0.405302 0.989371 0.282775 -0.328828 0.249106 
0.708863 1.5222 1.62919 1.67936 0.783001 0.771856 1.64092 1.07959 0.4842 0.977338 -0.190341 0.191502 
0.913974 1.65442 2.10686 1.83325 1.53906 0.636762 1.48627 1.32178 1.22922 0.380924 0.276373 0.207438 
1.10117 2.10052 2.13782 1.69106 2.11516 1.39336 1.67389 1.10524 1.31257 0.407185 0.405748 0.198125 
1.20155 2.32549 2.8463 2.39176 3.18815 1.67783 1.85026 0.848179 0.618175 0.142385 0.387664 0.0742013 
1.44884 2.30098 2.6517 2.63148 2.98722 2.33992 2.00015 0.480366 0.0909999 -0.0348675 0.29594 0.00294113 
1.60754 2.38721 2.49331 2.73554 3.4072 2.54117 2.3665 0.414156 -0.544604 -0.287048 0.453537 0.0561487 
1.72823 2.48265 2.28793 2.50785 3.90388 2.69546 2.5546 -0.299445 -0.593786 0.0729051 0.353611 0.146299 
1.80994 2.52804 2.15526 2.28081 3.63719 3.35812 1.78485 -0.514508 0.0197594 -0.0220206 0.369112 0.102771 
1.6844 2.39766 2.41533 2.38732 3.03705 2.75554 1.68354 0.437741 0.238829 -0.00641563 0.1757 0.016963 
1.76613 2.82489 2.37567 2.47378 3.31733 2.3913 2.00113 0.938699 0.148976 -0.194792 0.152099 -0.00969864 
1.67648 2.45671 2.4508 2.43883 3.31654 2.68816 2.06713 0.247516 0.29351 -0.05885 0.234929 0.0419765 
1.88281 2.44846 2.2692 1.87499 3.36133 2.85592 1.91615 0.429857 0.488419 0.195639 0.279912 0.146039 
1.83913 2.08039 2.37419 2.25326 2.5148 2.33477 2.12972 0.79571 0.44273 0.403345 0.138308 0.0705839 
1.84846 2.11126 2.48718 1.87512 3.03726 1.71186 1.88017 1.80335 0.392589 0.910547 0.276833 0.138487 
1.80707 2.06642 2.25145 2.09835 3.52583 1.50664 1.33317 1.51413 0.672008 0.583203 0.331588 0.17953 
1.64011 1.59877 1.8754 2.45122 3.55073 1.77052 1.84437 0.110601 1.35445 0.674024 0.288806 0.170255 
1.58112 1.3001 1.54476 1.77579 4.12745 1.37842 0.0989859 0.0985119 1.22993 1.26483 0.455263 0.0273294 
1.24292 1.38229 1.68695 2.46524 4.27904 1.01007 -1.14138 0.0846018 1.25262 0.754705 0.370754 -0.258297 
0.938337 0.840656 1.96355 3.78817 3.3493 -0.534675 -0.161466 0.536491 1.16237 0.428565 0.930828 -0.13897 
1.01292 0.389205 1.38371 3.95041 3.22604 0.0173285 1.22058 0.491545 1.24354 1.18963 0.871985 -0.0184678 
0.971131 0.327611 1.14953 3.8913 4.28942 0.77628 0.706131 0.779645 1.2051 0.977607 0.355287 0.0907998 
0.657715 0.474739 1.51872 2.92851 3.78844 0.769239 0.598314 0.938211 1.79421 0.51028 0.674324 0.0133274 
0.54 0.579759 1.89027 2.37147 4.05748 0.545776 0.761692 0.463337 1.64927 0.761649 0.710942 -0.0808007 
0.533612 0.575378 1.37495 3.4926 3.74644 0.314809 0.86093 0.43161 1.27227 0.894632 0.718098 -0.180801 
0.619734 0.336815 2.17581 2.66627 3.84687 -0.041825 1.17983 1.00457 0.564693 1.06908 0.327215 0.00777173 
0.787782 0.585788 1.45518 2.3621 3.92148 -0.584599 0.971639 1.50529 0.294915 1.00018 0.0907367 0.108011 
0.927005 0.784696 1.02442 1.99884 4.05708 0.410361 1.10846 1.60077 0.538115 0.541506 -0.213403 0.203858 
1.08956 0.698165 0.990353 2.37943 3.32071 0.566875 1.65844 1.21849 0.514453 0.426082 -0.169006 0.189322 
1.22565 0.438221 0.688769 2.6003 3.38628 1.47123 1.78423 0.54693 0.68863 -0.105645 -0.230804 0.194609 
1.57298 0.707131 0.823373 0.913465 3.16687 0.266129 1.4066 1.80376 0.380351 0.501458 -0.509887 -0.116315 
1.9483 0.742593 0.243959 1.30705 2.386 -0.302458 1.8472 1.94013 0.888321 0.117356 -0.52074 -0.11346 
2.14126 0.691495 0.0931386 0.438127 1.88123 0.576543 1.89241 1.66136 0.718458 0.172837 -0.331098 -0.208942 
2.09988 0.959851 0.0885438 -0.358619 1.44619 1.27406 2.33835 1.91039 0.140998 0.316762 -0.225241 -0.252401 
2.2286 0.693741 -0.643294 -0.081083 1.92941 0.762724 2.4526 1.9082 0.346447 0.0981166 -0.306679 -0.166456 
2.22476 0.739468 -0.626047 -0.577943 2.37768 0.860077 1.88939 1.67842 0.561636 0.363499 -0.406192 -0.317305 
2.27501 1.03755 -0.639974 -0.604355 1.92301 1.02357 3.01988 1.37542 -0.0989344 0.403233 -0.292223 -0.22249 
2.21885 0.940619 -0.483994 0.170313 1.16867 0.78592 2.7004 1.30252 0.547308 0.0436625 -0.29982 -0.286156 
2.17016 1.13006 -0.659538 -0.263262 0.710686 0.842407 2.96138 1.13682 0.834723 -0.19862 -0.222867 -0.20426 
2.1475 0.9778 -0.86823 -1.12456 1.68544 1.48081 2.80866 1.16846 0.331291 -0.153846 -0.246739 -0.0796279 
1.99446 0.851827 -0.481798 -0.0589441 1.95235 2.0913 2.62127 1.22573 0.131031 -0.104418 -0.26505 -0.087861 
1.81126 0.379314 -0.140694 -0.26024 2.03897 2.47277 2.20453 1.88455 0.897445 0.0194079 0.0865022 0.0941101 
1.54315 0.776936 0.0515218 -0.424336 1.83161 0.958177 2.46297 2.87258 0.973056 0.225414 0.218892 0.0083102 
1.15648 0.833402 0.133679 -0.0193173 2.18675 0.565785 3.33732 2.08668 0.067462 0.174446 0.21112 0.0679334 
1.32135 1.32828 0.155399 -0.615475 1.37012 -0.242465 3.27972 1.61736 -0.274987 -0.065566 0.252819 0.0445167 
2.2688 1.29676 -0.614642 -1.08943 1.84312 0.517909 1.10489 0.586404 0.86443 0.569849 0.157669 -0.0754884 
2.32601 1.48799 -0.592848 -0.978004 1.78231 0.712175 0.51307 0.541866 1.24264 0.380217 0.164915 -0.141739 
2.52442 1.77636 -0.590657 -0.990653 1.94317 0.286633 1.25973 -0.152466 1.21729 0.384435 0.107106 -0.0108999 
2.54777 1.74946 -0.283124 -0.910485 2.04326 0.428863 0.355453 0.233483 1.07498 0.44205 0.0237266 -0.16093 
2.39622 1.81488 0.216448 0.0453915 1.86871 0.0118475 0.0709746 0.387228 0.754851 0.288158 -0.0102996 -0.0850935 
2.51653 2.1922 0.239956 -0.588133 1.12959 -0.359537 0.523688 0.72853 0.465615 -0.29217 -0.254477 -0.0403383 
2.28701 2.14426 0.557851 -0.507699 0.950129 0.55881 0.814181 0.356036 0.379936 -0.753735 -0.215428 -0.0664286 
2.22999 1.82133 0.920952 -0.0547527 1.24369 0.857625 0.378646 0.0604674 1.07399 -0.502531 -0.215813 -0.139661 
2.25435 1.80941 0.548566 0.455531 0.745444 1.29977 0.509293 -0.0817648 0.762976 -0.915209 -0.333031 -0.144403 
2.29294 1.73285 0.495345 0.0709486 0.920842 1.27403 1.42768 -0.0807138 0.948995 -0.860059 -0.555156 -0.26845 
2.4116 1.8667 0.868097 -0.422558 1.21706 0.548745 1.31452 -0.37292 0.61355 -0.450609 -0.318292 -0.00986979 
2.27102 1.76745 1.16238 -0.462697 1.62296 0.349396 1.57482 0.454385 0.347329 -0.529334 -0.499719 -0.0623453 
2.33288 2.0501 1.26168 0.135761 1.95868 0.00689871 0.702888 0.974624 0.796652 -0.222633 -0.459489 -0.250202 
2.14503 2.10639 1.42237 0.0825264 0.907558 0.584674 2.10249 0.510522 -0.14004 -0.43493 -0.430187 -0.164353 
2.05193 2.17073 1.49621 -0.265425 0.459746 0.423923 2.17039 0.434312 -0.267888 -0.430179 -0.351932 -0.0835244 
1.98032 2.0143 1.51324 -0.128567 -0.00138034 0.701437 2.58279 0.283114 0.265306 -0.539633 -0.228265 -0.0378835 
1.86112 1.68237 1.00945 -0.560947 0.496545 0.529057 2.3942 0.434028 0.360078 -0.269976 -0.176218 0.0398374 
1.88191 1.45626 1.06828 0.263745 0.577185 1.35749 2.36 1.02647 0.532571 -0.724781 -0.325707 -0.0841792 
1.75188 1.2392 1.29735 -0.718747 0.715495 1.03316 2.59114 1.93397 0.951471 -0.323252 0.112633 0.115261 
1.80111 1.83791 1.11479 0.082698 0.312561 0.0909465 1.96932 0.976806 0.404359 -0.474493 0.336085 0.144612 
1.74917 1.85638 1.05919 -0.347116 0.123598 0.806699 1.63787 1.28067 0.490995 -0.203395 0.428663 0.181158 
1.74311 1.68135 0.690992 -0.141996 0.940752 1.33207 1.39721 1.023 1.12056 -0.367892 0.207826 0.102271 
1.86232 1.63232 1.54529 0.127903 0.370362 0.651407 1.83716 0.625676 1.20007 -0.287671 0.28839 0.250978 
1.75186 1.28252 1.52996 0.185408 0.337788 0.670763 2.14219 1.38115 1.37853 0.00089482 0.267192 0.152721 
1.5972 1.60272 1.57259 0.473947 1.06267 1.61734 1.95949 1.04478 1.3841 -0.259588 0.363619 0.197657 
1.71028 1.88225 1.27856 0.163074 0.893046 1.22076 2.34968 1.29124 1.0459 -0.287428 0.2246 0.0848586 
1.69657 1.77122 1.09895 0.883845 1.36912 1.114 2.03382 0.696234 0.894172 0.187214 0.148985 0.0593932 
1.58115 1.71945 1.96049 1.06273 1.45981 1.23412 1.55912 1.02426 0.753648 0.623635 -0.128899 -0.0386466 
1.4695 1.82885 2.21209 0.511093 0.49988 1.12317 1.42001 1.41459 1.22275 0.48052 0.185456 0.0439077 
1.37862 1.28969 1.82233 -0.00670597 1.49932 1.22998 1.44015 1.18016 1.41325 0.426823 0.286893 0.173034 
1.4457 1.44864 2.02266 0.537163 1.97545 1.32693 1.75696 0.619229 0.788062 -0.235283 -0.394293 0.0166842 
1.33842 1.41746 1.76343 0.461906 1.24033 0.594726 1.84546 0.882453 1.40217 -0.367569 -0.124902 0.0198123 
1.34832 1.39523 1.65637 -0.340649 1.71889 0.470143 1.30989 1.25806 0.756041 -0.200783 -0.222312 -0.104897 
1.51535 0.975143 2.02634 0.356702 1.23838 1.58654 1.26629 1.8311 0.601741 0.0959458 -0.467697 -0.260598 
1.45968 1.20808 1.84067 0.694013 0.475648 0.537552 1.85956 1.14058 0.690936 -0.384808 -0.0833546 -0.137814 
1.40572 1.48252 1.37257 0.253639 1.70477 -0.0310023 1.30774 1.35194 0.475705 -0.395906 0.211726 0.0237311 
1.36941 1.43528 1.88547 0.18011 1.43441 0.00117101 1.46098 0.941992 -0.0487005 -0.00691675 0.189327 0.000450302 
1.29269 1.14035 2.11604 1.13345 1.01296 0.909619 1.83611 0.59793 1.21668 -0.1069 -0.34909 0.0242055 
1.14389 1.29282 1.66429 0.416941 1.22235 1.09163 1.99179 0.915589 0.97762 0.203254 -0.385592 -0.0155539 
1.04296 1.61614 1.61674 0.56626 1.98517 1.07081 2.135 0.64765 -0.0281423 0.0994037 -0.112985 0.00561718 
1.13281 1.08715 1.74159 0.783883 1.47101 0.356895 1.9052 0.664623 1.05698 0.467826 0.693117 0.142896 
1.3371 1.33906 1.68612 0.570606 1.18826 0.374481 1.81917 1.35413 0.62048 0.669301 0.527353 0.104836 
1.25095 1.39527 1.99819 1.25763 1.37033 1.33805 2.43244 0.873528 0.105755 -0.292332 0.384546 0.0997454 
1.17943 1.50182 2.01833 1.15841 1.70348 0.663319 1.17889 0.875377 1.17228 -0.19812 0.300386 0.120088 
1.06995 1.55765 1.90521 1.3221 2.29345 0.616011 2.155 1.91934 0.962396 -0.898456 0.38838 0.111953 
1.10834 1.44538 1.34415 0.817782 1.5119 0.13317 0.960925 1.62823 1.26429 -0.208332 0.635978 0.00951102 
1.0574 1.10615 1.40882 1.32141 1.67971 -0.333919 0.944779 1.39448 1.17048 0.14757 0.451959 0.109405 
0.990556 1.40124 1.81236 1.42153 1.38069 -0.406454 1.21225 1.00371 1.02198 0.182573 -0.341003 0.109245 
0.985252 1.38366 2.09392 1.11483 1.74262 0.40106 1.84683 1.21796 0.581016 -0.217669 -0.0290007 0.129064 
1.0591 0.763743 2.00864 1.02505 1.53894 0.473807 2.1059 0.529156 0.686519 0.542209 -0.154298 0.0968131 
1.09819 1.26048 1.8792 1.25174 1.1219 -0.13736 1.00987 0.971525 1.10077 0.37646 0.194266 0.0565226 
1.04624 1.42519 1.85411 1.24278 1.0005 0.516408 1.74674 0.407544 1.01088 -0.0214626 0.328464 0.0664283 
1.07127 1.04414 1.56269 0.845564 0.333257 0.0603025 0.415965 -0.158111 1.31189 -0.16206 0.154171 0.094485 
0.822128 1.13862 1.74929 0.161518 1.05202 0.0714215 0.5569 0.255427 0.605986 -0.229127 -0.420531 -0.114798 
0.995153 1.31447 1.79818 0.402975 1.25217 -0.124687 1.46363 0.421719 0.165103 -0.359288 0.0316786 -0.056915 
1.05965 1.22619 1.6559 1.36831 1.65498 0.110419 1.68646 1.55201 0.732911 -0.0116756 0.336817 0.13701 
1.01798 1.02338 1.6723 1.12219 1.2249 -0.0515078 1.03036 0.521436 0.983794 0.0736366 0.298302 0.101048 
0.903638 0.816392 1.92379 1.1837 1.03034 -0.773194 0.819198 -0.321247 1.16227 0.133193 0.45542 0.186406 
