0.643621 1.27647 0.36171 -0.621539 0.66674 -0.636958 0.751962 1.35978 0.444795 1.17492 -0.173667 -0.0638777 
0.484701 0.952385 0.384734 -1.30909 0.800676 -0.923253 0.735904 0.72421 -0.162493 0.0183439 -0.280643 -0.0547372 
0.46894 0.952247 -0.036247 -1.33102 0.878744 -0.228865 1.69839 0.813343 -0.551297 -0.0969754 0.0558164 0.0651008 
0.40643 1.32164 -0.0627712 -1.795 0.0613369 -0.779606 1.24711 1.28064 -0.229316 0.713788 0.00212487 -0.0863108 
0.412681 1.17078 -0.0191859 -1.77883 -0.504022 -1.12158 1.44297 1.41634 -0.5719 0.807537 -0.118863 -0.317772 
0.53645 0.841939 -0.577518 -0.974915 0.0787171 -0.644099 1.66716 1.61359 -0.448324 0.924452 -0.0522991 -0.258622 
0.425976 1.15543 -0.568652 -0.49827 0.573389 0.340537 1.63551 1.89949 -0.460557 0.66329 0.0670907 -0.415625 
0.60369 1.08305 -0.506511 -0.805937 -0.711107 -0.0671797 1.52975 1.2118 -0.822709 0.178972 -0.115025 -0.0810501 
0.616022 1.03298 -0.282228 -0.701372 -0.166156 0.402068 1.28507 0.754216 0.218162 0.759842 -0.127706 -0.0913979 
0.628165 1.10466 -0.145107 -0.807784 -0.197942 0.40543 2.03379 1.10934 -0.101946 0.482186 -0.461824 -0.213152 
0.722516 0.959358 0.000758144 -0.172303 0.252838 -0.186464 1.33713 1.31805 1.23222 0.335965 -0.357474 -0.0785302 
0.741014 0.923546 0.246459 -0.0435581 0.0195077 -0.549531 0.513881 0.833208 0.923207 0.756081 0.077859 0.008185 
0.689499 0.853437 0.956518 -0.270596 0.371315 -0.787802 0.675682 0.539889 0.27265 0.538139 0.866286 -0.0523314 
0.972287 1.26747 0.83891 -0.466014 0.809878 -0.810274 0.559754 1.03033 0.284474 0.142199 0.671059 -0.0724507 
1.1253 1.77576 0.704887 0.375899 0.452812 -0.532657 1.04499 1.1688 0.634359 -0.356696 0.579659 -0.00572287 
1.00806 1.49926 1.16734 1.10332 0.43763 0.9118 0.584061 0.581944 0.915117 0.256891 0.331366 -0.0440995 
1.53761 2.27606 2.07095 1.92986 2.37457 0.910388 0.825408 -0.0932804 0.699469 0.347472 -0.332492 -0.124563 
1.43432 2.14397 2.30408 2.51816 2.5673 1.40364 0.679003 0.146505 0.188959 -0.0101713 -0.258782 -0.189871 
1.56849 2.33136 2.51901 3.08392 3.31428 0.711328 0.0179774 0.365515 0.323394 -0.0751001 -0.42405 -0.270622 
1.58936 2.36895 2.83612 3.26645 3.9788 0.234773 -0.347497 0.471565 0.0243087 0.030161 -0.622735 -0.347285 
1.62489 2.1319 3.15263 3.39082 4.27006 -0.0201461 -0.662552 0.808219 -0.298984 0.00146196 -0.693306 -0.424005 
1.58221 2.0795 3.2393 3.48107 3.83939 -0.245144 -0.516953 0.340744 -0.735241 -0.0308157 -0.721276 -0.449141 
1.46728 2.06827 3.6889 3.47928 4.59191 -0.9458 -0.415381 0.56411 -1.05281 -0.528269 -0.755654 -0.503657 
1.5369 2.12963 3.63947 2.9321 5.14695 -1.02048 -0.227167 0.381361 -1.14847 -0.495324 -0.757676 -0.462025 
1.52035 2.27661 3.32415 2.93406 4.84431 -0.731287 -1.094 0.231906 -0.560797 -0.774904 -0.743955 -0.576956 
1.49737 2.01621 3.82854 3.12093 5.30091 -0.862105 -1.36287 0.626419 -0.858544 -0.796027 -0.804692 -0.717643 
1.59491 2.19136 3.4199 3.19548 4.56159 -0.269567 -1.7492 0.7224 -0.788712 -0.71768 -0.704093 -0.675135 
1.62606 2.31841 3.11064 3.25327 4.56731 -0.0468168 -1.78682 -0.295034 -0.117795 -1.07636 -0.719514 -0.713547 
1.67982 2.21921 3.13126 3.14453 5.0137 -0.691806 -1.55723 -0.518532 -0.0559153 -0.680639 -1.06023 -0.671685 
1.80188 2.10197 3.19826 2.79927 5.16242 -0.684445 -1.7013 -0.113424 -0.356106 -0.085372 -1.08176 -0.684943 
1.67339 2.08011 2.85684 2.78033 4.40048 -0.00390901 -1.2857 -0.0108353 0.26959 0.0881168 -0.729159 -0.512184 
1.66889 2.02284 2.75305 2.98831 4.23723 0.809704 -1.45587 0.316062 0.820871 -0.212192 -0.487336 -0.489331 
1.85202 2.29863 3.16367 3.09976 4.67977 0.61102 -1.22677 -0.0340901 0.551474 -0.374919 -0.63219 -0.535581 
1.82954 2.56484 3.10847 3.28052 4.11974 0.625771 -0.95095 -0.527989 -0.0290437 -0.201731 -0.704331 -0.53617 
1.75736 2.4618 3.10081 3.35574 4.4618 0.534211 -1.32102 -0.349392 0.00713973 -0.21915 -0.748214 -0.61936 
1.88857 2.53656 3.14105 2.75537 5.30385 0.270249 -1.06897 0.311344 0.0397817 -0.290021 -0.635519 -0.565677 
1.85341 2.36859 3.07665 2.32701 5.59849 0.359291 -0.80457 0.298744 0.69821 0.120309 -0.500067 -0.43992 
1.72397 2.21768 2.73719 2.60044 4.57089 0.742728 -0.690656 0.0493086 0.744106 0.042375 -0.347382 -0.377008 
1.76827 2.47827 3.41515 2.89594 5.02515 0.478816 -1.57264 -0.0798812 -0.0190813 -0.544127 -0.668921 -0.696868 
1.88616 2.44142 3.30187 2.71838 5.36438 0.322356 -1.71205 0.0121337 -0.179097 -0.841137 -0.710937 -0.760112 
1.79741 2.60305 3.24777 2.70571 5.29772 -0.0512945 -1.17088 -0.122555 0.210857 -0.601858 -0.76333 -0.611606 
1.54504 2.03797 3.26281 2.67451 4.82682 0.44336 -0.736531 0.673864 0.537003 0.0564556 -0.448022 -0.396678 
1.73314 1.92534 3.47154 2.25748 4.87509 0.379863 -1.09715 0.600495 0.380282 0.00562526 -0.42074 -0.403721 
1.60669 2.18409 2.96721 2.72024 4.0334 0.677254 -0.399689 0.140857 0.206905 0.277056 -0.395168 -0.322146 
1.70397 2.26471 3.24257 2.93312 4.66215 0.36144 -0.877696 -0.284343 -0.00196245 0.19881 -0.687961 -0.521571 
1.78226 2.20615 2.80368 3.06752 4.27385 0.538015 -0.342001 -0.34587 0.0715233 0.55401 -0.51052 -0.394742 
1.8205 2.39395 2.6051 2.50175 4.00062 0.509668 -0.352114 -0.580417 -0.504603 0.293121 -0.393615 -0.33231 
1.98599 2.47068 2.48072 2.15933 3.91206 0.330711 -0.587231 -0.661875 -0.466229 0.356358 -0.348605 -0.291453 
1.92893 2.41167 2.19602 1.68767 3.18986 0.94502 0.473527 0.336416 0.273319 -0.00117258 -0.122544 -0.13783 
2.06449 2.67012 1.92004 1.27017 2.5852 1.39038 1.45554 1.40701 0.436236 -0.774264 -0.256577 -0.196074 
2.01116 2.66559 2.44489 0.951309 2.81837 1.43539 1.14912 1.24923 1.15081 -0.235636 0.00388262 -0.110958 
1.7328 2.2537 2.55492 2.18715 3.08105 1.27491 0.44754 0.281567 0.930169 0.01645 0.11443 0.0154834 
1.79924 1.92718 2.46568 1.24924 3.48612 0.686631 0.91376 0.723434 0.759609 -0.0650278 0.149431 0.191477 
1.73139 2.02933 2.62988 1.92878 1.90127 1.10423 1.20642 0.642923 0.178551 -0.496741 0.229357 0.079242 
1.79159 2.20082 3.02648 1.51892 1.80175 0.283794 1.3322 -0.49319 0.63343 0.217776 -0.213973 0.0537411 
1.70396 2.01761 2.79001 1.88292 1.95449 -0.0422829 0.966296 -1.03014 0.748608 0.185172 -0.323013 0.0105719 
1.69593 2.06636 3.07201 2.13896 2.519 0.188995 0.662893 -1.64796 0.570437 0.188586 -0.625354 -0.100096 
1.95151 2.15283 1.74399 0.159395 0.868474 0.208123 1.02993 1.1147 0.900855 0.35548 -0.339033 -0.300639 
1.93457 1.94289 1.06683 -1.38589 -0.198169 -0.691226 1.23438 2.09778 0.761025 0.224303 -0.137485 -0.362611 
1.5645 1.50223 1.54826 -0.430473 0.200289 -0.545038 0.656546 2.77469 -0.178753 0.192323 0.185135 -0.332302 
1.41984 1.19367 1.81713 -0.761442 0.890698 0.212022 0.409946 1.6801 -0.240207 0.40846 0.422305 -0.262264 
1.68426 1.62208 1.69438 -1.28594 0.0788155 0.037906 1.14101 1.30495 0.652762 0.349265 0.37031 -0.0219976 
1.70782 1.94257 1.5116 -0.624712 0.097156 0.0815444 1.31498 1.22654 0.382043 0.722975 0.421828 0.074079 
1.80807 2.28254 1.77813 -0.260956 1.61742 0.928951 0.843246 1.08608 1.4821 0.474378 0.109968 -0.0659997 
1.74945 2.11838 2.32069 0.330744 1.59985 0.21161 1.43435 1.51414 0.742924 0.627585 0.0387482 -0.00787086 
1.69548 2.25615 2.28749 0.783685 0.576851 0.243502 0.828145 0.986625 1.59095 0.515895 0.314902 0.0947055 
1.65933 2.08277 2.02529 0.642476 1.23297 0.372807 1.18557 1.14198 1.51914 -0.195566 -0.0323718 -0.086735 
1.62606 2.12193 2.09193 0.62482 1.0007 0.132969 1.52322 1.08416 0.740332 0.0543602 0.0350592 -0.052234 
1.69039 2.09229 2.09083 0.38502 0.982496 -0.00281654 1.46939 0.632369 1.04102 0.430068 -0.0598996 -0.0259599 
1.70165 2.07531 2.34046 0.666279 1.23136 0.490836 1.43032 1.31595 0.995686 0.514447 -0.148642 -0.0948065 
1.65538 2.10312 1.69857 0.983326 0.930562 0.850046 0.959187 1.61586 1.85271 0.191043 -0.00197921 -0.100923 
1.62423 1.82786 2.27916 1.76318 -0.077162 0.69572 1.70853 0.823019 1.53205 0.299497 0.203466 0.0341604 
1.55893 2.06829 2.66837 1.32868 1.10623 0.517128 1.13914 1.23412 1.0501 0.167247 0.0882478 0.0159362 
1.63661 2.1854 2.05246 0.692694 1.17158 0.617221 0.882928 1.2841 0.948404 0.0822401 -0.0272832 -0.116085 
1.55968 2.07524 2.50632 1.36402 0.827831 0.740526 1.30521 0.64974 1.29012 0.625451 -0.164815 -0.00349575 
1.45584 2.16543 2.26814 1.73093 1.17691 -0.278489 1.14102 0.00235516 1.38822 0.317068 0.0713421 0.122511 
1.52407 2.14909 1.84229 0.810844 1.44207 0.0474267 1.3779 -0.0457221 1.27384 -0.0159846 0.260919 0.155115 
1.4887 2.05039 1.76361 0.265305 1.55083 1.00999 1.61772 0.32465 1.20351 0.718457 0.33303 0.247963 
1.56153 1.70374 2.54443 0.275686 1.36463 0.897007 0.830312 0.729091 0.335922 0.781889 0.721729 0.270602 
1.41628 1.87765 2.65238 1.02427 1.75917 -0.479641 1.36923 1.235 0.423517 0.251101 0.460595 0.209192 
1.37674 2.04399 1.95967 1.4576 1.23932 0.745914 1.79716 0.622537 0.83034 -0.311128 0.583169 0.111085 
1.31101 2.20747 1.69906 1.04767 0.939025 1.65011 1.06564 0.310142 1.47798 0.0465515 0.630528 0.166383 
1.1343 1.54737 1.95836 0.767712 1.67061 0.771012 0.485095 0.635252 1.60075 0.616839 0.0823574 0.152094 
1.08802 1.19521 1.85471 0.194975 0.547951 -0.354173 1.31639 0.858194 0.797365 0.385268 -0.187519 0.0293876 
1.14587 1.36379 1.7959 0.159998 1.0321 -0.204632 1.57624 1.26561 0.312581 0.224883 0.107687 0.010798 
1.01546 1.34381 1.87568 0.75629 0.841677 0.515111 1.35492 1.36743 0.418039 0.00706399 0.709082 -0.00902142 
1.13822 1.41523 1.82302 1.1191 0.425586 -0.422465 0.791012 0.341626 1.00466 0.267879 0.907413 0.170693 
1.22603 1.74576 1.99429 0.717212 0.615436 -0.0744947 0.564843 0.42786 0.734925 0.393402 0.507996 0.14929 
1.26001 1.5809 1.84848 0.279788 1.44156 0.521721 0.582487 0.0124659 0.779138 0.506881 0.262495 0.171566 
1.23523 1.60011 1.60517 0.834945 1.2015 0.0883908 0.692699 1.02843 1.38085 -0.0577685 0.541884 0.1221 
1.15635 1.7279 1.91319 1.17442 0.21021 0.361575 0.512758 0.505338 1.66056 -0.449115 0.714117 0.110575 
1.12924 1.45832 1.46829 1.0454 0.492295 0.831353 1.42427 0.56055 1.28694 -0.235125 0.275717 0.0556451 
1.16666 1.44221 1.60913 0.333623 0.90468 0.00287504 1.40239 0.624101 0.216672 0.598717 0.126086 0.0689957 
1.12371 1.39306 1.82391 0.146376 0.929081 -0.0182497 1.29905 0.451437 0.722217 0.566003 -0.0450264 0.0977391 
1.06093 1.46236 1.76697 0.545902 1.36365 0.105939 0.778659 0.360686 1.10927 0.0401428 0.172063 0.107747 
1.10748 1.32652 1.36514 1.10249 1.61865 0.743147 0.445027 0.521639 1.01483 0.197912 0.886093 0.131717 
1.12073 1.18927 1.82234 0.61802 1.30665 0.688421 0.626869 1.47841 1.08646 0.468638 0.693581 0.110321 
1.21222 1.42712 1.58714 0.191854 1.94984 1.16732 1.74699 0.820691 1.39874 -0.0886674 0.588741 0.229456 
1.11461 1.59349 1.65095 0.965082 0.983397 1.235 1.56726 0.683815 1.21102 -0.337024 0.285733 0.0949845 
1.00678 1.45585 1.91069 1.14659 1.14669 0.210004 0.70783 0.139769 1.18017 0.576545 0.216449 0.11239 
1.02772 1.45622 1.93478 0.666539 0.766028 -0.353454 1.23411 0.831324 1.07551 0.311984 0.223311 0.124135 
1.17876 1.54452 2.03167 0.609925 0.641283 -0.0274138 0.886661 1.63336 1.07541 0.349222 0.580983 0.109984 
1.08172 1.39035 1.9174 0.347516 0.589947 0.00862802 0.553598 0.954085 0.88457 0.430767 0.415759 0.0712438 
0.930074 1.42154 1.80195 0.0528882 0.242154 0.923281 0.817834 0.0840537 0.826563 0.954463 0.770689 0.10064 
1.02716 1.31456 1.73844 0.523881 0.274346 -0.537072 1.14788 0.858962 0.722443 0.405411 0.506702 0.155355 
1.05086 1.39276 1.99617 -0.00926896 0.316878 -0.057019 0.566106 0.395046 0.260144 0.296844 0.650662 0.144151 
0.951862 1.48422 2.50721 0.425783 1.4929 -0.0800236 0.818874 0.730648 0.529494 1.02692 0.697811 0.161371 
