0.530199 1.21061 1.57372 1.52969 0.376784 0.25806 0.0855088 1.03365 0.635716 0.767077 0.155202 0.190969 
0.537945 0.975982 1.53539 1.39248 1.3832 0.279269 0.123803 1.15522 1.17098 0.625258 0.223263 0.0657972 
0.441991 0.919511 1.29453 0.790694 1.11112 1.14259 0.577747 0.825298 0.608981 0.144815 0.237194 0.0578461 
0.419734 1.18395 1.24863 1.09315 0.93424 0.718515 0.211349 0.6546 0.886472 0.122918 0.194332 -0.0374534 
0.536162 1.01608 1.22747 1.61655 0.399867 0.298673 0.53307 0.061771 1.46903 0.714552 0.391516 -0.026712 
0.480581 1.16418 1.618 1.47357 0.74993 0.797519 0.37868 -0.229015 0.670686 0.77942 0.161708 0.0265812 
0.457242 1.07534 1.56469 1.3927 0.830466 0.896334 1.79153 -0.412017 0.947021 0.268283 0.0861492 0.0861218 
0.37325 0.901548 1.25768 0.500694 0.910371 0.636248 1.05489 -0.311 0.079524 0.44377 0.0965872 -0.044035 
0.480753 0.951417 1.51992 0.374695 0.68769 0.930383 0.967555 0.0521775 0.290779 0.861014 0.403583 -0.106771 
0.491809 1.22506 1.47052 0.890198 0.84417 0.936104 1.12008 -0.127343 -0.00260352 0.14781 0.0900635 0.0653606 
0.460974 1.36002 1.15135 0.736048 1.39679 0.563402 0.641363 -0.00126765 0.04542 -0.168589 -0.0167832 0.260517 
0.434358 1.13916 1.52078 1.71505 1.11984 0.693528 1.04079 0.698494 0.440582 -0.109143 0.269543 0.144821 
0.57019 1.29926 1.79338 1.99578 1.32622 0.968276 1.21171 1.67903 0.945616 0.490672 0.487787 0.107263 
0.674458 1.18377 1.96808 1.40037 2.91494 1.39203 1.21214 1.33656 1.46448 0.815715 0.294703 0.205445 
0.758793 1.54223 2.44529 2.8161 2.81636 1.40085 1.90758 0.953411 0.985928 0.246222 0.728173 0.147513 
1.10188 1.73304 3.0992 3.49829 3.36175 2.15151 2.25777 1.13247 0.914535 0.381382 0.648537 0.165223 
1.33839 2.30994 3.34142 2.3622 3.03851 2.80156 1.95786 0.774305 0.62297 0.536381 0.310893 0.112349 
1.50754 2.59848 3.72658 2.24917 2.67385 2.62369 2.10538 0.335708 0.347585 0.387371 0.135678 0.0290659 
1.55771 2.73402 3.51533 2.83174 2.75284 1.68398 1.54919 0.347512 0.00800396 0.20339 0.00670014 -0.0912478 
1.62724 2.78905 3.19962 2.77883 2.43132 2.04096 1.99954 0.587096 -0.255098 -0.319835 0.206956 -0.135867 
1.47899 2.49748 3.08273 2.83185 2.78919 1.7638 1.34572 0.802097 -0.169349 -0.174077 0.300174 -0.103255 
1.56383 2.83796 3.73488 2.83961 3.48179 1.74434 1.46175 0.362965 0.116085 0.0605324 -0.0167681 -0.140581 
1.6321 2.82969 4.30636 2.54826 3.27326 2.01327 2.07141 0.157958 0.159444 0.126223 -0.0623993 -0.093984 
1.58814 2.70801 3.51524 2.92802 3.26259 2.0389 1.93192 0.615627 0.231743 0.202439 0.162523 -0.0458463 
1.63668 3.12484 4.02872 3.17976 3.41871 1.88376 2.10254 0.53492 0.774259 -0.043145 0.179776 -0.0291963 
1.54688 2.55594 3.27307 3.05531 2.78803 2.15035 1.86954 1.2142 0.579109 0.181154 0.288639 0.0346054 
1.57138 2.56753 3.32789 2.69981 2.81761 2.38026 1.95382 1.05192 0.699656 0.356133 0.168348 0.0413763 
1.57539 2.8054 3.35902 2.86577 2.72299 1.96521 1.84777 0.788135 0.732459 0.133872 0.112296 -0.0218225 
1.62193 2.77316 3.19635 2.7849 3.16775 1.54943 1.40661 0.507862 0.341259 -0.0525309 0.00409456 -0.106972 
1.86319 2.80933 3.1858 2.76079 3.19683 1.87071 1.45262 0.288969 0.103788 -0.284634 -0.027095 -0.135679 
1.78268 3.014 3.7821 2.98107 3.37829 1.38881 0.917264 -0.159384 0.122695 -0.365802 -0.287067 -0.244507 
1.80678 3.26725 3.76859 2.52156 3.35961 0.768802 0.935462 -0.551565 0.283562 -0.752551 -0.323119 -0.21846 
2.03588 3.39712 4.34046 1.4923 3.33484 0.381894 0.807768 -0.823825 0.374873 -0.888038 -0.533644 -0.0523383 
1.85208 2.99815 3.33106 2.58102 2.72262 0.806512 -0.0838627 -0.859347 0.208711 -0.780392 -0.324916 -0.240274 
2.02362 3.04397 2.74148 1.88677 3.59769 -0.0255155 0.257288 -2.04038 0.263039 -0.744061 -0.442669 -0.170408 
1.8533 2.85321 2.76646 0.969226 3.29427 0.0275671 0.296641 -2.15874 -0.0491138 -1.01619 -0.37537 -0.0348571 
2.05136 2.86465 2.78 0.0468029 4.24412 0.0307429 -0.480655 -1.93147 0.501279 -1.02353 -0.257796 0.0258032 
2.05771 2.85368 2.40381 0.869543 3.98537 -0.581532 -0.277623 -1.36767 0.513905 -0.927257 -0.410941 -0.139009 
2.02888 2.70114 2.68591 0.815726 2.64945 -0.265145 0.378974 -1.53958 0.137668 -0.744137 -0.444258 -0.00320734 
2.12747 2.39346 1.94289 0.74891 3.24759 -0.798865 -0.0165146 -1.42787 0.287845 -1.10164 -0.588721 -0.0470849 
2.04686 2.17612 1.63238 1.47568 2.8796 -1.35092 -0.267641 -1.40317 0.590575 -0.823766 -0.576124 -0.104242 
1.96831 2.14407 1.77891 1.4897 2.50115 -1.39873 0.260112 -1.12631 0.318442 -0.981124 -0.553357 -0.0550368 
1.96429 2.16145 1.21164 1.849 1.28427 -2.34969 -0.0311994 -1.34696 0.10774 -1.04876 -0.227931 0.0219294 
2.28399 1.75436 0.936376 1.71038 1.56685 -3.16721 -0.0190384 -1.28102 0.382403 -0.362671 -0.280889 0.20649 
2.34645 1.30045 0.913331 1.45132 1.89017 -2.40864 0.266492 -0.635947 0.576435 -0.367088 -0.543377 0.145736 
2.32814 1.31597 1.01862 1.4746 1.50291 -2.83496 0.435572 -0.631812 0.605584 0.233954 -0.181879 0.216936 
2.18454 1.80674 0.622995 1.4199 0.855137 -2.5964 0.483449 -0.321841 0.73943 0.531802 0.215416 0.208513 
2.26801 1.44805 0.0112772 1.95319 0.656632 -2.72155 0.613048 -0.231068 1.54667 0.59021 0.53425 0.111962 
2.15705 1.62006 0.103178 1.80947 0.927884 -2.35025 -0.0302848 0.0747211 1.98833 0.909969 0.314122 0.0558364 
2.20815 1.48432 -0.0774573 1.35199 1.52966 -1.90795 -0.0110758 0.431729 2.17642 0.755998 0.209764 0.131887 
2.50133 1.06322 0.199154 1.29125 1.85002 -1.66304 0.0608661 0.431983 1.69709 0.432509 -0.121418 0.15056 
2.31889 1.43582 1.02382 1.80492 2.13991 -0.57904 -0.075149 0.0367669 1.20394 -0.083808 -0.303796 -0.0108434 
2.24997 1.16499 1.32194 2.10689 1.69851 -0.343978 0.38428 -0.0551438 1.868 0.0210487 -0.405726 -0.0382226 
2.1604 1.68678 1.3158 1.78644 2.24627 -0.816088 -0.108361 0.203221 1.98936 -0.12926 -0.333817 0.00201185 
2.05296 2.02101 1.013 1.8992 2.61753 -1.0859 -0.192226 0.240528 1.43847 -0.39357 -0.299245 0.014643 
2.04523 2.17956 1.39899 1.4283 2.72849 -0.720491 -0.523564 0.479172 1.14311 -0.339839 -0.205386 -0.0335107 
1.96247 2.34451 1.62147 1.61709 1.82999 -0.435953 0.333011 -0.0875415 0.601839 -0.150965 -0.0411242 0.00282522 
2.13863 1.95654 1.52326 1.97222 2.1387 -0.471079 0.801627 -0.212753 0.0803663 -0.504764 -0.143423 0.0683871 
2.15764 1.88327 1.54684 1.63273 2.64521 -0.333834 0.00986291 0.477172 -0.00433437 -0.680421 -0.277412 0.0579433 
2.10524 1.99341 1.50764 1.69927 2.65282 -1.23813 0.566864 0.759415 0.637573 -0.481351 -0.445407 0.0839671 
2.08317 1.95594 1.37311 1.06334 1.70114 -0.417053 0.480447 0.552334 0.656609 0.101905 -0.0494186 0.00759637 
2.06363 2.10934 1.52467 1.27572 2.2512 -0.362722 0.358544 0.371057 0.741294 0.537781 -0.0537394 -0.0120087 
2.1106 2.37545 1.63041 1.30756 1.9958 0.715924 0.577261 0.139981 -0.0429597 0.0954611 0.0379848 0.0274147 
1.93457 2.43443 2.30681 1.22347 1.51739 0.169018 1.00107 0.202997 0.589033 0.196886 0.0796454 0.0761988 
1.8469 2.40873 2.41787 2.06237 2.25079 -0.337946 0.480216 0.0453265 1.2355 -0.00806308 0.0320006 0.109672 
1.83831 2.14863 2.48092 2.03918 2.05703 0.0589027 1.03869 -0.200724 1.25354 0.27465 -0.0770345 0.0632856 
1.86203 1.95936 2.38991 2.00557 1.58727 0.172729 0.97334 0.506997 0.708445 0.517163 -0.0323822 0.00219213 
1.76133 1.97848 2.51304 1.71207 1.43296 0.897784 1.27811 0.37039 1.2948 0.818674 -0.132675 -0.00594102 
1.75332 1.94894 2.54081 1.9262 1.70232 0.734866 0.939233 0.135531 2.03463 0.347997 -0.162288 0.0589485 
1.73766 2.22653 2.19824 1.79408 2.14699 0.343146 0.717801 0.250663 1.62342 0.272719 0.111872 0.0992728 
1.6414 2.28793 1.96509 1.54545 2.16956 1.06177 0.930296 0.483729 0.99457 -0.0210394 0.408681 0.143934 
1.64642 2.06157 2.43776 1.30078 2.51169 1.71951 0.795295 0.783454 0.873227 -0.274141 0.416264 0.149794 
1.64201 1.82068 2.52107 1.32086 2.75351 2.31476 0.96434 0.353111 0.889074 -0.446543 0.395103 0.208657 
1.66766 1.89482 2.02389 1.38501 2.81859 1.37922 0.616982 1.14373 0.214218 -0.194277 0.279903 0.051643 
1.57678 2.0468 3.0845 1.40663 2.63774 0.45029 -0.570552 0.93285 0.929953 0.128069 0.0834865 0.0343903 
1.49554 1.85907 2.73821 1.65742 2.66025 0.990693 -0.223969 1.76853 0.252355 -0.0455523 0.222594 -0.0421919 
1.52674 1.97141 2.6498 1.24251 2.84141 0.977978 0.735527 1.51773 0.235844 -0.0787734 0.521068 0.108817 
1.44279 1.86022 2.61792 1.20453 2.19337 0.508689 1.56388 1.2606 0.0587777 0.401225 0.194507 0.10983 
1.28243 2.17358 2.9662 1.98997 2.106 -0.105466 1.31945 0.822939 0.399301 0.264725 0.352591 0.202672 
1.42958 1.9549 2.92195 1.36245 2.28974 -0.280699 1.4514 0.834027 0.667925 -0.105263 0.365851 0.270793 
1.53227 2.06288 2.14403 1.90256 2.71711 0.828289 0.137659 0.903532 1.0406 -0.460224 0.57349 0.14216 
1.58193 2.10479 2.29653 1.67561 2.2777 1.80806 0.663283 0.501785 1.08596 -0.381407 0.618678 0.208413 
1.58234 1.71372 2.57122 1.76731 2.20779 1.30897 1.32111 0.772353 0.955268 0.388565 0.304869 0.20397 
1.53629 1.65322 3.0278 1.22656 2.35902 0.834528 1.93082 0.740184 0.83013 0.675315 0.378045 0.333464 
1.43645 1.83441 2.76089 1.77184 1.40902 0.354798 1.93327 1.10044 0.83191 0.823774 0.593531 0.2904 
1.38054 2.05323 2.33612 1.0708 1.87566 0.520696 1.45496 1.32698 0.962215 0.570096 0.720382 0.278333 
1.38103 1.71204 2.33307 1.27056 2.0636 1.08346 0.755605 1.32899 1.30881 0.902053 0.513223 0.246764 
1.30939 1.65547 2.48424 1.53884 1.69932 0.843696 1.36799 2.43904 1.14581 0.388963 0.506769 0.224034 
1.30555 1.88453 2.69623 1.26915 1.34607 0.111667 2.05997 1.97909 1.24151 0.620245 0.619491 0.265238 
1.28145 1.64708 2.44688 1.10602 1.31766 0.934374 2.54602 1.7238 0.714453 0.585762 0.720866 0.199289 
1.38783 1.58238 2.31148 1.10048 1.24907 1.39738 1.80374 1.50219 0.507279 0.461831 1.0291 0.291451 
1.3161 1.52612 2.30735 0.688506 1.9222 1.53621 2.16047 1.29941 0.838011 0.48727 0.854817 0.315118 
1.30829 1.41203 2.23832 1.23156 1.88136 1.09698 1.51813 1.44509 1.40241 0.893525 0.454018 0.252768 
1.34615 1.46274 2.14681 1.23969 1.4698 0.325132 1.33659 1.46678 0.815445 1.24845 0.96398 0.320469 
1.31114 1.93895 1.84974 0.687679 1.93591 0.316363 0.892065 1.39531 1.4849 0.946166 0.752298 0.288156 
1.32176 1.49584 2.0121 0.748819 2.17678 1.68544 2.43993 0.623701 1.47114 0.448496 0.265903 0.306136 
1.14316 1.37495 2.07772 1.64042 2.41146 1.34713 2.16048 0.846007 1.43973 0.271699 0.262942 0.278066 
1.21111 1.78626 2.07077 1.87468 1.49738 1.89641 1.38506 0.0837497 1.89523 0.0972739 0.49567 0.211348 
1.29235 1.52405 2.03483 1.45884 1.66463 0.82022 2.13666 0.493441 0.446688 0.807267 0.630272 0.22849 
1.28666 1.29351 1.77852 1.29035 1.86294 0.433577 1.71771 1.22054 1.17871 0.976987 0.408019 0.215665 
1.28871 1.60576 1.75628 0.846265 1.47199 0.279891 2.08784 1.13173 1.60684 0.317544 0.512548 0.226636 
1.28792 1.5653 1.57476 0.952605 2.12905 0.429241 2.02526 1.17833 0.685318 0.61838 0.721743 0.277494 
1.16553 1.4652 1.33728 0.174351 2.07773 0.144464 1.08526 0.986295 0.907571 0.366806 0.885016 0.175683 
1.0868 1.33526 1.42063 1.39361 2.10882 1.05533 1.66538 0.49767 0.778006 0.0963681 0.473317 0.130745 
1.13674 1.27874 1.29478 1.39666 1.14114 0.858491 1.65192 0.488617 1.21393 0.742406 0.493674 0.119322 
1.0459 1.01589 1.54814 1.2645 1.11478 0.276789 0.867527 1.15759 1.42643 1.0492 0.663439 0.112306 
0.96239 1.28901 1.56846 0.505811 0.879408 -0.0377937 1.12721 0.44831 0.856211 0.876923 0.546026 0.072845 
1.10805 1.03062 1.52569 0.368319 1.22425 0.3737 2.0242 0.947849 0.944225 0.436499 0.411647 0.11303 
1.01446 1.08504 1.47433 0.725079 1.58863 0.980346 2.52159 0.969539 1.1878 0.712022 0.676428 0.171815 
1.14051 1.25343 1.31029 0.665609 1.61683 -0.100531 0.791408 1.33289 1.94361 0.736839 1.19777 0.234238 
1.11454 1.37704 1.34367 0.463732 1.70611 -0.585643 1.55172 1.85727 1.56557 0.555122 0.95746 0.227043 
0.995092 1.34037 1.34111 0.632347 1.93904 -0.0937326 1.71948 0.2127 0.860491 0.600081 0.827488 0.20302 
0.879491 1.08428 1.78754 0.51479 1.7758 -0.683834 1.76104 0.479512 1.47668 0.153407 0.646479 0.185921 
1.07467 1.01071 1.59245 0.805691 1.89518 -0.570175 0.785353 0.449488 1.4147 0.39987 0.535863 0.170974 
1.07212 1.09546 1.23694 1.33403 1.8168 0.855749 1.54626 0.355766 1.20695 0.229409 0.0444643 0.0750787 
0.957933 1.21714 1.47235 1.20226 1.36202 0.848931 1.13363 0.968341 0.923581 0.338956 0.521235 0.0923979 
0.953665 1.44904 1.72487 0.957039 1.00672 0.356957 0.82882 0.718865 0.476364 1.07935 0.307664 0.103366 
0.892646 1.57696 1.85943 0.647425 1.22512 1.03559 0.694639 0.261497 0.577379 0.796721 0.822996 0.114216 
