-0.0951145 -0.435043 3.01268 0.950305 -0.482476 -0.774676 2.88591 1.44121 -0.403784 0.990641 0.347358 -0.0104913 
-0.263955 -0.647799 3.45729 1.2072 -1.16085 0.730291 3.52584 0.779745 -0.358664 0.799981 0.157366 -0.0767173 
-0.299012 -0.788603 3.16199 1.98587 -0.626758 -0.504096 2.6725 0.760779 -0.230505 1.00837 0.146554 -0.0895828 
-0.438189 -0.941741 3.59301 2.55394 0.00827571 0.577103 2.62052 1.16023 0.476645 0.480837 0.230027 -0.0670044 
-0.518478 -1.10345 3.42446 2.55069 -0.491397 0.152346 2.42336 1.46386 -0.145608 0.309352 0.344567 0.0697636 
-0.75197 -0.942665 2.60745 1.37341 -1.14884 -1.11216 2.17962 1.39731 0.360281 0.766049 0.323792 0.148404 
-0.697849 -0.164173 2.52595 0.513787 -1.59595 -1.36849 2.17359 1.42158 0.95926 1.1332 0.197364 -0.0354835 
-0.658068 -0.540289 1.89868 0.519996 -0.754222 -1.07876 1.41937 1.49973 0.936361 1.4636 0.190556 0.0434679 
-0.552183 -0.645749 1.43659 0.808233 -1.26047 -0.208279 2.46327 0.745224 0.971525 1.03422 0.173924 0.178401 
-0.558963 -1.2393 1.27946 0.348767 -0.808433 0.260755 1.99915 1.28164 0.518254 1.29388 0.0698239 -0.310462 
-0.686764 -1.38286 1.94842 -0.0831418 -1.05258 -0.433552 1.00899 1.82815 1.33381 1.14805 0.129701 -0.430479 
-0.653481 -1.47821 1.66667 0.069826 -1.68448 -0.587381 1.75804 0.93751 1.71741 1.16761 0.334419 -0.303071 
-0.680712 -1.33252 1.53531 0.221157 -1.8322 -0.625762 2.16175 1.35616 1.40043 1.6202 0.291828 -0.361648 
-0.812444 -1.4653 1.59321 0.416685 -2.27237 -0.876191 2.40224 1.31475 1.58935 1.41295 0.114111 -0.306563 
-0.892899 -1.27455 1.46051 0.19714 -1.96725 -0.257483 2.63206 0.903128 1.58846 1.45514 0.14447 -0.370732 
-0.907814 -1.31992 1.44697 0.800314 -2.11017 -0.856345 3.08114 0.96164 1.2594 1.01736 0.170357 -0.344758 
-0.729011 -1.5499 1.56364 0.622453 -2.4448 -0.103073 2.86867 0.0390156 1.73752 1.47478 0.268469 -0.245235 
-0.639134 -1.77136 1.55979 0.942806 -2.28378 -0.415012 2.73364 1.06647 1.36795 1.29418 0.257162 -0.264621 
-0.662026 -1.51214 1.63055 0.884066 -2.44711 -0.252474 2.18476 1.89076 1.53406 1.26962 0.0424278 -0.115376 
-0.576282 -1.65028 1.5909 0.765951 -2.03098 -0.591157 2.3686 1.87116 1.27643 1.31243 -0.0200192 -0.104264 
-0.709327 -1.44727 1.64935 -0.0820329 -2.00315 -0.601356 2.09169 1.31877 1.05948 0.961944 0.233717 -0.347149 
-0.371743 -1.39547 1.60244 -0.171792 -0.965831 -0.300523 1.84364 1.69631 0.0247255 1.0266 0.325057 -0.315806 
-0.0615423 -0.669008 2.37908 1.47415 -0.118068 -0.453672 3.03093 0.964182 -0.0729969 -0.0297676 0.123277 -0.486404 
0.120797 -0.291255 2.60578 1.92287 -1.05451 -0.281502 2.64237 1.50202 0.440323 0.240147 0.356741 -0.524766 
1.01796 0.155137 2.10981 1.21778 -0.677723 0.307982 2.20283 1.44907 0.554214 0.604819 -0.11391 -0.436913 
1.73842 0.147396 1.06021 1.52173 0.161431 0.437896 1.63867 0.882343 0.602618 0.798297 -0.480956 -0.667678 
2.04031 0.0450944 0.599188 1.81035 1.0414 1.1445 0.866936 0.543969 0.327608 0.828682 -0.44788 -0.780582 
1.97242 0.385232 0.499475 1.95322 1.88468 -0.0321685 1.54184 1.14426 0.781616 0.36842 -0.81055 -0.646716 
2.03372 -0.12273 0.258574 1.4573 0.959441 0.322332 2.05929 0.558246 0.635861 1.03197 -0.549279 -1.01565 
2.09205 -0.146898 0.476354 1.19506 1.08292 0.681149 2.15611 0.50834 0.513185 1.08189 -0.490442 -0.954847 
2.05977 0.368711 -0.249283 1.35767 1.4317 1.27617 1.67846 0.668188 0.895016 0.590065 -0.676215 -0.817998 
1.97877 0.121865 -0.353573 1.8882 1.0014 0.84768 1.63412 1.18648 1.13452 0.46505 -0.793494 -0.846106 
2.01208 -0.234394 -0.142044 2.09305 0.727574 0.26394 2.46654 1.20944 1.52138 0.26013 -0.821841 -0.810998 
1.78028 0.156086 0.423097 1.29641 1.28056 0.80573 2.37698 1.94575 1.03898 0.222866 -0.862423 -0.575726 
1.72129 0.00472201 0.695081 1.91002 0.881506 0.299506 2.41378 1.42585 0.968963 -0.173802 -0.928732 -0.506951 
1.76026 -0.157374 0.818534 1.40893 1.06812 0.621395 2.47521 1.23212 0.496657 0.383024 -0.80658 -0.658194 
1.62758 -0.217369 0.900059 2.0538 1.32953 1.00076 3.04968 1.90819 1.08264 0.894989 -0.173358 -0.235199 
1.66154 -0.164512 1.12287 2.44436 1.59386 0.13194 3.06664 2.72154 1.50206 0.747775 -0.251029 -0.104788 
1.70802 -0.29979 1.51037 2.74384 1.60514 0.520787 3.18017 2.03837 0.991792 0.703208 -0.464555 -0.241555 
1.55043 -0.360892 1.37492 2.26125 1.07137 0.617515 3.46756 1.92161 1.28536 1.0677 -0.244505 -0.255154 
1.59847 -0.306322 1.30091 1.59376 0.835567 1.17916 3.21726 1.88344 1.19845 1.65144 -0.046084 -0.475503 
1.67579 0.298276 1.33053 2.05216 1.16294 1.26135 2.52327 1.71854 0.987866 0.740968 -0.603086 -0.367189 
1.69972 0.659638 1.32032 2.39068 1.11791 0.873002 3.19785 1.01636 1.31936 0.541794 -0.711698 -0.414485 
1.67731 0.682426 2.12441 2.00932 1.60188 1.34826 3.8535 0.827338 0.027337 0.975177 -0.629531 -0.404716 
1.65255 0.524637 1.91141 2.31374 1.91001 1.37609 3.45567 0.969499 0.229087 0.86468 -0.633931 -0.342135 
1.66097 0.584938 2.02617 2.12491 1.43217 0.375522 4.05665 1.66638 0.806838 0.654141 -0.700402 -0.261569 
1.70899 0.566686 1.53757 2.22611 1.27471 0.581447 3.48715 1.56301 0.761466 1.30048 -0.387481 -0.424076 
1.78818 0.816821 1.78526 1.90231 2.26527 0.91896 2.84259 0.729888 0.628474 1.3319 -0.716969 -0.470107 
1.66442 0.740568 1.99566 1.74441 1.33485 0.137165 2.40357 0.688021 0.234081 0.703297 -0.608679 -0.392792 
1.74167 0.758948 1.20175 0.62608 -1.33229 -0.679377 1.21883 0.818158 0.338236 0.430138 0.486506 -0.110869 
1.39085 0.769783 1.95246 -0.15904 -1.11366 -0.0913879 0.93522 0.729499 0.697874 0.834247 0.639931 -0.0591053 
0.554999 0.77267 2.10979 -0.050635 -0.557549 -0.422725 1.07621 1.17647 0.790841 1.12204 0.541607 -0.531691 
0.175945 0.45029 2.38424 0.651497 -1.76813 -0.62733 1.63067 1.44323 1.07748 0.839967 0.108714 -0.571821 
0.0163263 0.159374 2.33321 0.464239 -2.10346 -0.877838 1.90702 1.73848 1.05082 1.43573 -0.0330674 -0.338628 
-0.0334489 -0.0393726 2.96229 0.407679 -3.08092 -0.258862 2.21424 1.55435 1.12051 1.06648 0.153567 -0.208903 
0.130016 -0.126403 2.6692 1.02095 -2.68053 -0.476171 2.5596 1.69642 1.57001 0.824899 0.582213 -0.262338 
0.19898 0.0789144 3.11989 1.9407 -3.47809 -0.0602882 3.1884 1.72744 1.2599 1.16207 0.600881 -0.209089 
0.287503 -0.392051 3.2806 1.39553 -2.46353 -0.407668 2.62548 1.87035 1.92394 0.869989 0.529113 -0.109784 
0.209482 -0.44565 3.22112 0.285107 -2.16849 -0.848482 2.64643 1.62397 1.56836 1.10343 0.511308 -0.168258 
0.200063 0.103302 2.45408 0.487069 -1.15864 -0.984152 1.61565 2.41165 0.920437 1.1944 0.497643 -0.562529 
0.214945 -0.0377964 2.7106 1.12426 -1.86059 -0.822866 1.66359 2.14519 1.13617 0.835239 0.408602 -0.413672 
0.163926 -0.356809 3.47788 1.35562 -2.94489 -0.741979 2.74662 1.59638 0.957276 0.990148 0.369087 -0.204834 
0.156556 -0.645106 3.65377 1.35274 -2.76182 -1.01831 2.56023 2.21147 0.632657 0.899262 0.673802 -0.16944 
0.0166846 -0.707894 3.31674 1.49994 -3.41993 -1.04111 2.41782 2.03045 0.679923 1.1108 0.643722 -0.13307 
-0.0611751 -0.830612 2.47235 1.05473 -2.92159 -1.64637 2.5835 1.87321 1.07428 1.44103 0.541226 -0.0198685 
-0.0775691 -0.637147 2.57345 1.01509 -2.66342 -2.00947 2.69439 2.31301 0.632063 1.55899 0.773595 -0.112505 
0.064512 -0.289522 3.40754 1.07514 -2.03722 -1.53861 2.79006 1.93799 1.31918 1.32384 0.803311 -0.229869 
0.0213533 0.110184 3.37554 0.710951 -2.42207 -0.892722 2.78874 1.53091 1.07594 1.71816 0.595701 -0.247784 
-0.0112249 -0.124682 2.24321 0.765701 -2.57277 -1.32713 2.60036 1.62359 0.849834 1.28679 0.58191 -0.137648 
-0.142298 -0.0967294 1.90317 0.893152 -1.82896 -0.741981 2.0222 0.957966 1.07815 0.520895 0.302308 -0.251799 
-0.0455918 -0.0057218 2.22672 1.48579 -2.0199 -0.96252 2.21826 1.68926 1.52146 0.764147 0.82651 -0.395643 
0.147426 -0.105088 2.80861 2.08602 -2.33185 -0.571999 2.76106 2.11752 1.37569 0.754882 1.07526 -0.255679 
0.228242 0.043291 2.47954 1.88252 -1.64166 -0.79183 3.11921 2.16375 1.36452 0.964478 0.87773 -0.358141 
0.31932 0.129034 2.81623 2.04295 -1.61365 -1.03842 3.96539 1.76337 1.12149 1.30984 0.809893 -0.239344 
0.40482 -0.0229845 3.07998 1.75277 -1.80832 -0.608274 3.848 1.98952 1.63948 1.01778 1.02038 -0.15684 
0.481877 0.0624986 2.72861 1.76674 -1.49478 -0.923594 4.29695 1.72137 1.36296 1.11429 0.831992 -0.186924 
0.492088 -0.19801 2.75378 0.977951 -1.21732 -1.29839 3.08933 1.89182 1.19856 1.13086 0.825156 -0.167622 
0.550612 0.0552061 2.88731 1.03897 -0.964407 -1.00568 2.65201 2.64484 0.864567 1.65474 0.850272 -0.257929 
0.524463 0.243862 2.57899 1.25185 -0.471092 -1.01414 2.82641 2.62904 1.69036 0.844166 1.28571 -0.186137 
0.513034 0.127188 2.69407 1.90957 -1.63391 -1.083 3.59191 1.56608 1.65672 1.02561 0.836242 -0.202506 
0.5507 -0.0708386 2.68155 1.41042 -1.78857 -1.48758 3.49179 1.35085 1.05945 1.19773 0.696789 -0.0896765 
0.501084 -0.436645 2.5573 1.49471 -1.59453 -1.05328 2.90802 0.976169 1.53286 1.0977 0.6629 -0.213255 
0.49769 -0.223428 2.82273 1.63017 -1.03647 0.241138 2.62041 0.884792 1.18198 0.983574 0.660284 -0.24163 
0.520526 -0.223758 2.59853 1.73312 -1.11738 -0.115638 2.341 1.16126 1.20871 1.14219 0.649962 -0.258426 
0.56693 -0.397426 2.84014 1.52068 -1.3064 -0.25388 2.47567 0.317917 1.59097 0.54248 0.420815 -0.183148 
0.762619 0.170289 2.61554 1.13871 -0.735198 -0.103561 3.10823 1.38678 1.58623 0.779478 0.743932 -0.0631133 
0.822509 0.187283 2.63864 1.27498 -0.576329 -1.36269 3.83325 2.22357 0.943524 1.51319 0.715497 -0.107113 
0.684434 0.00138925 2.7087 1.30445 -0.431179 -1.6328 3.1431 2.31125 0.846457 1.61299 0.626925 -0.155345 
0.669343 0.0566972 2.63526 1.5326 -0.425579 -0.682228 2.76015 1.41207 0.808687 1.18477 0.766791 -0.208914 
0.687991 0.02906 3.05853 1.6629 -0.179383 -0.292431 2.81387 0.934402 0.70937 0.644239 0.887257 -0.0423727 
0.62825 0.112285 3.02072 2.07016 -0.435722 -0.163625 2.43601 1.11478 1.05636 0.761314 1.043 -0.053247 
0.71967 0.185574 2.75312 1.65764 -0.563921 -0.138353 2.2982 0.583918 0.12231 0.808234 0.654017 -0.184043 
0.745415 -0.0531756 2.42167 1.59617 -0.199316 0.347344 2.20809 0.52712 0.881523 0.975185 0.672014 -0.25513 
0.762183 0.372624 2.30808 1.37839 0.304387 -0.71728 2.19477 0.968839 1.00053 0.531338 0.820002 0.042987 
0.657313 0.356545 2.39842 0.991168 0.281727 -0.684692 3.11312 1.79498 1.25081 1.05013 0.385444 -0.00823065 
0.75548 0.347528 1.94243 0.869708 0.287047 -0.546376 2.6158 1.33403 0.542647 0.959184 -0.0615625 -0.0575191 
0.815137 0.405568 1.81201 0.787762 0.363493 0.061574 2.21777 0.646342 -0.686527 0.739129 -0.287742 -0.214182 
0.949547 0.62059 2.01168 0.81302 0.146796 0.327701 2.33015 0.375155 0.289458 0.293506 0.653564 -0.029262 
0.8408 0.60329 1.98647 0.271534 0.176353 0.225439 2.79529 0.0709321 0.89152 0.0953769 0.899108 -0.0324684 
0.891535 0.512859 2.0798 0.94739 0.213566 -0.903248 2.45002 0.475206 0.829073 0.874998 0.63287 0.125865 
0.867862 0.495932 2.03116 1.43639 -0.0135814 1.03287 2.04316 1.25201 0.928443 0.326728 0.700942 0.0874165 
0.801931 0.778136 1.65304 1.38595 0.235349 0.786166 2.2348 1.03776 1.0651 0.0268414 1.20584 -0.0248748 
0.850685 1.06118 2.00414 1.12805 0.724015 0.376837 2.00342 0.564981 1.04209 0.392358 0.78134 0.0313544 
0.767813 0.685596 1.52395 0.434579 0.857216 0.222866 1.3478 1.53635 0.942305 0.651707 1.11676 -0.156562 
0.823264 0.904932 1.81035 0.771712 0.322152 -0.323451 1.78878 0.686072 0.591344 1.21865 1.04114 -0.0496005 
0.869481 1.18128 1.87224 1.58492 0.519558 -0.498244 1.42352 0.848381 0.447464 1.0853 1.20879 0.0796063 
0.726215 0.755863 1.74535 1.1124 0.346638 0.271947 0.863962 1.73938 0.32538 0.935504 0.492604 -0.0241262 
0.804954 0.695139 1.51474 0.116482 0.436902 -0.201496 1.56354 0.53126 -0.0382238 0.459746 0.328537 0.0259408 
0.85706 0.75209 1.69814 0.482655 1.35009 0.277117 2.0175 0.60022 0.590842 0.343858 0.348655 0.105678 
0.877805 0.948476 2.06363 0.72249 0.831021 0.0159042 1.45597 -0.029335 0.367589 0.784572 0.714714 0.0128153 
0.890086 1.25969 1.8481 1.45656 0.417363 0.0085491 0.685654 -0.480449 -0.0266013 0.972741 0.653204 -0.00237116 
0.81357 0.669374 1.30998 0.0156633 0.815086 0.220817 0.602814 0.461109 0.60545 0.0835139 0.528146 0.0298685 
