0.417822 0.804231 0.779323 1.26785 0.758881 0.699674 1.64517 0.151774 1.01868 0.328117 -0.0123573 -0.0992355 
0.473002 0.9275 0.718336 1.44062 0.491039 1.68669 1.18684 0.840855 1.10164 0.52648 0.33973 -0.0877875 
0.539846 1.13309 1.21198 0.780529 0.578038 1.6001 0.653494 0.435647 0.820899 0.602609 0.699349 -0.0787929 
0.441451 0.934315 1.09769 0.472313 0.234007 0.512453 0.458473 0.5648 1.00454 0.764545 0.151573 0.033761 
0.491841 0.827296 1.08996 1.10175 0.340995 0.110044 1.06754 0.318024 0.978998 0.629643 0.112037 -0.0101546 
0.437212 0.923386 0.876696 1.05814 0.704278 0.0626218 0.654563 0.915523 1.06969 0.332237 0.244021 0.0103589 
0.492775 1.27423 0.702109 1.21992 0.907136 0.315622 -0.322853 1.85604 0.905586 0.0738347 0.413732 -0.101905 
0.484822 0.804498 0.924592 1.28904 1.60851 0.0886703 0.218332 0.717205 0.428143 0.000607229 0.0921482 -0.252366 
0.519501 0.679384 0.583385 0.732 0.902653 -0.235721 0.546916 -0.195091 0.519438 0.38837 0.12614 -0.260458 
0.389719 0.696616 1.11604 1.32089 0.948107 0.172768 1.21209 0.951507 0.618604 0.302959 0.445339 -0.0906116 
0.559484 0.979592 1.15271 1.14909 0.899373 1.32625 1.7866 0.133716 0.568978 0.649991 0.333615 -0.0822201 
0.541737 1.34854 1.10761 0.672841 1.08931 1.57191 1.1168 -0.465492 0.993971 1.11515 0.270303 -0.0108625 
0.631649 0.971526 0.670285 0.487296 0.111232 0.810414 0.735178 0.181884 0.587744 0.411046 0.293711 -0.02775 
0.693153 1.38593 1.43329 1.03868 0.0295408 0.670732 0.151852 -0.0143476 0.830431 0.70365 0.237022 -0.0064075 
0.873607 1.80539 1.95403 1.22369 1.10796 0.842647 0.695741 0.673402 0.60194 0.558406 0.0949692 0.0458604 
1.27213 2.18229 2.95647 1.98028 2.23254 1.39736 1.40443 1.10148 0.921539 0.394792 -0.159704 0.0733864 
1.70197 2.73861 2.77111 2.31994 1.83334 0.852156 1.39541 0.729326 0.939377 0.474802 -0.184221 -0.0500042 
2.01519 3.09329 2.8967 1.68966 2.09723 0.317514 1.01813 1.09451 0.819183 0.42164 -0.0341102 -0.0607871 
1.92888 2.56389 2.20513 1.93017 2.37877 0.956974 1.05459 1.28858 1.2618 0.181191 -0.196658 -0.168051 
2.40197 2.31659 1.44891 1.82224 2.5412 0.0748087 0.499993 1.28953 1.90317 0.334985 -0.456448 -0.345669 
2.50187 2.51932 1.44521 1.95743 2.99008 0.452471 0.465463 1.07194 1.95606 0.470808 -0.352243 -0.352339 
2.44653 2.42062 1.97381 1.61635 2.81114 0.247816 -0.425175 1.16319 2.3321 0.735404 -0.19396 -0.310272 
2.18201 2.3489 1.76635 1.91804 2.08927 0.504571 -0.0414537 1.25426 2.19896 0.906513 -0.113418 -0.241378 
2.13889 2.17897 2.01899 2.01785 1.90166 0.426872 0.0560959 1.20138 2.70809 0.938487 -0.191458 -0.220402 
2.14579 2.08882 1.91636 1.71282 2.09235 0.808054 0.188344 0.893554 2.97724 0.553229 -0.238464 -0.232404 
1.96701 1.74031 2.0599 2.14743 2.61312 0.0247322 0.761156 1.19904 2.15248 0.734699 -0.442898 -0.149378 
1.82462 1.40591 2.2626 2.65233 3.57703 0.207119 0.90489 1.07472 1.65238 0.153597 -0.626773 -0.0626542 
1.58713 1.6069 2.31812 2.58229 3.21037 0.526797 0.717248 1.87653 1.45224 -0.0790226 -0.337541 0.0526456 
1.46851 1.86548 2.38241 2.63829 2.81598 0.74077 1.65982 1.87374 1.74432 -0.269121 0.0312515 0.197082 
1.17633 1.85166 2.38977 3.47071 3.27613 0.97142 1.29032 1.78918 2.07989 -0.397971 0.320105 0.265633 
1.10339 1.45339 3.265 2.44234 3.08886 0.191234 1.49744 2.50087 0.624738 0.609888 0.163618 0.313878 
0.914303 0.948368 3.29193 3.04293 2.17831 0.322786 2.06667 1.60441 0.417011 0.910183 -0.0363217 0.247368 
0.71312 1.3241 2.81333 3.82461 1.93169 -0.0328521 1.22824 1.41319 0.542861 -0.199733 0.319074 0.158729 
0.659395 1.03377 2.56491 3.03225 1.98676 -0.213425 0.62433 1.63328 0.512162 -0.104575 0.507307 0.0920062 
0.73996 0.599016 3.74739 2.87173 2.46411 0.265732 0.773447 1.87977 0.354794 0.435272 0.297972 0.104429 
0.893144 0.498129 3.61297 3.13335 0.634956 0.475773 2.2636 1.71255 0.387854 0.551345 0.561268 0.241042 
0.651461 0.530994 3.60251 3.22554 -0.29307 0.148925 2.86686 1.18277 0.914643 0.469139 0.79939 0.281886 
0.640204 0.982587 2.56265 1.7736 1.43234 -0.594282 2.2432 1.68042 1.13029 0.812641 0.970694 0.160712 
0.675603 0.749707 2.4734 2.15883 0.873441 -1.09608 2.12577 2.06293 1.51128 0.338688 0.939332 0.282412 
0.743448 0.331295 2.29918 2.60604 0.437163 -1.20665 2.16702 1.72053 1.84533 0.151318 1.05101 0.222779 
0.920436 0.620111 2.37501 2.21922 0.804439 -0.563803 1.51269 1.13451 1.1854 0.712888 0.701505 0.107792 
1.04271 0.522548 2.65108 2.08273 0.965823 -0.359609 2.02954 2.68138 -0.206811 1.04987 0.533273 0.0315805 
1.00474 0.551395 1.74795 2.27351 1.0089 -0.33838 1.58688 2.32092 0.914729 0.208601 0.864109 0.187563 
1.17202 0.592674 2.00919 1.10014 1.18383 -0.388308 1.50182 2.64137 1.01251 0.273831 0.251317 0.0640901 
1.43181 0.63276 1.74055 1.31688 0.803523 -0.854558 2.09301 2.68699 1.09978 0.674283 -0.281014 -0.104669 
1.72858 0.650673 1.55412 1.8269 0.913649 -0.77835 2.51562 2.22257 1.25265 1.1228 -0.604709 -0.42445 
1.91143 0.662271 0.646058 1.24522 1.89209 -0.550295 2.2034 2.09356 1.00205 1.01049 -0.509641 -0.3932 
2.09721 0.66255 0.134434 1.17848 1.84903 -0.407227 2.09251 1.89058 1.12168 0.397883 -0.514722 -0.325855 
2.30682 0.312474 -0.324209 0.351381 2.06047 0.436874 2.49004 1.41216 0.40015 0.495649 -0.11339 -0.21871 
2.32281 0.304937 -1.15545 0.231862 2.74378 0.836269 1.86753 1.11655 0.930441 0.527645 -0.172444 -0.2087 
2.38359 0.413996 -1.25781 -0.11417 3.55656 0.557981 1.49943 1.21817 1.18363 0.76899 -0.447362 -0.265076 
2.33142 0.631182 -1.1796 0.338969 3.58561 0.770339 1.50104 0.929761 0.859701 0.575062 -0.392631 -0.216945 
2.32119 0.907977 -1.82425 0.14465 3.08503 1.28548 1.73467 0.997162 0.654644 0.573524 -0.253647 -0.247178 
2.39539 0.963339 -1.32186 0.499692 3.23111 1.21342 1.75098 1.07993 0.135787 0.470108 -0.214215 -0.124906 
2.25265 1.2972 -1.39708 0.0328358 3.29481 0.868458 1.89165 1.3143 0.209341 0.950728 -0.476594 -0.23653 
2.27922 1.17297 -0.526236 -0.063218 3.25928 0.23369 1.78949 1.70502 0.210286 0.965647 -0.606457 -0.345777 
2.26746 1.19119 -0.347634 -0.0685361 3.12058 -0.0818875 1.96164 1.60712 0.280843 0.750298 -0.640544 -0.243386 
2.33642 1.35987 -0.426659 -0.169979 2.45323 -0.0377894 2.04323 1.58984 0.548938 0.549128 -0.519801 -0.235604 
2.56423 1.50169 -0.179337 0.171876 1.86477 -0.613054 2.41629 1.44716 1.28369 0.456478 -0.436323 -0.227318 
2.45069 1.70407 0.124572 -0.907228 1.84851 -0.281755 2.01978 1.36997 1.17557 0.791128 -0.336526 -0.199211 
2.18371 1.31327 0.189098 -0.350373 2.10633 0.351761 2.24202 1.02405 1.15265 1.34156 0.0290092 -0.129549 
1.92343 0.962187 -0.306262 0.384471 0.986774 0.551304 2.42105 1.19482 2.27168 0.787732 0.564562 0.0505863 
2.21743 1.47224 -0.227877 0.0867049 0.634231 0.36041 1.93611 1.22199 1.90698 0.304144 0.152622 -0.0593101 
2.5159 1.89886 0.0373288 -1.01138 0.592744 0.347097 1.34559 1.34129 1.49299 0.301983 0.0117738 -0.0798016 
2.61082 2.00588 0.11925 -0.484592 0.953282 0.136341 0.429005 0.386805 1.12841 0.423367 0.174681 -0.025856 
2.66749 2.0716 -0.353825 -0.611226 1.34316 0.288601 0.271899 -0.0761792 0.979307 0.449232 0.248818 -0.0351098 
2.79662 2.17092 -0.849722 -0.551152 1.59284 0.778236 0.27092 -1.03943 0.932656 0.428597 0.424045 -0.117617 
2.66822 2.35761 -0.565458 -0.122648 1.76594 0.260614 -0.0761062 -1.53424 0.753739 0.174943 0.436907 -0.0503363 
2.55879 2.47334 -0.203277 -0.627621 1.66468 -0.0724216 -0.250451 -1.20605 0.968793 -0.248071 0.196417 -0.107545 
2.55509 2.68874 -0.273729 -0.515073 1.86314 -0.405878 -0.0104959 -1.03571 1.12023 -0.436409 -0.0262154 -0.236843 
2.49435 2.58521 0.308037 -0.43034 2.0617 -0.293695 0.0883728 -0.0477891 0.463124 -0.518061 -0.326736 -0.157032 
2.66518 2.43206 0.148432 -0.0848091 2.34956 -0.0150307 0.346031 -0.286409 0.589468 -0.593841 -0.537181 -0.206149 
2.47911 2.39919 0.730381 0.148049 2.04063 0.415366 0.24961 -0.0957303 0.349343 -0.915628 -0.442776 -0.181577 
2.42924 2.53348 0.766135 0.178585 2.39146 0.419452 0.923587 0.0957612 0.477859 -0.616454 -0.46581 -0.228453 
2.42855 2.6115 0.917619 0.248421 1.57267 0.575655 1.02948 0.00242351 0.80244 -0.835546 -0.331167 -0.190328 
2.4993 2.90487 0.714251 -0.0979965 1.76849 0.119518 1.19069 0.066482 0.409861 -0.801433 -0.420868 -0.153686 
2.45929 2.79736 0.853144 -0.340156 1.96501 0.544873 1.3967 0.199049 0.704133 -0.918509 -0.5172 -0.265314 
2.42658 2.68052 1.06656 -0.0918967 2.06253 0.672585 1.44815 1.02829 0.313294 -0.445473 -0.451467 -0.188516 
2.28356 2.64161 1.29383 0.613645 1.95529 1.13574 1.45938 0.802476 0.0329984 -0.513751 -0.361903 -0.156874 
2.30401 2.6982 1.81396 0.201246 2.51195 1.0111 1.58077 0.364222 0.109965 -0.458317 -0.428815 -0.15092 
2.09285 2.69613 1.83515 0.70808 1.55091 0.991253 1.46843 0.358586 -0.137009 -0.576635 -0.366217 -0.182895 
2.44816 2.56133 1.279 0.241438 1.75248 0.165292 1.69727 0.110549 0.803978 -0.550936 -0.497047 -0.181351 
2.24237 2.55268 1.19452 0.524218 1.27667 0.65944 1.77664 0.564365 0.360507 -0.251751 -0.276366 -0.158217 
2.23632 2.38847 1.49653 0.778702 1.95181 1.04047 1.2285 0.166775 0.66822 0.166928 -0.145831 -0.15547 
2.13895 2.69674 1.87635 0.938133 2.01285 0.67766 0.99833 -0.0654224 0.47326 0.225559 -0.195516 -0.15869 
2.23509 2.41826 1.78583 0.191577 2.12863 0.914554 1.92849 0.707508 -0.0679621 -0.28025 -0.50328 -0.181317 
1.88182 2.18691 1.36112 0.524613 1.97672 1.2384 1.6061 0.937264 0.56063 -0.284779 -0.0738225 -0.0128769 
2.01582 2.61439 1.73224 1.47567 2.48518 0.846862 0.254036 0.306684 0.971585 -0.590263 -0.192007 -0.280488 
2.01738 2.60937 1.88413 0.600218 1.67635 1.69172 0.426888 0.0980892 0.264023 -0.564743 -0.179056 -0.195093 
2.04884 1.83549 1.91841 -0.143747 1.65981 0.937005 1.36995 0.0948938 0.217977 -0.521723 -0.444841 -0.105009 
2.06364 1.82006 1.55524 0.580822 1.40713 0.0773263 0.861161 0.52055 -0.0910984 -0.843182 -0.30237 -0.094616 
1.91025 2.14699 2.22934 0.799036 1.63465 -0.0346248 0.362395 0.222257 0.850869 -0.0012098 -0.160719 -0.0902306 
1.97044 2.14711 2.44279 1.34691 1.84955 0.444524 1.85871 0.550716 0.837784 0.136935 -0.302059 -0.114244 
1.91975 2.28706 2.10032 1.80404 2.02901 0.666073 1.12257 0.273332 0.983188 0.611427 -0.0690251 -0.0600834 
2.0037 2.05959 1.61669 1.65857 1.88836 0.0192653 1.4016 0.294191 1.40418 -0.0276781 0.0486508 0.0594416 
1.88692 2.38878 1.97114 0.592938 1.82403 0.390932 1.18598 0.939077 0.961468 -0.401355 -0.102247 -0.10909 
1.61386 2.35989 2.05169 0.347741 1.4911 0.340168 1.16653 0.328871 0.913552 0.278285 -0.00147425 0.0170738 
1.66712 2.2893 2.47024 1.1801 1.99158 0.386908 1.34906 0.997155 0.640806 0.18143 -0.270555 -0.105109 
1.70714 1.81955 2.43872 1.08558 2.21192 1.52044 1.62248 1.30343 0.805168 0.153881 -0.283506 -0.089518 
1.57613 1.76535 2.24365 1.54311 1.89517 1.23235 1.5217 1.21977 1.14332 -0.137579 -0.080723 0.0334463 
1.71904 1.61927 1.95243 1.53429 1.93368 1.07875 2.10612 1.69329 0.794788 0.16684 -0.0667267 0.0267815 
1.58987 1.82539 1.76813 1.22919 2.18352 1.02364 2.37915 1.69629 0.745987 -0.259839 -0.292689 -0.050137 
1.59873 2.13925 2.13304 1.16007 1.5181 0.44225 2.24767 0.927639 0.200912 0.246264 -0.300657 -0.102107 
1.62861 2.03936 2.61903 0.836395 2.71624 0.31128 1.38604 1.39593 0.758905 0.0954881 -0.217864 -0.0180692 
1.55942 2.02902 2.49848 1.34648 2.77934 1.19905 0.790536 1.76745 0.82733 0.293277 -0.0133419 -0.0381531 
1.51707 1.96405 2.49617 1.94228 2.63931 0.988997 1.39084 1.95565 0.768055 -0.327051 0.186587 0.0768476 
1.50446 1.83221 2.59951 1.73598 2.92726 1.61356 1.41513 0.96061 1.10235 -0.0830156 0.00288558 0.0779616 
1.46792 1.83742 2.61767 1.60417 3.04845 1.32252 1.36008 0.938027 1.68337 0.234004 -0.231151 0.09563 
1.38515 1.68602 2.57842 1.50667 1.92414 1.2479 1.74696 0.905059 1.41799 -0.012569 -0.244094 0.0722895 
1.30407 1.4883 2.3897 1.95215 1.70443 0.37771 2.06863 0.620205 0.849076 0.270088 -0.144102 0.0636916 
1.28993 1.21467 2.1675 1.67352 1.35022 -0.0342163 1.00876 1.3135 0.932972 -0.0803033 -0.127893 0.0389745 
1.34748 1.54541 2.09324 0.805643 2.19824 1.09616 1.2035 1.18801 0.183975 0.335299 0.14356 0.0279036 
1.366 1.54497 1.93189 1.31981 2.67626 0.408231 0.937356 1.15114 0.749832 -0.0252817 0.186344 0.101241 
1.2106 1.62873 2.12208 1.51746 2.78769 0.38786 1.22403 1.06119 0.729723 0.0828843 0.0526502 0.0846094 
1.1176 1.63859 2.47492 1.36922 1.80204 1.03668 1.03861 0.189662 0.649512 0.0985179 0.137219 0.0329367 
1.09119 1.60648 1.55079 0.615792 1.58557 0.860439 -0.067813 -0.0147848 1.04451 -0.221125 -0.0454592 -0.112494 
1.16835 1.36893 1.59979 0.60326 1.86004 0.993587 0.644239 0.771998 0.649515 -0.298088 -0.0310414 -0.103131 
1.33828 1.49589 1.85958 1.13892 1.8812 0.858288 0.849009 0.877571 0.951928 -0.378341 0.120373 0.053356 
1.29506 1.56987 2.17092 0.814747 2.0352 1.00623 1.04213 0.75976 0.820118 -0.196414 0.0383701 0.0931263 
1.25924 1.57234 2.20325 0.512335 1.34009 0.699685 1.29427 0.0921459 1.1875 0.425404 0.319967 0.246385 
1.09757 1.6133 1.91411 1.53653 0.27162 0.889436 1.00299 0.7273 1.117 0.374136 0.776676 0.112352 
1.14544 1.33327 1.52045 1.27845 1.21247 0.487611 0.674933 0.943503 1.30096 0.202069 0.595752 0.0751395 
1.22966 1.48379 1.22343 0.975453 0.792612 0.322609 -0.24532 0.542205 1.20162 -0.00585741 0.622987 -0.0167335 
1.43804 1.19718 1.10269 -0.374138 0.417824 0.229834 0.837316 1.06408 0.801008 -0.0375498 0.00882408 -0.113175 
1.31358 1.16225 1.15338 -0.344027 1.24137 -0.430908 1.84977 1.82249 1.02256 -0.142299 -0.242196 -0.0823517 
1.15564 1.2231 1.67363 0.905117 1.50162 0.655773 0.733694 0.398887 1.41599 1.00383 0.201684 0.0858123 
1.30489 1.53191 0.929534 0.391637 1.38561 0.686113 2.1255 1.3092 1.12376 -0.233234 0.226427 0.0573113 
1.34824 1.5447 0.981205 0.27343 1.67769 -0.0252218 1.91589 1.27623 0.760521 0.572236 0.263374 0.156655 
1.23572 1.17575 1.33993 1.01154 1.69564 0.17291 0.394302 0.786262 1.72761 1.17206 0.521628 0.114531 
1.10172 0.934112 1.44889 0.45635 1.19142 -0.548112 0.701077 1.66846 0.370983 0.0833293 0.151549 0.12653 
1.21048 1.04026 1.25348 0.716858 2.05097 -0.163182 0.794155 2.25338 0.428067 0.609535 0.294519 0.0848163 
1.19088 1.10248 1.44018 1.04903 2.04561 1.22577 0.897442 1.08575 1.53402 0.798676 0.537499 0.145847 
1.15252 1.62126 1.42517 0.875662 1.59672 -0.186765 1.66687 1.54044 0.838428 0.427619 0.487687 0.18854 
1.09126 1.69106 1.1837 0.753531 1.08772 0.433142 1.92592 0.573316 0.945088 0.549968 0.583848 0.143063 
1.08632 1.12461 1.49877 0.549649 0.679614 0.590305 1.03732 0.00859557 1.65557 0.450517 -0.12539 0.0266691 
1.17717 1.33564 1.28623 1.16638 0.70658 0.838257 0.576489 0.839405 1.01848 0.185173 0.497105 0.0768429 
1.05698 1.4992 1.46164 1.23324 0.912897 1.1022 1.41133 0.22887 0.742422 -0.208977 1.19635 0.105583 
0.9572 1.14313 1.21321 0.244412 0.799371 0.244469 2.19638 0.339215 0.953561 0.0595305 0.672906 0.16808 
0.921784 1.24351 1.32218 0.552948 0.675733 0.0162574 1.2238 0.584898 1.16991 0.257217 0.0760939 0.0743154 
0.820909 1.24884 0.890566 0.795623 0.885205 0.319658 0.92841 0.588223 1.17939 -0.138529 0.15674 -0.144543 
0.822739 1.1456 1.02316 0.335603 0.709393 -0.169716 0.970404 1.31966 0.908997 -0.317888 0.0287297 -0.0243656 
0.833695 0.768467 0.999763 0.966102 1.59046 -0.190886 1.09797 0.972509 0.816563 0.387461 -0.142959 0.0487597 
