0.587366 1.14233 1.92413 1.07866 1.24515 0.842882 1.22508 0.842525 0.759423 -0.463713 0.780877 -0.0586965 
0.591074 1.09018 1.39511 0.995241 1.95004 0.820559 0.977292 1.42516 1.1087 0.753788 0.366203 -0.0789605 
0.581865 1.08074 1.52681 1.03548 1.96717 0.900877 1.02657 1.6865 0.639473 0.662306 0.63529 -0.103663 
0.555877 1.17128 1.23152 0.925285 1.99975 1.9536 1.4631 0.962303 0.147117 0.49442 0.708225 -0.0256445 
0.551904 1.09027 1.44143 1.20987 1.59873 1.56886 0.924439 0.809929 -0.266633 0.172953 0.318341 -0.00130446 
0.551472 1.06127 1.48002 1.39377 1.13315 1.03479 0.448479 0.735316 0.844005 -0.0298763 -0.259145 0.173268 
0.594529 1.12859 1.7374 1.20735 1.69293 0.859115 1.2194 0.77667 1.958 0.387561 0.366416 0.109944 
0.555885 1.12995 1.7028 1.15265 1.10748 1.23897 1.72227 0.571921 1.45679 0.0605599 0.747615 -0.00966287 
0.56357 1.01884 1.3708 0.590416 0.401956 0.540835 0.958596 -0.105435 0.64249 0.845676 0.729922 -0.0279902 
0.61406 0.989984 1.52978 0.763822 0.778334 1.44748 1.02254 0.606479 0.105339 0.709761 0.408124 -0.013534 
0.650953 1.02685 1.63924 1.1603 1.50848 0.814472 1.65645 1.08291 1.06388 0.479855 0.164837 0.125665 
0.726102 1.32472 2.63841 1.78271 1.19552 1.93955 1.65809 1.74914 1.10686 0.201295 0.387276 0.245148 
0.8725 2.04305 2.8024 1.68745 1.30671 1.49463 0.915677 1.49258 0.432447 0.407353 0.497342 0.0787798 
1.05672 2.47425 2.8173 1.60206 1.37107 1.6823 1.8932 1.47244 0.826654 0.506438 0.177825 0.110131 
1.53933 2.7205 3.05477 2.73138 2.2561 1.90598 1.58747 0.341358 0.49968 0.405388 -0.044216 -0.00995023 
1.95981 3.35515 2.90325 2.26707 2.52287 1.07718 1.03795 0.130199 -0.136931 0.964069 -0.227746 0.0594073 
1.50134 2.27475 2.30879 2.43055 2.68535 2.07986 1.53503 0.363036 0.013282 0.102975 0.105987 -0.0180067 
2.23946 2.47504 1.30444 1.11189 3.06422 2.76652 1.76871 -0.758954 -0.398922 -0.297728 0.198394 0.163835 
2.25888 2.19571 1.69779 1.24276 2.43115 3.07077 2.15603 -0.98573 -0.438984 -0.386565 0.0692117 0.189059 
2.40489 1.81941 1.2804 1.06001 2.76446 2.92672 1.63839 -0.191856 -0.439043 -0.119125 0.15257 0.123734 
2.58705 1.92885 0.521875 0.595127 3.65405 2.80907 1.37428 0.168908 -0.726682 -0.203316 0.129918 0.125795 
2.38943 2.16178 1.09764 0.123083 2.84801 2.79589 1.51175 -0.271507 -0.404236 -0.225736 0.229719 0.225259 
2.32388 2.14793 0.997833 0.648541 3.09123 2.77835 1.60779 -0.0467966 -0.235048 -0.291289 0.138007 0.14526 
2.55545 1.83759 0.974299 0.342862 3.26284 2.47862 2.15222 0.436562 -0.187733 0.155974 0.0721588 0.106057 
2.47296 1.69114 0.887794 0.580538 3.15027 2.51632 1.82723 0.339405 -0.301524 0.146145 0.130897 0.0797233 
2.46106 1.53379 0.310908 0.741267 2.64404 2.47625 1.75884 0.318849 -0.239184 0.0978875 0.119861 0.0440232 
2.33182 1.62639 0.369708 0.503954 2.73631 2.56518 2.02139 -0.0800778 -0.0413831 -0.153488 0.0522362 0.0974852 
2.43753 1.69387 -0.202451 0.0758762 2.79604 2.386 1.92344 -0.717024 0.0581843 0.0162284 0.419067 0.270643 
2.56914 1.79242 -1.30468 0.886609 1.66634 2.04992 1.41118 -1.14415 0.0906759 -0.0403279 0.843241 0.226804 
2.69459 1.38553 -1.43285 0.59379 2.01578 0.316 0.227191 -0.495467 0.388596 0.688259 0.619433 0.177979 
2.55746 1.35389 -0.957221 0.372879 1.32976 -0.366131 -0.149354 -1.05368 0.64026 0.79322 0.498638 -0.0585604 
2.67557 1.51852 -1.28 0.215485 1.17924 -0.554714 0.0874401 -1.7723 1.12401 0.337624 0.290507 -0.315525 
2.77149 1.29106 -1.09658 -0.148734 1.3248 -0.507361 -0.486859 -1.38458 0.976579 0.509326 0.0684753 -0.252844 
2.67663 1.51284 -0.545008 0.0112126 1.37091 -0.652622 -0.438835 -1.9611 0.499427 0.339473 0.202652 -0.0863272 
2.61322 1.51486 -0.68434 0.0458716 1.68182 -0.524759 -0.341937 -2.07797 1.08893 0.437114 0.276176 -0.0998626 
2.62027 1.81551 -1.097 0.21776 1.75909 -0.991109 -0.749278 -1.92125 1.08948 0.520673 0.333914 -0.144899 
2.54579 1.59259 -1.02797 0.179891 1.84692 -0.800122 -1.036 -1.84229 0.936662 0.57437 0.362656 -0.0800408 
2.59522 1.54607 -1.13469 0.227615 1.80918 -0.783613 -0.853774 -2.15047 0.578417 0.21365 0.187157 -0.144285 
2.70049 1.75855 -1.5361 1.01724 1.91567 -0.891904 -0.783886 -2.30214 0.891118 0.0315406 0.218111 -0.301957 
2.68244 1.43261 -1.17817 0.35205 1.84019 -0.644485 -1.01867 -1.7934 0.648706 0.455046 0.214384 -0.125541 
2.67526 1.68489 -0.686756 0.536277 1.72046 -0.997393 -1.28026 -2.10233 0.575345 0.380597 0.0929521 -0.229441 
2.70823 1.53018 -0.610474 0.567519 1.82522 -0.80684 -1.23124 -2.0179 0.746989 0.535762 0.162976 -0.170445 
2.86709 1.65648 -1.52191 1.0089 1.90065 -0.759999 -1.0914 -1.98254 0.610066 0.180551 0.100537 -0.250319 
2.77647 1.6637 -1.2043 0.862973 1.56393 -0.52762 -0.920302 -2.11614 0.833811 0.258755 0.245994 -0.249041 
2.72634 1.72756 -0.743907 0.633097 1.27762 -0.775855 -1.20122 -1.8297 0.66301 0.734486 0.371645 -0.194818 
2.71048 1.97093 -0.648355 0.917954 1.0163 -1.41086 -0.831467 -2.32597 0.945779 0.571713 0.456885 -0.284145 
2.79105 1.50274 -1.21207 0.452108 1.22968 -1.0836 -0.458003 -1.98887 1.54674 0.605063 0.240986 -0.392054 
2.77656 1.66573 -0.838553 0.0926789 1.73146 -1.05501 -0.900282 -1.55458 1.02212 0.740507 0.0301742 -0.327691 
2.7709 1.64212 -1.13693 -0.186713 2.06853 -0.883551 -0.626682 -1.04208 0.973023 0.713625 -0.151594 -0.363601 
2.70965 1.62594 -1.40157 -0.388202 2.17934 -0.500344 -0.201707 -0.710934 1.52853 0.972116 -0.00517125 -0.378095 
2.70008 1.79125 -1.23209 -0.00958549 2.02582 -1.09944 0.511749 -1.3117 1.84276 0.592779 -0.137928 -0.501069 
2.78484 1.31157 -1.59499 0.0449217 1.97834 -0.935524 0.962435 -0.892468 1.88715 0.625236 -0.180602 -0.527688 
2.65898 1.74686 -1.30323 0.135331 1.40627 -0.11614 1.02989 -0.723688 1.45813 0.159811 -0.0798585 -0.496799 
2.77029 1.08987 -2.02465 0.767369 2.34228 -0.0402903 0.54108 -0.823526 1.13857 0.0558273 -0.256502 -0.476382 
2.79673 1.00498 -1.87762 0.641801 2.88743 0.391922 1.11457 -0.664904 1.16516 0.136995 -0.308725 -0.417374 
2.63393 1.16439 -1.79491 0.760002 3.28096 1.02795 1.3532 -0.7715 0.634183 -0.131743 -0.307634 -0.341346 
2.75734 0.798988 -1.56198 0.718189 4.05069 0.740742 1.20177 -0.7623 0.153717 -0.0144827 -0.457757 -0.18762 
2.72922 0.756576 -0.95693 1.39211 3.6642 1.62695 0.572404 -0.640022 0.0770397 -0.0139136 -0.235031 -0.20017 
2.66175 0.51865 -1.6492 1.89365 4.52137 1.15282 0.654508 -1.37501 0.0781021 -0.131179 -0.114879 -0.0759257 
2.59739 1.00078 -0.87626 1.80857 3.26348 1.24599 0.444317 -0.805361 -0.0924872 -0.0346172 0.0511364 -0.0574128 
2.47523 0.954979 -0.593004 1.62349 3.85455 1.22621 0.186959 -0.847953 0.207784 0.18611 -0.0231764 -0.0946099 
2.51126 0.812169 -0.726601 1.51979 3.92176 1.30653 0.34881 -0.962825 0.267045 0.405773 0.0679977 -0.126395 
2.47407 0.704761 -0.301148 1.24591 3.5482 1.81719 0.27243 -0.832905 0.182665 0.446498 0.0951562 -0.174987 
2.45891 0.66821 -0.60364 1.24253 3.98728 1.03141 0.186431 -0.232858 0.404783 0.719044 0.0402814 -0.140213 
2.49966 1.09322 -0.663466 1.52862 4.56757 1.43433 1.10241 -0.501167 0.283288 0.450284 -0.0791242 -0.10627 
2.48637 0.977097 -0.653252 1.43273 4.50127 1.80805 0.427146 -1.21053 0.156413 0.446679 0.174423 -0.0686768 
2.3882 0.988075 -0.786451 1.49038 4.3166 1.8338 -0.0446581 -0.796946 0.1954 0.542765 0.223539 -0.0668131 
2.43633 1.19813 -0.56354 1.01038 3.97336 1.36407 -0.336159 -0.325839 0.162253 0.486022 0.0123794 -0.142648 
2.43615 1.23901 0.394834 0.681458 3.85407 0.888462 -0.0598063 0.469067 0.745806 0.391313 -0.312405 -0.225455 
2.38602 1.32707 0.246151 1.71005 3.99009 0.858277 0.881104 0.0336283 1.21439 0.0031552 -0.566925 -0.214589 
2.21168 1.47717 0.0118419 1.42481 3.69388 1.20787 1.20398 0.0618275 1.21509 0.140549 -0.405231 -0.269135 
2.16864 1.82977 0.473114 0.766236 4.17566 1.60393 0.850053 -0.112274 0.989745 0.0526726 -0.0774064 -0.134049 
2.26853 1.63391 0.631734 0.629796 4.03752 1.38105 1.10289 -0.133844 0.905891 0.140373 -0.274242 -0.0999251 
2.03603 1.71127 0.67654 0.924616 3.26228 1.3201 1.1619 0.700838 0.362342 0.308308 0.0498956 0.0572616 
2.14106 1.39968 0.966738 1.15761 3.05549 1.20044 0.824917 0.3637 1.10525 0.757341 -0.104358 -0.180063 
2.20117 1.63519 0.776581 0.98948 3.29965 1.12294 1.06081 -0.0996454 0.527492 0.79571 0.142661 -0.0140224 
2.03501 1.75595 0.99885 1.32937 3.01329 1.00885 0.476842 0.62269 1.42138 0.906884 -0.201647 -0.295803 
2.14248 1.68935 1.01841 0.947936 4.06179 1.86439 0.253108 -0.150983 1.70514 0.477778 -0.0238197 -0.252013 
2.02451 1.67643 1.3565 1.27438 2.89413 1.99619 0.777144 0.17508 0.724868 0.819846 0.16942 -0.0687723 
2.07442 1.57289 1.56885 1.31942 2.53961 2.70414 1.34378 0.246225 0.160755 0.585128 0.14312 -0.028442 
2.19922 1.45831 1.5714 1.03978 3.7644 2.52926 1.36757 -0.750896 -0.0543921 -0.253461 0.186621 0.289097 
1.85987 1.47379 1.12662 1.28454 3.74998 1.98083 1.04167 0.417278 0.580979 0.0316785 0.0226604 0.0151506 
1.72573 1.62068 1.02942 0.864345 3.38654 2.04788 0.80498 0.83958 0.569876 0.788054 -0.0544765 -0.130714 
1.92545 1.97901 1.60286 1.57674 3.27188 2.13217 1.68174 -0.0116705 -0.515369 0.331204 0.146171 0.0922338 
1.93433 1.86735 1.60508 1.68319 3.28274 1.73269 1.98228 0.254767 -0.356737 0.182236 0.0563159 0.0970389 
1.97161 1.77422 1.41058 1.68714 3.74452 2.01929 1.56575 -0.0660212 0.420888 -0.144933 0.14705 0.13506 
1.85261 2.25582 1.83606 1.53326 2.53658 1.61649 1.82201 0.169848 0.979405 0.617007 -0.033048 -0.00504777 
1.77277 1.95671 1.57856 1.06301 2.58417 0.802521 1.69418 1.0265 1.16478 0.738782 -0.277465 -0.0744452 
1.73681 1.62537 1.53298 1.00347 3.01859 0.679164 0.355689 0.517659 1.58324 0.94575 -0.127574 -0.0944935 
1.78091 1.93356 1.40389 0.857236 2.9977 1.04476 1.50922 0.673712 1.15829 0.351994 0.170494 0.139781 
1.52247 1.70767 1.69002 1.62025 2.97611 1.27561 1.83012 1.31423 0.75405 0.869598 0.382887 0.259468 
1.57864 1.39882 1.7979 0.995456 2.363 0.957722 1.71214 1.34771 1.29614 1.52479 0.224989 0.15288 
1.60625 1.54095 2.31434 0.629696 2.07723 0.562731 1.66509 1.17475 0.949661 1.10588 0.000435741 0.102238 
1.46724 2.08124 2.17652 0.657367 2.29791 1.50285 1.34906 0.950392 0.90606 -0.233143 0.0279923 -0.00690672 
1.53691 2.13763 2.59938 0.731798 2.16223 1.02382 1.52001 1.04164 1.04984 0.463913 0.141641 0.137063 
1.47259 2.33386 2.43329 1.4963 2.73324 1.03041 0.829223 1.25194 1.0432 0.546774 0.126601 0.0826582 
1.61764 2.18944 2.11643 2.13529 2.25568 0.881628 1.60422 1.58258 1.34165 -0.0883585 0.230466 0.11788 
1.53322 1.76606 2.65221 2.23015 2.41531 1.27017 2.19772 1.25948 1.24821 0.279104 0.220591 0.216972 
1.61442 1.93637 2.71785 1.99143 2.1753 1.28383 1.71665 0.667971 1.84312 0.335646 0.0118176 0.160828 
1.36981 2.08019 2.72587 2.74629 2.47839 1.44508 0.69824 0.103154 1.39268 0.155016 0.19142 0.0756693 
1.30336 1.92562 2.40448 2.02325 2.50356 1.23637 1.00613 0.485302 1.61959 0.336234 0.0812014 0.1274 
1.50304 1.75964 2.60334 1.61773 2.14026 1.47826 2.13126 0.648455 1.23046 0.918235 -0.228116 0.0901574 
1.42749 1.76697 2.32493 1.56456 2.38915 1.09014 2.30568 0.819558 1.30222 0.697591 0.17157 0.244584 
1.41973 1.54641 2.47535 1.02858 1.67714 0.660947 2.30634 0.631118 1.06407 0.823159 0.539547 0.329966 
1.40991 1.69919 2.25786 0.803544 1.81836 0.662956 1.55351 1.09416 0.0322113 0.743958 0.489794 0.155525 
1.25087 1.8017 2.39197 0.523593 1.55974 0.98022 1.49536 0.728755 0.586913 0.665781 0.726885 0.208501 
1.26249 1.79244 2.50131 1.29937 1.21825 2.38676 1.30691 0.417015 1.46297 0.124591 0.827754 0.320948 
1.21834 1.72194 2.51498 1.48725 1.8986 0.985186 1.71721 0.774112 1.5825 0.247908 0.990242 0.348819 
1.1565 1.57979 2.59945 1.43464 2.02616 1.55827 2.69792 0.0488461 2.34236 0.286664 0.538332 0.43978 
1.13208 1.51123 2.63879 1.85578 2.40809 1.76876 3.27842 0.838385 1.48801 0.488951 0.388748 0.382595 
1.10976 1.95298 2.89255 1.72574 2.52578 1.63118 2.41504 1.84619 0.903311 0.525164 0.495943 0.252295 
1.12292 2.01127 3.15865 1.85681 1.64468 1.62426 2.46888 1.31148 0.809051 0.369592 0.565038 0.1518 
1.16603 1.98017 2.21446 1.16693 0.619915 1.07327 2.19615 0.929239 0.698699 0.353357 0.995183 0.113933 
1.08453 1.708 2.38863 0.0507788 0.855244 0.673226 1.38389 1.00469 1.05479 0.320652 1.12486 0.131641 
1.06485 1.64953 2.62238 0.990645 1.05349 0.804653 1.17418 0.918692 1.36895 0.0788367 0.562854 0.194836 
1.15349 2.05929 2.7497 1.2446 1.28143 0.735969 1.20229 0.653779 0.959349 0.294672 0.291609 0.15594 
1.17434 1.6591 2.59397 1.4269 2.17676 0.64685 1.18346 1.27124 1.33217 -0.00512508 0.680044 0.26179 
1.04845 1.32047 2.44525 1.09273 1.98818 0.380142 2.04468 1.22659 1.83105 0.198477 0.600287 0.360147 
1.1072 1.48597 2.22414 1.03144 1.99112 0.420646 1.12922 1.19849 1.37213 0.636362 0.747547 0.254707 
1.12782 1.71198 2.07853 0.65868 1.86159 0.53301 0.980593 1.43721 1.14563 0.355267 0.751352 0.162763 
0.958648 1.88199 2.24493 0.92592 0.936726 0.0157066 1.30473 0.641833 1.77981 0.405725 0.701597 0.235988 
0.98812 1.41902 2.27583 1.24048 1.6399 0.0339604 1.62426 1.42571 0.85799 0.619124 0.951663 0.211713 
1.01783 1.51057 2.36815 1.37744 1.27892 0.231867 1.14812 0.38883 0.923402 0.1579 0.278695 0.163596 
0.921863 1.47308 2.48561 1.62137 1.40557 -0.110751 0.780266 -0.0468122 1.07933 -0.204561 0.522203 0.130631 
0.961209 1.16188 2.27085 1.42883 2.51623 0.0238226 1.82683 1.29594 0.392446 0.391517 0.714301 0.208815 
1.05027 1.03966 2.32518 1.23581 1.09932 0.469994 1.45831 1.5597 0.808882 0.363371 0.577052 0.157601 
0.843072 1.28585 2.04397 1.7043 0.610681 0.137587 1.18944 1.4192 1.29698 0.131042 0.236924 0.166849 
0.976252 0.910252 2.03171 0.981359 1.48075 1.48846 1.89331 1.70332 0.829963 0.204944 0.17378 0.133968 
0.977995 1.17211 2.38213 0.953679 1.19659 1.0076 1.30772 1.6917 1.2129 0.52967 0.18361 0.154942 
0.842205 1.53255 2.31458 1.05848 1.17365 0.597562 1.55518 1.61796 1.95415 0.262043 0.365929 0.246884 
0.951991 1.38167 2.34509 1.68059 1.66285 -0.14711 3.05433 0.991659 1.68062 0.890663 0.295302 0.353559 
0.957092 1.32521 1.67075 2.10632 1.45054 0.0165461 2.97461 1.13104 1.25934 1.21862 0.547975 0.234323 
0.960216 1.33069 1.64905 2.10742 1.49873 0.424042 2.76212 1.74795 0.650722 0.00820846 0.350132 0.205103 
0.934671 1.39651 1.6282 2.09143 0.971123 0.929364 1.96316 1.04045 1.67339 -0.0359391 0.127553 0.135565 
0.949833 1.35937 1.73135 1.75378 0.51072 0.69386 1.43536 1.77821 1.83181 0.476457 0.677059 0.17133 
0.86104 1.46322 1.97779 2.0363 0.550003 0.921653 0.869788 1.75133 1.61099 0.381709 0.709464 0.205971 
0.966071 1.27043 2.01002 2.19647 0.806496 1.18198 1.33612 1.14983 1.31655 0.0795004 0.776528 0.183631 
1.00371 1.37079 1.93943 1.30588 1.2797 0.512984 2.24797 0.558092 0.73224 1.06391 0.593415 0.146277 
