0.737208 1.31854 1.4692 -0.146735 0.275565 0.49826 1.51877 0.374428 0.605924 0.913495 0.0997807 -0.011989 
0.795029 1.08153 1.63657 0.387464 0.256515 0.888004 1.50085 1.27533 0.586305 0.585401 0.149003 -0.0457894 
0.735545 1.45206 1.6119 1.04437 0.389345 1.11203 2.39297 0.484103 1.38018 1.07595 -0.149022 0.0834696 
0.638421 1.13259 1.2488 -0.0922283 1.80443 1.3955 1.65178 1.1317 0.836492 0.553089 -0.174167 0.0812332 
0.67124 0.882216 1.18395 -0.217501 2.23216 0.957339 1.42836 1.86999 1.17436 0.12877 0.270309 -0.0428744 
0.594815 1.11966 1.07688 0.539547 1.53869 1.32908 0.701039 1.26096 0.944709 1.01014 0.329397 -0.013165 
0.635356 1.34078 0.801397 0.295554 1.38106 1.0656 1.01816 1.18805 1.66431 1.28452 0.52609 -0.0476186 
0.616514 0.862888 0.957603 -0.202109 0.839119 0.653478 0.669047 0.919464 1.28421 0.954406 0.81715 -0.0924748 
0.537385 1.14567 0.672713 0.182265 0.850041 1.00001 1.55755 1.69326 0.646918 0.936865 0.4984 -0.238141 
0.669907 0.661926 0.704363 0.384909 0.652553 0.472198 0.557662 1.17592 0.864406 1.01472 0.36797 -0.103852 
0.948161 0.939544 1.13667 0.839883 0.125639 0.571448 0.908707 0.280951 0.822755 0.207122 0.189823 -0.193384 
1.1014 1.62836 1.22912 1.36366 0.665335 1.06157 -0.0730475 -0.314163 0.0851857 -0.449066 0.412345 -0.121415 
1.21234 1.12488 1.15461 0.0676772 1.00967 0.121143 0.506123 0.230147 -0.444088 0.0284448 -0.230455 -0.111096 
1.25481 1.59404 1.4809 1.11542 0.859899 0.59516 0.545852 0.232062 -0.380331 -0.426302 -0.262375 -0.205198 
2.03838 1.69701 1.21907 2.09094 2.08125 -0.261613 -2.02639 -1.19371 0.307292 -0.122439 -0.624746 -0.514045 
2.89892 1.03007 0.334905 0.703735 2.92783 -0.301822 -1.24322 -1.37717 0.115993 0.0473134 -0.779871 -0.523897 
3.03411 1.07161 0.0192417 1.17731 2.37806 -0.531272 -1.60619 -1.95028 -0.0596022 -0.264933 -0.791467 -0.477776 
3.07601 0.886847 -0.000384909 1.91747 0.962981 -0.636167 -0.999603 -2.18431 -0.0571673 -0.19631 -0.711343 -0.599848 
2.83502 1.21501 -0.572106 0.891293 1.47213 -0.342015 -2.21069 -1.6071 0.156152 -0.405125 -0.692959 -0.368506 
3.17194 0.795714 -0.838814 0.798884 1.36972 -0.548347 -1.88617 -1.69603 0.0879063 -0.17351 -0.590646 -0.289094 
3.13132 0.924431 -1.14528 0.803948 1.46426 -0.992259 -1.70607 -1.77559 0.361761 -0.0330626 -0.515161 -0.35722 
3.01242 0.900654 -0.789174 0.769188 0.797438 -1.13095 -0.680742 -1.83616 0.763304 -0.0259766 -0.594365 -0.495513 
3.09615 0.725198 -1.05807 -0.180052 1.56479 -0.85507 -1.01894 -0.993454 0.743399 0.119662 -0.689429 -0.372841 
3.08287 1.1429 -1.08453 -0.495415 1.24571 -1.24526 -0.900731 -0.786251 1.14856 0.25522 -0.717976 -0.496681 
3.02976 1.18126 -1.57382 -0.707767 0.881068 -0.622084 -0.907898 -0.641936 1.23456 0.424202 -0.454369 -0.53958 
3.11975 1.31001 -1.77256 -1.016 0.919392 -1.09529 -0.222287 -0.755311 1.53839 0.632864 -0.35895 -0.564814 
2.74778 1.40023 -1.51751 -1.08814 0.746443 -0.0813832 -0.844613 0.102862 1.56182 0.423103 -0.505757 -0.735099 
3.04952 1.36514 -1.77608 -1.27122 1.05829 -0.270855 -0.257579 0.447214 1.25987 0.477579 -0.637408 -0.72634 
2.90797 1.36523 -1.93035 -1.28614 1.02433 0.217831 -0.067698 0.727456 1.53567 0.566344 -0.613594 -0.808205 
2.8189 0.880918 -1.10753 -0.446298 0.830224 0.365729 0.376355 0.61802 1.5798 0.344837 -0.674138 -0.718747 
3.01323 0.570597 -1.19506 -1.01339 1.22672 0.604552 1.61322 0.187741 1.26902 0.642425 -0.506243 -0.620193 
2.83785 1.14569 -0.950111 -0.66377 1.79528 0.0639654 0.663265 0.919041 1.37471 0.523582 -0.608963 -0.617098 
2.64668 1.28461 -0.998311 0.00460196 1.89535 0.785445 0.71279 0.529161 1.167 0.393302 -0.384686 -0.509295 
2.96573 1.0777 -1.25804 0.277659 2.09622 0.849153 1.28899 0.309898 1.02764 0.339159 -0.327505 -0.479775 
2.68575 0.891629 -1.03008 0.11733 2.50623 1.15361 1.49107 0.0851009 0.811249 0.364906 -0.21878 -0.330606 
2.85288 0.798447 -1.56964 0.0209458 3.30557 1.3371 0.394864 0.376053 0.723559 0.74498 -0.15622 -0.36388 
2.68379 1.32869 -0.67585 0.346946 2.48849 1.17383 0.0206195 0.618754 1.16933 0.767152 -0.21646 -0.472199 
2.74952 1.27588 -1.22357 0.262117 2.75317 0.777827 1.02068 0.0754318 1.19528 0.639044 -0.208278 -0.41585 
2.60928 0.982204 -0.81895 0.410145 2.70025 0.55323 1.50294 0.326252 1.49804 0.474369 -0.48704 -0.446082 
2.50949 1.0893 -0.47208 -0.190295 2.13569 1.46779 1.50095 -0.0559476 1.30896 0.255679 -0.421704 -0.415245 
2.5797 0.971684 -0.603031 -0.323336 2.50199 1.21605 0.731547 0.133961 1.47161 0.488844 -0.421626 -0.459379 
2.54809 0.973283 -0.349006 -0.83858 2.15541 1.13592 0.70143 0.469253 1.56571 0.420099 -0.431511 -0.412623 
2.50895 1.24534 -0.34966 -0.997649 1.57807 0.856177 1.42394 0.838933 1.70544 0.174991 -0.496002 -0.353047 
2.45253 1.28084 -0.14343 -0.712401 1.46865 1.32354 1.64378 0.634004 1.38067 -0.00428213 -0.48877 -0.33458 
2.33832 1.81336 0.0986714 -0.645832 1.13288 1.3433 1.26562 0.673269 1.26304 0.434986 0.0135244 -0.234187 
2.39359 1.49097 -0.0350081 0.0278645 1.33105 1.07867 0.187614 0.666882 1.75542 0.608757 -0.033608 -0.320599 
2.49216 1.48665 0.365237 0.435947 1.98074 0.370801 0.0842212 0.58769 1.46114 0.881017 -0.0922199 -0.347714 
2.3157 1.64682 0.48941 0.0272911 2.23803 0.358022 -0.117803 0.860496 1.08912 0.565094 -0.133404 -0.303038 
2.1602 1.55919 0.520352 -0.552686 2.71917 0.515941 0.505211 0.520557 0.910416 0.0246818 -0.294624 -0.196934 
2.02893 1.8164 0.620348 0.363881 2.31297 0.886698 1.33395 0.0299583 0.789155 0.025675 -0.124444 -0.08737 
2.02739 1.81183 0.959923 0.537479 2.2041 1.18974 1.22261 -0.313604 1.18806 0.556004 0.0410698 -0.0756719 
1.98693 1.61883 1.00134 0.160169 1.19458 1.42792 1.17379 0.90634 1.59512 0.940464 0.320406 0.0364328 
2.0204 1.41238 0.952623 0.588987 1.3045 1.18405 1.53758 1.36051 1.13709 0.723795 0.021164 -0.102358 
1.98596 1.38276 0.660246 0.317929 2.03395 1.94957 1.28132 1.2704 1.12397 0.175161 -0.104748 -0.0950317 
1.90008 1.50709 0.75098 0.0511778 1.88425 1.76613 1.75284 0.0365073 1.60764 0.818847 0.140936 0.0133632 
1.82686 1.47411 0.584491 0.168724 1.74786 1.80312 1.65211 0.129837 2.06935 0.8579 0.300245 0.0266484 
1.88236 1.32621 0.896208 0.0804775 1.69062 2.52745 1.63512 1.35109 1.07762 0.3917 -0.284822 -0.188382 
2.04164 1.57413 0.884654 -0.10797 1.95214 1.70167 1.20715 1.60299 0.847936 0.439891 -0.248733 -0.324086 
1.91766 2.09888 0.953347 0.0763167 2.24222 1.1492 1.48767 1.49786 0.874461 0.456121 -0.261294 -0.230964 
1.8238 1.68971 0.795401 0.616873 2.82558 1.47929 1.55345 0.898209 1.13028 0.148813 -0.387766 -0.229149 
1.8529 1.53854 0.857058 0.585159 2.03473 1.30665 1.8858 0.748754 1.24606 0.151389 -0.196335 -0.0943209 
1.76463 1.88768 1.4282 0.921069 2.22043 1.26923 2.01643 1.32609 1.93731 0.831668 -0.190387 -0.0872126 
1.69728 2.00476 1.12509 1.04723 2.42802 1.2073 1.87322 1.17415 2.14913 0.612671 0.112066 0.0162813 
1.75998 1.82069 1.49686 0.311936 1.93572 0.826484 1.9324 1.40987 2.14963 0.22025 0.45855 0.267612 
1.71395 2.24104 1.81896 -0.0146587 2.50379 0.865264 1.96026 1.57821 1.95046 0.327108 0.375522 0.190063 
1.66434 2.18783 2.02109 0.153435 2.10686 1.02451 1.96371 1.97738 1.00036 0.309791 0.508974 0.200623 
1.75703 1.79853 1.84303 0.551777 1.44235 0.952448 1.41698 1.77821 1.61381 0.891025 0.44479 0.176049 
1.69517 1.64005 2.06572 0.863955 1.53054 0.312306 1.72186 1.38699 1.18704 0.686569 0.351979 0.222996 
1.58575 1.72103 1.5473 0.288062 1.68771 0.121212 1.86533 0.96027 1.72814 -0.173435 0.414896 0.266827 
1.53791 1.61938 1.78619 0.655056 1.38743 0.296031 1.73855 0.434165 0.801729 0.0627262 0.468564 0.263462 
1.31941 1.56307 1.76068 0.764112 2.11155 0.408474 1.24219 0.37605 0.749786 0.808777 0.687993 0.296965 
1.28441 1.38387 1.73481 0.575437 1.43124 1.08327 2.05307 1.13233 1.37144 0.757103 0.0690934 0.132944 
1.32356 1.78676 1.39709 1.00787 1.64285 0.778778 1.98401 0.627675 1.93448 0.140227 -0.245215 0.0129988 
1.29252 1.54591 1.34478 0.0560576 1.52764 0.459413 1.11326 1.04499 1.13744 -0.0851016 -0.114749 -0.0400861 
1.42355 1.37865 1.77905 0.137167 0.844794 0.691178 1.26787 1.12896 1.0984 0.0511264 -0.0660476 -0.0695468 
1.41497 1.57104 1.86138 -0.05726 0.969964 0.494286 1.52036 -0.094919 0.891409 0.295779 0.267052 0.173272 
1.21802 1.67101 1.55546 1.1565 2.08543 0.451094 2.0729 0.406871 0.348199 0.54231 0.599907 0.22201 
1.31727 1.95282 1.42517 0.785833 1.3188 -0.0399794 2.57469 1.15441 0.163309 0.28243 0.526039 0.174358 
1.20396 1.94044 1.54359 0.818244 0.705492 0.0765097 2.30012 0.51574 0.708678 0.857247 0.188767 0.119245 
1.2897 1.65842 1.84822 0.640839 1.47019 0.488374 1.54977 1.67249 1.67511 1.10242 0.375326 0.194967 
1.30328 1.80145 2.00467 1.19614 1.39787 0.951035 1.39301 1.36697 1.13815 0.880443 0.715129 0.260991 
1.20621 1.44501 2.04071 1.01391 2.76615 0.905164 1.60843 0.884385 1.23552 0.972001 0.445753 0.283555 
1.12433 1.64021 2.25657 0.47802 2.63045 0.546249 1.70259 1.08976 1.17958 1.1711 0.522926 0.320671 
1.18053 1.50071 2.4871 0.710593 2.34553 0.94771 1.71488 1.2278 1.73484 0.46479 0.395367 0.312199 
1.1309 1.44913 2.30122 1.17716 2.72031 0.720586 1.48885 0.506028 1.04332 0.182639 0.0154368 0.206106 
1.149 1.54302 1.60472 1.00854 2.06586 1.06284 0.982741 0.697879 1.02882 0.193486 0.628884 0.150186 
1.10768 1.40321 1.93261 0.866118 2.2994 0.630884 1.27077 1.33196 1.43656 0.507865 0.581752 0.209706 
1.07364 1.40241 1.57848 0.890694 2.43271 0.612641 1.1095 1.68787 1.33871 0.501991 0.62236 0.122048 
0.973784 1.33829 1.28751 0.600498 1.64339 0.828695 1.6761 1.35901 0.812652 0.0409075 0.837461 0.00873225 
1.05021 1.80664 1.97756 -0.111665 1.04857 1.47121 1.78092 -0.254161 0.988631 0.6024 0.657974 0.227009 
1.14829 1.67581 2.23729 0.285261 1.39274 1.04223 1.69997 0.975055 1.08326 0.69244 0.699498 0.195443 
1.35764 1.34524 1.68296 0.293057 2.36032 0.885363 2.11265 1.77934 1.43084 0.521436 0.269974 0.200832 
1.28841 1.45924 1.52222 0.819403 1.97219 1.31598 1.60314 2.34402 1.64449 0.0905132 0.393626 0.136845 
1.10968 1.16468 2.33803 0.980358 2.3137 0.569361 1.02264 1.6117 0.993355 0.304844 0.804169 0.199841 
1.05827 1.47017 2.26417 1.17974 1.67122 -0.31924 0.907205 1.44196 0.189518 1.23273 0.910067 0.174411 
1.04029 1.65362 2.60577 0.953423 0.582435 -0.111258 2.24548 1.15658 0.502713 0.940425 0.678163 0.0990877 
1.23154 1.33028 2.75412 0.784768 0.654403 0.613535 2.05723 0.650869 0.812604 0.163911 0.765004 0.211497 
1.14488 1.23579 2.20528 0.8654 1.00026 0.21418 0.92378 1.49858 1.36817 0.658107 1.26618 0.273822 
1.16424 1.31903 2.34262 0.805831 1.06262 0.581897 1.28103 1.16302 1.51104 0.836281 1.10721 0.28776 
1.14019 1.29785 2.19797 1.18851 1.07633 0.701787 0.736071 0.61342 1.32996 0.359387 0.663845 0.214043 
1.04522 1.50045 1.52773 1.04071 1.35995 -0.148489 0.68127 0.602191 0.375365 0.373812 0.144414 0.064789 
1.08191 1.43873 1.57178 0.214878 0.377076 0.808974 1.09949 0.937316 0.654929 -0.416533 0.501205 0.0463812 
1.00428 1.54584 1.59471 0.539929 1.59632 0.636255 1.36009 1.56175 0.83916 0.736988 0.736643 0.096329 
1.08369 1.37709 2.12297 1.44962 1.80967 0.27444 1.44823 1.08259 1.38703 0.313544 0.354424 0.206346 
0.994709 1.54246 2.40326 0.548604 1.44806 0.906611 0.812111 0.227917 0.803206 -0.0771049 0.213773 0.0754116 
0.993592 1.3755 1.86948 0.57088 2.02295 1.06261 0.139958 -0.278709 1.11003 -0.227564 0.283379 0.0561464 
0.821425 1.2214 1.61705 0.927459 1.20064 0.464644 0.74076 -0.129232 1.10884 -0.466178 0.316672 0.0123143 
0.791968 1.47854 1.48107 0.680651 2.00228 0.704385 1.03593 1.64503 0.896937 0.247109 0.11881 0.0749103 
1.0391 1.52048 1.84709 0.405298 1.75637 0.524092 1.18299 1.8355 0.903799 0.699093 0.574939 0.105578 
1.06387 1.31553 2.1385 1.5251 0.994994 0.540531 0.829295 1.21793 0.891134 0.558319 0.849103 0.193306 
0.977745 1.51923 2.17031 1.66578 1.01032 0.268234 0.436836 1.36679 1.00017 0.781923 0.466985 0.193472 
0.955505 1.55377 1.9052 1.02129 0.689064 0.668208 1.07671 0.955959 1.31524 0.585855 0.342007 0.14237 
0.923552 1.49334 1.87191 0.233767 0.87189 0.148818 0.625438 0.697788 0.852038 0.321436 0.0581537 0.0544719 
0.90229 1.52838 1.88511 1.09093 1.65769 0.350064 1.17217 0.984047 1.05973 0.923209 0.172327 0.162462 
0.896678 1.72513 2.02555 1.40707 1.58487 0.364342 0.444341 1.06514 0.989193 0.674908 0.553523 0.151128 
0.852786 1.75183 1.67985 0.876513 1.29043 0.170103 -0.166698 1.03465 1.2878 0.698268 0.721021 0.168206 
0.922999 1.60853 2.01678 0.596593 1.85992 0.627622 0.660297 0.849544 1.74749 1.08715 0.482843 0.24904 
