0.687079 1.16021 0.419933 1.30506 0.884568 1.2408 0.869651 0.554443 1.45549 0.854587 1.01711 -0.22313 
0.575105 1.02349 1.16967 1.12288 1.05581 0.547238 1.34716 0.828304 0.710571 0.978114 0.682568 -0.150653 
0.632002 0.7953 1.50786 0.258894 1.07665 0.353889 1.49859 0.658759 0.696773 0.54783 0.851489 -0.211332 
0.690897 0.795472 1.1135 0.653321 0.0667569 0.119606 0.592557 0.533644 1.24504 0.393527 0.624425 0.0133723 
0.708043 0.979015 0.655822 0.613299 -0.287911 -0.251045 0.354961 0.296774 1.34954 0.244941 0.272483 0.00372931 
0.63835 1.16333 1.39018 -0.180747 -0.0803274 -0.801684 0.00202731 -0.372041 1.73335 0.622594 -0.0140896 0.12491 
0.733785 1.18026 0.909914 -0.0847481 0.859718 -0.252532 0.0630769 -0.396824 1.95643 0.141539 0.0185194 0.0141806 
0.810089 1.1108 0.149905 0.52436 1.16662 0.361623 1.02659 0.974931 1.99264 0.29207 0.579273 -0.214647 
0.699602 1.19263 0.457054 0.256479 0.442212 -0.122235 1.56513 0.326186 1.93318 0.460146 0.496949 -0.0399007 
0.683166 1.14345 -0.0930444 -0.314893 -0.566627 -0.319582 1.52607 0.28089 1.08669 0.510717 0.33618 -0.154135 
0.642704 0.766637 -0.0517742 -0.930371 -0.985888 -0.105912 1.75166 0.0771405 1.03162 0.748067 0.163161 -0.208469 
0.71266 0.639762 -0.348468 -1.21914 -0.600508 -0.45784 1.1776 0.320162 0.946815 0.841128 0.113658 0.0674693 
0.690752 1.15561 0.584519 -1.12853 -0.862612 0.997711 1.67587 -0.19982 0.931125 0.937799 0.37814 0.11873 
0.62413 1.30277 0.487213 -1.26335 -0.295756 0.328476 1.5095 0.355253 1.07133 0.499156 0.317831 -0.00399808 
0.873486 1.22913 0.481234 -0.522045 -0.538905 -0.814725 1.19807 0.341563 1.17569 0.387147 0.479278 0.150673 
0.948966 1.05045 0.676948 0.397497 -0.453254 -1.57998 0.981774 0.148735 1.0885 0.816282 0.240513 0.340044 
0.984258 1.05853 0.156636 0.00539953 -0.268272 -0.854394 0.917563 0.244795 1.07584 0.433425 0.133101 0.115574 
0.846764 1.16429 0.425753 -0.817707 0.381182 0.368107 1.39067 -0.180478 0.665838 0.0979305 0.153238 -0.210368 
0.954291 1.53489 0.533693 -0.0439771 0.819405 -0.202053 1.18249 0.550363 1.00547 -0.2658 0.445543 -0.307756 
0.97762 1.55779 0.383338 0.828523 0.433104 -0.0590843 1.13709 0.359784 1.49321 -0.0738787 0.0999375 -0.219625 
0.885079 1.50664 0.472445 1.03409 -0.470693 -0.367642 0.869734 0.155337 1.47842 0.00718922 0.440499 -0.0942322 
1.09277 1.58691 0.854468 1.45222 -0.0471076 0.149506 1.54575 0.397475 1.42016 -0.435036 0.265264 -0.13873 
1.12953 1.61486 1.44741 1.1734 0.903281 0.710899 0.994306 0.488817 0.605433 0.0230897 -0.0453959 -0.0499837 
1.58516 2.72689 2.77015 2.28073 2.47267 0.790932 0.745844 0.383488 -0.00978779 -0.123828 -0.219861 -0.165025 
1.69672 2.77585 2.78052 2.68614 2.78254 0.549938 1.0106 -0.987171 0.407942 -0.168582 -0.333783 -0.185171 
1.5941 2.65195 2.7021 2.64329 2.93785 0.618226 1.34514 -0.842862 0.198107 -0.260741 -0.279899 -0.196507 
1.99513 2.42861 3.11203 3.40485 3.90686 -0.490203 1.46 -1.51158 0.728555 -0.0470159 -0.732285 -0.183099 
1.73641 2.6003 2.89015 2.90996 3.36477 0.604681 0.389704 -0.833965 0.11715 -0.177956 -0.453947 -0.30251 
1.817 2.74362 2.70905 2.63279 3.79827 0.552565 0.752366 -1.05402 0.0184793 -0.116883 -0.433512 -0.253015 
1.96377 2.58095 2.2862 2.16886 5.13008 -0.330256 0.975842 -0.882195 0.142937 -0.11536 -0.687233 -0.102425 
1.90712 2.55638 2.37847 2.23795 4.36934 0.142404 1.49516 -1.22893 -0.0864056 -0.397177 -0.441599 -0.0722081 
1.8521 2.48147 2.0271 2.7038 4.79151 -0.0971825 1.66531 -1.34785 -0.306463 -0.584099 -0.356699 -0.0265639 
1.73322 2.41875 2.11148 2.44108 3.87131 0.256447 1.50095 -0.885762 -0.581497 -0.903224 -0.131291 -0.0938338 
1.88251 2.30288 2.1216 2.13319 4.42126 0.334335 1.16672 -0.518564 -0.314906 -1.05249 -0.292258 -0.0640511 
1.8498 2.15328 2.10643 2.26808 4.25028 0.868722 0.692289 -0.549904 0.0877479 -0.93616 -0.123198 -0.137362 
1.77867 2.24369 2.28997 2.67283 3.92866 0.804335 0.799781 -0.484717 0.365131 -0.416051 -0.159972 -0.18215 
1.81075 2.35539 2.1448 2.43738 4.71692 1.00235 2.12028 -0.948558 0.949377 -0.416932 -0.0375835 0.0366707 
1.62792 2.35495 2.27662 2.63613 3.94387 0.857162 0.854707 -0.429918 0.914903 0.0828934 -0.211888 -0.183993 
1.76865 2.344 2.45752 2.81855 5.12519 0.0304867 0.859267 -0.752707 0.622902 -0.189988 -0.424728 -0.152955 
1.87154 2.41462 2.81405 3.14428 4.79422 0.106571 0.979107 -0.89957 0.359396 -0.719211 -0.480355 -0.198514 
1.74874 2.5897 2.87103 3.22001 3.89091 0.654122 0.35382 -0.931394 0.168963 -0.564689 -0.38661 -0.372364 
1.67343 2.72819 2.97791 3.1597 3.72941 0.796605 0.544184 -1.22803 -0.0531165 -0.37627 -0.433537 -0.386681 
1.81426 2.6332 3.15734 2.88146 4.97717 0.07592 0.46607 -1.22777 0.0718677 -0.412381 -0.739682 -0.359997 
1.68875 2.53073 2.86499 3.23788 3.63598 0.644663 -0.0205558 -0.980537 -0.318492 -0.440677 -0.445664 -0.434611 
1.75392 2.81632 2.95911 2.97375 3.83947 0.137542 0.777997 -1.60744 -0.283468 -0.550981 -0.595932 -0.347247 
1.81582 3.03007 3.36411 2.57202 4.3354 -0.426511 0.933085 -1.58767 0.342069 -0.619754 -0.82217 -0.192996 
1.56261 2.72789 2.92248 2.55273 4.20448 0.0210831 1.77291 -1.5091 0.0841529 -0.187392 -0.448418 -0.0855291 
1.6797 2.60577 2.32552 2.36873 4.20728 0.477893 1.76747 -0.993326 0.331634 0.0770836 -0.251567 -0.0304712 
1.72906 2.68837 2.37672 2.06668 4.118 0.588639 1.05067 -1.09374 -0.0563345 -0.0536063 -0.266975 -0.123227 
1.71469 2.57583 2.6912 2.17878 3.64912 0.50308 0.97089 -1.28989 -0.439773 -0.0875932 -0.349172 -0.160412 
1.78404 2.77861 2.68623 2.14309 3.94421 0.0366277 0.776158 -1.686 0.111093 0.086881 -0.498701 -0.113054 
1.78522 2.73438 2.32922 2.29689 3.66029 -0.398513 1.23579 -1.15339 0.00253956 -0.176237 -0.3948 -0.0444973 
2.04353 2.74897 2.13854 1.85743 3.80302 -0.518785 0.891212 -1.88707 -0.143266 -0.315698 -0.435218 -0.0082982 
1.93756 2.53735 2.30535 2.33014 3.50974 -0.231289 -0.194436 -1.63708 0.159798 0.0159988 -0.382087 -0.205246 
1.99582 2.56895 2.29382 1.78324 4.54893 -0.244309 0.0548308 -1.40126 0.90795 0.613877 -0.439167 -0.149053 
1.96603 2.71302 1.92857 1.85723 4.22891 -0.156275 -0.0498962 -1.08854 0.945414 0.771154 -0.254375 -0.167746 
2.02585 2.48552 1.67056 2.16777 3.65528 0.989071 -0.0339905 -0.656044 0.977481 -0.0405574 -0.0286482 -0.243407 
2.18246 2.57853 1.82681 1.82837 3.50439 0.141644 0.444548 -0.75377 0.941989 0.347391 -0.09216 -0.0759146 
2.11957 2.83845 1.82478 1.5595 2.71438 -0.0897105 0.562766 -1.04807 0.610684 0.676354 0.0913567 0.074018 
2.10037 2.79428 1.65027 1.20496 2.3417 0.0457995 0.51568 -1.084 1.29658 -0.326999 0.283206 0.0685732 
2.03433 2.85309 2.12318 1.52809 1.06367 -0.121321 0.936467 -0.331314 1.62184 -0.774773 0.35701 0.061678 
1.87914 2.84908 2.47 1.93678 1.30022 -0.160133 1.32362 -0.44428 1.089 -0.954183 0.191435 -0.0474863 
1.80427 2.77625 2.39872 1.36892 1.49343 -0.363174 0.621875 -0.680358 0.851747 -0.849315 0.159543 -0.000750235 
1.77578 2.28622 2.00409 0.524569 1.31515 -0.0940869 0.676031 -0.585368 1.46956 -0.0796761 0.0165914 0.0254636 
1.74964 2.12939 1.87613 -0.347026 1.05579 0.0578623 1.28488 0.765172 2.25499 -0.104015 -0.246632 -0.199481 
1.84456 2.68661 2.10896 0.176608 0.967498 -0.579123 0.482696 0.613942 0.998129 -0.362705 0.213714 -0.0674041 
1.78534 2.46089 1.98682 0.443955 0.998759 -0.42018 0.0400218 -0.381979 0.911565 -0.399136 0.188694 0.00221974 
1.83857 2.3097 1.90047 0.598201 1.21487 0.616564 1.19241 -0.609061 1.35428 -0.586406 0.012644 -0.00162331 
1.90881 1.98581 1.52727 1.058 0.953135 0.507737 1.09693 -0.229174 2.77116 -0.134453 -0.167565 -0.160988 
1.74582 2.27657 1.48631 1.11727 0.571851 -0.535293 0.958254 0.289153 2.11539 -0.802663 0.416573 -0.00727588 
1.57244 2.58676 1.88859 0.649363 0.801184 -0.823475 0.852452 0.347485 1.63131 -0.693773 0.721646 0.083658 
1.51005 2.20188 2.00356 0.370693 1.15026 -0.277066 0.881972 0.195144 1.06308 0.102442 0.503643 0.218286 
1.53895 2.00674 1.75204 1.08161 1.08985 -0.102574 1.44667 -0.746574 0.413667 0.151887 0.331161 0.124604 
1.49967 1.72375 1.97519 1.36212 0.96056 -0.497504 1.48642 -0.947023 0.353105 -0.110675 0.0626877 -0.0353435 
1.57112 2.0338 2.10613 1.21452 1.33706 -0.229292 0.393814 -0.417326 0.645821 0.463872 -0.00327403 0.0311404 
1.65935 2.02725 2.16575 1.50019 1.48044 0.248453 0.713156 0.569045 0.843798 1.04133 0.015896 0.0515297 
1.61127 2.35973 2.34051 1.83861 1.31096 0.891215 1.95187 0.580356 0.795902 0.526222 0.02076 0.0186804 
1.51118 1.95614 2.36834 1.85316 1.92542 1.97224 2.374 0.153778 1.002 -0.048936 0.133319 0.0989472 
1.5425 2.23695 2.10631 1.66523 2.19001 1.51996 2.09022 0.184747 1.0992 0.673646 0.110919 0.153018 
1.51516 2.49933 1.95772 1.73706 1.56288 0.829924 0.865103 0.955766 1.10041 0.299071 0.122644 0.0348133 
1.55875 2.22268 2.34071 1.57084 3.17136 0.613107 -0.103654 0.564057 0.626529 0.245876 0.272286 0.0274272 
1.4872 2.06129 2.93093 1.43223 2.94881 0.270049 0.602367 0.353986 1.02206 0.384016 -0.0357055 0.141973 
1.4425 1.83566 3.13914 1.25094 1.98099 0.820167 1.47995 0.374856 0.472858 0.497895 0.0467626 0.113493 
1.56111 2.09917 2.70272 1.68121 1.84622 0.773702 1.1765 0.354643 0.683107 0.818297 0.0168561 0.10496 
1.4784 2.06975 2.22053 1.53086 2.12339 0.726735 1.45991 0.805953 0.726617 0.107513 0.116271 0.0754877 
1.48526 2.03052 2.02247 0.966558 2.1896 0.539107 1.75382 0.945775 0.324433 0.701745 0.0878023 0.144571 
1.2699 1.73172 2.217 0.803696 1.72149 0.953509 1.29374 0.954195 0.695642 0.589508 0.526551 0.186311 
1.30023 1.78943 2.13532 1.2185 2.09765 0.262104 0.631238 0.703086 0.826002 0.259074 0.470902 0.138559 
1.36246 1.84458 2.38682 1.33722 2.01862 -0.144135 0.742183 0.574692 0.380957 0.0494834 0.36822 0.103901 
1.37184 1.7792 2.12779 0.926191 1.98267 0.278587 0.845895 0.799099 1.18511 -0.153667 0.187236 0.0656844 
1.16578 2.07702 2.03409 0.862185 1.48748 0.769789 2.28425 0.00969608 0.847427 -0.270203 0.686188 0.118277 
1.03134 2.26359 2.12105 0.339969 1.44644 0.860157 2.16727 0.19851 1.99305 -0.226139 0.918782 0.183706 
1.03241 1.82011 2.74249 0.189653 1.66474 0.831386 0.941331 0.20844 1.28574 -0.152652 0.236172 0.218107 
1.03815 1.95287 2.38879 1.56404 1.93709 0.830463 1.32952 -0.18655 1.4662 -0.18689 0.454758 0.111518 
1.03412 1.76428 2.04457 1.00205 1.75172 0.354069 1.45869 0.383287 1.20401 -0.0993761 0.725864 0.130948 
1.00983 1.6953 2.00125 0.791445 1.18918 0.267715 1.64948 -0.160758 1.25671 -0.0725312 0.916689 0.108202 
0.996286 1.75696 1.95171 0.831008 1.06777 0.431812 1.69832 -0.351547 1.36712 -0.457912 0.731923 0.00180967 
0.917338 1.65751 1.76611 0.498048 1.19333 0.544298 1.63509 0.270695 1.44514 0.02181 0.263453 -0.00283673 
0.910955 1.84172 2.09999 0.709517 1.44525 1.33666 1.87768 0.135101 1.66461 -0.186953 0.35401 0.114475 
1.06082 1.53503 1.8215 0.753863 2.27937 1.00681 2.40064 -0.024677 0.726463 -0.192625 0.346872 0.181048 
1.07579 1.80237 1.59524 1.06614 2.45094 -0.173231 1.75555 0.479576 1.06314 -0.326804 0.836566 0.1997 
1.01936 1.77428 1.36723 1.10609 1.97679 0.369047 1.89564 1.08117 1.98901 -0.557688 1.12183 0.106154 
0.979517 1.75927 1.65241 0.714249 1.99838 -0.151562 1.72068 0.956117 1.06773 0.237352 1.34078 0.153526 
0.973965 1.70533 1.63789 0.39543 1.53682 -0.259389 1.54528 0.454899 1.30703 -0.0615481 1.10663 0.127632 
0.896838 1.66846 1.4148 0.774096 1.75581 0.231111 1.31604 -0.0952401 2.29896 0.582638 1.09151 0.154862 
0.790497 1.30929 1.74904 1.33699 1.4738 0.428961 1.69001 -0.044419 1.00765 0.390101 0.874194 0.0579919 
0.907522 1.42208 1.94846 0.578944 1.38081 0.0344501 1.26495 0.173457 1.36635 0.231524 0.957138 0.140886 
0.95083 1.49051 1.61545 0.733813 1.93834 0.505778 1.04364 -0.417224 1.78884 -0.143234 1.12788 0.161352 
0.903723 1.34027 1.16206 0.133814 1.76628 0.249457 0.747796 -0.353639 2.0016 -0.425326 0.698949 0.140817 
0.931476 1.7553 1.36197 0.309999 1.06766 -0.174048 1.47848 0.00442708 1.97158 -0.441427 0.571241 0.0737092 
0.853518 1.84004 1.85588 0.662792 0.767168 0.291256 2.30999 0.355033 1.66612 -0.263792 0.742522 0.0250123 
0.851109 1.6294 1.88665 0.827053 1.05757 0.0644024 2.22859 0.345349 1.48601 -0.121646 0.865425 0.0922977 
0.903135 1.49833 1.90402 1.33683 1.6962 -0.130826 1.10247 -0.402575 1.59737 -0.0423603 0.942153 0.13279 
0.931701 1.54188 1.8812 1.08709 1.33024 -0.170656 1.25767 -0.326456 1.47789 0.0819951 0.969617 0.11264 
0.919119 1.48659 1.27843 0.918854 1.54506 -1.34901 1.3317 0.245766 0.670685 0.122703 0.447148 0.0403717 
0.9794 1.24183 1.04913 0.999854 1.51331 -0.430339 1.40997 -0.0399524 0.988039 0.560538 0.575524 0.0791259 
1.05751 0.903088 1.48175 0.866216 1.45392 0.785893 1.27617 0.109961 1.1674 0.534423 0.854094 0.112971 
0.921612 1.42781 1.59623 0.54053 1.43173 0.943436 1.36891 1.57297 1.23617 0.36385 0.378988 0.0634906 
0.784315 1.11444 1.58263 0.765169 1.46527 1.02813 1.07178 1.28663 1.96479 0.727124 0.196794 0.136605 
0.87545 1.14186 1.39478 0.753673 0.969611 0.624798 1.96995 1.32241 1.27648 1.12187 0.190107 0.0881791 
0.869344 1.59991 1.46477 1.07541 0.813915 0.500284 0.839581 1.00075 0.86148 0.99595 0.485492 0.121221 
0.827172 1.4971 1.41156 0.961889 1.3162 0.216499 1.24536 0.970814 1.42494 0.820305 1.01333 0.0573406 
0.875042 1.23202 1.13019 0.276295 1.02501 -0.0996599 1.25536 0.313499 0.239685 0.882223 0.650873 -0.00591511 
0.857327 1.59526 1.33841 1.16744 1.2163 0.610035 0.930025 -0.12238 0.770194 0.866611 0.617404 0.0805721 
0.927321 1.59137 1.3566 1.48133 1.46758 0.776443 1.54854 0.764535 0.857955 0.754299 0.484773 0.115862 
0.799118 1.41234 1.98287 1.08814 0.953806 0.827124 1.37779 -0.00138136 0.535636 0.88904 -0.00906815 0.0531314 
0.799835 1.21358 1.91793 1.18381 1.05702 1.03064 0.923919 0.152572 1.54305 0.593518 0.22755 0.0879808 
0.854329 1.07667 1.67431 0.94122 1.21942 0.650167 1.23181 0.85125 0.932501 0.81205 0.920478 0.0245586 
