0.581862 0.821908 1.01725 0.9952 0.996941 0.756148 1.80977 0.699949 0.315075 0.351713 -0.119008 0.172783 
0.594366 0.876854 1.27728 0.57175 0.248251 1.74826 0.967779 0.646176 1.04158 -0.125017 0.0856053 0.158084 
0.619547 1.03078 1.47106 0.618918 0.509852 1.05678 0.903657 1.13889 1.56605 0.00699247 0.645814 0.0054823 
0.44844 1.12107 1.36728 0.662974 0.781216 1.29717 1.33356 1.40296 1.06567 0.215432 0.674618 -0.0917383 
0.433879 0.9788 1.16428 0.654721 0.76892 1.10413 0.438302 1.16739 0.71161 1.01745 0.605628 -0.173037 
0.500861 1.16648 1.13454 1.27828 1.50641 0.948675 1.15387 0.264022 0.636534 1.35791 0.139893 0.0145085 
0.567883 1.27428 1.41167 0.968195 1.08686 0.606644 0.946758 0.994261 0.730559 0.716782 -0.328197 0.144511 
0.599957 0.851274 1.09791 0.348195 1.27588 0.946836 -0.331074 0.599292 0.532265 0.198001 0.0345446 0.0289432 
0.586745 1.21242 1.33272 0.307437 0.690498 0.933325 -0.0280134 0.253488 0.665218 -0.455175 -0.0961262 0.197903 
0.508547 1.01328 1.29756 0.86144 0.495949 0.263277 1.32966 0.66659 0.529351 -0.726647 0.0431395 -0.00669188 
0.466656 0.947459 1.05264 1.50149 1.28307 0.151809 1.53152 0.426241 0.549521 -0.349864 0.281432 0.112893 
0.519424 0.99344 0.997906 1.25719 2.14302 1.08968 1.52921 0.991839 0.896371 0.282296 0.174113 0.170212 
0.592081 1.17194 1.69605 1.43579 1.59363 1.09994 2.39858 0.739319 1.89786 0.743076 0.523266 0.109587 
0.639437 1.28932 1.54517 1.73334 1.38174 1.81112 2.2471 -0.0178777 1.32994 1.10936 0.570288 0.0276399 
0.799239 1.51167 2.58816 1.5309 1.20177 2.78259 1.36162 0.995597 1.03344 1.15035 0.396248 0.250905 
1.07297 2.27626 2.88231 2.1206 2.49515 2.39484 1.53968 1.3849 1.22169 0.729652 0.093288 0.270534 
1.47663 2.6898 2.97887 3.13707 2.61998 2.44338 1.59918 0.85601 0.564604 0.364756 0.281234 0.0584908 
1.69604 3.06077 3.03928 2.39127 3.61364 2.8393 1.98271 0.934427 -0.0408208 -0.552629 0.471787 -0.0326072 
1.61384 3.08045 3.02232 2.00674 3.61781 1.76964 1.8649 0.746558 0.595622 0.158013 0.163819 0.0373068 
1.71327 3.00975 3.32322 2.30816 3.27564 1.74551 2.21527 1.035 0.129268 0.0500558 0.188013 0.00768097 
1.74708 2.73163 2.73847 2.19841 2.98098 2.07808 2.10041 0.88422 0.535955 0.295509 0.219131 0.105214 
2.1782 2.7297 2.38961 0.995033 3.30249 2.5334 1.85727 0.00408419 0.0677693 -0.0930935 0.0343564 0.115089 
1.95478 2.26331 2.37746 1.96722 3.09112 2.56752 1.92274 0.580717 -0.255183 -0.0533983 0.0962192 0.042579 
2.1129 1.96537 2.40719 1.81938 3.68603 2.28393 2.08532 1.1201 -0.168949 -0.51002 0.0467004 0.132326 
1.85608 2.3613 2.26017 1.76256 2.62594 2.19086 1.831 0.821678 -0.295317 -0.250476 -0.0198318 -0.0305464 
2.1421 2.53217 1.92621 1.00169 3.35119 2.12465 2.05015 0.400631 -0.438721 0.0198614 -0.0754601 0.0655757 
2.08714 2.41867 1.66234 1.31759 3.04005 2.32581 2.26487 0.948476 0.00474134 0.321504 -0.00138376 0.0678918 
2.25815 2.5025 1.76965 1.10724 2.81754 2.98036 2.75864 0.525839 0.356498 0.0405447 0.0491959 0.147954 
2.29579 2.22785 1.56977 0.887566 2.74202 3.18624 2.4351 0.403112 0.11892 0.160809 0.182299 0.207924 
2.35357 1.86283 1.36572 0.349019 2.75263 2.99079 2.01234 0.181663 -0.216308 0.19991 0.227485 0.190187 
2.27694 1.80426 0.692757 0.147493 2.38203 2.79904 1.40961 0.274613 -0.214527 0.0235115 0.273241 0.177115 
2.04022 1.46346 -0.365572 0.726779 1.53945 1.62402 1.21869 -1.26372 0.482648 -0.362408 0.623049 0.149907 
2.32524 1.11252 -1.34473 0.354265 1.418 0.887126 0.912922 -1.4263 0.593763 0.173999 0.778 0.0801216 
2.71559 0.722234 -1.62745 0.174404 1.9202 -0.486736 1.21455 -1.45307 0.435343 0.408873 0.616741 0.191904 
2.66948 1.40956 -1.33479 -0.23693 2.26935 -0.507481 0.535929 -1.91211 0.724678 0.4557 0.296323 -0.0148056 
2.61024 1.79678 -0.945247 -0.359964 2.00146 -0.709832 0.232893 -1.74496 1.37151 0.743368 0.410509 -0.0680952 
2.68109 1.48468 -1.26838 -0.0968299 1.92485 -0.407424 0.0432073 -1.66427 1.07851 0.603368 0.445381 0.0032889 
2.71518 1.34431 -1.38733 -0.184096 1.84858 -0.451222 -0.00775322 -1.61411 0.993467 0.578525 0.414573 0.0216261 
2.80804 1.18436 -1.28954 0.30732 1.68631 -0.986625 -0.142532 -2.15629 0.96452 0.554579 0.385894 -0.076716 
2.78229 1.14134 -1.43921 0.052753 1.64776 -0.0512816 -0.61169 -2.06916 0.397707 0.218949 0.202737 -0.117996 
2.75884 1.45936 -1.41161 0.238807 1.71425 -0.670402 -0.463103 -1.79145 1.11556 0.495181 0.308428 -0.141384 
2.84793 1.58268 -1.53056 0.153569 2.45844 -1.00751 -0.320063 -2.10328 0.749964 0.391115 0.0703151 -0.149931 
2.85207 1.37285 -1.65175 -0.0308664 2.35612 -0.783404 -0.665585 -1.78532 0.716288 0.63836 0.177024 -0.0984758 
2.71488 1.36577 -0.890454 -0.0217425 1.61193 -0.553559 -0.722426 -2.28142 0.900314 0.451147 0.157608 -0.191533 
2.84135 1.42275 -1.31828 -0.222916 1.97919 -0.411475 -0.724797 -1.82947 0.54421 0.46852 0.103251 -0.192612 
2.82033 1.24861 -1.22648 0.0796487 1.39857 -0.645474 -0.280284 -2.12881 1.22499 0.59193 0.242579 -0.225899 
2.83262 1.41919 -0.863994 0.0587259 1.17821 -0.563263 -0.257657 -2.16162 1.20274 0.413115 -0.0341096 -0.412991 
2.81949 1.4376 -0.996488 -0.63362 1.45154 -0.400853 0.166163 -1.82485 1.15992 0.50715 0.0713298 -0.210617 
2.83064 1.58945 -1.66013 -0.144169 1.93008 -0.439224 -0.512377 -1.48235 0.99088 0.672855 0.18543 -0.272608 
2.79471 1.40445 -1.69371 -0.254723 1.69798 -0.32686 -0.786422 -0.942778 1.05083 0.845577 0.0711742 -0.389826 
2.95174 1.3016 -1.64581 -0.422645 2.15663 -0.410177 0.0346374 -0.774994 1.34113 1.07171 0.146547 -0.265752 
2.87992 1.67794 -0.851507 -0.0265145 2.09711 -0.907934 -0.150783 -0.882268 1.36828 0.979269 -0.12909 -0.463388 
2.82733 1.3955 -0.986832 0.230441 1.87538 -0.454385 -0.0230325 -0.190735 1.77512 1.08047 -0.130546 -0.551124 
2.84741 0.941059 -1.53663 0.161934 1.83591 -0.0459637 0.0997546 0.127773 1.53459 0.870859 -0.232613 -0.582443 
2.87612 0.259907 -2.21406 0.0939176 1.73407 -0.112758 0.975448 -0.4468 1.37787 0.390881 -0.35108 -0.597926 
3.0974 0.339163 -2.26021 0.115448 2.78982 -0.230338 0.693535 -0.084965 1.22613 0.4019 -0.586236 -0.524873 
2.97459 -0.00621581 -1.0492 0.398978 1.86951 0.265094 0.937109 -0.0424127 0.869248 0.51204 -0.496526 -0.569963 
2.78311 0.16378 -1.06872 0.621418 2.17167 0.927284 1.27026 -0.669091 0.805399 0.506832 -0.283324 -0.418855 
2.8148 0.351716 -1.97572 0.844334 3.38165 0.792511 1.46561 -1.09836 0.617742 0.123716 -0.03906 -0.153093 
2.72371 -0.0129112 -2.08583 0.862677 2.88531 0.870173 1.47232 -1.11076 0.51935 0.0610322 0.0495512 -0.124617 
2.69422 0.562613 -1.36571 0.616813 3.3476 0.711027 1.52495 -0.571004 0.4879 0.0344213 -0.320635 -0.144257 
2.6599 0.680245 -1.14597 0.457983 3.7363 1.36224 1.12326 -0.460513 -0.216319 -0.0111238 -0.162623 0.00370081 
2.55378 0.363536 -1.43686 0.998069 3.61703 1.70075 1.04998 -0.727026 0.0743796 0.173089 0.19447 0.0611165 
2.75091 0.396972 -1.22723 1.21598 3.64668 1.36539 1.11472 -0.883555 -0.109932 0.102797 0.19103 0.0982226 
2.60796 0.696132 -0.981957 1.30259 3.75108 1.64014 0.523524 -1.48427 0.221644 0.290181 0.286572 0.0646997 
2.71576 0.454806 -1.17325 1.14045 4.02417 1.64972 0.0320904 -0.841988 0.279921 0.633766 0.36763 0.11284 
2.64522 0.488149 -0.554391 0.833112 3.68172 2.8408 -0.593775 0.717819 0.282742 0.541085 0.222417 -0.198215 
2.47326 0.610736 -0.895485 1.29953 3.64649 2.18595 0.204894 0.0909125 0.0936236 0.477363 0.265677 0.0434765 
2.57929 0.86484 -0.799541 1.10105 3.48537 1.56716 0.892718 -0.296294 0.466704 0.51727 0.166049 -0.054416 
2.5436 1.13061 -0.853408 1.49719 3.78564 1.399 0.693107 -0.596472 0.689231 0.444681 0.168361 -0.0155783 
2.52525 1.02598 -0.349235 0.798286 3.66176 1.70289 1.01231 0.0740117 0.828066 0.593609 -0.0399175 -0.136336 
2.51546 1.30759 0.0283157 0.324229 3.13203 2.36953 0.393717 0.930463 0.8173 0.544866 -0.0464583 -0.320261 
2.43002 1.25502 -0.282069 0.0717976 3.31543 1.23003 0.044077 0.455709 0.918638 0.773692 0.257613 0.00343499 
2.44327 1.52962 -0.443918 0.153968 2.94258 1.72788 1.2158 -0.295093 1.0263 0.389606 0.473942 0.226046 
2.32183 1.22175 0.10497 0.574773 3.09999 1.5297 0.694863 0.047034 0.418681 0.596705 0.554762 0.27851 
2.301 1.39052 0.165886 1.11523 3.37308 1.58626 -0.218754 -0.0419272 0.836231 0.893435 0.192199 -0.218977 
2.44972 1.33441 -0.0365903 0.930333 3.46297 1.14454 0.747647 0.238332 1.35482 1.04192 0.0810785 -0.189728 
2.4429 1.25922 0.254682 1.08847 3.52949 1.14033 0.466312 0.492206 0.937732 0.684971 -0.2088 -0.296282 
2.08988 1.44494 0.43597 1.62351 3.27948 1.59519 0.336129 0.135667 1.24346 0.22474 -0.038611 -0.138805 
2.3091 1.23737 0.84723 1.06867 3.44694 1.44642 0.194849 0.333698 1.03938 0.399867 -0.0520816 -0.102684 
2.22091 1.56824 0.800719 0.801087 3.90117 1.5285 0.722909 0.621553 -0.0244744 0.356763 0.0864297 0.0119572 
2.24761 1.62583 0.492376 1.01756 3.32819 2.64042 0.704089 -0.143378 0.23215 0.00510488 0.181224 0.00209166 
2.05511 1.54385 0.796324 1.48919 3.13475 2.11547 0.773776 -0.497761 0.862475 0.0754597 -0.152488 -0.22172 
2.10333 1.47588 1.01916 1.51095 2.98338 1.74447 0.880349 -0.309619 0.988962 0.607296 -0.0869545 -0.226246 
2.02565 1.599 0.903461 1.21889 3.03533 2.32923 1.87702 0.249457 0.620922 0.405014 -0.103694 -0.101758 
2.08954 1.56644 1.03461 1.05647 3.14355 2.14835 1.76599 0.100662 1.25239 0.492983 -0.057255 -0.0676386 
1.83971 1.75479 1.0903 1.07254 3.33912 2.41301 1.63302 0.180607 1.19922 0.420392 -0.150401 -0.112651 
1.73185 1.73184 1.94919 0.997108 3.10086 2.29232 0.969426 0.29205 0.500386 0.732657 0.141407 0.0406622 
2.03606 2.18938 1.75718 0.399853 2.95755 2.76668 1.58296 -0.317609 0.698724 0.287489 0.20873 0.180139 
1.86293 1.96215 1.25898 0.425307 2.98618 2.63377 1.24399 0.0890118 1.00048 0.166597 0.491548 0.222703 
2.04662 2.32886 1.30797 0.863261 3.09239 2.62303 1.5191 -0.103383 0.184406 0.0174088 0.368543 0.21029 
1.90624 1.8202 1.32337 1.03121 3.37148 3.50218 1.24898 -0.0315968 1.28875 0.082 0.329909 0.128548 
1.72868 1.41942 1.3034 1.53307 2.95066 1.9951 1.51735 0.480594 1.16355 0.519748 0.604628 0.31769 
1.80142 1.51348 1.78392 1.21276 2.51381 1.99259 1.81323 0.705677 0.790412 0.689317 0.436362 0.268097 
1.85473 1.51403 1.93765 1.57784 3.26788 2.20764 1.33304 0.338056 1.21487 0.768064 0.24018 0.136198 
1.82952 1.67951 2.18351 1.74604 3.03658 2.37234 2.29324 -0.411286 0.802982 0.437551 0.110768 0.173496 
1.81963 1.79598 2.02329 1.74807 2.94188 1.52903 1.96572 0.195787 0.807828 0.324338 -0.195966 -0.0367143 
1.65222 1.6181 2.04191 2.06764 2.75476 1.71849 2.59346 -0.409233 -0.0107667 0.0510188 0.279397 0.138135 
1.53749 1.71854 1.7661 2.20267 2.40705 1.57732 1.27182 0.0383037 1.2764 0.426274 -0.0397812 -0.0348777 
1.3852 1.91594 2.15667 1.23407 2.03851 1.3675 0.883093 0.604465 1.88065 0.0214401 0.159621 0.105478 
1.34521 1.44448 1.95551 0.930168 2.48582 0.992186 1.4449 0.157526 1.02773 0.0921478 -0.00502667 0.0824461 
1.3998 1.67371 2.46597 1.64958 2.71998 1.68041 1.34293 0.477531 0.0923251 -0.262251 0.260766 0.0326821 
1.52776 2.14545 2.89776 1.8099 2.09506 1.94774 1.85343 1.29136 1.37473 -0.672679 0.392692 0.11583 
1.55334 2.03842 2.90897 2.14679 2.11051 1.06794 1.55183 1.31965 0.990844 0.174255 0.0917629 0.0898447 
1.45757 1.87316 2.84333 1.9952 2.44304 0.729902 1.70852 1.37411 0.751324 0.131397 -0.0125141 0.0812191 
1.47773 2.02586 2.5161 2.10005 3.4504 0.78079 1.89283 1.13152 0.704911 0.423169 -0.0244475 0.137688 
1.39531 2.08545 2.24821 1.12408 2.8724 0.935463 1.51214 1.27129 0.0247774 0.522318 -0.0505373 0.0354143 
1.30377 1.82347 2.02028 1.52026 1.69988 1.09493 2.05231 1.05735 0.975214 0.31987 -0.3538 -0.00832968 
1.29643 1.64154 2.30254 1.41748 1.74375 1.1358 1.10479 1.19362 1.98641 0.457306 -0.140125 0.13238 
1.21953 1.68183 2.5031 1.59785 2.12782 0.813535 1.44407 0.864647 1.65714 -0.0250669 0.211734 0.197548 
1.16913 1.58575 1.52056 1.38851 1.93318 0.555979 2.10095 0.660325 1.04961 -0.0797621 0.233267 0.112215 
1.20934 1.68931 1.88888 1.09003 1.80522 1.18914 1.8157 0.990306 1.3164 0.621654 0.341847 0.159928 
1.15656 1.42217 2.4547 0.707214 1.36931 1.34584 1.005 1.48988 1.4883 0.533136 0.589446 0.174493 
1.13477 1.70314 2.67995 1.60372 1.08289 1.24754 1.50357 2.09134 1.38466 0.396846 0.555731 0.237525 
1.21029 1.47494 2.4296 1.33944 1.60026 1.09808 2.20823 1.64913 1.04352 0.700602 0.645474 0.246893 
1.12115 1.38883 2.36931 1.58104 2.17299 0.950852 1.78687 1.67122 1.13436 0.729075 0.649812 0.273899 
1.19138 1.72181 2.61545 2.08571 2.81052 0.627695 0.942199 0.768244 1.3253 1.0676 0.399204 0.287832 
1.27293 1.90193 3.39898 1.98573 2.68164 1.17203 1.62932 1.73297 0.706634 0.880039 0.304885 0.218631 
1.10485 1.88349 3.07102 1.71247 2.14178 1.0789 1.72142 1.60132 1.11126 0.912793 0.376066 0.303186 
1.05603 1.67648 2.51629 1.16718 1.20984 1.03881 1.19837 1.09562 1.57746 1.00797 0.694334 0.291537 
1.09017 1.47829 2.52691 1.07386 1.27627 1.06679 1.31793 1.45935 1.45769 0.67612 0.67872 0.24798 
1.0216 1.47629 2.55124 0.89133 2.52464 0.691395 1.73552 1.38231 1.56141 0.255107 0.31356 0.284649 
1.05357 1.71964 2.36954 1.20096 2.08969 0.689704 1.12362 1.73656 0.797955 0.799588 0.609942 0.182654 
1.14033 1.69282 2.56724 0.517096 1.2093 0.899813 1.40937 1.30538 0.928138 0.886119 0.463117 0.175855 
1.08162 1.61684 2.39753 0.214633 1.91514 0.811904 1.51383 2.21436 1.15405 0.923811 0.515482 0.128877 
1.07763 1.54882 2.1493 0.405167 1.25261 1.1589 1.535 1.47732 1.46355 0.464679 0.932674 0.157301 
1.24724 1.46395 2.22756 1.47753 1.62229 1.13714 1.38564 0.820827 1.63835 0.344845 0.525204 0.262835 
1.09759 1.84547 2.35075 0.436333 1.53585 1.15757 1.21338 1.27336 0.299816 0.967058 0.662835 0.110661 
1.06514 1.55805 1.96345 0.58293 1.29308 0.811403 1.30999 0.911578 0.523199 0.471908 0.562055 0.0536543 
1.04674 1.61002 2.08276 1.0395 1.49722 -0.3813 0.681867 0.778073 1.22997 -0.123977 0.0536823 0.144987 
1.19704 1.55864 2.0698 0.102564 1.31153 0.088788 1.26817 1.71089 0.923847 0.477352 0.432093 0.0942625 
1.09584 1.41361 2.53103 0.280557 1.46244 -0.244634 0.873709 1.48059 0.881638 0.624277 0.741422 0.189758 
1.09795 1.62456 1.99871 1.46538 1.01989 -0.0881388 0.947893 1.88739 0.697737 -0.015805 1.05756 0.169629 
1.05421 1.53995 1.87873 1.51852 1.1138 0.948514 0.693187 1.32807 1.30238 -0.424776 0.588356 0.0903514 
1.12018 1.52449 1.93729 1.99111 1.23145 1.4443 1.21993 0.519743 1.05562 -0.0627382 0.736364 0.141833 
1.08231 1.67381 1.5579 1.27879 0.912546 0.977958 2.33439 0.910719 0.694254 0.708518 0.350961 0.109482 
1.01564 1.50538 1.8783 0.461671 0.727393 0.971568 1.85965 1.12327 -0.219918 0.476323 0.32239 -0.0179942 
1.10773 1.72351 1.48168 0.827732 1.25049 0.888226 1.98642 1.25156 1.15792 0.739826 0.547198 0.123522 
1.01477 1.45409 1.5391 0.951844 1.97703 0.0278286 2.18756 1.22169 0.80656 0.571094 0.696552 0.157756 
1.03626 1.23384 1.9301 0.698105 1.07252 0.411 1.27332 0.376544 0.853337 0.323369 0.697674 0.154286 
1.10845 1.49822 1.77944 0.540299 1.21236 1.19966 1.01357 0.557972 0.918074 0.368268 0.396744 0.162087 
1.06295 1.55063 1.67472 0.887437 0.549655 0.533473 1.0327 0.594374 1.47181 0.823023 0.730399 0.203318 
1.21992 1.11547 2.15525 0.827703 0.235624 1.70343 1.46821 0.2818 1.2902 0.250683 0.277775 0.187248 
1.13371 1.39219 1.89832 1.20356 1.057 1.34028 1.51215 0.902702 0.508685 -0.472845 0.631466 0.0925375 
0.935958 1.54556 2.02061 0.753107 1.46908 0.936461 2.72401 1.12772 0.659595 -0.338598 0.324196 0.0514286 
0.989595 1.63915 1.53473 0.672036 1.34725 0.56136 2.13947 1.08497 0.439199 -0.648625 0.425093 -0.00920407 
1.05895 1.60123 1.69423 0.857806 1.73108 -0.150808 0.886704 1.07698 0.544817 0.546767 -0.00218083 0.068083 
0.980488 1.48861 1.74462 1.52701 1.32325 -0.392903 1.28217 0.267308 1.04883 0.77171 0.624578 0.160458 
1.03322 1.36527 1.62295 1.26366 0.593019 0.291484 0.915987 -0.0609844 0.814918 0.157371 0.682062 0.0788099 
1.06616 1.29758 1.75633 0.478823 0.409359 -0.24438 0.480288 0.328382 0.369566 0.0454927 0.681548 0.0877312 
