0.635747 1.06753 1.54279 0.429034 1.11195 -0.171159 1.23171 0.0925521 0.912966 1.20721 0.462275 0.018913 
0.5262 0.795459 0.997093 -0.0125753 0.629943 -0.567393 0.296324 0.118744 1.05306 0.424605 0.377948 -0.0555296 
0.464866 0.984518 0.917547 0.118618 0.571549 0.0506282 0.908804 -0.154089 0.0793401 0.379247 0.455377 0.0231972 
0.384467 0.922155 1.48898 0.254221 0.72938 0.720053 1.33144 0.545133 0.143428 0.153866 0.24673 0.15809 
0.504305 1.08999 1.42701 -0.170456 1.47157 0.643515 1.10488 0.753063 0.0977686 0.0861363 0.224276 0.144148 
0.510763 0.867025 1.29501 0.456798 1.02537 -0.103398 0.352903 1.14224 0.659173 0.105571 0.121757 0.0791227 
0.461624 1.05867 1.3894 1.02947 0.76335 0.795962 1.40242 0.541188 0.711262 1.151 0.0334981 0.0708879 
0.423782 1.11607 1.36871 0.490965 1.02799 1.21452 1.9118 0.863879 0.363479 1.1407 -0.0922712 0.025847 
0.573267 1.27702 1.40907 0.948209 0.479416 0.648276 0.744498 0.788572 0.718944 0.680583 0.100302 0.135541 
0.67689 0.777314 0.840186 0.673366 0.12361 0.802043 1.19404 0.492434 0.0907925 0.21553 0.117844 0.185729 
0.677953 0.690036 1.65186 1.0311 0.60624 0.785755 2.23798 0.133125 0.466891 0.609226 -0.117425 0.0567094 
0.536736 0.933115 1.22779 1.65125 0.909331 0.261576 1.14471 0.630033 0.951411 0.916316 0.556263 -0.107234 
0.537232 1.03722 1.29276 0.892782 0.784146 0.528051 1.06057 0.551596 0.988769 0.328982 0.872812 -0.0459383 
0.497619 1.2056 1.57965 0.431989 0.585728 0.872422 0.537317 0.790164 0.356991 0.213994 0.143979 0.0931532 
0.430012 1.15977 1.80783 0.166783 0.737905 1.16636 -0.00549739 0.550556 -0.193636 0.346536 0.170807 -0.0290476 
0.495159 1.12748 1.75485 0.92885 1.46745 0.528957 0.267736 0.725983 0.547079 0.448957 0.359731 -0.0356223 
0.476829 1.10695 1.27521 1.62576 1.01768 0.545041 0.294275 0.943466 0.965934 0.633691 -0.140083 0.0637729 
0.437998 1.05011 1.38244 1.44112 1.3066 0.348362 1.07032 1.00374 0.448386 0.486383 0.200439 0.0635192 
0.442854 1.11947 1.57852 1.64858 1.47774 0.296853 1.54391 1.1889 0.0512625 1.17396 0.407279 -0.0284731 
0.565848 0.952689 1.31867 1.26859 0.445976 0.699361 1.19773 1.80802 0.337196 0.962358 0.304433 -0.00571702 
0.635016 0.973358 1.53323 1.31661 0.756757 0.912102 0.452399 1.52593 1.66935 0.585806 0.141256 0.0709215 
0.59374 0.979413 1.81542 1.167 1.29218 1.08726 1.76075 1.17394 1.17465 -0.0423416 0.370849 0.0474357 
0.644278 1.62465 1.89408 1.92293 1.69964 1.70058 2.20947 1.18179 0.634688 0.551833 0.949401 0.0463743 
0.724968 1.85943 2.48202 2.5373 2.33785 2.64873 1.83486 1.20034 1.0006 0.363994 0.573694 0.221891 
1.11435 2.35697 3.02617 2.93126 2.64523 1.78008 1.70146 1.39543 0.664816 0.791023 0.240355 0.187554 
1.50198 2.5154 3.40201 3.00304 2.6189 1.82921 0.933382 0.450763 0.430696 0.0414332 0.360451 0.0359078 
1.72872 2.54428 2.98457 3.0784 3.4506 1.52915 0.923671 -0.0132217 1.59931 -0.688328 0.398897 0.0577922 
1.69141 2.56147 2.61619 2.67418 3.30309 1.12842 1.72804 -0.0551018 0.713881 -0.516168 0.426816 0.100873 
1.76361 2.92435 2.7123 1.94841 2.58269 1.84131 1.38963 0.0942558 -0.570489 -0.993787 0.257805 -0.056804 
1.66282 2.71356 2.58007 2.2848 2.41962 2.09469 1.64331 0.339416 -0.204257 -0.714911 0.40907 -0.0159446 
1.58823 2.66014 2.63608 2.83311 2.6989 2.29393 2.23502 0.35677 0.606555 -0.455225 0.483932 0.00269753 
1.8093 2.45681 3.13635 2.40678 2.5801 2.73641 1.63729 0.605956 0.557325 -0.575211 0.295707 0.0670275 
1.68617 2.72897 3.50711 2.62087 3.44404 2.07244 1.2111 0.125233 0.884994 -0.286587 0.34888 0.0637641 
1.67211 2.72316 3.36582 2.62141 2.61418 2.16142 1.36002 0.289568 0.233009 -0.200785 0.332384 0.0290446 
1.66922 3.01028 3.74122 3.01031 2.55681 2.17818 1.27344 0.124818 0.00362235 -0.310624 0.140557 -0.11009 
1.63664 2.95226 3.58605 3.0703 2.75161 1.8115 1.10196 -0.163362 0.0483542 -0.235466 -0.019192 -0.151071 
1.72846 2.88625 3.19846 2.73944 2.65618 1.49661 0.357726 -0.373349 -0.614352 -0.649604 -0.213756 -0.303467 
1.9512 2.81214 2.94906 2.25598 3.28242 1.71946 0.466237 0.119776 -1.16384 -0.672951 -0.164368 -0.256011 
1.95675 2.70249 2.65652 2.30989 3.04556 1.89344 0.813025 -0.536866 -0.79426 -0.711066 -0.0943857 -0.162186 
2.30799 2.43166 1.85868 2.40224 3.35645 1.59725 0.65211 -0.963268 -0.789784 -0.765605 -0.171106 -0.114352 
2.3915 2.16961 1.14947 1.89318 4.12335 1.53405 -0.348204 -1.1472 -0.772554 -0.819092 -0.249077 -0.17372 
2.44534 1.86574 0.426648 1.41407 4.59551 0.73659 -0.256887 -1.41482 -0.861443 -0.700518 -0.495924 -0.11435 
2.4597 1.69512 0.0578519 1.27612 4.18339 0.318222 0.0981473 -2.10763 -0.595324 -1.046 -0.568758 -0.0425396 
2.58143 1.69487 -0.0517987 0.867986 4.05358 0.159297 -0.445603 -2.25581 -0.961335 -1.08105 -0.705292 -0.0933824 
2.62206 1.82748 -0.309436 0.384995 4.51562 -0.66863 -0.722665 -2.28721 -1.41629 -0.857075 -1.01497 -0.0365184 
2.7331 1.5691 -0.541208 0.757919 3.8228 -0.912896 -0.531968 -2.45823 -1.09903 -1.11594 -0.900552 0.0655217 
2.67194 1.36404 -0.561036 0.774 3.102 -1.29843 -0.292757 -2.34335 -0.855095 -1.25218 -0.773665 0.16015 
2.50213 1.40086 -0.779393 0.864487 2.41137 -1.05823 -1.03082 -2.39167 -0.364767 -1.34311 -0.54999 0.0242527 
2.72114 1.37302 -1.23087 0.7682 2.5724 -1.79807 -0.938789 -2.38855 -0.234189 -1.01523 -0.606609 0.0910682 
2.76779 1.43523 -1.49438 0.497002 2.41359 -1.58696 -1.11212 -2.03132 0.0869579 -0.723681 -0.58288 0.010684 
2.73203 1.59278 -1.68193 0.374695 2.02271 -1.6768 -1.11212 -2.13552 0.391937 -0.762451 -0.446338 -0.00398034 
2.84523 1.33745 -1.62346 0.485576 1.68747 -1.85414 -1.16394 -2.0924 0.540383 -0.634136 -0.411394 -0.0278998 
2.95961 0.966181 -1.64795 0.593459 1.13789 -1.3848 -1.132 -1.7049 0.466528 -0.146796 -0.0634299 -0.00780091 
2.7198 1.15363 -1.29203 0.0354482 1.4768 -1.28452 -0.688252 -1.46623 0.668143 0.0566558 0.0453425 0.11278 
2.65466 1.2257 -1.50177 -0.145389 1.80773 -1.41414 -0.239211 -1.16114 0.887196 0.256023 0.101359 0.159842 
2.70795 1.19845 -1.87748 -0.149595 2.27235 -1.75826 0.0604878 -1.27095 1.11642 0.305463 -0.00369425 0.179554 
2.67391 1.21352 -2.12589 0.0846483 2.37763 -1.37256 -0.319393 -1.13629 0.879674 0.0909126 -0.12736 0.0996721 
2.62689 1.40638 -1.93498 -0.153766 3.00119 -1.26016 -0.0861937 -1.54959 0.441456 0.0595266 -0.311051 0.0968152 
2.65678 1.11252 -1.37148 -0.171476 3.10494 -1.43807 0.540258 -1.45591 0.427176 0.0707032 -0.465341 0.140024 
2.6836 1.43781 -0.940254 0.0288565 2.774 -0.713466 0.268453 -0.936356 0.060871 0.0723052 -0.225306 0.109428 
2.44781 1.88937 -0.379859 0.311478 2.46627 -0.28468 1.07694 -1.16549 0.780504 -0.236329 0.0641609 0.1948 
2.44648 1.60387 -0.0206369 0.253352 2.58988 0.220072 0.320962 -0.587054 0.631543 -0.00692895 0.0607505 0.205857 
2.43371 1.57276 0.0701004 0.0276681 3.31093 0.243984 -0.221757 -0.418913 0.464573 0.34882 -0.00121889 0.071257 
2.53104 1.59882 -0.578986 0.00251157 3.31839 0.344508 -0.565432 -1.03567 0.652136 0.339359 0.215045 0.169074 
2.43394 1.71712 -0.268435 0.127098 3.00767 0.147017 -0.244095 -0.948744 1.0243 0.0137399 0.173737 0.201189 
2.42711 1.96289 -0.109336 -0.17687 2.07679 0.526015 0.498186 -0.987931 0.479293 -0.349606 0.401799 0.412023 
2.3699 1.96277 0.0799481 -0.151288 2.12375 0.524389 0.415168 -0.992676 0.173264 -0.163066 0.507265 0.46469 
2.33065 1.60969 0.518216 0.216814 2.62098 0.845856 0.310243 -0.697535 0.0454361 -0.0845208 0.431962 0.441804 
2.46658 1.5408 0.931867 -0.259156 3.17912 0.699795 0.507648 -0.813738 0.305762 0.250763 0.171861 0.422533 
2.3345 1.93205 0.238433 0.0229529 2.89009 1.30134 0.204991 0.0769429 0.366763 -0.130336 0.212322 0.123508 
2.31473 1.78403 0.31445 0.592939 3.08581 0.914209 0.674328 0.14087 0.597706 0.0697584 0.0489808 0.101993 
2.3017 1.64174 0.702972 0.767005 1.85009 0.907195 0.329375 -0.00503298 0.870187 0.464083 0.32435 0.124502 
2.33978 1.63075 0.399093 0.82582 2.97634 0.526554 0.478784 -0.169128 1.369 0.294712 0.218704 0.215254 
2.22097 1.70674 0.13661 0.585312 3.31447 0.400902 0.370191 -0.0514169 0.924002 0.182964 0.417547 0.402167 
2.05593 1.88568 0.585433 0.559764 2.82762 0.865397 0.824733 0.0765837 0.453059 0.0365336 0.595918 0.441346 
2.09948 1.9977 1.05873 0.186093 2.54678 0.77946 0.574086 0.578162 0.608049 0.348092 0.476266 0.285241 
1.98165 1.7354 1.44065 0.765137 1.64653 1.23738 0.753463 0.713501 1.14303 0.270732 0.400669 0.23586 
1.89261 1.86874 1.74816 1.15223 1.45918 0.560826 1.05934 0.271928 0.910647 0.810393 0.678551 0.373881 
1.91499 2.0987 1.34304 1.17842 1.18176 0.787907 0.743602 0.575533 0.716815 -0.0543025 0.402848 0.233003 
1.8748 2.04068 1.43931 0.991509 2.80128 0.623116 0.234646 0.413431 1.652 -0.253302 0.501411 0.216112 
1.80917 2.01212 1.60895 0.175669 2.62284 0.512413 1.34487 1.08659 0.95647 0.316476 0.455707 0.308518 
1.79486 2.00417 1.79432 0.755429 2.86676 0.95726 0.492278 0.913063 0.932853 0.11336 0.389238 0.14768 
1.88246 1.81175 1.99816 0.867934 1.79265 1.10678 1.0554 0.4913 0.773215 0.419332 0.492999 0.304623 
1.78728 2.09672 1.79984 0.66451 2.01829 0.525783 0.85141 0.87019 0.251984 0.417064 0.727799 0.389499 
1.66512 2.00101 1.8401 0.478228 1.98788 0.108329 0.615308 0.795875 1.0991 1.0001 0.936766 0.460728 
1.62802 2.04419 2.06382 0.702361 1.27218 0.895693 0.36362 0.488805 1.14573 1.46819 0.666099 0.369695 
1.61374 1.77276 1.56189 0.997096 1.22028 0.675871 0.786881 0.362917 1.39139 1.0652 0.982651 0.426856 
1.50091 2.00934 1.52208 0.613163 0.913338 1.12939 1.15216 -0.00370538 1.50244 1.24076 1.18834 0.520971 
1.4885 1.97499 1.92437 1.08265 0.786241 1.01762 0.782673 0.583932 1.86977 0.560173 1.07571 0.427485 
1.50819 1.81133 1.73494 1.00591 1.53096 0.589739 1.15871 1.15219 0.405437 0.40179 1.13893 0.416689 
1.47483 2.01405 1.07657 1.09064 1.48562 0.92048 1.39568 0.36878 0.123989 0.216602 0.774903 0.323531 
1.33537 1.98128 1.91029 0.824843 1.76441 0.791658 0.411599 -0.055637 0.951029 0.539987 0.926758 0.334107 
1.37903 1.91398 1.82254 1.25685 1.63098 0.484403 -0.241191 0.0604569 1.77445 0.992109 0.658158 0.304741 
1.28083 1.88158 1.92428 1.35284 2.35872 -0.0156728 0.513109 0.772154 0.998986 0.370124 0.852586 0.264843 
1.22236 1.52555 2.14224 0.817546 2.2139 1.32456 2.00736 1.01902 0.131185 -0.135003 0.542093 0.16429 
1.20963 1.54076 2.09416 0.7056 1.82674 1.84943 1.95661 0.0632226 -0.330285 -0.373684 0.549348 0.135013 
1.18077 1.68953 2.05089 0.58068 1.28974 1.32247 1.98085 -0.0660539 0.251522 -0.225446 0.462612 0.0956531 
1.14757 1.53887 2.01683 0.932681 1.07438 1.04506 1.91957 0.550085 0.215034 0.587896 0.969108 0.148428 
1.29193 1.28555 1.74751 0.444462 2.00541 0.67489 2.22939 1.19751 0.635555 -0.109831 1.10179 0.371854 
1.37579 1.20599 1.95532 0.30618 2.02039 0.655131 1.73931 1.53581 0.423539 0.224777 1.09892 0.360453 
1.3069 1.54785 2.27481 0.00371255 2.2113 -0.156625 1.63097 1.64359 1.31438 0.519958 0.988912 0.391357 
1.15144 1.87294 2.57617 0.774565 1.63552 0.403823 1.39976 1.57013 0.579075 1.06068 0.917324 0.240524 
1.16688 1.47979 2.82307 1.3428 1.56528 0.90535 0.618702 1.3051 1.09927 1.20903 0.279106 0.241072 
1.04014 1.33018 2.00099 1.28966 1.57646 0.703862 1.24444 1.0665 1.11294 1.29291 0.687703 0.216383 
1.12424 1.04273 1.98512 0.716019 1.84504 0.880858 1.71038 0.335246 -0.0840462 0.749647 0.855249 0.192239 
1.17602 1.19542 1.75722 0.707767 2.06901 1.56852 1.48458 1.31327 0.495137 0.612972 1.00971 0.218948 
1.33557 1.28297 1.80037 0.921197 1.80944 1.07836 1.3854 1.42162 1.03922 0.587167 1.01392 0.313204 
1.15845 1.41186 1.47274 1.30105 2.15818 0.940973 1.50464 1.89742 0.73713 0.129692 0.713724 0.212313 
1.05951 1.9259 1.72237 1.22944 1.80809 -0.170467 0.670008 1.62288 1.23405 0.401725 0.973111 0.188658 
1.15883 1.88354 1.47774 1.20841 1.71149 -0.661724 1.23233 0.879936 1.65932 0.456737 0.783612 0.255788 
1.09475 1.58564 1.85172 0.994253 2.32593 1.66107 1.62794 0.586849 0.696436 0.192207 0.495887 0.171107 
1.07249 1.76821 1.84302 1.10663 1.27543 0.46611 0.26008 0.344726 0.649711 0.442954 0.90044 0.142045 
1.08695 1.63297 1.82332 0.90643 0.809628 -0.426036 1.45021 0.620824 0.553813 0.0908819 0.574496 0.0883593 
1.13652 1.51035 1.64223 1.34843 1.18492 0.488082 1.6281 0.422702 0.786519 0.760076 0.865363 0.184993 
1.04096 1.40836 1.5652 1.15868 1.53436 0.288282 1.15577 1.46951 0.98003 1.12953 0.891068 0.177871 
1.05599 1.25193 2.20795 0.981904 1.63998 0.179818 1.15962 1.64148 1.41475 1.03706 0.874346 0.238059 
1.14318 1.51335 1.3111 1.04121 1.72049 1.09704 1.71831 1.45667 1.38313 0.335469 1.14806 0.21247 
1.02625 1.19778 1.40297 1.05286 1.49642 1.34656 2.06652 1.09958 0.782339 1.00731 0.490781 0.149031 
0.946959 1.46576 1.91883 0.710525 0.832288 0.224503 1.15814 1.11324 1.13139 1.12901 0.626304 0.159868 
0.892883 1.43629 1.82648 0.602696 1.07943 -0.591495 0.321146 0.818769 1.31346 0.62966 0.432503 0.179319 
1.00118 1.03425 1.77705 1.11841 1.8737 1.22362 2.38536 0.983005 1.35225 0.472116 0.537029 0.218381 
0.981655 1.31398 1.60691 0.981284 1.78318 0.302594 1.58294 1.58182 1.04415 1.00958 0.7866 0.170902 
0.999851 1.48723 1.73547 1.31796 1.21385 -0.333364 1.07615 1.55819 0.293337 1.25805 1.00268 0.204693 
0.995809 1.62922 1.6245 0.19139 1.25921 0.323452 2.24982 0.926827 -0.0230649 0.765959 0.773036 0.0265876 
0.997215 1.54155 1.9158 0.719747 1.50929 0.76717 0.903249 0.897864 0.714983 0.985108 0.751371 0.11448 
1.14811 1.35299 2.13149 0.573319 0.684961 0.303673 0.612878 0.737246 0.888841 0.443231 0.668655 0.193403 
0.997355 1.25033 1.27456 1.01117 1.42272 1.04343 1.57067 1.18793 0.805801 0.34 -0.285139 0.0832428 
0.949888 1.12745 1.62948 1.46667 1.77047 0.302475 1.68474 1.25249 1.52252 0.623527 0.099434 0.167346 
0.934102 1.44272 2.01143 1.19822 0.509841 0.158803 1.1222 0.446327 1.87029 0.752096 0.535621 0.182531 
0.952373 1.39043 1.74618 0.584722 0.945026 1.84687 0.884867 0.655203 0.79944 0.894849 0.325291 0.100996 
0.844852 0.850296 1.14439 0.146302 0.729386 0.973417 1.5203 1.11523 0.117885 -0.091298 0.0790163 0.0273485 
0.837603 1.09901 1.40728 1.07608 0.330381 0.387169 1.81074 0.765854 0.548262 0.343151 0.0251562 0.0615497 
0.953266 1.32542 1.31002 1.01084 1.0605 0.0569204 0.723576 1.44327 0.928907 0.287264 0.718507 0.0933108 
0.925384 1.53922 1.45887 0.89326 0.817791 0.05076 1.0079 1.56329 0.794423 0.0699347 1.30224 0.001619 
0.845464 1.12304 1.53168 0.703367 0.545378 0.443254 1.58083 1.15057 0.68251 0.0916578 1.12197 -0.0386143 
1.0566 0.962421 0.16647 -0.571292 0.339906 0.83152 0.836946 0.712493 -0.632909 0.720874 0.847174 0.24897 
1.08114 1.27715 0.220887 0.117762 0.798515 0.308954 1.47153 0.888274 -0.187951 0.966967 1.19324 0.256819 
0.841584 0.914927 1.31458 0.747104 0.663079 -0.48368 1.10158 1.30306 1.31021 0.651547 0.670591 0.101003 
0.860016 0.900466 1.541 0.281836 0.281648 0.0387029 0.768043 0.718693 1.05789 0.797933 0.696538 0.0562221 
