0.649266 1.36019 2.19048 0.671014 1.18306 0.547186 2.27493 0.838759 1.42608 0.493002 0.367514 0.173837 
0.751544 1.31311 1.56815 0.767207 0.521759 1.2724 0.684914 0.885409 0.999716 0.251922 0.602221 0.101241 
0.648922 1.65309 1.47719 1.00053 0.917844 0.904445 1.10002 1.84414 1.24721 0.972944 0.49078 0.0677675 
0.65921 1.39274 1.23173 0.68361 0.953608 0.905419 0.421833 0.426242 0.428096 0.537665 0.597384 0.00980772 
0.751288 0.833434 1.06696 0.25558 0.579508 0.541057 0.460048 0.895413 1.05377 0.288753 0.602279 0.023199 
0.549399 0.838866 1.68646 1.13512 0.580828 0.5856 1.99414 0.585202 0.672888 -0.0676566 0.14605 0.157779 
0.619584 0.948168 1.25695 1.31426 1.13393 0.240102 0.925973 0.878926 0.251874 0.394997 0.121295 0.0899261 
0.493351 0.911323 1.40953 0.763231 1.14418 0.0929097 0.974627 0.515841 0.403773 0.753325 -0.16189 0.00693628 
0.662446 0.800431 0.896278 1.471 0.386735 0.456776 1.05764 0.507504 0.592899 0.0419318 0.529601 0.0908913 
0.613066 0.798317 1.18564 1.32339 0.301826 0.480296 0.647291 0.721611 0.770046 0.10287 0.314099 0.188728 
0.543119 1.1001 2.00668 1.29574 1.12784 0.767315 1.26566 0.624805 0.34094 0.367698 0.120728 0.12603 
0.598419 0.716078 1.97706 0.606827 1.40036 0.760695 1.14451 0.983552 0.0247873 0.111921 -0.0392778 0.0739751 
0.550069 1.20099 2.12754 1.25633 0.65517 -0.305727 1.4596 1.34503 1.57827 0.848797 -0.254218 0.295302 
0.759022 1.28719 0.984512 0.335563 1.63585 0.720085 2.45009 1.5137 0.420971 0.747305 0.193812 0.0463362 
0.892299 1.1757 -0.579033 -0.820631 1.05978 1.50994 2.39402 1.43733 -0.151165 0.248477 0.301816 0.105993 
0.814372 0.828841 0.481586 0.197588 1.84506 1.3856 2.30492 1.42141 0.787084 -0.789545 0.224437 0.114991 
0.796161 0.545486 0.943146 0.043269 1.26926 1.02262 2.88253 1.23775 0.764171 -1.24325 0.0507132 0.175886 
0.796685 1.1049 0.389849 -0.0812995 1.59894 1.22225 2.52121 1.4956 0.903431 -0.846928 -0.243886 -0.0280239 
1.20944 -0.309378 -2.39264 0.827948 4.20223 1.22714 0.763298 0.499469 0.259815 -0.417476 -0.0916058 -0.0318499 
1.42196 -0.129382 -2.43648 1.0553 3.95926 1.1659 0.866373 0.350374 0.226338 -0.701564 -0.278182 -0.121141 
1.20913 0.796903 -1.10695 0.771764 3.17135 1.36461 0.828649 0.470089 0.364238 -0.990971 0.108388 -0.22677 
1.42546 0.954224 -0.959873 0.845552 3.05923 1.1766 1.39482 -0.204668 1.01313 -0.718943 0.030476 -0.160483 
1.88428 1.25438 -1.10724 0.306467 3.86334 0.856607 1.095 0.366072 -0.0767052 0.132116 -0.493266 -0.120134 
1.97062 1.12148 -1.84487 0.710839 4.35309 1.04077 0.966442 -0.609297 -0.0457979 0.054665 -0.381906 -0.108698 
2.16117 0.767108 -2.62109 1.30029 4.42485 1.03528 1.0118 -0.921912 0.127259 -0.199814 -0.400267 -0.14393 
2.29153 0.330184 -2.46269 0.779621 4.63355 1.29735 0.412151 -0.0150458 -0.487432 0.104748 -0.679962 -0.235058 
2.24071 0.242036 -3.12247 0.634348 4.98762 1.73343 0.676008 -0.0365861 -0.302597 0.326221 -0.655103 -0.221198 
2.3226 0.187816 -3.40978 0.669886 5.38206 1.85869 0.902431 -0.0260882 -0.230893 0.362184 -0.710956 -0.166824 
2.19522 0.163789 -3.31147 1.2291 5.18212 1.64 0.637808 -0.458853 0.0920016 0.266826 -0.527049 -0.187661 
2.20326 0.119616 -3.39728 1.02315 5.28513 1.76926 0.941757 -0.276808 0.0537335 0.272937 -0.565485 -0.153726 
2.42878 0.172758 -2.8329 1.24738 5.04248 1.99745 0.144866 -0.556295 -0.114105 0.378656 -0.256968 -0.189006 
2.46329 0.276383 -3.10638 1.66436 5.21471 1.71484 0.601087 -0.852747 0.16163 0.0997681 -0.315484 -0.179517 
2.18533 0.520098 -2.11554 0.155649 3.86893 1.82013 1.23154 0.254118 -0.312121 -0.0846549 -0.703134 -0.391393 
2.15712 0.766187 -2.30075 0.269326 3.91349 1.82291 1.76262 -0.386747 -0.207465 -0.273901 -0.52918 -0.262497 
2.18355 0.977764 -2.52131 1.02887 3.78387 1.47362 2.06957 -0.508231 0.254782 -0.654788 -0.595246 -0.310896 
2.12564 0.546197 -2.56916 0.537779 4.28025 1.38031 1.23402 -0.203573 -0.0555897 -0.15383 -0.679977 -0.243471 
2.19167 0.683135 -1.79869 0.771638 4.63944 1.36621 1.23969 -0.0984148 -0.274131 0.08196 -0.662575 -0.213309 
2.08258 1.08228 -1.96391 1.39038 4.0673 1.87255 1.102 -0.62226 0.0270076 -0.28982 -0.404186 -0.249384 
2.20484 0.937452 -2.52766 1.47661 4.42397 1.99641 1.20547 -0.660581 -0.148762 -0.164595 -0.35796 -0.157593 
2.40917 0.868308 -1.97114 1.59338 4.72951 2.32749 1.11427 -0.214918 -0.714822 0.0501291 -0.273428 -0.0583017 
2.37429 0.667163 -1.52737 1.4039 4.79893 2.21448 0.739472 0.224829 -0.563472 -0.0127791 -0.5326 -0.188712 
2.38921 0.937319 -1.70638 1.16662 4.67886 2.32089 1.61452 0.0140021 -0.801381 -0.0170307 -0.447985 -0.127346 
2.36788 0.868374 -1.86371 1.29261 4.65963 2.1455 1.19446 0.08668 -0.427085 0.0581333 -0.576075 -0.231075 
2.2699 0.991011 -1.41406 0.942152 4.2066 2.57878 1.43667 0.568594 -0.789097 0.125945 -0.594943 -0.287222 
2.36446 0.464252 -1.4021 0.669023 4.83049 2.16025 0.491413 1.4165 -0.83829 0.188176 -0.679878 -0.367377 
2.19377 0.824883 -0.795147 0.934262 5.19905 2.34194 0.296662 0.0934298 -0.722406 0.245387 -0.312368 -0.22843 
2.12162 0.674617 -0.892634 1.03253 5.11685 2.56033 0.366398 -0.634097 -0.311309 0.292865 -0.0668709 -0.189008 
2.19316 0.937243 -0.689448 0.850393 5.16217 2.29158 0.926791 0.0588816 -0.21632 0.202244 -0.464453 -0.253601 
2.34508 0.392468 -1.17856 0.696886 5.25023 2.31296 -0.251202 0.726161 -0.682318 0.571126 -0.138161 -0.288351 
1.98642 0.88848 -0.691922 0.244733 4.82564 2.57741 0.682993 0.0638429 -0.531428 0.379428 -0.16693 -0.249177 
2.26204 0.196423 -1.11018 0.827677 5.36675 1.8559 0.160535 0.495689 -0.2415 0.565235 -0.204129 -0.152863 
2.13623 0.430902 -0.820645 1.1135 5.42968 2.50338 0.186268 -0.0987963 0.262288 0.81932 0.200068 -0.0806434 
2.10994 0.641921 -1.46289 1.48533 4.82786 2.24677 1.09478 -0.146761 0.779081 0.519119 0.0849023 0.00758111 
1.92799 0.718989 -1.247 0.703539 4.53512 2.33158 1.19287 0.245964 1.19551 0.245457 0.0321358 -0.0107232 
2.00383 0.875834 -0.939269 1.3299 4.80219 2.01559 1.20329 -0.301547 1.11191 0.177616 -0.0238769 -0.0032931 
2.14692 0.548336 -0.399944 1.7662 4.96975 2.20126 0.95561 0.344821 0.450219 0.21769 -0.329546 -0.0877064 
2.06458 0.737243 -0.478812 1.99347 4.96564 1.84941 1.40743 0.0177244 0.747817 0.222845 -0.297352 -0.0438114 
2.06963 0.528515 -0.541402 1.19018 4.8348 2.10933 0.951802 1.19236 0.708934 0.437891 -0.457698 -0.167955 
2.13061 0.287243 -0.835534 1.54557 4.51111 1.6369 1.73734 0.782354 1.36716 0.362387 -0.537099 -0.141028 
1.99165 0.37509 -0.540474 1.2095 4.47638 1.90582 2.20694 0.324048 1.55571 0.543866 -0.41109 -0.102462 
1.98106 0.836836 -0.152593 2.01096 4.35083 2.18742 2.18943 0.0884064 2.05587 0.147775 -0.394118 -0.138009 
2.04018 1.12471 -0.0404312 1.79727 3.87281 2.69375 2.60323 0.041628 1.72361 -0.124602 -0.563975 -0.301066 
2.08836 0.838495 0.359003 1.47642 4.88857 2.36725 1.69925 0.470871 0.966687 0.394363 -0.614678 -0.251622 
1.86883 1.01859 0.158132 1.71698 4.50941 2.25145 1.58489 0.127064 1.30315 0.11937 -0.378891 -0.130605 
1.85404 0.755599 0.380928 2.08072 4.57937 2.70501 1.14821 0.392189 0.856225 0.249821 -0.313325 -0.0937979 
1.75691 0.978788 0.751136 1.76011 5.04427 2.95371 0.427938 0.150421 0.965961 0.182591 -0.0642202 -0.124085 
1.71377 1.04503 0.947758 2.15124 4.90445 2.46467 0.967627 0.364017 1.23815 0.231705 -0.350163 -0.130391 
1.69597 1.26334 0.810428 1.48327 4.02782 2.37399 1.5839 -0.1958 1.50173 -0.177777 -0.574257 -0.207765 
1.6134 1.22658 0.956561 1.36429 4.74891 2.23035 0.987087 -0.739043 1.86118 0.07354 -0.0924522 -0.0908571 
1.63371 0.828788 0.0569098 1.66661 4.18644 1.4335 1.87859 -0.599609 1.31026 -0.0957834 -0.113963 0.0353305 
1.58515 0.919306 0.00969561 1.03887 3.23604 1.71882 2.13852 0.1974 1.94792 -0.301691 -0.323381 -0.104008 
1.59683 1.17688 0.087528 0.915569 3.47347 1.40517 2.41403 0.363209 1.36999 0.406591 -0.3822 -0.0559347 
1.56028 0.832995 0.244045 1.17915 4.0007 1.8116 1.9579 0.542693 1.74522 0.632162 -0.229296 -0.0146847 
1.67037 1.20886 0.290883 1.97874 4.11505 1.72718 1.88315 0.223108 1.63465 0.632933 -0.217298 -0.0908896 
1.65147 1.43655 0.789492 2.0424 5.1385 2.06775 1.27005 0.168379 1.77993 -0.0902367 -0.041334 -0.0160248 
1.56148 1.26729 0.776457 2.30111 4.97548 2.79697 1.7978 -0.00661326 1.3497 0.372953 0.162288 0.129111 
1.53403 1.46621 1.49889 1.69704 3.88406 2.67091 2.0999 0.481803 2.01145 0.102415 -0.258724 0.097681 
1.62676 1.80774 1.89642 1.30156 3.94071 2.08992 1.66578 0.756691 1.70383 0.515898 -0.107836 0.0566501 
1.53275 1.73852 1.30401 1.06658 3.89296 2.4281 1.89581 0.680024 1.20214 0.200438 -0.128653 0.0555759 
1.5283 1.76386 0.888799 1.2678 3.58918 1.61301 2.01861 0.544297 1.63534 0.28263 -0.264002 -0.0506933 
1.52164 1.56093 1.38007 1.88103 4.01946 1.7774 2.45343 -0.828494 1.74313 0.215133 -0.0870267 0.106254 
1.43005 1.04554 1.15939 2.17821 4.01174 1.43363 2.36045 -0.722398 1.74461 0.356875 -0.256943 0.0872063 
1.42804 1.02222 0.730327 1.10059 3.2114 0.717693 1.85995 -0.148124 1.84718 0.238825 -0.0163668 0.0673235 
1.37759 0.629523 -0.321606 0.750158 3.50309 1.70924 1.76616 -0.46612 1.33823 0.122756 0.429998 0.0282903 
1.46824 -0.475816 -0.981817 1.13847 3.07513 2.24245 2.02436 -1.0369 1.28668 -0.0411177 0.497914 0.193137 
1.22686 -0.771176 -0.601086 1.44564 3.13366 1.73201 2.00824 -0.0552854 1.50733 -0.0349696 0.306233 0.165701 
0.97079 -0.611027 -0.13152 1.7126 3.80686 1.60216 1.38825 0.773893 2.17978 0.424622 -0.0423813 -0.0885334 
1.19906 -0.508232 0.146258 1.18252 4.06585 1.82698 1.64354 1.0734 2.01965 0.355439 0.143785 0.157684 
1.37037 -0.283325 0.470887 0.851767 3.30279 1.53422 2.55618 1.1894 1.07648 0.51868 0.596481 0.344307 
1.45705 -0.0789007 0.409143 0.609396 2.60069 1.76782 2.94194 0.500892 1.5395 0.682637 0.303413 0.210573 
1.35279 -0.158859 0.256884 0.764272 2.42173 1.07167 2.65886 1.53018 1.82248 0.751546 0.473291 0.0491533 
1.25328 0.012724 0.871125 0.591612 2.23493 1.47727 1.15238 1.9601 2.39732 0.897819 0.542831 -0.061709 
1.15191 0.187767 0.520104 1.11132 2.01111 1.19437 1.3754 1.13015 2.00642 0.532795 0.645534 -0.00396663 
1.13004 0.483429 0.477766 0.965265 1.37949 0.993988 2.15433 1.28266 1.17956 0.522258 0.609528 -0.0559808 
1.24092 0.502514 1.02037 0.805958 2.06098 0.796158 2.00031 0.863017 1.04593 0.759461 0.515419 0.100779 
1.33848 0.232157 0.628314 -0.00626771 2.37896 0.855057 2.283 0.416431 1.21006 0.590615 0.0110694 0.107098 
1.22112 0.502432 -0.0819782 0.183192 1.91644 0.698256 2.11624 0.556975 1.27647 0.911368 0.0509413 -0.0896897 
1.2239 0.246946 0.0373204 -0.146058 1.40164 1.45043 0.818002 0.604143 2.03472 0.233201 -0.135449 -0.264509 
1.30071 0.39369 0.359398 0.0141049 1.19234 1.15959 1.80183 0.0445236 2.27983 0.0926263 0.20911 -0.0294198 
1.28918 0.48996 0.616887 1.43243 2.00756 1.50548 1.68159 0.511575 1.31089 0.598626 0.403019 0.0208981 
1.33384 0.611432 0.887645 0.84146 2.09917 1.22037 1.56609 1.62634 1.12255 1.13812 0.456253 -0.00363067 
1.20811 1.05709 1.38 1.16366 1.86378 0.765849 1.54184 0.930098 1.53816 1.1566 0.135769 0.0609174 
1.16864 0.890512 1.35599 1.01146 2.23378 0.0795225 1.34622 0.702787 1.70223 1.08503 -0.12514 0.0633283 
1.14085 0.775867 1.11378 0.633552 2.72166 0.996325 1.69409 1.05468 1.308 0.554351 0.21317 0.11305 
1.11906 0.929312 0.819069 1.20713 3.13696 0.846342 1.6321 0.450326 1.89507 0.432162 0.0416143 0.108231 
1.05692 0.801323 0.979801 1.35061 2.53899 0.893542 1.90028 0.0565063 1.11842 0.263158 0.08983 0.166549 
0.959121 0.814704 1.10908 1.19268 2.56995 0.693334 1.88603 1.20035 0.348633 0.306847 0.822174 0.183094 
1.08094 0.852152 0.708538 1.15258 2.07696 1.18915 1.44362 1.64627 1.12909 -0.102891 0.99398 0.140617 
1.07069 0.814185 1.12971 1.06538 2.17943 0.10265 0.959731 1.12804 1.06586 0.922442 0.537368 0.0235311 
1.02904 0.811567 1.08145 0.749264 2.42419 0.129427 1.19691 0.528535 1.59042 1.0121 0.0913482 0.0294138 
1.17783 0.702542 1.63544 0.795503 2.46346 -0.217067 0.715264 0.782976 1.77917 1.32395 -0.395637 -0.0252685 
0.895542 1.1214 1.62683 0.569835 2.36191 0.0561642 0.491997 0.676759 2.06272 0.726058 -0.0877038 -0.00413324 
0.957336 1.12079 1.57535 0.327915 2.27937 0.303847 0.869347 0.371684 1.58807 0.854437 0.125099 0.0733906 
1.00423 1.2108 1.66801 0.0984921 1.64143 0.734995 2.04642 0.905547 1.05541 -0.0316899 0.344913 0.127122 
0.962324 1.00723 1.1142 0.84606 1.24308 0.974929 1.72884 0.686266 1.74029 0.519232 0.455674 0.0325473 
0.893094 1.28101 1.72515 0.65444 1.5735 0.744243 1.47757 1.44192 1.9536 0.317022 0.300975 0.130314 
0.819277 1.11609 1.84144 0.966808 1.65714 0.827631 1.22503 1.08471 1.77131 0.852746 0.193213 0.120843 
0.783773 1.12746 1.95895 0.592684 1.12173 0.525919 1.34867 0.223065 1.56897 0.803043 -0.150413 0.136631 
0.824642 1.03572 1.65701 1.11846 1.80895 0.074237 0.474262 0.399361 1.1204 0.833639 0.343669 0.0463599 
0.879315 1.06979 1.71189 1.01106 1.60522 0.189564 0.959145 1.05519 1.52278 0.715562 0.789304 0.0789378 
0.965631 1.26208 1.92271 1.25774 1.53184 0.204401 1.62818 1.11332 1.38977 0.769945 0.615855 0.168901 
0.964704 1.05315 1.89616 0.96687 1.86675 1.3445 1.44268 1.45078 1.10543 -0.153118 0.561546 0.157584 
0.854934 1.05674 1.88576 0.882844 1.26485 1.2284 1.4565 1.62603 0.99045 -0.40431 0.706958 0.0688086 
0.860839 1.14123 1.37329 0.68133 0.987487 0.799835 1.56817 1.48234 0.439657 0.0366278 0.473414 -0.00916075 
