0.660649 1.30511 1.23188 1.15885 0.843455 0.66325 0.518513 0.79181 0.717849 0.46788 0.412886 -0.0030921 
0.651529 1.21934 0.801007 1.01186 1.28009 -0.105616 0.529562 0.763068 1.14894 0.252326 0.309804 0.0696233 
0.673249 1.37293 1.30093 0.722646 0.700018 0.559481 0.575153 0.21176 0.484317 0.228978 0.226226 0.0488961 
0.526852 0.991531 1.32556 0.366384 -0.105586 0.813121 1.60947 -0.156046 0.0368767 0.207824 0.218212 -0.0182699 
0.44774 0.949983 1.35139 1.05216 0.273192 1.11278 1.00987 0.831602 -0.464915 0.298776 0.532793 -0.140401 
0.480316 1.2915 1.68399 1.48758 1.02518 0.164212 1.04643 1.05009 0.786386 0.370796 0.628167 0.0315515 
0.464661 1.24742 1.87101 1.28176 0.84682 0.400474 1.60168 0.563953 0.529962 0.18005 0.360835 0.0675244 
0.469521 1.25347 1.45614 1.451 0.236604 0.337902 1.30453 0.722851 0.365015 -0.412162 0.482757 0.10555 
0.567322 1.50573 1.06493 0.871174 0.490941 0.0619218 0.46567 1.87041 1.26612 -0.39526 0.543844 0.0621455 
0.572569 1.41764 1.23549 0.508841 1.05369 0.0935916 0.233162 1.4731 1.41859 -0.154473 0.14341 0.131505 
0.618832 1.28042 1.5902 0.874695 1.04848 1.00341 0.530031 0.54541 0.449301 0.285721 0.139061 0.104357 
0.60349 1.38501 1.393 1.04419 0.69456 0.571139 1.43444 -0.277993 0.48846 0.881424 0.744067 -0.0667509 
0.662136 1.08798 1.6488 1.27575 0.842933 0.835832 1.4302 0.62308 -0.151746 1.20729 0.520445 -0.0443281 
0.611987 1.06691 1.76536 1.20238 0.395854 1.0069 2.08961 0.125773 0.663542 0.572272 0.192871 0.0337511 
0.659636 1.27844 1.14157 1.20685 1.0847 0.917738 1.50213 1.46584 0.876308 0.0683329 -0.313643 0.155712 
0.748345 1.29252 1.56554 1.94078 0.632883 0.794407 0.989727 0.65107 0.598942 -0.0308352 -0.556295 0.161304 
1.00857 1.63112 1.40925 1.18745 -0.0461822 -0.454969 1.72051 0.195926 1.07346 0.209965 0.325766 0.0572289 
1.51142 0.38311 -1.43514 1.2098 2.5172 1.00084 1.20622 0.630474 1.55993 -0.496906 -0.439145 -0.366609 
1.62783 0.682852 -1.5243 1.02884 3.25907 0.986369 1.25057 0.864597 1.54904 -0.614087 -0.736517 -0.383056 
1.75607 0.970507 -0.717144 0.549603 3.05717 1.29724 1.32183 0.779967 1.45508 -0.371634 -0.694121 -0.416589 
2.12484 0.808888 -1.98556 -0.283673 3.99072 1.29891 1.83872 0.601663 0.679002 0.267359 -0.690423 -0.351549 
2.29075 0.587305 -2.80061 -0.0308057 4.30819 1.29575 1.19153 0.933404 0.13013 0.423479 -0.924048 -0.323679 
2.2639 0.417252 -2.69497 -0.366265 4.40165 1.27281 0.905122 1.17262 0.015655 0.437211 -0.938575 -0.364677 
2.31798 0.668423 -1.94077 0.123747 4.06317 0.378794 0.796382 1.17687 0.408002 0.121411 -1.15499 -0.350668 
2.31441 0.854192 -1.71647 0.583907 3.67451 0.468932 0.726543 0.935267 0.383624 0.0702727 -1.01812 -0.395056 
2.39829 0.919059 -2.09078 0.168425 3.99821 0.648945 1.27735 0.752755 0.350854 0.154624 -1.15851 -0.471744 
2.2264 0.61983 -2.51773 -0.169581 4.28195 1.48139 1.0505 0.3236 0.113265 0.32485 -0.71731 -0.38479 
2.13521 0.752369 -2.19057 -0.848089 4.02516 1.41421 1.14963 0.621896 0.215091 0.265641 -0.69406 -0.432959 
2.19144 0.63627 -2.52515 -0.466831 3.92392 1.91178 1.10241 0.994331 -0.124946 0.296318 -0.817417 -0.489024 
2.26115 0.81808 -2.15171 -0.00533803 3.71359 1.59423 0.775966 1.34325 0.120727 0.262211 -1.01835 -0.531772 
2.29426 0.375989 -2.5295 0.082375 3.80098 2.23903 0.23824 1.43372 -0.0112577 0.353715 -0.820601 -0.519375 
2.45019 0.780444 -1.92763 0.704272 4.1824 2.08876 0.0273114 1.31229 -0.341233 0.467972 -0.743027 -0.38799 
2.43444 0.91753 -2.51157 0.3085 4.4325 1.72134 1.22356 0.225774 0.106004 0.432611 -0.586969 -0.279044 
2.35745 0.635765 -1.57309 0.327289 4.26728 1.4856 1.06481 1.3828 0.367438 0.282694 -0.829782 -0.358489 
2.34497 0.422898 -1.99403 0.0465903 4.5861 1.99556 0.650035 1.29681 0.125296 0.624765 -0.506768 -0.326075 
2.24494 0.604575 -1.18452 0.571453 4.62571 1.87251 0.443974 1.19679 0.153407 0.605408 -0.353544 -0.229267 
2.3811 0.762008 -1.94772 0.709983 4.88232 1.97 0.847284 0.623903 0.277121 0.800793 -0.391196 -0.212062 
2.28445 1.18883 -1.22461 0.0573254 4.74166 1.76775 1.71986 0.274761 0.516626 0.566639 -0.467845 -0.222706 
2.38339 1.13015 -1.79054 0.971524 5.04941 1.81314 2.08968 0.0301793 0.49119 0.548307 -0.453545 -0.16966 
2.25298 1.29237 -0.592997 -0.152024 4.87024 2.76238 1.28171 0.85399 0.113872 0.495069 -0.353797 -0.379121 
2.36704 0.690414 -1.39279 0.886987 5.35224 1.95481 1.44868 0.441672 -0.0374182 0.760533 -0.337109 -0.12565 
2.3838 0.647563 -0.668236 0.562017 4.78462 2.5167 0.880312 1.61731 -0.0106736 0.537572 -0.38811 -0.381544 
2.46292 0.489057 -0.979642 0.406928 4.30959 3.1624 0.0635957 2.09612 -0.120797 0.485223 -0.162432 -0.426658 
2.3074 0.555039 -0.8417 0.771495 4.08061 2.21962 0.576735 1.97446 0.418294 0.467516 -0.458484 -0.345282 
2.26419 0.591904 -0.606728 0.846274 4.57026 2.6579 0.552898 1.02451 0.00269916 0.830557 0.136035 -0.172631 
2.10753 0.600702 -0.825774 1.58924 4.92121 2.39752 0.599538 0.450817 0.311422 0.872234 0.134762 -0.0220323 
2.22308 0.731238 -1.17243 0.962067 4.53604 2.65119 2.10002 0.825654 0.450659 0.666275 -0.225221 -0.149153 
2.3377 0.841118 -1.28134 0.604363 4.02735 3.00886 2.4031 0.493515 0.338394 0.531971 -0.146721 -0.238285 
2.40646 0.400215 -0.722475 0.540903 4.41056 3.05987 1.34777 1.74008 0.37258 0.662305 -0.179144 -0.365912 
2.47274 -0.032964 -1.8165 0.323659 5.13553 2.7871 1.03206 1.27545 0.162075 0.826521 -0.0645607 -0.253314 
2.30107 -0.143394 -2.24719 0.30812 5.49448 2.67578 1.4867 1.06165 0.456584 1.15997 0.067361 -0.104792 
2.23917 -0.200697 -1.78028 0.380406 5.04588 2.83853 1.22688 0.454246 0.699638 1.0976 0.288698 -0.104476 
2.16947 -0.237491 -1.99845 0.599429 4.83639 3.0431 1.40549 0.923491 0.763728 1.04139 0.272728 -0.0912704 
2.25031 0.377268 -1.26156 0.456605 4.61163 2.87369 1.81938 0.38682 0.434596 0.938334 0.241273 -0.0392132 
2.29568 0.330557 -1.29 0.431485 4.84771 2.92659 2.19871 0.475769 0.0237885 0.85436 0.146825 -0.0283665 
2.17698 0.0289826 -1.15591 1.26243 4.36144 2.05228 2.07 1.92165 0.544555 0.660775 -0.349161 -0.198252 
2.02205 0.425694 -0.473183 1.90816 3.43898 2.14932 2.51089 1.36107 1.07775 0.530787 -0.464215 -0.264575 
1.90782 0.811935 -0.485923 0.75561 3.62456 3.30588 2.0647 0.977644 1.66251 0.520217 -0.297827 -0.237455 
1.90775 0.690934 -0.267551 1.06547 3.88013 2.64174 1.77721 1.57756 1.48015 0.454122 -0.456936 -0.182309 
1.77313 0.411561 -0.485089 1.16418 3.75239 2.5123 1.94674 1.77952 1.31283 0.915813 -0.218564 -0.132618 
1.79977 0.567916 -0.110541 1.35436 3.90826 3.11395 2.01819 1.06165 0.961304 0.850085 -0.191358 -0.0915009 
1.70742 0.479809 -0.098517 0.678068 4.13052 3.51228 1.1602 1.4583 1.15419 0.89276 0.0843736 -0.0984272 
1.78875 0.663599 -0.423392 0.358855 4.11681 2.75444 2.05529 1.20684 1.21493 1.14926 0.164867 -0.0399767 
1.6861 0.261852 -0.237594 0.448973 3.46878 3.2691 2.30964 0.851702 1.63012 1.0725 0.174608 -0.0442598 
1.64846 0.679308 0.467325 0.613909 4.0486 3.26732 1.80215 0.654959 1.34318 1.11718 0.0771559 0.0139101 
1.70655 0.829053 0.386283 0.577142 3.65448 3.43175 1.66758 0.578174 1.57369 1.25737 0.121209 -0.0733956 
1.69108 0.65215 0.269406 0.51191 4.0228 3.55764 1.59882 0.610064 1.11257 1.40479 0.344758 -0.0192612 
1.71589 0.831233 0.229298 1.00602 3.91728 3.36113 2.07384 -0.0901626 1.54014 1.30916 0.373066 0.0647344 
1.55217 0.992631 0.501937 1.55053 4.28728 2.98073 1.19434 0.257992 1.34762 1.15145 0.509755 0.108792 
1.59678 0.990928 0.45001 1.1644 3.61285 2.71398 1.71697 1.25267 1.25114 1.17101 0.123404 0.0349279 
1.55115 1.01759 0.610321 0.620467 3.12185 3.04986 1.98808 1.48974 1.81215 0.817578 -0.0926663 0.00271938 
1.53057 1.04586 0.0685831 0.406113 3.70053 3.60881 2.02494 1.30623 1.33805 0.892431 0.0487433 0.0300538 
1.4948 0.900142 0.0557139 0.260202 4.11338 2.88982 2.24234 1.09071 1.14397 1.05295 0.23694 0.131454 
1.56217 0.701575 0.757176 0.233183 3.20484 2.5745 2.59911 1.72715 1.34084 0.781823 -0.0255762 0.115405 
1.8723 0.212497 -0.639825 0.400298 3.25267 3.00186 1.76964 0.808534 1.42553 0.677876 0.719771 0.277206 
1.97406 -0.146917 -1.4114 0.664096 2.30424 2.78392 1.60903 -0.539821 1.8597 0.397922 0.63456 0.266573 
1.68308 -0.382141 -0.788787 1.03242 1.17747 2.65085 3.39768 -0.0746876 2.1952 0.222357 0.607163 0.155667 
1.60323 0.00678101 -0.299269 0.747536 0.818068 2.59129 3.57347 0.560473 1.99287 1.01295 0.798471 -0.0196212 
1.69033 0.686541 -0.235789 -0.177845 2.46907 2.46621 2.65385 1.17208 1.32171 1.22574 0.743611 0.151333 
1.63651 0.6699 0.436136 0.35185 2.42229 2.14856 2.4721 1.11047 1.61162 0.493308 0.388911 0.230647 
1.54204 0.435175 0.314556 0.504536 2.32937 2.88054 1.73396 1.14965 1.9784 0.428917 0.501999 0.185817 
1.51278 0.593235 0.480996 0.108215 2.20016 3.20171 1.27564 1.27965 2.08869 1.07576 0.631276 0.066007 
1.48157 0.760362 1.00106 0.683434 2.44616 1.91361 1.27527 0.548395 1.66629 1.54886 0.844024 0.174027 
1.52298 0.642051 0.619166 0.875524 3.02188 2.12209 2.43752 0.215033 1.49131 0.754507 0.589155 0.327016 
1.62816 0.640356 0.464187 0.734877 2.7339 2.14933 3.35709 -0.1531 1.1789 0.741994 0.47235 0.353608 
1.5788 0.716494 0.346928 0.294148 2.73478 1.95595 2.26884 1.00746 1.075 0.787922 0.779851 0.306291 
1.62566 0.764879 0.746343 -0.00319131 3.27113 2.49121 1.57067 0.737254 1.48237 1.06578 0.501865 0.150776 
1.67653 0.896903 0.72956 0.634452 2.91063 2.39958 2.57829 0.129327 1.23056 1.20459 0.322662 0.183206 
1.58472 1.12224 0.662397 0.679867 2.40073 2.51929 1.51538 0.517958 1.12047 0.862105 0.580653 0.191234 
1.46852 1.35111 0.273026 0.28346 3.12328 2.04942 1.86543 0.697228 1.24702 0.679917 0.865641 0.276906 
1.44355 0.78965 0.32448 1.09185 2.88234 2.09438 2.3005 0.866649 0.763948 1.47306 0.691108 0.202707 
1.26793 1.05761 0.793348 0.847629 2.98992 1.68888 1.70217 0.521529 1.04499 1.36173 0.948922 0.237185 
1.27842 1.09059 0.966626 1.5285 2.93717 1.63619 1.29649 0.438642 1.27064 1.19437 0.796508 0.18416 
1.34947 1.11473 0.891633 1.63683 3.51882 2.20902 1.70243 -0.530723 2.16809 1.03707 0.409955 0.126202 
1.39375 1.08587 0.874066 1.2733 3.1921 1.58729 2.47058 0.21498 1.76429 0.914405 0.192994 0.199892 
1.25817 1.15824 1.14316 1.29753 2.37841 1.91593 2.09181 0.43723 1.49766 1.38416 0.229219 0.150578 
1.2943 1.13719 1.21888 0.593237 3.22742 1.92029 1.43582 0.869425 1.07782 0.990431 0.664433 0.22694 
1.21202 0.856429 1.5323 0.881123 3.09194 1.86434 1.84929 0.0722705 1.54466 0.500893 1.02558 0.413483 
1.18688 1.1837 1.77133 1.41299 2.77627 1.68273 1.53063 -0.40007 1.59424 1.14274 0.77145 0.271686 
1.19937 1.13542 1.72945 1.14006 2.69598 2.06294 1.88048 0.405248 1.31466 1.30494 0.277464 0.236962 
1.23984 1.32398 1.64086 1.80638 2.39452 1.77511 1.7451 0.48318 1.12857 1.19325 0.544996 0.221599 
1.1162 1.4198 1.68252 1.56701 2.15659 1.19966 1.14286 0.377928 1.97365 0.69031 0.940969 0.225777 
1.14259 1.31513 1.57144 0.932974 2.26425 1.16825 1.67569 0.736382 1.25431 1.05733 0.919432 0.237973 
1.2483 1.50274 1.72101 1.39806 2.63843 1.16436 1.77997 0.539556 0.736909 0.80833 0.869946 0.300914 
1.14867 1.44738 2.49324 1.89638 2.55209 0.559521 1.62903 1.17725 1.21915 0.99481 0.380155 0.297037 
1.14599 1.32778 1.95869 0.632842 2.52742 1.02095 1.7437 1.12027 1.54102 0.866092 0.70039 0.284224 
1.16625 1.53744 1.87046 0.787319 2.06124 1.67607 1.29948 0.855737 1.8408 0.70922 0.713065 0.264052 
1.13916 1.49992 1.51557 1.39849 2.2541 1.38539 2.11069 0.834906 1.44666 0.590394 0.635216 0.245546 
1.09497 1.31743 1.5572 1.37887 2.10866 0.561691 1.52006 0.773052 2.01083 1.20725 0.518478 0.203517 
1.13805 1.0468 2.38143 0.371519 1.65061 1.20417 1.40189 1.12275 2.23846 1.16727 0.472781 0.298882 
1.06237 1.17724 2.0097 0.855866 1.67467 1.4066 1.61069 0.887573 1.5944 0.676167 0.66328 0.229127 
1.13486 1.40636 1.67407 0.782019 2.45012 1.07936 1.49461 0.961455 1.31251 0.59127 1.00404 0.24963 
1.14858 1.70403 1.62572 1.02221 2.63252 1.40249 1.18083 0.618178 1.35925 0.801283 0.748657 0.235782 
1.08881 1.42574 1.89206 1.06034 1.97465 0.933565 1.26512 1.12235 0.531209 0.703849 0.764908 0.159754 
1.01262 1.18151 1.73081 1.28388 1.55264 1.05361 1.68557 1.39497 1.06722 0.624789 0.678416 0.160845 
1.0454 1.25734 2.10799 1.00831 2.46421 0.82076 2.06468 1.1013 1.23213 0.465484 0.405851 0.276251 
1.09496 1.26989 2.06689 0.951994 2.10226 0.427152 1.36144 1.64926 1.52985 0.726346 0.279776 0.215375 
0.939149 1.22042 2.19726 1.22246 1.47318 0.420854 0.925632 0.975954 1.6603 0.633425 0.730277 0.206146 
0.93841 1.44638 2.16727 0.975376 1.82517 1.68831 1.55524 0.368142 0.962887 0.08964 0.908315 0.155932 
1.04211 1.53805 1.92726 0.749976 2.10918 0.964161 2.30897 1.02304 0.763273 -0.153744 0.509157 0.174453 
1.03451 1.43013 2.0693 0.677795 1.76657 0.902491 2.24426 1.29597 0.923265 0.607587 0.553233 0.179922 
1.00345 1.2254 2.28166 0.795008 1.37411 0.736755 1.79142 0.849745 1.29039 0.791151 0.818358 0.191768 
0.91475 1.62116 1.9525 0.829225 1.64237 0.892315 1.59865 0.799791 1.11114 0.19062 0.653581 0.119218 
0.94784 1.57736 2.08627 1.15112 2.17591 1.34068 1.89482 0.189953 1.04731 0.449345 0.739044 0.197382 
1.02227 1.2179 1.82445 0.684253 1.75953 0.425907 1.78717 0.801983 0.987335 0.830269 0.662805 0.175965 
0.967282 1.21633 1.61676 0.981376 1.83446 -0.39917 0.71742 1.16906 1.36834 0.377816 0.405763 0.138563 
0.879134 1.14995 2.34743 1.61841 1.84219 1.75641 1.95294 0.437423 1.21341 0.758996 0.410275 0.209851 
0.836981 1.29417 2.25807 1.45485 1.74519 1.60271 1.91524 0.311661 1.06399 0.698959 0.637826 0.153447 
