0.566731 0.903194 1.56464 1.06736 1.57859 0.520528 1.19949 1.5027 0.284893 0.315786 0.034796 -0.0338921 
0.556335 1.16433 1.52692 1.84755 1.66541 1.43966 1.64708 1.11551 1.08527 0.578745 0.236892 0.046354 
0.670876 1.23285 1.66383 1.61392 2.33876 1.37904 1.37829 1.23174 0.475944 0.219312 0.390265 0.0708263 
0.553414 1.01139 1.32106 1.57904 1.98881 0.500335 0.798337 0.872063 0.137747 0.90808 -0.210435 0.0456232 
0.575947 1.5103 1.39018 1.49073 1.34075 0.681089 0.496546 1.49266 0.348025 1.175 0.493306 -0.0325614 
0.637435 1.31486 1.42863 1.5605 1.13173 0.512536 0.897859 1.43708 0.333276 0.37305 0.0978891 0.0227273 
0.510483 1.20664 1.99864 1.45014 1.16061 0.470259 0.752158 0.648841 1.09795 0.609885 0.192266 0.0943087 
0.528423 1.1155 2.16468 0.9329 2.23684 0.69915 1.17569 0.691094 1.36002 1.17117 0.820013 -0.12226 
0.511476 1.2963 1.60775 1.71237 2.13061 0.951 1.03728 1.24495 0.959578 1.65604 0.425736 -0.0522019 
0.512379 1.33417 1.39266 1.97695 2.38906 1.54921 1.21892 0.774541 1.38074 0.89076 -0.0378779 0.192947 
0.65166 1.14638 1.21938 1.8206 2.64223 0.948075 1.53815 0.77387 0.995371 0.467312 0.375246 0.0952265 
0.622599 1.0523 1.52464 1.34967 2.53726 1.01058 1.90434 1.48643 0.628274 0.0731989 0.42446 0.165514 
0.600961 1.34449 1.73351 1.75816 1.97444 1.74581 1.96607 1.54008 0.81706 -0.198621 0.399907 0.164446 
0.79313 1.29101 1.99658 2.09649 2.39975 1.3371 1.47297 1.36833 1.47246 0.0661551 0.881878 0.175237 
0.923319 1.67411 2.05434 2.21761 2.21155 1.38751 1.81447 1.34727 1.18968 0.691475 0.537325 0.248468 
1.39 2.51468 2.58611 2.89614 2.12205 1.70597 1.28664 0.55556 0.82605 -0.00487694 0.619107 0.111924 
1.67375 2.72944 2.589 2.80919 3.47404 1.50528 0.953277 0.306193 -0.362919 -0.660644 0.60094 0.0433333 
1.99005 2.42878 2.0433 1.92976 2.9957 0.916289 2.47781 0.324655 -0.853765 -1.3376 0.233541 0.352828 
2.14548 2.47212 1.22217 1.48163 2.97765 1.84549 1.94362 0.163779 0.0252023 -1.27384 0.115177 0.247686 
2.10547 2.31647 0.790251 0.855239 3.26895 2.41086 2.09976 0.165876 0.252872 -0.907761 0.0408548 0.128419 
1.91303 2.35493 1.53793 1.41702 2.754 1.90279 2.84505 0.272886 -0.0553145 -0.451693 0.096679 0.20182 
1.82004 2.30602 1.80467 1.45834 2.91475 2.16711 2.23523 0.584599 0.200485 -0.512492 0.176401 0.146868 
1.71524 2.26036 2.25129 1.83258 2.57509 2.97582 2.31565 0.4171 0.720755 -0.235929 0.373473 0.219001 
1.70849 2.29717 2.45895 2.6472 3.31393 1.8299 1.54284 1.08169 1.32323 -0.279065 0.462525 0.169479 
1.7255 2.50908 2.26372 2.88928 3.7579 1.42733 1.25999 1.10981 0.910575 -0.481316 0.354749 0.0615333 
1.73326 2.30767 2.47603 2.99747 3.36471 1.21538 0.36286 0.479328 0.511806 -0.419442 0.0333917 -0.101414 
1.82723 2.19777 2.29315 2.82717 3.69026 1.6829 -0.261154 -0.108848 -0.091302 -0.363687 0.0749052 -0.184575 
2.19546 2.06792 1.5786 2.69402 4.67834 1.79676 -0.232682 -0.657156 0.532534 -1.05985 -0.173516 -0.163049 
2.40136 1.81577 1.24003 2.12867 5.3949 1.51721 -0.470426 -0.737591 -0.107524 -0.840418 -0.498127 -0.194727 
2.46656 1.82732 0.303894 2.05676 5.3452 1.03481 -0.624489 -1.61107 -0.333757 -0.857065 -0.711931 -0.296497 
2.41679 1.70911 -0.193148 1.47771 5.31502 0.427166 -1.03238 -1.66324 -1.01176 -0.740989 -0.872998 -0.265574 
2.2411 1.79196 -0.0419563 1.43217 4.56748 0.55738 -1.12071 -2.12906 -0.599947 -1.35027 -0.564457 -0.300372 
2.44931 1.93865 -0.392111 1.44959 4.83758 -0.230016 -0.911496 -2.50652 -1.03141 -1.19568 -0.921248 -0.201297 
2.46938 1.81252 -0.306853 1.34414 4.02064 0.498723 -1.64268 -2.33234 -1.10606 -1.40773 -0.739258 -0.309812 
2.56576 1.89387 -0.681504 0.803189 4.53463 -0.482545 -0.933125 -2.97148 -1.1772 -1.26872 -0.958882 -0.135926 
2.3534 1.73555 -0.644617 0.638069 3.8628 -0.030476 -1.45332 -2.96007 -0.532974 -1.43323 -0.465001 -0.213113 
2.50565 1.78118 -0.941666 0.800432 3.5936 -0.601483 -1.35721 -3.21488 -0.859248 -1.44053 -0.598599 -0.0943954 
2.42866 1.85482 -0.98799 0.523772 3.30747 -0.185456 -1.94115 -3.05995 -1.08847 -1.53144 -0.477313 -0.165391 
2.44516 2.00045 -1.40574 0.564835 3.32666 -0.523705 -1.94908 -2.9497 -1.10737 -1.28481 -0.568902 -0.160853 
2.41558 1.77968 -1.30847 0.632948 3.01223 -0.841607 -1.8986 -2.62205 -0.671714 -1.12111 -0.526741 -0.129554 
2.5118 1.87451 -1.54303 0.170638 3.21422 -1.45578 -1.39691 -2.35345 -0.826413 -0.805794 -0.726276 0.0677468 
2.48009 1.6366 -1.24578 0.189466 2.9776 -1.28775 -1.61759 -2.36829 -0.423176 -0.644181 -0.416555 0.0220956 
2.63024 1.26458 -1.62043 1.29086 2.0294 -1.04802 -1.58875 -2.32892 0.196582 -0.447143 -0.0117159 -0.0736328 
2.47809 0.84287 -1.44306 1.97113 1.01693 -0.950952 -1.28635 -2.21405 0.667955 -0.406967 0.210707 -0.194235 
2.66274 0.828267 -1.58364 0.593498 2.13071 -0.857213 -1.42086 -1.85225 0.557546 -0.0882821 -0.102607 -0.032741 
2.62423 0.558858 -1.51465 0.563131 2.33473 -0.613762 -1.13387 -1.30611 0.550026 -0.188721 -0.323201 -0.0696311 
2.84185 0.547616 -2.127 0.822592 2.47982 -0.75093 -0.510633 -1.40951 0.646158 -0.324407 -0.370898 -0.122876 
2.94753 0.650311 -2.02826 0.0715055 3.49793 -0.808708 -0.251461 -1.24645 0.21774 -0.0428523 -0.625186 -0.0342443 
2.87484 0.638516 -1.54621 -0.0414884 2.95704 0.205459 -1.08716 -0.775589 -0.178847 -0.0940533 -0.414938 -0.14731 
2.66987 1.01988 -0.990311 0.464249 2.41021 0.631885 -0.277025 -1.21952 -0.229211 -0.480042 -0.334836 -0.138677 
2.67598 1.22466 -0.632701 0.376799 2.58501 0.19196 0.680099 -1.52619 -0.0182079 -0.693381 -0.472525 -0.0423801 
2.52424 1.36978 -0.64084 0.1971 2.56308 0.880212 0.123807 -1.30551 -0.0168228 -0.9735 -0.521448 -0.142582 
2.61255 1.40348 -0.442359 0.204827 2.87628 0.886248 0.174839 -0.965092 -0.342998 -0.834437 -0.453333 0.00563119 
2.50603 1.53603 -0.477784 -0.0432977 2.88704 1.21219 -0.278187 -1.20589 -0.513112 -1.00561 -0.365965 -0.0531004 
2.67136 1.21769 -0.102357 -0.192024 3.75372 1.12087 0.38082 -0.756898 -0.801379 -0.603047 -0.606747 -0.0888929 
2.64134 1.45885 -0.350524 -0.221777 2.73227 1.17403 0.314411 -0.545266 -0.537662 -0.571549 -0.398511 -0.127109 
2.60124 1.54659 -0.583894 -0.0142627 2.93713 0.688403 0.022483 -0.201561 -0.37807 -0.656795 -0.673162 -0.205013 
2.49603 1.73167 -0.465435 0.00157229 2.40553 0.137183 0.240592 -0.268691 0.291422 -0.553925 -0.496282 -0.121787 
2.49618 1.91322 -0.228903 -0.290326 2.68735 0.356504 0.372615 -0.477006 0.535916 -0.300567 -0.230735 -0.0339858 
2.4472 1.81298 -0.233684 -0.0648262 2.37456 1.12521 1.03593 -0.156966 0.153489 -0.171703 0.0303375 0.0952874 
2.53482 1.55519 0.111043 -0.158849 2.77898 0.238282 0.781578 -0.238904 0.359224 -0.125252 -0.242202 0.151638 
2.43807 1.5562 0.167655 0.0870389 2.73475 0.916164 0.394663 -0.629999 0.288514 -0.476148 -0.216481 0.063397 
2.51493 1.88862 -0.0966585 -0.026243 2.51522 1.1621 1.02162 -0.70552 0.579323 -0.558582 -0.152794 0.0443574 
2.40332 1.91536 -0.00418226 -0.108602 1.74362 1.10409 1.34649 0.0841592 0.738195 -0.279521 -0.0329696 0.0332638 
2.25856 1.85717 -0.0070234 -0.149961 1.83484 0.687221 1.52174 0.395711 0.973765 -0.0213452 0.158541 0.166362 
2.3908 1.73792 0.0867292 0.133545 1.34679 1.11754 1.38227 0.705744 0.242328 -0.244475 0.0122154 0.160752 
2.39021 1.54826 0.393591 0.249129 2.29587 1.08194 1.2372 0.753592 0.330328 0.109426 -0.0386341 0.0455729 
2.26335 1.56921 0.670076 0.610937 2.33654 1.26379 0.814397 0.406372 0.979756 0.075136 -0.0712095 -0.0445906 
2.34168 1.55877 0.598005 0.87682 2.4165 0.779469 0.760857 0.935771 0.0700256 0.212905 0.0888956 0.10281 
2.30154 1.72405 0.950853 0.468052 2.13792 1.45369 1.12482 0.481125 0.60106 -0.438261 -0.206157 0.00148356 
2.23173 1.5041 1.02287 0.358298 2.83801 1.79889 1.26884 0.737133 0.630342 -0.370697 -0.281848 -0.033934 
2.19238 1.42891 1.25783 0.590303 2.30498 1.29123 1.11329 0.206841 0.74893 0.0984767 -0.347064 -0.179838 
2.12426 1.73418 1.35564 0.108095 2.16233 0.561976 1.14738 -0.171769 0.5306 0.516307 -0.13782 -0.0300781 
2.00003 1.51064 1.03837 0.647222 2.56551 1.71332 1.47927 0.81225 0.866468 0.134629 0.0379284 0.0632335 
2.07229 1.56001 1.09666 0.601034 2.70862 2.03358 1.58614 1.07699 0.962082 -0.162222 -0.101311 0.032309 
1.91457 1.80685 1.73189 1.01425 1.76012 1.87735 1.98295 0.936657 0.616498 0.382434 0.138615 0.102034 
1.93242 1.87841 1.84931 0.947405 1.70786 1.42494 1.18776 0.940993 0.412009 0.277073 0.333716 0.174559 
1.90708 2.00944 1.57484 0.768779 1.64494 1.92589 1.26873 1.00112 0.352617 -0.448997 0.383614 0.261768 
1.8582 1.78214 1.79507 0.761235 2.0389 2.10243 1.51361 0.450082 0.26127 -0.438805 0.391539 0.322698 
1.80998 1.81514 1.72878 1.31126 2.06342 1.80567 1.87511 0.477763 0.288694 -0.444331 0.364339 0.276936 
1.74926 1.75768 1.61634 1.23039 2.60229 1.72771 1.24803 0.333139 0.655224 -0.435857 0.407626 0.249855 
1.79847 1.88246 1.482 0.623022 2.16073 0.674785 1.00299 0.603144 0.754207 -0.0263013 0.488225 0.292513 
1.69206 2.08649 1.81413 1.33198 2.3134 1.30724 1.4298 0.037462 0.750779 -0.26122 0.244246 0.129108 
1.75148 1.77615 1.76412 1.3365 1.40107 0.61377 1.19606 -0.142211 1.06265 -0.501472 0.117198 0.106041 
1.67207 1.88846 1.77107 0.657071 1.41574 0.605268 1.51411 0.335103 0.244259 -0.27946 0.22004 0.141954 
1.6137 1.81397 1.87607 0.770478 1.93909 1.35567 1.57707 0.0143153 -0.285263 0.489839 0.317716 0.204572 
1.49071 1.72468 1.9927 1.18113 2.23048 1.24727 2.22203 0.180364 0.189242 -0.16995 0.654628 0.30112 
1.4127 1.72347 1.77205 1.07759 2.66004 1.04174 1.76753 0.622183 0.920371 0.413734 0.454057 0.248854 
1.42458 1.9453 2.01718 0.907009 2.67424 1.0183 0.86911 0.498089 1.27923 0.60852 0.488492 0.22004 
1.40142 1.9617 1.51261 0.894824 1.38655 0.907274 1.3424 0.148024 1.24273 0.350107 0.977472 0.29231 
1.31399 1.91681 1.57633 0.308569 1.64437 1.33461 1.55927 0.681417 0.840015 1.34218 0.533764 0.285492 
1.35085 1.90473 1.84266 0.515753 2.32649 0.936931 1.08905 1.07726 0.626792 1.14317 0.62391 0.242475 
1.39487 1.79835 2.4958 0.951338 1.20238 0.870877 1.21847 0.674973 1.43755 0.936011 0.690242 0.345423 
1.30836 1.82586 2.31334 1.11946 1.68952 1.4337 1.10245 1.38558 0.961417 0.748613 0.399963 0.192745 
1.34831 1.66643 2.14002 0.696335 1.72413 1.53887 1.1906 1.86144 0.792045 0.876691 0.303549 0.115456 
1.19418 1.48722 2.28041 0.432713 1.24842 1.08074 1.32915 1.30139 0.986908 1.38654 0.647263 0.182819 
1.24936 1.25222 2.48146 0.813524 1.23365 1.16797 1.93322 1.03201 1.06272 1.06958 0.551352 0.217943 
1.36067 1.48141 2.2796 0.902819 2.49819 0.934049 2.14148 1.17536 0.893145 -0.364091 0.68993 0.358428 
1.25291 1.68784 1.70697 1.13542 1.72024 0.595904 2.75793 0.730524 0.243887 0.0242228 0.745502 0.244408 
1.293 1.50473 1.85074 1.05082 1.67422 1.38049 2.15593 0.147541 0.514681 0.681363 0.614335 0.247007 
1.15028 1.57172 2.27336 0.957081 1.86125 0.683949 0.645362 1.66059 0.421419 0.576449 0.496417 0.104515 
1.14506 1.64771 2.21875 0.657828 1.60047 0.544495 1.32351 1.56485 0.304655 0.851729 0.817941 0.158804 
1.16887 1.66699 2.02292 1.27782 1.82493 -0.124134 1.87937 0.449431 0.426853 0.0955304 0.0726752 0.136269 
1.1011 1.73516 1.89973 0.564288 0.830479 -0.299224 1.2958 0.713235 0.38032 -0.161252 0.0718059 -0.045558 
1.30791 1.30917 1.53269 0.364399 0.444186 0.153185 0.495741 0.638669 0.697875 0.0235009 0.165229 0.0329583 
1.075 1.55938 1.40563 0.483962 1.5374 -0.167819 1.31152 1.07053 0.611657 0.743586 0.305929 0.144724 
1.07598 1.82787 2.02071 0.890328 1.82843 -0.515403 1.18243 1.49122 1.00986 0.835812 0.491093 0.23588 
1.10993 1.71766 2.22884 0.694325 1.15723 -0.00805343 1.51252 0.838808 0.837047 1.02678 1.04298 0.257987 
1.09541 1.49277 2.34833 0.842549 0.572361 0.502607 1.12906 1.25726 0.864105 0.983363 1.04391 0.186557 
1.14742 1.64338 2.19715 0.747662 1.68978 0.861101 1.26121 1.22579 0.342239 0.841525 0.661438 0.14873 
1.07716 1.47342 2.53134 1.21371 1.50811 -0.20925 1.53217 1.13234 1.04333 1.20796 0.68215 0.294639 
1.21715 1.73989 2.24429 0.554554 2.12892 0.549815 1.73737 0.685513 0.570141 0.657513 0.871108 0.303071 
1.0232 1.43753 1.55858 1.46885 2.22685 0.0123564 1.90154 1.22479 1.25917 0.601551 0.745694 0.257009 
0.976636 1.55948 1.51681 1.6275 2.2074 0.0510263 1.81642 0.787879 1.08081 0.749393 0.683918 0.202764 
0.902521 2.04524 1.84551 1.44312 2.31298 0.806727 2.14158 1.20026 0.547072 0.704938 0.459025 0.198712 
1.13168 1.61333 1.74471 1.10896 0.950806 0.528294 1.79038 1.41511 1.20218 0.672339 0.603617 0.169367 
1.1969 1.39616 2.08131 0.578616 1.29783 0.687882 1.4334 1.12996 1.15022 1.01136 0.829041 0.240069 
1.06882 1.40087 1.94376 0.351511 2.30198 1.12628 1.48694 0.987152 0.784126 0.585631 0.830649 0.187515 
1 1.25685 2.01945 1.40012 0.790944 0.67156 2.10077 1.16059 0.893977 1.03267 0.567616 0.125165 
0.890786 1.39297 1.76704 1.26546 0.994771 0.462705 1.9538 0.638528 1.21588 0.518947 0.799682 0.129026 
0.813111 1.39908 1.77882 1.25129 1.79836 0.133199 2.54612 1.0107 1.43289 0.435355 0.723929 0.179771 
0.719867 1.39724 1.59916 1.46183 1.65609 0.68605 1.59914 0.502411 1.13502 0.945312 0.716708 0.022052 
0.878483 1.25595 1.40429 1.0884 0.934312 0.271386 1.39758 0.458517 0.951748 0.502702 0.222779 0.0836378 
0.934942 1.07374 1.44113 1.65638 0.552138 -0.042434 2.03985 0.457729 0.337723 0.445666 0.314579 0.0639876 
1.02142 1.46751 1.49724 1.26215 0.823329 0.670363 1.9387 1.33072 0.704764 1.09899 0.215446 0.117393 
0.810582 1.37213 1.66673 1.62989 0.713928 1.57586 2.19726 0.967948 0.98077 0.527047 0.235157 0.123167 
0.651376 1.32722 1.22439 0.944531 0.877763 0.481199 1.32329 0.114493 1.16018 0.279671 -0.205346 0.193445 
0.728506 1.39549 1.61126 1.24627 1.37164 0.870166 0.864003 0.708581 0.392231 0.232801 0.103943 0.0953832 
