0.494062 0.613655 0.0455291 -0.304741 1.48971 -0.417973 0.833735 -0.0400701 1.23841 0.604069 0.379595 -0.199238 
0.521517 0.858908 -0.00517876 -0.151547 0.66132 0.179559 0.611538 -0.138537 1.82562 0.608563 0.680233 -0.12931 
0.521458 0.816626 0.0960128 0.07918 0.31658 0.705041 0.703201 -0.46402 1.59759 0.741365 0.513369 -0.0570219 
0.529832 0.787587 -0.259435 -0.422617 0.426843 0.287787 1.56725 -0.755571 1.73863 0.546025 0.0708293 -0.030091 
0.519832 0.489355 -0.0756555 0.293768 -0.386022 -0.181187 1.4285 -0.282051 1.41926 -0.210863 0.428409 -0.266044 
0.611414 0.723497 0.22914 -0.813272 0.360715 0.614774 1.89967 0.0250993 1.03044 0.0625803 0.373915 -0.28186 
0.561864 0.717634 -0.650009 -0.354003 0.739911 -0.334015 1.01804 -0.0436417 0.456308 0.191343 0.191343 -0.523701 
0.728469 0.776752 -0.551056 -0.665188 0.17315 -0.301809 0.771543 0.576291 0.37431 0.420964 0.159216 -0.532895 
0.815521 0.772078 -0.0921624 -0.486174 0.350915 0.250799 2.04619 -0.0369462 0.74204 0.508827 0.130468 -0.438648 
0.763916 0.561008 0.50648 -0.85163 0.868679 0.5684 1.83799 -0.49305 1.11771 0.628191 -0.149568 -0.162602 
0.665257 0.389072 0.181725 -0.613259 1.11727 0.657282 1.64168 -0.21483 1.18293 0.771636 -0.517881 -0.159177 
0.674524 0.365679 0.835556 0.116061 1.32139 0.481938 1.21466 -0.422539 1.43014 0.700799 0.179714 -0.119078 
0.789271 0.60488 0.79281 -0.213859 0.806741 0.0852856 0.841952 0.137277 1.38698 0.510654 0.306387 -0.114252 
0.945903 0.593935 1.16164 -0.327537 0.370356 0.30993 0.61879 -0.398539 1.46266 0.793335 -0.287949 -0.132667 
1.06947 1.31371 1.12447 -0.155865 -0.21379 0.195478 1.63598 0.0659317 1.43175 0.048597 -0.291154 -0.081722 
1.11279 1.19233 1.20708 0.73212 0.215082 -0.337473 1.3685 0.453555 1.38935 -0.303438 0.236412 0.0351967 
1.3289 1.71709 1.92626 1.78757 1.68018 0.826153 0.948424 0.493635 0.549339 -0.174344 -0.252988 -0.119518 
1.62917 2.19872 2.18036 2.38166 2.54808 1.3726 0.787811 -0.163095 0.331785 -0.170845 -0.21048 -0.205645 
1.95092 2.10816 2.48825 2.9244 2.75444 1.29098 0.709145 -0.601534 -0.414933 -0.48709 -0.198966 -0.246362 
1.94555 2.03638 2.03097 3.09872 2.95503 1.13892 0.938278 -1.03998 -0.242392 -0.644918 -0.0797202 -0.219221 
2.01148 2.24509 1.75589 2.53645 3.3738 0.949365 1.86245 -1.13332 0.827975 -1.15355 -0.167065 -0.141911 
1.67466 2.47981 2.46531 2.31416 2.42694 1.04614 1.80791 -0.791346 -0.248 -0.783278 -0.107831 -0.207314 
1.91576 2.04131 1.94943 2.32473 2.87185 1.43533 1.90767 -0.849085 -0.0267555 -0.47934 -0.131906 -0.124179 
1.90207 1.88897 2.03553 3.18413 2.97977 0.907656 1.52721 -0.990221 -0.575961 -0.690736 0.0069756 -0.169662 
1.75531 1.95413 1.49281 2.92356 3.70979 0.189411 1.76067 -1.19323 0.114649 -0.491727 -0.0414228 -0.0755325 
1.79105 2.20689 1.54045 2.54753 4.32269 0.050809 1.1432 -1.33368 -0.16832 -0.973214 -0.140661 -0.0784523 
1.74018 2.15728 1.93746 2.63606 4.32072 0.113004 0.618589 -0.76744 -0.167769 -0.901763 -0.164424 -0.153038 
1.86956 2.15533 2.41802 2.83334 4.23978 0.0803652 0.370819 -0.483891 -0.217781 -0.645086 -0.407528 -0.218306 
2.09719 1.98463 2.03068 3.06466 5.03816 0.622838 -0.0100745 -1.12914 0.131902 -0.687403 -0.462621 -0.298795 
1.7661 2.28017 2.47133 3.096 3.89298 1.06135 0.625095 -0.581458 0.124228 -0.477461 -0.0972166 -0.242423 
1.83136 2.3303 2.5209 2.91879 3.7128 1.16896 1.08697 -0.497617 -0.240372 -0.877856 -0.036719 -0.174284 
1.91595 2.40303 2.71581 2.82775 4.28055 0.604285 1.12054 -0.0758326 -0.681556 -0.8805 -0.247976 -0.14591 
1.74205 2.28287 2.65954 3.27414 4.49408 0.659746 0.484246 -0.207682 -0.03424 -0.558272 -0.181733 -0.263525 
1.79791 2.2422 2.304 2.70422 5.05959 0.603527 0.704444 -0.281438 0.152922 -0.719814 -0.162154 -0.159502 
1.92432 1.9975 2.37309 2.51856 5.20372 0.965399 0.314283 -0.25145 0.141067 -0.504225 -0.17695 -0.160015 
1.84906 1.84475 2.78849 2.78082 4.2263 1.14169 0.0645951 -0.37801 -0.24797 -0.363212 -0.101354 -0.247699 
1.76696 2.19698 2.53923 2.7612 4.37004 1.00284 -0.069375 -0.293307 0.356846 -0.559137 -0.10158 -0.270479 
1.79379 2.11065 2.46088 2.66287 4.60697 1.08197 0.878105 -0.542323 0.849608 -0.409658 -0.0838776 -0.109725 
1.80791 1.95769 2.59814 2.94114 5.07062 1.10676 1.33904 -0.564013 0.882074 -0.368662 -0.0294492 0.0114305 
1.81871 2.00822 2.44769 2.48362 4.3854 1.40718 1.07687 -0.557927 0.664122 -0.509964 0.0251379 -0.0255479 
1.6527 2.23836 2.72772 2.61787 3.81785 1.13258 0.6683 -1.04075 0.790273 -0.275921 -0.0979932 -0.158602 
1.81096 2.37949 2.44489 2.10377 4.12174 1.03853 1.19376 -0.869202 0.653959 -0.633326 -0.0924636 -0.0709745 
2.02961 2.01815 2.01112 2.35484 4.07878 1.04851 1.19963 -1.18289 0.879551 -0.28211 -0.192055 -0.0715191 
1.81942 1.79613 2.15107 2.69914 3.62282 0.964693 2.06004 -0.897602 0.817338 -0.105198 -0.0574654 0.00911568 
1.71344 2.07875 2.63032 2.40302 3.83787 1.05025 1.91562 -1.13701 0.399798 -0.196256 0.0125523 0.054073 
1.68418 2.12645 2.81037 2.30413 4.05993 0.421356 0.875967 -0.729108 0.311021 -0.21252 -0.020352 0.0347521 
1.84184 2.12708 2.79779 1.7685 2.40072 0.768621 0.695901 0.127485 0.239857 -0.25808 -0.119206 -0.0486019 
1.96281 1.99249 2.12922 1.44188 2.87271 0.680856 1.34787 0.299145 1.15664 -0.113308 -0.34768 -0.0728648 
1.65286 1.78504 2.29019 1.54986 2.40715 0.743582 2.0433 0.0783766 1.42369 -0.5125 -0.289444 0.0585524 
1.4885 2.11434 2.49971 1.90028 2.36402 0.600931 2.12061 -0.0651922 1.13491 -0.314003 -0.248325 -0.00697404 
1.66266 2.30981 2.4963 1.72946 1.95064 0.720271 1.6163 0.222698 0.716901 -0.777942 -0.165642 -0.14083 
1.63845 2.23294 2.84049 1.15574 1.95852 1.50978 1.40269 0.373826 0.0577574 -0.482917 -0.229346 -0.175542 
1.45321 1.94808 2.66197 1.64962 2.66837 0.700315 1.33079 1.06026 0.335579 -0.494567 -0.218962 -0.128163 
1.37144 1.66576 3.27825 0.365062 1.07208 -0.101429 1.01044 1.04837 -0.186903 -0.394653 0.225222 -0.170836 
1.47025 1.61518 3.05709 0.0800027 1.08553 -0.1639 1.44347 1.41273 0.399027 -0.385328 0.132635 -0.032708 
1.39694 1.39846 2.90829 -0.0480641 1.3438 0.324141 1.50276 1.71107 0.488848 0.0823784 -0.450716 -0.13776 
1.21978 1.64308 2.92218 -0.323237 1.45026 -0.0685115 2.02561 1.85623 0.0227658 -0.321311 -0.105963 -0.219379 
1.07014 1.07497 2.89572 -0.719241 1.27791 0.459551 1.35293 0.465848 0.464569 0.291482 -0.285074 -0.0985015 
0.926909 1.25794 2.12687 -0.793288 2.34476 -0.826026 0.25346 -0.403665 1.06326 0.724486 0.23948 -0.00321914 
1.03969 1.42823 2.14641 -0.686639 1.90516 -0.65955 0.858583 -0.336933 1.54351 0.553493 0.37438 0.243689 
1.16424 1.79743 2.27136 -1.27521 0.868683 -0.802367 2.90935 0.715053 1.18224 0.775601 0.436677 0.206485 
1.2248 2.02035 2.11345 -1.17683 1.60794 -0.493275 2.35071 0.518879 1.48316 0.792452 0.38241 0.37987 
1.24754 1.77788 1.91878 -0.702146 2.32808 0.151116 1.24006 0.298157 2.12098 0.917887 0.252887 0.34088 
1.36957 1.5012 1.82977 -0.348159 1.52929 -0.0899003 1.24373 0.830477 1.95173 0.564824 -0.14921 0.0683065 
1.35982 1.6123 2.51407 0.00666439 0.977578 -0.165257 2.12074 0.753859 1.42082 0.371839 -0.420586 -0.00181934 
1.33122 1.2741 2.35932 0.398011 2.07681 -0.504055 1.87004 0.448508 1.1996 0.372523 -0.443107 0.1756 
1.24666 1.83083 2.23466 0.338402 1.95162 0.411907 1.43186 1.0811 0.501704 0.755922 0.135852 0.106584 
1.24349 1.65716 2.16265 -0.299535 1.53314 0.657426 1.73533 1.70543 0.698047 1.02774 0.410783 0.0941782 
1.15059 1.64621 2.10276 -0.224597 0.527005 0.958502 3.09803 0.808003 1.94081 0.751783 0.208672 0.137588 
1.14215 1.64573 2.57843 0.282244 0.242797 1.06784 2.9704 1.20084 1.92066 0.763281 0.196638 0.0965288 
1.12488 1.55238 2.38205 0.49356 0.353858 0.443709 2.00882 2.50339 0.854073 0.941097 0.770128 0.00548094 
1.13933 1.36151 1.93496 1.25166 1.01691 0.592015 1.22608 1.5159 0.51912 0.707316 0.830966 0.106824 
1.26935 1.70368 2.31813 0.819869 1.62012 0.282466 1.68486 0.959934 -0.10479 0.367484 0.136103 -0.000129789 
1.25558 1.71253 2.60562 0.827137 1.70027 0.596617 1.06917 1.03997 0.190586 0.190981 0.379066 0.030673 
1.34675 1.60035 1.66146 1.23085 1.66149 0.182246 1.89727 1.27671 1.44552 0.361659 0.173254 0.141804 
1.27428 1.67466 2.0501 0.924756 1.63974 -0.443772 1.32478 2.01961 1.12662 0.550736 0.257977 0.158909 
1.30305 1.39723 1.95922 0.463788 2.10802 0.557331 1.3429 0.669547 1.19726 0.356867 0.249075 0.18232 
1.18029 1.40011 1.79818 0.484207 1.43202 0.65439 1.71745 0.716942 1.64952 0.332525 0.21814 0.123843 
1.18972 1.63678 1.66435 0.437369 1.29539 0.667292 1.19462 1.21351 1.89819 -0.545836 0.187906 -0.0559119 
1.31136 1.2401 1.96911 0.30581 1.18905 0.474363 1.05875 1.6279 0.692927 0.166603 0.408442 0.00457758 
1.23917 1.02554 2.02798 0.987527 0.0348424 0.249764 1.42819 1.80685 0.828203 0.301467 0.684823 0.0574959 
1.17139 1.22371 2.41767 0.515278 0.365132 0.314802 1.81267 1.82567 0.602797 0.415728 0.637966 -0.0457773 
1.1468 1.2303 1.99712 -0.283377 0.992027 0.524934 0.672287 1.92078 1.11254 0.117633 -0.0132728 -0.181512 
1.14358 0.928192 1.54327 0.149905 1.58655 -0.148401 0.664409 1.56653 1.5331 -0.0422248 -0.361987 -0.204824 
1.14212 1.11462 1.34217 0.0284043 1.18776 -0.11562 0.808557 0.94399 1.69337 -0.306348 -0.252321 -0.159298 
0.959712 1.06449 1.24524 0.476125 1.50535 0.471131 1.51155 0.44828 1.42454 -0.250782 -0.116824 0.0441299 
0.994797 0.843205 1.23254 0.391548 1.44218 0.740117 1.09027 0.0859796 0.328119 -0.183624 0.133401 -0.0549792 
1.08688 1.19596 1.57325 0.370317 0.9123 0.683425 1.43217 0.838073 0.767859 -0.0471431 0.281681 0.0333153 
1.05034 1.25548 1.95002 0.669354 0.488329 0.4254 1.74591 0.671239 1.49027 0.271519 0.121329 0.110288 
1.19342 1.08485 1.28137 0.0113234 0.3933 0.129738 1.55527 0.263685 1.05789 0.252944 0.215944 0.0415256 
1.07411 1.05409 1.17822 -0.408174 0.305598 -0.195336 1.42293 0.781902 0.718557 -0.0274671 0.0818068 -0.0256245 
1.08123 0.984959 1.02388 0.623204 0.58968 -0.119329 1.58032 0.811918 0.810622 -0.408382 0.0882527 -0.0315416 
1.00706 0.469434 1.43104 0.374583 0.578585 -1.11606 0.696292 1.15064 0.726423 0.52985 0.467771 0.234472 
1.04127 0.276519 1.72144 0.696129 0.355466 -0.646111 1.64091 0.332862 0.765715 1.03701 0.822537 0.146786 
1.08399 0.538591 1.52738 1.07336 0.943524 0.00914325 1.99636 0.281209 0.414094 1.13587 0.994656 0.0732032 
1.13216 0.729287 2.05904 1.11774 0.656905 0.15891 1.96004 0.5606 0.823892 0.878107 0.848762 0.155688 
1.09666 0.864962 2.07988 1.17088 1.32529 0.0594692 1.65154 1.26772 0.82997 0.765335 0.626337 0.16532 
1.07785 0.766109 2.34233 1.4675 0.837956 0.563581 1.43428 1.52954 0.867653 1.23224 0.408984 0.08807 
1.07696 0.690178 2.04861 1.40104 1.21476 0.130038 1.16546 1.15753 0.829882 1.00887 0.345128 0.107098 
0.968898 0.933469 1.73409 1.36819 0.668751 0.0649816 1.13659 1.63155 1.15587 1.047 0.570755 0.0719812 
1.05662 1.21356 1.56372 0.775789 0.944962 0.765391 0.700254 1.23092 0.912589 0.676592 0.30526 0.0317099 
1.06357 0.872413 1.57458 1.16639 1.57805 -0.19375 1.14037 1.42341 0.994341 0.509334 0.162978 0.114994 
1.06409 1.07718 2.19561 1.07076 1.14992 -0.604146 0.574113 1.03658 1.34922 0.836952 0.777934 0.259075 
0.96716 0.844089 1.28919 1.52228 0.969087 0.40356 1.29231 1.25391 1.51604 0.204682 0.646518 0.0835134 
1.07935 1.07699 0.975102 1.37759 0.443487 0.384597 1.39454 0.992722 1.10792 0.0441362 -0.103947 0.0313798 
0.974056 0.805106 1.08058 0.947279 0.598964 0.362684 1.3772 0.0503894 0.592222 0.553178 -0.00471977 -0.0611529 
0.797634 0.832676 1.21372 1.0407 1.33988 0.495704 0.612764 0.751428 0.40741 0.66227 0.0501591 -0.128512 
0.88642 0.720363 1.20924 0.977039 0.951622 0.696706 1.05085 1.04322 1.32327 0.522819 0.377343 -0.0323628 
0.902036 0.892629 1.42383 1.13591 0.99515 0.725177 1.40991 1.35951 2.17645 0.892968 0.187226 0.0442226 
0.917207 0.846448 0.687591 0.514844 0.86905 0.922789 1.40667 1.53175 0.844436 0.496571 0.408056 -0.0250587 
0.84575 1.00873 1.07127 0.373982 -0.17132 0.596116 0.366102 0.946047 0.465604 -0.0546939 0.629918 -0.125779 
0.873503 0.996516 1.25051 1.04324 0.576439 0.282463 0.59077 1.33707 1.02511 0.267396 0.684675 -0.00297388 
0.974559 0.830083 1.11105 1.10214 0.473772 0.773555 0.592246 1.4594 1.6129 0.0186955 0.162318 0.077007 
1.02211 1.19114 1.30837 0.25266 1.27031 0.648998 0.439321 2.43353 1.28893 0.694517 0.153779 -0.0378528 
0.868791 0.701649 1.60814 0.164859 0.0497252 -0.0958063 0.944744 1.98762 0.712816 0.686074 0.355001 -0.0185859 
0.819567 1.1633 1.53191 0.779073 0.514221 0.710654 0.911412 2.08661 0.599857 0.673511 0.0872835 0.0258527 
0.964504 0.857989 1.18913 1.23159 1.06683 0.251062 1.00973 1.24801 0.969736 0.511077 0.0365542 0.0470122 
0.946314 0.601172 1.30178 1.26669 1.22909 -0.175165 2.57913 1.70282 0.945711 1.11427 0.50837 0.0533178 
0.810575 0.860112 1.82372 1.3181 1.03331 0.622116 1.89303 1.0946 0.709491 0.675602 0.692869 0.0447448 
0.862341 0.691452 1.72792 1.29434 0.631106 1.04308 0.796819 1.02937 0.663206 0.563093 0.606515 -0.0199431 
