0.782805 1.42269 1.45027 1.39437 0.17534 0.552174 -0.269166 -0.106201 -0.414521 -0.196353 -0.248934 0.065201 
0.630939 1.32457 1.41187 1.37484 0.621228 0.0968039 -0.317711 0.0714981 -0.194078 -0.83104 0.0568609 -0.0909042 
0.578377 1.1038 1.17243 1.48046 0.82553 0.320784 -0.393091 0.0070461 -0.0822396 -0.657507 -0.322571 -0.0524672 
0.609022 1.31582 1.34828 1.91612 0.550629 0.657054 -0.0548036 0.20582 0.524353 -0.227985 -0.427007 0.225071 
0.537604 1.73094 2.19253 2.29977 0.781141 0.527399 0.234856 -0.337778 -0.0241995 0.129219 0.124715 -0.0683574 
0.580088 1.64207 1.83639 1.72949 0.736285 0.806965 1.11665 0.896204 -0.151202 -0.0900343 -0.266657 0.134031 
0.580484 1.39619 1.62102 1.38593 1.16901 0.958263 0.640731 0.51215 1.11557 0.610365 -0.177919 0.137543 
0.738102 0.932665 1.65399 0.999655 0.928549 0.522471 0.425737 0.0939633 0.713674 0.436665 0.004522 -0.0127876 
0.789492 1.03593 1.59638 1.57333 1.18049 0.47791 0.788204 0.190386 -0.0075443 -0.138572 0.349711 -0.00985503 
0.649317 1.30285 1.66612 0.769559 0.682035 1.05975 0.427699 -0.177542 -0.247962 -0.0866688 0.42729 -0.22681 
0.641829 1.25597 1.67295 -0.294285 0.285595 1.45354 0.85683 -0.128161 0.166495 0.341555 0.399239 -0.233464 
0.755669 1.2944 1.81872 0.756718 0.868191 1.05868 0.131318 0.0841086 -0.114336 0.51821 0.325639 -0.0260925 
0.599874 1.38931 1.21696 1.62406 1.08913 -0.195162 1.38002 0.381623 0.207297 0.556526 0.418218 0.0707366 
0.564719 1.04451 0.904327 1.06956 0.557739 0.21801 2.18063 0.12166 0.227549 0.528114 -0.108292 0.141999 
0.798149 1.16316 1.57841 1.01551 0.889782 1.22392 1.51495 0.470649 -0.597614 -0.0572731 0.0324414 0.0648378 
0.792215 1.53951 2.48067 1.48302 1.01277 1.13981 1.05902 0.867389 0.134622 0.40683 -0.254464 0.117719 
1.03834 1.8896 2.16817 1.77987 2.21105 1.30616 1.85222 0.94367 0.652828 1.30886 -0.0292522 0.245473 
1.36511 2.8028 2.63415 2.3575 2.67504 2.0979 2.06277 1.16136 0.483867 0.418442 0.271453 0.103157 
1.58492 3.22376 3.13143 2.74889 3.0861 2.5194 1.79893 1.06649 0.113199 0.0604599 0.310105 -0.0212065 
1.65296 2.67508 3.002 2.62041 2.47165 2.29614 1.71045 1.08025 0.696427 0.0637693 0.263966 0.044561 
1.62199 2.45701 2.63944 2.45314 2.34375 2.14727 1.56027 0.826481 0.511149 0.216634 0.207047 0.0604591 
1.73366 2.51964 2.55099 2.09552 2.25129 2.21179 1.54956 0.683518 0.563415 0.43566 0.168074 0.0892641 
2.05448 3.219 2.875 1.37445 2.55753 2.40958 1.55899 0.593802 0.583425 0.230792 0.147783 0.109158 
1.81297 2.87478 2.92022 2.30709 2.37907 1.5476 1.43188 0.849693 0.420454 0.152832 0.170526 0.0418874 
1.85361 2.887 2.72009 1.99524 2.41208 1.47983 1.55867 0.340675 0.206835 -0.0764138 0.128989 0.0410855 
1.83465 2.79118 3.10707 2.4667 2.77574 1.33638 2.33573 0.820941 0.138899 -0.574797 0.29486 0.0412467 
1.79398 3.05507 3.14352 2.05359 1.90669 0.71815 1.16121 0.989942 0.0369559 -0.801567 0.280136 -0.10405 
1.7153 2.586 2.76247 1.74068 2.15341 0.94826 1.25245 0.887845 0.502011 0.188862 0.17364 0.0603704 
1.57224 2.53437 2.7347 2.10179 2.34718 0.98726 1.39335 1.34621 0.910756 0.397887 0.435602 0.202905 
1.67346 2.548 2.97838 2.31736 2.4822 1.31288 1.61836 1.07065 0.733013 0.25544 0.530578 0.229244 
1.92577 2.75815 2.97009 1.71896 2.80844 1.74326 1.45177 0.609261 0.162881 0.147399 0.395946 0.225536 
1.72343 2.74809 2.91165 1.78669 2.61805 1.19673 1.49525 1.28277 0.530321 -0.37838 0.690591 0.194345 
1.5164 2.39685 3.13395 2.79581 2.3681 0.702314 1.42195 0.963056 1.06374 -0.057527 0.635952 0.269312 
1.42948 1.7885 2.23638 1.98916 2.72989 0.518141 1.54901 1.17251 1.43048 0.310355 0.489471 0.311115 
1.08469 0.649703 2.10762 2.02045 2.44241 -0.204353 0.944848 1.10395 1.60553 0.324154 0.502745 0.291515 
0.555244 -0.254805 1.81713 2.37067 2.57304 -1.46432 0.595567 -0.429007 2.16479 -0.197023 0.314146 0.0218724 
-0.0955305 -0.425387 2.11557 2.64855 3.46671 -0.537229 1.13105 -0.175705 2.23409 -0.0497146 0.305665 -0.0979026 
-0.35464 -0.538369 1.44599 2.79089 3.7558 0.35728 0.757345 0.289781 2.1506 0.00437728 0.584704 -0.358937 
-0.3839 -0.371954 1.39897 2.81377 4.41747 0.0168362 -0.0534431 0.410822 2.31394 -0.0989758 0.560359 -0.408299 
-0.336795 -0.775726 1.4812 2.81208 4.68899 -0.244447 0.182843 0.981811 2.11972 -0.196523 0.339973 -0.305608 
-0.264587 -1.15036 2.28817 2.80579 4.0292 0.0271739 0.453399 0.816815 1.97612 -0.0736556 0.359575 -0.143447 
-0.217403 -1.25179 1.09867 2.37203 3.70678 0.852084 0.999131 -0.623206 1.62478 0.12712 0.290935 -0.29845 
-0.210882 -1.41066 0.673831 2.02933 4.68567 1.51027 1.54722 -0.552241 0.820462 0.122553 0.673999 -0.283218 
-0.13657 -1.40827 1.03274 1.30404 5.4332 0.688703 1.49746 -0.167395 0.709381 0.137866 0.492897 0.062807 
-0.0707693 -1.23775 0.707641 0.84389 5.25782 0.976605 2.15062 -0.308286 0.0481308 0.14351 0.580208 0.475771 
0.079122 -0.789636 0.499499 0.374774 5.14667 1.6244 1.31485 0.133998 0.0725679 0.0398002 0.932776 0.119455 
0.183667 -0.821987 1.21349 0.802276 3.9323 0.979496 2.0889 -0.143978 0.604513 0.43726 0.481996 -0.0158901 
0.729355 -0.46104 1.06445 1.93203 3.81522 1.26137 2.60814 -0.305466 0.44584 0.0106633 0.69073 0.486476 
1.14448 0.0673305 0.880385 1.35447 3.93133 1.28121 2.06502 0.5264 0.165023 0.393141 0.585677 0.340956 
1.33224 0.149303 0.461994 1.36266 3.44469 1.50009 1.8136 0.651015 0.885441 0.838776 0.206323 0.0750784 
1.50372 0.243461 -0.394197 1.01532 4.34509 1.45742 1.89787 0.0780264 1.259 0.684678 0.268664 0.158536 
1.76747 -0.10623 -0.958786 0.712438 4.1915 1.35493 2.17126 -0.112542 1.9349 0.626804 0.179861 0.137208 
1.75394 0.160827 -0.753842 1.14008 3.59098 1.36844 2.07483 0.137316 1.63707 0.591918 0.13578 -0.031572 
1.76641 0.185849 -1.6538 0.176724 4.57385 2.01443 0.957562 0.685752 1.79275 0.626418 0.223569 -0.194661 
1.73636 0.324291 -0.521334 0.484699 3.87373 1.13908 1.07363 1.14215 1.39962 0.690734 -0.130339 -0.180501 
1.81963 -0.0109306 -1.34689 0.309747 4.03879 1.36742 1.5602 1.16719 1.32424 0.568816 -0.0950404 -0.135352 
1.75387 0.375341 -0.825792 0.257501 3.75164 1.1406 1.67585 1.03409 1.56224 0.649079 -0.19392 -0.201925 
1.9266 0.183906 -1.15437 -0.279069 3.70904 1.6417 1.80636 0.752039 1.7044 0.589783 -0.128151 -0.215014 
1.85851 0.406757 -1.09823 -0.0798135 4.12737 1.15742 1.26792 0.494503 2.20616 0.361394 -0.277979 -0.241761 
1.95041 0.33116 -1.43733 0.0121985 4.28561 1.22468 0.98598 0.658669 1.57904 0.696306 -0.179667 -0.254895 
2.00567 0.573663 -1.04224 0.170419 3.63926 1.35286 1.38699 1.17399 0.808299 0.632795 -0.266095 -0.246224 
2.21618 0.258375 -1.43463 0.407431 2.86711 1.70208 0.775806 1.29149 1.77594 0.498179 -0.392474 -0.426754 
2.28874 0.222289 -1.50161 0.377975 2.70114 1.39678 1.2179 1.17622 2.08788 0.476482 -0.467998 -0.4418 
2.11712 1.0543 0.192834 0.76324 2.32017 1.52478 1.85553 0.56001 1.10561 0.845614 -0.166537 -0.325466 
1.83461 0.679946 0.623508 0.337521 3.04622 1.54987 1.65565 1.15838 2.41817 1.02216 -0.0686803 -0.0348162 
1.78913 0.687572 0.484965 0.986841 2.25521 1.74816 2.17282 1.392 2.44827 1.05545 -0.184809 -0.177927 
1.62874 0.580609 0.179129 1.20496 2.86244 2.13895 1.89131 0.867841 2.24605 0.752296 0.0484378 -0.0289567 
1.6048 0.668664 0.1254 0.925419 3.29916 1.38868 0.82593 1.01649 2.41874 1.03682 0.231713 -0.110968 
1.50358 0.781384 0.029527 0.428712 2.71388 1.09563 1.57574 0.466467 2.37896 1.17189 0.632294 -0.021801 
1.51256 1.14921 0.125443 0.466912 2.1932 0.000355292 1.96635 0.834663 2.4866 0.853949 0.477633 0.0408222 
2.21345 1.52511 0.176432 0.990038 2.07748 -0.0787267 1.12808 -0.0027439 1.67341 0.76972 0.116949 -0.133823 
2.23229 1.64402 -0.135776 0.30149 1.58525 0.468582 -0.579962 0.121333 1.45416 0.690466 0.286898 -0.181296 
2.42847 1.82064 0.205723 0.34202 1.45696 0.0250381 -0.851593 0.138316 1.23814 0.656013 0.165296 -0.168311 
2.32455 1.98985 0.453915 0.738415 2.22464 -0.876069 -0.758344 -0.125602 1.30041 0.755043 0.0189798 -0.15204 
2.46936 1.90599 0.303782 0.650504 2.13376 -0.657125 0.116159 -0.72039 1.06766 0.293158 -0.0387577 -0.0789803 
2.43262 1.89626 0.57346 0.361754 1.86663 -0.211948 -0.940375 -0.482133 1.04177 -0.0176542 -0.0862984 -0.140464 
2.46538 1.8444 0.765539 0.265228 3.05469 -0.605464 -1.03354 -0.357402 1.14644 0.306397 -0.341215 -0.236213 
2.2092 2.112 1.11357 1.20142 2.37057 -0.125743 -0.784774 -0.237338 1.09985 -0.218728 -0.264461 -0.264506 
2.23149 2.25996 1.17708 1.18087 2.5892 0.00492737 -1.15363 -0.275895 1.20151 0.260302 -0.117995 -0.315827 
2.39392 2.06591 1.18158 1.20427 3.33705 0.296701 0.027862 -0.528695 1.17712 -0.0529005 -0.426801 -0.280864 
2.24826 2.34559 1.35848 1.3406 2.06906 0.508716 0.526648 0.177675 0.405447 -0.420206 -0.298421 -0.194095 
2.37971 2.09649 0.98496 1.11839 2.81255 0.801651 0.685259 0.537998 0.902064 -0.384369 -0.585621 -0.356842 
2.22157 1.72433 0.902905 0.371939 2.84628 0.866678 1.38778 0.839698 0.741745 -0.326095 -0.626594 -0.259403 
2.3757 2.06909 1.24745 0.862757 3.25684 0.201782 0.031813 -0.0945328 0.484953 -0.292621 -0.491461 -0.223399 
2.29942 2.31626 1.87546 1.06734 3.32478 0.768759 -0.166183 -0.241605 0.832018 -0.0253651 -0.269325 -0.280612 
1.99546 2.50928 1.77678 1.30077 1.60793 0.887449 0.835601 0.619862 0.610449 -0.0487946 0.0577348 -0.0148052 
1.985 2.35638 1.53819 0.843743 1.43901 0.731197 1.63199 1.25203 0.752071 -0.72114 -0.224701 -0.162127 
2.11203 2.49079 1.79944 1.553 2.42655 0.970822 1.20744 -0.103598 0.723973 -0.650287 -0.248521 -0.180287 
2.02097 2.38824 2.03715 1.01512 2.24886 0.594641 0.980822 0.651669 0.348707 -0.282133 -0.312807 -0.203844 
1.92316 2.08559 2.32938 0.841316 2.23657 0.449635 1.49256 0.474463 0.457681 0.326632 -0.411197 -0.154204 
1.94711 1.92203 2.24923 0.547959 1.3584 0.0264257 1.08709 0.31282 -0.00327819 0.269265 -0.268357 -0.173658 
1.99206 2.02346 1.90473 1.35738 1.62048 0.328898 0.0803736 -0.52389 1.05002 0.431588 -0.0706512 -0.0972362 
1.88785 1.66098 2.03885 1.77974 2.54249 0.715085 0.171028 -0.648613 0.960947 0.703134 -0.24335 -0.1996 
1.86154 2.00621 2.161 0.72295 2.85213 0.878614 1.31772 0.316937 0.813474 -0.501236 -0.203801 0.0149922 
1.79757 2.26901 2.37662 0.868738 2.48328 0.503354 1.38569 0.294623 1.39822 0.722068 -0.120891 0.0957358 
1.70095 2.36925 2.3304 1.65545 2.57781 0.826561 0.830249 0.226045 1.84765 0.578486 -0.147578 -0.00947121 
1.73401 2.43196 2.29728 1.75418 2.2347 0.935177 1.10458 0.41753 1.47765 0.481691 -0.114294 -0.0325117 
1.85136 2.11674 2.75141 1.94705 2.08412 0.827081 0.503135 -0.243836 1.37134 1.2984 -0.270978 -0.0529645 
1.80701 1.97593 2.98891 1.61883 2.25683 1.36011 1.39739 0.180079 0.904137 0.862972 -0.186825 0.00255929 
1.65664 1.89656 2.35699 2.01272 2.25108 1.48891 1.83841 1.72282 1.06841 0.0774753 0.0188134 0.0639013 
1.68011 1.86595 2.51982 1.69836 2.13735 1.47529 1.52857 0.918757 0.504965 0.173355 0.268256 0.135579 
1.50887 2.10888 2.61513 1.20963 2.84525 0.974499 0.804487 1.24242 0.168504 0.240831 -0.00184618 -0.072847 
1.51458 1.93283 2.44031 1.39524 2.80386 0.993189 1.40934 1.01484 0.454845 0.0547474 -0.257074 -0.0850415 
1.43664 1.76166 2.29803 1.55744 1.89548 1.18333 1.86849 -0.156766 0.636969 -0.103638 -0.0634726 -0.00679041 
1.39943 1.89399 1.91525 1.63655 1.36302 1.50141 1.76039 0.295244 1.26947 -0.400825 -0.0255358 -0.0564637 
1.43139 1.85876 2.2966 0.656281 1.24312 0.84999 0.601185 0.945034 1.53202 0.316537 0.119241 0.0424075 
1.55366 1.80489 2.25274 0.572325 1.72204 0.872777 1.79327 0.975436 0.738188 0.171325 -0.155721 -0.0286875 
1.49735 1.83034 2.01829 1.13737 1.0205 0.775879 1.65229 0.131049 0.221554 0.42564 0.00337849 -0.0140597 
1.37003 1.38414 2.38352 1.0782 1.28681 0.350508 1.11517 -0.0835464 0.664423 0.182145 0.243221 0.0945994 
1.32162 1.57634 2.17087 1.00465 1.55546 0.689918 0.861721 -0.0673477 0.613787 0.0937265 0.130396 0.00501491 
1.44691 1.56617 1.73291 1.48469 3.13086 1.19231 0.496706 0.580089 0.682561 0.150094 -0.00581347 -0.040445 
1.4802 1.57324 2.10708 1.26386 2.88882 0.272941 1.64106 1.18166 0.157117 0.917166 0.048893 0.140959 
1.29309 2.06176 2.94593 0.826419 1.67289 0.557178 2.29307 1.06604 0.694673 0.400635 0.130152 0.0942853 
1.36132 2.06134 2.51899 1.28892 1.71676 0.22018 1.61507 0.641934 1.4235 0.187217 0.0883105 0.161838 
1.29232 1.79474 1.67897 1.25475 1.63576 0.590225 1.60715 0.923204 1.73098 0.282461 0.362792 0.156021 
1.19343 1.94007 2.06276 0.984771 1.48107 0.463872 1.77928 0.88707 1.31142 0.441411 0.805821 0.247357 
1.22314 1.45081 1.83279 1.69989 1.90256 0.324872 1.95357 0.639306 1.29725 0.848177 0.252813 0.228679 
1.23095 1.35376 1.65799 1.25709 1.63895 0.0572847 1.21813 0.902074 2.11747 0.407987 0.269757 0.185887 
1.23238 1.28676 1.89932 2.00525 1.25677 0.729696 1.82626 0.129359 1.65261 0.439457 0.34693 0.156559 
1.28694 1.26742 2.07365 0.788029 1.73877 1.11091 1.83456 0.860524 1.31587 0.419565 0.420204 0.236645 
1.25442 1.54893 1.88161 0.84774 2.24756 0.886221 0.973792 1.56042 1.22794 -0.0146918 0.678366 0.146527 
1.22524 1.2934 1.385 1.08724 1.7129 1.07045 0.789364 0.805182 1.26591 0.443107 0.218844 0.0674108 
1.27492 1.60155 1.74829 1.40798 1.27873 0.168701 1.77846 1.19255 1.24832 0.376273 0.519403 0.193033 
1.20069 1.78365 1.79409 1.64132 1.85108 0.317985 1.81079 1.22533 1.58754 0.204331 0.529048 0.221058 
1.16149 1.7404 2.42251 1.17751 1.82222 0.667528 1.39911 0.933346 1.07961 0.207114 0.311021 0.164515 
1.20972 1.93095 2.84652 0.380202 1.77208 0.918141 1.6677 1.18718 1.15765 0.120034 0.33746 0.15696 
1.40453 1.26578 1.98125 0.373801 1.20827 1.18643 2.52218 2.13737 1.48886 -0.028641 0.33328 0.13859 
1.34072 1.54892 1.91086 1.01209 1.09667 1.9778 2.50794 1.27998 1.27625 -0.119538 -0.171718 0.0398578 
1.06364 1.55654 2.21502 0.930182 1.83517 1.45137 1.42717 0.953562 0.908507 0.0450125 0.128389 0.0913952 
1.08845 1.63904 1.99628 0.928006 1.76023 0.802138 1.62915 1.17104 1.73774 0.254839 0.600307 0.211112 
1.12893 1.74602 2.23076 0.91439 2.52987 1.00104 1.68264 2.0118 1.5226 0.108913 0.189125 0.17283 
1.15917 1.86489 2.50818 0.800061 1.32674 1.70055 1.82131 1.12768 0.779244 0.318861 0.0218114 0.088407 
0.997809 1.64283 2.10672 0.870783 1.26002 0.546896 1.88397 1.41245 0.961177 0.371086 0.0125601 0.113289 
1.05849 1.38978 2.09899 0.904004 2.22754 0.136275 1.41363 1.0521 1.24476 0.436023 0.220986 0.213139 
1.00858 1.19592 1.47018 0.966857 2.22195 0.639871 1.29955 1.26252 1.52375 -0.321419 0.20494 0.113619 
1.16484 0.518483 -0.331827 0.978163 2.78899 0.105748 0.815113 0.465558 0.59902 0.026269 0.297403 -0.0585794 
1.13752 0.460513 0.275082 1.16302 2.82331 0.577903 0.878775 -0.138338 0.905483 -0.211961 0.424629 0.0376438 
1.08143 1.02406 1.22191 1.09308 1.04682 0.295855 1.30019 0.412853 0.853651 0.324352 0.0648478 0.0414328 
1.03595 1.16441 1.37785 0.664835 1.68714 0.584876 1.07748 0.785134 0.80941 1.17225 0.331095 0.0745157 
1.05968 1.6717 1.1153 1.15188 2.14755 0.5678 0.681274 0.858697 0.356322 0.728354 0.192671 0.125951 
0.979882 1.54621 1.3494 1.11087 1.34116 0.44165 0.702284 0.657338 0.68097 0.568142 0.283829 0.132931 
1.07106 1.2729 2.23737 0.975346 1.19134 0.0230366 0.718187 0.109711 0.966529 0.483484 0.285287 0.183472 
1.17174 1.22693 2.25546 0.213775 1.90001 0.466488 1.18361 0.00842389 0.589535 0.387203 0.373257 0.2117 
1.10477 1.27005 1.71807 1.02316 1.4523 -0.233952 1.19873 0.386187 0.895843 0.498555 0.613725 0.150668 
0.998475 1.44382 1.91444 1.4349 1.1678 -0.236928 1.1715 1.03964 1.35879 0.957156 0.436887 0.218862 
0.919177 1.56135 1.64584 0.596159 1.1188 0.156344 0.821734 1.31245 0.465078 0.801295 0.295027 0.0649239 
0.883038 1.23384 1.4075 0.972961 1.13476 -0.194736 0.807826 0.769281 0.795732 0.320073 0.978892 0.049089 
