0.680659 0.898713 1.29289 0.753084 1.4335 1.9418 0.601195 0.599507 0.921198 0.953721 0.0196257 0.0613917 
0.592777 0.817453 1.13739 1.13006 1.25433 0.925068 1.58674 1.01372 1.35334 1.08032 0.637778 -0.144612 
0.447433 0.892835 1.05722 1.45877 1.49632 1.49296 1.67303 0.961437 0.656749 0.707105 0.363836 -0.0246451 
0.541754 1.06248 1.4158 0.889495 1.13293 2.20436 0.41958 0.871162 0.307015 0.286105 0.644556 -0.10927 
0.60084 0.963892 1.29611 1.48 1.19815 1.15617 0.352524 0.617798 0.98961 0.0377569 0.680492 -0.103868 
0.550991 1.07374 1.53608 1.41474 0.773726 0.522232 0.676437 1.04755 1.02711 0.5704 -0.0164442 0.0406196 
0.60475 1.11357 1.80897 0.979665 1.45832 1.28103 -0.180355 1.81475 0.807181 0.463407 0.184508 -0.0415527 
0.623614 0.963763 1.737 1.43521 1.16552 0.887614 1.42185 1.46969 1.58298 0.26089 0.481293 0.0551947 
0.619836 1.09652 1.40377 1.46084 0.788893 1.4254 1.47075 0.538343 0.903456 0.762821 0.170411 -0.0269315 
0.585787 0.824757 1.11752 1.0346 1.44943 0.777 0.124142 0.878713 -0.151633 0.585084 -0.150539 -0.0301316 
0.488117 0.880741 0.799559 1.21494 1.85417 0.418195 0.960228 0.737105 1.18061 0.764523 0.263834 -0.000818484 
0.614935 1.11755 1.56456 1.43798 1.04546 0.586235 1.65936 0.620555 1.26925 0.895764 0.542571 0.047726 
0.659725 0.982344 1.67349 1.22821 1.22009 1.26136 1.73923 0.950026 0.860713 0.821137 0.364458 0.0481433 
0.596074 1.11445 1.40595 1.19528 0.893004 1.0259 1.61867 1.06234 1.23278 0.172583 0.0276809 0.159526 
0.561941 1.19252 0.990053 1.60849 1.54596 1.21148 1.60809 0.641144 1.4725 0.299792 0.179641 0.128135 
0.515977 1.10888 1.52277 1.54571 1.07066 1.13952 1.16941 0.656536 0.423325 0.222498 0.384897 -0.0119127 
0.450049 1.47463 1.4276 0.928999 0.96891 0.71554 1.116 0.972145 1.04743 0.498875 0.622322 -0.0789656 
0.664985 1.63242 1.51063 0.812898 0.956796 0.533765 0.0716624 1.5258 1.68932 0.157154 0.508869 0.0886868 
0.976817 1.3786 1.8218 0.682757 1.49433 1.18344 1.21348 1.46501 2.13573 0.413297 0.376216 0.138554 
1.09461 1.92396 2.21604 1.42235 1.57401 1.20984 1.57332 1.6549 1.67345 0.0302217 0.595068 0.169444 
1.39217 2.70791 2.78318 2.5366 1.71267 1.29168 2.12586 1.30827 0.527209 0.401539 0.32276 0.0822744 
1.7085 2.75856 3.44782 2.82487 2.25327 2.10553 1.72143 0.949354 0.0155366 0.334839 0.102342 -0.0403444 
1.85637 3.04039 3.45933 2.66114 2.31272 1.73375 1.24902 1.08001 0.471865 0.00776972 0.0986484 -0.042323 
1.96242 3.26624 3.53984 2.56164 2.53509 1.04667 2.00303 1.22528 0.810491 -0.0551769 0.19012 0.00170841 
2.12445 3.35905 3.61391 2.31943 2.55258 0.327765 3.00864 1.06114 0.882686 0.107705 0.100582 0.0875704 
1.87853 3.1963 3.52775 2.19941 2.88062 1.33812 2.59139 1.23437 0.616016 0.0252258 0.20829 0.0453195 
1.70474 2.75451 3.09239 2.65572 2.54444 1.82673 1.84326 1.30246 0.6973 0.321725 0.237502 0.0733674 
1.69339 2.69905 2.93611 2.53875 2.35955 1.74225 1.6454 1.1962 0.762766 0.301606 0.216872 0.0741857 
1.72323 2.82006 3.17561 2.81413 2.6151 1.41031 1.56713 0.798854 0.775181 0.127348 0.239539 0.0757375 
1.88904 2.84969 3.14654 3.06506 1.94863 1.47682 2.17165 1.34193 0.971637 -0.331634 0.40146 0.0655057 
1.8627 2.71324 2.95285 2.7386 2.22279 1.67141 1.98737 1.59147 0.48468 -0.470304 0.311159 0.0332694 
1.76214 2.61638 2.87886 2.05158 2.02666 1.23616 1.9788 0.488329 0.616331 0.398944 -0.00682175 0.01461 
1.6578 2.46733 2.69267 2.02692 2.44628 1.71145 1.96315 1.72344 0.926806 0.2491 0.455381 0.181031 
1.65651 2.79947 2.8583 2.24533 2.57059 1.82643 2.15254 1.71779 1.12914 0.382971 0.490241 0.191334 
1.63684 2.44627 2.21901 1.95227 2.87178 2.18461 2.44519 1.79758 0.75917 0.56076 0.45864 0.273012 
1.59246 2.26287 2.16016 2.00902 2.5528 2.2495 2.18506 1.69937 0.95364 0.531197 0.506278 0.275049 
1.56016 2.23428 2.78294 2.33935 2.26926 1.80377 1.88205 1.76028 1.35996 0.505758 0.546975 0.284224 
1.52729 1.86245 2.84099 1.66614 3.15639 1.48923 1.97195 1.52338 1.29318 0.925099 0.322363 0.301726 
1.41221 1.18988 1.4517 1.76047 3.30961 0.877185 1.36803 0.390617 1.851 0.629588 0.780571 0.351186 
1.23008 0.45707 -0.13395 1.87226 2.9437 0.0142413 1.5365 -0.0193464 2.59056 0.701545 1.17612 0.0465477 
0.825928 0.340913 0.310491 0.760443 4.66251 0.262746 0.576469 0.14 1.09129 0.576085 0.663274 -0.0651194 
0.411964 -0.265171 0.204061 0.683385 6.06611 1.51563 1.2348 0.0246433 0.675608 0.256845 0.797528 0.327635 
0.365558 -0.222146 -0.00333761 0.646855 6.00973 2.05258 1.51865 -0.0851632 0.194228 0.00206717 1.03713 0.412396 
0.32425 -0.136969 0.455142 0.816699 5.92876 2.30817 1.09049 0.298649 0.0234706 0.165561 0.757141 0.423417 
0.741239 0.129379 0.907012 1.24826 4.95356 1.91635 1.17243 -0.450953 0.275775 -0.337524 0.715266 0.399348 
1.31597 0.546184 0.274644 2.54609 4.97485 1.85282 1.14334 -0.906075 0.834206 0.515951 0.153385 0.0682695 
1.61784 0.692487 0.210498 1.71788 3.61803 0.736045 1.63749 0.3725 1.40361 0.898672 -0.318081 -0.133234 
1.81936 1.12352 0.270821 0.893953 3.6145 1.29639 1.72788 0.652614 1.8708 0.8882 -0.451014 -0.277837 
1.94093 0.808296 -1.01524 0.017083 4.05739 1.81459 1.89942 0.851501 0.816085 0.804377 0.103567 0.0140263 
2.03026 0.819897 -1.13764 0.714995 3.68036 1.4507 2.15046 0.783889 1.15442 0.727358 -0.151094 -0.151766 
2.03447 0.662204 -0.249043 0.601468 3.03651 1.77255 1.88709 1.60873 0.574881 0.681766 -0.114854 -0.165552 
1.97211 0.733235 -0.510544 0.466907 3.14116 1.19292 2.2609 1.59425 0.871148 0.51354 -0.29311 -0.106138 
2.0218 0.813003 -1.23659 0.0790029 4.09582 1.51292 1.8541 1.04246 0.917609 0.756286 -0.257304 -0.140044 
2.08617 0.746493 -0.925523 0.419649 4.54699 0.996925 1.29018 1.57233 0.702662 1.00164 -0.530278 -0.216739 
1.96774 0.928841 0.115105 0.50462 3.64277 0.599657 1.64814 1.95346 1.40368 1.18774 -0.751873 -0.451686 
2.02062 1.02962 -0.36627 0.426582 3.4251 0.53523 2.3783 1.2002 1.57906 0.871203 -0.655123 -0.328675 
2.05613 0.655674 -1.36073 0.506778 3.62371 1.38179 1.69061 1.06736 1.28282 0.578732 -0.271559 -0.22678 
2.12812 0.430272 -1.47197 0.541314 2.89745 1.98904 1.78718 0.934538 1.08975 0.209875 -0.121191 -0.175538 
2.1668 0.547107 -0.615927 1.45738 3.34932 0.985103 1.41055 1.10343 1.02614 0.603659 -0.306026 -0.274497 
2.17311 0.897102 -0.667081 1.02247 3.67677 0.757103 1.58609 1.14843 1.76222 0.577438 -0.723041 -0.422868 
2.07021 1.23494 -0.771168 1.22752 3.65351 0.352134 1.42226 1.67519 2.0616 0.768749 -0.936792 -0.495079 
2.11641 1.20902 -1.18557 1.46824 3.23294 0.424669 1.17717 1.96105 1.92517 0.744768 -0.924049 -0.492307 
2.13785 1.22306 -0.527155 1.41768 2.7607 0.843531 1.12528 2.47319 1.57454 0.849738 -0.846873 -0.53442 
2.10924 1.60078 -0.112636 1.05522 2.91544 0.923068 0.901959 1.97552 2.44219 0.853211 -0.779125 -0.678826 
2.14945 1.60637 0.249192 0.585849 3.01786 1.29387 0.70275 2.22754 2.14885 1.10349 -0.549445 -0.653232 
2.10761 1.40376 0.201422 0.523427 2.71 1.3941 0.803386 2.25052 2.03974 0.785247 -0.261824 -0.336382 
1.89509 0.965515 -0.0107483 0.897105 2.77117 1.39173 1.34472 2.22127 2.82852 1.10638 -0.257349 -0.313365 
1.77608 0.88972 -0.110762 0.336266 3.05875 1.5025 1.76714 1.80455 2.51567 0.783133 -0.246791 -0.241429 
1.33762 1.0011 -0.423721 -0.42963 2.64375 1.27942 2.35795 1.71278 2.58514 -0.286985 0.528672 -0.110967 
1.066 0.684819 0.0709784 -0.130003 2.68632 0.463598 2.95811 1.0827 1.16896 0.712549 1.02903 0.0469848 
1.3272 0.431881 0.491871 -0.430829 2.44455 0.326688 3.19715 0.808244 0.907477 1.06576 1.0089 0.313121 
2.11222 1.21653 0.717016 -0.107177 2.54256 -0.0324502 1.54909 0.431281 1.53114 1.03086 -0.0715179 0.0522616 
2.36857 1.64434 0.479139 0.0294254 2.11098 0.0928783 0.5474 -0.258706 0.956252 0.746799 0.145681 -0.0502968 
2.27492 2.07422 0.803321 0.385859 2.79682 0.331484 1.20949 0.221717 1.18511 0.47303 -0.334589 -0.278252 
2.02043 1.85419 0.919137 1.0762 3.44546 0.670242 1.7277 1.21759 1.79755 0.5027 -0.842949 -0.463153 
2.26901 1.9447 1.44335 0.658134 2.39717 0.0136578 -0.206922 0.406335 0.220236 0.338623 -0.0952182 -0.155749 
2.06707 1.89069 1.40081 0.531485 2.43913 0.490352 0.632741 0.529761 0.269 0.307379 -0.200027 -0.179974 
2.05656 1.4581 1.54128 0.698789 2.50567 0.562135 1.15435 1.46716 1.06429 0.375317 -0.39824 -0.218576 
2.50525 1.90723 1.36907 0.500225 2.88825 0.800311 0.0447538 0.462682 1.47014 0.0451651 -0.491167 -0.362107 
2.55787 2.18049 1.21953 -0.101039 3.36904 0.065407 0.515133 -0.0114277 0.756905 0.212045 -0.53997 -0.215571 
2.14479 1.99778 1.64508 1.06188 3.54445 0.226912 0.678121 0.295642 1.14654 0.411564 -0.325865 -0.11872 
1.74524 2.14162 1.3506 0.70035 3.44243 0.302778 1.17651 0.64683 0.683486 0.020633 -0.0177081 0.0602947 
1.91793 2.18109 2.18071 -0.0255141 2.76417 0.181759 1.51465 0.751451 0.156781 -0.147584 -0.354425 -0.0290537 
1.96523 2.03402 2.16862 1.25683 2.9315 0.794257 1.11212 0.193674 1.2863 0.114981 -0.348722 -0.117688 
1.91574 1.90273 1.77432 1.29334 3.07827 0.966874 2.06055 1.18925 1.4266 0.402092 -0.257149 -0.00732956 
1.86266 1.80055 1.9669 0.665969 2.25599 0.63465 2.45091 1.34336 1.04496 0.563395 0.253386 0.302497 
1.89819 2.00157 2.75618 0.746239 2.4692 1.31095 1.84055 1.93223 0.625888 0.665966 0.0765901 -0.00315514 
1.75383 2.03247 2.79581 1.58433 2.19244 2.12459 1.67123 1.58489 0.741934 0.273282 -0.098433 -0.0678345 
1.83641 2.28804 2.36268 1.83686 2.55324 1.73214 1.72192 0.555338 1.89168 -0.0658143 -0.173871 -0.0781774 
1.88667 2.51215 2.05139 1.73314 2.70844 0.831081 1.23297 0.946057 1.65158 -0.569176 -0.226057 -0.222679 
1.82435 2.45481 2.39423 1.23607 2.50269 0.742126 1.81609 1.04391 0.825018 0.119063 -0.351107 -0.150027 
1.8234 2.58518 2.82579 0.821224 2.60625 0.705922 1.16872 0.446595 0.520184 0.202478 -0.201211 -0.0360559 
1.7368 2.26262 2.02952 2.28941 2.42456 0.922397 1.18754 0.413394 0.959703 0.13061 -0.196012 -0.109478 
1.73622 2.08364 2.01135 2.07601 2.63469 0.953813 1.96348 0.537764 1.79041 0.403001 -0.00186682 0.0649628 
1.67397 2.08887 2.25238 1.7721 2.21314 1.62745 1.18371 0.616329 1.21088 0.29938 0.128523 0.0814777 
1.61593 2.17683 2.72086 1.73084 1.96597 1.5992 1.7539 1.16331 0.87652 0.0753124 0.00909299 0.00585678 
1.43967 1.90006 2.76942 1.46752 2.10711 2.08227 2.06327 1.95155 1.05087 0.626169 -0.0284831 0.0912062 
1.48511 1.88811 2.59282 1.75493 2.60983 1.24966 1.55298 0.711267 1.22798 1.07214 -0.220226 0.0983554 
1.40402 1.86973 2.77029 1.584 3.12402 1.875 1.43382 0.916044 0.632785 0.39001 -0.133021 0.0219623 
1.44839 1.96661 2.48787 1.40737 2.33925 1.65487 2.26722 1.7956 1.02762 -0.125727 0.0589611 0.0717499 
1.5009 1.85823 2.48318 0.936089 1.5144 1.09027 2.15033 1.36983 1.41716 0.0499446 0.408263 0.197762 
1.42705 1.93518 2.69936 1.26634 1.26608 1.23789 2.15405 0.912474 1.06083 -0.180237 0.0884995 0.0337238 
1.4203 1.76585 2.60752 1.85241 2.04855 0.959983 2.19231 0.678319 0.92066 0.277053 0.501433 0.24965 
1.27163 1.63631 1.62728 1.71709 1.98285 0.710477 1.37855 1.81214 1.43892 0.285702 0.303924 0.161286 
1.26223 1.85288 2.27057 1.23987 1.4153 0.378629 0.926328 0.963588 1.48644 0.210256 0.0834647 0.0960529 
1.56389 1.97067 2.11257 1.44857 2.23664 1.74545 1.53822 0.172864 1.07238 0.482515 -0.0397116 0.0585641 
1.35828 1.82107 2.06845 1.60872 2.29681 1.65323 1.32348 0.423438 1.62545 0.797627 0.10156 0.176221 
1.29795 1.76348 2.31022 0.897356 2.162 1.07003 2.46567 0.468619 1.02247 0.802592 0.180198 0.267485 
1.44884 1.53132 1.96312 0.874124 2.32853 0.731929 1.90709 0.141419 1.0771 0.0667821 0.426875 0.320526 
1.34477 2.09379 1.78169 1.86004 2.69232 1.08938 1.67295 1.01128 0.916118 0.106742 0.185176 0.103012 
1.25723 1.66491 2.00496 2.03473 1.92564 1.07956 0.858904 0.847065 0.345314 0.286755 0.302159 0.071058 
1.4058 1.50307 1.90258 1.36452 2.10063 0.70077 1.1032 1.58063 0.850654 0.355966 0.213033 0.117962 
1.44145 1.98012 1.72582 0.990941 2.12349 0.940265 1.89348 1.22476 1.77231 0.217628 0.239426 0.14295 
1.33761 1.54235 2.16098 1.12099 1.72713 1.22152 1.85523 0.845716 1.46361 -0.319024 0.214613 0.181257 
1.28579 1.40902 2.14035 1.18725 2.10802 0.770658 1.50996 1.40321 1.28177 0.0763813 0.394512 0.202083 
1.19795 1.59506 2.62584 1.38249 1.97008 0.805707 2.42222 0.973213 1.62784 0.228098 0.307837 0.297745 
1.25363 1.70832 2.31454 0.835109 1.38296 0.781632 1.8474 0.674093 1.49048 0.576314 0.454484 0.236852 
1.27124 1.94042 2.108 0.976865 1.92143 1.58766 1.8376 0.845614 0.715811 0.0820215 0.22742 0.0891836 
1.19266 1.74997 2.02377 1.72716 1.90007 1.20478 1.6531 1.59102 1.23929 0.100428 0.524384 0.187914 
1.26045 1.45419 2.11843 1.4037 1.94897 0.603634 1.87211 1.50625 1.74679 0.292926 -0.025124 0.188483 
1.20106 1.12669 1.92734 1.40531 2.27597 0.880121 1.73602 1.623 1.107 -0.351726 -0.0967664 0.167947 
1.253 1.41645 2.29854 1.61163 1.99715 1.3563 1.13617 1.05773 0.951112 0.395624 0.525953 0.195671 
1.25715 1.61649 2.29311 0.730097 1.52648 1.30756 1.67769 0.809417 0.951511 0.980725 0.457397 0.22339 
1.20934 1.3948 1.71928 1.22132 2.76721 1.22702 1.22155 0.475211 0.602362 0.93544 0.478572 0.180611 
1.24963 1.56216 2.15839 1.32371 1.93865 0.650598 0.862028 1.36556 0.472065 0.752053 0.56078 0.149263 
1.29424 1.75227 2.34015 0.917509 1.39282 0.909036 0.947876 1.40173 1.50616 0.458939 0.640906 0.227919 
1.22536 1.81347 2.14873 0.530094 1.68891 1.0792 1.08274 1.21821 1.85014 0.522178 0.433515 0.224102 
1.15587 1.8768 2.21298 1.1169 1.43835 1.59257 2.01711 0.969655 1.71149 0.078126 0.402298 0.189394 
1.10168 1.609 2.01225 1.06841 0.888613 1.15643 1.55556 0.839317 1.7379 0.0966097 0.52375 0.159904 
1.0151 1.84443 1.73351 1.09726 1.29878 0.955167 1.70607 0.914863 1.0837 0.659909 0.810943 0.170136 
0.696753 1.0245 1.17289 0.551495 1.04056 1.47899 2.61231 0.671081 1.00465 1.16156 0.984325 -0.153915 
0.781494 0.680231 1.19082 0.0910137 1.40211 1.54517 2.38629 0.847877 0.440714 0.737797 0.721442 -0.187599 
0.988061 1.28903 1.97111 1.08885 1.59907 0.213629 1.45971 0.497142 1.23584 -0.619734 0.276235 0.166263 
1.11065 1.43794 1.65856 0.868316 0.953956 0.334862 1.43077 1.29163 1.10957 -0.427778 0.274536 0.0614033 
1.13055 1.7079 1.63318 0.84122 0.0905141 0.746123 1.51455 0.519062 1.68116 -0.0547399 0.677181 0.0491226 
0.948251 1.20834 1.38865 0.415834 0.273839 1.26878 1.60509 0.664179 1.43009 0.403174 0.338404 0.0505679 
0.950322 1.44667 1.78774 0.181376 0.251083 0.418872 1.34167 0.958931 1.13968 0.587384 0.202658 -0.00486956 
1.00444 1.32657 1.60554 1.06867 1.65451 0.664736 1.0676 1.40376 0.72326 1.05498 -0.225852 0.0827943 
0.984881 0.710841 0.755963 1.38752 2.66929 1.41775 0.496416 0.252368 0.703711 1.23836 0.462689 -0.103366 
1.00237 0.886393 1.22062 1.07246 2.9979 0.566732 1.11422 0.344457 0.927364 1.37311 0.298159 0.0645749 
0.887438 1.53479 2.13877 1.04556 1.75068 1.25171 1.61058 0.862373 0.660507 1.03482 0.338305 0.169971 
0.30233 0.980616 3.05608 0.321046 1.83064 0.246861 0.606049 1.11388 0.619005 0.57789 0.151271 0.141699 
