0.72763 1.19132 1.42828 1.55745 1.83479 1.46776 0.935159 -0.486198 0.774746 -0.0442406 0.262884 0.0366309 
0.595894 1.12724 1.14236 1.27049 1.0119 1.18044 0.927342 -0.996965 0.60438 0.201855 0.286544 -0.0284694 
0.665145 1.353 1.03478 0.735599 1.29192 1.012 0.952125 0.42967 1.32151 -0.179007 0.416698 0.00999018 
0.593053 1.25064 1.84081 0.260091 0.311096 1.30121 1.62164 0.689662 1.0729 0.447622 0.244252 0.0490745 
0.751008 1.1556 1.55071 1.04675 0.755404 1.09728 1.14787 0.775961 0.52695 0.762141 -0.103238 0.0610649 
0.748447 1.12912 1.36618 1.4335 1.47989 0.906735 0.686565 1.66382 0.877809 0.442843 0.207205 0.0379585 
0.827036 0.793262 0.905658 0.78703 2.11958 1.2444 0.858129 1.13515 0.797067 0.235342 -0.0344582 0.0145093 
0.838114 0.974275 0.878709 0.630457 1.63935 0.194082 1.49095 0.32659 1.14104 0.429202 0.026954 0.0275024 
0.439073 0.339736 1.8925 -0.283863 0.712059 1.4722 0.916413 -0.772518 0.778639 0.194609 0.235805 -0.145691 
0.349063 0.0290281 1.74496 -0.785498 -0.280801 1.34919 0.800947 -1.11867 0.852458 -0.153586 -0.0402671 -0.494754 
0.256223 0.587902 3.01126 -0.923488 0.0890139 1.73337 0.839412 -0.625092 0.924494 -0.248972 -0.219573 -0.432872 
0.474615 0.731104 2.88465 -1.00436 0.469329 0.894537 0.605983 0.345868 0.893561 -0.384171 -0.236255 -0.403221 
0.416941 0.2476 2.27914 -0.452675 -0.39776 1.28573 1.45138 -0.338449 0.833735 -0.0988243 -0.182235 -0.818397 
0.354206 -0.24098 2.08899 -0.279135 -0.832633 1.15859 1.36689 -0.302324 1.15893 0.0451308 -0.0858229 -0.878833 
0.495523 -0.492383 1.79565 -0.514117 0.283733 0.951519 2.09484 -0.217057 0.710601 0.317818 -0.0333949 -0.594908 
0.334404 -0.644492 1.79555 -0.0274588 -0.272221 0.422917 1.99732 0.0280525 1.14448 0.225811 -0.178551 -0.800861 
0.342788 -1.55909 1.90193 0.0959773 -1.28221 -1.18032 2.91039 1.27014 0.29258 0.054697 0.209974 -0.402824 
0.180543 -1.73756 1.83913 0.614011 0.0323256 -2.19981 2.95527 1.88793 -0.0591826 0.274694 -0.157626 -0.395517 
0.305341 -1.78334 1.7989 0.46712 0.653719 -1.89591 2.88019 1.49846 -0.13762 0.564272 -0.296117 -0.214307 
0.401006 -1.69597 0.77981 0.898593 0.726948 -1.40488 1.85132 1.1401 0.0789967 0.301728 0.027852 -0.466482 
0.363778 -2.50442 0.415242 0.164762 1.04158 -1.84358 0.817672 1.99293 0.849204 0.619881 -0.263962 -0.55045 
0.38562 -2.75244 0.589465 0.392301 0.406762 -1.23373 1.17866 1.96405 1.38928 0.573928 -0.090858 -0.37578 
0.418781 -2.53874 0.547834 0.65553 -0.279431 -1.56676 1.64309 2.35732 1.20324 0.685007 0.186695 -0.313777 
0.740841 -2.72522 -0.843058 0.502186 0.532927 -0.643001 0.888819 1.46874 0.698817 1.04899 -0.2024 -0.476361 
0.848799 -2.61126 -1.51838 0.0194362 1.03463 -0.860059 1.35467 0.93158 -0.148728 1.36558 0.0047021 -0.169486 
1.15228 -2.24972 -0.198265 0.664545 1.5156 -0.0165417 2.64416 0.39703 -0.674128 0.356539 0.212514 0.279764 
1.56995 -1.29643 0.763792 1.80071 1.19978 1.60706 2.67516 1.38638 -0.388465 0.206413 0.630873 -0.0620225 
1.97783 -0.840256 -0.223054 1.46578 2.39176 1.31277 2.79127 0.505545 0.216394 0.229052 0.125034 0.0381557 
2.06418 -0.627628 -1.04098 0.804427 3.66416 1.21435 2.45305 0.0857876 1.15316 0.188169 -0.236716 0.178615 
2.07762 -0.449268 -1.29391 0.964066 3.24216 1.73183 2.22235 0.603607 0.644757 -0.0388108 0.0835433 0.170173 
2.07977 -0.446825 -1.16616 1.24972 3.51288 1.96854 2.05427 0.280468 0.421809 -0.068081 0.180621 0.268264 
2.08903 -0.336693 -1.80715 1.44388 3.5545 2.35927 1.4711 0.352306 0.978084 0.00148354 0.118964 0.14243 
1.92481 -0.425915 -1.88437 1.95779 4.06451 2.00842 1.22157 0.556778 1.08685 0.0289106 -0.0276464 0.0848774 
1.86516 -0.112892 -2.01141 1.49974 4.89141 2.04525 0.48468 0.914468 0.76579 0.592228 0.004957 0.078539 
1.84089 -0.057399 -1.86836 1.31963 4.87461 2.63684 -0.202752 0.981716 0.580289 0.830099 0.189627 -0.00630319 
1.88515 -0.247349 -1.9611 1.57111 4.76664 2.82604 -0.550787 0.955395 0.711437 0.814403 0.136255 -0.0356339 
1.89919 -0.450507 -2.28772 2.1681 4.83502 2.49833 0.228809 0.285332 0.940017 0.538681 0.0640589 -0.00623511 
1.98958 -0.58681 -2.04436 1.70191 4.97904 2.37705 0.698947 0.262092 0.89699 0.49795 -0.0143361 -0.0371789 
1.95365 -0.314703 -2.2714 1.72573 4.98318 2.46269 0.176025 0.813671 0.844321 0.706631 -0.12322 -0.0758128 
1.83388 -0.162652 -2.36231 2.3301 4.86132 2.3105 -0.250397 0.721105 1.03493 0.867893 -0.114929 -0.0727817 
1.77309 0.185481 -2.57617 2.6012 4.68469 2.1394 0.315062 0.564367 1.01244 0.62903 -0.0906526 0.0267487 
1.76597 0.326779 -2.41339 2.34745 4.52896 2.48751 0.0188758 0.419028 0.925811 0.805571 0.12585 0.0112627 
1.59584 0.138314 -1.69982 3.36228 5.05981 2.60132 -0.562429 -0.0521272 0.965966 0.921457 0.222471 0.0124391 
1.7159 0.0699366 -1.47705 2.57117 5.37006 3.00406 -1.40211 0.282447 0.795762 1.21443 0.361342 -0.00911722 
1.79538 -0.0086578 -2.2753 2.49117 4.45126 3.32167 -0.550484 0.33322 0.765775 1.04753 0.252868 0.0487588 
1.69532 -0.268645 -1.99514 1.62918 4.63681 3.27538 -0.709588 1.05968 1.10832 0.878461 0.141257 -0.0976727 
1.7352 0.00372727 -1.86368 2.30752 5.05481 2.05507 0.0542638 0.0313789 1.21426 0.877594 0.247361 -0.0167701 
1.81493 0.453204 -2.4182 2.45411 4.16834 2.60011 0.399843 0.286315 1.0567 0.668612 0.15658 -0.0495663 
1.82006 0.885395 -2.14527 2.514 3.8088 2.65102 0.49805 0.96987 1.16169 0.496399 -0.300668 -0.101472 
1.87162 0.754815 -1.96365 2.95073 4.41813 2.30138 0.654825 0.405284 1.31197 0.419379 0.0292785 0.0138933 
1.87903 0.732382 -2.12064 3.01283 4.27997 1.9859 1.47771 0.69161 1.55848 0.325165 -0.0937665 -0.0551704 
1.71208 0.964797 -1.8595 3.02677 4.17123 2.2577 1.26895 0.772703 1.33602 0.616384 0.0231621 0.0408511 
1.6258 1.01545 -1.68793 2.67113 4.77505 2.38608 0.809336 0.496195 1.30346 0.586098 0.253271 0.143795 
1.5461 1.15969 -0.7842 2.25818 4.90762 3.06762 0.689032 0.355295 1.04619 0.469318 0.334303 0.0612942 
1.61191 1.15317 -0.821038 2.16931 4.84921 2.58638 1.22925 0.62179 1.14013 0.457834 -0.0813325 0.0151647 
1.70616 1.14456 -1.29505 3.08698 5.24216 2.43932 0.564151 0.18214 1.04359 0.779008 0.238295 0.11251 
1.61621 1.03386 -0.931006 2.53251 5.14898 2.6362 0.215536 0.619463 1.33584 0.660368 0.227522 0.036115 
1.70432 1.07891 -0.609353 1.49332 4.38817 3.56307 0.510109 1.10994 1.27828 0.439966 0.162659 -0.0498392 
1.78636 0.950134 -0.309196 2.6782 5.32142 2.88645 1.15462 0.331953 1.32553 0.584031 0.0825897 0.0340936 
1.71358 0.900685 -0.436694 3.34862 5.49712 2.9374 0.470534 0.610745 0.994523 0.882944 0.159012 0.105804 
1.85567 0.521455 -0.695892 2.62384 5.29669 2.57857 0.682934 1.09817 0.880785 1.08199 0.0828214 0.112287 
1.81692 0.862965 -0.508934 2.87758 5.37598 2.59339 0.87922 0.437593 1.48595 0.831737 0.236486 0.0987211 
1.78292 0.900797 -0.512161 2.91614 5.58395 2.86517 1.21908 0.0504507 1.62261 0.858723 0.370199 0.0933784 
1.72306 0.976055 -0.331958 2.50418 5.10724 2.8021 1.50085 0.380288 1.72528 0.811464 0.204153 0.0560416 
1.87636 1.11964 0.0202933 2.27845 5.63167 3.39082 1.15983 0.675084 1.35868 0.795132 0.181802 0.0336055 
1.90185 0.903254 0.11653 2.80193 5.87821 3.73058 0.234004 0.612855 0.776304 0.990343 0.414771 0.0551148 
1.98539 0.682857 -0.78256 2.93378 5.79356 2.36013 0.459524 0.476204 0.80546 1.05476 0.0615184 0.0499302 
1.73224 0.699042 -1.16101 2.67319 5.4703 2.06681 0.796039 -0.00870495 1.22085 0.595872 0.0901557 0.0844174 
1.66115 0.635073 -1.01578 1.96843 5.09981 2.55919 -0.0948386 0.153661 1.16921 0.64481 0.301762 -0.0719611 
1.71082 0.756372 -0.687474 2.39551 5.27986 2.53631 0.106656 -0.122422 0.438739 0.77684 0.213363 -0.021496 
1.69575 0.912938 -0.612774 2.95229 5.01911 2.18872 1.21389 0.0903786 0.805387 0.657738 0.254519 0.168471 
1.75438 0.920903 -0.110936 2.37501 5.50749 2.50931 1.10687 0.744883 1.09377 0.857811 0.00458905 0.0725635 
1.69736 0.700667 0.774991 2.45287 6.11348 2.8819 0.99057 0.546186 1.02957 1.01229 0.312878 0.158754 
1.71517 0.831395 0.796344 1.98941 5.17865 3.46946 1.06084 0.700878 1.0974 0.478663 0.303189 0.184853 
1.56063 0.796161 0.454354 1.95001 4.14397 2.45043 1.39257 1.3692 2.01925 0.295188 -0.182295 0.0983906 
1.65634 0.91357 0.743834 1.90533 4.24026 3.25366 1.84246 0.87124 1.39849 0.736422 -0.31479 -0.0230481 
1.6788 0.851827 0.73152 2.15335 4.08821 3.50145 1.08256 1.33084 1.38273 0.77847 -0.414657 -0.136521 
1.49078 0.808479 1.21308 2.27964 3.96935 1.68236 0.683853 0.47685 1.45325 1.12612 -0.0116777 -0.0964742 
1.47259 0.774095 1.09376 2.47512 4.34953 2.08525 1.11173 0.893835 1.58175 0.557628 -0.145907 0.0609776 
1.53017 0.990654 1.15518 2.32456 4.13189 1.94736 1.94291 0.278069 1.64323 0.751614 -0.0266985 0.112598 
1.54809 0.94003 0.685867 2.16199 3.50879 1.55821 0.965818 0.272378 1.90861 0.878011 0.621038 0.155811 
1.53082 0.745282 0.86015 1.94569 2.91921 1.52062 1.13671 0.951681 2.04355 1.01534 0.422133 0.139738 
1.33844 0.95617 1.82358 2.04214 1.91861 1.59602 1.61123 1.34346 1.32088 1.00324 0.426556 0.207528 
1.37481 0.96663 1.56493 1.82027 2.55332 1.89437 1.24853 1.25889 1.56664 1.00624 0.417527 0.19636 
1.49194 1.17749 1.72894 1.36388 3.28854 1.78863 0.389795 1.66127 1.95989 0.915378 0.350467 0.110948 
1.46503 1.12266 1.8838 2.00983 3.06441 1.38947 1.18671 0.598226 1.84001 1.17202 0.35983 0.2088 
1.53468 1.37524 1.31645 2.49082 3.6611 2.6184 2.75949 0.484148 1.98952 1.08858 -0.120452 0.10641 
1.5365 1.40028 1.48672 2.17145 4.18074 2.76935 2.07271 0.597669 1.94156 1.42151 -0.0664751 0.102015 
1.3657 1.50948 1.48649 1.5949 3.15276 1.43278 1.41908 1.53566 1.84933 1.02095 0.120804 0.160785 
1.51044 1.62124 1.91391 1.77093 3.17316 1.62702 1.11198 1.29944 1.79726 0.784695 0.142864 0.131972 
1.4819 1.75656 1.90843 2.22095 3.35477 1.23347 1.1116 0.686282 1.91766 0.986252 0.238963 0.170802 
1.4217 1.54959 1.84358 1.69654 2.49459 1.92908 1.31137 1.30937 1.71878 0.824381 0.437896 0.245283 
1.5549 1.38868 1.82946 1.30602 3.0407 1.25531 1.3728 1.40142 1.44672 1.09685 0.483526 0.26039 
1.45022 1.28632 1.65703 2.22941 3.60842 2.15732 1.02276 1.512 1.4704 1.27079 0.22473 0.141932 
1.36944 1.46471 1.96536 2.12846 1.93393 1.76097 0.566662 1.21447 1.7417 0.814252 0.685123 0.304056 
1.32157 1.64664 1.66153 1.78422 2.01015 1.55632 1.19396 0.894133 1.86693 0.672412 0.803745 0.284416 
1.21419 1.5237 1.79472 1.42546 2.42401 1.58923 1.24172 1.23292 2.12271 0.609163 0.451534 0.236766 
1.30399 1.48686 1.76067 1.74475 2.55632 0.961186 1.96363 0.688788 1.7439 0.62264 0.419381 0.262842 
1.43028 1.72253 1.57291 1.72294 2.59528 0.497514 1.91069 0.953685 1.16924 1.26144 0.357004 0.282716 
1.35254 1.62948 1.92457 1.82519 2.72163 0.916423 1.79825 0.960566 1.5536 1.16743 0.337225 0.286464 
1.33928 1.79096 2.1117 1.69858 2.72813 0.883821 0.884092 1.44289 1.50736 0.503962 0.762361 0.294383 
1.29036 1.64571 1.73533 1.58241 2.59324 1.79621 1.30635 1.69837 1.29006 0.297666 0.824704 0.275575 
1.27628 1.62913 2.01558 1.46207 2.60361 1.73631 1.83979 1.75542 0.760266 0.580233 0.444169 0.234406 
1.31285 1.71007 1.89607 1.33267 1.82311 0.847121 1.55036 0.672576 1.38278 1.12698 0.464434 0.251455 
1.20989 1.65964 2.21742 1.69395 1.58964 0.985572 1.66301 -0.701155 1.54379 1.47686 0.194819 0.223154 
1.18386 1.87709 1.71368 1.14261 1.33115 1.47683 0.630118 0.00753797 1.29806 0.710995 0.80419 0.209481 
1.25397 2.25565 1.55185 1.26303 1.58243 1.25484 0.411089 0.748679 1.33465 0.673075 0.958776 0.262912 
1.1407 1.81845 2.09825 1.52657 1.70061 1.81571 0.705968 1.07412 1.87008 0.592939 0.680678 0.273329 
1.19347 1.88211 2.29326 1.28837 1.81848 1.63189 0.66804 0.880597 1.91878 0.667612 0.695012 0.311066 
1.36168 1.93624 2.16557 1.3468 2.04302 1.12256 1.48861 0.800055 1.55481 0.780033 0.543283 0.301454 
1.25191 1.43717 2.2881 1.41454 1.82369 0.978715 1.14357 0.731581 1.2933 0.95938 0.927972 0.314093 
1.19045 1.59601 2.19146 0.864134 2.42371 1.40715 1.59871 1.14862 0.93476 0.897735 0.582396 0.250395 
1.11877 1.48132 2.20072 1.03178 2.46351 1.13423 1.91891 0.920485 0.854512 0.434185 0.443329 0.233657 
1.00822 1.62532 1.96436 1.12681 1.78415 0.342975 0.54761 0.376159 0.606746 0.39745 0.854463 0.0463933 
1.1432 1.90712 1.95106 1.12479 1.9715 0.398432 1.03754 0.549779 0.111177 1.11234 0.437604 0.150891 
1.16449 1.59187 1.83275 1.0069 2.34699 1.00177 1.26536 0.0524537 0.583932 0.846129 0.442785 0.154365 
1.10382 1.35183 2.01057 0.648274 1.4076 1.65106 1.10992 1.00868 1.38625 0.702358 0.0689503 0.0682482 
0.971563 1.64395 2.02951 1.44604 1.88615 1.02698 1.08821 1.50202 0.985167 0.687796 0.413988 0.154039 
1.13162 2.01081 1.94155 1.26951 1.96013 0.200265 1.71526 0.495421 0.777874 0.594835 0.781972 0.249646 
1.25356 1.66759 1.89707 1.14893 2.10097 0.0973794 0.669154 0.307002 1.95563 0.150967 0.916577 0.284693 
1.28186 1.14873 2.00019 0.714881 2.26126 0.559856 0.602739 1.43915 1.68802 1.33816 0.707049 0.219592 
1.16025 1.52357 2.12146 1.06509 1.74626 -0.0077566 1.43426 1.43684 0.907927 1.61747 0.920873 0.309715 
1.11433 1.41193 1.71167 1.41091 2.86881 0.906297 1.49838 0.376803 1.15085 0.451261 0.727946 0.223983 
1.08826 1.7147 1.92362 1.56987 2.44041 0.874865 0.778976 0.253636 1.41366 0.690637 0.4282 0.171003 
1.167 1.96754 2.28424 1.10325 2.79697 1.41839 -0.585017 0.537516 0.988074 0.776476 0.200071 0.0612986 
1.16046 1.89325 2.52168 1.26016 2.79083 1.0493 -0.239911 0.363062 0.767563 0.903894 0.391615 0.127575 
1.24511 1.66562 2.40109 1.60806 2.11208 0.711155 0.550634 1.04347 0.320815 0.946986 0.373959 0.152028 
1.19691 1.37074 2.19254 1.24088 2.07248 0.775727 1.42349 1.81055 0.842001 0.771834 0.561288 0.208836 
1.38711 1.57746 1.69374 0.956545 2.41489 0.911059 1.8036 1.00549 0.420074 0.622151 0.679631 0.300308 
1.27937 1.58885 1.39812 2.11094 1.84485 1.37034 1.29302 -0.0719759 0.652994 0.500465 0.789872 0.179043 
1.20174 1.53366 2.2898 1.23086 2.25446 1.29203 1.30199 0.6687 0.563711 0.31167 0.587123 0.184751 
1.06728 1.2854 1.85447 0.706685 1.74121 0.725301 2.25391 0.41117 0.622463 0.564154 0.557613 0.194946 
0.943687 1.01095 1.99682 1.19919 1.25561 -0.160282 0.923053 -0.296151 -0.285608 -0.245448 0.103008 -0.0171311 
1.11418 1.00803 1.69648 1.0606 0.598259 0.220032 1.536 -0.193852 0.731708 -0.46632 -0.189464 -0.0447347 
1.12865 1.20191 1.85913 1.34639 0.676702 1.016 1.22074 -0.290736 1.27379 0.387786 0.243443 0.104274 
0.947684 1.48198 1.9423 1.70231 1.79153 1.29062 0.012963 0.303099 0.814634 0.585239 0.530293 0.0403487 
0.933897 1.50627 2.11067 1.18626 1.90373 0.88673 0.617941 0.199017 0.490202 0.837176 0.428036 0.0660848 
0.993738 1.75143 2.20355 0.746838 1.40628 0.0274091 1.508 0.426194 0.425415 0.0532378 0.599723 0.114219 
0.896618 1.69591 2.05888 1.11526 1.07126 -0.0213355 1.82233 0.0237022 0.651776 -0.260221 0.514873 0.000865627 
