0.484507 0.428076 1.72738 1.72443 0.425547 1.91718 2.26137 0.956308 1.04901 0.898795 0.0118971 0.0349985 
0.40004 0.224738 2.03397 0.854894 0.592566 1.60468 1.15532 0.220516 0.286226 0.482766 0.65414 -0.207941 
0.199728 -0.222984 1.68112 1.54053 -0.370472 1.27236 1.24791 -0.0645809 0.831828 0.375038 0.272307 -0.0909079 
0.100578 -0.630446 2.15222 1.68548 -0.730071 1.2955 1.37185 0.543617 0.894784 0.628377 -0.337219 -0.241955 
0.0542899 -0.500129 3.16785 1.45187 0.648987 1.03934 1.92251 0.35916 0.259993 0.973576 -0.375309 0.145281 
-0.269624 -0.520051 3.67211 1.55953 -0.0245996 1.07198 2.06319 0.896232 -0.154955 1.06825 -0.348655 0.28787 
-0.323167 -0.787766 3.28696 1.43762 -0.408631 0.501778 1.56219 0.155078 0.0864133 0.695153 0.285432 -0.0522016 
-0.619558 -0.861261 3.58448 1.78665 -0.103749 0.530523 1.6946 0.254842 -0.129766 0.702552 -0.147798 -0.0840548 
-0.70977 -0.997276 3.14925 2.04333 -0.648813 1.11058 0.946489 -0.122115 0.426871 0.497025 -0.331249 0.100801 
-0.849579 -1.29686 3.77504 1.5484 -0.6426 1.28164 0.781544 -0.704192 1.37066 0.548146 -0.197217 0.113638 
-0.822748 -1.22672 4.17221 0.808906 -0.617868 0.898014 1.35425 0.228647 0.207512 0.923399 -0.0757894 0.155276 
-1.00716 -0.820642 4.35644 0.876507 -0.989489 0.693517 1.87603 -0.0731162 0.359328 0.516518 -0.147625 0.23099 
-0.94431 -1.13908 4.04517 1.7739 -1.47876 0.950327 2.85951 -0.992638 0.200909 0.68455 -0.0236012 0.113218 
-0.987116 -1.34749 3.97671 0.943118 -1.33852 1.17059 2.13785 -0.170616 0.572545 0.59297 0.321391 0.171718 
-0.819805 -1.07627 3.79952 -0.145238 -2.5171 0.455896 2.42863 0.369527 1.12898 1.16335 0.28097 0.1715 
-0.92162 -1.13512 3.46843 -0.215502 -2.09793 -0.22351 2.29206 0.820594 0.891721 1.38151 0.0672142 0.125281 
-0.90694 -1.5843 3.71515 0.0523708 -2.60465 0.369141 2.19984 0.354448 0.917673 1.18191 -0.09779 0.165951 
-0.965368 -1.46753 3.68385 -0.00593439 -3.36217 0.326386 2.3323 -0.094549 1.0997 1.18168 0.110236 0.0671403 
-0.953066 -1.34585 3.45632 0.672634 -1.72214 0.407623 1.84536 -0.135214 1.12042 0.718017 0.162791 0.16438 
-0.838835 -1.3213 3.34426 0.38216 -2.11537 0.569927 1.47911 0.680254 0.709049 0.892068 0.201935 0.249614 
-0.767708 -0.950654 2.97596 -0.469926 -2.17576 0.443917 2.37143 0.477326 1.21716 1.19286 -0.00613493 0.177031 
-0.567399 -0.648354 2.53101 -0.482007 -1.22118 0.175184 2.04843 0.672245 1.27941 0.490102 0.0405913 0.0341588 
-0.0932203 -0.634588 2.91527 -0.192974 -2.04623 0.473266 2.08129 0.615272 2.00031 0.573309 -0.121128 -0.0483496 
0.114218 -0.254649 3.31373 -0.417786 -1.45443 0.716076 2.4468 1.24937 1.50697 0.693195 0.0677452 -0.169622 
0.892939 0.266298 1.97649 -0.649318 0.0267046 1.91311 1.71284 0.549803 0.900331 1.03137 0.00761379 -0.51381 
1.79012 0.57621 0.6014 0.0696467 0.903785 1.79716 1.30617 0.233394 1.29238 1.10757 -0.512883 -0.607499 
1.99823 0.324052 0.097236 0.431902 1.27541 1.30182 1.40141 0.464404 1.34561 1.05042 -0.404798 -0.674275 
2.00019 0.465779 0.728944 -0.239809 1.09579 1.8524 1.13151 0.760892 1.1682 0.621479 -0.675202 -0.684198 
2.11344 0.281444 0.45445 -0.151794 1.51835 2.15965 1.25072 0.282744 1.29915 0.681324 -0.747999 -0.718038 
2.0533 0.320041 -0.168722 0.461967 1.35679 1.56488 2.11661 -0.287587 1.58413 0.649159 -0.780785 -0.778384 
2.17497 0.262285 -0.169123 0.425831 1.53961 1.89285 2.22616 -0.376077 1.41083 0.55554 -0.704858 -0.643786 
2.15851 0.429614 0.281501 0.189332 1.78638 2.36863 2.05294 0.0344844 1.34267 0.461839 -0.803968 -0.569264 
2.07461 0.113021 0.570099 0.799987 1.0934 1.98376 2.05989 0.68824 1.62716 0.460886 -0.995789 -0.620102 
1.82602 0.252147 0.635001 1.07338 1.27546 0.813438 2.71707 1.23239 1.17814 0.129106 -0.777944 -0.400989 
1.74334 -0.0505829 1.26203 0.839303 1.36624 1.01705 2.52045 1.29571 0.909156 0.422825 -0.525335 -0.274353 
1.64755 0.184912 1.56681 0.453464 1.90573 2.37239 1.72889 0.789102 1.03521 0.215592 -0.861447 -0.258814 
1.75291 0.447289 1.51948 0.522833 2.19952 2.53252 1.90651 0.954446 1.2695 0.0850014 -0.766497 -0.131575 
1.83658 0.135799 1.39792 0.445814 1.06791 2.33731 2.35768 1.65525 1.49888 0.370752 -0.242774 -0.0257992 
1.8481 -0.0450861 1.15843 0.722206 1.37423 2.0152 2.60921 1.74945 1.40645 0.786648 -0.204478 -0.165301 
1.72965 0.105106 1.71574 0.522155 1.16284 2.61477 2.81655 1.15159 1.63351 1.04646 -0.400918 -0.113709 
1.61164 0.591259 1.55113 0.475784 1.37795 2.95496 2.90998 1.11229 1.92809 0.673567 -0.372915 0.0759404 
1.53253 0.483445 1.73155 0.619883 2.20509 2.78868 2.59836 1.33134 1.81724 0.851866 -0.599661 0.0165194 
1.64583 0.366935 1.52877 1.1087 1.72847 2.52033 2.9159 0.639644 1.71731 0.603065 -0.438869 0.0829791 
1.58629 0.478196 1.49062 0.740577 1.41185 1.96817 2.96559 1.48061 2.13035 1.23681 -0.399433 -0.106091 
1.63027 0.504162 1.75471 0.849588 2.23925 1.67587 2.29359 1.88769 1.62897 1.51185 -0.458787 -0.231379 
1.66942 1.04292 1.37673 0.803421 1.69012 1.985 2.44936 1.06008 2.10273 1.40558 -0.4695 -0.188834 
1.68187 0.943694 1.65403 0.86424 1.67033 2.2732 2.51975 1.62544 1.96287 1.51424 -0.636171 -0.279124 
1.58998 0.937279 2.03862 0.356587 1.13941 1.6252 3.28358 1.67754 1.79259 0.565952 -0.566841 -0.0501755 
1.86632 0.666185 1.99336 -0.563337 -0.6816 0.175321 2.08277 1.25716 1.51829 0.443094 0.519875 0.362466 
1.64218 0.492032 2.22672 -0.667921 -1.64433 0.00529194 2.3626 0.0526815 1.20146 0.752412 0.572358 0.305588 
0.826594 0.511002 3.11884 -0.0715632 -1.4802 1.08203 2.40907 0.440727 1.7452 0.739591 0.506381 -0.0928394 
0.380209 0.837154 3.49569 0.10167 -2.06522 0.648419 2.42363 0.778769 2.06468 0.651514 0.178723 -0.0283464 
0.251562 0.721549 3.49017 -0.123224 -1.84509 0.906021 2.63612 0.233222 2.15673 0.700828 -0.131679 -0.157567 
-0.0141103 0.27884 3.78416 -0.16328 -0.922292 0.240229 2.72815 1.22726 1.32076 0.74705 -0.333384 -0.0642796 
-0.111234 0.178481 4.08168 -0.450085 -1.25352 0.0550453 2.98082 1.11314 1.41669 0.868117 -0.0441809 -0.166626 
-0.0778425 0.464272 3.62032 0.430479 -1.09323 0.195478 2.59629 1.19447 1.86089 0.941903 0.496577 -0.371384 
-0.0571166 0.434008 3.49676 0.838766 -0.284391 -0.437418 1.91709 1.95177 1.47385 1.55976 0.0545703 -0.0124962 
-0.190844 0.0866237 4.2323 0.933481 -1.87371 1.48829 2.77696 0.893266 1.60569 0.740537 0.207187 0.107424 
-0.243091 -0.000688736 3.88524 0.74829 -2.12977 0.534886 3.24283 0.261722 1.11374 0.395325 0.223665 0.140685 
-0.245147 0.0821107 4.30417 0.665541 -1.74665 0.351242 2.8927 1.01942 0.575751 0.699854 0.193709 0.148093 
-0.404333 0.0179311 3.97357 0.862388 -2.41765 1.55339 4.07145 0.95375 1.4131 0.875688 -0.149136 -0.0784481 
-0.381205 -0.0962414 4.2797 1.32206 -1.62243 1.86632 3.23089 0.477855 1.08346 0.992627 -0.135468 -0.0184684 
-0.504606 0.0702872 4.60718 1.98235 -1.48556 2.20943 2.72851 -0.545238 1.38303 0.67059 0.0735059 -0.0580717 
-0.53409 0.233082 3.82392 2.24652 -2.30742 2.01826 3.17133 0.118211 1.60036 0.320211 0.584118 -0.406082 
-0.541078 0.319079 3.91703 2.13321 -2.20188 1.45212 3.116 0.528668 1.55559 0.428067 0.654269 -0.296677 
-0.422628 0.0662033 4.09901 1.41387 -1.50372 0.9218 3.34259 0.691703 1.26868 0.730727 0.345573 -0.127596 
-0.381322 -0.135518 4.1689 1.56901 -1.64437 1.65389 3.82293 -0.221619 1.66717 0.591086 0.306058 -0.133108 
-0.430472 0.0103807 4.12071 1.30987 -1.46984 1.55011 4.29368 0.445982 1.59762 0.63596 0.399118 -0.137618 
-0.478479 0.0761157 4.37975 1.79584 -1.27966 1.30871 3.15815 1.08522 0.99204 0.609339 0.640761 -0.0106467 
-0.319957 0.264566 3.79856 1.59628 -1.81473 0.112745 2.75128 0.741649 1.08811 0.700104 0.556094 0.0171129 
-0.115687 0.163617 3.78935 1.59141 -1.75199 -0.987917 2.89411 0.283756 1.39575 1.1098 0.684827 -0.0273886 
-0.126929 0.603569 3.93895 1.90011 -1.47497 -0.498164 2.58786 1.48414 0.909839 1.3838 0.8827 -0.0627776 
-0.242206 0.652716 3.58352 1.90224 -0.805018 0.300047 3.20701 1.69801 0.890825 0.839318 0.782141 -0.0879799 
-0.0953312 0.0322943 3.72123 2.50552 -0.700473 0.767489 3.55931 1.20056 1.01663 0.549185 0.821425 -0.0630915 
0.131773 0.145238 4.01647 2.05722 -1.12365 0.88952 2.9949 1.11957 1.22424 1.04964 0.560795 0.0410225 
0.140975 0.369062 3.97823 2.35929 -1.31027 1.17093 3.04884 0.315971 1.55194 0.951756 0.703959 -0.0443964 
0.164645 0.445163 3.88362 2.76515 -1.77887 0.414886 2.69611 0.758472 1.70135 1.05461 0.909055 0.0455202 
0.0717547 0.604358 3.99915 2.22917 -0.977865 0.331689 3.16267 0.762622 1.28847 1.16295 0.860534 -0.0525208 
0.172667 0.24539 3.55514 2.41116 -0.0848857 1.1325 3.28429 0.170679 1.23087 0.953959 0.510199 -0.0555579 
0.341406 0.441314 3.76863 1.19645 -0.173171 0.697534 2.68887 0.354676 1.32566 1.19413 0.558188 -0.0872957 
0.296423 0.189667 3.90794 1.23607 -0.614069 0.885579 3.65053 0.596789 1.58213 1.08315 0.401205 0.0322104 
0.386011 0.137407 3.45562 1.26457 -0.470531 0.888679 3.65946 0.390878 1.56371 1.13247 0.16675 -0.0280793 
0.43971 0.0256868 3.30694 1.66606 -1.38534 0.645962 3.4597 -0.36376 1.20167 0.956818 0.173814 -0.145888 
0.46314 0.20111 3.01014 1.36983 -0.846126 0.818594 1.4908 0.0860847 0.727585 0.641982 0.589042 -0.0747807 
0.461373 0.324971 3.15859 1.47154 -0.461525 1.7209 2.31217 0.469489 1.29857 1.08754 0.879413 -0.232231 
0.394178 0.131238 3.25713 2.08945 -0.844356 1.38562 3.04328 0.682345 1.53798 1.08994 0.654946 -0.142589 
0.557001 0.234126 3.0685 2.23034 -0.70221 1.17355 3.78091 0.0377697 1.07838 0.886311 0.225999 -0.0381961 
0.498554 0.661519 3.50741 2.44224 -0.73879 0.936835 3.13036 -0.307288 0.899691 1.03779 0.358651 -0.0605655 
0.539483 0.63664 3.58597 1.89447 -0.323541 0.869431 2.93792 0.183216 0.447585 1.12587 0.302928 -0.0873082 
0.558503 0.32655 3.04092 1.85051 0.100245 1.64512 2.99932 0.110673 0.0980125 0.965281 0.089067 -0.0982776 
0.616844 0.564331 2.89429 1.99081 -0.0318652 1.90074 3.14985 -0.566253 0.814818 0.738948 0.0155004 -0.0274052 
0.670289 0.330576 3.202 1.65985 0.05036 1.43862 3.25264 0.239937 0.147831 0.536993 -0.0412598 -0.0129041 
0.644126 0.383665 2.69752 2.22597 -0.178884 0.830553 3.18955 0.363453 0.487275 0.622322 0.356224 -0.0592721 
0.598099 0.572379 2.81649 1.48122 -0.798638 0.358977 3.14123 0.457821 0.28543 0.460492 0.310323 -0.192317 
0.782476 0.413009 2.65556 1.22286 -0.258008 1.33863 1.6915 0.592405 0.774808 0.739283 0.268694 -0.0595896 
0.799543 0.619409 2.49801 1.07705 0.200523 0.779253 1.44686 0.477195 1.5741 0.952782 0.565305 0.0101802 
0.722112 0.470107 2.47323 0.985952 0.607114 0.81716 1.88529 0.204222 0.374136 0.739176 -0.0157471 -0.0692499 
0.689265 0.426911 2.82137 1.49375 0.676883 1.05398 1.6912 -0.639541 0.426854 0.861697 -0.22075 -0.0201768 
0.717713 0.89773 2.27413 2.31316 0.533568 0.164664 1.68765 0.0807525 0.861212 0.770288 0.0759177 0.0125284 
0.690787 0.897305 2.32437 1.43761 -0.338211 0.284032 1.70015 0.765745 0.663776 0.713199 0.431929 -0.0487949 
0.572758 0.709649 2.16001 1.39478 -0.419048 -0.675077 1.43629 0.689145 0.999813 0.738669 0.533127 0.0211301 
0.758312 0.843107 1.88677 1.66535 0.524142 -0.431509 2.22456 0.561646 0.608223 0.996599 0.28928 0.05437 
0.795994 1.04657 2.44523 1.53035 0.373269 0.263306 2.25584 -0.573077 1.29473 1.4641 0.355753 0.0798616 
0.803199 1.09667 2.54011 1.22649 0.94743 0.747816 2.46644 -0.180785 0.981416 1.53929 -0.0298326 0.131969 
0.890256 1.36263 2.21619 1.85647 1.18832 0.393521 1.82793 0.632974 -0.135596 1.54993 -0.0833598 0.0816416 
0.976975 1.20342 2.24472 1.66811 1.23394 0.117988 1.94153 0.997102 -0.321199 0.669877 -0.0861426 0.0112584 
0.838285 1.03061 2.26005 1.50207 1.63411 0.722277 1.29677 0.962053 0.302113 0.261043 0.0989812 0.0674631 
0.647234 1.05797 2.28733 1.78229 1.82375 0.376784 0.927876 0.776244 0.262189 0.481293 -0.339941 0.189012 
