0.676573 1.08739 1.36502 1.27911 1.76667 1.18188 1.49996 0.745419 1.58724 0.000483304 0.303782 0.13724 
0.69007 1.33052 1.38566 1.38695 1.46389 0.258195 0.726612 0.58652 0.613293 0.761074 0.398237 0.0826697 
0.576483 1.20639 1.26505 1.72775 0.697667 1.08326 0.709402 0.0063039 0.724658 0.686303 0.202753 0.0297432 
0.57103 1.32652 1.42493 1.58176 0.917418 0.422899 0.284255 -0.350075 0.962164 0.549299 0.362193 -0.0232596 
0.706858 1.04594 1.63712 1.05849 1.03786 0.366249 0.544677 0.710983 1.067 0.655133 0.650559 -0.000450963 
0.72901 1.18006 1.15644 1.3353 1.81204 0.469733 1.02845 1.45674 1.57753 0.521648 0.201133 0.103892 
0.683179 1.21652 1.26546 1.90963 1.7908 0.249666 0.807922 1.042 1.04426 0.778368 -0.0582044 0.187975 
0.538457 1.01368 1.54522 1.63038 1.31303 0.823027 0.454997 0.550075 0.156545 0.559987 0.206808 0.0783742 
0.695565 1.33028 1.99607 1.83534 0.539205 0.736153 1.09644 1.17865 0.111865 0.659154 0.353834 0.106578 
0.650307 1.50352 1.91829 0.808774 1.19082 1.111 0.193934 0.770392 0.16277 1.00528 0.0902062 0.171139 
0.570514 1.36034 1.87185 0.917473 1.70106 1.53562 0.243293 -0.0974109 0.763314 1.02414 0.413985 0.0255159 
0.606713 1.20378 1.38154 1.2682 0.988791 0.541537 1.49345 0.0918102 0.705568 0.263997 0.0218439 0.0905974 
0.573047 1.09513 0.993053 1.36421 1.01517 0.797146 1.2243 1.00481 0.248639 -0.143824 0.446699 0.0797198 
0.700571 1.26671 1.56901 1.07174 1.67822 1.04586 1.50734 1.18755 0.389915 0.243427 0.560842 0.0751216 
0.832311 1.36357 1.40409 1.26935 0.90987 1.3311 1.90179 0.889056 1.12469 1.05882 -0.362383 0.191972 
0.613055 1.08946 1.47807 0.974361 1.69717 0.950049 1.02897 1.46805 1.32139 0.564975 -0.207619 0.171178 
0.991197 1.30294 1.76127 0.573889 1.40404 1.45624 1.06785 1.4762 1.07231 -0.385793 0.0553861 0.0125612 
1.42207 1.3845 0.712943 0.166473 0.851465 1.2596 1.31198 1.07467 1.16732 -0.149483 -0.753071 -0.413453 
1.39893 2.08679 1.16996 0.766725 0.938237 1.00976 1.82834 1.31075 1.10504 0.137114 -0.740302 -0.309999 
1.41551 1.71521 0.660211 0.24463 1.53134 1.28548 1.5826 1.44443 0.303718 0.329818 -0.663271 -0.242532 
2.0441 1.40023 -0.405382 0.651391 1.88548 0.967158 2.28278 0.501374 0.549323 0.128922 -0.717729 -0.568416 
2.12852 1.43018 -0.437437 0.614048 1.72346 1.06089 2.44683 0.0710711 0.970209 0.0311872 -0.547726 -0.587735 
1.88476 0.875169 -0.568374 1.38416 1.05516 0.342268 3.48096 0.339993 0.350362 -0.31755 -0.293155 -0.487969 
1.74606 0.724768 -0.0618954 0.322425 1.34855 0.583249 3.05011 0.129653 0.618354 -0.408677 -0.633567 -0.31909 
2.04265 0.590576 -1.16114 0.732366 2.96347 0.835503 0.891759 0.0107155 1.38249 0.182164 -0.669682 -0.628505 
2.19304 0.821055 -0.951425 1.05987 3.2125 0.795727 1.21238 0.232684 1.2199 0.10104 -0.90381 -0.681996 
2.4322 0.129645 -1.57601 0.896554 2.79337 0.497881 1.94698 0.200405 1.18338 -0.0300277 -0.588977 -0.475665 
2.4661 0.359636 -1.63371 1.42062 2.45129 0.511628 1.68701 0.133026 1.1958 -0.166741 -0.582926 -0.634746 
2.33607 0.94191 -0.597098 1.49632 3.25905 1.24064 1.43698 0.277979 0.555257 0.117761 -0.686866 -0.577283 
2.62328 0.452632 -2.36525 0.352725 3.63846 0.683273 1.60301 -0.0682061 1.27965 0.235114 -0.640429 -0.543171 
2.26394 0.0617584 -2.51137 0.171451 4.08291 0.701817 1.30213 0.25628 1.13629 0.303219 -0.880538 -0.602932 
2.30139 0.0241047 -2.15365 0.305298 4.17948 0.37005 1.06782 0.62075 0.918355 0.418779 -1.01296 -0.625421 
2.42634 0.388675 -1.8253 0.705307 3.78263 0.898496 0.77587 0.592806 0.692107 0.191655 -0.939946 -0.648982 
2.22779 0.408107 -1.72482 0.69242 2.94544 1.11041 1.15354 0.745604 0.76466 0.0452335 -0.81454 -0.638183 
2.44258 0.156811 -1.89518 1.13819 3.52306 0.939377 0.919916 0.932281 0.72144 0.0110238 -0.924301 -0.626439 
2.40396 -0.295486 -2.26667 0.73308 4.6009 0.863988 0.500557 0.842708 0.550218 0.143346 -1.0649 -0.583428 
2.44809 -0.0403206 -2.48542 0.167796 5.26651 0.723718 0.384791 1.14844 0.519371 0.738635 -1.20624 -0.641054 
2.31012 0.106632 -2.41361 0.360855 4.52183 0.959839 0.316008 0.902063 0.604905 0.62926 -0.896303 -0.579332 
2.33496 0.0592441 -2.44439 0.166766 5.02614 1.05511 0.379902 1.14549 0.41371 0.715667 -1.02432 -0.564906 
2.4183 0.194965 -2.35839 0.676259 5.17236 0.95965 0.680885 0.828877 0.299645 0.451888 -1.06952 -0.419197 
2.138 0.10691 -2.6569 0.058631 4.86632 1.43696 0.467031 1.12735 0.188982 0.617687 -1.02695 -0.560201 
2.24357 0.320069 -2.13462 0.440464 5.02965 1.67913 0.0903402 1.1404 -0.32118 0.731137 -0.765003 -0.423959 
2.22893 0.141167 -2.50782 0.575596 4.61156 1.66752 0.512129 1.00552 0.255593 0.455554 -0.679359 -0.298832 
2.26343 0.141324 -2.33121 0.917218 4.60882 1.46513 0.526381 1.5855 0.563455 0.544603 -0.806911 -0.305799 
2.094 0.0701516 -2.17751 0.115479 5.20441 1.66765 0.639228 1.38619 0.334719 0.83218 -0.569144 -0.284962 
2.17945 0.0290346 -2.03894 0.936887 5.09395 1.57953 0.373432 1.41478 0.448187 0.629358 -0.708011 -0.276048 
2.21439 0.0519803 -2.73183 0.560741 4.85724 2.10882 0.435591 1.43055 0.583887 0.909805 -0.61918 -0.400606 
2.30653 0.0511519 -2.10401 0.89014 4.83137 1.41855 0.729023 1.57353 0.694989 0.713083 -0.740874 -0.392089 
2.15665 0.280159 -1.83483 0.434337 5.04043 1.17267 0.812245 0.941098 0.745848 0.846147 -0.648081 -0.306666 
2.15381 0.152035 -2.12617 0.10471 4.76647 1.67511 1.24868 1.03393 0.723804 0.741234 -0.569599 -0.370195 
2.31585 -0.263961 -2.52659 0.697582 5.12206 2.0607 1.02943 0.599579 0.763453 0.721169 -0.374107 -0.313228 
2.37657 0.0259551 -2.188 0.700707 4.63518 1.919 0.489155 1.08787 0.666626 0.749369 -0.471892 -0.41112 
2.29085 -0.00365681 -2.0124 0.441027 4.34563 2.08109 0.560737 1.12068 0.331452 0.557598 -0.506079 -0.464918 
2.20167 -0.103694 -2.26812 0.49977 4.96478 2.22279 0.511002 1.05833 0.694742 1.03775 -0.198212 -0.305254 
2.24202 -0.232466 -1.92033 0.298968 4.66363 2.4808 0.68955 1.73614 0.74755 0.774107 -0.270702 -0.344059 
2.19276 -0.411749 -1.87502 0.319539 4.96558 2.50532 0.270132 1.11491 0.763023 1.01507 0.0383628 -0.308833 
2.13603 0.100296 -1.30826 0.518376 4.35419 1.35301 1.00164 1.65651 1.35862 0.694419 -0.625535 -0.316742 
1.9157 0.0314511 -0.63039 0.257607 4.22978 2.16107 1.35251 1.56798 1.66169 0.728649 -0.382214 -0.274234 
1.97081 0.0958634 -0.600073 0.270711 4.15028 2.26201 1.01425 1.65393 1.41658 0.616826 -0.116107 -0.148412 
2.04826 0.464811 -1.54927 0.41597 4.33216 2.14056 1.14823 1.52127 1.47703 0.916081 -0.177727 -0.220942 
1.91992 0.396921 -1.35409 0.727999 4.61359 2.22177 0.893002 1.57399 1.11701 0.888982 -0.189768 -0.165605 
2.05116 0.421738 -1.02935 0.90143 3.8752 1.64588 1.19418 1.34373 0.811449 0.200184 -0.622325 -0.235563 
1.9943 0.131288 -0.906778 0.781733 3.69273 1.31466 1.35568 1.20293 0.803383 0.212892 -0.45374 -0.172657 
1.84909 0.0508852 -0.534836 0.811851 4.40353 1.36063 0.523149 -0.0242356 0.573929 0.224182 -0.575092 -0.306712 
1.86251 0.232222 -0.713818 0.385972 4.45307 1.27365 0.289471 0.447957 0.387529 0.290275 -0.592951 -0.383308 
1.95768 0.282438 -0.981652 0.403848 3.95138 1.90444 0.18504 0.34161 0.443746 -0.00274936 -0.525027 -0.408605 
1.87618 0.394924 -0.456605 0.180311 3.76531 2.07827 0.727006 0.158437 1.09108 -0.08026 -0.422826 -0.276043 
1.88847 0.489253 -0.720302 -0.197335 3.92817 2.05772 0.579412 0.79352 0.455792 0.556755 -0.312173 -0.479989 
1.86131 0.432523 -1.17215 -0.320411 3.58104 1.48836 1.11987 1.44837 0.714581 0.547512 -0.326884 -0.355541 
1.67097 0.469162 -0.982226 0.889697 2.84054 1.72484 0.827683 1.10862 1.86293 0.418558 -0.336287 -0.409488 
1.70604 0.482061 -0.712253 0.236462 3.61844 1.62988 1.25834 0.601615 1.51829 0.342594 -0.48835 -0.388148 
1.8575 0.43383 -0.0234194 0.770109 3.78261 1.7577 1.39182 0.126208 0.860476 0.585219 -0.192801 -0.118921 
1.85478 0.532348 -0.243294 1.02921 3.21841 2.121 1.3084 0.522937 1.52676 0.595194 0.0138659 -0.0823902 
1.77779 0.696022 0.0383906 1.35236 3.66523 1.97906 1.21608 0.60417 1.59026 0.447115 -0.310796 -0.155572 
1.73399 1.03923 0.267577 1.33105 3.20255 1.31806 1.55979 1.45182 1.86569 0.489369 -0.654845 -0.263554 
1.72888 1.1862 0.263649 0.991019 4.27296 1.07601 0.496706 1.02437 1.56343 0.717037 -0.080431 -0.122422 
1.73625 0.846512 -0.00890594 1.01043 4.30578 1.98393 0.925802 0.777243 1.14496 0.494791 0.0153425 -0.00759285 
1.63058 0.638849 0.487854 1.32653 4.50258 2.33064 1.85642 -0.19774 1.04721 0.806682 -0.184489 0.0410445 
1.66988 0.984662 0.844206 1.08793 3.88464 2.12985 1.05935 0.323014 1.3029 0.70424 -0.113175 -0.0814742 
1.9851 0.203668 -0.660707 0.459146 3.70118 2.40417 0.578402 0.260385 0.869792 0.947926 0.522018 -0.0123784 
2.0063 -0.118029 -1.14246 0.266353 3.35646 1.74807 0.43032 -0.122059 0.938052 0.743088 0.148139 -0.260738 
1.63086 0.325732 -0.473998 0.402909 2.42317 0.62576 1.49598 0.733676 1.2703 1.0092 -0.25611 -0.41799 
1.68063 0.428005 0.371741 -0.545302 2.5633 0.594039 1.4622 1.25773 1.51161 1.06704 -0.241543 -0.210373 
1.61146 0.585831 0.307119 -0.192744 2.99801 1.01613 0.761062 1.38278 1.14048 1.29157 -0.12962 -0.287809 
1.39267 1.04877 0.460927 0.415506 2.10974 1.71459 1.23728 1.01391 1.47222 0.639915 -0.138847 -0.0706482 
1.41691 1.01212 0.47607 0.509104 2.2223 1.54022 1.83698 0.792136 1.0172 0.00361418 -0.0407515 0.0652033 
1.5042 0.947894 0.86445 0.00144367 2.439 1.52525 0.774173 -0.0391588 1.28785 0.746308 0.237198 0.0649053 
1.51853 0.971066 0.950362 0.42179 1.71308 1.12897 1.39196 -0.236176 0.932635 0.901809 0.391203 0.163182 
1.43431 1.08263 1.33187 0.499309 2.05998 0.956917 0.645109 -0.0288424 0.885023 0.210561 0.473677 0.226752 
1.45261 0.999474 1.00311 -0.0128692 2.01594 1.50568 0.46801 0.548946 0.454089 0.926298 0.401392 0.0611305 
1.51126 0.965242 1.27927 0.344759 1.84974 0.554094 1.43651 0.106763 0.888715 0.852757 -0.344883 -0.0499453 
1.56709 1.04717 1.01074 0.381105 1.69813 0.230308 1.86516 0.361461 0.78682 0.646453 -0.825268 -0.21913 
1.44763 1.12409 0.449294 0.989741 1.36558 0.840876 1.25064 0.343192 0.886497 0.595596 0.0670807 -0.0527453 
1.13032 1.21043 0.699978 1.14383 1.6743 0.927045 0.898163 1.08848 0.728701 0.573129 0.650024 0.0907536 
1.34033 0.82834 0.454384 0.580022 1.87276 0.779823 0.670791 0.971866 0.718385 1.18529 0.641773 0.0418059 
1.20747 0.572269 0.405392 0.552317 0.912506 -0.0961304 0.114682 0.404943 0.817882 0.367712 0.458668 -0.0104881 
1.25515 0.88846 0.682831 0.784392 0.306609 0.185695 1.15509 0.18847 1.1044 0.331686 0.528312 -0.0128589 
1.39371 1.19054 1.43746 0.396827 0.339209 0.423539 1.67508 -0.349466 1.57057 0.522336 0.35332 0.131106 
1.47807 1.61327 1.68644 0.238334 0.739561 0.46305 1.01329 0.611543 0.895438 0.283122 0.350844 0.131826 
1.38549 1.48367 1.34403 -0.208021 0.508427 0.165157 1.09564 0.439254 0.739204 0.238408 0.420815 0.0737605 
1.31668 1.29779 1.15015 -0.110927 0.303223 0.235847 1.86414 0.881161 0.752163 -0.0801672 0.575536 0.0676229 
1.26355 1.44956 1.24976 0.505861 0.645937 0.440587 1.24591 0.740603 0.843629 0.642486 0.68724 0.15699 
1.23239 1.48263 1.62186 0.115607 1.32474 0.0934695 0.975781 1.15396 0.791548 0.0807908 0.319676 0.0513765 
1.30482 1.53169 1.58584 0.144708 0.691739 0.544313 0.751815 0.75582 0.289156 0.356819 0.21556 0.00503506 
1.25198 1.94442 1.89881 0.265866 0.637935 0.573452 0.660181 0.282578 0.261565 0.32283 0.26041 0.0294904 
1.20902 1.39848 1.31955 0.0832808 0.629555 -0.344427 -0.00433772 -0.0256485 0.769366 0.148191 0.217723 -0.121077 
1.18596 1.31731 1.0729 -0.204331 0.896204 -0.634135 -0.556419 -0.066135 0.900979 0.799969 0.0353695 -0.229548 
1.2273 1.65028 1.22081 -0.864697 1.09398 -0.448597 0.832526 0.478563 0.899572 0.321925 0.126658 0.0227281 
1.20893 1.85438 1.07159 -0.0582403 0.377613 -0.521402 1.32737 1.13211 0.635697 0.153592 0.0965408 -0.0301886 
1.14883 1.65126 1.0851 -0.186731 0.268915 -0.63949 0.178649 0.850892 0.647371 0.103076 0.257374 -0.0609048 
1.09769 1.41783 1.50991 0.109382 0.675923 -0.353553 0.116944 -0.0435861 1.19233 0.994546 0.268498 0.0977113 
0.967868 1.75673 1.46402 -0.166584 0.2925 -0.7758 0.324657 -0.444538 0.955484 0.746887 0.292969 0.0725082 
1.09951 1.59253 0.954805 0.490048 0.0681119 -0.48919 0.669349 0.162959 0.621894 0.306842 0.634246 -0.0419565 
1.04753 1.64425 1.06564 -0.0902332 -0.817089 -0.0563058 1.35675 0.292461 0.640212 -0.073141 0.543161 -0.090645 
1.08309 1.67397 1.62086 -0.12576 -0.181756 0.143115 0.869367 0.424195 0.45122 0.5817 0.367506 0.121322 
