0.647689 0.955836 1.35174 0.747708 0.885196 0.326937 0.336403 1.38972 0.741153 1.09064 0.35638 -0.0709334 
0.605209 1.09482 1.43256 0.754322 0.833767 0.93303 0.845904 0.0309645 0.2324 0.573659 0.208937 0.107384 
0.560836 0.953856 1.24396 0.622099 0.925665 1.44717 0.880624 -0.0358186 0.642319 0.303211 -0.0236726 0.189695 
0.598535 1.04816 2.01436 0.754988 1.40761 0.68837 1.60957 0.439157 0.970045 0.114042 0.136864 0.131309 
0.638435 1.04877 1.39936 1.18654 0.204645 1.51971 0.779037 0.447093 0.900601 0.231208 0.242056 -0.0251388 
0.505403 0.714224 1.8478 2.02636 0.618557 0.976332 1.32732 0.374616 1.20817 0.228189 -0.238854 0.178481 
0.51201 0.893761 2.14035 1.55715 1.08493 0.571025 2.01051 0.921792 0.481662 0.787103 -0.0473898 0.162312 
0.476284 1.05913 1.53162 1.19165 1.71092 0.962284 1.27169 1.8148 0.933748 0.194017 0.174429 0.144073 
0.507383 1.35037 1.66636 0.757034 1.63473 1.19367 0.796052 1.38336 0.759368 0.307862 -0.0670566 0.186917 
0.526497 1.15934 1.26328 1.11496 2.02672 1.24009 1.53844 1.03373 1.73697 0.214026 0.359916 0.0939475 
0.456911 0.920101 1.02594 0.843269 1.98288 1.17749 1.10498 0.856176 1.51823 0.401036 0.210628 0.0273146 
0.547828 1.11759 1.4151 1.21303 1.50261 1.14306 0.892809 0.895146 0.825539 0.713848 0.399728 -0.00758166 
0.528423 0.908245 1.39843 1.13476 1.7687 0.818359 0.878788 1.10729 0.414652 0.91865 0.126262 0.099056 
0.500493 0.898963 1.0444 1.19106 1.40396 1.10801 1.17243 1.12923 0.297941 0.929369 0.183598 0.0525173 
0.659662 1.05978 1.14205 1.48974 1.45645 2.02147 1.07694 1.02526 0.501884 0.629475 0.353558 0.0963098 
0.631502 1.59102 1.62727 1.21653 1.30561 0.656651 0.962187 1.08036 0.944892 0.651088 0.210434 0.139706 
0.536868 1.70235 1.8705 1.19905 2.0641 0.293398 0.279736 0.93663 0.52909 0.403174 0.137894 0.0860781 
0.526573 1.19601 1.61798 1.66236 2.1419 0.859154 1.01142 0.582845 0.15767 0.735122 0.277691 0.093012 
0.638055 1.06339 1.60179 1.24251 1.04096 1.23072 2.45393 0.909124 -0.0644618 0.761442 0.222513 0.074994 
0.712764 0.728898 1.22704 1.18584 0.942242 1.20925 1.01562 0.610793 0.643441 0.273038 0.21868 0.0497975 
0.617325 0.878185 1.15872 0.983537 1.13183 1.46521 0.788168 0.574262 1.21557 0.35016 0.376488 -0.0133918 
0.546788 0.816506 0.969587 1.02918 1.81781 1.0327 1.56006 0.190797 0.786109 -0.154855 0.461067 0.0754684 
0.587721 1.29033 1.11577 1.0369 1.29388 1.29214 -0.0534648 -0.494926 1.23922 0.0701915 0.308371 0.0192883 
0.440132 1.18574 0.645781 0.444017 1.22552 0.0262677 0.235545 -0.302422 0.253445 -0.0148102 0.0183396 0.0413481 
0.576374 1.13972 1.02335 0.899122 1.22259 -0.0219444 0.754444 -0.112463 0.496144 -0.350294 -0.173619 0.166819 
0.921552 0.904202 0.784647 0.499746 1.33023 0.427806 -0.35574 -0.0626262 0.0585631 -0.510957 -0.214589 -0.156489 
1.22762 0.120576 -1.33918 0.666156 1.89088 0.169661 0.949102 0.608579 0.688125 -0.745041 -0.462461 -0.34577 
1.84145 0.268424 -2.21986 0.565043 2.85437 1.24621 0.498759 0.53904 1.54186 -0.125651 -0.48004 -0.539355 
2.44396 0.133898 -2.9825 0.393223 3.30433 1.02463 0.724318 0.734206 1.32266 -0.0264566 -0.974288 -0.646682 
2.82213 0.379188 -3.12994 0.840367 3.85769 -0.110127 1.3664 0.0790989 1.92924 -0.311947 -1.09404 -0.618924 
2.61188 0.419541 -3.1313 0.860625 3.27038 -0.109429 1.17111 -0.0609127 1.76867 -0.378851 -0.861291 -0.640009 
2.34211 0.444025 -2.51716 0.461958 3.02519 0.254207 1.27289 0.434743 1.6448 -0.237425 -0.941242 -0.619052 
2.57762 0.440411 -3.00499 0.901822 3.54672 -0.209242 1.20239 0.221468 1.68603 -0.366025 -1.02166 -0.555332 
2.41711 0.416255 -2.83638 0.62969 3.18907 0.236456 1.65609 0.413943 1.45228 -0.493601 -0.867898 -0.463887 
2.71667 0.333832 -3.06515 0.810655 3.71226 0.0268595 1.25347 -0.0823346 1.52375 -0.411376 -0.941313 -0.496144 
2.41025 0.385368 -2.68567 0.510458 3.46188 0.654578 0.969013 0.195967 1.2881 -0.206509 -0.889223 -0.519522 
2.45865 0.374989 -2.69244 0.699951 3.7179 0.18897 0.75404 0.294433 1.30041 0.0439716 -0.931941 -0.525035 
2.63254 0.404732 -3.17416 0.581906 3.77509 0.72804 1.19596 0.134078 1.27978 -0.232328 -0.908246 -0.506199 
2.56535 0.291483 -2.87575 0.648776 3.77004 0.647649 0.711908 0.364076 1.16489 -0.0620943 -0.971121 -0.525822 
2.5835 0.308501 -3.31345 0.787165 3.83275 0.553567 1.19306 0.239793 1.53207 -0.249333 -0.960952 -0.554405 
2.68473 0.0659046 -3.40889 1.10715 3.85625 0.442022 1.58079 -0.298253 1.68276 -0.604184 -0.804705 -0.549221 
2.67798 0.0780015 -3.11571 0.999966 4.25897 0.505891 1.35977 -0.296566 1.38458 -0.349537 -0.890169 -0.475029 
2.59532 -0.0331538 -2.84579 0.649205 4.29341 0.936653 1.10918 -0.041612 0.988579 -0.0882823 -0.848716 -0.431146 
2.86025 -0.173651 -3.20908 0.774756 4.41414 0.840352 1.19477 0.0959142 1.13509 -0.222229 -0.950434 -0.448594 
2.41197 -0.246623 -2.83434 1.0802 4.22772 1.16481 0.951875 0.3263 0.974381 -0.271253 -0.766429 -0.276322 
2.6457 -0.411871 -3.05957 1.55975 4.59304 0.729735 1.05658 -0.416471 1.13206 -0.367915 -0.699334 -0.293899 
2.56327 -0.514415 -3.0737 0.924609 4.41291 1.06732 1.52377 0.120436 1.30764 -0.162576 -0.736634 -0.307585 
2.61121 -0.17844 -3.02441 1.01971 4.60079 1.09874 1.13043 -0.159132 1.13318 -0.0157793 -0.68528 -0.343537 
2.35181 -0.0609487 -3.11237 1.29835 5.06673 1.2369 1.06598 -0.649114 1.10637 0.100954 -0.423931 -0.233935 
2.37998 -0.0608273 -2.76263 0.648427 4.68197 1.15498 1.1587 0.419091 0.78662 0.0315328 -0.830892 -0.279496 
2.46061 -0.159588 -3.25373 1.11927 4.86344 1.30588 1.42377 0.553631 1.16933 -0.0918113 -0.851954 -0.271585 
2.38915 0.0949266 -2.96334 1.36131 4.22309 1.04356 1.7675 0.405259 1.76301 -0.130558 -0.639715 -0.343098 
2.29158 0.192612 -2.77901 1.3736 4.60606 0.689315 1.72554 0.184605 1.53704 -0.0698224 -0.678973 -0.235923 
2.25616 0.782474 -1.99479 1.80072 4.88186 0.678902 1.20325 0.0521734 1.16327 0.122898 -0.823058 -0.253767 
2.21078 0.593633 -1.91718 1.86458 4.7687 0.916161 1.27466 0.375653 0.970038 0.236585 -0.769773 -0.267841 
2.08445 0.00258614 -2.34309 0.906893 5.09259 1.05333 1.94717 0.934227 1.56847 0.695127 -0.572472 -0.125386 
2.10189 0.340477 -1.84276 1.16382 4.35547 1.00377 2.22911 0.553932 1.85541 0.450708 -0.454665 -0.214328 
2.23278 0.260174 -2.00668 1.42164 4.56746 1.05684 2.01433 0.207389 1.53943 0.400775 -0.392837 -0.215843 
2.32649 0.240961 -1.82911 1.32717 4.4016 0.994186 2.65008 0.437585 1.61618 0.269518 -0.404036 -0.117547 
2.22349 0.199792 -1.31664 0.822748 4.06763 1.522 2.06623 0.6653 1.17527 0.405464 -0.475035 -0.227574 
2.28602 0.323632 -1.05239 0.953437 3.943 1.85833 1.46488 1.17263 0.484746 0.307675 -0.333334 -0.169806 
2.2808 0.41242 -0.533328 1.37328 3.45703 2.08364 0.957709 0.741291 0.439665 -0.269448 -0.60578 -0.241362 
2.18694 0.432449 -0.687326 1.06948 3.5713 1.14893 1.55557 0.271118 1.30612 -0.110288 -0.897678 -0.408192 
2.04508 0.349657 -0.7972 1.12852 3.20239 1.50948 1.31258 0.56379 1.5984 0.122364 -0.755458 -0.483784 
2.09136 0.359799 -0.362248 1.05279 3.58305 1.17146 1.73992 0.385504 1.21999 0.134204 -0.963938 -0.473735 
2.02752 0.444958 -0.371213 0.705912 3.53421 1.51374 1.02603 0.917702 1.13644 -0.209387 -0.843297 -0.350337 
1.99914 0.3837 -0.641909 0.151108 3.64874 1.53873 0.934455 1.07523 1.2672 -0.0486856 -0.631914 -0.303583 
1.98521 0.245721 -0.483873 0.920479 3.5728 1.87736 1.18454 0.241812 1.08024 0.118678 -0.587303 -0.321619 
1.82234 0.415073 -0.319029 1.08085 4.04223 1.6404 0.730416 0.960126 0.715974 0.268105 -0.615864 -0.29563 
1.98811 0.89501 -0.688218 1.08279 3.97816 1.29581 1.15633 1.27754 0.775927 0.224871 -0.819482 -0.319592 
1.90768 0.591925 -0.736182 0.519656 3.94465 0.746532 1.34617 1.10396 1.5748 0.403168 -0.945309 -0.432072 
1.8674 0.742069 -0.286182 0.824838 3.09956 1.84975 1.38152 0.0214698 2.38811 0.166307 -0.655918 -0.472595 
1.92159 0.578663 -0.0800049 0.713771 2.83299 2.86637 1.09309 0.523078 2.21206 0.278427 -0.609166 -0.400676 
1.91962 0.727325 -0.0773326 1.09508 3.75503 2.4668 1.0294 0.736125 1.49542 0.571973 -0.467581 -0.369081 
1.83245 0.86896 -0.0101423 1.34045 3.69153 2.34884 1.29653 0.726331 1.04286 0.225282 -0.537262 -0.265242 
1.83297 0.576469 0.238161 0.484518 4.03245 2.26482 1.19185 0.714946 1.63383 0.119493 -0.487946 -0.141415 
1.70656 0.876043 0.342584 0.606357 4.20371 2.39451 0.757222 0.977407 1.56428 0.496341 -0.494772 -0.353915 
1.7519 0.76264 0.398125 1.02723 3.65129 2.19511 0.820978 1.1615 1.08269 0.531045 -0.77781 -0.45292 
1.83011 0.716861 0.111593 1.36542 3.16834 1.38305 1.10488 1.08627 1.7244 0.414169 -0.704679 -0.382177 
1.66797 0.465899 0.307471 0.925901 2.98021 2.10136 0.749388 0.531802 1.23706 0.294222 -0.468626 -0.300429 
1.55955 0.498308 0.434895 0.34281 2.60405 2.20625 0.866175 0.594545 1.35649 0.202533 -0.730052 -0.404103 
1.57651 0.787164 0.464252 1.18693 2.89526 2.67905 1.37483 0.461399 0.830901 0.421433 -0.508964 -0.192436 
1.59776 0.607859 1.11376 1.59097 3.25987 2.50385 1.0685 0.220596 1.43504 0.276287 -0.659511 -0.161436 
1.59763 0.420244 0.397092 1.49999 2.65965 1.16106 0.785153 0.428033 1.15415 0.339202 -0.155452 -0.0980873 
1.39765 0.0722521 0.182835 2.24665 1.82643 1.16034 0.546738 -0.261526 1.15884 -0.0409164 -0.515345 -0.214018 
0.955614 -0.546992 0.357465 2.90561 2.65148 1.55731 0.933938 -0.427448 0.377605 0.0466763 -0.601291 0.0474175 
0.764668 -1.18187 1.10596 1.102 2.924 2.63586 1.03323 -0.0664145 -0.60337 0.459275 0.054163 0.0897372 
0.56349 -1.12615 0.647052 1.55468 2.06963 3.02368 2.23893 -0.206247 -0.0123958 0.270808 0.546936 0.291675 
0.543287 -1.02465 0.272057 2.43981 1.80083 2.36533 2.9449 -0.215233 0.441394 0.185994 0.432426 0.180386 
0.543302 -1.16648 0.719479 1.79106 2.25669 1.48953 2.05739 -0.0203411 0.0457697 0.727452 -0.315958 0.180273 
0.660877 -1.03043 0.585865 0.8549 1.41475 0.935469 2.72001 0.265262 0.267324 0.468096 -0.261667 -0.209178 
0.783202 -1.01018 0.309984 1.23076 1.2868 1.42173 1.9408 0.609211 -0.532547 0.479185 0.204444 -0.147479 
0.629389 -1.03341 0.920664 1.21183 1.53626 2.44772 1.61386 0.203823 -0.499906 0.319625 -0.0358774 0.0552199 
0.70711 -0.790304 1.29341 0.614616 1.18991 2.35204 2.82674 -0.53446 -0.545933 0.382078 -0.0240319 -0.0629055 
0.772097 -0.647721 0.829097 0.74052 0.117834 0.360401 1.74514 0.343867 1.15377 0.243587 -0.390946 -0.344402 
0.894632 -0.618788 0.896627 0.233656 -0.504907 0.786845 2.05556 0.620261 1.23538 0.689901 -0.238378 -0.581975 
1.0797 -0.176608 0.486364 -0.270163 0.0688231 1.50771 2.9718 0.353117 0.658542 0.799518 0.211817 -0.359102 
1.07771 -0.267497 1.21912 0.357061 1.0218 0.549981 2.24324 1.66841 1.74273 1.22188 0.184989 -0.283447 
0.985383 -0.00874089 1.95114 0.396887 1.02165 0.706831 1.6756 1.6881 1.96518 0.916298 0.302374 -0.113307 
1.01436 -0.136777 1.7578 1.17142 0.836692 0.778425 1.71196 1.98245 1.66189 0.938956 0.412005 -0.1252 
1.07919 0.293741 1.38032 1.11128 0.962257 0.663373 2.42219 2.45441 1.3498 0.60582 0.379497 -0.0667708 
0.855046 0.103504 1.08692 1.29868 0.783467 1.3327 1.91924 2.23724 1.73999 0.163837 0.561283 -0.110616 
0.793024 0.230666 1.04976 1.01776 1.33094 0.849599 1.36309 0.751026 1.02715 0.306126 0.402802 -0.0100801 
0.853995 0.335508 1.53052 0.518665 1.46616 0.308288 1.39154 2.0727 1.18234 1.18283 -0.224648 -0.14614 
0.942792 0.353462 1.20124 0.855243 1.28997 0.573512 2.46265 1.44503 1.62363 0.482795 0.242466 -0.0639914 
0.884153 0.468243 1.22822 1.66307 1.37249 0.517515 1.46504 0.846111 1.71951 0.501256 0.349477 -0.105355 
1.00707 0.513289 1.24181 1.24291 1.66172 1.00683 1.95877 0.950846 1.19295 0.573757 0.335846 0.0279712 
0.934306 0.550133 1.73188 1.1767 1.78017 0.0835943 1.2529 1.33255 0.831296 0.836848 0.336433 0.0489215 
0.969396 0.636884 1.67016 0.913023 0.918193 0.570248 1.86637 0.817891 1.26357 0.498837 0.780447 0.0561425 
1.01282 0.430366 1.54396 0.55178 1.6078 0.135396 1.37732 1.46408 1.22908 0.299536 0.11507 0.0542125 
1.02751 0.784031 1.47839 1.25765 1.48171 0.60673 1.678 1.5869 0.763674 0.427947 0.275003 0.0451123 
1.02383 1.245 1.36157 0.523318 2.09984 0.855934 1.75535 1.20962 0.251397 0.310394 0.815126 0.0591745 
0.894505 1.1213 1.66099 0.934058 1.31927 0.127862 1.33466 0.579344 0.784032 0.0812914 0.351661 0.0256264 
0.934342 0.893113 1.6 0.621998 0.587915 0.240183 1.42276 1.05062 1.28142 -0.172672 0.471336 0.0590373 
0.932059 0.847238 1.28111 0.557279 1.68337 0.350317 1.25174 0.768459 2.00141 0.31601 0.019073 0.0647267 
0.962921 1.00599 1.54873 0.586945 1.73768 -0.158986 1.54459 0.637309 1.92944 0.845106 -0.0920654 0.143174 
0.9539 1.32082 1.90076 0.884957 1.23146 -0.362472 0.190775 0.403977 0.957802 1.09848 0.333251 0.0885762 
0.815426 1.30926 1.52653 0.460252 0.720318 -0.437892 -0.693978 0.156868 1.24177 0.382259 0.195218 -0.019393 
0.886812 1.35394 1.44972 0.498845 0.912071 -0.0902807 0.31348 0.787162 0.91361 0.894908 0.859076 0.124014 
0.955601 1.00888 1.83377 1.01187 0.826872 0.499096 1.50563 0.639459 0.951937 1.16109 0.493255 0.105758 
0.93186 1.04171 1.98719 1.33063 0.470014 0.314558 1.66792 -0.111416 0.413522 1.31481 0.237763 0.0204193 
0.847822 1.22182 1.73848 1.27922 1.03838 0.481506 1.29841 0.659918 1.29093 1.26956 0.0526204 0.125266 
0.834599 1.04253 1.56874 0.207921 1.27203 1.09206 0.902929 0.858774 1.15984 0.810224 0.665534 0.0607596 
0.843606 0.725034 1.72237 0.123027 1.6883 -0.472701 0.443692 1.21695 1.57755 0.430592 0.340907 0.151861 
0.882051 0.549776 1.70309 0.934499 1.45288 0.246048 1.1474 0.780461 0.978744 0.0586122 0.0771187 0.15925 
0.798894 1.16571 1.08327 0.988072 1.9368 0.498229 1.44013 1.10544 0.833212 -0.0707205 0.562538 0.00431851 
0.811015 0.920581 1.47129 0.832377 1.50887 -0.21967 0.647862 1.37644 0.938145 0.370703 0.415472 -0.0339345 
0.706354 1.03752 1.57292 0.833084 0.69748 0.151013 0.764797 0.364769 1.51159 0.368216 0.100468 0.00886232 
