0.684136 1.27227 1.96715 0.292072 0.974491 1.7659 0.773143 1.21088 0.230697 0.182467 -0.0496924 -0.0245974 
0.754816 1.39182 1.71895 0.946647 1.60099 0.715683 0.601233 0.944623 -0.00761388 0.567506 0.254799 -0.0785781 
0.706353 1.34542 1.75742 1.47342 1.26669 0.155106 0.912921 0.467017 0.185489 1.12508 0.354816 -0.0157373 
0.738661 1.28006 1.82055 1.17796 1.15428 0.781318 0.781269 0.196035 0.602039 0.699841 0.0543035 0.0145184 
0.69454 1.04701 1.44935 1.0335 1.34863 0.0813116 0.700234 0.553678 0.481082 0.651021 -0.157868 0.124623 
0.728273 1.16648 1.54039 1.03456 1.06356 0.989822 2.12908 0.969134 0.861158 0.543592 0.455474 0.043531 
0.759698 0.980529 1.82504 1.18762 1.32964 1.44822 1.59727 0.531097 0.780171 0.359914 0.334443 0.0801554 
0.48629 0.570564 2.57659 1.29612 1.37687 2.16682 1.27371 -0.161103 1.58495 -0.0280457 0.577288 0.103508 
0.283037 -0.190544 3.84726 1.54393 0.629378 1.50919 2.777 -0.0710629 1.36499 -0.170675 0.364669 0.36928 
0.0142721 -0.570259 4.29392 1.36693 -1.07261 1.92985 3.38347 -0.336354 1.20904 0.460866 0.272727 -0.0158296 
-0.354349 -0.784355 4.81538 0.633875 -1.79956 3.14025 2.42575 -1.63647 0.534129 1.10181 -0.622617 -0.0206547 
-0.509532 -0.79476 5.95669 -0.247504 -0.174417 3.19556 1.39244 -1.55336 1.40313 0.863433 -0.883073 0.37486 
-0.591051 -0.83112 6.02902 -0.502844 0.465952 3.18264 1.17566 -0.942271 2.0903 0.256846 -0.735162 0.60228 
-0.766285 -0.717238 6.04979 -1.07919 -0.497743 3.92728 0.679457 -0.359864 1.98606 -0.165296 -0.177107 0.466243 
-0.905025 -0.405103 5.46971 -1.23578 -0.540451 2.98861 0.705906 -0.769593 1.55867 -0.0807415 -0.0968923 0.303024 
-1.09874 -0.460007 6.26878 -0.871542 -0.492191 1.74834 0.954442 -1.39134 1.2862 0.272721 -0.27586 0.321115 
-0.860145 -0.636637 6.01288 -0.755346 -0.267025 2.41244 2.13332 -1.20476 1.16857 0.860509 -0.471278 0.25926 
-0.793544 -1.00007 5.68465 -0.395305 -0.32402 1.49227 2.63171 -1.04771 0.895509 1.23655 -0.491552 0.256072 
-0.930472 -0.595554 5.7393 0.125576 0.514572 1.27587 0.917551 -1.23311 1.03477 1.11847 -0.702251 0.30866 
-1.04625 -0.558428 5.899 0.0773412 0.235642 1.70928 1.61267 -1.17241 0.87566 1.1688 -0.592126 0.250776 
-0.836374 -0.97096 4.80916 0.141177 -0.775854 0.526189 2.616 -0.87768 0.717304 0.849989 -0.00278088 0.0226886 
-0.617255 -1.4607 4.87862 0.32515 -1.29634 -0.0891167 3.81196 -0.499465 0.658174 0.954104 0.110363 0.14923 
-0.540976 -1.57399 4.96681 0.3597 -0.0914852 -0.151427 3.05468 0.307618 0.191077 0.75735 -0.0650994 0.314486 
-0.360206 -1.07752 3.78258 0.215438 0.432871 -0.0456824 2.59371 0.581412 1.24052 0.493154 -0.486858 0.257785 
-0.0327979 -0.87303 3.62432 0.19684 -0.428389 0.578621 3.00055 -0.239485 1.93379 0.5089 -0.859318 0.0183486 
0.362737 -0.933873 3.72406 -0.298984 -1.24661 1.0736 2.5619 -0.865516 1.24881 0.591529 -1.08924 -0.317332 
0.652412 -0.249206 3.89357 -0.501833 -0.803742 2.16054 1.55134 -0.617724 1.45694 0.44792 -0.349393 -0.126079 
1.63814 -0.325496 2.68101 -0.745002 -0.72635 2.37953 1.50703 0.0679381 1.24644 1.10606 -0.707442 -0.517052 
2.03473 -0.437525 1.74359 -0.47766 -0.604142 1.74027 2.5831 -0.168626 1.36562 1.19197 -0.803197 -0.394072 
2.02475 -0.708811 1.1772 -0.224269 0.0290428 1.39193 2.05334 0.0643363 1.86771 0.849278 -0.982598 -0.38442 
2.33738 -0.292302 -0.0849888 -1.18712 0.616769 2.73808 1.92047 -0.925518 1.3467 0.760706 -0.659707 -0.372759 
2.27481 -0.655652 -0.0821467 -1.23366 1.01156 2.59821 1.92208 -0.509206 1.45045 0.74544 -0.682589 -0.34469 
2.47096 -0.88135 -0.194618 -0.626101 0.469463 2.14402 2.37833 -0.699724 1.2522 1.11276 -0.846539 -0.596308 
2.51515 -1.16667 -0.75775 -0.106733 0.212732 2.64021 2.3823 -0.596782 1.58581 1.00129 -1.01444 -0.6295 
2.46932 -1.03402 -0.314625 -0.0802072 0.342148 2.69929 1.92997 -0.332273 1.57097 0.902573 -0.910288 -0.602352 
2.5943 -1.1813 -0.678486 -0.131863 0.301792 3.06457 1.86549 -0.36436 1.27829 0.831335 -0.797553 -0.593875 
2.34676 -1.15625 -0.174916 0.0154103 0.504595 2.80026 2.41141 -0.0765986 1.38665 0.74491 -0.903607 -0.53464 
2.53255 -1.00382 -0.742454 -0.719244 0.760908 3.10718 2.67124 -0.451948 1.36355 0.755652 -0.971202 -0.531663 
2.21449 -0.793412 0.255784 -1.1237 0.545326 2.93606 2.70444 0.125859 1.29529 0.248434 -1.04159 -0.330126 
2.07432 -0.623978 0.81626 -0.896048 0.41812 3.36115 2.47843 0.0415166 1.03113 0.586276 -0.672836 -0.356476 
1.96307 -0.334109 0.940727 -1.09908 0.354151 4.16347 2.7611 0.129664 0.978692 0.755861 -0.394687 -0.110213 
1.99887 0.000139867 1.23066 -1.03208 0.450829 3.93929 1.95322 0.768129 1.70205 0.801521 -0.332723 -0.162445 
1.98235 -0.332362 0.97829 -1.10285 0.950238 3.42755 2.57822 0.568625 2.00784 1.25907 -0.144938 0.0177211 
1.90079 0.124092 0.921271 -0.735559 0.511918 2.98709 3.61602 -0.000922427 1.76869 1.32028 -0.457239 -0.0969082 
1.82597 -0.0107612 0.850876 -0.690893 0.252524 3.21557 3.3124 0.0835272 1.1377 1.12109 -0.270602 -0.15102 
2.10234 0.106569 1.21058 -1.03099 0.641368 3.37495 2.65808 0.117904 0.70231 1.07673 -0.423871 -0.360537 
1.99192 0.0883439 0.743969 -0.471321 0.698556 3.22204 2.65215 -0.408546 0.979538 0.695715 -0.447909 -0.125027 
1.97991 0.0616031 0.348166 -0.0957185 0.96322 3.44244 2.58805 -0.476886 0.716706 0.357383 -0.254551 0.029846 
1.93266 -0.136426 0.526021 -0.709458 0.588556 2.66143 2.84647 0.29612 0.69289 0.232615 -0.205895 0.00471997 
1.93352 0.0780958 -0.12154 -0.0918338 1.44111 2.39458 2.39299 0.952787 1.5524 0.298442 0.200869 0.174058 
1.9477 0.468624 0.160554 0.30213 1.07888 1.99268 2.80749 -0.0557784 1.29948 0.405895 -0.140772 -0.1096 
1.96894 0.0967635 0.765824 -0.418991 1.2175 2.43864 2.1073 0.417597 0.836863 0.664911 -0.190595 -0.204889 
1.8081 0.592948 0.0572585 -0.609349 1.8454 2.30189 2.02707 1.70036 1.18727 0.543762 0.0170886 -0.209517 
1.73261 0.419608 1.04552 -0.573054 0.183232 1.67661 1.86067 0.933013 1.69989 0.597082 -0.216688 -0.226605 
1.43356 0.516934 1.94997 -1.25305 -0.825157 1.42612 1.82268 0.539879 1.99321 0.396214 -0.226717 -0.0691933 
0.619514 0.229177 2.6175 -1.32779 0.52568 1.24617 1.75078 0.0418684 1.95983 0.852344 -0.325315 -0.111832 
0.489551 -0.241938 2.67277 -1.17083 1.00314 1.40423 2.20014 0.105556 1.52316 0.321329 -0.808956 -0.0635852 
0.473771 -0.254302 2.23546 -0.672033 0.779861 1.42012 2.29945 -0.0206145 2.08803 0.34389 -0.763318 -0.273372 
0.293326 0.191125 2.85031 -0.890084 0.0521917 1.32458 2.04424 0.189337 2.33706 0.428818 -0.375331 -0.152701 
0.257324 -0.24114 3.10024 -0.902776 0.310452 1.10779 2.03838 0.156271 2.57736 0.61071 -0.466398 0.161018 
0.311854 -0.028504 3.50905 -1.31601 0.281233 0.713371 2.0793 0.862213 1.15337 1.131 -0.318052 -0.214362 
0.240415 0.504885 3.67674 -1.40923 0.341199 1.47724 2.78517 0.415873 1.45064 0.851133 -0.213262 -0.195111 
0.117881 0.122083 3.83827 -0.896407 0.228307 1.76673 2.377 0.8357 2.01188 0.654789 -0.225318 -0.0424747 
0.248104 0.284954 3.54472 -0.76089 -0.760514 1.6758 2.93324 0.0644475 2.02546 0.150817 -0.203893 -0.0311619 
0.148048 0.210033 3.97677 -0.40606 -1.41558 1.86165 3.23212 -0.459496 1.98861 0.0214949 -0.254859 -0.135415 
0.0760726 0.0499948 3.65051 0.00217791 -0.824479 2.00253 2.66544 0.376188 2.20512 -0.125174 -0.168987 0.0510134 
0.0348118 0.0408336 3.08833 -0.128347 0.28256 0.812154 2.18335 1.03737 1.93147 0.217786 -0.569472 0.152458 
0.141643 -0.367137 2.56534 -0.184478 0.785584 1.07306 2.66558 0.261315 1.15152 0.251336 -0.629723 0.0444486 
0.10272 0.070827 3.04235 -0.578208 -0.461543 1.17315 2.04574 0.700395 1.82869 0.267029 -0.441598 -0.0861392 
0.20884 0.346458 2.92733 -0.817011 -0.314202 1.33374 2.15111 -0.105385 1.89168 0.487789 -0.430152 0.0291469 
0.144687 0.149565 3.37081 -0.714187 0.626779 1.58786 2.54541 -0.0301861 1.23592 0.470969 -0.229304 0.0605688 
0.228927 0.0347889 3.07533 0.136163 -0.462634 2.10277 2.74785 0.29411 1.47868 0.752857 -0.125773 -0.0723118 
0.225273 -0.097061 3.33346 -0.263827 -1.18712 1.53211 2.7554 0.00304894 1.82377 0.626998 -0.121566 -0.137139 
0.0625913 -0.0565554 3.72898 -0.397253 -0.844762 1.8359 2.91979 -0.465529 0.557312 0.533531 -0.046615 0.0861975 
0.140737 0.172546 3.63216 0.290712 -0.773652 1.68873 3.54334 0.638472 0.0654699 0.878673 0.0350936 -0.139305 
0.520249 0.105111 3.5511 -0.0695668 -0.595988 1.31724 3.29313 0.515959 0.7709 0.687259 0.00452861 -0.0224366 
0.581987 0.189592 3.58213 0.0724437 -0.642114 1.57294 3.69034 0.98613 1.07806 0.991859 -0.171412 -0.0672938 
0.607385 0.108059 3.05893 0.857332 -1.73678 1.50496 3.70668 0.737088 1.56441 0.961976 0.18823 -0.187647 
0.630289 0.582496 2.43914 0.859121 -0.951315 1.52426 3.131 0.809535 1.37498 1.08949 0.427109 -0.205154 
0.697355 0.550932 2.8761 0.521032 0.0976815 0.879452 1.82847 0.767756 1.05974 1.21466 0.38635 -0.0624673 
0.645754 0.30715 2.85144 0.780873 0.0441784 0.760735 2.63756 0.362684 1.63379 0.587617 0.272167 0.0647226 
0.79848 0.75317 3.19516 0.778085 -0.727631 0.844494 2.08025 -0.186828 1.33553 0.59878 0.507074 0.0997795 
0.706451 0.207555 3.06964 0.983303 -0.0899132 1.23533 2.06176 -0.522286 0.437949 0.813053 0.232316 -0.0804223 
0.629039 0.355591 2.61111 1.24876 -1.06616 1.40057 2.51127 0.609746 0.874 0.817717 0.203394 -0.184547 
0.674047 0.288703 2.73987 1.18144 -0.957352 0.509622 1.64056 0.15699 0.517608 0.199079 0.0195677 -0.00998506 
0.763378 0.261197 2.99061 1.1081 -0.251263 0.109607 1.19964 0.0236177 1.15463 0.441655 -0.0162847 0.0165499 
0.775691 0.429353 2.68315 0.845908 0.71236 1.3377 1.72057 0.349897 0.407991 0.454099 -0.210195 0.00512082 
0.631461 0.440846 2.6663 1.65354 0.968827 1.68099 1.71832 0.779052 0.774211 0.971812 -0.0322696 0.0770926 
0.774358 0.465541 2.48472 0.828772 -0.0401838 1.57921 1.93958 0.995918 0.484941 0.861546 0.199952 -0.0825162 
0.82059 0.71081 2.30168 0.45292 -0.366042 0.975256 1.87667 0.435524 0.903432 0.495071 -0.460652 -0.048806 
0.899458 1.18162 2.48807 0.74261 0.393738 1.02357 2.10944 0.0923712 0.317742 0.711725 -0.258474 -0.0190857 
0.936704 0.783737 2.04942 1.00684 0.904869 1.15715 2.40874 0.279156 0.430464 0.564759 -0.498257 0.0397759 
0.97699 0.721988 2.41734 0.878246 1.11832 1.21568 1.71065 -0.0660442 -0.0973134 0.390945 -0.464672 0.126818 
0.935106 1.1155 1.73503 1.28022 2.29701 1.54275 1.01082 1.05151 1.05272 0.311027 0.191786 0.170213 
0.882173 0.939472 1.67708 0.612184 1.59034 0.489029 1.24423 0.541601 1.48699 0.530485 -0.0410221 0.175231 
0.821423 0.738406 1.68322 1.06846 0.475885 0.267897 1.56361 -0.196629 0.785768 -0.0167837 -0.117746 -0.0164691 
0.906254 0.992888 2.04555 1.16487 0.233709 0.653551 1.4759 0.434526 0.854998 -0.230961 0.0704186 -0.021342 
1.03038 1.03504 2.33877 1.20691 0.412537 1.15933 2.00485 0.507586 0.845087 0.465888 -0.000639946 0.0358826 
0.906263 0.788579 2.3114 0.839742 1.25486 0.855116 1.5759 0.17496 0.910469 1.48819 0.370943 0.0212957 
0.746427 0.81061 1.91225 0.933871 1.29519 0.757577 0.845704 1.43187 0.333807 0.365611 0.0849514 0.105469 
0.831785 1.15233 1.70154 0.632368 0.953854 1.12972 1.18533 0.850932 0.764568 0.732225 -0.0459566 0.0969057 
0.836658 1.19199 1.46455 1.32564 1.11969 0.283795 1.88273 0.704767 0.252002 0.220722 0.4495 0.0609718 
0.796688 1.16422 1.72254 0.9078 1.68993 0.57444 1.95512 0.526082 -0.042309 0.211335 0.869425 0.0133486 
0.853532 1.18581 1.8192 0.645281 1.16057 0.579652 1.5912 0.319776 0.412031 0.417587 0.424142 -0.0100155 
