0.519307 0.937059 1.25339 1.10007 1.77022 0.700429 1.15261 1.29904 0.825925 0.335707 -0.270082 0.172445 
0.603119 0.704213 1.72577 0.974358 0.724907 0.437124 0.927649 1.99339 0.74451 0.358052 -0.151831 0.139411 
0.619101 0.796295 1.22525 0.511093 0.34395 1.2977 1.19711 1.55115 0.720042 0.231059 0.199712 -0.0170878 
0.652488 0.949913 0.827381 1.5727 0.0217586 0.698064 1.12508 0.311693 0.00819554 0.0979308 0.264091 0.121756 
0.718391 0.861908 0.442507 2.19145 0.818745 0.537242 0.905466 0.956356 0.693269 0.471434 0.405556 0.0133093 
0.567258 0.86478 0.866923 1.47882 1.06962 0.109548 1.06619 0.386806 1.1311 -0.186772 0.450303 -0.15857 
0.480394 0.82233 1.46871 1.72281 0.71076 0.801029 0.984109 0.407512 0.592967 -0.047994 0.334115 -0.000991812 
0.541805 0.845399 1.13707 1.61347 1.11599 1.33524 0.998239 0.529752 0.508659 0.218224 0.198727 0.111136 
0.531335 1.24677 1.23212 0.797399 1.94831 0.991259 1.13725 0.851349 1.06081 0.726989 -0.0144958 0.106968 
0.555166 1.17835 1.79945 1.02955 0.756258 0.517065 0.623898 0.681545 0.801075 0.301453 0.211547 0.0999437 
0.537449 1.47048 1.54588 1.73891 0.956037 0.381221 1.40164 0.686145 0.937939 0.340669 0.454218 0.0150014 
0.6851 2.08775 1.89463 1.68335 1.73866 1.66967 2.07917 1.21947 0.636787 0.354332 0.488138 0.09879 
0.960105 1.05982 2.81309 2.39898 0.535267 1.89196 2.04739 2.10481 0.492911 0.302574 0.88455 0.194915 
1.29301 1.84879 3.42356 3.2265 2.11217 2.05781 2.30897 1.37557 0.392341 0.126965 0.567025 0.0836642 
1.82019 3.18199 3.87283 3.0097 1.85686 1.7521 2.02816 0.617074 0.675557 -0.0626399 0.144835 -0.0697986 
2.10951 3.14457 3.41415 2.63923 1.35306 1.93122 2.7947 0.503496 0.807239 -0.0220555 -0.00917372 -0.148418 
2.07219 2.92254 2.93845 2.83019 2.09346 2.25481 2.56762 1.20962 0.599845 -0.302369 0.0674277 -0.0679163 
1.86444 2.75299 3.05247 2.85132 2.50944 1.92415 1.98918 1.56262 0.553937 -0.12302 0.16777 -0.0129658 
1.81168 2.53176 2.9463 2.53114 1.81289 1.11846 2.02762 1.96899 0.943992 0.556807 0.044383 -0.00587271 
1.74187 2.43471 3.1828 2.25889 1.81358 1.27923 2.53357 1.97249 0.757813 0.279844 0.116714 -0.0307162 
1.50311 1.82708 3.71823 2.59362 0.634156 0.678686 3.70089 1.83839 0.30104 0.985098 0.155989 -0.156812 
1.4222 1.42774 3.72318 2.94951 -0.753549 0.29049 3.70721 2.04618 0.319151 1.34972 0.261852 -0.212296 
1.22294 1.35468 4.15318 2.08963 -1.14546 0.846538 3.26713 1.83312 0.215925 1.28751 0.196925 -0.282254 
1.02392 1.19235 4.00958 2.44659 -1.10081 -0.0341756 3.10155 2.25229 -0.583368 1.29793 -0.127933 -0.190336 
1.03074 1.08305 4.06168 2.59029 -1.43546 0.131243 4.00617 1.61991 0.00542578 1.04272 0.0127296 -0.180459 
0.973067 1.06221 4.8257 2.17587 -0.711852 0.241907 3.85917 2.56445 -0.743419 1.82999 0.270116 -0.21968 
0.626781 1.2976 5.24407 1.19851 0.851311 1.00573 3.26457 2.15471 -0.559484 1.41391 0.297358 -0.0581221 
0.42655 1.43789 4.65257 1.90515 0.327434 1.93907 3.03113 1.58095 -0.53654 1.80743 0.126471 -0.0603865 
0.440939 1.18445 4.53448 2.79817 0.416009 2.01788 2.48903 1.29491 -0.408754 1.56607 0.312149 -0.0747967 
0.516495 0.702689 5.2528 2.49629 0.423235 1.68976 2.73052 1.51782 -0.649081 1.54761 0.322339 -0.141513 
0.676169 0.282442 5.80516 1.67328 -0.291575 1.82674 3.33078 1.61953 -1.04042 1.67534 0.257303 -0.427371 
0.803842 0.451114 5.46753 0.785291 0.395159 1.39021 2.09759 2.19365 -0.706496 1.06206 0.44533 -0.384169 
0.556139 0.0073612 4.91436 1.45445 -0.933435 0.118595 3.4113 1.25658 -0.418142 1.68861 0.201955 -0.174503 
0.383572 0.0111383 4.28272 1.05772 -1.37292 0.772415 2.75926 1.98243 0.295899 1.45398 0.560925 -0.332442 
0.441614 -0.0798428 3.86495 1.97744 -1.33225 0.365196 3.63373 2.36619 -0.00299764 1.48634 0.71091 -0.190954 
0.309405 0.364234 3.73822 2.00922 -0.779831 -0.0632515 3.65326 2.37309 -0.11172 1.67196 0.514111 0.0123815 
0.372484 0.793595 3.37747 1.96483 0.141813 0.585473 2.89647 2.31197 -0.118778 1.11018 0.378591 0.147221 
0.551895 0.599617 3.3256 2.21293 0.215079 1.37249 3.24366 1.6272 -0.327169 0.655477 0.24883 0.0840172 
0.572605 0.732253 2.8216 1.79732 0.988303 1.59387 3.01213 2.16002 -1.41121 0.561923 0.31675 -0.0309591 
0.911115 0.161189 2.68095 1.57474 0.923234 1.65423 3.39146 1.39166 -1.18666 0.613895 0.379907 -0.166789 
0.912461 0.440962 1.66663 1.58343 1.44662 1.54197 2.91517 0.845736 -0.362108 0.738595 0.241427 -0.0363953 
1.02877 0.313071 1.45043 1.85228 1.29312 1.62036 2.72462 1.03305 -0.482372 0.638164 0.374246 -0.0502908 
1.23023 0.0388648 1.43106 1.22919 1.98329 1.37895 2.332 1.45563 -0.80556 0.911819 0.408851 -0.161085 
1.43509 -0.140096 1.05 0.971132 2.17528 2.10088 2.27593 0.790718 -0.328732 1.22117 0.0779716 -0.299027 
1.66157 -0.0653325 0.3286 1.08715 2.56015 2.7915 1.94357 0.270007 0.163852 0.915463 0.0179628 -0.207459 
1.966 -0.264033 -0.108939 1.11278 3.19344 2.40022 1.9519 -0.185768 0.485659 0.733695 0.15236 -0.0639691 
2.05266 -0.655576 0.0846901 0.487545 3.10575 2.31655 1.95026 0.193708 0.647063 0.898457 0.0459558 -0.119565 
2.21607 -0.75121 -0.164438 0.48514 3.4732 2.1784 2.08605 -0.239529 0.716828 1.06438 -0.0941245 -0.0994212 
2.26356 -0.76525 -0.014838 0.536286 3.65039 1.93716 2.2592 -0.684588 0.584749 1.27805 -0.203417 -0.0556009 
2.27339 -0.529851 -0.560114 0.582931 3.444 2.24181 1.86086 -0.254808 0.78329 0.874688 0.00698734 -0.118437 
2.30637 -0.528673 -0.568404 0.80024 2.90122 2.51819 1.69954 0.0138088 0.821358 0.777893 0.025205 -0.209537 
2.21743 -0.221415 -0.59156 0.27749 3.42864 2.10999 1.3219 0.722481 0.807873 0.732594 -0.0137442 -0.254139 
2.23952 -0.250102 -0.610304 0.510038 2.83576 1.92234 1.53754 0.772621 0.969717 0.696149 -0.147651 -0.363671 
2.26191 -0.0228276 -0.753369 0.0458232 2.9576 1.87377 1.06889 1.3489 1.01471 0.535851 -0.293351 -0.457739 
2.2572 0.0878066 -0.454374 0.00109233 2.84017 1.1094 2.30092 0.790901 0.710071 0.720031 -0.395939 -0.393086 
2.37214 0.186282 -0.607658 0.16445 3.15043 0.833437 2.06888 0.774324 0.733767 0.644916 -0.462157 -0.373658 
2.46052 0.0879202 -0.566695 0.538236 2.21379 1.8138 1.16932 0.824586 1.28154 0.415021 -0.498082 -0.493882 
2.13544 0.237681 -0.402637 1.44708 2.34057 2.78014 1.5951 -0.0461592 0.895946 0.326754 -0.266155 -0.266859 
1.815 0.28524 -0.0585411 0.628002 3.47647 0.918089 1.04591 1.58041 1.37571 1.04209 -0.386754 -0.350496 
1.69139 0.800475 -0.411385 0.274276 2.88519 1.16503 1.08764 1.88029 0.956875 1.12993 -0.189878 -0.310854 
1.81375 1.28633 -1.13441 1.72889 2.02566 2.06934 0.857065 0.73153 0.811602 0.395107 -0.0947358 -0.225669 
2.35424 1.2658 -0.305694 1.48312 0.708252 1.36909 0.430799 -0.025502 1.1627 0.801555 0.19954 -0.229945 
2.57045 1.30663 0.0858543 0.972457 0.813141 0.857784 -0.0181101 -0.0227936 1.37358 0.533981 0.00409189 -0.157952 
2.50011 1.71738 0.0923039 1.27647 0.532731 0.203228 0.0629354 -0.353074 1.27442 0.344364 0.198502 -0.0993261 
2.63726 1.76295 -0.192425 1.22703 1.4771 -0.157328 -0.261137 -0.959172 1.26811 0.579308 0.292033 -0.150235 
2.50384 1.88708 -0.210696 0.840449 1.45046 0.759976 -0.859832 -0.274459 0.985321 0.148034 0.00623797 -0.167432 
2.4939 1.66145 0.145289 0.945918 1.38397 0.644309 0.0922198 -0.616812 1.10765 -0.165888 -0.117365 -0.153075 
2.50185 1.65104 0.447821 0.336014 1.53811 0.582284 1.21757 0.0195977 1.02229 -0.313235 -0.411603 -0.195027 
2.17154 1.75474 0.205446 0.981049 2.27931 1.58002 0.559503 0.465672 1.00668 -0.275372 -0.368579 -0.350219 
2.12673 1.74986 0.366799 1.37786 2.19236 1.61501 0.797147 0.287527 1.07216 -0.0842903 -0.310405 -0.347851 
2.35476 1.62292 0.427306 1.38841 2.85393 1.06255 1.09903 -0.105042 1.01521 0.280904 -0.249739 -0.318397 
2.46959 1.35371 0.55834 1.05263 2.53357 1.68942 0.992545 0.208666 1.57558 0.206319 -0.571358 -0.478507 
2.32246 1.81939 0.238974 0.849133 2.29101 1.86911 1.12552 0.693435 1.19971 -0.551497 -0.578432 -0.392797 
2.34388 1.87974 0.745379 0.818734 2.93616 1.51616 1.35078 1.00792 0.960413 -0.759129 -0.687988 -0.283377 
2.17865 1.9492 1.00341 0.7714 3.35383 1.19757 1.28457 0.425099 0.0379489 -0.487989 -0.372546 -0.0952599 
2.16509 1.70543 0.87972 1.55601 3.1361 2.01401 1.09729 0.474984 0.565686 -0.152918 -0.26512 -0.186472 
2.14722 1.6625 0.941506 2.13007 3.34927 1.9893 1.36978 0.479557 0.568368 0.0972541 -0.218577 -0.182746 
2.2281 1.70713 1.41504 1.9954 3.11868 1.4091 0.818635 0.0620557 0.856483 0.299889 -0.222992 -0.246179 
2.09758 1.99896 1.16915 1.4167 2.28346 0.819439 0.524479 0.519237 0.683442 -0.136666 -0.172679 -0.129471 
2.40564 1.64329 1.20717 0.593927 2.38587 0.426012 1.49246 -0.432503 0.407035 -0.589357 -0.595148 -0.0217044 
2.27799 1.41652 1.23345 0.187049 2.04933 0.940464 2.19363 0.259881 0.832265 -0.434656 -0.655225 -0.0397249 
2.06257 1.52903 0.809769 0.579648 1.7353 0.874529 1.85633 0.82099 0.628187 -0.305435 -0.178453 0.0470212 
2.11605 1.45172 1.42177 0.211207 1.29859 1.5629 1.31695 0.0201486 0.794083 -0.225863 -0.0195311 0.201747 
2.10356 1.58809 1.25205 0.916347 1.26059 1.2112 0.968163 0.00532933 0.797327 -0.23329 -0.00732702 0.081034 
2.07117 1.5223 1.57838 1.1542 1.97001 0.438395 1.09121 0.131671 0.653647 0.434156 0.088162 0.0822059 
1.96207 1.92888 1.87646 1.54444 2.25256 0.359845 0.405028 0.349107 0.580994 0.493493 -0.161139 -0.137269 
2.00851 1.92198 1.88289 1.27555 2.34189 0.724184 -0.0905181 -0.165409 0.683973 0.227491 -0.26745 -0.254068 
2.05434 1.72065 1.76034 1.07424 2.15972 0.985916 0.75883 0.343515 0.268344 -0.0276278 -0.121502 -0.0879508 
2.05748 1.64373 1.76869 1.16889 1.99333 0.821319 1.11641 -0.103563 1.00141 0.124506 -0.171231 -0.0382873 
1.92888 1.62522 1.41693 1.04501 2.39903 1.28242 1.44924 0.158355 1.78448 0.0989701 -0.199706 -0.0642112 
1.76312 1.99554 1.38909 0.894051 2.79659 0.99508 1.41438 0.572374 1.76793 -0.326866 -0.200585 -0.137172 
1.64742 1.98546 1.92246 1.82231 1.97606 1.44607 1.37869 0.794289 1.21784 0.10566 -0.272374 -0.131096 
1.77666 1.95308 2.20083 1.53973 1.98552 1.86602 1.48495 1.04557 0.974642 0.249714 -0.272289 -0.131274 
1.70223 2.12891 2.49114 1.3465 2.00546 1.60206 0.739019 0.5143 0.684584 0.614931 -0.206171 -0.0942066 
1.67245 1.96965 2.31781 1.30206 2.19679 1.12348 1.23365 0.483777 1.35397 0.74424 -0.378913 -0.0858766 
1.58464 1.788 2.42529 1.65033 1.18152 0.476951 0.674719 0.183493 0.710434 -0.18722 -0.0381069 -0.0215625 
1.48489 1.55116 2.36339 0.710984 1.32688 1.03545 0.822512 1.32796 -0.0805207 0.140653 -0.187719 -0.238702 
1.65936 1.63078 2.4656 -0.102366 1.83279 1.14289 1.6061 0.931667 -0.0155962 0.093649 -0.16201 -0.0622414 
1.63799 1.91596 2.43837 0.249203 2.44059 1.12518 1.72929 1.55577 0.272426 -0.152286 -0.0873173 -0.0485804 
1.5731 1.7999 2.14542 0.945561 2.19804 1.33091 1.6465 0.892373 1.13086 -0.15868 -0.11852 0.0417386 
1.53796 1.7313 1.64177 1.30232 2.426 1.27558 1.68096 1.17755 0.758991 -0.180337 0.230212 0.148126 
1.54373 1.8789 2.41563 1.302 2.46444 1.779 2.24176 0.553022 0.760928 0.168153 -0.0373894 0.101641 
1.45399 1.77492 2.46197 1.15968 2.54886 1.46644 0.543764 0.152159 1.38054 0.300795 -0.195032 0.0205459 
1.35192 1.69327 2.31082 1.64413 2.40442 1.292 0.85753 -0.383008 1.81916 0.259896 -0.206234 0.0580694 
1.30973 1.286 2.06364 1.37234 1.95914 0.962591 1.56751 0.268456 1.31036 0.315807 -0.181052 0.0658287 
1.35939 1.41845 1.89988 1.79809 2.05293 0.61116 1.55357 0.151276 1.61992 0.0742831 0.229766 0.189911 
1.34307 1.88853 2.05669 1.80948 1.94308 1.05487 2.06164 -0.0204691 0.854825 0.109041 0.0935414 0.0901448 
1.36801 2.13115 2.7501 2.06906 1.77243 0.770513 2.07781 0.0965242 1.03091 0.311493 -0.0349753 0.0828532 
1.29293 2.00852 2.63154 2.36187 2.26267 1.09427 1.93523 -0.484591 0.158002 0.0270322 0.213104 -0.0377176 
1.28361 1.45041 2.4196 1.29238 2.11608 0.452145 1.1122 0.137821 0.244383 0.72729 0.152319 0.0544147 
1.25895 1.60308 2.448 0.320921 2.3483 0.259865 0.478041 1.03151 1.20934 0.764221 0.187561 0.157784 
1.28485 1.20575 1.63846 0.780902 1.94271 0.223364 0.458414 1.20744 0.875364 0.535756 0.594678 0.104789 
1.22926 1.28761 1.64674 0.530369 2.05447 0.658584 0.983209 0.619944 -0.00327079 0.642502 0.429331 0.101813 
1.1828 1.38108 1.61574 1.76911 1.93084 0.465454 0.820806 -0.000624856 0.47679 0.198646 0.0296455 -0.00475837 
1.26565 1.51361 2.023 1.72317 2.79281 0.435728 0.263889 0.928016 1.18994 0.587777 -0.128288 0.0304393 
1.19049 1.29815 1.74939 0.944024 2.33358 0.990837 1.62708 1.48793 0.702048 0.481041 0.461708 0.112244 
1.15205 1.0262 1.75449 0.970727 1.72846 0.893866 1.85104 -0.0547952 1.41849 0.470187 0.228502 0.0845372 
1.11277 1.45505 1.55726 0.701231 2.16387 -0.18401 1.86686 0.902761 1.202 -0.211104 -0.136302 0.0733835 
1.22576 1.55908 1.86166 0.54833 1.78761 0.116329 2.31892 0.993007 0.328805 -0.431551 0.0788921 0.0347093 
1.19193 1.60401 1.79951 0.621087 1.62816 0.0848459 1.5825 0.310383 0.768637 0.84115 0.493281 0.151454 
1.2362 1.54151 2.10984 0.702128 0.669091 0.614871 1.11746 0.023371 0.716167 0.602393 0.647426 0.119437 
1.19793 1.34233 2.07494 0.691546 1.06959 0.787293 0.7324 0.184651 0.140038 0.884494 0.477917 -0.0112459 
1.18335 1.38653 2.35685 0.798814 1.25122 0.535832 1.24178 0.371517 0.410815 0.58486 0.293054 0.0734253 
1.19502 1.38671 2.12028 1.69225 1.71954 0.28821 0.772487 1.05371 0.884469 0.509933 0.237432 0.130635 
1.11427 1.46862 2.18513 0.717106 1.5467 0.318612 1.78596 1.0642 1.05603 0.143262 -0.0142414 0.130791 
1.03972 1.59604 2.13581 0.931535 0.884913 0.399005 1.21729 0.184159 0.282242 0.510756 0.204913 0.0934919 
1.11961 1.67684 1.82432 1.08639 0.723705 0.569921 1.51533 0.480654 0.369317 0.617088 0.211293 0.0580672 
1.00371 1.58812 1.12713 1.36231 2.0488 0.357464 0.77424 0.797081 0.488104 -0.19974 0.356201 -0.0856222 
1.01255 1.65432 1.66251 0.866387 1.75871 0.535355 1.45209 0.639735 0.693794 -0.0719168 0.479656 0.0115322 
1.07505 1.61595 2.22534 0.354847 0.511168 1.14184 1.3528 0.349324 0.347875 0.0502098 0.751641 0.0409859 
1.02093 1.85052 2.2081 0.836782 1.71972 1.02046 1.3054 0.923405 0.11027 0.0328124 0.606902 0.0423197 
1.02028 1.73798 2.24223 1.05931 2.39491 1.44571 1.27098 -0.317793 0.349576 0.209012 0.297929 0.136165 
0.946902 1.13065 1.97682 1.00951 1.54282 0.664748 1.49903 0.266426 0.643743 -0.130025 0.286435 0.113784 
