0.799662 1.20549 1.6766 1.26753 1.20993 0.838983 1.52757 1.90741 0.81877 1.32157 0.747417 0.0678115 
0.659742 1.21183 1.68825 1.1683 1.51337 0.725004 1.92718 2.07125 0.816324 0.331616 0.562311 0.0945482 
0.485053 1.13326 0.974637 1.51681 2.47349 0.9695 1.6678 2.06767 0.187885 0.139145 0.567794 0.0586481 
0.632972 1.32872 1.38435 1.17687 1.93012 2.6357 1.88622 1.46851 0.910363 0.364773 0.372744 0.192774 
0.74784 1.45702 1.72837 1.08071 1.06306 2.68255 1.19142 0.923923 1.12931 0.457577 0.440607 0.171358 
0.768053 1.38065 1.54768 1.02964 1.2191 1.56839 1.81055 0.898156 0.851632 0.580135 0.299814 0.10473 
0.723494 1.61279 1.31298 0.884731 0.791053 1.45127 1.55808 1.35514 1.29371 0.635503 0.301244 0.000397491 
0.81392 1.44788 1.01834 1.10477 1.56017 1.71482 0.864108 1.46493 1.41133 0.452356 0.296714 0.0414028 
0.887532 1.16128 1.35441 1.13626 1.29089 1.33922 1.5805 1.63655 1.12633 0.310246 0.437014 0.0622277 
0.805891 1.33235 1.3287 0.0566063 0.058988 0.752044 0.654212 1.28896 0.985557 0.262606 0.510073 0.0167065 
0.893595 1.46353 1.07449 0.296443 0.488902 0.581845 0.91313 0.882655 0.533382 0.508915 0.679293 0.0602597 
0.827455 1.55587 1.29311 0.893576 0.692142 0.53755 1.47141 0.786767 0.364089 0.794516 0.481661 0.0611762 
0.643716 1.36295 1.75966 0.787438 1.24414 0.570136 1.68949 0.48749 0.435527 0.516592 0.735657 -0.0199024 
0.787227 1.3803 1.44143 0.564565 1.4251 1.17612 0.896697 1.28826 0.7043 0.879946 0.761253 0.00388017 
0.853924 1.3558 1.04724 0.797389 1.26064 0.997054 0.973391 1.67506 0.743109 0.785944 0.772385 0.0309662 
0.891242 1.52072 1.08791 1.51945 0.692642 0.809816 0.882181 0.628276 1.0334 0.777405 0.475745 0.129264 
0.78896 1.57365 1.10144 1.09485 1.60144 -0.00773073 2.05121 0.826868 -0.0258684 0.934481 0.921007 0.122417 
0.74423 1.44594 1.01258 1.4059 1.7045 0.697802 1.54268 2.01397 -0.209017 0.725814 0.820163 0.0358429 
0.945804 1.35714 1.74286 1.51721 0.625283 1.91705 1.1976 1.70869 1.64524 0.110288 0.861951 0.167336 
1.00084 1.6213 2.12062 1.21581 0.29404 1.57127 1.21577 0.397661 1.84196 0.784595 1.39341 0.217088 
1.10833 2.03016 1.93283 0.917175 0.931555 1.49591 1.39011 0.649376 0.953645 1.01307 1.17064 0.282292 
1.33485 2.43802 2.64693 2.57548 2.76719 2.04387 0.597272 1.33434 1.28879 0.212419 0.334068 0.104418 
1.55315 2.63738 3.48563 3.36132 3.3057 1.91866 0.962525 0.26295 0.62348 0.0286561 0.124371 -0.0778468 
2.13441 2.48037 2.63014 2.9986 3.08252 1.58706 0.622482 -0.666465 1.00563 -0.813691 -0.178417 -0.145997 
2.07295 2.2896 1.8511 2.90133 3.55771 1.38616 -0.130997 -0.887024 0.579482 -0.7395 -0.18371 -0.28238 
1.91464 2.06732 1.48927 2.66141 3.07981 1.51493 -0.261667 -0.758012 -0.544966 -1.10502 -0.018402 -0.153497 
2.32885 2.0323 0.0890093 2.98668 3.90385 2.21345 -1.40103 -1.41633 -0.293192 -1.34474 -0.485469 -0.353374 
2.39563 1.83395 0.15126 2.156 4.09233 2.259 -1.60378 -1.62289 -0.325207 -1.31032 -0.524393 -0.389067 
2.58106 1.67674 -0.0384737 1.70502 4.19671 1.66581 -1.41907 -1.89276 -0.634288 -1.13692 -0.661555 -0.358392 
2.32974 1.99895 -0.364824 1.39437 4.07669 1.18181 -1.88157 -1.43641 -1.29269 -1.03255 -0.548554 -0.321128 
2.48859 2.25118 -0.746956 1.03567 4.60891 0.300393 -1.74537 -2.1074 -1.91834 -0.871866 -0.934804 -0.303891 
2.46304 1.7419 -0.234225 0.856053 3.68242 0.577676 -2.09182 -2.3499 -1.32195 -1.46956 -0.626979 -0.28633 
2.64452 1.86063 -0.816738 0.462354 4.4054 -0.774748 -1.21541 -3.09536 -1.42287 -1.02536 -0.903415 -0.0484186 
2.4886 2.34806 -1.24447 0.414502 4.51771 -1.19368 -1.17669 -3.13436 -1.54763 -0.694911 -0.962506 0.0110555 
2.55356 1.98132 -0.753853 0.13326 3.65716 -0.698176 -1.51724 -2.75245 -1.30444 -0.885654 -0.566484 -0.0543143 
2.42774 2.11744 -1.01213 -0.0381768 3.15742 -1.04843 -1.5077 -2.3525 -1.14096 -0.66952 -0.437621 0.00752814 
2.50738 2.49357 -1.85537 -0.0092641 2.93314 -1.32888 -0.979313 -2.68526 -0.958642 -0.556772 -0.497198 0.116157 
2.48419 1.95403 -1.25884 -0.27832 2.34186 -1.34648 -1.3911 -1.78629 -1.01773 -0.462976 -0.348341 0.14765 
2.60229 1.9146 -1.80604 0.0197383 2.39599 -1.6849 -1.56599 -1.33863 -0.960799 -0.0784312 -0.531577 0.265137 
2.58715 1.61761 -1.76976 0.292442 1.66862 -1.5275 -1.64366 -1.64345 -0.0230901 -0.204943 -0.138485 0.0690269 
2.74505 1.45357 -1.76152 0.017211 2.38377 -2.1496 -1.00933 -1.68378 0.475685 0.0333584 -0.393665 0.0466983 
2.76807 1.41491 -1.90645 -0.356269 2.32244 -1.60202 -0.86943 -1.07075 0.179889 -0.00573273 -0.509119 0.0268859 
2.74565 1.55247 -2.38385 0.140962 2.73215 -1.38795 -0.496647 -1.39249 0.103558 -0.249217 -0.502793 0.12604 
2.73416 1.37384 -2.44779 0.204938 2.96052 -0.862566 -0.664739 -1.23127 -0.268892 -0.203879 -0.516798 0.103292 
2.74027 0.988063 -1.80968 -0.188355 2.80255 -0.375719 -0.803082 -1.23976 -0.337903 0.0204533 -0.163062 0.083174 
2.73055 1.45956 -1.07715 -0.400244 3.30386 -0.0712755 -0.395507 -0.786812 -0.224838 0.464861 -0.101784 0.045339 
2.53524 1.66731 -0.548506 -0.3315 3.3668 0.468805 0.581209 0.265598 0.0814092 0.0741995 -0.272207 0.112402 
2.60584 1.46702 -0.433341 -0.289313 2.5413 0.542692 0.782466 0.274597 0.345176 -0.116367 -0.0709391 0.270555 
2.61599 1.53246 -0.262341 -0.406676 2.60925 0.540268 0.422342 0.473002 -0.351631 -0.0836846 -0.0473771 0.223753 
2.53129 1.7078 0.157085 -0.858855 2.7059 0.540946 0.547427 0.087417 -0.560617 -0.287053 -0.0652327 0.262493 
2.55105 1.678 -0.0713529 -0.788005 2.45082 0.276361 0.51501 -0.859793 -0.187458 -0.579355 -0.20593 0.258489 
2.58193 1.48069 -0.0538426 -0.29698 2.32079 -0.324961 1.19407 -0.90011 0.100476 -0.403011 -0.292062 0.317724 
2.55949 1.49266 0.0350722 0.0138265 2.36889 0.824681 0.746278 -1.40662 0.263526 -0.63702 -0.185175 0.207268 
2.40218 1.65804 0.255982 0.183043 2.3856 1.00144 0.51486 -0.111696 0.142915 -0.43739 -0.160802 0.0496693 
2.42382 1.60124 0.336753 -0.328262 2.95319 0.882898 0.623857 -0.265316 -0.541555 -0.00386557 -0.0164641 0.115565 
2.43272 1.8334 -0.371426 -0.25693 3.36587 1.51425 1.07751 -0.463373 -0.585014 -0.292908 -0.0631016 0.135301 
2.49573 1.83276 -0.630027 -0.0639629 3.15538 1.1263 0.955948 0.0869633 -0.884071 -0.248735 -0.0873226 0.300394 
2.33377 1.95466 -0.150804 -0.540816 2.19696 1.31117 0.149578 0.271311 -0.349257 -0.295855 0.267348 0.248778 
2.41231 1.77708 0.141793 -0.476967 2.09363 1.30053 0.926694 0.339293 -0.525643 -0.321585 0.113922 0.274582 
2.30233 1.96479 0.39176 0.371072 1.49109 1.86159 0.502849 -0.467168 0.143011 -0.39696 0.234616 0.201539 
2.31128 2.00103 0.818668 0.215214 1.83671 0.972406 0.983378 -0.673893 0.00408754 -0.35952 0.17872 0.269905 
2.24447 1.84756 0.569045 0.524745 1.37618 1.48182 0.945189 -0.799337 0.333748 -0.748569 -0.0319845 0.0767418 
2.11843 1.91885 0.868002 0.0818097 2.38891 0.636607 0.349842 -0.0520574 -0.258648 -0.351708 -0.0384866 0.0485532 
2.16364 1.91722 1.42472 -0.141902 2.05553 1.04156 1.27844 0.288336 -0.759541 -0.423394 -0.137951 0.0916843 
2.10981 2.1456 1.15451 -0.166579 2.55901 1.62493 1.40809 0.340855 -0.0974787 -0.290898 -0.00466969 0.10244 
1.9417 2.40005 1.3056 0.349092 2.5436 2.09754 1.16159 -0.427902 -0.133082 -0.561588 0.168458 0.126087 
2.02264 1.96623 1.92964 0.895961 2.65941 2.12583 1.21423 0.192544 -0.761953 -0.263589 0.0613852 0.0562354 
1.9805 1.9434 1.64117 1.37654 3.02246 1.41409 1.50222 0.696769 0.0485872 -0.370286 -0.0654174 0.0513045 
2.00108 2.0723 1.47871 1.09213 1.96529 1.60485 1.57993 0.831969 0.123607 -0.461759 -0.0119894 0.0645349 
1.91762 2.03548 1.57566 0.688322 1.63042 0.854384 1.43519 0.523065 0.374583 0.10062 0.287477 0.209582 
1.7781 1.86235 1.58046 0.744998 1.55536 1.00884 1.42515 0.18308 0.40811 0.788435 0.522215 0.298928 
1.70808 1.62282 1.59576 1.1973 1.42818 1.2088 0.952177 0.150753 0.5961 1.22992 0.437022 0.1769 
1.70259 1.64915 1.46722 1.05966 1.81803 0.547764 1.30361 0.494658 0.668711 0.777639 0.297862 0.170338 
1.65563 1.897 1.91603 1.08032 1.46287 0.961572 1.99486 0.725266 0.130868 0.657198 0.302179 0.176489 
1.59232 2.11678 1.83342 1.10678 0.844542 1.95827 2.31898 0.145363 1.0272 0.311344 0.360699 0.20109 
1.5693 1.64408 1.83718 0.96357 2.18479 1.30986 1.15216 0.878508 0.279293 0.785438 0.829663 0.328483 
1.34522 1.71468 1.42273 1.12609 2.39222 0.504316 0.965668 0.578458 0.881267 0.948846 0.512371 0.22452 
1.26582 1.83392 2.11687 0.940477 1.70433 0.656467 0.765558 -0.140152 0.101166 0.300261 0.644753 0.166056 
1.34235 1.66288 2.04642 0.816218 1.33592 0.52113 1.74959 0.0493211 0.0208937 -0.183907 0.565817 0.144846 
1.42466 1.81637 1.47599 0.591554 0.906111 1.00987 1.70481 -0.412235 0.108246 -0.965316 0.684465 0.189901 
1.24842 1.68538 1.81967 0.463708 1.90797 1.42155 1.32168 0.225592 -0.1395 -0.583994 0.381285 0.0949768 
1.35982 1.51039 2.13504 0.158035 1.86869 1.13391 1.2396 -0.0396169 0.222026 0.323111 0.568301 0.250753 
1.38582 1.70487 2.05577 1.09154 1.82527 0.739078 1.24326 0.387957 0.785256 0.0717086 0.628281 0.21135 
1.27027 1.67909 2.24839 0.446693 1.645 1.22686 2.50043 0.945292 -0.0773816 -0.271572 0.514657 0.0661242 
1.25622 1.62516 2.48866 0.607496 1.39908 1.23565 1.76046 0.825564 0.707888 0.41872 0.12382 0.0730263 
1.29438 1.74386 2.48258 1.24376 2.13766 0.717113 1.53338 0.37963 0.967251 0.185356 0.454046 0.216028 
1.2431 1.91823 1.61459 0.745794 2.6633 -0.0809226 0.81903 1.69064 0.523582 0.668917 0.941686 0.219751 
1.21815 1.70242 1.5683 0.690277 2.69492 1.41294 1.06683 1.10286 0.695634 0.809886 0.629675 0.183847 
1.1592 1.93518 2.21905 0.83667 1.65926 0.945414 0.0788053 0.151744 1.10145 0.821577 0.551556 0.248875 
1.21178 1.79943 2.04239 1.31216 1.22657 0.951468 0.450958 0.0537166 0.818401 0.224624 0.683965 0.187917 
1.28764 1.87991 2.02195 0.882435 1.43245 0.247182 1.27574 0.566365 0.996686 0.489992 0.415284 0.196106 
1.26583 1.75631 1.84466 0.608069 1.39226 0.270508 1.85363 0.383853 1.47593 0.405324 0.574675 0.241611 
1.14122 1.99033 2.15633 1.42536 1.34245 -0.598092 1.08626 0.754972 0.811918 -0.0859526 0.166433 0.126281 
0.969501 1.78153 2.03535 1.05817 1.11055 0.506631 0.740752 0.443065 0.543316 0.235322 0.102351 0.041962 
0.939746 1.55213 1.63049 0.671605 1.02063 0.248475 0.898945 -0.152781 0.587733 0.679879 0.677005 0.0206503 
1.03871 1.01429 1.96624 1.34808 2.05954 0.374373 1.54749 -0.400423 0.548393 0.745531 0.19932 0.0967164 
1.01623 1.35799 1.7887 1.52535 2.2868 0.336217 0.741024 -0.104439 0.157772 0.413788 -0.221174 -0.0214457 
0.964863 1.80404 1.6234 0.923987 1.96191 0.639597 0.401212 -0.25565 0.345442 -0.134029 0.156603 -0.0304085 
1.01087 1.67636 1.83374 1.49401 1.90115 -0.320389 1.66366 1.00069 0.387887 0.0627396 0.186516 0.140001 
1.0249 1.53464 1.93932 1.44856 2.29357 -0.0461733 1.72992 0.849659 1.21609 1.06605 0.306988 0.280945 
1.09788 1.71817 2.50245 1.08918 2.33994 0.650813 1.34909 0.967347 1.36693 0.694303 0.273657 0.269801 
1.0966 1.27435 2.09985 1.217 1.6931 1.80018 1.48084 0.58089 1.65032 0.3846 0.192639 0.22718 
1.10353 1.36195 2.0592 1.14144 1.67619 1.24861 1.62455 0.27669 1.77249 -0.302951 0.563485 0.227525 
1.10214 1.56631 2.59346 1.6312 1.89845 0.136113 1.75023 0.915903 1.44509 -0.380647 0.34507 0.267883 
1.10544 1.72796 2.59725 1.7029 1.26546 1.31623 2.17288 0.939252 0.859638 0.0456597 0.327979 0.125732 
1.00681 1.65946 2.17889 0.832268 1.19584 1.99394 1.34489 1.37963 1.26257 -0.033665 0.67145 0.150629 
0.962957 1.29655 2.12424 1.11429 1.27227 0.876142 1.29468 0.559757 1.24238 0.428657 0.310171 0.143424 
0.902254 1.25603 1.53958 0.832069 2.03927 0.598296 1.02591 0.4569 1.76942 0.548722 0.610856 0.112631 
0.887416 1.42811 1.37208 1.39794 2.46491 0.937518 1.25555 0.4368 1.7826 0.504425 0.483957 0.14411 
0.861828 1.62841 1.38494 2.27167 1.68439 0.685846 1.68023 0.485333 1.55424 0.25455 0.0237286 0.175758 
0.821637 1.72628 1.99547 1.26518 1.11871 0.179254 0.433919 0.884961 1.48997 0.028824 0.276908 0.200967 
0.882383 1.46284 1.52006 1.65422 1.87909 0.00801444 1.84895 1.18125 1.29971 -0.42948 0.713662 0.126379 
0.904394 1.54871 1.44929 1.56804 1.97379 0.466845 1.26671 1.22314 0.739391 -0.304466 0.665588 0.0949996 
