0.709049 1.27552 1.08066 0.535278 1.21575 0.829097 2.61242 0.846023 1.43929 0.285494 0.315392 -0.00665842 
0.670568 1.07264 1.76637 1.02913 0.972256 1.19798 1.80761 0.856252 1.6065 0.466977 0.599106 0.0761157 
0.72425 0.990305 1.75992 1.26356 0.869733 0.541161 1.07669 1.21181 1.34443 0.714552 0.469845 0.088687 
0.648496 1.41055 1.56027 1.21637 1.06432 0.797244 0.933436 1.2384 1.84782 0.882675 0.0395998 0.143092 
0.788256 0.62724 1.87731 2.60574 0.731071 0.725969 1.32926 1.43434 0.744389 0.637561 0.584395 0.028393 
0.924748 0.731455 2.18203 3.21131 1.0425 0.681559 1.93981 0.618153 0.575346 -0.134502 0.544937 0.0735319 
0.601542 1.75252 2.28299 2.13554 0.832891 0.815581 1.71566 1.80916 0.686524 -0.0310919 0.707458 0.0615463 
0.569072 0.779562 2.51959 2.30651 1.19511 1.75387 1.95774 1.65812 -0.144262 0.342494 1.06262 -0.00142209 
0.471648 -0.09707 3.3054 3.36508 0.370799 -0.83454 3.10657 1.28187 1.00141 0.719619 0.450717 0.227821 
0.26424 -0.343875 3.62421 2.94291 -0.491222 0.139234 2.81585 0.759315 2.15174 0.379825 -0.086334 0.452804 
-0.0855924 -1.05893 4.52183 1.82133 -1.46723 1.83993 2.91427 -0.543099 0.774985 0.584004 -0.147279 0.186207 
-0.207863 -1.11575 4.98973 2.58768 -1.92778 1.67136 3.72351 -0.0177762 0.890081 0.732984 0.438046 -0.0173727 
-0.422902 -0.914781 5.46483 2.33519 -1.19193 1.5522 3.24043 0.469928 0.276671 1.01789 0.57023 -0.143712 
-0.882892 -0.264741 5.15556 2.42573 -1.13666 2.32017 2.77245 -0.189313 0.72691 0.955367 0.315567 -0.11366 
-0.998416 -0.218501 5.04578 1.81335 -0.903308 3.19422 2.94097 -0.438994 1.05529 1.11458 0.0337563 0.0652004 
-0.964275 -0.30183 5.35221 1.29625 -1.20634 3.57166 2.40471 -0.369518 0.966497 1.16981 -0.155385 0.111782 
-0.932721 0.0171671 5.43164 2.05558 -1.43849 3.39881 2.46776 0.318108 0.720985 1.18703 0.0387714 0.179661 
-0.983317 0.111356 4.69914 1.64097 -1.09829 3.61943 1.26864 0.843785 1.18966 0.447493 0.109681 0.24008 
-0.772265 0.197735 4.46346 0.295969 -1.29806 3.03237 1.69395 0.777705 1.57697 0.421768 -0.0582892 0.110666 
-0.846221 -0.137584 3.79994 1.03945 -2.61202 2.85114 2.13529 0.530321 1.08673 0.116253 -0.125617 -0.107826 
-0.812069 -0.460806 4.12188 1.35068 -2.61009 2.29273 2.18046 0.888457 1.36045 -0.20605 0.393375 -0.103325 
-0.638307 -0.373792 4.06547 1.2648 -2.40915 2.5438 2.54816 0.976979 1.50319 0.275979 0.24581 -0.0959576 
-0.472946 -0.276527 3.25611 1.57595 -1.70992 2.1912 2.03057 1.68999 1.87926 0.0909042 -0.218665 0.138564 
-0.441754 -0.466119 2.93467 1.89619 -1.37141 1.05875 2.38646 1.3945 1.79729 -0.297701 -0.148585 0.171428 
-0.278865 -0.748276 2.77919 2.44374 -0.912434 1.07229 2.20281 1.27862 1.55428 -0.24784 -0.341577 0.262896 
-0.131126 -1.11522 2.87326 2.2871 -0.391415 1.68571 3.16313 1.11295 0.729518 0.0105431 -0.275735 0.273884 
0.301705 -0.699114 3.4372 1.33243 -0.941616 2.14965 3.58031 0.622281 0.734488 0.721353 -0.380157 0.0670331 
0.533131 -0.725267 3.45368 1.10514 -0.745442 1.02149 2.59334 1.17421 1.62464 0.767557 -0.462642 0.0720836 
0.902068 -0.597756 3.39439 1.26085 -1.26033 0.211803 2.69213 0.677511 1.53314 1.01553 -0.45772 0.0460712 
1.24288 0.265866 3.13496 0.915213 -1.00731 1.41278 2.16838 -0.218588 1.23577 0.819485 -0.459187 -0.0902345 
1.92725 1.0625 1.87549 0.293335 -0.645017 1.38508 0.94898 -1.18303 0.873035 1.10688 -0.190843 -0.118055 
2.12267 1.45527 1.95355 0.318099 -0.548272 1.91127 1.10804 -1.45601 0.376242 1.12507 -0.371738 -0.245009 
2.52161 0.570028 1.66242 0.686723 -0.334855 1.22898 0.264351 -2.06602 1.033 1.48848 -0.330182 -0.342242 
2.49536 0.692281 1.07751 0.68711 -0.696229 1.01395 0.816146 -2.05449 0.873446 1.22673 -0.234688 -0.324858 
2.27173 1.01948 1.2072 0.694751 -0.232391 1.12961 0.621225 -1.71889 0.803711 1.03407 -0.115772 -0.265654 
2.50304 0.823141 0.683873 0.104753 -0.0952222 0.779574 0.461007 -1.74499 0.921492 0.805637 -0.0839477 -0.164631 
2.43171 0.897065 1.22277 -0.106751 -0.610112 1.36945 0.687816 -1.57798 0.619185 0.66884 -0.294265 -0.177384 
2.53631 0.747268 1.24971 -0.0846574 -0.438582 0.954341 0.571899 -1.97111 0.887276 0.903335 -0.253056 -0.0604403 
2.65491 0.66295 1.02029 -0.199515 -0.156791 0.518902 0.42509 -2.15058 1.20156 0.97322 -0.443625 -0.108967 
2.53253 1.11633 0.93459 -0.0276185 -0.684871 0.67025 0.937409 -1.74188 1.29655 0.585033 -0.213637 -0.010169 
2.60836 1.09062 1.54123 -0.334596 -1.13833 0.558081 1.28053 -1.79051 1.0778 0.74521 -0.424476 0.0440341 
2.3483 1.49414 1.31666 0.299635 -0.571268 0.541348 1.13342 -0.91508 1.23832 0.153444 -0.0812966 0.0692098 
2.4428 1.48331 1.83685 0.862308 -0.284512 1.13119 1.06446 -1.24435 1.45766 0.300243 -0.353576 0.0481153 
2.38851 1.61976 2.07546 1.02586 0.18703 1.23108 0.202654 -0.888206 1.81335 0.668594 -0.156595 0.0547905 
2.41859 1.98942 1.66624 0.620628 0.864291 0.463183 0.27904 -0.357244 1.19547 0.662381 0.138947 -0.0183801 
2.4906 1.57739 2.31213 1.12332 0.294394 0.705735 0.442359 -1.25252 1.28362 1.3435 0.033758 -0.0625383 
2.62964 1.38162 1.76548 1.71873 0.656587 0.94741 0.220746 -1.16744 1.80829 1.03244 -0.303444 -0.240444 
2.45273 1.50697 1.67029 1.50075 0.356469 0.393108 -0.341344 -1.18463 1.74594 0.96914 -0.102176 -0.145152 
2.27981 1.48536 1.7534 1.4263 0.167258 0.620852 0.0929356 -1.09838 1.56918 0.803002 -0.172589 -0.158883 
2.5751 1.46967 1.37436 0.770772 0.503022 -0.260214 -0.255964 -1.12242 1.48162 0.559086 -0.200175 -0.11834 
2.63407 1.56198 1.61532 1.20759 0.12766 -0.121153 -0.16065 -1.17605 1.88523 0.821455 -0.236625 -0.169011 
2.46564 1.80938 1.44574 0.898651 0.368618 0.277349 0.0440523 -1.1273 1.37543 0.83536 0.0229587 -0.183836 
2.54389 1.80908 1.61916 0.295402 0.346219 0.810314 0.37296 -1.16502 1.10449 0.969807 0.114249 -0.0625199 
2.51562 1.73448 1.93007 0.952329 0.794762 0.286672 -0.297243 -0.583458 1.77141 0.980391 -0.13604 -0.228319 
2.78832 1.76402 0.701308 0.725165 0.727034 -0.0991785 0.196527 -0.686999 1.31789 0.755167 0.0715725 -0.223374 
2.45756 1.74101 1.34115 1.2594 1.00013 -0.705561 -0.435313 -0.102338 1.4273 1.03846 0.0412285 -0.230088 
2.59584 1.3193 1.242 0.886362 1.83068 -0.814671 -0.293082 -0.107331 1.66452 1.07593 -0.321404 -0.355035 
2.40416 1.41631 0.944555 2.09702 1.92763 0.259859 0.176873 0.376263 1.32163 0.79016 -0.169469 -0.332557 
2.31656 1.21097 1.09225 2.28948 2.485 1.56793 0.438018 -0.267412 1.0379 0.481843 -0.189303 -0.266412 
2.15747 1.17462 1.18371 1.86214 2.9252 1.79656 0.692942 0.126638 1.05055 0.453849 -0.000649115 -0.0582158 
2.10394 1.79196 1.96551 2.03197 2.64767 0.965617 1.83925 0.533493 1.01833 0.617551 -0.109851 -0.0700464 
2.22053 2.01389 1.85706 2.03389 3.33365 1.15671 1.37272 0.20095 1.64057 0.484002 -0.137916 -0.0853893 
2.18333 1.91795 2.08359 2.46669 2.62455 1.15145 0.770329 0.96644 1.34181 0.314564 -0.0906817 -0.0455134 
2.18515 1.7112 2.0983 2.0698 3.57948 0.905345 0.750002 1.19477 1.43381 0.728164 -0.177644 -0.104824 
2.0623 2.01474 2.00208 1.99915 2.50738 0.937058 0.766096 1.06148 1.85347 0.76057 -0.0384797 -0.0617847 
2.12829 1.85121 1.62457 1.2536 2.86934 1.54298 1.46017 0.754794 1.30709 -0.219075 0.184591 0.271167 
2.04868 2.18076 1.56933 1.47616 3.10499 2.38173 2.1796 0.571954 0.490207 -0.0878413 0.254385 0.229922 
1.97933 2.02751 1.69049 1.56693 3.13718 3.04446 2.17412 0.77329 0.697034 0.246685 0.187584 0.146784 
2.10858 2.02208 1.77725 1.40683 2.88723 2.84612 1.81707 1.07017 0.700741 0.199773 0.0780127 0.0478792 
2.01907 2.24863 2.14495 2.13349 2.86751 2.1434 1.78967 0.49326 1.61844 -0.0458322 0.0844383 0.0458986 
2.09353 2.2973 2.37786 2.08686 2.45491 1.17543 1.72538 1.47066 1.30141 0.600021 0.0578227 0.0189824 
1.92211 2.40403 2.65174 1.94715 2.09469 0.927452 1.71707 1.24354 1.34073 0.816423 0.110915 0.0795431 
1.90753 2.40168 2.69431 1.93405 1.8916 1.18154 1.70722 0.775977 1.35026 1.3218 0.0927652 0.0844076 
1.95042 2.48188 2.63254 1.46163 2.34439 1.91082 2.01698 0.775032 0.999072 0.590248 0.0678704 0.0799287 
2.04835 2.23263 2.66836 1.41912 2.67254 1.63118 1.79333 1.06061 1.28605 0.54338 0.0259161 0.0530405 
1.84776 2.31993 2.85651 1.90899 2.05138 1.38914 1.62533 1.17711 1.80892 0.533044 0.031707 0.0691327 
1.84554 2.41104 2.30674 1.63279 2.28308 0.994266 1.68958 1.0075 1.92429 0.587447 0.0762308 0.0596916 
1.90854 2.23751 2.34272 1.5184 2.4499 0.872103 1.48297 1.31873 1.42916 0.529879 0.27522 0.184956 
1.67798 2.25893 2.44871 1.77758 2.34769 2.28579 1.68614 1.15118 0.84246 0.101586 0.509823 0.229467 
1.64677 2.15416 2.20635 1.39897 2.7923 2.28728 1.71658 0.80575 1.55255 0.40574 0.489536 0.278746 
1.60756 2.21964 1.9401 1.87034 2.30397 1.44427 1.8757 0.799077 1.56557 0.704875 0.454242 0.246948 
1.67095 2.05389 2.36974 1.82684 3.08425 1.64763 1.63394 1.11804 1.6227 0.401201 0.314162 0.21859 
1.77864 1.49541 1.8779 1.74833 2.77682 2.47149 2.12752 0.233966 0.729073 0.305994 0.577712 0.375753 
1.74225 1.76529 1.9824 1.41518 2.46129 1.85566 1.59221 1.07019 0.570141 0.135761 0.455255 0.250544 
1.78521 1.94613 1.75293 -0.14845 2.59101 2.17439 1.52884 0.758515 0.818648 0.225359 0.37045 0.244815 
1.66669 1.67207 2.15345 1.05577 3.06781 1.91031 2.302 0.565024 0.483242 0.017658 0.138005 0.244464 
1.60779 1.82296 1.83683 1.42965 2.31799 2.6771 2.27741 0.52504 0.471636 -0.283024 0.287947 0.220446 
1.62756 1.65307 1.75097 1.57056 3.31546 2.42387 2.48756 1.32149 0.397715 -0.184877 0.258648 0.27098 
1.75056 1.68719 2.01935 1.16127 2.09197 1.86257 1.83454 1.21282 1.5836 0.619478 0.0316557 0.0856307 
1.69328 1.73673 1.93455 0.870932 1.48994 1.5052 1.82262 1.37755 2.46947 0.489615 0.242012 0.187013 
1.54308 2.01169 1.5008 0.699732 1.38871 2.23492 2.54812 1.16686 1.83025 0.275134 0.359355 0.195877 
1.56737 1.91465 1.46406 0.451949 1.82707 1.96391 1.96021 1.88943 1.83527 0.253193 0.136007 0.0486499 
1.53138 2.017 1.56635 0.304277 1.57397 1.71004 2.99718 1.10987 1.35675 0.405944 -0.0207888 0.107823 
1.62307 1.95098 1.61633 0.763175 1.17439 1.65855 2.92848 1.32063 1.36797 0.53306 0.0818414 0.0726926 
1.70375 2.01095 1.55453 0.936259 2.15128 2.00285 2.55241 0.708714 0.87192 0.305288 0.20588 0.196576 
1.67399 2.00782 1.87552 1.54872 1.60638 1.17363 2.62545 1.23961 1.12981 0.693566 0.203023 0.128322 
1.60499 1.89806 2.33473 0.563478 1.49614 1.2626 2.47476 2.31492 0.928195 0.540527 0.501046 0.163997 
1.59166 2.05533 1.67643 0.518366 2.43771 1.31181 1.45946 1.99029 1.69891 0.474213 0.576698 0.180711 
1.56357 2.1758 1.8123 1.02445 1.9368 1.09238 1.4901 1.34243 1.60382 0.183569 0.782809 0.278171 
1.59085 2.10755 2.2282 0.928403 1.42613 0.806111 2.08742 1.48298 0.739975 0.54535 0.718291 0.298011 
1.44184 1.77082 2.50174 1.03559 0.714669 1.02757 1.94709 1.35315 0.805697 1.14518 0.928785 0.304214 
1.44139 1.55218 1.85125 1.27843 1.03724 1.57058 2.48518 1.5457 1.26115 0.831858 0.658283 0.257467 
1.57858 1.43227 1.86857 1.55807 1.0832 2.07706 2.50923 2.64472 1.27981 0.301041 0.30739 0.194809 
1.54603 1.66059 2.09454 0.817706 1.44499 1.85983 2.46628 1.8475 0.610465 0.877821 0.419668 0.173238 
1.50427 2.24448 2.15922 -0.133124 1.64548 1.95158 2.09525 0.761688 0.818239 0.67651 0.473089 0.358272 
1.40822 2.03301 2.1819 0.753567 1.65485 1.14374 1.78357 1.02638 1.29578 1.0853 0.385354 0.269278 
1.48025 1.54121 2.4242 1.37969 0.910349 0.856344 2.25011 1.93133 1.71627 0.887745 0.487095 0.246086 
1.34178 1.48434 2.13194 1.07907 0.685363 0.907708 2.80222 1.77448 2.00697 1.1768 0.291899 0.161707 
1.43116 1.68915 1.63698 0.812121 0.719771 0.67252 3.05948 1.52418 1.635 1.20981 0.0521258 0.0227676 
1.42492 1.69792 1.75273 1.35063 1.46586 1.27727 2.21617 1.22476 1.44682 0.716385 0.288529 0.170344 
1.39547 1.59332 1.96958 1.17248 1.40371 0.838385 2.15043 0.852237 1.15666 0.490451 0.573436 0.253728 
1.55396 1.63444 2.25894 0.569005 0.909842 0.334098 2.21417 1.12694 1.58588 0.745518 0.165212 0.154583 
1.49574 1.18632 2.0231 0.385121 0.836681 0.612022 1.7869 1.01227 1.65303 0.585729 0.887086 0.396223 
1.45153 1.23881 1.63475 0.851094 0.598751 0.376745 2.02734 1.31906 1.46023 0.431561 1.22749 0.390968 
1.36791 1.08368 1.68822 0.971479 1.34996 0.768602 2.30458 2.05606 0.766486 0.826569 1.04956 0.284392 
1.2526 1.10781 2.0544 0.876362 0.955179 1.0801 2.55116 1.24513 1.04421 1.07474 0.807158 0.204285 
1.28093 1.45781 2.04173 1.89339 0.927822 -0.210706 2.13872 0.721034 1.26432 1.2637 0.834905 0.299087 
1.36981 1.56245 2.16021 1.78608 1.21265 -0.750244 1.70596 1.37929 1.09154 0.541913 0.541586 0.328624 
1.28475 1.2766 2.80292 1.30234 1.03816 -0.643703 1.98526 1.00413 0.317999 0.382209 0.65967 0.263031 
1.33875 1.55346 2.85543 1.09546 0.669043 0.228331 2.17029 0.990332 0.339778 1.08339 0.842644 0.194399 
1.28885 1.38997 2.14717 1.46682 0.831431 0.198665 2.25844 1.46262 1.34418 0.722808 0.220914 0.161954 
1.27517 1.4424 1.6622 0.856794 0.0388723 1.14301 1.62766 0.548293 0.859711 0.111546 0.479171 0.0907338 
1.30263 1.32776 2.01095 0.278116 0.792076 0.966958 1.70193 0.98635 0.865011 0.660997 0.613192 0.168345 
1.34939 1.4013 1.87834 0.609721 0.738862 0.684865 2.14402 -0.11536 1.07081 0.596909 0.662694 0.266538 
1.28753 1.24675 1.45665 0.248173 0.402085 0.439384 2.26105 -0.721837 0.463202 0.680857 0.95201 0.243852 
1.32253 1.48958 1.0926 0.485901 1.65093 1.05528 1.92229 1.05968 0.281415 0.271893 1.01676 0.294261 
1.4066 1.54163 1.30148 0.979972 2.18216 1.72468 1.97631 0.871314 0.448773 0.340369 0.510565 0.266651 
1.36349 1.43122 1.83808 1.08142 2.09918 1.3048 1.35238 1.11958 0.682788 0.381156 0.526934 0.213899 
1.43539 1.23632 1.51448 1.14558 1.31077 1.89413 1.90263 0.831051 0.080617 0.00903147 0.901248 0.317422 
1.41512 1.49917 1.17488 1.08449 0.784104 1.84784 2.06661 0.186155 0.25087 0.00447501 1.14695 0.350093 
1.29462 1.64888 2.00577 0.547155 0.780351 1.40021 2.44288 0.474314 0.143254 1.12234 0.685667 0.195839 
1.24855 1.58293 1.69493 0.353454 1.60455 1.5855 2.15749 0.943839 0.441144 0.399307 0.202249 0.117988 
1.33943 1.3 1.52101 0.528334 2.16641 0.822766 1.96159 0.444714 1.04555 0.292561 0.283519 0.212361 
1.34261 1.33435 1.71368 0.854034 1.53817 1.0026 2.16203 0.560572 0.314055 0.121529 0.694978 0.226919 
1.25272 1.27706 1.35865 1.2566 1.41625 1.17931 1.58319 0.889513 0.696458 -0.16536 0.143027 0.119069 
1.25906 1.55219 1.04166 0.757212 1.41858 1.58295 1.67042 1.51611 1.30102 0.436011 0.0988762 0.0669982 
1.05741 1.50345 1.20198 0.964205 0.633967 0.437643 2.11594 1.44612 1.27048 0.528549 0.209019 0.0872404 
1.15953 1.63251 1.36652 0.785021 0.929716 1.60348 2.41882 1.14653 0.470214 0.465998 0.456983 0.117753 
1.13657 1.3793 1.44648 0.981929 1.272 1.60991 1.67821 0.986113 0.382822 0.266036 0.298858 0.11005 
1.19567 1.16021 1.32195 0.568197 -0.0181602 0.830268 1.48571 0.805916 0.948302 0.18228 0.548427 0.135618 
1.31618 1.08046 1.32905 1.24165 1.3406 0.205218 2.39363 1.32924 0.921932 0.533946 0.444244 0.19532 
1.1953 1.13216 1.6993 1.20163 1.37269 0.389125 1.73694 1.20455 0.918935 0.063879 0.475269 0.172517 
1.10583 1.16102 1.4249 1.67803 0.496693 0.0477715 0.836183 0.682154 0.977643 0.578433 0.536353 0.0814385 
1.07559 1.20991 1.58307 1.17736 1.07506 0.70032 1.45163 0.456875 0.519516 0.142754 0.34588 0.0834245 
1.02356 1.28806 1.57431 1.0511 1.26978 0.908912 1.09429 0.622773 0.72594 0.078384 0.196398 0.012889 
0.905999 1.45683 1.74726 1.43485 1.37745 0.48167 0.898547 1.03174 1.66315 0.137092 0.133423 0.11031 
1.01802 1.63755 1.42371 0.654625 1.81984 0.886696 1.10794 0.86674 1.23821 0.289144 -0.011056 0.119975 
