1.02775 1.02215 1.54101 1.10061 0.796574 0.330694 0.770479 -0.447158 0.166056 0.365516 0.361319 0.023036 
1.0547 1.09351 1.31729 0.839836 -0.153208 0.298745 0.926079 -0.05257 0.39723 0.376278 0.395674 0.0145492 
0.859885 1.1896 1.31261 0.557331 1.72468 0.202509 1.16929 0.30341 0.958185 0.704834 0.419857 0.100315 
0.918497 0.997085 1.32874 0.537507 1.49254 0.297219 1.25491 -0.0325419 0.687553 0.765661 0.401933 0.0503475 
1.00217 0.819948 1.29426 1.10291 -0.277882 0.448898 1.28479 0.443196 1.31001 0.0263621 0.599095 0.049289 
0.968849 1.02418 1.91098 0.779641 0.33014 -0.289184 1.773 0.413253 1.37408 0.303696 0.365783 0.119134 
0.861728 0.969451 1.38786 0.506061 1.34239 -0.137736 1.59093 0.399471 0.450477 0.606043 0.720513 0.0100063 
0.873143 1.0631 1.42495 0.0481736 0.723921 0.00160425 0.433467 0.490789 -0.299526 -0.344634 0.508183 -0.257565 
0.932744 1.14879 2.12243 0.104255 1.08338 0.0564376 0.337516 0.260767 -0.522634 0.352105 0.128663 -0.0768472 
0.935178 1.24086 2.44305 0.265456 2.00462 0.0495288 0.419747 -0.501106 -0.228449 0.709226 0.0961516 0.156719 
0.916963 1.34892 1.57911 1.47714 2.08071 0.323096 1.2566 -0.850777 1.32738 0.818567 0.214648 0.162397 
1.01128 1.25522 1.65078 1.16932 1.02476 0.281123 0.69842 -0.635475 1.17317 0.249962 0.672742 0.145943 
1.07623 1.31214 1.53172 0.267909 1.34922 0.791566 0.593279 0.164708 0.449911 0.275578 0.10278 0.0936587 
1.00901 0.99859 0.86446 -0.0211445 1.31367 -0.314515 -0.113475 0.288484 0.390615 0.122348 0.19207 -0.0803971 
1.13306 0.962688 1.59481 0.136465 0.990302 -0.233194 0.883462 0.0486425 0.814946 -0.0805421 0.100031 0.11724 
1.00494 0.981036 1.94859 0.553406 1.06517 -0.116675 0.987784 0.0316378 1.40503 0.164546 0.0210822 0.124359 
0.864784 0.811621 2.11373 0.636607 1.88435 0.930055 0.819209 0.825884 0.558478 0.560519 0.854114 -0.0177497 
0.862536 1.07157 2.10121 0.527669 1.15716 1.53949 1.40505 0.00246241 0.239732 0.779108 0.889879 0.00678261 
0.804206 0.913414 1.70881 0.815303 0.752359 0.521416 1.74397 -1.26221 -0.167643 0.549563 0.152512 -0.032649 
0.609988 0.718391 2.02774 0.822371 0.267565 1.05348 1.47045 -1.62754 0.441852 0.316963 0.298477 -0.0468962 
0.641113 0.745161 2.57492 0.932497 -0.419926 1.3892 1.62918 -1.40574 1.13763 0.587332 -0.214553 0.0033594 
0.619255 0.413626 3.0368 0.432645 -0.11528 1.22583 1.17793 -1.13078 0.695083 1.05792 -0.215161 -0.03946 
0.521049 0.113932 3.65987 0.383785 -0.485703 0.745372 0.825047 -0.135666 0.830979 1.18094 -0.221605 0.00239567 
0.384276 0.115833 3.53545 0.597843 -1.09505 -0.0250221 1.64416 -0.958487 0.407313 0.941915 -0.214156 -0.0167016 
0.090258 0.0159511 3.81995 1.03903 -0.860804 -0.0646142 2.17552 -0.290025 0.192035 1.38593 0.00182582 -0.181871 
-0.0152371 -0.295805 3.95575 0.573746 -1.52445 0.744528 2.69264 -0.744588 1.09035 1.17821 -0.229184 -0.0715014 
-0.179818 -0.356971 3.84293 0.606688 -0.805202 0.700037 2.14399 -0.200821 1.00691 0.695523 -0.392597 -0.000665469 
-0.375145 -0.254053 3.98126 1.00249 -0.614038 -0.526938 2.83811 1.09643 0.339962 0.494058 0.0796164 0.0736448 
-0.252289 0.00951829 3.55363 1.15822 -0.979756 -0.297694 2.496 -0.0255852 0.630084 0.736902 -0.095783 0.136574 
-0.447109 -0.175668 3.37215 -0.0467469 -0.39199 0.221935 1.86375 0.175537 0.440545 0.491352 -0.312809 -0.173926 
-0.57563 -0.31273 3.70548 0.267274 -1.46295 1.21249 2.69098 0.0349059 0.898243 0.499175 -0.264177 -0.07222 
-0.453355 -0.155562 4.34162 0.408173 -0.58344 1.42387 2.11691 0.30403 1.06301 0.710366 -0.307333 0.09293 
-0.635129 -0.413864 4.15813 0.345889 -0.127959 1.8797 2.10448 -0.255876 0.992534 0.339449 -0.362353 0.134622 
-0.566986 -0.233667 4.38054 0.649346 0.0192421 1.33597 1.8571 -0.341509 1.04802 0.640479 -0.308611 0.123934 
-0.442357 0.0652027 4.0998 0.105844 -1.14096 0.285212 2.11495 0.0935462 1.6193 0.824759 -0.0855545 0.19474 
-0.435409 0.195394 4.00528 -0.743479 -2.28272 0.211525 1.69103 -0.176673 1.5146 1.11442 0.163931 0.0564972 
-0.287629 -0.130181 3.98377 -0.0348812 -2.07007 0.663539 1.60245 -0.297051 1.71558 0.539592 0.110916 -0.171287 
-0.350917 -0.187761 3.77884 0.580296 -1.6265 0.146179 2.0706 0.864277 1.39083 0.349156 -0.0980746 -0.197353 
-0.376897 -0.183678 3.7061 0.529602 -1.21909 -1.16348 2.62219 1.08044 1.24591 0.502265 -0.0702822 -0.0266438 
-0.153153 -0.292577 3.44854 0.276945 -1.83959 -1.02477 2.2439 0.797378 1.7152 0.779636 0.239713 0.0954976 
-0.119799 -0.0723439 3.09496 -0.467337 -1.97835 -0.857419 2.0313 0.0150422 1.60113 0.686089 -0.251841 -0.209876 
0.0820486 0.337698 3.23658 -0.69923 -1.04484 -0.563475 2.09128 0.322698 1.46894 1.06168 -0.378385 -0.563577 
0.428369 0.0936405 2.96862 -0.196934 -0.948131 0.0862486 1.8579 1.03523 1.35997 1.54685 -0.0218207 -0.441375 
0.642853 0.610066 2.97403 0.214637 -0.357214 0.655668 2.12576 0.696983 1.20754 0.869763 -0.227044 -0.0630026 
1.4407 0.818182 1.92229 -0.126131 -0.41218 0.691869 1.82643 0.711398 1.40112 0.907665 -0.567006 -0.413725 
1.66177 0.501691 0.752551 0.257771 0.767432 1.09926 1.3952 -0.033168 2.00423 1.04167 -0.506832 -0.508768 
1.86438 0.442757 0.536865 0.612014 1.41595 0.607063 1.50884 -0.205029 1.79359 0.635981 -0.7876 -0.570776 
1.83663 0.0235044 0.112716 1.37196 1.46553 -0.288154 1.94241 0.133717 1.35676 0.407255 -0.673288 -0.590711 
1.86493 -0.330753 -0.0434819 1.80717 1.45646 -0.823474 2.40517 0.374426 1.02419 0.300448 -0.483825 -0.564419 
2.01136 -0.374784 -0.00525418 1.44443 1.80476 -0.2717 2.48587 0.447855 0.9263 0.427343 -0.713195 -0.624522 
2.01221 0.312492 0.746185 1.06245 1.9387 1.75709 1.78201 0.961486 0.702842 0.888946 -0.714516 -0.758452 
1.79772 0.19253 1.53401 1.25932 1.22799 1.59978 2.09787 1.49886 0.841338 0.235429 -0.810666 -0.422524 
1.59919 0.119001 1.87875 1.15252 2.12973 1.16991 2.31733 0.628667 1.32402 -0.041533 -0.963979 0.0568485 
1.43441 -0.127882 1.47902 1.20873 1.01669 1.3973 3.12816 0.928062 1.82912 0.00225495 -0.76231 0.0344275 
1.61254 -0.392524 1.88422 0.892677 1.21279 1.62145 2.40054 1.3168 0.862006 -0.213769 -0.895083 -0.148933 
1.55211 -0.0747314 1.61942 1.35683 1.15745 1.22667 2.32699 1.1751 1.23051 -0.290449 -0.955344 -0.115687 
1.63809 0.151437 2.16536 2.26312 1.88355 1.46219 2.2193 0.534587 1.08894 -0.00974782 -0.644774 0.0704059 
1.65496 0.452424 2.11984 1.66913 1.62354 1.85118 2.74961 1.2429 1.70095 0.705592 -1.2944 -0.320713 
1.63604 0.477467 2.0005 1.28909 1.65613 1.76637 2.64677 1.79003 1.69062 0.480408 -0.851768 -0.135263 
1.47684 0.820154 1.35695 1.24802 1.83422 1.5479 2.38863 1.07382 2.37074 0.290996 -0.643067 -0.0101392 
1.4381 0.436729 1.92174 1.65205 1.94989 0.663896 2.58218 1.72546 1.68593 0.90752 -0.360117 0.0781351 
1.46203 0.240448 1.83502 1.40242 1.25896 0.87058 2.61617 1.94267 1.79497 0.628808 -0.00352568 0.142451 
1.54517 0.680072 1.8409 1.93346 1.88393 0.919079 2.57969 1.07053 1.50189 0.0660178 -0.0225928 0.249481 
1.58032 0.368768 1.24962 1.30521 1.6852 1.36933 1.93702 1.45451 2.41952 0.621924 -0.0741183 0.110307 
1.22459 -0.152245 3.15697 0.725048 0.365491 1.67655 2.63656 1.06554 1.93367 1.15288 -0.323177 0.151551 
0.913 -0.194238 4.00153 0.198836 0.389573 1.88639 2.08941 0.0177058 2.08133 1.443 -0.0475666 0.313861 
1.06329 -0.0128086 3.13665 0.700527 0.593254 2.12126 2.35188 1.22444 1.94272 0.734779 -0.110075 0.26995 
1.43535 1.21446 2.5588 0.653494 0.209828 0.291365 0.542678 0.60095 1.27306 1.10504 0.461474 0.204382 
1.19054 1.13517 3.36845 0.215664 -0.934499 0.569361 0.338906 -0.11667 1.12785 0.86129 0.139479 0.132934 
0.542096 0.497738 3.80558 -0.210273 -1.60676 -0.0352872 2.2821 -0.0488049 2.06589 1.27197 -0.117942 0.0037833 
0.271425 0.34478 4.09525 -0.0167637 -1.6855 -0.682166 2.82061 0.505928 1.85249 1.39729 0.0686195 0.0120112 
0.07161 0.151671 4.00194 0.144405 -1.53919 -0.468618 3.06448 0.901569 2.10236 1.3208 0.383564 -0.241276 
-0.065344 0.0563772 3.79379 0.3952 -1.82073 -0.142432 3.39103 0.756884 2.03624 1.00477 -0.0132071 -0.287535 
-0.169383 0.263737 3.6568 0.176561 -1.18117 -0.906473 3.26402 0.862494 2.08334 0.835027 0.0154894 -0.293404 
-0.144398 0.195713 3.661 0.445112 -1.61966 -0.207091 2.56822 0.874177 2.11816 0.720861 0.188077 -0.33501 
-0.179439 0.0764349 3.92251 0.873077 -1.71729 0.303912 3.03449 1.09791 1.57096 0.768489 0.303638 -0.309174 
-0.180068 0.00950784 3.55617 1.27258 -1.37489 0.00127225 3.53908 1.12458 1.77022 0.413992 0.344641 -0.207061 
-0.309846 0.139724 3.52416 1.26216 -1.16302 -0.0821215 3.46961 1.11598 1.5651 0.441982 0.456562 -0.0430731 
-0.302255 -0.275468 3.90454 0.551425 -0.912631 0.376959 2.96119 1.17665 1.36624 0.662732 -0.0147886 0.056478 
-0.267117 -0.297869 3.73584 0.350984 -1.07874 -0.424663 3.46141 0.876028 1.18573 0.692961 0.282675 -0.124147 
-0.400339 0.314807 3.70772 0.598209 0.213891 -0.370531 3.37761 0.641009 0.81063 0.357446 0.439114 -0.229835 
-0.291975 0.312958 3.48053 0.722482 -0.810691 -0.696238 3.15903 0.806293 1.08843 0.433544 0.438293 -0.318398 
-0.351571 0.12031 3.51468 1.41618 -1.59316 -0.00955385 3.19874 0.865621 0.650769 0.204424 0.640842 -0.29265 
-0.44966 -0.0833803 3.81605 0.745011 -1.66577 -0.561034 2.6495 1.02953 1.12571 0.163777 0.620192 -0.28675 
-0.409868 -0.0937216 3.55067 1.432 -1.34425 -0.336023 2.97786 1.37105 0.638254 0.586536 0.546942 -0.262301 
-0.324711 -0.121479 3.66066 1.28888 -1.73514 0.096925 2.764 1.36062 0.579554 0.541137 0.686813 -0.147767 
-0.268555 0.228789 3.70396 1.35882 -1.47355 0.545334 2.91112 0.99904 1.25011 0.301331 0.585959 -0.0293009 
-0.275627 -0.204412 3.92462 1.61686 -0.837205 0.314741 4.06691 0.644516 0.94032 0.495734 0.412347 0.110417 
-0.0868236 -0.158969 4.12105 1.34516 -1.46612 -0.0633132 3.2835 1.20916 1.71738 0.967033 0.630653 -0.0920501 
-0.0845164 0.127187 3.86723 1.25943 -1.31159 -1.21101 3.4525 1.52949 1.30844 1.10599 1.0297 -0.176585 
0.0280323 -0.30135 3.52803 2.02431 -1.73898 -1.2716 2.39829 0.732973 0.602641 -0.0495976 1.01974 -0.0988605 
0.237726 -0.297555 3.78327 1.94215 -1.6903 -1.28449 3.02247 1.15394 1.50688 0.385714 0.880697 0.0934937 
0.370749 -0.118606 3.62762 2.02859 -1.60609 -1.09088 3.27279 1.47457 1.95885 0.944102 0.955867 0.103295 
0.458798 -0.339026 3.89216 1.46645 -1.24496 -0.951753 3.3257 1.63356 1.66892 1.15229 0.804066 0.100213 
0.466461 0.0163597 3.17021 1.95123 -1.1433 0.217163 3.75545 1.38444 1.2837 0.939337 0.589484 -0.057316 
0.351843 0.366709 2.87804 1.94098 -0.335163 0.370216 3.6082 1.29588 0.849243 0.717295 0.774401 -0.144944 
0.273668 0.461551 3.71031 1.83034 -0.205338 0.440294 3.15157 1.33143 0.990663 0.655194 0.863655 0.062496 
0.4205 0.648124 3.54142 1.56639 -0.762443 0.281056 3.1793 1.15325 1.02479 0.977673 0.992426 -0.0690069 
0.454264 0.394663 3.09609 1.60978 -0.51308 0.0366642 3.29955 1.2709 1.33138 0.794297 1.07431 -0.126509 
0.553499 0.573212 3.26602 1.28572 0.148954 0.0922194 2.87769 1.71374 0.795799 1.12105 0.615983 0.0306002 
0.571773 0.413596 3.50855 1.93628 -0.88031 0.0903314 1.90018 1.81573 1.04735 0.961445 1.08315 0.0789357 
0.678559 0.57278 3.10069 1.31388 -0.644488 -0.224724 2.22457 1.56052 0.322632 0.675091 1.00845 -0.0990364 
0.714192 0.651735 3.33317 1.05322 -0.116115 -0.333471 2.41787 0.894963 0.284118 0.246852 0.490644 0.0479651 
0.722852 0.556507 3.38137 1.45668 -0.482821 0.223881 1.81919 1.12019 1.13074 0.714881 0.675243 0.141156 
0.588258 0.527008 2.55047 2.55974 -0.337346 -0.241465 2.62401 1.58814 1.13894 0.798833 1.059 0.00580826 
0.577051 0.488171 2.92506 2.21407 0.0411828 -0.424757 2.88148 0.913951 1.3598 0.673582 0.552827 0.165217 
0.544818 0.653449 3.07789 1.52032 -0.329768 0.100442 2.0455 0.0935847 1.12506 0.216602 0.370724 0.185885 
0.575452 0.672288 3.33487 2.09544 -0.475367 0.517878 1.79107 0.737541 0.504161 0.0738069 0.832129 0.053852 
0.753787 0.712803 2.75558 2.2172 0.234101 -0.252383 2.17833 1.26593 0.23983 0.627351 1.05415 -0.0274764 
0.681138 0.796772 2.85619 1.50881 0.201945 -0.430214 1.88058 0.999202 0.0366424 0.763141 0.827096 -0.153783 
0.731476 0.555033 2.49074 1.06128 0.149603 0.415338 1.82585 0.616607 1.05963 0.622731 0.497742 -0.0928637 
0.631942 0.509764 2.48706 1.40196 -0.520962 0.425828 1.79689 0.171463 0.847189 0.43621 0.525872 -0.217679 
0.725305 0.378008 2.24822 0.82158 0.320257 0.531067 1.69462 0.727205 -0.0582614 0.570156 0.508414 -0.354812 
0.767636 0.463817 1.92598 1.74591 -0.157005 0.761867 3.07319 0.606871 0.333324 -0.269047 0.184448 0.0452622 
0.929293 0.39457 2.50788 1.22705 0.433892 0.297529 2.50832 0.427633 0.313678 0.134854 0.662157 0.100084 
1.06887 0.226516 2.85813 0.62333 -0.157871 0.0637568 1.83281 0.233041 -0.368333 0.374913 0.379408 -0.0500142 
0.978564 0.534326 2.43559 1.18707 -0.294178 0.0980153 1.38797 -0.716928 -0.0104312 0.598346 0.517352 0.0378822 
0.864981 0.942982 2.21988 1.01189 0.620024 0.219996 0.63634 0.060226 -0.13859 0.0653496 0.648953 0.0166179 
0.837302 1.25949 2.19104 1.47985 1.63506 0.296722 1.08002 0.284396 0.0914204 0.933868 0.616272 0.0328854 
0.985243 1.24937 2.25269 1.40534 0.407039 0.953089 2.25456 -0.153371 1.43151 0.807255 0.627402 0.114951 
0.914996 1.16596 2.08703 1.37788 -0.0991504 0.554473 1.52165 0.21121 1.37656 0.469679 0.968447 0.055887 
0.821329 0.885246 1.90704 1.0303 0.218222 -0.218911 1.44156 -0.083205 0.433329 -0.0713214 0.854419 0.0682991 
0.806911 1.08169 2.38761 1.62617 1.47807 0.415539 2.47982 -0.14979 0.0452339 0.493834 0.786811 -0.0230148 
0.86549 1.53539 2.78372 1.09243 1.43262 0.00711038 2.31913 0.165494 -0.0247355 0.920491 0.505166 0.0584978 
0.929695 1.1147 2.34754 1.12386 0.453322 -0.0457695 2.13489 0.897007 0.918847 1.22932 0.500201 0.0740019 
1.04671 0.823371 2.2364 0.517808 0.185441 0.429155 2.18583 0.842463 0.0783738 0.705017 0.425605 -0.0674327 
0.944036 1.18273 2.1253 1.35474 0.538564 0.544639 2.15643 0.443388 0.368025 -0.0470637 0.203662 0.00648917 
0.975515 1.61292 2.22498 1.16962 0.972254 -0.154788 1.97129 1.33358 0.930719 -0.287789 0.454602 0.104804 
0.941813 1.47608 1.66439 1.0152 0.103212 0.682804 2.14329 -0.374979 1.23445 0.246767 0.759221 0.0131157 
1.10224 1.57476 1.52369 1.68063 0.102902 0.943938 2.13522 -0.150458 0.505367 -0.00233968 0.527947 -0.0510264 
1.07116 1.30772 2.09515 1.14774 0.941799 1.04978 0.97458 0.170911 0.136171 0.216832 0.731683 0.0633847 
1.04891 1.0837 1.67597 1.2781 0.538057 0.506301 0.641512 0.361993 0.0619567 0.172575 0.628274 0.026404 
