1.05075 1.79627 2.12943 1.05946 1.76526 1.10013 0.928898 -0.522082 0.30729 -0.328024 -0.434 -0.0931682 
1.10331 1.88262 2.06709 0.837543 1.71679 0.585988 0.401126 0.0763954 0.633108 -0.850609 -0.535837 -0.184749 
1.18447 1.66407 1.51726 0.847421 1.86682 0.960533 0.107819 -0.0504766 0.120375 -1.02367 -0.522575 -0.315566 
1.01455 1.89841 1.834 0.666151 1.99858 1.80481 0.712763 0.102076 -0.144864 -1.1646 -0.396948 -0.23392 
1.24975 1.83173 2.18248 1.74319 2.51682 1.74043 0.753357 0.0848312 0.0992723 -0.705656 0.0784229 -0.110943 
1.25126 1.63678 2.28631 0.996958 2.47763 1.36255 1.14766 0.462602 0.0395349 -0.553705 -0.336896 -0.0796479 
1.14498 1.91572 2.01414 1.45186 2.43324 2.50042 1.06257 0.377724 -0.524057 -0.283857 -0.161373 -0.0418533 
1.16376 2.04936 1.6847 1.54502 1.50822 1.85855 1.19736 -0.744322 -0.0846919 -0.696294 0.119451 -0.137099 
1.2419 1.96274 2.18781 1.08939 0.934645 0.720891 0.967563 0.0390892 0.229612 -0.349549 0.064439 -0.0777859 
1.35893 1.97099 1.58666 1.74745 1.9665 0.61426 0.236864 0.268758 0.31814 -0.169159 0.0107421 -0.0516058 
1.30534 1.81629 2.03653 1.40416 1.39463 0.289149 0.262641 0.259791 -0.0830289 0.0574169 0.0151137 -0.0248282 
1.19076 1.87949 1.57539 1.22216 0.854672 0.0732558 0.38333 0.544273 0.6244 -0.0413134 -0.335048 -0.00902653 
1.22343 1.75751 1.98437 0.317103 0.147061 0.598822 1.24633 0.393142 0.232267 -0.695195 -0.207661 -0.150808 
1.07993 1.80628 1.86687 0.600471 0.874976 0.79437 -0.0189133 0.739213 0.170041 -0.403628 0.209128 -0.133581 
1.04317 1.70374 1.72835 0.901488 1.66109 0.0501225 0.109974 0.431703 -0.375162 0.138432 -0.216354 -0.123909 
1.09376 1.69572 2.01872 1.55769 2.18027 0.689166 1.48205 0.359636 -0.615516 -0.0940019 -0.159303 -0.0461394 
1.23039 1.89959 1.81896 2.04742 1.75305 0.877323 1.63221 0.532212 -0.286223 0.097374 0.136489 0.051468 
1.26248 2.12564 2.35383 1.52938 1.67486 1.17988 1.64049 0.884142 -0.382946 0.648158 0.477694 0.123019 
1.28322 1.88756 2.60167 1.67688 1.81511 0.936286 1.14546 0.0331429 0.113937 0.89644 0.712307 0.200008 
1.53627 2.10008 2.50539 2.01312 2.62028 1.71875 1.78886 -0.225921 0.51016 0.566006 0.310493 0.163941 
1.9253 1.95923 1.93039 1.61388 3.86421 2.78798 1.61479 -0.297692 -0.400257 0.327923 0.374747 0.171651 
2.00503 2.15795 1.46563 1.71701 4.34613 3.54592 0.904455 -0.423732 0.188422 -0.312103 0.52298 0.0907821 
1.94922 2.12849 2.24993 1.71132 3.4007 2.62153 1.52547 0.100157 -0.0176616 -0.0391586 0.204515 0.100705 
2.0067 2.11108 2.36811 1.37697 2.87324 2.31599 0.497077 -0.0866102 -0.0819828 0.244568 0.106333 -0.042742 
1.84518 2.0988 2.22007 1.53747 2.77902 2.36008 1.06867 0.272959 0.321562 0.178919 0.0991676 0.0143106 
1.86311 1.86329 1.80181 1.61934 3.72681 2.68439 2.06693 -0.637106 -0.194373 0.0294679 0.219343 0.169399 
1.96448 1.99977 1.94748 1.57763 3.71123 2.11497 0.97771 -0.648929 -0.598766 0.12587 0.165862 0.00365711 
2.06205 2.25078 2.49797 1.24188 2.7504 2.12879 0.184451 -0.288681 -0.114095 0.12702 0.0202978 -0.099092 
2.01509 1.86038 1.94129 1.39949 3.28738 3.04529 1.295 -0.987631 -0.336826 -0.498043 0.205178 0.15831 
2.03708 1.94363 1.2243 0.601527 3.14805 2.62647 1.68474 -1.22232 -0.0220368 -0.345777 0.245367 0.238439 
2.02218 2.12095 0.780043 0.682564 2.82897 2.82926 1.38147 -1.20335 -0.281363 -0.535362 0.363261 0.190988 
1.92698 1.83318 0.775611 1.50598 2.53105 2.45742 1.51098 -1.01051 -0.726538 -0.430725 0.353772 0.167444 
2.1305 1.79902 0.865237 1.71654 3.51502 1.99137 2.23662 -0.8769 -0.243928 -0.336296 0.192544 0.17789 
2.20356 2.01405 0.820408 1.3469 3.51126 2.37233 2.055 -0.692052 0.241604 -0.372593 0.172076 0.145308 
2.26675 2.09599 0.545574 1.27586 3.4939 2.33582 1.94968 -0.697058 0.541189 -0.2037 0.250879 0.09992 
2.22474 1.92316 0.809985 1.24827 2.8349 1.71824 1.69393 -0.448603 0.421643 -0.120359 0.230291 0.167232 
2.22147 1.8108 0.475095 2.22508 1.31324 -1.10684 0.0228588 -0.492496 1.64112 0.45277 0.28515 -0.060207 
2.43593 1.50829 -0.559373 2.65893 0.675862 -2.03646 0.0541123 -0.621958 1.4355 0.164103 0.625418 -0.12217 
2.39271 1.44342 -0.685121 1.50533 0.550375 -1.62143 -0.977316 -1.47973 0.917744 0.0296665 0.147864 -0.256213 
2.22827 1.2314 -0.600686 2.04396 -0.406203 -1.73791 -0.639902 -2.19386 1.21589 -0.431463 0.241197 -0.514432 
2.30843 1.38113 -0.379133 2.18734 -0.372789 -1.7265 -0.654177 -1.91702 1.49329 -0.162815 0.275523 -0.451752 
2.50362 1.31529 -0.310104 2.00208 -0.514994 -1.35979 -0.110766 -2.4965 1.38663 0.149815 0.306628 -0.59101 
2.67401 1.06098 -0.893566 1.78118 -0.477462 -0.950688 0.138564 -2.23837 1.20891 0.212473 0.411402 -0.481587 
2.56291 1.28985 -0.7392 2.30305 -0.466005 -1.23612 -0.0751724 -2.08831 1.09156 0.0430961 0.531936 -0.537075 
2.56379 1.35895 -0.184898 1.89844 -0.947456 -1.86138 0.0669998 -2.30899 1.2288 -0.0315813 0.245799 -0.564275 
2.58552 1.33938 -0.877792 1.67983 -0.132552 -2.04412 -0.0693535 -1.99839 1.35871 -0.446959 0.262518 -0.436793 
2.55629 1.38135 -0.530847 1.74727 -0.320977 -1.73514 0.00707123 -1.98722 1.23922 -0.0824654 0.357397 -0.42765 
2.63933 1.84003 -0.658902 1.67198 -0.174975 -1.3903 0.0118583 -2.06655 1.22606 0.0207133 0.558382 -0.501024 
2.76174 1.39809 -0.989431 1.28136 0.482809 -1.96892 -0.215242 -1.20001 0.966551 -0.129407 0.127156 -0.23383 
2.67558 1.55862 -0.709586 1.63556 -0.864584 -1.7393 -0.17493 -1.47121 1.04657 0.140626 0.438824 -0.46264 
2.63785 1.50576 -0.29421 1.31604 -0.983207 -1.45873 0.572903 -1.48375 1.44464 0.267664 0.200331 -0.622142 
2.67186 1.82981 -0.452272 0.581127 -0.554712 -0.805293 0.749581 -1.56596 1.25022 0.189308 0.209018 -0.542383 
2.71692 1.63012 -0.555776 0.749611 -0.786996 -1.52681 1.24846 -1.31602 0.996416 0.130101 0.4049 -0.463061 
2.73205 1.46809 -0.696234 0.128343 -0.419523 -1.3951 0.443641 -0.240719 1.07291 0.19006 -0.0523355 -0.365089 
2.76726 1.54726 -0.773282 0.519342 -0.40967 -1.56637 0.591017 -0.60019 1.61727 0.0784729 -0.0929916 -0.53359 
2.58101 1.78075 -0.54032 0.332216 -0.251813 -1.33681 0.773343 -0.606647 1.61703 -0.267522 -0.318565 -0.608694 
2.61267 1.80169 -0.643255 0.52637 0.245626 -1.20438 0.869012 -0.580009 1.604 -0.574669 -0.498109 -0.622717 
2.67117 1.57849 -0.382564 1.13175 0.656144 -1.48186 1.07328 -0.313133 1.9635 -0.497126 -0.636158 -0.600466 
2.55636 1.25933 -0.295459 1.56052 0.653863 -1.07543 1.4918 -0.664087 2.17453 -0.255003 -0.424844 -0.619832 
2.52283 0.802104 -0.43427 1.60914 1.64641 -0.577869 1.49826 -0.293924 1.67418 0.0205449 -0.452562 -0.452043 
2.56156 0.544864 -1.18369 1.54262 2.22415 0.20635 0.891629 0.0205045 1.39575 0.0115438 -0.294171 -0.237102 
2.67208 0.886189 -0.511652 1.00619 2.38375 -0.381507 0.877573 0.167735 1.01801 0.241452 -0.334207 -0.202553 
2.60827 0.738657 -0.348496 1.33415 2.32637 0.00914534 0.608612 0.292937 0.861124 -0.0508872 -0.552956 -0.305187 
2.53683 0.875171 -0.790886 0.992607 2.78079 0.185067 0.959094 -0.270599 0.728019 -0.00368543 -0.309134 -0.147838 
2.62255 0.649506 -1.25288 1.59134 3.40793 0.184082 0.880436 -0.509482 0.993447 0.149763 -0.113442 -0.0666597 
2.53205 0.649783 -0.805364 1.76392 3.85736 0.77051 0.192935 -0.146867 0.6313 0.240259 -0.139682 -0.0176103 
2.48091 1.40052 0.106724 1.69768 3.28642 -0.224057 0.263318 -0.0363371 1.04674 0.462704 -0.293036 -0.175845 
2.32922 1.36584 0.232091 1.45302 3.08526 0.245376 0.1659 -0.307332 1.25014 0.537583 -0.185938 -0.236939 
2.36567 1.08398 0.115194 1.3681 4.17853 -0.42592 -0.0250378 -0.335113 0.397905 0.657089 -0.231833 -0.0114269 
2.34887 1.01543 -0.728752 1.95504 3.89088 -0.361575 0.0567812 -0.484531 0.966916 0.525712 -0.0400472 0.0167741 
2.34629 1.20822 -0.461732 2.48722 3.19241 0.721213 0.350481 -0.358121 1.03999 0.152797 -0.0756308 -0.185814 
2.28433 1.68653 -0.0940296 1.92236 3.14569 1.09764 0.814793 0.298116 0.803811 0.509005 -0.133857 -0.224464 
2.08037 1.62781 0.107492 2.32276 2.76389 1.09657 0.987387 0.345569 1.41058 0.273298 -0.199715 -0.283361 
2.15842 1.78023 -0.421919 1.74652 3.46799 1.5467 0.933873 0.524707 1.01803 0.242424 -0.33344 -0.281357 
2.21524 1.27495 -0.628482 2.12766 3.93644 1.23686 0.467216 0.12211 0.806839 0.592765 -0.0899062 -0.152765 
2.25364 1.27964 -0.0249788 2.2525 3.71749 0.854059 0.868547 0.270245 1.20368 0.212712 -0.261245 -0.139743 
2.29589 1.72829 0.437294 1.82208 3.63351 0.320025 0.417801 0.944118 1.37308 0.353774 -0.455947 -0.172274 
2.05938 1.98233 0.650115 1.37635 3.16093 1.03547 1.02587 0.476636 1.19771 0.0866872 -0.00539049 -0.0295963 
2.20844 2.05668 0.688902 1.67104 2.2261 1.32498 0.891405 0.483508 1.9515 -0.0110075 -0.0581294 -0.18513 
2.21658 1.94192 0.568834 1.93283 2.17786 0.92975 0.980759 0.432454 2.43777 0.142046 -0.0585458 -0.227662 
2.12648 1.8743 0.687847 1.74956 2.97755 0.801516 0.564203 0.742333 1.9034 0.298282 -0.0931665 -0.121398 
2.16806 1.75514 0.372786 1.86849 3.40279 0.306095 1.12381 0.547489 1.87826 0.460967 -0.0577846 0.00254503 
2.05716 1.88982 0.776977 1.60311 3.01655 0.81144 1.54967 0.75548 1.56862 0.513498 -0.0655487 -0.0579075 
2.11737 2.0231 0.989826 1.25407 2.66537 1.14237 1.19982 0.85853 1.66084 0.499624 -0.00575489 -0.105292 
2.06761 1.94945 1.49479 1.59933 2.85868 1.72695 1.418 1.07651 1.01128 0.393932 -0.151358 -0.130796 
2.03734 2.04371 1.3982 1.86201 3.12772 1.06832 0.999673 0.648751 1.17727 0.150275 -0.088451 -0.0646466 
2.12816 1.62152 1.60164 1.51234 3.89376 1.53834 1.54968 0.578361 1.13708 -0.230356 -0.28404 0.0612482 
2.04237 2.11524 1.84901 1.09328 3.2627 1.44729 1.92821 0.165222 0.872091 0.104398 -0.0813152 0.080367 
1.89249 1.90235 1.55867 1.60555 2.57538 1.97036 1.99061 0.493197 1.02467 0.539335 -0.0741218 -0.0523932 
1.88333 2.08443 1.33225 1.97452 2.5817 2.1947 1.55795 0.433693 0.699535 0.660909 0.0289566 -0.0546829 
1.89756 2.24573 1.92987 1.56471 2.54592 0.884677 0.871224 0.240878 0.666986 0.635818 -0.0656203 -0.0594094 
1.99681 1.85768 1.74335 1.79765 2.90348 1.03555 0.704817 0.152911 1.29339 0.0147001 -0.26043 -0.149334 
1.89154 2.09005 1.57594 1.71346 3.19087 0.925687 1.15119 0.577376 0.658185 -0.375569 -0.247946 -0.0971046 
1.78314 1.94365 1.54097 1.44024 2.09938 1.67117 1.75398 0.655128 0.392435 -0.0757042 -0.26241 -0.117852 
1.92197 1.81154 1.93927 1.51636 2.41223 0.985687 2.07167 0.0332981 0.412985 -0.277221 -0.320484 -0.0657944 
1.88011 1.75747 1.47144 1.36323 2.80936 0.70578 1.87737 0.0769688 0.549265 0.253184 -0.387932 -0.127953 
1.80833 1.61773 1.6179 1.69227 3.17898 2.18184 1.69286 0.487652 0.161773 -0.157869 -0.101458 -0.0118152 
1.62047 1.85055 1.84861 1.68539 3.3431 1.37537 1.62622 0.517319 0.535552 0.126271 -0.0252316 0.0392148 
1.41932 1.81775 2.27659 1.56257 2.60988 1.50333 1.28289 0.643013 0.791112 0.557118 -0.218753 -0.0101775 
1.65183 1.9054 2.14627 1.66795 3.13291 1.51731 2.06258 0.578325 0.486862 0.115506 -0.0169783 0.0798481 
1.8627 2.17229 2.33385 2.39806 2.62378 1.70473 2.28177 0.621435 0.871722 -0.376553 0.0890347 0.0595259 
1.8498 2.11488 2.79487 1.95057 2.5073 2.59454 2.24896 0.429761 0.379377 0.209843 0.124761 0.0988134 
1.54631 2.1558 2.47005 2.02176 1.93741 2.48744 2.76501 0.868408 1.34219 0.346624 0.104862 0.132129 
1.6597 2.27079 2.30164 2.13434 1.75141 2.09263 2.65658 1.80871 0.869054 -0.208032 0.237935 0.0704683 
1.57513 2.27161 2.74183 2.2574 2.29428 1.52965 1.69991 1.66641 0.432643 -0.156082 0.127738 -0.0068935 
1.44748 1.99708 2.79238 1.86546 2.57061 1.45862 2.17758 1.60804 0.696467 0.191032 -0.0557883 0.0493819 
1.28591 1.92898 2.7317 1.65636 2.93979 0.628932 1.06419 1.62678 1.46135 0.305875 -0.144589 0.146005 
1.50987 1.91564 2.73156 1.48453 2.65769 0.943754 0.702463 1.32171 1.21116 0.548928 0.1918 0.147356 
1.46326 1.81898 2.65459 1.91355 2.53757 2.07605 1.05842 1.17382 0.868683 0.13114 0.726814 0.257478 
1.50948 1.98916 2.62969 1.51518 2.0031 1.57443 0.998042 0.878776 0.965025 0.423887 0.730692 0.308461 
1.47835 2.15367 2.95318 1.71493 2.53359 1.18553 1.82783 1.06061 1.1164 -0.289791 0.573273 0.221187 
1.35999 1.94071 2.66721 1.89632 2.50352 1.03105 1.96075 0.593611 1.90576 -0.00542336 0.30544 0.276242 
1.38965 2.04494 2.91313 1.81838 2.36887 1.40115 1.50518 1.06233 0.964109 0.436373 0.0632309 0.126136 
1.45038 1.7582 2.70553 1.57039 2.40567 0.931515 1.42078 1.05489 1.50077 0.423297 0.386094 0.299055 
1.41581 1.93581 2.66247 1.97223 2.34765 1.38513 1.44587 1.09962 1.32576 0.316112 0.473377 0.250121 
1.44155 1.69076 2.39468 1.69614 2.04216 1.54202 1.5542 1.13409 1.13044 0.626491 0.462729 0.248496 
1.39724 1.99349 2.26509 1.69562 2.52585 1.62638 1.73069 2.12967 1.2113 -0.0378345 0.39952 0.166432 
1.31509 1.90173 2.97758 1.42907 2.72506 0.914461 1.15244 1.6092 1.12703 0.472239 0.0259824 0.159415 
1.37218 2.04909 3.04167 2.49519 2.58085 0.129712 1.24337 0.799771 1.25562 -0.389606 0.0226013 0.145974 
1.39882 1.93654 3.00046 1.94379 2.64601 1.30807 1.09862 1.13484 0.977438 -0.351917 0.523508 0.16336 
1.34192 1.70575 2.5791 2.13046 2.62505 0.999574 1.84299 1.58112 1.27815 -0.0891852 0.577471 0.304392 
1.32043 2.215 2.29673 1.26923 2.56465 0.267765 1.67801 0.816252 1.40385 0.594248 0.659133 0.357003 
1.34556 2.1497 2.28357 1.63736 2.19144 0.726805 2.53682 0.746331 1.15061 1.14831 0.184481 0.304841 
1.28971 1.87477 2.73595 1.69756 1.68772 1.12094 2.20512 0.514853 0.7733 0.514972 0.0262576 0.113476 
1.36964 1.78568 2.34766 1.39155 2.33759 1.4972 1.94722 0.695804 0.232431 0.101871 0.0861898 0.0871472 
1.27148 1.69057 2.79533 1.78904 2.31151 1.34095 2.76358 1.04222 0.698327 0.80594 0.437764 0.266863 
1.22595 1.50705 3.07959 2.30331 1.75433 2.21515 2.05403 0.986022 1.6449 0.58344 0.323665 0.332141 
1.26432 1.89998 2.60295 2.03108 1.34708 1.5943 1.29147 1.27886 1.90407 0.430381 0.4489 0.300315 
1.37999 1.98962 2.39338 1.22175 2.42392 1.58526 1.34179 0.872342 1.71192 0.497968 0.368935 0.258294 
1.31503 1.67062 1.85252 1.22983 3.07672 1.11163 2.08914 0.700541 1.64836 -0.297506 0.711389 0.335007 
1.38594 1.45883 1.77081 1.82408 1.80029 1.02538 1.35252 0.708238 1.36937 0.298608 0.661964 0.238024 
1.33083 1.41713 2.6154 1.06179 2.0013 0.0374749 1.99946 0.790293 1.17685 0.401904 0.260935 0.32357 
1.22455 1.73432 2.29296 0.950437 1.66277 0.0531765 0.815355 0.698838 1.02762 0.768742 0.600698 0.25891 
1.20379 1.59766 2.09042 0.849885 1.58918 0.688207 1.79304 1.8451 0.689766 0.324485 0.794979 0.152777 
1.18479 1.52517 1.7978 0.716752 2.74883 0.726391 1.93119 1.57051 1.02535 0.205756 0.159689 0.177553 
1.10785 1.76208 1.75633 0.430217 2.45933 0.686297 1.21214 1.08531 1.00177 0.00231873 -0.213671 0.0413479 
1.10903 1.73344 1.99227 0.7121 1.70555 0.536761 1.20545 1.31913 0.801072 0.0222028 0.474386 0.0828349 
1.1867 1.68657 1.51761 -0.166409 0.802493 0.132091 1.17309 0.153513 0.371572 0.116327 0.644836 0.145837 
1.38756 1.64862 1.64779 0.0610522 0.405918 1.27026 1.32765 0.333779 0.938039 -0.289587 0.10107 -0.00817047 
1.35429 1.67182 2.20517 0.250209 0.639976 0.810676 1.29828 0.596656 0.844906 0.764262 0.0771307 0.0401538 
1.41968 1.63371 1.96062 0.571506 0.571698 0.719977 1.00501 1.33428 1.02024 0.262564 0.203642 0.0108514 
1.4059 1.95232 2.59255 0.880358 1.31834 0.378593 2.04821 1.80579 1.45327 -0.114379 0.105905 0.0375407 
1.25581 1.8736 2.32283 1.25494 1.93419 0.678934 2.04609 1.43824 0.624086 0.047158 0.0685634 0.0774677 
1.17793 1.43053 2.34998 0.95539 1.91713 1.28713 1.18477 1.49879 0.452372 0.388863 0.187055 0.08211 
1.17216 1.33741 2.35589 0.593214 2.32774 1.00469 1.05643 0.778597 0.918368 0.507272 0.239616 0.133672 
1.15034 1.67649 2.18451 0.205562 2.07552 0.114928 1.09842 0.85374 0.627465 1.24173 0.741872 0.249954 
1.1631 1.87133 2.10688 1.10305 1.0712 0.184379 1.74357 1.06104 1.06654 0.449093 0.628061 0.187961 
1.15327 1.62162 2.00359 2.08352 1.83902 -0.191145 2.13758 0.868965 0.822673 0.434756 0.77929 0.280763 
1.10644 1.65693 2.65043 1.14553 2.46401 0.94566 1.42019 1.20545 1.09095 0.538204 0.543812 0.248894 
1.19908 1.77716 1.93293 0.806944 2.41731 0.943915 1.1904 1.51722 0.764999 0.696731 0.529792 0.173542 
