0.762614 1.17134 1.35064 1.5861 1.42649 1.42196 1.39444 1.09977 1.0763 0.282019 1.00708 0.012547 
0.639979 1.3933 1.99639 1.51841 0.912238 1.29388 1.02191 1.47812 1.14599 0.0289621 0.736249 0.0843144 
0.573576 1.02858 1.55968 2.34537 0.410706 0.906299 0.440527 1.43739 1.63677 0.376799 0.754771 0.00904022 
0.771261 1.40517 1.14482 1.91756 0.759859 0.663501 0.210446 2.00296 1.14293 -0.0714255 0.35313 0.136501 
0.596437 1.12617 1.38648 1.92475 1.2482 0.195422 -0.0810212 1.06143 1.38593 0.136141 -0.15202 0.139676 
0.667295 0.749588 1.30416 1.32582 1.9736 0.572148 0.0643123 0.0245592 2.01869 -0.398144 -0.325286 -0.00725556 
0.732286 0.631565 1.27708 1.48156 1.88917 -0.234755 -0.106269 0.00465104 1.62973 0.0604559 -0.284618 0.00558796 
0.746044 0.481482 1.67463 1.67192 1.72961 -0.544913 0.642704 0.110052 1.37909 0.778649 -0.738802 0.0789544 
0.643264 0.392461 1.53954 1.36222 1.43017 -0.446825 0.322892 0.173326 1.57676 1.53266 -0.505439 -0.0502174 
0.688567 1.06002 1.62971 1.5366 0.927176 1.02198 0.543816 1.23352 1.78512 0.750032 -0.00665527 0.193922 
0.772675 0.941361 1.33315 2.0487 1.56805 0.445665 0.575114 1.08814 2.08242 1.16081 0.168473 0.0709467 
0.602939 0.722131 1.11213 1.87779 1.41516 -0.252595 0.0241395 0.469534 2.13553 0.784371 0.032074 -0.0686328 
0.746735 1.11584 1.06407 1.38631 1.99717 0.385431 0.204263 0.773801 1.84633 1.05234 -0.112579 0.0256452 
0.623616 0.928045 1.86917 1.49993 2.52242 -0.193373 0.425765 1.00387 2.184 1.2895 0.129066 0.0270245 
0.548095 0.831951 1.55052 1.78339 2.20741 0.438391 0.428404 0.875619 2.10282 0.933424 -0.686742 0.073481 
0.600083 0.606843 1.56878 1.51633 2.38262 1.07644 0.24425 1.28164 1.34436 0.81502 -0.389026 0.0456019 
0.712296 1.01442 1.33152 1.36757 1.7996 0.424421 0.391478 0.623211 1.11561 0.719671 -0.279767 0.0969984 
0.81479 1.05898 1.24324 1.84265 2.37937 0.523925 -0.392632 0.709588 2.2625 1.44178 -0.060123 -0.0860624 
0.569754 0.845914 1.3171 2.21227 2.51465 0.422726 -0.366467 0.261689 1.61565 1.204 -0.227934 -0.126141 
0.649584 0.708098 1.26694 1.09019 2.1975 -0.070949 -1.10181 0.479192 1.87105 1.08575 -0.159072 -0.173977 
0.621746 0.795329 1.28612 1.03619 2.5012 0.414786 -1.04294 0.95825 1.64062 0.993474 -0.195637 -0.198379 
0.56433 0.559337 0.746218 1.64601 2.40212 1.0089 -0.158191 0.916543 1.55404 0.859431 -0.409174 -0.0563825 
0.635037 0.776918 0.942663 1.7384 2.77922 0.397392 -0.740617 1.24001 1.03315 0.518223 -0.275674 0.0530793 
0.629704 1.06528 1.38975 1.7541 2.6811 0.663468 0.465714 0.847557 1.35791 0.478319 0.0884084 0.0952276 
0.591095 1.25109 1.39424 2.00773 2.25729 0.542047 0.766595 0.662312 1.37099 1.28387 -0.083502 0.148489 
0.641281 1.00996 0.86382 2.09854 2.61841 0.406279 0.405186 1.09943 1.21845 1.2851 -0.309407 0.0782132 
0.491576 0.56127 0.289028 1.9516 1.71918 -0.15828 0.721842 0.676405 0.742171 1.24112 -0.648112 -0.0402753 
0.623045 0.665227 0.623533 1.40099 1.73875 0.23492 -0.252539 0.0218729 0.634116 0.753426 -0.504966 0.0583302 
0.687851 0.61204 0.991464 1.45553 1.86617 1.01872 -0.203201 0.779031 0.944213 0.192991 -0.0915647 0.0357614 
0.619649 0.501069 1.11444 1.32318 1.55434 0.619585 1.22238 0.923593 0.960518 0.720883 -0.382764 0.0800676 
0.55604 1.20781 1.44235 1.40239 1.98469 2.29814 1.83344 0.713491 1.26983 0.577257 0.291753 0.205902 
0.659279 1.2151 1.72398 1.94779 1.67678 1.37247 0.88933 1.37474 1.83148 1.44263 0.246486 0.166017 
0.873607 1.35762 1.90637 2.41514 1.80352 1.0705 0.832278 1.37827 1.42652 1.35911 0.349776 0.213525 
1.27157 1.63001 2.70047 2.51104 2.88828 1.56933 0.642818 1.41202 1.37896 0.392503 0.307345 0.193009 
1.53805 2.30097 3.28717 2.97264 3.67044 1.06006 1.27208 1.1963 0.778762 0.0889528 0.172951 0.0709381 
1.60797 2.26412 2.58648 2.8742 2.82644 1.82374 1.05626 0.72748 0.679793 0.0175115 0.077838 -0.0265881 
1.87142 2.11898 2.50117 3.64142 3.23419 1.73673 0.624035 0.390078 1.38513 -0.0049954 -0.0701216 -0.0931295 
1.82528 2.23711 2.26377 2.57842 2.92725 2.06474 1.5146 0.686183 0.690018 0.122427 0.0887789 0.00572381 
2.07045 2.64852 1.70269 1.87155 3.24761 2.7547 2.6864 -0.170573 0.376592 -0.648863 0.188106 0.134936 
2.05201 2.41034 1.73211 2.15935 3.11787 2.66503 2.9798 -0.165149 -0.283215 -0.81548 0.184432 0.194924 
2.09903 2.40751 2.00572 1.57545 2.80012 3.20034 2.17825 0.267765 -0.613507 -0.638072 0.110763 0.194453 
2.25339 2.61247 1.82725 1.13782 3.27597 2.92785 2.87558 0.245713 -0.758393 0.0016736 0.113407 0.308036 
2.01557 2.43633 1.72807 1.44349 2.83623 3.1822 2.55688 0.426888 -0.463796 -0.202241 0.148059 0.238664 
2.31084 2.20117 1.39332 1.83973 3.29976 3.19393 1.8046 0.420854 -0.240417 -0.605788 0.159392 0.238679 
2.14006 2.11484 1.48719 1.83397 2.59753 2.82662 2.3755 0.446304 -0.614991 -0.386418 0.162152 0.225941 
2.31686 1.89711 1.54128 1.12984 2.43644 2.65055 2.90735 -0.171597 -0.399819 -0.333233 -0.0235263 0.193947 
2.20043 2.05405 1.32548 0.312852 2.62892 2.74255 2.20359 0.0185013 -0.372869 -0.215336 -0.0619556 0.121122 
2.21127 2.07366 0.538975 0.348036 2.00938 2.45525 1.47448 0.00524499 -0.27719 0.156487 0.293232 0.187308 
2.79649 1.97099 -0.156651 -0.696218 1.68678 1.7201 0.997068 0.0457532 -0.654679 0.343699 0.617552 0.342834 
2.68903 1.68026 -0.932906 -0.941681 1.64492 1.53153 0.253704 -0.577958 -0.041649 0.672884 0.831948 0.259584 
2.94889 1.60934 -1.15047 -0.572997 1.83972 0.286857 0.17354 -0.626709 0.0107661 0.887079 0.705808 0.223758 
2.96772 1.73964 -1.26908 -0.00980106 1.75051 -0.45007 -0.0267742 -0.986292 0.405319 0.761771 0.483641 0.0387986 
2.94189 1.61292 -0.808836 0.0363239 1.64017 -0.800918 0.208984 -1.60027 1.10098 0.999299 0.471927 -0.0944364 
2.81073 1.82223 -1.14299 -0.39924 1.8328 -0.975793 -0.24951 -1.71463 0.632772 0.830182 0.465915 0.0336101 
2.50057 1.93975 0.245747 -0.0891164 1.67694 -0.525986 -0.0604212 -1.50092 0.574161 1.0291 0.390044 -0.0262089 
2.71569 1.96555 -0.607038 0.161727 1.34855 -0.994066 -0.415918 -2.08599 1.13469 0.758717 0.576547 -0.0484184 
2.55747 2.02857 -0.444222 0.227419 1.15934 -0.536798 -0.799336 -1.96738 1.01533 0.507917 0.49505 -0.111886 
2.51617 1.54094 -1.07266 -0.146005 1.63121 -0.23738 -1.24414 -1.77504 0.512639 0.673125 0.530881 -0.0317537 
2.91758 1.22549 -1.92075 -0.341751 2.02765 -0.354138 -1.80638 -2.00436 -0.078794 0.711696 0.3786 -0.04174 
2.96331 1.73928 -2.377 -0.165069 2.17826 -1.13315 -0.541261 -2.53781 0.516136 0.451779 0.568166 0.107661 
2.62486 1.64045 -1.43422 -0.350029 2.17412 -0.178628 -0.51397 -1.99747 0.614682 0.670944 0.748268 0.182626 
2.68691 1.79107 -1.05778 -0.293796 1.73127 -0.757437 -0.731262 -1.96451 0.858999 0.818793 0.618701 0.0630367 
2.67755 1.68793 -1.23754 -0.143067 2.01717 -0.953789 -0.703854 -1.6902 1.06277 0.981532 0.594256 0.0939646 
2.82955 1.77148 -1.24594 -0.398903 2.25991 -1.15522 -0.5376 -1.8898 0.995398 1.0648 0.456084 0.045226 
2.84815 1.67012 -1.14592 -0.282863 2.06294 -1.3922 -0.897963 -1.79411 1.0248 1.15654 0.359112 -0.0745902 
2.8382 1.44124 -1.10842 -0.161044 1.50199 -0.92861 -0.772468 -1.49823 1.50139 1.09216 0.290681 -0.254944 
2.88476 1.7252 -0.393244 -0.61066 1.36978 -1.43662 -1.0732 -1.58497 1.29036 1.18258 0.196805 -0.21087 
2.79258 1.64377 -0.842956 -0.633285 1.49871 -0.743007 -0.437328 -1.13733 1.71966 1.02136 0.20666 -0.231348 
2.66645 1.66703 -1.13323 -0.46589 1.85404 -0.363913 -0.0547766 -0.603108 1.83782 0.979913 0.0177437 -0.459692 
2.88524 1.21346 -1.86352 -0.265012 2.35608 -0.414613 0.292774 -0.449656 1.35425 0.807369 -0.292331 -0.537952 
2.89361 1.10462 -1.73204 -0.240103 1.97186 -0.22504 0.1885 -0.306468 1.45432 0.789387 -0.307832 -0.620407 
2.87571 1.65153 -1.12856 -0.329696 1.83346 -0.287784 0.914977 -0.659265 1.44002 0.586373 -0.266695 -0.562564 
2.90272 1.17271 -1.56208 -0.0816577 2.69365 -0.155287 1.20674 -0.446131 1.24138 0.714063 -0.320993 -0.512559 
2.83164 0.699226 -1.72573 0.0287464 2.44785 0.637392 1.1593 -0.194352 1.03406 0.576255 -0.183609 -0.447868 
2.54995 0.176128 -0.350983 0.539222 1.76746 0.910173 1.37507 -0.277165 1.04503 0.667548 -0.362048 -0.450091 
2.55323 0.5618 -1.64176 0.101229 2.92212 1.4941 0.866252 -0.415648 0.674807 0.371706 -0.159801 -0.349073 
2.71364 0.943226 -2.62964 0.235997 3.64386 1.42746 1.34409 -0.527533 0.869115 0.425756 0.0130015 -0.199241 
2.56499 0.761349 -1.69432 0.509738 3.44066 1.32818 1.53039 -0.897852 0.681258 0.293911 0.142529 -0.0729523 
2.56877 0.820081 -1.36935 0.471121 3.75364 1.37449 0.34146 -0.825144 0.519081 0.654192 0.247728 -0.0288489 
2.66296 0.130658 -1.44984 1.1846 4.71439 1.78801 0.440478 -1.35697 0.30631 0.638493 0.152706 -0.0515009 
2.44075 0.824604 -1.28556 1.34548 4.35954 1.28729 0.693567 -0.661198 0.342288 0.438196 0.046044 -0.0514643 
2.47344 0.425758 -1.48512 1.03314 4.47178 1.55436 0.0311441 -0.742215 0.488422 0.813016 0.165606 -0.138849 
2.57373 0.410166 -1.22706 1.35288 4.00954 1.62349 0.380224 -0.757049 0.436611 0.373344 -0.0329168 -0.164186 
2.50751 0.654563 -1.40786 1.52783 5.00546 1.45163 0.256356 -0.881638 0.306395 0.653276 -0.0640623 -0.206039 
2.47793 0.635973 -1.16488 1.12042 4.81173 1.64534 0.129216 -0.534718 -0.0310673 0.661225 -0.105333 -0.272909 
2.36318 0.770492 -0.953431 1.06988 3.63623 2.17727 1.49049 -0.343413 0.03598 0.232211 -0.143849 -0.276372 
2.38239 1.03819 -1.27703 1.40767 4.23409 2.12568 0.0380615 -1.16219 0.160572 0.511906 0.192843 -0.215124 
2.4195 1.29525 -0.713218 1.50826 3.958 1.5551 -0.468169 -0.165578 0.0209002 0.833875 0.0233322 -0.249335 
2.40563 1.04554 -1.18791 1.50052 4.14909 1.82862 0.0601892 -0.69839 0.137805 0.593541 0.0760057 -0.220352 
2.36308 1.17609 -0.950779 1.5317 4.19967 2.04608 0.674496 -0.992062 0.058804 0.298619 0.0754589 -0.192074 
2.23574 1.21437 -0.542784 1.71062 3.63384 1.52963 -0.133452 -0.725092 0.325129 0.185333 0.042824 -0.151264 
2.2584 1.19814 -0.781155 1.35067 4.04585 1.13879 0.372736 0.0298914 0.363735 0.244361 -0.2306 -0.0924895 
2.35268 1.74937 -0.298736 0.913003 3.39021 0.88933 0.838155 0.243935 1.06201 0.911235 -0.168932 -0.346547 
2.27795 1.52636 0.291103 0.091313 3.3284 1.10753 0.567211 0.309109 1.48936 0.883691 -0.111604 -0.332857 
2.28536 1.45957 0.266867 0.536007 3.70216 1.97707 0.04105 -0.358766 1.06361 0.518353 0.129003 -0.225075 
2.2248 1.56725 -0.0344214 0.576532 3.88788 2.12607 0.800514 -0.505437 0.712035 0.391526 0.183199 -0.119053 
2.15281 1.67066 -0.0566731 0.680216 3.39966 2.08555 0.794186 -0.269426 0.638868 0.258238 0.267889 -0.0346815 
2.35425 1.6922 -0.536401 0.998499 4.44854 1.80022 0.465572 -0.218883 0.382225 0.457377 0.0230469 -0.0968771 
2.33802 1.55805 0.263147 0.728369 4.8532 1.73333 0.616143 0.0525265 0.156434 0.266682 -0.0269154 0.0156301 
2.29265 1.65034 0.44408 0.60322 3.53334 2.53014 1.09874 0.106151 0.730743 0.234437 0.175309 -0.0110348 
2.26773 1.645 0.444236 0.392708 3.5769 2.65554 1.16418 0.321063 0.0824549 0.132334 0.306962 0.139042 
2.2289 1.59049 0.376349 0.978918 4.06453 2.57592 1.3568 0.282094 0.209369 0.102552 0.149641 0.0962198 
2.15412 1.6494 0.538606 0.482986 4.24322 2.8528 1.63322 0.0650118 0.111508 0.408277 0.298185 0.121228 
2.14976 1.70054 0.0832488 0.0931642 3.78569 2.23501 2.08215 0.203883 0.0860354 0.578498 0.477508 0.356866 
2.19151 1.53765 0.438772 0.399323 4.09782 2.04631 1.39721 0.0481969 0.283736 0.349385 0.427466 0.323469 
2.1627 1.66331 0.687202 0.807704 3.95943 1.99893 1.22355 -0.0307201 0.70866 0.453607 0.333144 0.154979 
2.20848 1.9213 1.09735 0.687781 4.48172 2.19919 0.653236 0.0049725 0.716476 0.119187 0.276619 0.0415204 
1.9849 1.9335 1.08341 1.4843 4.32329 2.38687 1.06458 0.592912 0.196133 0.399081 0.172773 -0.000501418 
2.06305 2.01432 1.38281 1.3737 4.32475 1.74525 1.00451 -0.120832 1.00883 0.533012 0.119752 -0.0442208 
2.01847 2.06319 1.41903 1.08953 3.4676 1.84439 1.1883 0.546769 0.994388 0.269912 -0.0726293 -0.125158 
1.94099 1.77153 1.17102 1.54724 3.55816 1.53495 1.32949 0.480926 0.807042 0.602271 -0.253687 -0.182632 
1.9976 1.62604 1.1668 1.59556 2.8462 2.06354 1.81354 -0.436732 0.544836 0.264879 -0.0360999 -0.0573189 
1.81757 1.46299 1.55017 1.65936 2.47921 2.0481 1.21784 0.348963 0.672547 0.0206942 -0.0894033 -0.0141232 
1.81103 1.77713 1.38323 1.2676 3.19869 2.52747 0.465301 0.101183 0.606871 -0.201544 0.21041 -0.00825027 
1.64905 1.62315 1.2071 0.785778 2.84455 1.7173 1.03944 0.502174 0.609996 -0.103411 0.175125 0.0540289 
1.82304 1.98435 1.23171 1.03802 2.51921 1.76657 1.14837 0.379361 0.259264 -0.288517 -0.1439 -0.108402 
1.70575 1.69657 1.32166 0.835505 3.05699 2.21056 1.61107 0.170612 0.642424 0.0177712 0.0302909 0.0549502 
1.63419 1.4805 1.72567 1.15762 2.45125 0.540405 0.396353 0.161299 1.02608 0.477251 -0.0102545 -0.0324472 
1.71889 1.96753 2.11187 1.74346 2.78666 1.33428 0.770117 0.659465 0.865244 0.00182371 -0.0566761 -0.0539468 
1.78059 2.03499 2.2075 2.07923 2.67502 1.47563 1.96257 0.727453 0.513061 0.00571721 0.0561537 0.056395 
1.70386 1.95518 2.31067 2.04324 2.49041 1.79243 2.00667 0.809895 0.981424 0.415494 0.198209 0.139507 
1.67309 2.33994 2.58156 2.36873 2.75914 1.93524 1.75653 0.707884 1.13795 0.302885 0.20637 0.106395 
1.49266 2.20716 2.71972 1.79314 3.02215 1.69289 1.47251 0.591448 1.62313 0.632483 0.188664 0.226854 
1.3671 2.17451 2.5682 1.3859 2.46037 0.923324 1.57091 0.783821 1.33729 0.80305 0.215846 0.268413 
1.33174 1.91252 2.43014 1.66104 1.86855 1.00542 1.81926 1.00268 1.17062 0.140524 0.217787 0.133615 
1.40996 1.97546 2.3802 1.72112 2.17644 0.112763 2.20193 0.618286 0.871902 0.454418 0.195264 0.20145 
1.40417 2.07303 2.82006 1.84297 3.18196 1.30585 2.30128 0.461651 0.815477 0.370864 0.400958 0.268379 
1.43759 2.33182 2.49798 1.30213 2.73649 1.75187 1.7948 0.751448 1.13143 0.430395 0.587237 0.295056 
1.62547 2.48705 2.84414 2.18546 2.5564 1.60987 2.68306 0.937614 1.24203 -0.00871207 0.412474 0.182726 
1.52271 2.54112 2.63451 2.39214 2.97836 0.884766 2.61895 1.88574 0.608654 0.115122 0.227825 0.138247 
1.53189 2.08075 3.00045 1.90538 1.92987 0.882456 2.17796 1.17406 -0.136254 0.332967 0.131601 -0.00510448 
1.5167 1.59945 3.28949 1.89979 2.33072 0.605353 2.56508 0.77681 0.192507 0.0969069 -0.141981 0.034305 
1.45271 1.877 2.61543 1.98017 2.23534 -0.387757 2.9236 0.561953 -0.377878 0.27355 0.133813 0.130502 
1.33129 1.94127 2.1816 1.76663 2.32684 0.300061 1.6327 0.95236 -0.0760005 -0.238229 0.769952 0.156951 
1.28835 2.26588 1.8566 2.17367 2.62372 1.34266 1.91275 1.31312 0.21385 -0.219087 0.933352 0.180887 
1.31766 2.21081 2.46497 2.48065 2.62788 1.72475 2.01037 1.31569 0.184315 -0.252256 0.861854 0.132415 
1.42477 2.21339 2.47256 1.95757 2.25633 1.76356 1.418 1.38201 1.00367 -0.124726 0.584757 0.161028 
1.3706 1.83986 2.7616 1.89253 2.29321 1.83558 1.36225 0.380323 0.854903 0.251021 0.601102 0.218842 
1.28951 1.65624 2.48756 1.68834 1.46289 1.09957 1.5038 0.596858 0.230264 0.536655 0.53439 0.127296 
1.17476 1.59368 2.45975 1.32545 2.13143 1.48822 2.22216 0.94 0.585062 0.08466 0.897343 0.225599 
1.18451 2.15668 2.71772 0.934188 2.66891 1.17092 1.6265 1.27365 1.24645 0.131805 0.815672 0.234966 
1.35188 1.81887 2.65485 1.38713 2.90747 1.18653 1.4006 1.42122 1.30286 0.574558 0.464571 0.277532 
1.22158 1.57154 2.58735 1.30927 2.72289 0.975001 2.02611 1.27372 1.55464 0.169482 0.642292 0.375967 
1.1612 1.51989 2.44964 1.45904 2.90589 1.12609 1.95172 0.716813 2.0606 0.449485 0.419671 0.400778 
0.977671 1.62169 2.55249 1.17148 2.36873 0.520296 1.67936 1.28962 0.900115 0.845087 1.06602 0.238148 
1.11291 1.81539 2.27214 1.26574 1.37535 0.632151 1.56498 1.63665 1.46898 0.314176 0.824988 0.207321 
1.11958 1.9879 2.39586 0.495971 1.19515 1.43902 1.79352 1.09363 0.765015 0.421346 0.787429 0.134083 
1.26553 1.43607 2.82512 1.23267 1.73993 0.734037 1.41309 1.12501 1.61689 0.413958 0.286272 0.294167 
1.25479 1.63833 2.53737 1.46103 1.36051 0.649212 1.58523 1.12768 1.79819 0.0881266 0.406179 0.263522 
1.16415 1.53791 2.24837 1.78284 0.833239 0.513336 2.19556 0.0263885 1.81854 0.308035 0.689899 0.238246 
