0.502252 1.13599 1.56699 1.40987 0.766303 1.36516 1.65846 0.246032 0.622075 0.0319785 0.417884 -0.124585 
0.645412 1.15758 1.27089 1.56924 1.36331 1.17062 1.90069 0.646532 0.947253 0.578499 -0.049942 0.119983 
0.674871 1.18839 1.34749 1.09891 0.951199 0.811047 0.624162 0.653819 0.892759 1.19132 0.0629366 0.0748144 
0.583572 1.22118 1.20949 1.28609 0.710926 0.572902 0.284569 0.274023 1.14642 0.167269 -0.263797 0.072749 
0.514197 1.08811 1.36127 1.50448 0.615716 0.588051 1.81282 0.801982 0.417979 0.610491 -0.260693 0.123092 
0.502585 1.05624 1.55706 0.925339 1.33656 1.43291 1.90901 1.2438 0.518018 0.163823 0.207388 0.0946764 
0.657487 1.43697 2.05737 1.4394 1.59615 1.75985 1.13245 1.50444 1.10692 0.45998 0.141429 0.220293 
0.703908 1.39468 1.74997 1.49157 1.62368 1.04199 0.996377 0.829476 0.909684 0.0800341 0.357239 0.130521 
0.706149 1.09967 1.62498 1.52317 0.930885 1.39489 0.917948 0.540874 0.893683 0.0376842 0.0477246 0.157294 
0.66927 1.33085 1.46176 1.13239 0.794115 1.0027 1.3004 0.260509 1.25472 -0.355022 -0.0334639 0.142887 
0.567287 1.36661 1.77853 0.881769 0.952776 0.970484 0.834019 1.63386 0.811912 0.935713 -0.0469823 0.205096 
0.626599 1.40813 1.67654 1.2928 1.23434 1.44418 0.968146 0.952743 0.832801 0.523554 0.436166 0.075768 
0.680725 1.15975 1.35122 0.633862 1.13909 1.12971 0.69722 1.71621 0.562424 0.927074 0.477132 -0.00508979 
0.70441 1.09752 1.53046 0.855505 2.01339 0.332075 0.594842 1.93143 0.36633 0.698701 0.050476 -0.0720914 
0.650854 0.985133 1.62228 1.49592 1.53358 0.106077 0.721866 0.947667 0.727076 0.730178 -0.032327 -0.0951515 
0.716203 1.05416 1.3984 1.54912 1.09392 1.21118 1.13943 1.27395 0.483875 0.352031 0.375429 0.00419227 
0.624384 1.1682 0.806414 0.879879 0.406134 1.54365 2.11922 1.19117 -0.228824 0.306134 0.380528 -0.0158814 
0.806361 1.15793 1.61228 1.45617 0.544198 2.20077 1.49922 1.24054 0.05662 0.368463 0.269803 0.0774016 
0.748193 1.40473 1.63562 1.37952 1.12168 1.03889 0.286161 0.642997 1.04445 -0.012146 0.577717 -0.0282602 
0.664927 1.68729 1.27503 1.37378 1.06352 1.13543 0.469756 0.886259 1.28941 0.690995 0.420868 -0.0241346 
0.783688 1.97772 1.82868 1.62247 1.49082 1.57674 0.682354 1.1532 1.23262 0.784622 0.324805 0.187243 
0.916567 2.19997 2.22764 2.34749 2.4533 1.97045 1.80198 0.656619 0.595855 0.469092 0.660051 0.114275 
1.3602 2.4211 3.13539 3.16459 3.45398 2.14739 1.28573 0.705157 0.939192 0.258245 0.349697 0.0290734 
1.72492 2.66016 3.035 3.01718 3.18756 2.34803 1.06893 0.441538 0.416968 -0.0103599 0.151563 -0.0608811 
1.52289 2.38566 2.53772 2.44646 2.265 1.89602 1.66884 1.10641 0.709701 0.0691369 0.0213193 -0.0101458 
2.0532 2.6526 1.63241 1.90083 3.08173 3.29741 1.9387 -0.673069 -0.567812 -0.22857 0.274163 0.182889 
2.30985 2.29118 1.50844 1.61346 3.70739 2.71827 2.077 -1.05717 -0.625844 -0.322225 0.228848 0.211041 
2.06834 2.41986 1.47385 1.32962 3.45903 3.14491 1.75826 -0.980726 -0.532234 -0.394002 0.327901 0.217278 
2.05421 2.69696 1.50527 1.31988 3.33383 3.53606 2.15326 -0.627611 0.0766354 -0.0623643 0.383108 0.245788 
2.16721 2.65449 1.60963 1.18109 3.50404 3.63155 2.41298 -0.829461 0.201033 -0.236111 0.419666 0.324031 
1.97452 2.2041 1.36986 1.58674 3.28499 3.55193 1.98139 -0.362535 -0.700152 0.0206603 0.380036 0.275446 
2.42136 2.12534 1.24812 0.93368 4.23358 2.97669 2.10427 -0.0412332 -0.951519 0.236544 0.385258 0.303139 
2.1055 2.10905 1.14085 1.02227 3.23951 3.38416 2.12335 -0.152492 -0.74506 0.0818198 0.286374 0.265803 
2.22893 2.24423 0.952544 0.470024 3.15079 3.12113 2.06433 -0.156302 -0.859665 0.0144891 0.240513 0.267868 
2.22787 2.00892 -0.105407 -0.0571905 2.57688 1.31548 1.4215 -0.767786 0.172465 0.411377 0.538719 0.258762 
2.63526 1.70705 -0.943152 0.391989 2.32247 -0.190579 0.823105 -1.36837 0.216483 0.545927 0.652989 0.250038 
2.69249 1.87257 -1.18144 0.991109 1.17923 -0.583646 0.806224 -1.35897 0.188376 0.293332 0.913571 0.168447 
2.66091 1.75519 -1.80638 1.24209 0.187819 -0.33826 1.03329 -1.71047 0.56627 -0.147778 1.35014 0.0170433 
2.59866 1.77042 -1.59683 0.169383 0.714271 0.0792797 0.326718 -1.69774 0.273729 0.166916 0.901219 0.155404 
2.7754 1.50594 -1.024 0.662586 0.682185 -0.616472 0.678425 -1.70711 0.0481477 0.0238371 0.681914 0.0918904 
2.59535 1.74342 -1.30038 0.0975373 0.684959 0.00102749 -0.0574332 -2.30668 0.736436 0.0812641 0.789842 0.0149199 
2.68271 1.02465 -1.64426 0.558474 0.762422 0.117337 0.00973498 -2.65328 0.817992 0.291158 0.75592 -0.0778248 
2.78672 1.0413 -1.8436 0.609334 1.17768 -0.211249 -0.0653978 -2.53625 0.621329 0.170962 0.70006 -0.035987 
2.67171 1.23953 -1.94447 0.474317 1.56913 -0.399206 -0.501026 -2.53993 0.625157 0.0291134 0.590558 -0.0395928 
2.69665 1.12273 -2.23406 0.720752 1.86181 -0.634936 -0.65789 -2.90383 0.651178 -0.107987 0.615216 -0.0585862 
2.68933 0.947541 -1.55578 1.05573 1.99814 -0.685094 -0.428961 -2.6089 0.736772 0.112326 0.461728 -0.0509865 
2.75532 1.1964 -1.83843 1.2512 1.48352 -0.491217 -0.613611 -2.41472 0.832359 0.0726976 0.629125 -0.0911117 
2.77273 0.981583 -2.14601 1.18888 1.37566 -0.759612 -0.569244 -2.93392 0.679162 -0.171028 0.654372 -0.151779 
2.63704 0.880773 -1.78094 0.491047 1.68886 -0.633813 -1.32209 -2.29337 0.423031 0.188639 0.352038 0.00530481 
2.74978 1.34791 -1.52305 -0.0564679 1.53894 -1.127 -1.16764 -2.26865 0.522266 0.244301 0.199273 -0.0835164 
2.68993 1.10365 -1.19502 0.331539 0.592189 -1.07523 -0.216103 -2.61018 0.673356 0.0531573 0.376636 -0.0861951 
2.84294 1.01762 -1.68735 0.537148 0.306259 -0.933135 -0.193654 -2.43092 0.654984 0.17991 0.463921 -0.28394 
2.92387 1.03524 -2.18968 0.185945 1.17361 -1.06677 -0.807633 -1.83804 0.814984 0.272541 0.170816 -0.257618 
2.83591 0.973831 -2.02365 0.439096 1.00875 -1.24472 -0.580492 -1.60965 1.38649 0.325419 0.114776 -0.369787 
2.55007 1.24552 -1.21027 -0.070041 0.644299 -0.651956 -0.853009 -1.21398 1.27836 0.460975 0.0111853 -0.413031 
2.85641 1.33899 -1.70504 -0.0264718 0.815289 -0.787478 -0.179597 -0.743554 1.47761 0.567366 0.0225713 -0.440373 
2.82791 0.770695 -1.86735 -0.123344 0.864256 -0.467974 0.219889 -0.689617 1.41662 0.519078 -0.106808 -0.494551 
2.83214 1.23355 -1.60478 0.0169275 0.798664 -1.07977 0.602155 -1.06402 1.81838 0.371281 -0.116857 -0.615292 
2.86547 0.946201 -1.57985 0.127755 0.542862 -0.94038 0.933094 -0.790621 1.84528 0.452093 -0.107736 -0.603249 
2.93784 0.1825 -1.4704 0.0980698 1.34793 -0.474722 0.885619 -0.316622 0.845853 0.526887 -0.202195 -0.459399 
2.97978 -0.385575 -1.88576 0.321971 2.06527 -0.109683 1.03062 -0.132758 0.764718 0.353525 -0.369963 -0.41849 
2.86997 0.562002 -2.14807 0.0962243 3.01296 0.290148 0.301593 0.0681842 0.711587 0.160643 -0.729489 -0.541427 
3.02304 -0.111952 -1.6369 0.396618 2.02156 0.150876 1.34428 -0.175695 0.34528 0.166831 -0.24824 -0.346753 
2.87942 0.502896 -1.89538 0.424891 1.57492 0.273162 1.61664 -0.378097 0.545026 -0.0578738 -0.00372128 -0.233428 
2.75693 0.494298 -1.91755 0.300633 2.34878 0.977085 0.807177 -0.132058 0.244974 0.00626152 -0.223151 -0.268602 
2.90309 -0.0813763 -2.11525 0.528428 3.07299 1.08244 1.06452 -0.0547825 0.600375 0.251455 -0.161512 -0.193677 
2.73073 0.635814 -1.54159 0.513232 3.03775 0.725605 1.05641 -0.842153 0.467291 0.215632 0.0175807 -0.0330989 
2.73748 0.256442 -1.66257 0.743073 4.24325 0.730594 0.19609 -0.784975 0.737681 0.82628 0.0968468 0.0251802 
2.58832 0.702458 -1.63048 0.626783 3.23108 1.78964 0.609393 -0.295954 0.60936 0.357486 0.0703413 -0.0672148 
2.60259 0.599444 -1.40543 0.59974 3.38621 1.38368 0.423918 0.0152059 0.168859 0.327831 -0.0684475 -0.118941 
2.73318 0.510891 -1.2315 0.602941 2.87439 1.50053 0.547988 0.0132235 0.364281 0.308005 -0.158644 -0.298045 
2.50439 0.950551 -0.615026 1.08093 2.43334 1.75934 1.18347 -0.824484 0.636494 0.289341 0.0826347 -0.194242 
2.65429 0.361805 -0.985359 0.993902 3.32993 1.3624 0.43719 -0.780455 0.015631 0.264958 -0.0392155 -0.2081 
2.69534 0.55792 -0.400596 0.708326 2.8519 0.782937 0.300258 -0.661132 0.157258 0.334617 -0.141885 -0.246549 
2.57279 0.632024 -0.922313 0.414975 2.60992 0.475541 0.200408 -0.0593188 0.288954 0.151565 -0.172735 -0.159926 
2.49932 0.854531 -1.01698 0.40899 2.94253 0.187697 -0.458229 0.13536 0.476118 0.411667 -0.194048 -0.155504 
2.52503 0.861056 -0.440213 0.726096 3.6394 0.699321 -0.51917 0.611256 0.461049 0.54248 -0.278955 -0.278404 
2.29228 0.839908 0.0706475 0.422685 2.77253 1.94832 0.0292559 0.268129 0.966304 0.295085 -0.202835 -0.292164 
2.469 0.955897 -0.456353 -0.613502 3.17574 1.6877 -0.025088 0.209805 0.897826 0.491593 0.130001 -0.131723 
2.37389 1.26123 -0.40458 0.0704044 3.25815 1.35744 -0.000438923 -0.0388795 0.842785 0.361042 -0.0554447 -0.222979 
2.53336 1.16211 -0.191756 0.607657 2.99518 1.20868 0.237707 -0.301829 1.17384 0.448338 -0.0891482 -0.15379 
2.38246 1.57916 -0.120296 0.429293 3.35772 1.51247 0.576205 0.407823 0.863763 0.31941 -0.133399 -0.194071 
2.22402 1.2167 -0.188998 1.32252 3.59301 2.32455 0.696124 -0.494106 1.09864 0.0556661 0.0890163 -0.0407487 
2.32632 0.971997 -0.0335072 1.03131 3.44156 1.72995 1.1172 -0.757442 1.38522 0.434061 0.158437 0.095479 
2.37787 1.18559 -0.114059 0.690593 3.11613 1.90806 0.846776 -0.406382 1.27413 0.224306 0.0968945 0.0432322 
2.25424 1.7295 0.136041 0.398276 3.30341 1.43856 1.59433 -0.0464868 0.540929 0.215172 0.123523 0.137733 
2.11445 1.62884 0.833742 0.878177 2.98428 2.05524 1.04716 0.334368 0.290436 0.641354 0.154612 -0.04401 
2.1045 1.70372 0.606192 1.31457 3.25471 1.95329 -0.212197 0.433853 1.39957 0.399099 0.172877 -0.127982 
2.03601 1.52143 1.04031 1.11608 2.94235 1.6147 0.107848 1.10804 1.01271 0.983554 0.224374 -0.100714 
2.07118 1.49979 0.926559 0.947661 3.71842 2.02809 1.05643 0.953718 1.36681 0.743058 -0.00414344 -0.136335 
2.26361 1.64355 0.727293 1.24558 3.26572 2.55532 1.06379 0.488407 0.991964 0.138567 0.0582524 -0.0229627 
2.05111 1.52206 0.684204 0.990961 3.43004 2.38433 1.42914 0.575974 0.926927 0.653782 0.202816 0.016766 
1.91424 1.70622 0.916498 1.37844 2.89078 2.45486 1.85815 0.720105 1.30667 0.692907 -0.0345583 -0.0858147 
1.97645 1.64675 1.19473 1.16604 3.13649 2.08259 1.79531 0.14493 1.17054 0.518229 -0.042802 -0.0473287 
1.98528 1.58791 0.815998 0.56525 3.46327 2.14069 1.65836 -0.033958 0.543776 0.212613 -0.0633297 -0.0300872 
1.90604 1.45347 0.171846 0.436409 3.11425 2.27647 1.00763 1.08073 0.947973 0.248397 0.20211 -0.00964083 
1.77529 1.42084 0.84684 1.10023 3.26725 1.48456 0.975209 0.638831 1.37773 0.533417 -0.179942 -0.159909 
1.91971 1.68537 1.13098 1.33829 3.25727 1.32735 0.991656 0.308221 1.41062 0.387934 -0.021332 -0.0633943 
1.99815 2.10167 1.63109 1.36859 3.11372 1.88666 1.34329 1.28676 1.02021 0.245624 -0.124716 -0.117995 
1.81556 2.03611 1.72768 1.11716 2.63561 1.46476 1.55493 0.471671 1.81757 0.812823 0.0836792 0.0590218 
1.71778 1.5111 1.49508 0.837311 2.54425 1.51335 1.48004 0.546757 1.16863 1.30953 0.525001 0.241092 
1.74704 1.85182 1.59261 1.58705 2.40179 1.8099 1.23903 1.06442 1.10321 0.948013 0.260899 0.107058 
1.5861 1.90671 2.26306 1.754 2.33519 1.37759 1.12957 0.703233 1.68891 0.814419 0.0652393 0.121862 
1.50213 2.09862 2.06782 1.40598 2.63543 1.88671 1.0636 0.534816 -0.104357 0.425438 -0.151132 -0.0529664 
1.6222 1.87818 1.69252 0.787832 2.25036 1.26612 0.433752 0.621639 0.0433642 0.623093 -0.353118 -0.234494 
1.47561 1.69288 1.49579 1.12854 2.21878 1.3915 1.07182 0.557405 0.922942 0.7591 -0.0178588 0.0317835 
1.40395 1.43578 1.44827 0.631726 2.15963 0.825225 1.74293 0.354401 0.932065 0.332588 0.443013 0.245448 
1.49966 1.52256 2.01814 1.05246 3.12208 0.581667 1.45154 0.18792 1.14627 0.220286 0.186106 0.271662 
1.43401 1.45808 1.60648 1.69431 3.21167 2.29167 1.10536 1.01163 1.49837 0.457972 0.085806 0.104795 
1.46253 1.75087 2.0176 1.16843 3.01599 1.6435 1.50572 1.00604 1.18492 0.518552 0.146433 0.160389 
1.43747 1.69118 2.19984 1.26729 2.3546 1.40693 2.07013 0.820877 0.621221 0.0134412 0.778399 0.330642 
1.2708 1.51195 2.11376 1.906 2.80359 2.30143 1.82318 0.707665 1.39639 -0.370021 0.613937 0.288044 
1.36132 1.44353 2.04483 1.9277 2.57373 1.75404 2.04558 1.0888 0.603992 -0.250718 0.520791 0.251701 
1.35764 1.45554 2.00884 1.24497 2.0373 0.638908 1.78725 1.45621 0.310496 0.695992 0.429585 0.172573 
1.22071 1.61624 1.82794 0.067204 1.80432 0.883173 1.50428 1.15976 0.962002 0.887858 0.108257 0.103407 
1.20538 1.72635 1.6121 0.871799 2.06727 1.2298 1.63521 1.54121 0.848909 0.606775 0.105614 0.104512 
1.36514 1.38871 2.39982 0.604718 1.57697 1.51014 0.893229 1.27423 0.586684 0.735472 0.228667 0.0285815 
1.2345 1.39586 3.1207 0.481621 1.44025 0.517312 1.65006 1.05243 0.938436 0.397556 0.617205 0.237059 
1.27482 1.47167 2.13412 0.530726 1.90596 0.453575 1.70403 0.641057 0.844622 0.462186 0.680385 0.293254 
1.31318 1.47075 1.63162 0.49152 1.52678 0.691696 1.73538 1.0844 0.617548 0.531732 0.690525 0.231617 
1.18634 1.73851 1.68823 1.05132 1.41589 1.26494 1.31804 0.670154 1.01473 0.574293 0.622669 0.197728 
1.13398 1.87345 2.87424 1.43543 1.97697 1.75706 2.02074 0.505781 1.12486 0.163697 0.422719 0.205168 
1.16645 1.74537 3.01133 1.32845 1.66635 1.9743 1.83228 1.74095 0.921446 0.270804 0.566075 0.177566 
1.12163 1.68483 2.79138 1.10541 1.37867 1.49613 1.80232 1.48871 1.39224 0.31744 0.653597 0.234175 
1.044 1.41393 2.34251 0.960267 1.73827 1.53437 1.37148 1.75872 1.54427 0.163066 0.786823 0.218799 
1.09512 2.0111 2.26705 1.18168 1.64941 0.862878 2.35335 1.08388 0.772425 -0.199547 0.607577 0.0770276 
1.20415 1.87591 2.59508 1.06813 1.95979 0.57025 1.67106 0.400618 1.54836 -0.161302 0.392512 0.241234 
0.992727 1.75752 2.59566 0.379667 1.35963 0.224374 1.37887 0.601835 0.988049 0.44127 0.476341 0.171245 
0.912548 1.55445 2.76841 0.130792 0.745601 0.261645 1.11473 1.10712 0.370586 0.630682 0.129112 0.0460899 
0.989526 1.38313 2.39238 0.600502 1.10158 0.668808 0.914726 1.33998 0.118677 0.0964578 -0.052953 0.0512787 
1.04722 1.15931 2.42166 1.48949 0.956331 1.15815 1.28624 1.09914 0.526211 0.559257 0.420651 0.0826917 
1.00878 1.60475 1.3994 2.04145 0.989139 0.909682 1.97306 0.884394 1.9204 0.310759 0.522414 0.086114 
1.00312 1.54027 1.19037 1.59016 1.5908 0.913653 2.80191 0.209195 1.60295 0.898191 0.342426 0.158271 
1.06709 1.57022 2.3828 1.10524 1.32808 0.950905 2.42745 0.775971 0.687745 0.701979 0.191837 0.133841 
0.962685 1.60995 2.56762 1.00679 1.18568 0.577201 1.2509 0.249384 1.02167 -0.479326 0.498688 0.0860911 
0.970359 1.20712 2.56657 0.433779 1.33982 -0.0293016 0.555831 1.06326 0.348723 0.300446 0.172096 0.0475671 
0.74365 1.21352 1.90545 1.22899 1.29204 0.718479 1.86716 0.418978 -0.0091001 -0.320392 0.268206 -0.108973 
0.832564 1.4001 2.34163 1.53479 1.43914 0.931955 1.61043 0.469971 0.913043 -0.12499 0.477163 0.0448199 
0.857286 1.74286 2.42645 1.30997 1.67786 -0.165484 1.40897 1.33551 1.84536e-005 -0.100835 0.662422 -0.0309724 
0.779884 1.02967 1.72376 0.748376 1.92161 0.131379 1.27558 1.09739 -0.496113 0.32189 -0.161349 -0.00750112 
0.828796 1.24307 1.97635 0.786405 1.73742 -0.108107 0.571011 0.59767 0.00595899 0.117095 -0.0589753 -0.0389525 
0.903154 1.64009 1.76226 0.99517 2.06765 -0.169602 0.777429 0.916369 0.886694 -0.226799 0.454066 -0.0167657 
1.04019 1.54837 1.07155 1.54747 1.60347 0.584601 0.735595 0.252159 1.85294 0.194392 0.432483 0.00913907 
0.912523 1.53592 2.02842 1.08029 1.8233 0.431285 0.845198 0.110784 1.3202 -0.00198568 -0.205582 0.116374 
0.84843 1.78581 2.31262 0.936861 0.996901 0.476525 0.911931 0.437857 1.78278 0.375525 0.126782 0.231835 
0.972259 1.71652 2.04808 1.31919 1.07121 0.779392 1.04273 0.0609791 1.18134 0.70284 -0.0248236 0.13853 
0.919289 1.63926 2.09455 1.50564 1.05914 0.990465 1.03454 1.29896 0.259691 0.774228 0.206319 0.122052 
0.838686 1.65963 1.78713 0.689367 1.20753 0.321016 1.22611 1.26909 0.434466 0.302235 0.374793 0.0286173 
0.622116 1.48618 1.40556 1.09834 0.712228 0.368487 1.66547 0.574957 0.814252 0.596152 0.481209 -0.126783 
0.628901 1.63605 1.49282 1.15138 1.86123 0.378473 1.32089 0.539164 1.45263 0.816201 0.205295 0.0954807 
