0.564221 1.57266 1.04477 1.50818 0.690088 0.335384 0.948478 1.25683 0.988819 0.102565 0.606773 0.0410551 
0.56581 1.16006 1.77023 1.57807 1.60408 1.74526 1.55407 0.219523 1.32114 0.504618 0.180908 0.200448 
0.696599 1.00327 1.76703 1.74398 1.4172 0.538499 1.44286 1.01279 2.09457 0.660733 0.645432 0.126623 
0.73496 0.934848 1.46189 1.89846 1.0551 1.08663 1.28517 0.905973 0.701375 0.425379 0.556893 0.0800079 
0.700386 0.904953 2.14197 1.40383 0.105502 1.36983 1.40463 0.663179 0.632794 1.02528 0.701197 -0.123136 
0.621913 0.707253 2.39142 1.54805 -0.00975392 1.60996 1.53107 0.277496 1.20566 1.27814 0.73346 -0.126487 
0.686129 0.951342 1.89497 1.31115 0.699986 1.75214 1.81363 0.271171 0.785317 1.05105 0.8884 -0.0435168 
0.676878 0.937658 2.16774 1.74168 0.0751192 0.943136 2.77789 -0.0661046 0.533152 0.833277 0.430784 -0.0811169 
0.544405 0.570286 2.20701 1.61838 0.45962 1.63527 2.48742 0.15984 1.01428 1.11889 0.42087 -0.0739467 
0.320205 0.0564315 3.37523 0.659835 0.612407 0.761194 2.70237 -0.467545 1.2365 1.33772 0.179503 -0.0642403 
-0.133492 0.049447 4.27132 0.710184 -0.112044 1.74597 3.07182 -0.863335 1.74188 0.772962 0.0312714 0.132693 
-0.41226 0.254939 4.11674 0.190204 -0.972104 2.5254 2.91286 -0.0693276 1.53862 0.499494 0.160559 0.0581473 
-0.727187 -0.101027 4.07576 1.24387 -0.0802571 1.38115 3.41579 -0.385158 0.800097 0.405931 0.813821 -0.251049 
-0.928319 0.0582439 3.88506 1.30671 -0.0940338 0.583162 4.34289 -0.613011 0.443815 0.885444 0.45509 -0.20444 
-0.947945 -0.291498 3.47768 0.934479 -0.484139 -0.258144 2.98589 -0.740866 0.170797 1.03178 0.265987 -0.100644 
-0.962143 -0.268503 3.40004 2.23263 -0.242468 0.364503 1.84456 -0.250007 0.195781 0.728639 0.415259 -0.0745941 
-1.00942 -0.574853 3.86082 2.1152 0.35809 0.625909 2.49694 -0.933233 0.881578 0.455202 0.423518 0.0764845 
-1.03252 -0.37829 3.50264 0.942247 0.00179111 -0.337819 2.34831 -0.694671 0.66931 0.835635 0.208652 0.152206 
-1.10859 -0.182014 4.3845 1.64149 0.779292 0.347109 2.72513 -0.669827 0.684978 0.66631 0.105667 0.18538 
-1.06865 -0.391992 4.15008 1.57373 1.55302 1.22687 2.53357 -0.580773 1.2114 0.4786 0.327414 0.279981 
-0.915888 -0.16344 3.00413 0.86648 0.509635 0.293768 1.91063 0.133877 0.773541 0.167863 0.486017 0.298834 
-0.683315 -0.242215 3.04893 0.66757 0.806074 -0.49453 2.93809 -0.0185984 0.424483 0.690647 0.248485 -0.049685 
-0.664066 -0.238406 3.10353 0.481915 0.497502 0.251612 2.6987 -0.227945 0.656028 0.431239 0.145081 0.137637 
-0.636209 -0.371712 3.53492 0.334014 -0.212551 0.396502 2.60223 -0.652794 0.668063 0.600194 0.12285 0.245799 
-0.507916 -0.40694 4.1133 0.964222 0.572559 0.351293 2.49198 -0.451026 0.377424 0.745519 0.256548 0.050129 
-0.102316 0.205371 3.37145 0.960622 -0.2318 0.29255 2.74082 0.976471 0.717704 0.809289 0.366478 -0.32167 
0.380292 0.800113 2.61626 1.48831 -0.233787 0.669584 1.83403 0.476042 1.1852 0.121471 0.562656 -0.262683 
1.72706 0.61072 0.192384 0.474909 0.584067 1.08538 1.41601 -0.350551 1.52061 1.00975 -0.237131 -0.562969 
2.02615 0.510665 -0.151092 -0.18165 1.69399 0.592096 1.24058 0.0230067 1.45093 0.963426 -0.206807 -0.500557 
1.80755 1.12713 0.46852 -0.339053 1.33431 1.34488 1.35403 0.277074 1.39094 0.722925 -0.434098 -0.482354 
1.87724 0.747052 0.184207 0.121197 1.3573 0.48853 1.86115 0.345849 1.72294 0.506802 -0.652851 -0.560191 
2.14581 -0.054524 -0.428447 0.863234 1.45398 -0.0653554 2.256 0.216914 1.0721 0.26352 -0.59873 -0.596886 
2.23397 -0.050284 -0.802305 1.08183 1.34441 -0.0548779 2.05231 0.321881 1.16284 0.275974 -0.419083 -0.630475 
2.46289 -0.503905 -1.80756 0.531898 1.96265 0.834818 1.62109 0.506805 1.83735 0.269629 -0.703248 -0.628686 
2.54299 -0.598139 -2.15505 0.393187 2.06749 1.44273 1.51841 0.313207 1.47813 0.308279 -0.601929 -0.658454 
2.20719 -0.856147 -1.07001 0.562456 1.6747 0.546111 2.2702 0.118115 1.26074 0.389602 -0.653422 -0.640167 
2.14272 -0.292106 -1.22292 -0.268204 2.06586 1.51671 2.25425 0.359589 1.0536 0.172226 -0.552454 -0.50083 
2.15167 -0.50354 -1.56872 0.544207 1.14305 2.06233 2.39441 1.01569 1.06675 -0.211858 -0.534533 -0.413804 
2.14782 -0.41141 -0.971051 0.554426 0.799592 2.56565 2.86929 0.542606 1.32135 -0.055507 -0.619049 -0.313044 
2.00958 -0.0978956 -0.755488 0.00146778 1.68151 1.84686 2.18669 0.360523 1.71025 0.13294 -0.300427 -0.234266 
2.08476 0.290007 -0.531303 0.189482 2.18779 1.54075 2.73061 0.173366 1.70514 0.350553 -0.377665 -0.230582 
1.85753 0.302462 -0.0783782 0.806491 2.57896 2.63082 2.39404 0.256452 1.59045 0.590489 -0.144398 -0.100374 
1.72884 0.183149 -0.290484 0.352224 2.71119 2.54947 2.56472 1.01091 1.3634 0.705039 0.00585933 -0.0824384 
1.90084 0.110205 -0.121486 -0.248398 1.87849 2.71626 2.58494 1.42337 1.39987 0.228109 -0.0196973 0.0369055 
2.045 0.244845 -0.216318 0.424842 3.00518 2.14969 2.50316 0.509488 0.922312 0.342242 -0.214832 -0.00796924 
1.98573 0.321986 -0.0539574 -0.0477765 2.15235 1.98636 3.04945 0.543344 1.26436 0.726011 -0.0375322 -0.0242331 
1.98219 0.236848 -0.565496 -0.45141 1.97525 2.48763 2.76404 0.893494 1.8266 0.424725 0.122667 0.0699693 
2.07516 0.424221 -0.226301 -0.49013 2.34433 2.37948 2.07493 1.2023 1.38834 0.634418 0.0704011 -0.0771186 
1.95909 0.192024 0.0270378 -0.662695 2.6749 1.37615 1.28293 1.67443 2.13507 0.778341 -0.0768676 -0.159586 
1.83588 0.33331 0.211645 0.579248 2.05756 0.883842 1.66054 1.33349 2.33158 0.638013 -0.280347 -0.172981 
1.86486 -0.120463 -0.0988626 0.302412 2.49312 1.16631 2.5202 1.21181 2.31408 0.564876 -0.212636 0.0902724 
1.93872 0.0124041 0.120682 0.478124 2.46522 1.53036 2.43533 1.01487 2.11057 0.606309 -0.364854 -0.0357489 
1.85173 0.53002 0.168024 0.999125 2.20088 1.66124 2.48932 0.164756 1.19912 0.498794 -0.426457 -0.287571 
1.69321 0.789737 0.0725029 0.00939664 2.12637 1.90541 1.54654 1.05255 0.752539 0.310382 -0.221941 -0.23613 
1.72335 0.820649 0.719998 -0.440977 0.393127 2.2989 1.08526 0.518703 1.11519 0.137392 -0.146793 -0.137726 
1.57727 1.11545 1.52376 -0.548716 -0.180414 2.2034 0.6503 0.107639 1.30917 -0.0185937 -0.0706102 0.027439 
0.693778 0.377531 3.31149 -1.77701 0.234241 1.92615 1.21764 0.326045 1.72823 0.399937 -0.579423 0.0416737 
0.257188 0.0966549 3.70683 -1.43727 0.0673195 2.065 1.57149 1.34088 1.81987 0.386465 -0.646713 -0.0255833 
0.0995155 -0.444289 4.18193 -1.04699 0.629267 1.75231 1.56087 0.782025 1.9578 0.344465 -0.531787 0.0422466 
-0.05771 -0.243489 3.5606 -1.16667 0.431591 1.58329 2.14113 0.478036 1.63346 -0.261125 -0.443054 0.125494 
-0.0169391 -0.0290752 3.89298 -0.701926 -0.729683 0.993865 2.59552 1.42211 1.01772 0.207765 -0.160669 0.037682 
-0.0598234 -0.243394 4.05006 -0.0285445 -1.54194 0.944375 2.74695 0.180414 1.38063 0.246039 0.212038 0.205859 
-0.243166 0.0950994 4.05997 -0.285977 -1.20445 2.10545 2.68999 0.326913 2.02556 -0.0871964 -0.0431835 0.281573 
-0.191352 -0.0625543 4.01324 -0.511713 0.0482714 2.26867 2.41131 0.512281 1.46073 -0.221443 -0.249126 0.391605 
-0.153793 -0.609812 3.75661 0.337804 0.287515 1.9296 0.923616 0.138645 1.11832 -0.182987 -0.270668 0.325834 
-0.169502 0.01611 4.00668 -0.225829 -0.895023 2.33784 1.88085 0.79408 1.33245 0.00149332 -0.485597 0.180743 
-0.195453 -0.000379141 4.1857 -0.331157 -0.292733 2.1052 2.01841 0.483584 1.06912 0.0494483 -0.529995 0.241652 
-0.0527687 -0.0669409 4.56474 -0.260392 -0.393067 1.85726 1.85512 0.151133 1.86038 0.495125 -0.517012 0.297631 
-0.0309774 -0.111663 4.5288 -0.467521 -0.931365 2.48031 1.85346 0.0596755 1.52711 0.49627 -0.48438 0.18659 
0.0593003 0.142628 4.11242 -0.622369 0.0833243 2.0431 2.34866 0.832238 1.3662 0.619896 -0.0609691 0.037338 
0.19576 -0.276389 3.88258 -0.259189 -0.0970552 1.60844 3.29416 0.029432 1.48 0.838472 -0.205272 0.064937 
0.220115 0.0167717 4.02898 0.465665 -0.0765967 1.83563 3.66748 -0.0723361 0.571726 1.12765 0.0449629 -0.12354 
0.175367 -0.219515 3.81626 0.737839 -0.137169 2.51283 3.60512 -0.279572 0.488596 0.492927 0.0629844 0.134297 
0.19113 -0.0276549 4.03401 0.458492 0.0427508 1.99031 3.28766 0.549976 1.35651 0.443076 -0.15341 0.330969 
0.293635 0.0795526 4.17743 0.116167 -0.285788 1.52879 2.61781 0.716698 1.59506 0.825843 -0.148548 0.221648 
0.34678 0.0718408 3.78537 0.321025 0.0745827 1.69444 1.63576 0.394317 2.23191 0.617206 -0.0347714 0.171387 
0.562581 0.202445 3.55667 -0.146274 0.536477 1.75847 1.63129 0.613126 2.20705 0.773311 -0.0883445 0.24148 
0.599832 -0.0625995 3.70985 0.229617 0.867251 1.4447 1.98187 -0.0266726 1.80139 0.803402 0.283407 0.259508 
0.610375 0.189825 3.66804 0.897594 -0.134058 1.50771 2.45537 0.016345 1.34871 0.676134 0.142867 0.171352 
0.517511 0.235648 4.1729 0.889932 -0.0348644 1.86717 2.02489 0.146449 1.12765 0.554941 -0.120096 0.246518 
0.577869 0.119057 4.24261 0.00247403 -0.647545 1.93444 1.82854 0.439549 0.576228 0.362855 0.0236615 0.0164476 
0.718039 0.55417 3.92329 0.319479 -0.628301 2.20234 1.53176 0.471148 1.19893 0.394898 0.374004 0.122871 
0.694209 0.372833 3.45415 0.616084 -0.517709 2.33529 1.40911 0.0221372 1.69547 0.309136 0.181865 0.267821 
0.605161 -0.0926354 3.60451 0.60175 -0.193368 1.30046 1.51037 -0.195179 1.91446 0.275032 0.0319524 0.346079 
0.573354 0.219263 3.48988 0.609972 -0.0611086 1.97035 1.63203 -0.995872 2.56855 0.424868 0.00929145 0.332155 
0.692341 0.594345 3.55393 0.544756 -0.115125 1.56658 1.25567 -0.21504 2.02988 0.805548 0.237884 0.292907 
0.746738 0.575231 3.55424 0.337354 0.443932 1.80031 0.661804 -0.407899 1.26843 0.548546 -0.0461108 0.245954 
0.767231 0.369775 3.01114 -0.26064 0.0843381 1.27514 1.24233 -1.26288 0.541183 -0.0278807 -0.348538 0.119797 
0.847401 0.558127 3.10792 0.439254 0.403708 1.73312 2.01071 -0.100694 1.11011 -0.0928174 -0.263615 0.2577 
0.715681 0.353116 3.70939 1.40099 0.233137 1.42857 1.73787 -0.0892172 1.60726 0.215756 0.0447109 0.343221 
0.795118 0.5854 3.20867 1.23541 -0.479187 1.16187 1.36859 -0.53277 1.2215 -0.107382 -0.207277 0.315823 
0.836796 0.734722 2.74037 0.833384 -0.287647 1.27598 1.18333 0.430148 1.13457 0.464734 -0.209872 0.158987 
0.771598 0.674746 3.0835 0.164922 0.353386 1.56923 1.5481 0.865275 1.33541 0.915536 -0.144253 0.0955619 
0.739262 0.664643 2.59949 0.926314 1.2338 1.07958 1.40404 0.769091 1.47126 0.34203 0.354312 0.159502 
0.673643 0.637306 2.51256 0.677824 0.821296 1.63741 1.79793 0.111566 1.65504 0.258061 -0.461553 0.263571 
0.793639 1.16162 2.60201 0.17189 0.221674 0.88957 1.47459 -0.187216 1.96643 0.661877 -0.212715 0.326808 
