0.247449 0.00375914 2.71998 1.82336 0.223613 -0.208057 2.53413 1.01585 0.194339 0.432056 0.576691 0.00181495 
0.127127 -0.286026 2.85926 2.26316 0.157379 -0.582905 2.49192 0.680034 0.125976 0.292565 0.530816 0.014057 
-0.0763648 -0.88825 3.40297 2.68491 0.0163455 -0.249691 2.55473 0.707242 0.208356 0.432567 0.646847 -0.0205057 
-0.0423605 -1.07182 2.99107 3.45111 1.99267 0.787693 2.78365 -0.569054 0.239833 1.42569 0.531958 -0.00537126 
-0.0567398 -1.22075 3.05236 3.54184 1.60824 1.03592 2.58173 -0.79992 0.675814 0.918573 0.861732 -0.0834212 
-0.32429 -1.39068 3.09829 2.91984 0.846563 0.906363 2.42736 -0.467275 0.647109 0.512599 0.623443 -0.0377393 
-0.471934 -1.1236 3.16926 1.96044 1.01059 0.763771 2.09961 -0.180257 0.177876 0.782403 0.369364 -0.287176 
-0.695639 -1.11891 3.54861 1.25839 -0.31384 0.994488 2.99064 -0.478059 0.003711 0.884695 -0.0200652 -0.0765685 
-0.885832 -1.06677 4.24885 2.01616 -0.712249 0.432158 2.13776 0.357377 0.393293 0.282237 0.18347 0.0694796 
-0.806368 -1.04546 4.23054 2.00505 0.677746 -0.152474 2.49389 1.13155 0.209658 0.222634 0.453031 0.0447236 
-0.735608 -0.609637 4.02984 0.425091 -0.41564 -0.921536 2.34376 0.887522 0.492204 0.408499 0.694872 -0.0102383 
-0.589882 -1.1259 3.24902 0.67542 -0.731229 0.144491 1.77044 1.31227 0.427082 0.528483 0.136198 -0.0168205 
-0.524464 -1.31054 2.97893 0.583343 -1.15315 0.478936 1.50341 1.02168 0.924327 0.502609 0.651324 -0.193567 
-0.857729 -1.29927 3.48912 0.7965 -0.373274 1.60558 0.974506 0.331137 0.82678 0.202454 0.654944 -0.232724 
-0.994586 -1.23198 2.871 0.872853 0.0117977 0.640585 0.717419 0.583181 0.279255 -0.0316432 0.53913 -0.151628 
-0.998444 -0.85904 2.90398 0.376019 -0.780743 -0.998051 1.84028 0.916815 0.466035 -0.115021 0.432684 0.0113521 
-0.907199 -0.943914 3.6748 0.203399 -1.06777 -1.08684 2.19915 1.22919 0.819466 0.19643 0.775107 0.143852 
-0.788371 -1.3477 3.21769 0.273929 -0.672569 -0.352789 2.1934 0.935188 1.22067 0.160131 0.361363 0.29499 
-0.888804 -1.6738 2.93969 0.383383 -1.66924 0.181227 1.81624 0.719628 1.46836 0.793065 0.00185205 0.10931 
-1.0851 -1.08789 2.90895 -0.00636903 -1.64866 -0.402042 2.00054 1.36145 1.138 0.98983 0.0969702 -0.0629416 
-0.948499 -1.12281 2.58248 -0.176994 -1.75232 0.0892905 1.65808 1.49124 1.00389 1.3099 0.248424 -0.214391 
-0.973301 -1.03008 1.87165 0.0435668 -1.73541 0.366943 1.88337 0.440314 1.43028 1.12693 0.213238 -0.284621 
-0.683071 -0.958275 2.10786 -0.173627 -1.02352 0.31695 1.91866 0.81759 1.13104 1.30742 -0.211535 -0.113877 
-0.321439 -1.10488 1.73245 -0.547439 -1.18483 0.287731 1.57579 0.944703 1.42926 1.3366 -0.265798 -0.0838245 
-0.144637 -0.652722 2.29707 -0.589223 -1.43406 -0.691707 1.61444 1.58178 1.13949 0.955918 -0.281757 -0.216193 
0.174407 -0.388998 2.73089 0.55155 -1.0179 -0.549083 2.16076 1.15997 1.11315 0.454611 -0.0618052 -0.289362 
1.15931 0.00191128 1.98468 -0.0290992 -0.263163 1.15458 1.71135 0.54038 0.675239 0.92373 -0.142253 -0.551113 
1.90706 -0.185161 1.09073 -0.59123 0.506919 1.06248 1.91957 -0.191658 0.572346 1.55843 -0.256098 -0.649498 
1.93036 0.0830368 0.871722 -0.245515 0.565333 0.849641 1.74543 -0.252146 0.940355 1.22074 -0.446373 -0.60842 
2.13317 -0.340911 -0.595421 0.353011 1.11749 0.82864 1.25769 -0.132348 1.85516 0.927351 -0.373419 -0.631448 
2.31193 -0.728762 -1.45294 0.506783 1.56109 1.29284 1.13449 -0.25749 1.82938 0.69248 -0.511567 -0.662319 
2.39651 -0.672866 -1.7156 0.22125 1.44357 1.66442 0.968913 -0.228387 1.82 0.625303 -0.647687 -0.743335 
2.38214 -0.813233 -1.29924 0.424832 1.94031 1.07957 0.638923 0.634409 1.77705 0.449315 -0.82965 -0.756117 
2.37712 -0.438919 -1.08014 0.186712 1.72462 1.50744 0.20114 1.63012 1.55275 0.083722 -0.803172 -0.68519 
2.1974 -0.138186 -0.367449 0.114214 0.449152 2.06272 2.12971 0.938401 1.19934 0.0349814 -0.779545 -0.547709 
2.12005 -0.238527 -0.177337 -0.24602 1.07923 2.24943 2.14279 0.981968 1.06644 0.0678169 -0.6712 -0.48502 
2.15388 -0.640493 -0.0778339 0.249318 1.27421 1.47377 1.72098 0.618655 1.16282 0.802477 -0.37141 -0.58447 
2.00044 -0.879567 -0.523781 0.420543 1.73928 1.34288 2.00612 0.780097 1.33532 0.481497 -0.407883 -0.376752 
1.82001 -0.619522 -0.0717035 -0.314823 2.10558 1.57909 2.18421 0.946741 1.04804 0.00594238 -0.554077 -0.206753 
2.08758 -0.260606 -0.0307957 -0.972847 1.92679 2.08657 1.76163 0.980624 1.61651 -0.0512269 -0.678794 -0.202942 
2.01712 -0.0429764 -0.00999925 -0.353031 1.47355 2.21841 2.0281 1.30612 2.03612 0.189032 -0.48284 -0.189297 
2.05513 0.0932688 0.114471 0.500704 1.82555 1.96714 1.93283 0.874498 1.3213 0.686474 -0.199248 -0.256354 
1.99141 0.346109 0.741717 0.154978 1.49462 1.89227 2.00554 0.977907 1.15842 1.03788 -0.309535 -0.431084 
2.01955 0.0317524 0.557218 0.191191 1.49258 1.93301 2.06679 1.04625 1.50603 1.17833 -0.147308 -0.365222 
1.93556 0.181364 -0.157895 0.284737 1.24477 1.77655 2.85007 1.39081 2.49996 0.678877 -0.061409 -0.117345 
1.78114 0.188726 0.577614 0.58396 1.61255 1.99308 1.99058 1.99228 1.86492 0.671466 -0.232183 -0.186814 
1.92573 0.233156 0.774967 0.919699 1.51747 1.80683 2.35428 1.84979 1.09106 0.156217 -0.306842 -0.111835 
1.91894 -0.0224715 0.296096 0.421126 2.13166 1.95265 1.6198 1.95697 1.50264 0.794221 -0.010851 -0.206145 
1.84471 -0.12357 -0.0531688 0.331842 2.37119 2.52329 1.81493 1.27877 1.98014 0.94156 -0.0830872 -0.229109 
1.83348 0.13497 0.0891561 -0.111412 2.49186 2.51188 2.04239 0.857452 1.48648 0.827823 0.0759154 -0.0470403 
1.85004 0.243777 0.227015 0.516934 1.68859 2.42202 2.28025 1.23986 1.97489 0.382021 -0.126423 -0.00379915 
1.87426 0.525043 -0.140005 0.620576 1.69848 1.71398 1.83985 1.21056 1.85036 0.741555 -0.0320256 -0.230772 
1.75949 0.723633 -0.194646 0.838067 2.71049 2.08954 1.98166 0.522843 1.16228 0.405541 -0.369798 -0.264425 
1.77207 0.673661 0.849301 0.883422 1.57463 1.70881 1.95013 0.791189 1.266 0.79091 -0.633559 -0.407235 
1.40982 0.348988 2.19849 -0.275773 -0.285417 1.10051 1.25122 -0.329194 1.09179 1.2265 -0.168836 -0.0785115 
0.592638 -0.0102473 3.07334 0.240492 -0.582017 1.69991 2.03759 0.849782 0.764717 0.725359 -0.662988 -0.180386 
0.337978 -0.181705 3.63694 0.129844 -0.807191 0.670969 2.26011 1.83184 0.999246 0.713736 -0.437868 -0.134756 
0.314185 -0.210928 2.88714 -0.0183854 0.22036 0.926825 2.69348 0.910762 0.912875 0.833518 -0.562324 -0.249341 
0.0578425 -0.187365 2.98595 0.247169 0.0119968 1.67661 3.03911 1.07756 0.0703695 0.0226718 -0.585316 -0.0833388 
-0.0209287 -0.45931 3.11642 0.319473 -1.39145 1.30742 2.9891 0.611545 0.53618 -0.236029 -0.554327 -0.146293 
-0.0731522 -0.299973 2.91676 0.943743 -0.931618 1.65939 2.45301 1.32488 1.3974 -0.340509 -0.271573 -0.0301365 
-0.159895 -0.255841 3.04577 0.554727 -0.456158 1.6336 2.54575 1.7734 1.00745 0.33674 -0.321052 -0.209231 
-0.216893 -0.328227 3.18454 1.03797 -1.09105 1.36038 3.09709 1.98343 1.4934 0.12297 -0.294725 -0.271488 
-0.215699 -0.301463 3.12154 0.631651 -0.835153 1.45332 3.15056 1.30064 0.790138 0.421596 -0.480093 -0.393791 
0.0293661 -0.515917 3.29052 0.843833 0.108713 0.555112 4.0229 0.727739 0.56979 0.876304 -0.457145 -0.282223 
-0.0639879 -0.633133 2.83015 0.952931 -0.100335 0.515967 3.51582 0.778705 1.07009 0.120336 -0.45702 -0.247277 
-0.108955 -0.392485 2.85387 1.25678 -1.01429 0.41184 2.87313 1.17585 1.64974 0.160661 -0.323487 -0.366857 
-0.0513543 -0.583058 2.58443 2.15429 -0.538905 1.07513 2.836 1.66114 0.952728 0.252706 -0.146687 -0.141981 
-0.112767 -0.310382 2.49858 1.58691 0.00471227 1.32125 2.71516 1.44574 0.464202 0.492952 0.0970847 -0.201723 
-0.0116466 -0.293495 3.08102 1.17558 -0.954325 0.803368 3.13911 1.01275 0.746388 0.406525 0.239664 -0.190103 
0.0409534 -0.166458 2.88919 1.86952 -0.738854 0.209704 3.04672 1.45059 0.452197 0.722167 0.428397 -0.195038 
-0.00628385 -0.0494467 3.13032 1.87534 -0.552853 0.62697 3.90634 1.21875 0.055522 0.750902 0.240318 0.0105122 
0.148451 -0.0900768 2.95229 2.31718 -1.46277 0.0509969 4.07263 1.44972 0.162675 0.749828 0.285134 -0.132177 
0.182088 -0.303866 3.11073 1.97804 -0.764753 -0.248532 3.39937 1.78914 0.516536 0.287174 0.40245 -0.0729122 
0.218157 -0.661387 3.84058 1.98905 -1.00985 0.539364 3.76478 1.19851 -0.157359 0.696453 0.490925 -0.102429 
0.283478 -0.423373 3.96177 2.03218 -1.18204 0.390787 3.3326 1.67701 0.474953 0.806071 0.592946 0.0127449 
0.382139 -0.0161006 3.51263 2.29509 -0.621028 0.294176 3.31781 1.34202 0.903531 0.476096 0.552164 0.212481 
0.555279 -0.0176459 3.30747 2.37215 -0.616567 0.627687 3.6064 1.12159 0.459403 0.6538 0.503611 0.0817095 
0.624411 0.0852738 3.11272 2.94747 0.0265995 1.14451 3.21141 1.3138 0.175248 0.568788 0.574301 0.131962 
0.723104 0.193412 2.55641 2.19812 0.145222 0.667217 3.95849 1.58209 0.691713 0.545325 0.413445 0.107017 
0.826831 0.0524441 2.78023 1.28477 0.155662 0.223226 3.34282 1.34489 1.39131 0.121307 0.54674 0.263058 
0.639751 0.425171 2.66155 1.64066 -0.212936 0.941595 2.55547 1.01506 1.69241 1.09488 0.536674 -0.0228617 
0.689265 0.556805 2.92133 1.96145 -0.250865 1.31538 2.8438 0.483844 1.05871 0.990185 0.805013 -0.0847394 
0.804883 0.228091 2.8719 2.28461 -0.151558 -0.00428602 3.37458 0.767938 0.92448 0.887903 0.61082 0.0352626 
0.731817 0.473532 2.60899 1.10526 -0.591475 0.0134542 2.81915 1.37316 0.448651 0.636888 0.413286 -0.0934984 
0.752653 0.368055 2.5304 1.37118 -0.301033 1.07008 2.82625 1.58733 0.275903 0.637831 0.433818 -0.0992063 
0.721781 0.192796 2.96677 0.754225 -0.299823 0.956701 3.1054 1.21007 0.848568 1.11863 0.47591 -0.181218 
0.688621 0.305042 2.84218 1.44129 -0.537167 0.54292 2.23802 0.995351 0.747883 0.458611 0.561354 0.0054907 
0.666165 0.41217 2.44797 1.23527 -0.469587 0.706681 2.41616 0.633031 0.398058 0.637418 0.376437 -0.122484 
0.765013 0.393391 2.86725 0.994948 -0.428314 -0.45713 2.37787 1.00093 0.448092 0.575227 0.733615 0.0269047 
0.930274 0.449476 2.50617 1.36874 -0.290739 -0.449455 1.71928 0.748095 0.358676 0.506423 0.881509 0.0743097 
0.807677 0.450531 2.52529 0.8328 -0.512275 0.606621 2.17034 -0.227364 -0.0715274 0.0249584 0.685537 -0.0209416 
0.874509 0.569677 2.16154 1.46571 -0.0915399 1.37226 2.76689 0.460499 0.657596 -0.3081 1.03372 0.0741868 
0.890394 0.704605 2.19023 1.39202 0.138339 0.181814 2.14892 1.05362 1.16689 0.550306 1.18101 0.0587343 
0.890721 0.75196 2.20818 1.24831 0.099942 0.260643 1.13995 1.22184 0.863219 0.433006 0.867677 0.0412646 
1.02323 0.816739 2.059 1.49808 0.689013 -0.1467 2.09528 0.677181 0.520694 1.43929 0.857794 0.0146368 
0.805966 0.923515 2.07629 1.12296 0.633047 0.66089 2.35333 0.384132 0.648332 0.408905 0.535734 0.0149165 
0.747073 1.03237 2.43677 0.802366 0.749007 1.21433 1.97715 0.533051 0.767396 1.09811 0.375261 0.0213694 
0.834555 0.955381 2.46194 0.680676 0.790484 0.498338 2.3556 0.203835 0.988604 1.234 0.519554 0.047488 
0.91067 0.845994 2.35274 1.05456 0.172014 0.189968 1.98694 0.621142 0.58834 0.958533 0.745528 -0.0926898 
0.821332 0.933325 2.59597 1.26378 0.530557 -0.415245 1.42137 1.42318 0.462915 0.501379 0.614129 0.0530382 
0.729724 1.08918 2.09437 0.685987 0.0890023 -1.20009 1.7332 0.699476 0.149967 0.354224 0.17365 0.150667 
0.950058 0.964169 1.9474 0.865213 0.753393 -0.77851 2.13397 -0.0116542 0.126087 0.391241 0.528707 0.155681 
0.885245 1.37567 1.92571 0.971397 0.217134 0.473072 1.3119 0.316919 -0.214001 0.759082 0.743168 -0.0184338 
0.870135 1.28769 2.3661 1.22187 0.607897 0.000831079 0.695709 -0.00764015 0.0901478 0.503104 0.579713 0.045588 
0.865676 1.06074 1.68936 1.14178 1.00251 0.127128 1.16016 0.0371868 0.116089 0.0829654 0.624932 -0.0294869 
0.817063 1.28866 1.24734 0.837193 0.482673 -0.473955 1.95202 0.819504 0.691102 -0.105635 0.490382 -0.0578846 
0.770785 0.995582 1.3 1.30008 0.450197 0.468325 1.85552 0.826713 1.31856 0.642578 0.689089 -0.0181673 
