0.627263 1.03995 1.17644 1.56309 1.41998 1.35531 0.832529 0.135726 1.60379 0.590092 0.473239 -0.0739352 
0.453879 1.01391 1.34861 1.4172 1.07838 0.802087 1.25712 0.315168 -0.376769 0.762923 0.413401 -0.175202 
0.462185 0.886414 1.27676 0.699136 0.874444 -0.218799 0.212928 0.605666 0.974735 0.691524 0.454932 -0.0900953 
0.484695 0.625511 1.39266 0.310487 0.530876 0.490155 0.0913653 0.765696 1.40203 0.540749 -0.000998362 0.157687 
0.562545 0.967377 1.07063 1.5269 0.599762 1.23297 0.799611 0.444287 0.530725 0.197495 0.254016 0.075224 
0.442561 1.24129 1.24829 1.32154 1.40967 1.15521 1.41027 0.619147 0.607703 0.786791 0.327516 0.0461216 
0.471886 1.03701 1.25663 1.63914 1.4921 1.42382 1.81181 1.27128 0.22439 0.239855 0.0782092 0.247516 
0.444255 1.04156 1.80639 1.66488 1.3415 1.55843 1.85305 1.2806 0.349377 0.499543 0.0114754 0.254162 
0.438859 0.880981 1.62102 1.58837 0.888509 1.17493 1.24897 1.16909 0.774895 0.530695 -0.262549 0.224468 
0.356902 0.915092 0.901417 0.82858 1.32419 1.03096 1.58716 1.05413 0.738327 0.151251 -0.285158 0.0809855 
0.497489 0.914287 0.941174 1.12512 1.39574 0.694622 0.614709 1.21987 0.701137 -0.180285 -0.184261 0.0702145 
0.780633 0.701996 0.46674 1.71256 1.95176 0.639656 1.03664 0.490698 0.442277 -0.728898 -0.0566919 0.0115665 
1.16408 1.23716 0.768488 0.988147 2.54328 1.84435 1.19042 0.316818 0.0391448 -0.429232 -0.491634 -0.127992 
1.30945 1.19872 0.531553 1.99332 3.20356 1.32363 1.48069 0.481168 0.0498391 -0.0356201 -0.619605 -0.0777125 
1.55743 0.536051 -0.0443344 2.35614 3.46698 0.564006 1.31316 0.61284 0.221382 -0.443117 -0.622691 -0.0338281 
2.13092 0.459301 -1.15405 1.84158 3.78363 0.152262 1.09176 -0.116391 1.02584 -0.329714 -0.594766 -0.178262 
2.10244 0.807135 -0.811519 2.16221 3.89819 0.676515 1.42902 -0.244753 1.0801 -0.605912 -0.685939 -0.24999 
1.97329 1.30889 -0.409095 1.81806 3.45159 1.72235 1.61135 -0.282386 1.00319 -0.530617 -0.536035 -0.383488 
2.25122 0.944248 -1.46331 1.88948 3.77674 0.419055 1.40856 -0.987789 1.27931 -0.329149 -0.202089 -0.256826 
2.37493 0.682796 -2.01838 1.75784 4.05783 0.391356 1.63415 -0.816734 1.01529 -0.389692 -0.34346 -0.246342 
2.36274 -0.109731 -3.27102 1.4096 4.48329 0.457223 1.49183 -0.621977 1.50511 -0.354697 -0.505191 -0.338608 
2.16898 0.00377323 -3.35762 1.13199 4.55731 0.521029 1.53727 -0.251418 1.26914 -0.384553 -0.756733 -0.315362 
2.30474 0.442258 -2.72783 1.03406 4.43428 0.24096 1.3538 0.45647 0.69054 -0.0945875 -1.00327 -0.205918 
2.24497 0.271014 -2.46218 0.918562 3.93888 0.531146 1.07394 0.746801 0.666592 -0.114377 -0.912349 -0.309897 
2.1688 0.557145 -3.25565 1.06005 4.21604 0.714315 0.939531 0.321694 0.77283 0.130093 -0.908747 -0.301777 
2.12081 0.492662 -3.14483 0.912207 4.56167 0.371546 0.916813 0.199442 0.90244 0.253689 -1.01281 -0.300461 
2.35538 0.0385109 -2.13027 1.46555 4.79532 0.383516 0.750676 0.698142 0.799662 -0.00436665 -1.05433 -0.296303 
2.42408 0.116963 -2.47088 1.48976 5.28717 0.405632 0.711814 0.994113 0.742507 0.192352 -1.2447 -0.296645 
2.32344 0.255052 -2.59003 1.58921 4.99302 0.591824 0.826876 1.02676 1.07353 0.310204 -1.12736 -0.287904 
2.12568 0.256981 -2.51875 1.86258 5.16851 0.555811 0.599761 0.598264 0.983598 0.510476 -0.828555 -0.12185 
2.00214 0.175834 -2.50925 1.61923 5.27288 0.675905 0.663107 0.451901 0.869115 0.595886 -0.569029 0.0136733 
2.26626 0.24578 -2.50828 1.33946 5.02097 1.09582 0.536155 1.56351 0.308656 0.639548 -0.947243 -0.155009 
2.17894 0.0668278 -2.33949 1.23473 5.00266 1.30798 -0.224858 2.06377 0.098436 0.75104 -1.05862 -0.316644 
2.31228 0.261786 -1.61232 1.0413 4.94433 1.80907 -0.374582 2.61477 -0.305103 0.560542 -0.946811 -0.450252 
2.43935 0.0729983 -2.21031 0.775008 5.27765 1.70507 -0.0432312 2.05193 0.122834 0.608693 -1.02492 -0.493451 
2.22581 0.0309781 -1.77226 0.829977 4.80103 1.49034 0.491035 2.21388 0.339901 0.487963 -0.886492 -0.368745 
2.44118 -9.03604e-006 -2.1261 1.01676 5.25428 1.85126 0.434395 1.78229 0.391563 0.579863 -0.805682 -0.368184 
2.07473 0.273332 -1.26747 0.600763 4.63849 1.8191 0.80602 2.23587 0.451091 0.564038 -0.636502 -0.281258 
1.78278 0.265751 -1.24637 0.413124 5.5076 2.27666 -0.561309 1.17985 0.522556 0.986157 0.322318 -0.216483 
1.92552 -0.0587393 -0.926373 0.64112 5.07401 1.94858 -0.632137 1.82258 0.638529 0.744199 0.0719706 -0.235852 
1.94886 -0.149079 -0.909205 0.615352 5.00579 2.09302 -0.0721628 1.47765 0.740132 0.644146 0.0649567 -0.136023 
1.92 0.231356 -0.835795 0.445959 4.84691 2.48409 0.363674 0.998487 0.532012 0.535896 -0.147876 -0.262181 
2.0346 -0.225666 -1.29395 0.334187 4.97569 2.21165 0.817112 1.93272 0.485031 0.70289 -0.368487 -0.366388 
1.86646 -0.557147 -1.7134 0.598439 4.99931 2.55005 0.412682 1.10135 1.24244 0.577325 -0.217017 -0.32703 
2.05389 -0.20757 -1.86668 1.39139 5.3033 1.83593 0.183151 1.20578 0.930772 0.879109 -0.391329 -0.224684 
2.01802 -0.641384 -2.51337 1.37666 5.82903 1.56853 -0.328309 0.445713 1.20277 1.18359 -0.327229 -0.36657 
1.99128 -0.548153 -2.45463 1.13695 5.35281 1.83676 0.469877 0.891733 1.25257 0.828704 -0.44073 -0.311445 
1.81925 0.101062 -1.8754 0.520775 4.44649 1.76211 1.1286 1.09345 1.27272 0.250282 -0.618342 -0.299697 
1.96403 -0.182929 -1.93246 0.930528 4.67363 2.17263 1.11392 1.33222 1.54866 0.836123 -0.246877 -0.209885 
1.69128 -0.378065 -0.302905 0.951362 3.79819 2.7567 1.78691 0.305906 1.75692 0.903436 -0.012378 -0.0382412 
1.76172 -0.123022 -0.346568 0.746313 4.34821 1.73625 1.51831 0.778573 1.83403 0.900981 -0.202057 -0.0752367 
1.69676 -0.124119 -1.24532 0.814061 4.68193 1.86929 1.08675 1.78733 1.63716 0.726115 -0.402728 -0.279082 
1.74992 0.00139854 -0.869841 1.03072 4.07507 2.14972 1.58449 1.41479 1.70028 0.459926 -0.427467 -0.196925 
1.75166 0.291853 -0.333628 1.06512 4.16744 2.37055 1.72549 0.901428 1.56944 0.552912 -0.395637 -0.15343 
1.7965 0.0503467 -0.540701 1.49061 3.92403 2.03709 1.73196 1.20733 1.84399 0.797921 -0.268133 -0.160177 
1.80712 0.0732443 -0.734359 0.996088 4.3646 2.34208 1.31413 1.04831 1.70088 0.948604 0.0400742 -0.0948426 
1.86436 0.465564 -0.294221 1.11684 4.31987 2.84686 0.788726 1.28467 1.13778 0.998956 0.0782566 -0.151431 
1.72002 0.511306 -0.403849 1.23362 3.6535 2.40967 1.89711 1.26751 1.8924 0.842256 -0.256323 -0.193013 
1.80586 0.644148 -0.670607 1.64898 3.69712 1.98479 2.57203 1.1453 1.60329 0.782625 -0.19342 -0.110688 
1.74957 0.661864 -0.416664 1.4799 3.84248 3.00634 1.49197 0.731197 1.62808 0.945455 -0.0489186 -0.179138 
1.67725 0.204417 -0.417421 1.25175 4.11784 2.34266 1.75748 1.25174 1.39538 1.09827 -0.095896 -0.126589 
1.59793 0.442442 0.327657 1.26842 4.03703 2.78477 1.36003 1.15597 1.62458 0.73111 -0.231244 -0.0728804 
1.58166 0.21306 -0.00808177 1.25853 3.42255 3.00679 1.19383 1.24014 1.995 0.933848 -0.0916615 -0.13368 
1.58355 0.179308 0.410698 1.66879 3.71755 2.61218 1.49427 1.01546 1.7574 1.32958 -0.131757 -0.139557 
1.54647 0.0826828 1.00899 1.57295 3.9239 3.00839 0.440201 1.09377 1.9596 1.06455 0.048807 -0.0331788 
1.23878 -0.436065 0.627176 3.0789 2.75018 1.18204 1.65706 1.63582 1.65449 0.346216 0.424259 0.275607 
0.865416 -0.446652 1.76549 3.01772 3.00317 0.639332 0.773995 1.27337 0.479656 -0.21048 0.361512 0.326137 
0.596359 0.0163113 2.0111 3.03378 2.64471 2.00509 1.58953 -0.596739 0.354348 -0.067073 0.575296 0.261848 
0.234876 -0.186921 2.17531 2.95162 2.8049 2.5585 2.14827 -0.55593 0.494949 0.353622 1.14115 0.314448 
-0.0171327 -0.352215 1.42694 2.2932 2.9702 2.47362 2.36916 0.326686 1.0612 -0.127703 1.17815 0.143282 
0.113199 -0.355296 1.15519 2.48367 2.70199 3.37964 2.02117 0.195849 1.3051 -0.254835 0.983512 0.379246 
0.25915 -0.0642705 0.899361 3.32699 2.56377 2.88537 1.6625 -0.295498 1.77199 -0.0710796 0.607578 0.34793 
0.390838 -0.0558285 0.811676 2.59799 2.47995 2.10649 1.91439 0.210486 2.13637 -0.253894 0.355707 0.1435 
0.499156 -0.110249 0.929092 1.74607 3.18619 1.63507 1.89574 0.825353 1.89962 -0.506478 0.40077 0.216506 
0.470532 -0.0767916 1.37206 2.05725 2.06619 1.86769 2.21852 0.917699 1.18725 0.0632404 0.756921 0.0277173 
0.522511 0.147581 0.940163 2.4326 1.1859 2.50148 2.70236 0.0482125 1.49045 -0.0903607 0.660349 -0.0361058 
0.455301 -0.170495 1.26094 2.31942 1.82862 1.82857 1.88914 0.813398 1.46149 0.146783 0.518528 -0.0665058 
0.63495 -0.0849508 1.10168 1.90278 2.13604 1.78142 1.95266 0.902032 1.40812 0.13389 0.0976112 0.0934281 
0.847417 0.00950068 1.58476 1.4052 1.28005 1.6114 2.46849 0.423021 0.747644 0.093759 0.488874 0.0458356 
0.906657 -0.103092 1.8482 0.699032 1.84514 1.62971 2.03357 1.14972 1.88974 0.310029 0.437391 0.13976 
0.884055 -0.0609751 1.55014 1.32641 1.66922 1.14214 1.8732 1.19557 2.58079 0.342158 0.138584 0.0920384 
0.91855 -0.0898255 1.50585 1.32163 1.95734 1.435 2.25408 1.54547 1.64691 0.650394 0.323285 0.0428146 
0.816068 -0.0706936 1.44389 1.54932 1.16287 1.91065 2.10678 1.62401 1.84803 0.638212 0.557718 -0.0746357 
0.802982 0.0188857 1.1689 2.12027 1.00209 2.17781 2.70529 0.563174 1.7961 0.532097 0.816032 -0.0985128 
0.757381 0.0786419 1.29757 1.91731 1.56771 2.04381 2.03289 0.75863 1.41166 0.105431 0.743304 0.0709851 
0.793566 0.410419 1.94665 1.33784 2.14122 1.26617 1.99039 1.38871 1.72734 0.44786 0.33833 0.20975 
0.740956 0.711255 1.97841 1.25489 1.93948 1.31561 1.85314 0.677014 1.66111 0.418886 0.859687 0.110421 
0.744886 0.798676 1.35353 1.35736 1.46352 1.56462 1.54201 0.277005 1.16701 -0.171071 0.589758 -0.0280486 
0.853689 0.554244 1.41623 1.64915 0.720674 2.16353 2.12692 0.676561 1.63668 -0.292038 0.698793 0.125754 
0.791155 0.546302 1.46871 2.2307 1.705 1.53064 1.33838 0.463058 1.5934 0.0725715 1.04259 0.0336522 
0.969849 0.541899 1.27637 1.96206 2.01371 0.820896 2.02256 0.981271 1.05656 0.116026 0.277397 0.14416 
0.982219 0.74375 1.67676 1.67828 2.18054 0.847272 2.28227 1.8163 1.62916 -0.106719 -0.213611 0.311578 
0.768632 0.687257 2.06919 0.955556 2.52716 1.5555 2.89195 1.11177 0.525755 0.406304 0.52885 0.260296 
0.766259 0.797961 1.63171 1.00368 1.69339 2.34433 2.66943 1.24809 0.791348 0.65829 0.548466 0.119367 
0.943725 0.531324 1.34722 1.43408 0.942577 2.77404 2.36228 0.918058 2.33243 -0.04196 0.147755 0.212803 
1.00389 0.746523 1.56051 1.5228 2.09243 1.36068 2.4409 1.41467 1.57015 0.376288 0.0146584 0.225035 
0.944692 0.869973 2.00182 1.50894 1.73831 0.949008 2.15667 1.37047 1.59141 0.861534 0.318392 0.193354 
0.863428 0.518684 1.65802 1.42611 2.00894 1.2941 2.41664 1.22975 1.97292 0.868683 -0.0362323 0.176522 
0.814113 0.93738 1.61203 1.28436 1.51461 1.55024 1.76038 0.895331 1.83256 0.465597 0.425359 0.145429 
0.843324 0.750958 1.54434 2.07515 2.093 0.854113 2.10117 0.930391 1.84381 0.725135 0.37795 0.181034 
0.941373 1.01204 1.71482 1.91563 1.89355 0.369359 2.12464 1.08897 1.34587 1.23504 0.559557 0.169669 
0.97167 0.899027 2.44068 1.38345 1.74525 0.375186 1.54785 1.10215 1.89149 0.675951 -0.0975994 0.293822 
0.825723 0.721218 1.87489 1.3747 1.30569 0.882207 1.55303 1.14905 1.22085 0.441804 0.0399115 0.178794 
0.903901 0.453721 1.45087 1.13308 1.19681 1.33679 2.39856 1.93452 1.85646 0.456927 0.0201164 0.0654778 
1.04811 0.826905 1.48788 1.06471 1.72916 1.69798 1.84955 1.01916 2.37425 0.749378 0.0707117 0.156371 
0.953619 1.1544 1.7323 1.34299 1.84922 1.01999 1.44995 1.72129 1.80403 0.34462 0.500216 0.197051 
0.893118 1.12631 1.54383 1.26733 1.4658 1.18068 1.61488 0.93943 1.69944 0.419789 0.362609 0.109365 
0.865861 1.32024 1.67021 0.90907 1.6406 1.40815 1.5821 1.62693 1.01722 0.706382 0.0245225 0.139963 
0.921946 1.31558 1.77855 1.36939 1.27886 0.645531 1.66926 0.992133 0.597186 0.819677 0.113127 0.121571 
0.942973 1.3745 1.66356 1.00688 0.880441 0.419312 2.05732 0.644842 0.846199 0.632479 0.0528957 0.0989317 
0.822157 1.06292 2.12787 0.925622 1.36942 1.22397 2.11771 2.41196 1.13065 0.381807 -0.132376 0.192772 
0.726112 1.19787 2.27862 0.852988 1.11922 0.726326 2.02385 1.85376 1.04537 0.339106 0.377908 0.113209 
0.77351 1.19605 1.31043 1.6696 0.857588 1.18729 1.75328 1.60154 1.52382 0.3825 -0.0455705 0.120092 
0.801626 0.815266 1.5704 1.16276 0.997059 0.369791 0.503606 0.672675 0.775203 -0.0719757 0.334997 0.0578798 
0.900642 1.00923 1.71031 0.71554 1.19548 -0.264432 1.49572 0.532473 0.3258 -0.268111 0.17112 0.018292 
0.937022 1.13518 1.44451 0.39015 0.994659 0.10416 2.01392 0.430883 -0.63304 0.498657 0.121283 0.0600162 
0.842428 1.01718 1.06173 1.46218 1.36254 1.1176 2.45826 0.273118 -0.346748 0.469743 0.290805 0.00868372 
0.925143 1.11658 1.05143 0.921475 1.20642 0.77241 1.41467 0.255438 0.795213 0.531939 0.188652 0.0370743 
0.77885 1.23076 1.46098 0.0153236 1.46357 0.719752 0.987768 0.644606 0.511808 0.246836 -0.126149 0.141145 
