0.435558 0.879497 0.906073 0.857337 1.00329 0.311663 0.57458 -0.284072 1.49884 -0.113264 0.471585 -0.0294075 
0.473657 1.07397 0.821502 1.40312 0.888804 0.103214 1.41223 -0.0784186 1.20225 0.207663 0.33188 -0.140641 
0.495487 1.001 0.944129 1.47831 1.46649 0.675133 1.57714 0.494967 1.22065 0.209187 0.502912 -0.124976 
0.444759 0.888439 0.974713 1.61864 1.04461 0.689113 1.17087 0.48628 0.879327 0.404547 0.620558 -0.176146 
0.532923 0.855619 1.47529 1.0773 -0.204926 0.515525 0.934014 -0.705473 0.800009 0.138242 0.465002 -0.120742 
0.534689 0.998053 1.07133 1.00324 0.548068 0.160391 0.684875 -0.26067 1.32817 -0.181109 0.760678 -0.14695 
0.441111 0.648536 1.2259 1.52606 1.17117 1.29346 0.236955 0.119112 1.33248 0.0558088 0.343856 -0.0858251 
0.39999 1.09783 1.21879 1.56348 0.529303 0.122264 1.65345 0.743822 0.979172 0.771792 0.281721 -0.102393 
0.416847 1.46915 1.29808 1.32607 0.249217 0.0573673 1.7401 0.323579 1.11257 0.22368 0.359515 -0.020068 
0.49439 1.36338 0.8631 0.827413 0.506523 1.09075 1.18049 0.353069 0.753158 -0.608837 -0.088167 -0.0692406 
0.482129 1.07866 0.361073 1.11896 0.955299 0.79473 0.630556 0.779382 1.27136 -0.0113082 -0.0162072 -0.15596 
0.427952 0.905779 0.651756 1.32859 1.60163 0.891356 1.18926 -0.066632 1.04024 -0.34153 0.123584 0.0241453 
0.438112 0.979977 0.940767 1.07869 0.967566 0.841131 1.32674 0.449747 0.746633 0.349895 0.474344 -0.0277457 
0.487036 0.877295 0.760151 0.972409 1.1599 0.471271 1.40149 -0.0502972 1.03129 0.324353 0.562038 -0.241968 
0.430572 0.767839 1.0418 1.56134 1.24253 0.305032 1.92473 -0.0301247 1.03844 0.150309 0.351287 -0.16473 
0.560116 1.0614 1.00865 1.14091 1.71122 -0.0952473 0.432458 -0.308236 0.427928 -0.229938 0.572724 -0.0166645 
0.34176 1.05853 0.666751 0.469159 1.03163 0.0879591 0.987472 0.315572 0.463345 -0.2906 0.355058 -0.21728 
0.334811 0.978062 0.985485 0.4717 0.866368 0.247264 1.44497 1.22477 0.230471 -0.294131 0.379237 -0.291605 
0.405398 0.652959 1.08506 0.810053 1.12627 0.207903 1.00169 1.46069 0.664316 -0.374269 0.435396 -0.213245 
0.46868 0.929785 1.25108 0.944518 1.0211 -0.038567 0.660776 0.335835 1.26348 0.348892 -0.040039 0.121878 
0.476169 1.22554 1.05286 0.721376 0.872022 0.603357 1.57834 0.56392 0.888653 1.06201 -0.289549 0.2181 
0.496471 1.23289 0.694218 0.599813 1.04982 0.0326904 1.6558 1.78947 0.125905 0.272434 0.047579 0.12151 
0.531236 1.33685 0.627862 0.887956 1.04993 -0.0850565 0.513082 1.28864 0.467012 0.40768 0.576957 -0.0881549 
0.424826 0.964029 0.592613 0.360541 0.706875 0.547596 0.944108 0.259545 0.49119 0.411167 0.789236 -0.24334 
0.517355 1.09409 1.13134 0.899146 0.934841 1.02021 2.05785 0.409144 0.564655 0.441498 0.265572 0.0565992 
0.622647 1.20104 1.3811 2.00309 2.00113 1.14161 2.03925 1.43099 0.27599 0.8673 0.730925 0.0514938 
0.777079 1.53286 1.63596 1.50434 2.33064 1.31352 0.784874 1.22396 0.663066 1.25666 0.829585 0.0369061 
0.944527 1.77981 2.14053 1.5648 1.96718 1.95038 1.74153 0.832335 1.25726 1.13613 0.00827434 0.281948 
1.41477 2.3815 2.89356 2.12565 1.84831 1.58305 2.31872 1.36898 1.25799 0.50875 -0.0974168 0.0656839 
1.75817 2.57029 2.72429 2.49872 1.6947 1.02282 0.7824 1.21214 2.29869 0.287014 -0.0126565 0.0282019 
1.84022 2.68989 2.50562 2.50075 1.412 0.556308 0.482575 1.2502 2.38748 0.941813 -0.0789651 -0.00110985 
1.8885 2.68796 2.46467 2.64697 2.04892 0.612693 -0.0104615 1.40567 2.36889 0.547348 -0.100365 -0.0500964 
1.98028 2.55562 2.49318 2.7242 2.95049 0.611246 -0.673255 1.43249 2.02884 0.299056 -0.258223 -0.163165 
2.11968 2.45114 2.29975 1.9635 1.76752 0.134003 0.29808 1.53953 2.70174 0.792519 -0.0488022 -0.109203 
1.95916 2.40421 2.43586 2.12355 1.8168 0.118379 0.240475 1.75293 2.50292 0.782252 -0.176368 -0.089897 
1.92575 2.44014 2.19355 1.77072 1.40529 0.21096 0.539397 1.43151 2.43189 1.0042 -0.122915 -0.13317 
2.03341 2.32396 2.11414 1.66421 1.56611 -0.417983 0.239473 1.70503 2.34711 1.08779 -0.112916 -0.135218 
2.17392 1.98384 2.19957 2.06839 1.81713 -1.03481 0.348886 2.28082 1.95798 1.12983 -0.175985 -0.0903258 
2.07353 1.99433 1.35505 2.53003 1.82652 0.0450533 1.06488 1.99277 1.7757 0.641766 -0.289813 -0.155586 
1.96717 1.80307 1.49729 1.49283 2.0959 -0.422386 1.27209 1.69335 1.78682 0.778781 -0.284306 -0.113263 
2.00004 1.3129 1.70109 1.19623 1.89953 -0.453362 1.39571 1.30025 1.35206 0.196987 -0.23879 0.0348878 
1.93601 1.24934 1.72607 2.06083 1.43074 -1.15175 1.7704 1.73849 0.914919 0.451743 -0.174126 -0.0415342 
1.68409 1.34055 1.61376 2.82713 2.07507 -0.937769 2.25144 1.3696 0.978694 -0.0411494 -0.267643 0.0845782 
1.58213 1.39384 1.62629 2.76624 1.95642 -1.24951 1.13863 1.74289 1.21897 0.363681 -0.117906 0.235325 
1.35832 1.55455 2.36774 2.44079 2.75087 -0.144984 1.4511 2.19656 0.584961 0.160744 -0.039721 0.213813 
1.28759 1.30738 2.70993 2.81827 2.77306 0.363153 1.23651 1.05204 1.12937 0.444268 -0.0325307 0.182532 
0.957607 1.24026 2.82908 3.17795 2.70278 -0.284604 2.10599 1.14223 0.295606 -0.550547 1.11338 0.188146 
1.10515 1.14057 2.75563 2.2655 2.4511 -0.084606 1.19937 1.78243 0.362007 -0.619576 1.06974 0.262371 
0.996673 1.43901 2.36907 2.62722 2.48761 -0.215061 1.91141 1.27986 0.458124 -0.402849 0.621863 0.196186 
1.05512 1.21079 2.30562 1.78305 2.44398 0.0693777 1.36394 1.45339 0.406373 -0.157804 0.254791 0.123862 
1.0007 0.955353 1.98849 1.98444 1.86706 -0.0377566 0.972934 1.48915 0.0412793 -0.319191 0.542354 0.0209651 
0.827304 0.657621 1.89899 1.61353 1.99447 -0.599329 0.777216 1.52681 0.0392732 0.0795299 0.877196 -0.162105 
0.769412 0.793331 2.32091 1.88792 1.99176 -0.0369019 1.85429 1.55119 0.0532075 -0.348568 1.08126 0.0336004 
0.819661 1.11719 2.03756 0.802083 2.34882 0.13026 1.92693 2.00084 0.132567 0.00904591 1.06429 -0.00438338 
0.820695 1.06098 1.87899 0.872262 3.01663 -0.232661 1.79967 1.72709 0.226115 0.430104 0.405313 0.104634 
0.999747 0.820802 1.92551 0.835369 1.9188 0.0179059 2.29712 1.29751 0.457188 0.201242 0.313762 0.09023 
1.19305 0.402177 1.65455 1.49684 1.10648 -0.40114 2.2024 1.37011 0.430202 0.228306 0.607784 0.0596372 
1.2252 0.349288 2.13245 2.26355 1.15104 0.0827194 1.5225 1.94521 -0.273074 0.289895 0.718817 0.0543545 
1.25225 0.648628 1.87273 1.3742 2.14824 0.707898 1.06136 1.11827 0.447263 0.839354 0.375853 0.0106494 
1.41049 0.900998 1.64199 0.880884 2.1797 0.103197 1.47209 1.10041 1.10738 1.15297 -0.421976 -0.0943801 
1.46462 0.726363 1.72819 0.780208 1.46865 0.711236 0.871408 1.17381 1.38825 0.891915 -0.334929 -0.193095 
1.81309 1.12629 0.920608 0.456452 1.57444 0.0584097 1.73429 1.31792 1.41337 0.682373 -0.33829 -0.22514 
2.00663 1.33218 -0.193229 -0.86596 2.31982 1.12196 2.15894 1.5525 -0.147862 1.07003 -0.140895 -0.165604 
2.10914 0.73269 -0.877458 -0.783589 3.30951 0.789333 1.21199 1.70801 0.679223 0.821509 -0.259816 -0.282047 
2.06972 0.854264 -0.803577 -0.659818 3.34456 0.448837 1.17518 1.53323 1.06939 1.02716 -0.410544 -0.400879 
2.2078 0.803487 -0.914864 -0.85109 3.62263 0.169239 1.57219 1.48664 0.865232 1.25545 -0.528754 -0.367191 
2.23532 0.985728 -1.8666 -0.288821 3.35989 0.662698 1.06868 1.64631 1.18417 1.13663 -0.530399 -0.442106 
2.17027 1.15079 -1.19716 0.247376 2.30458 1.31207 1.77692 1.59784 0.34936 0.881017 -0.187926 -0.259321 
2.29595 0.648157 -1.06985 -0.267032 2.69803 1.10599 1.59602 1.92673 0.383601 0.755913 -0.184155 -0.325749 
2.21416 1.04825 -0.499741 -0.562622 2.80351 0.592167 1.7878 1.97631 0.160569 1.20524 -0.264714 -0.361146 
2.2761 0.839746 -0.841651 -0.831065 2.8821 0.583266 1.40203 1.90325 0.546162 0.971689 -0.275848 -0.368339 
2.22692 0.901292 0.038763 -1.23032 2.94736 0.460596 1.02884 1.99805 0.69336 1.12127 -0.298122 -0.508505 
2.20807 1.01326 -0.348927 -0.978389 2.62658 1.11421 0.847066 1.68783 1.5166 0.487523 -0.301739 -0.429344 
2.15583 1.01665 -0.366721 -1.42281 1.88821 1.63535 1.79949 2.13303 1.53454 0.246539 0.0208202 -0.118668 
1.9476 0.799931 -0.798085 -0.931868 2.55751 2.6376 2.42184 1.51738 2.08292 0.0166606 0.248235 0.0637526 
1.59733 1.00762 -0.0563192 -1.25274 3.62792 1.14972 2.3446 2.44948 0.770405 0.910363 0.0779465 0.00391051 
1.32693 1.24344 -0.266555 -1.14195 2.74056 1.20547 2.83967 1.91866 0.956156 0.32981 0.350081 0.0393492 
1.30578 1.3721 -0.0921669 -0.49759 1.29193 0.784034 3.04617 1.15583 1.39875 -0.170084 0.618155 -0.0516489 
2.24361 1.69626 -0.955353 -1.10938 1.54027 0.0582499 1.87121 0.376628 1.21338 0.394769 0.128278 -0.0137944 
2.4366 1.77424 -0.754302 -0.773534 1.25043 0.632025 0.419514 -0.396336 1.33088 0.513008 0.354579 -0.19563 
2.44178 1.75946 -0.802244 -0.609348 1.524 0.622622 0.14074 -0.774663 1.61008 0.522119 0.39885 -0.248735 
2.52782 1.91093 -1.06984 -0.808368 1.87618 0.390521 -0.209679 -0.6779 1.74739 0.490139 0.260718 -0.372565 
2.43725 2.09309 -0.436494 -0.179742 1.69434 0.141235 -0.429958 -0.699056 1.83806 0.230834 0.150117 -0.383561 
2.31717 2.37649 0.374128 0.0559208 1.64696 0.442218 -0.379407 -0.223196 1.44717 -0.149294 0.0511406 -0.329329 
2.51791 2.37573 0.119285 0.359031 1.91828 0.448454 -0.0579329 -0.873127 1.36233 -0.0362002 0.0413665 -0.308244 
2.36737 2.36312 1.0408 0.8109 1.96105 0.852301 0.176477 -0.515641 0.972691 -0.33118 -0.181492 -0.272687 
2.34652 2.05422 0.575683 1.03298 2.4331 0.997268 0.077754 -0.487579 1.23332 -0.276422 -0.355151 -0.435276 
2.41694 2.04612 0.462921 0.527491 3.14818 0.960789 0.975338 0.330958 1.02674 -0.267503 -0.619837 -0.409982 
2.40202 2.36369 0.563125 0.0904711 2.59515 0.870416 0.477978 0.12564 1.04398 -0.69413 -0.51093 -0.452305 
2.42266 2.50403 0.766035 0.231728 1.88257 0.586753 -0.149044 -0.545734 1.28762 -0.930302 -0.354015 -0.411893 
2.2233 2.35187 0.934846 0.825733 2.03062 0.645063 0.154752 -0.447537 0.766388 -0.911229 -0.351559 -0.330506 
2.35843 2.41211 0.909061 0.376806 2.64221 1.32314 0.895609 0.148411 0.624966 -0.631807 -0.405721 -0.32548 
2.2077 2.15992 1.24943 0.261064 1.49429 0.804701 1.5306 0.283057 0.379782 -0.545588 -0.44222 -0.218137 
1.83399 2.10821 1.20013 0.773619 1.22218 1.14397 1.82105 0.50753 0.342273 -0.400148 -0.285491 -0.16546 
2.27621 2.36291 1.55775 0.464395 1.58143 0.384702 1.9257 -0.0712134 -0.15813 -0.975629 -0.605583 -0.163596 
2.17301 2.18851 2.12224 -0.389316 2.01747 0.717114 0.902659 0.436688 -0.696047 -0.460038 -0.338105 -0.148187 
1.85198 1.90686 1.20749 0.355063 1.73628 1.10109 1.01771 0.703957 0.403373 0.000892496 -0.120556 -0.122708 
2.09617 1.9074 0.723396 0.135392 2.48998 0.536116 0.665303 -0.295294 1.10181 -0.249074 -0.204659 -0.179071 
2.06501 1.6791 1.17991 0.222317 1.90718 0.299964 0.674433 -1.036 0.877054 0.119225 -0.234738 -0.123786 
2.04851 1.70347 1.17524 -0.0716237 1.19649 -0.0269035 1.67585 0.661845 0.181576 -0.550889 -0.487716 -0.152802 
2.03089 1.82045 1.03255 0.329275 1.26169 0.732043 0.641625 1.10017 0.338258 -0.217757 -0.135063 -0.111242 
1.93063 1.98698 0.651018 -0.429833 1.07912 0.947375 0.0498214 0.938234 0.434277 -0.153948 -0.266195 -0.270758 
1.86293 1.8665 1.04313 -0.127816 1.95436 1.02082 0.744437 0.66968 0.825369 -0.122425 -0.38783 -0.326266 
1.95282 1.78261 1.27383 -0.290919 2.25884 0.908577 0.823244 0.534422 1.17155 -0.325659 -0.400097 -0.269574 
1.73697 1.69092 1.08117 0.127628 1.04399 1.25759 1.06248 0.670298 -0.013643 -0.359281 -0.0899525 -0.118067 
1.60094 1.66857 1.4631 0.357501 1.52571 0.491591 0.987916 0.154316 0.0030669 0.37928 0.237322 0.115824 
1.75181 1.82623 1.47761 0.0166575 2.14929 0.0883054 0.813498 0.639593 0.592019 0.258361 0.140456 0.108442 
1.77444 1.62407 1.86612 -0.397327 2.19172 0.548785 1.07588 1.37168 0.246063 0.203967 0.240025 0.11195 
1.64395 1.68836 2.31735 0.745768 1.9653 0.70076 0.819748 1.303 -0.17983 -0.112377 0.275703 0.0140206 
1.73548 1.73183 1.91595 0.608734 1.37263 1.65249 1.6454 1.01986 0.394447 0.20028 -0.214545 -0.115465 
1.68193 1.86709 2.0708 1.08415 1.65627 0.8731 1.83537 1.2409 1.1307 -0.305851 -0.309606 -0.124958 
1.61179 2.02515 2.10003 1.11638 2.20243 0.468975 2.35522 0.86357 0.958619 0.546314 -0.653626 -0.129871 
1.61179 1.89472 1.67175 0.964811 1.53416 1.16685 2.64493 0.724002 0.903228 0.337081 -0.49834 -0.146576 
1.46801 1.9378 1.84356 0.61656 1.55837 1.32051 2.18531 0.785803 1.02683 -0.127865 -0.0997146 0.0285702 
1.36544 1.78493 2.31914 0.401513 1.65264 0.907503 2.1778 0.724357 0.920792 -0.0838619 0.204325 0.151839 
1.50004 2.17347 2.47586 0.640517 1.22469 1.00916 1.55812 1.1825 0.906288 -0.11658 -0.00372699 -0.05946 
1.52865 1.83743 2.42326 1.38049 1.59159 0.524573 0.842986 0.338017 1.81734 0.267635 -0.0615003 0.131469 
1.42231 1.70504 1.93099 1.32409 1.05865 0.400022 0.441834 -0.545409 1.82027 0.45923 -0.159066 0.0178508 
1.23744 1.48501 1.82178 -0.18339 1.36731 0.312519 0.870821 -0.450031 1.28807 0.703777 -0.306935 0.00950701 
1.39359 1.89375 1.84058 0.214349 2.11668 -5.97225e-005 1.13745 -0.133513 0.709175 0.408957 -0.0698478 0.0912198 
1.42511 1.76074 1.83695 1.32489 2.03118 1.23662 2.24257 0.140486 0.945657 -0.0729767 -0.0516102 0.0784806 
1.33967 1.8206 1.95891 0.764365 2.40265 1.60583 1.18887 -0.231874 1.23454 0.572645 -0.274445 0.102452 
1.12612 1.90207 1.88275 0.651222 1.7942 0.707225 0.606501 0.646114 1.1901 0.254974 -0.288158 -0.0297636 
1.19696 1.74149 2.24326 0.563132 1.86572 0.269825 1.58294 0.942062 1.32982 0.104141 -0.510088 0.0408366 
1.25428 1.72707 1.87012 0.959002 1.85613 0.309009 0.63653 0.295458 1.28047 -0.0715841 0.123544 0.0781536 
1.21758 1.30156 1.32607 0.624135 2.32269 1.19365 1.67368 0.585098 1.14853 -0.535789 -0.136122 0.0813259 
1.1597 1.32577 1.94401 0.0768048 1.95058 0.531772 1.68786 0.699126 0.360843 0.111014 0.016284 0.0286113 
1.05899 1.3679 2.07516 0.74659 1.25467 0.294667 1.37248 0.610968 0.124816 0.655057 -0.120905 -0.0915419 
1.00747 1.27636 1.70235 0.758208 1.55073 -0.247211 1.25524 1.54652 0.901161 0.391115 0.425058 0.0131954 
1.12286 1.45569 1.66278 0.381702 1.04552 -0.265789 0.63256 0.88621 0.962421 -0.275183 0.00364699 -0.0743955 
1.07406 1.36388 1.8376 0.858563 1.37659 -0.184227 0.863447 0.259146 1.22465 -0.562958 0.0369004 -0.0777064 
1.05353 1.4269 1.73665 0.893222 1.85455 -0.0993237 0.520605 0.692392 1.23558 -0.926571 0.533496 -0.018081 
1.17524 1.26202 1.50765 0.891951 2.11136 0.261727 1.37577 1.02933 1.56335 -0.208803 0.254836 0.145185 
1.07272 1.30974 2.37874 0.00248564 0.996804 0.85111 1.30969 0.790889 1.63636 0.284342 0.40629 0.145332 
1.03367 0.598293 1.80422 0.647042 2.53822 0.900702 -0.413906 0.0969609 1.10068 0.444528 0.800609 -0.123471 
1.0531 0.699912 1.24213 0.79699 2.06468 0.499025 0.259908 0.278794 0.997262 0.643003 0.578411 -0.138641 
1.06226 1.30516 1.8675 1.12493 1.5481 -0.0190916 0.67069 1.35686 1.41819 0.418354 -0.055962 0.0818259 
1.17434 1.43511 2.2875 1.09585 1.27938 0.42639 0.678629 0.909671 1.0884 0.570655 0.156967 0.139689 
1.02874 1.55059 2.0629 0.541372 1.7352 0.442673 1.33284 1.13004 0.97259 -0.0313243 0.18108 0.0966103 
0.883054 1.36569 1.88287 0.382081 1.8833 1.46551 1.52582 0.770043 0.689629 0.648504 0.870752 0.101881 
0.963357 1.11095 1.99724 0.63819 1.72796 0.672976 0.265359 0.982983 0.782598 0.267403 0.894288 0.0133464 
0.832074 1.27232 1.47999 0.507263 1.31249 -0.349684 0.0910708 0.277877 0.965421 -0.241869 0.88048 -0.0885746 
