1.03217 1.07066 2.08606 0.0235157 0.469276 0.690673 0.466364 -0.0436281 -0.0151529 0.292028 0.477034 -0.110178 
1.02931 0.888469 1.67755 0.0780194 0.423938 0.283697 0.935952 -0.0543018 -0.143034 0.385798 0.225555 -0.109042 
1.03819 0.854977 1.62563 -0.230733 0.756255 0.519178 1.23418 -0.593992 -0.115145 0.192179 0.801174 0.100278 
1.05431 1.08867 1.28498 0.376318 1.70475 -0.176656 1.05379 -0.00730857 -0.300185 0.11392 0.719366 -0.0624581 
1.0818 0.995048 1.59817 0.342687 1.63078 -0.715131 0.260923 1.29052 0.412301 0.0304018 0.31169 0.00108322 
1.10265 1.20147 1.57318 0.482122 1.3821 0.456152 0.517076 0.568149 0.61037 -0.242427 0.377801 0.0295052 
1.09926 1.48182 1.76313 0.985392 1.34462 0.0451882 0.794962 0.465674 0.644542 0.31926 0.280083 0.0485752 
0.946978 1.20773 1.80499 0.486789 0.552746 -0.30469 0.14866 0.370505 0.75123 0.289073 0.355873 0.00935309 
1.04384 1.48285 2.02217 0.129079 0.642083 -0.0787039 0.0904296 0.11274 0.747175 0.170108 0.307541 0.0565523 
1.19723 1.35609 1.42169 0.30483 0.870933 -0.0905958 0.791947 -0.11644 0.23111 0.655572 0.115389 0.00935471 
1.02129 1.41546 1.76871 0.289518 0.835754 0.0136484 1.74565 0.384824 0.347409 0.466288 0.397422 0.0351519 
1.05721 1.20872 1.84492 0.366172 1.5587 0.238309 1.04633 0.708172 0.882106 0.76546 0.41698 0.0826563 
1.10866 0.964357 2.1868 0.707477 1.07619 0.829021 -0.111795 0.779504 1.11356 0.54434 0.902823 0.13385 
1.18114 1.03137 1.49136 0.616789 0.739465 0.616388 0.792229 0.482044 0.512462 0.537749 0.459196 0.0554782 
1.26374 1.11104 1.45041 0.264769 1.01391 0.0504272 0.851996 -0.166543 0.635059 0.226656 0.265588 0.106427 
1.09682 1.46034 1.57869 0.38369 1.44226 -0.148111 0.519814 0.4554 0.851507 0.364382 0.393341 0.142214 
0.954449 1.24014 1.36642 0.448511 0.816512 0.698371 0.560755 -0.270928 0.612749 0.636581 0.716465 0.110283 
1.12795 1.19361 1.02813 0.0965653 0.513321 1.27268 0.90885 -0.120407 -0.0763795 -0.249114 0.965068 0.147652 
1.13019 1.22263 0.888099 0.191709 1.03428 0.315276 1.52862 0.291426 -0.0345027 0.253582 0.474413 0.134702 
1.12129 1.06229 0.398596 -0.507184 1.02203 0.417719 1.14003 0.653199 0.0538464 0.392413 0.566192 -0.0384953 
1.423 0.808746 -0.889413 -0.139649 1.24521 0.852422 1.98769 -0.268981 1.42913 -0.0413773 1.08789 0.0352137 
1.4289 0.895538 0.354802 0.247443 1.4436 0.904024 1.40213 0.411455 1.66121 -0.231576 1.48582 0.380694 
1.48144 2.22891 1.73884 0.919313 0.719908 0.718943 0.762601 0.863222 1.7176 0.390856 0.385109 0.0665472 
1.47287 2.33657 1.74728 1.63999 2.79477 1.04548 0.140881 -0.275933 1.97079 0.0400444 0.174053 -0.116337 
1.46692 2.33338 2.16871 1.78144 3.0777 0.691166 0.89508 0.0183809 2.03217 -0.265434 0.180598 0.0116696 
1.31798 2.87924 1.30951 1.40792 3.65618 -0.109731 0.00410081 -0.771711 2.03336 0.605008 0.287919 -0.0806296 
1.28791 3.06613 2.06313 1.28309 3.62872 0.209052 -0.339811 -0.486634 2.20097 0.442816 0.217374 -0.00516839 
1.01926 3.15388 2.39716 1.0906 3.50602 1.39309 -0.352961 -0.595759 2.11267 -0.13956 0.33999 0.0791249 
1.03393 2.90072 2.63717 1.25601 3.75862 1.25031 -0.235892 -0.736415 2.35044 -0.335037 0.294196 0.0515429 
1.22006 2.80071 2.68357 1.03214 4.17892 1.10768 0.213056 -0.558665 1.84199 0.116398 0.139769 0.0857764 
1.10154 2.67195 2.68617 1.60687 4.68195 0.507648 0.916289 -0.289217 1.2009 0.532558 -0.180475 0.0951062 
1.22094 2.83911 2.86492 1.67727 3.7632 0.916266 0.0338011 -0.481963 1.6076 0.252375 -0.100636 0.0679146 
1.27778 3.33043 2.57255 1.69592 3.88954 0.874469 0.0403468 -0.712611 1.39705 0.262361 0.0635802 0.0331427 
1.29125 3.06676 2.64165 1.22999 4.10359 0.83005 0.388424 -0.269552 0.920041 0.371464 0.0144114 0.0414011 
1.32749 2.95086 2.35947 1.59694 4.33785 0.745167 1.16377 -0.835183 0.495898 0.520893 -0.0845472 0.108958 
1.30581 2.88739 2.99357 2.19681 4.14718 0.352567 1.35101 -0.983533 0.741458 0.38152 -0.205548 0.120676 
1.34914 3.11615 2.78494 1.73939 3.55995 1.03016 1.66085 -1.12372 0.761651 0.297643 -0.0601622 0.19154 
1.27906 3.1131 1.97176 1.93757 3.75247 1.09696 1.61641 -0.601701 1.01743 0.53311 0.000262767 0.141443 
1.31378 2.88671 1.74901 2.67268 4.356 0.667632 1.46242 -0.823706 1.06552 0.639347 0.0164424 0.0499601 
1.48066 2.45743 2.29627 2.18022 4.45988 0.169299 1.63053 -0.551318 0.487654 0.308899 -0.0639158 0.109506 
1.50484 2.78701 2.42054 1.57803 3.67911 1.13077 1.09624 -0.68992 0.753733 0.217346 0.0793074 0.0608214 
1.51911 2.66714 2.31924 1.77568 3.5652 1.27969 1.64889 -0.203002 0.90579 0.360997 0.0433389 0.0973 
1.44529 2.69652 2.83756 1.95677 3.88052 1.42453 1.24671 -0.169373 0.934717 0.496526 0.0661606 0.109334 
1.32808 2.912 2.86122 1.84132 3.84219 1.9353 1.90751 0.28784 0.881123 0.318654 0.267315 0.141275 
1.30307 2.66593 2.85672 3.21405 4.08444 1.75897 1.24293 -0.0875535 0.853256 0.557165 0.26888 -0.0233849 
1.51102 2.58735 2.74007 2.90723 3.45368 2.19236 0.705823 0.406692 0.868682 0.40754 0.293561 0.0176548 
1.46689 2.81799 3.16108 3.12239 3.72014 1.25553 1.00557 0.16684 0.304221 0.323215 0.0558576 -0.0456242 
1.35187 2.89867 3.6 2.49879 4.28125 1.13056 1.05356 -0.603192 0.348359 0.201303 -0.115753 -0.064235 
1.55804 3.02049 3.31643 2.05643 3.64653 1.7681 1.14528 -0.21465 -0.235742 -0.611655 0.190598 -0.1709 
1.58933 2.90251 3.29549 2.34231 3.43254 1.34009 1.56655 -0.588877 0.0457793 -0.903417 0.175704 -0.158692 
1.47783 2.93221 3.24583 2.83596 3.41422 0.969419 1.93548 -0.372247 0.166398 -0.16405 0.0570591 -0.0797697 
1.47281 2.5699 2.9797 2.7536 2.84764 1.3701 1.75675 0.333042 -0.0280811 0.155225 0.144968 -0.0280355 
1.37783 2.62479 2.75238 1.94438 3.32251 1.05392 1.60313 -0.162991 0.515589 0.268163 -0.0287881 0.0778775 
1.51253 2.39735 3.30612 1.40276 3.13813 0.61699 1.63981 0.482793 0.528191 0.272229 -0.14006 0.108194 
1.4319 2.34507 3.07185 1.96592 2.83414 1.33136 2.13751 0.786077 0.649618 -0.24124 0.285863 0.0692341 
1.40524 2.3607 2.58877 1.72525 2.60155 1.3575 2.05951 1.11759 1.1126 -0.823066 0.674237 0.082626 
1.24817 2.67043 2.81927 2.01448 2.6762 1.29138 1.51737 0.727758 0.420193 -0.128302 0.481142 -0.00920856 
1.34345 1.99365 3.01757 1.70736 3.08801 1.26509 1.31233 0.793788 0.452578 0.0822416 0.320395 0.0622555 
1.33872 1.75704 2.93673 1.52538 2.55322 0.837055 1.56664 0.743969 0.398684 0.368375 0.208625 0.0952024 
1.42762 2.02992 2.56366 1.33345 2.2357 0.94442 2.10144 0.872468 0.603476 0.044425 0.339914 0.142316 
1.32001 2.23947 2.98932 1.59916 2.02367 0.828768 1.75392 1.91516 0.889229 0.305266 0.355758 0.123958 
1.24078 2.22365 2.78012 1.79231 2.64393 1.59789 1.92933 1.24455 0.979464 0.123001 0.440611 0.157554 
1.25192 2.06079 2.44327 1.4129 2.81609 1.97403 2.13197 1.4851 1.5863 0.43846 0.200863 0.255688 
1.28701 1.85265 2.41658 1.7135 2.588 1.55929 2.24001 1.55387 1.30349 0.790506 0.158541 0.262071 
1.18444 1.68195 3.00102 2.01306 2.75178 1.44559 2.29131 0.767827 0.847448 0.852732 0.281515 0.250054 
1.26219 1.49563 3.03615 1.48253 2.52808 1.89388 2.16214 0.948642 1.1291 0.338426 0.198321 0.261899 
1.268 1.57255 2.84548 1.995 2.1444 1.51075 2.45803 0.969433 1.16913 0.16878 0.321482 0.230733 
1.19439 1.86508 2.73093 1.86361 2.3969 0.570364 2.41219 1.28608 0.920206 0.441928 0.260712 0.232255 
1.06798 1.92097 1.8409 2.04366 2.47277 0.314695 1.43541 1.01961 1.09526 0.186183 0.476648 0.133327 
1.11708 1.94061 1.6391 1.6164 2.70434 0.981365 0.829879 0.728228 1.06008 0.716987 0.205613 0.0706236 
0.993758 1.79926 2.45306 1.73575 2.24234 0.539419 1.81963 0.568779 0.644061 0.665839 0.323849 0.133191 
0.949583 1.57609 3.27024 1.42863 2.18946 0.789677 1.98623 1.7356 0.706098 0.739875 0.246633 0.223231 
1.06769 1.53008 3.08407 1.1372 2.12704 0.960486 2.35827 0.802342 1.08096 0.743085 0.454931 0.310304 
1.01394 1.9648 1.91922 1.47542 2.42886 1.18544 1.97979 0.62217 1.35986 0.764081 0.779654 0.274263 
1.08445 1.81507 2.4637 1.92714 2.40019 2.21856 1.72112 0.762536 1.12511 0.532441 0.615885 0.244831 
1.10066 1.32423 2.80169 2.02973 2.35356 1.59157 2.33006 1.92591 0.256685 0.74282 0.391707 0.194042 
1.15936 1.29572 2.73727 2.21619 1.61914 0.809123 1.46318 1.13921 0.834537 0.778185 0.694228 0.228721 
1.03158 1.52064 2.34093 2.61401 1.4355 1.4439 1.28897 0.57709 1.84171 0.704072 0.368728 0.243832 
0.931124 1.74425 2.2729 2.4601 1.49615 0.816337 1.47708 1.02532 1.63902 0.238218 0.190169 0.233828 
1.06261 1.54032 1.99193 1.46608 2.19172 0.789451 1.93904 0.566699 0.865975 0.400871 0.27056 0.156571 
1.07098 1.49059 2.47194 1.39534 2.49916 1.20248 1.46101 0.0885599 1.3615 0.0937737 0.461898 0.237208 
1.04464 1.82434 2.1835 2.07276 2.37815 0.999017 1.78836 0.812595 1.60668 -0.180581 0.721077 0.195876 
1.06956 1.71366 2.77127 1.50282 2.35701 0.897225 1.88171 1.24762 1.20855 0.377611 0.308721 0.25461 
0.886452 1.3523 2.61979 1.61441 1.92543 0.353172 1.33936 1.61138 0.904226 0.522882 0.448417 0.20943 
0.927836 1.49298 2.38657 1.44957 0.888851 0.864653 1.69308 1.69528 1.2387 0.635819 0.273585 0.176658 
0.96256 1.20057 2.31979 0.526431 1.67484 1.25016 1.6282 1.61459 0.66525 0.781381 -0.0269558 0.0569729 
1.05112 1.38643 2.25707 1.06962 2.27347 0.629552 1.719 1.23562 0.715242 0.389145 0.150287 0.163789 
1.04977 1.56627 2.02511 1.14096 2.5285 0.836119 1.26538 0.427505 0.753569 0.709729 0.466493 0.17656 
1.03677 1.61912 1.74381 1.4474 2.72794 0.797303 0.67235 1.03976 1.19251 1.20983 0.124762 0.160647 
1.12074 1.51342 1.73826 1.15336 2.27443 0.676176 1.7634 2.42346 0.938842 0.498887 0.228096 0.150655 
1.09555 1.27386 2.02597 1.09653 1.51902 0.599514 2.56016 0.437374 1.73433 0.773368 0.43479 0.238185 
1.08903 1.27458 2.30908 1.08083 1.67405 0.455133 2.79136 0.364773 1.17093 0.490505 0.523965 0.269424 
1.13458 1.1765 1.83619 1.10345 2.20875 -0.271359 2.14935 1.38432 1.44902 -0.218197 0.882031 0.369328 
0.925877 1.10963 1.47617 0.871896 2.03688 0.706901 1.75249 1.1868 1.39343 0.0614203 0.814915 0.125965 
1.10326 1.44603 1.58902 0.671687 2.24827 0.534461 2.00827 0.714479 0.485806 0.255249 0.821465 0.164214 
1.15606 1.17805 2.23456 0.962782 2.23193 0.680924 1.04044 0.737317 0.709371 0.448715 0.412697 0.101427 
1.05028 1.33324 1.99764 0.74495 2.36597 0.925986 0.717138 1.14985 0.853517 0.476702 0.56041 0.0493842 
0.903966 1.30623 1.70416 1.22398 1.70945 0.688002 1.75963 0.684902 0.563802 0.988139 0.465085 0.0571984 
0.977872 1.3505 2.11675 0.727358 1.09347 0.298002 1.02161 0.957134 1.52504 0.266357 0.369953 0.140834 
1.06536 1.45901 1.89777 1.56166 1.28848 0.31835 1.1864 0.666074 1.54783 0.491797 0.263241 0.159624 
0.957855 1.32417 1.71513 2.00967 1.3504 0.82268 1.37511 -0.00594739 1.83048 0.734092 0.275659 0.0986314 
0.894174 1.36123 1.96018 1.18409 0.400002 1.58126 1.75091 0.192604 1.79388 0.0542415 0.294775 0.097652 
0.692624 0.93448 2.04156 0.0328044 -0.161645 1.9951 1.27673 0.588622 1.78475 -0.0762755 0.167736 0.110317 
0.900545 0.847529 2.06395 0.462948 1.24466 1.67066 1.42507 1.22353 1.40856 0.186408 0.363962 0.145764 
0.897367 1.02511 2.02842 0.252221 1.48671 0.783232 1.59165 0.904305 1.12653 0.683235 0.665494 0.0994895 
0.879301 1.25736 1.78006 0.780988 0.986472 0.781134 1.41934 0.663848 1.12889 0.318797 0.654384 0.101866 
0.902154 1.08582 1.77874 0.250022 1.53417 0.328941 1.77452 1.5136 0.137475 0.575625 0.235112 0.0640379 
0.922024 1.05997 1.80151 0.764051 1.53366 0.473806 1.91964 0.897339 1.14877 0.435003 0.678769 0.123394 
0.864215 1.07916 1.89964 0.327914 1.50432 1.44132 1.63625 0.433515 1.09941 0.747004 0.723384 0.11816 
0.761386 0.933997 1.98593 0.651902 0.890868 0.955884 0.538554 0.543611 1.51816 0.352916 0.846305 0.0444124 
0.854915 0.974124 1.90308 0.950245 0.812257 0.128017 1.58692 1.00439 0.610168 -0.20609 0.372594 0.0364955 
0.846303 1.19173 1.75328 0.578262 1.21467 0.802918 1.14506 0.785987 0.196509 0.214215 0.727092 -0.0170722 
0.849992 0.887825 1.6734 0.873981 1.28869 0.497438 0.207334 0.513963 -0.315025 0.217774 -0.0903798 -0.0308285 
0.919632 0.932931 1.48736 0.897612 1.26718 -0.659855 -0.320262 0.866778 0.020319 0.33036 0.162595 -0.0601082 
0.870311 1.15035 1.38564 0.611379 0.668448 0.620128 0.490832 0.83592 0.932468 0.136699 -0.044907 -0.116484 
1.04567 1.37874 1.74765 0.0115336 1.4942 1.0122 0.470139 0.926724 0.98028 0.311257 0.376142 0.022801 
1.01028 0.875307 1.78161 -0.330768 1.43413 0.418568 0.483627 0.999301 0.686563 0.197893 0.297574 0.0274852 
1.06593 0.615778 1.58329 -0.219457 1.24908 -0.643465 1.05963 1.22815 0.694314 0.343187 0.00838064 0.052696 
1.08117 1.12679 1.63081 0.00658376 0.516138 0.315001 1.97497 0.422632 1.20342 0.362069 0.172773 0.0567568 
1.01931 1.37329 1.97233 0.184275 0.852496 -0.0884704 1.87938 0.902932 1.52732 0.777964 0.387955 0.132242 
1.00345 1.40219 1.62874 0.410003 0.590956 0.0600227 1.05927 0.942896 1.33942 0.214298 0.245026 -0.0143217 
0.968073 1.33892 1.43265 0.135572 -0.100498 -0.179034 0.433681 1.3632 1.14461 -0.0139581 0.645859 -0.113235 
1.15409 1.49629 1.40222 0.111542 1.33047 -0.0803192 0.085863 1.43307 0.787898 0.566647 0.935174 0.0737093 
1.22951 1.15464 1.30421 0.231131 0.922599 0.0632634 0.982493 1.11469 0.818541 0.597521 0.761048 0.0935109 
1.12842 1.05579 1.57414 -0.0835068 0.366254 0.171046 1.7812 1.1214 0.411364 0.607305 0.688249 -0.064188 
1.01018 0.986531 1.55341 -0.288288 1.29034 0.666723 1.2718 1.6584 0.62835 0.357116 0.755923 -0.0917652 
1.15685 1.22086 1.308 0.0725071 -0.0171772 0.632063 1.65206 0.893327 0.375572 0.433412 0.602387 -0.0265336 
1.12976 0.981862 2.05199 0.289774 0.788662 -0.661349 1.28661 1.133 0.445862 0.263111 -0.0346591 0.0570072 
1.115 0.867926 1.58882 0.647902 1.09464 0.693829 1.10309 1.24239 0.784576 0.180748 -0.516225 -0.0450589 
1.08336 0.893734 1.68914 0.792348 0.782642 1.04213 0.94623 1.46174 1.02093 0.315562 -0.113448 0.0215634 
1.11961 1.32187 1.67233 0.681476 1.71337 0.541609 0.109962 0.784382 1.09358 0.521976 0.525363 0.0680495 
0.983478 1.14049 1.82354 0.342197 1.33452 -0.492515 -0.235202 0.462551 0.972861 0.167696 0.304038 0.0282038 
1.02264 1.08377 1.66895 0.914881 0.840958 -0.65822 1.01999 0.668313 1.2592 0.50667 0.22608 0.063969 
1.18006 1.19666 1.50318 -0.0550647 1.02514 0.448874 1.63182 1.35528 0.71917 0.342693 0.300946 -0.00995328 
1.1913 0.902767 1.16541 0.0785218 0.775029 1.05521 0.990241 1.68404 0.919607 0.0204196 0.443485 0.0248548 
1.22424 1.1223 1.19825 -0.146182 0.287772 -0.193321 1.52329 0.341493 0.652889 -0.256342 0.986767 0.169009 
