0.241105 0.590514 1.91008 1.31772 0.65979 1.39057 1.28784 0.857983 -0.0578648 0.288835 0.167365 0.071861 
0.247759 0.093854 2.10654 0.79344 0.316284 0.636515 1.8312 1.37168 -0.593224 0.880862 -0.346489 0.114352 
0.203282 0.126178 2.2578 0.865729 0.363024 1.64409 2.10776 1.20693 0.510451 0.393145 -0.0508297 0.180954 
0.176 0.164512 1.89061 1.24259 0.628265 1.17575 0.639804 0.470459 0.556655 0.565525 0.163982 0.218429 
0.145008 0.677051 2.12944 1.52138 0.829182 1.50703 1.15191 0.60161 1.33474 0.641186 0.0829734 0.164737 
0.222885 0.765128 2.2531 1.57329 0.216119 0.83819 2.17248 1.15588 1.57411 0.602074 0.715234 -0.0831794 
0.268598 0.308298 1.74536 1.44484 0.233008 0.665263 2.18209 1.05174 0.793676 -0.0210833 0.815931 0.0164992 
0.275228 0.376722 1.62503 1.26036 0.0807556 0.768679 1.76658 0.8062 0.478564 -0.0384532 0.457903 0.223251 
0.271346 0.461538 1.52137 0.533551 0.274747 0.514779 0.96319 1.02698 0.631509 -0.148548 0.400277 0.241864 
0.301667 0.661746 1.92275 0.352202 0.634238 -0.458145 0.678939 1.14052 0.755436 -0.180315 -0.0121222 0.291186 
0.444099 0.590779 2.29054 0.870078 0.762316 0.55478 0.392969 0.832901 0.435183 -0.105215 0.360505 -0.0358105 
0.458586 0.979196 2.00983 1.79043 0.430315 0.810217 0.883641 0.999848 0.842624 -0.14984 0.318486 0.144298 
0.543753 1.15562 1.77719 1.85126 1.04484 0.908822 0.312609 0.438984 0.83387 -0.328044 -0.287007 0.178371 
0.69956 1.26208 1.74299 1.84505 0.430402 -0.0722614 0.366647 -0.0773609 -0.100343 -0.771026 0.158117 0.00350538 
0.98992 1.5174 2.41146 2.19516 0.0413684 0.469763 0.464523 0.635197 -0.523559 -0.798966 0.531041 -0.083333 
1.39997 2.22816 3.03328 1.81788 -0.0400773 -0.272265 -0.0694782 -0.884303 -0.375248 -1.19339 -0.194011 -0.282537 
1.97525 2.60577 2.84544 1.01824 -0.301598 -1.41085 0.322193 -0.836007 -1.35541 -1.0979 -0.476439 -0.391944 
2.13214 2.17388 1.58046 0.960862 0.0250141 -1.03084 0.483525 -0.565655 -1.46622 -1.05683 -0.48433 -0.257967 
2.35917 1.27819 1.17154 1.9265 0.339897 -1.73119 1.15219 -0.687338 -1.67594 -0.827462 -0.143228 -0.254734 
2.2238 0.901471 1.63109 2.00378 0.186322 -1.28028 0.462186 -0.588663 -2.03993 -0.808917 -0.114678 -0.308216 
2.22997 0.840645 1.53582 1.53552 0.0573932 -1.3232 0.256402 -0.490752 -1.98138 -0.724838 -0.0811132 -0.278604 
2.20544 0.639608 1.33334 1.76533 -0.428032 -1.54627 0.682235 -0.683914 -1.88251 -0.248641 0.0987967 -0.4345 
2.22374 0.697806 1.43332 1.20224 -0.0274267 -1.61741 0.700351 -0.566634 -1.79271 -0.171964 -0.0220646 -0.401217 
2.20272 0.876725 1.27738 0.986404 -0.197402 -0.864355 -0.63502 -0.443777 -1.35361 0.0909109 0.0201793 -0.360383 
2.21587 0.69594 1.08081 0.867629 0.102205 -0.69431 -0.520283 -0.223039 -0.762733 0.303855 -0.0409918 -0.420307 
2.34613 0.374624 1.19497 0.827369 -0.0893649 -0.692127 0.194838 -0.495775 -0.825214 0.286075 -0.087447 -0.521937 
2.32787 0.331717 1.27245 0.65845 0.304377 -0.684782 0.263759 -0.285034 -0.621095 0.63647 -0.244677 -0.756933 
2.27899 0.663481 0.605642 0.667277 0.775613 -0.302347 0.181913 -0.631762 0.350173 0.678228 -0.492529 -0.705548 
2.27105 0.237319 0.189633 0.616623 1.39044 -0.469403 1.51756 -0.546612 0.257431 0.654796 -0.523032 -0.657645 
2.28934 0.0552856 0.169473 0.029046 0.946362 0.708355 1.26107 -0.865843 0.830059 0.590547 -0.738643 -0.660445 
2.17411 0.239084 -0.414813 0.906747 1.20882 0.615482 1.89464 -0.629055 0.593359 0.465864 -0.473497 -0.772905 
2.16612 0.247178 -0.451939 0.91561 1.92648 0.631625 2.30493 -0.479988 0.0760018 0.427031 -0.32182 -0.596939 
2.02513 0.0979318 0.311614 0.738268 0.854067 0.615423 2.03616 0.0638574 0.162271 0.643048 -0.345662 -0.630447 
2.01228 -0.019737 0.178149 1.1302 1.70788 1.16319 1.92016 -0.263805 -0.313563 0.416853 -0.0195494 -0.330584 
2.03364 0.405216 0.437624 0.962446 2.28767 1.32004 1.58752 -0.445196 -0.0156606 0.385253 -0.180522 -0.268441 
1.91821 -0.142785 0.202222 1.27529 2.92709 1.53094 1.09765 -0.903434 0.0443998 0.452584 -0.0123615 -0.188106 
1.93047 -0.308222 0.212734 1.14195 3.70562 1.43512 1.43512 -1.50859 -0.21592 0.654366 -0.182778 -0.181464 
1.70906 -0.486241 0.478889 1.04194 3.59109 0.984836 2.07722 -1.6313 -0.0898954 0.929438 -0.375273 -0.124116 
1.90723 -0.462186 -0.0996685 0.630601 3.22669 1.09285 1.87514 -1.35145 0.608723 0.736744 -0.345957 -0.159137 
1.78667 -0.214127 -0.19594 1.38631 2.79971 1.66183 1.22363 -1.46809 1.37863 0.435052 -0.0938818 -0.188599 
1.81483 -0.38435 -0.155569 1.02579 3.09392 1.52088 1.46247 -0.898992 0.949433 0.869227 -0.00649916 -0.203023 
1.7577 -0.246379 0.0536699 1.20072 2.63194 1.8663 1.34613 -1.41899 1.20438 0.748909 -0.164505 -0.261842 
1.63923 -0.289356 0.541344 1.59068 3.56192 1.65303 1.57244 -1.71566 0.776555 1.01201 -0.166797 -0.14999 
1.62012 -0.0524399 0.0231296 0.881759 4.15129 1.46547 1.10652 -0.610734 0.786209 1.03879 -0.0614684 -0.172822 
1.71648 -0.0818389 -0.273632 0.852487 3.89044 1.94454 0.835606 -0.186331 0.606672 0.971587 0.200423 -0.208289 
1.81125 -0.394379 -0.184373 1.19757 4.17768 1.24363 0.8372 -0.23603 0.720136 0.993913 0.280224 -0.0547308 
1.85086 -0.522358 0.378225 1.95908 3.60383 2.08488 1.1578 -0.86463 0.767275 1.0416 0.130548 -0.132407 
1.81383 -0.155903 0.370837 1.36958 3.91049 2.44645 1.31821 -1.08173 0.843548 0.953068 -0.134124 -0.146191 
1.62857 0.0825038 0.503557 1.88755 4.76004 2.19719 0.667292 -1.04728 0.635072 0.893235 0.020585 -0.12724 
1.7634 -0.0187164 0.642442 0.714105 3.82991 2.45243 1.05112 0.0295459 0.541921 0.635454 -0.197146 -0.161953 
1.6541 0.167358 0.382206 0.651145 4.47675 2.32522 0.669592 -0.340312 0.812029 0.990751 0.0648161 -0.159609 
1.5844 0.28838 0.729455 0.717754 4.13901 2.604 0.954416 -0.720391 0.809989 1.04217 -0.0186604 -0.124977 
1.65992 -0.2401 0.630062 1.15537 4.66894 2.37244 0.589331 -0.658933 0.616311 0.694498 0.0912398 0.010118 
1.63157 0.0773136 0.769819 0.949713 4.10561 2.73198 0.497777 0.156099 0.317431 0.600474 0.0759731 -0.141492 
1.61888 0.801576 1.03818 1.15273 2.54899 2.22832 1.26185 0.259914 1.18069 0.507176 -0.44916 -0.215216 
1.67557 1.01749 1.09326 1.12509 2.37602 1.74361 2.1276 0.483973 1.47903 0.529112 -0.814198 -0.321308 
1.55318 0.701676 1.17329 1.42071 2.64337 1.92706 1.1749 0.167821 0.562066 0.684273 -0.219772 -0.180225 
1.54992 0.758212 1.7372 0.966882 2.81279 2.73055 0.384122 0.163599 0.805672 0.213309 0.0383523 -0.0145859 
1.46858 0.47487 1.84571 0.961743 3.2794 2.22603 0.871087 0.747594 0.588569 0.454628 -0.250123 -0.0954957 
1.58028 0.495239 1.86116 1.16566 3.3627 1.63854 1.46222 0.0632445 0.252949 1.08041 -0.230017 -0.123411 
1.60226 0.600444 1.78704 0.723021 2.97702 2.27768 1.43404 -0.670578 0.743558 0.569348 -0.24399 0.0735672 
1.36506 0.687303 1.97904 0.990708 3.20832 2.41654 1.30304 0.0766889 0.1588 0.852095 0.00332508 0.0137509 
1.19906 0.745939 1.30678 2.0989 3.23964 1.42687 0.513661 -0.1066 0.474854 0.625578 0.678836 -0.024922 
1.28841 0.269918 1.23702 1.77492 2.97518 1.7725 1.35294 0.314149 0.725546 0.535779 0.0143993 0.0135394 
1.16096 0.811489 1.90395 1.02936 3.20556 2.27687 1.56653 0.336243 0.577678 0.412672 -0.139468 0.138941 
1.11842 0.417929 1.68353 1.62704 1.69513 1.44156 1.69384 -0.225808 0.675499 0.954148 0.251818 -0.10741 
1.16148 0.222725 1.98225 1.44642 2.3676 1.68891 1.59977 -0.300535 0.623304 1.03125 -0.13762 -0.0833102 
0.999844 0.381133 2.43673 1.02855 2.3824 1.4644 1.81359 -0.1509 0.366988 1.1746 0.0633078 -0.0369841 
1.02116 0.205689 2.26869 0.840095 1.90395 0.635082 2.33974 0.6805 0.811239 0.745301 -0.244507 0.00127459 
0.873138 0.296952 2.55275 1.02872 1.83447 1.56783 1.71294 -0.0581377 0.881329 0.962521 0.24855 -0.0463015 
0.782436 0.528266 2.17648 1.51987 2.27703 2.4181 1.77834 -0.426833 0.445615 1.31124 0.179004 -0.0292364 
0.782921 0.425253 2.3361 1.4929 1.47461 2.22209 1.77169 0.377846 0.649979 1.01442 -0.0731692 -0.0334114 
0.695876 0.636379 2.94768 0.861701 1.27509 1.60818 2.20898 0.595952 0.233452 1.36523 0.134103 -0.110718 
0.689872 0.909109 2.5701 0.311085 1.34672 1.80395 2.61411 0.804314 0.61355 1.1432 0.234615 0.00222551 
0.634131 0.847615 2.71754 1.036 0.82204 1.80676 2.40477 0.345906 1.05734 0.846672 0.342409 -0.0378089 
0.528566 0.353496 2.7745 1.15037 1.09464 1.3261 2.06464 0.907426 1.06777 1.41086 0.0869726 -0.142585 
0.545016 0.565305 2.83819 1.2744 1.32142 1.27806 2.1454 0.660753 0.945332 1.43256 0.244077 -0.0908194 
0.434144 0.775533 2.93889 1.71329 1.11504 1.37826 1.75798 0.523721 1.18996 1.00895 0.800376 -0.159748 
0.347462 0.855074 2.33562 1.87691 1.56622 1.62605 1.81839 0.351564 0.782694 1.34759 0.62212 -0.241895 
0.531367 0.555217 2.71597 1.39879 0.874795 1.66037 2.29552 0.193609 0.985423 1.40526 0.304738 -0.128817 
0.507724 0.25122 2.45965 0.71749 1.35055 1.98609 2.55695 0.767507 1.19682 1.20934 0.285061 -0.104221 
0.468131 0.219807 2.51819 0.95793 0.301419 1.54463 2.93158 1.31861 0.794849 1.01189 0.274059 -0.239159 
0.462461 0.729544 2.505 1.08326 0.0320864 0.397938 2.78953 0.915227 0.810416 1.81573 0.113742 -0.210582 
0.479797 0.759293 2.72353 0.950647 -0.120508 1.14687 2.05333 1.23179 0.996404 1.33492 0.715485 -0.25804 
0.538897 0.457724 2.94311 0.974882 -0.126565 1.0791 1.89037 0.715027 0.466594 0.838495 0.486285 -0.137399 
0.540275 0.531663 2.90732 1.53715 -0.0469247 1.03122 2.32106 1.25381 0.669768 1.20165 0.620093 -0.178849 
0.481119 0.379566 2.45497 1.9773 -0.141798 0.805447 1.90568 1.15586 1.71179 1.0914 0.906953 -0.241161 
0.345576 0.596672 2.85925 1.09777 0.775447 0.831627 1.57372 0.902002 0.923943 0.680863 0.0326304 0.0198989 
0.43232 0.771792 2.84425 0.184309 0.605526 0.546452 2.26028 1.31557 0.75418 1.20505 0.496775 -0.262966 
0.563853 0.539496 2.9082 0.824899 0.490927 0.991493 1.83165 1.58123 0.914376 0.945067 0.546479 -0.0797916 
0.518285 0.425131 2.92453 0.784772 0.708712 0.684933 2.05263 1.14165 1.0403 0.94796 0.31122 -0.0414048 
0.598315 0.342294 2.61303 1.14996 0.79324 0.182648 1.40406 1.26796 0.907531 0.295926 0.605763 0.00916138 
0.59266 0.524685 2.7164 1.52162 0.879065 0.192025 1.89306 1.81957 0.90709 0.393163 0.595259 0.111996 
0.567727 0.664054 2.55477 1.30958 1.3779 0.948061 1.31794 1.35324 0.906092 0.575719 0.293368 0.0585016 
0.451184 0.729884 2.70962 1.31505 0.766367 0.528944 1.26525 0.75926 1.6434 0.522091 0.258226 0.0765412 
0.473462 0.839924 2.7338 1.34669 0.433785 -0.0427611 1.43692 1.52046 1.55369 0.421781 0.452196 0.181389 
0.294311 0.719321 2.73679 1.81784 0.210814 0.106948 1.94129 1.28335 0.60685 0.36186 0.431718 -0.0323417 
0.384984 0.356454 2.43573 1.27809 0.322481 -0.193871 1.89393 1.38575 0.778098 0.740293 0.484211 -0.0413258 
0.326708 0.790523 2.69758 2.30921 -0.108855 0.00483839 1.44885 1.61823 1.57312 0.967717 0.34618 0.225796 
0.363663 0.524756 2.42371 2.18401 0.522746 -0.0803967 0.88869 1.46451 0.995176 0.250506 0.11806 0.133171 
0.466029 0.64281 2.39689 1.5836 0.575964 0.187704 1.91525 0.595425 0.670755 -0.145551 0.231531 -0.0103797 
0.404713 0.958253 2.42374 0.969205 1.34794 0.236093 1.72323 0.677679 0.815834 -0.0362295 0.212138 0.00115326 
0.394094 0.94311 2.71294 0.414981 1.60732 0.537388 1.13265 1.37616 1.49034 0.528734 0.0977418 0.0239043 
0.368918 0.58653 2.92876 0.468289 1.26176 0.546139 1.35226 1.03227 1.1128 0.414476 0.193098 -0.0616262 
0.304277 0.881807 2.89197 1.58638 0.865291 0.147839 0.972748 1.19695 0.917084 -0.104844 0.564098 0.0144977 
0.239102 0.860845 2.25705 1.91945 1.3465 0.808003 1.9937 1.31789 0.817835 -0.182937 0.761537 0.0309527 
0.457186 0.69711 2.73786 0.916822 1.68705 0.652988 2.62357 1.33753 1.31591 0.26375 0.464825 0.182338 
0.48652 0.711617 2.7062 0.927668 1.40762 0.452342 1.26672 1.63481 0.925817 0.204617 0.35347 0.177786 
0.376938 0.576007 2.96938 1.02724 0.906993 0.400829 1.25309 1.76877 0.873127 0.29504 0.467131 0.0424086 
