0.843892 1.45122 1.79837 0.862294 1.06083 -0.236457 1.44651 -0.185804 0.661017 0.707304 0.288159 0.115111 
0.773254 1.48041 1.39868 0.439138 1.04147 -0.0109963 0.292239 0.93669 0.919892 0.691869 0.417049 0.0236445 
0.723937 1.2993 1.35006 0.735624 0.597963 0.00333318 0.0281394 0.794264 0.567951 -0.179419 0.28436 -0.00762795 
0.617295 0.930444 1.41635 0.968074 0.56772 0.88315 0.531919 0.182649 0.532059 -0.279549 -0.199314 0.176618 
0.703425 0.961793 1.8295 0.810249 1.08878 0.63787 0.538092 -0.223973 0.261499 -0.295355 -0.23838 0.0950342 
0.844319 1.32662 1.22477 0.183478 0.443692 0.468759 1.04834 -0.015232 0.419594 -0.161868 0.719624 -0.086541 
0.670071 1.49742 1.27216 0.513278 0.191854 0.790113 0.86504 1.0966 -0.444212 -0.208611 0.0766525 -0.121797 
0.696928 1.53947 1.48006 0.954857 0.303737 0.602467 1.03422 1.34605 -0.111254 0.186469 0.27606 0.0574185 
0.765608 1.3403 2.00653 0.7504 0.859318 0.808022 1.18831 0.499106 0.177385 -0.101083 0.658788 0.0224616 
0.631478 1.49132 1.90269 0.901917 1.58616 -0.423472 0.805269 0.969098 0.538954 0.173779 0.347981 0.0849243 
0.668496 1.32418 1.58579 1.46322 1.47598 -0.13102 1.59009 1.44502 0.0290855 -0.204028 0.10068 0.114465 
0.72586 1.45085 2.01387 1.80693 1.74895 1.15084 1.20447 1.33955 -0.382365 -0.269558 0.391091 0.00683939 
0.813402 1.53549 1.77266 1.33923 1.85862 1.34237 2.66046 2.13661 0.15245 0.156885 0.79301 0.0779326 
0.979142 2.09808 1.93181 2.25532 1.96452 1.34581 2.27059 1.13308 0.755777 0.304956 0.554081 0.157921 
1.04066 2.11563 2.39453 2.53559 2.82318 1.755 1.40728 0.486539 0.762023 0.558004 0.487418 0.120852 
1.12464 1.89855 2.82703 2.0507 2.3268 1.72 2.36663 1.01879 0.404056 0.841005 0.206547 0.164691 
1.31854 2.2736 2.86655 2.09725 1.91029 1.37092 2.59298 0.650606 0.687518 0.611633 0.0902869 0.111325 
1.27648 2.58645 2.81723 1.69626 2.17009 1.80947 2.75721 0.957365 1.08734 -0.0629893 0.330401 0.0679361 
1.31476 2.15001 3.00386 2.43543 2.27991 1.24615 2.32999 1.26358 0.465485 -0.110336 0.405406 0.0664771 
1.48593 1.85602 3.06243 2.6496 2.21551 1.4607 1.84868 1.18036 0.692637 0.256402 0.153102 0.0902423 
1.53771 2.28131 3.21018 2.45117 1.73352 1.78492 1.51578 0.788678 1.48404 0.220805 0.041975 0.114999 
1.53284 2.76555 3.08733 2.44914 2.33415 1.41962 2.23014 0.718079 0.904189 -0.0989698 0.209904 0.00469931 
1.61325 2.74863 3.24799 2.53239 1.87977 1.99034 2.15718 0.701481 0.646769 -0.0233583 0.149028 -0.0412466 
1.7529 2.6499 3.51407 2.52618 2.13271 1.64281 1.79067 1.24555 0.497988 0.0148873 0.198147 -0.00732988 
1.93113 2.90576 3.56078 2.69574 2.51517 1.27977 1.53059 1.7105 -0.0548931 -0.0271676 0.13242 -0.0678413 
1.85652 3.03881 3.4485 2.20492 1.85125 1.28728 2.1307 1.01603 0.413004 0.291544 0.0222233 -0.0662127 
1.85807 2.85079 2.73417 1.69519 1.67346 1.27269 1.95271 1.37007 1.24769 0.332183 -0.0812018 -0.114874 
1.92536 2.86582 2.49445 1.93292 1.32769 1.0488 2.31478 1.39008 1.51801 0.340156 -0.0335918 -0.151409 
2.15009 2.77522 2.54592 1.59219 1.24536 0.545609 1.87148 1.41928 1.65662 1.12232 0.10902 -0.0791241 
2.07471 2.61917 2.73277 1.85938 1.33929 0.520977 0.759846 1.92214 1.90991 1.27143 0.162238 -0.0179668 
1.94944 2.83736 2.56097 1.90167 1.68614 0.183934 0.688785 1.85634 1.9962 1.00701 0.0984708 -0.00528739 
2.08989 2.83326 2.60267 2.26947 1.85135 0.195836 1.18746 1.72076 2.03267 0.636047 0.149626 0.0188751 
2.13098 2.41065 2.69196 2.18029 2.39837 0.601865 1.597 1.29372 2.02644 0.530515 -0.0415689 0.0123134 
1.9135 2.24533 2.81446 2.10143 2.00513 0.654154 1.19885 2.01455 1.87012 1.04042 -0.02615 0.013331 
1.9019 1.84815 2.98766 2.67638 1.42436 0.543211 2.17929 1.72914 1.48948 0.538737 -0.0151452 0.0304354 
1.7509 1.38116 2.61757 3.39158 0.911036 -0.518741 2.60403 2.18885 0.448656 0.626402 -0.000967281 -0.087171 
1.48279 1.05519 3.37331 3.92892 1.2022 0.0982721 2.99896 2.19078 -0.174872 0.217074 0.312086 0.0619677 
1.28308 1.06475 4.22541 3.45058 2.43853 1.28802 2.36583 2.30495 -0.16174 0.0742328 0.828135 0.122491 
0.976886 1.5502 4.34734 2.71355 2.0943 1.12795 3.00993 2.2736 -0.201798 0.320528 0.966336 0.057335 
0.758338 0.935416 5.00635 3.70145 1.83475 1.16717 2.88545 1.82382 -0.262812 0.706891 0.950935 -0.0139286 
0.727167 0.881375 5.12085 3.12643 2.23919 0.380507 2.16066 2.76494 -0.870903 0.717289 0.845309 -0.0299505 
0.564688 1.23664 4.39631 2.93319 2.96052 -0.131635 1.49885 3.07583 -0.486019 0.0911518 0.922228 0.103663 
0.379628 1.37533 3.91481 3.76212 2.73368 0.153338 2.06296 1.92793 0.248202 -0.116999 1.1326 -0.0300139 
0.412367 0.303287 4.50381 1.53795 1.83398 0.160635 1.85322 2.0044 0.0631764 0.643595 0.739825 0.0953138 
0.243801 -0.123759 4.87427 1.84948 1.76429 -0.280262 1.87747 2.1387 -0.660066 0.402502 0.826989 -0.0658653 
0.384988 0.396052 3.94352 2.558 2.63609 -0.608379 1.68552 2.14782 -0.183865 0.107376 0.676014 0.114087 
0.398116 0.850442 3.18884 2.54249 2.03149 -0.00112122 1.3084 1.83603 0.719615 0.121233 0.620846 0.149532 
0.452634 0.878619 3.58044 3.05015 1.872 0.306639 1.86011 1.36262 0.0398791 0.344159 0.502359 0.0420581 
0.554321 0.769425 3.45629 2.61306 2.00694 0.174725 2.49573 1.35728 -0.448008 0.795558 0.141899 0.0991965 
0.596639 0.722962 3.04067 3.06355 2.25568 0.720333 2.30392 1.39546 0.00280824 -0.140932 0.448206 0.243393 
0.577526 0.844752 2.69975 3.02178 2.42026 0.567927 1.9275 1.67078 0.311881 -0.253308 0.519108 0.264297 
0.838773 0.566085 2.8272 3.00154 1.51013 0.220075 2.77241 1.47354 0.543576 -0.402555 0.353675 0.359819 
1.05799 0.568114 2.54882 2.21502 1.42141 -0.0129701 2.2324 1.59513 0.533382 0.217805 0.03187 0.156888 
1.26347 0.803311 2.27401 1.21685 0.581171 0.407456 2.12592 2.22453 0.93868 0.520591 -0.28153 -0.107357 
1.54752 0.759079 1.2367 1.02516 1.3215 0.316317 2.43469 1.67039 0.789661 0.985045 -0.439994 -0.308584 
1.68724 0.927358 0.592781 0.615907 2.28025 0.366731 2.21257 1.49487 0.914335 1.09646 -0.525505 -0.307401 
1.78578 0.624125 0.50567 0.647683 2.06342 0.59548 2.49614 1.50021 0.584844 1.08611 -0.299237 -0.333522 
1.83421 0.476783 0.408604 0.738765 2.55174 0.727406 2.1969 1.44614 0.388064 1.18302 -0.223835 -0.342492 
1.86932 0.45315 0.172423 0.912679 2.41468 1.2438 1.8223 1.23207 0.544874 1.16379 -0.171641 -0.420996 
1.90549 0.334605 -0.171593 0.926593 2.53921 1.34674 1.57581 1.57686 0.201262 1.06592 -0.0609745 -0.399991 
1.97053 0.253879 -0.324828 1.12527 2.18415 1.54984 1.19674 1.93674 -0.0498079 0.906305 -0.0451579 -0.423124 
1.9632 0.179359 -0.253463 0.972398 2.01667 1.64285 0.575565 1.89239 0.571742 0.67411 -0.201434 -0.455247 
1.91424 0.328322 -0.389942 1.10351 2.31314 0.973065 1.15097 1.74368 0.651324 0.688468 -0.339068 -0.437224 
1.9427 0.804805 -0.278697 0.898014 2.77947 1.23898 1.01068 1.9974 0.541565 1.08539 -0.530382 -0.532594 
1.88923 0.949657 -0.379097 1.16022 2.89055 0.998249 1.261 1.95919 0.703885 1.08552 -0.674029 -0.469055 
1.95039 0.872206 -0.264834 1.32889 2.55552 1.40947 1.20504 2.16811 0.328469 1.16864 -0.485757 -0.455359 
1.96307 1.1168 -0.146007 1.34068 2.30208 1.73829 1.67661 2.32221 -0.0831157 1.24123 -0.490158 -0.387668 
1.86265 1.18624 0.515833 1.05626 2.53121 1.31564 1.59217 2.58531 0.0092191 1.31377 -0.636905 -0.470339 
1.89028 0.902741 0.599155 1.74442 2.69741 1.40742 1.89171 1.67257 0.448959 0.681526 -0.555264 -0.347261 
1.87096 0.551742 1.24714 1.83253 2.78135 1.62231 2.53942 1.63446 0.809521 0.602433 -0.306232 -0.097288 
1.76353 0.908394 0.973082 0.506011 2.27667 2.0378 2.60166 1.94474 1.01868 0.683343 0.00224266 0.0418073 
1.5936 1.10295 -0.365145 0.0140799 1.94497 1.49253 2.21642 2.54199 1.95331 0.762132 0.394489 -0.0228938 
1.07102 1.24236 -0.308487 -0.05321 2.30373 1.4143 1.8755 1.94862 1.76064 0.851831 0.747064 -0.14077 
1.12679 1.82037 -0.186233 -0.167213 1.67183 1.52483 1.28522 1.32471 2.20948 0.655848 1.06053 -0.125942 
1.74809 2.18593 0.643474 0.220065 1.34645 0.962516 1.03938 0.553623 2.08357 0.383647 0.658984 0.060348 
2.19448 2.49688 0.893413 0.20669 2.78235 0.143933 0.967627 0.764225 1.44633 0.774452 -0.0606999 -0.177387 
1.99541 2.43028 1.45012 0.813572 2.36642 0.853024 1.72638 0.668702 0.98401 0.711065 -0.283281 -0.190105 
1.91322 2.44825 1.6878 0.869366 2.79187 0.973774 2.11593 0.974781 0.948678 0.937232 -0.452069 -0.173506 
1.92848 2.45882 1.76773 1.37878 2.29292 0.535172 1.46895 0.472036 1.02109 0.703841 -0.277675 -0.167947 
1.85646 2.2096 1.59042 1.42436 2.44938 0.619858 1.1927 0.834737 0.882373 0.163937 -0.376848 -0.231883 
1.88704 2.55247 1.72177 0.829059 2.97939 0.110016 0.870733 1.01073 0.59821 0.216185 -0.362844 -0.226953 
2.15707 2.34031 1.77704 1.35033 2.73205 0.792355 0.467626 0.71665 1.42079 0.0889112 -0.258147 -0.27816 
1.90189 2.38533 2.1073 1.93613 2.58127 1.14942 0.234582 0.0108272 1.00454 0.292677 -0.175217 -0.207458 
1.79748 2.59959 2.38433 1.95176 2.35885 0.990611 0.847694 0.499418 0.432872 -0.288383 -0.10711 -0.148392 
1.94558 2.70139 2.19627 1.94737 2.31211 0.990875 1.23233 0.708138 0.639694 -0.118935 -0.117806 -0.131517 
1.95548 2.70052 2.08022 2.00575 2.65465 0.800339 1.28429 0.738809 0.428072 -0.166054 -0.15595 -0.112204 
1.95687 2.7095 2.12086 1.68042 2.70452 0.712044 1.29837 0.575617 0.355157 0.0734782 -0.182252 -0.0987882 
2.01543 2.59675 1.8079 1.25362 2.802 0.488691 0.980683 0.418987 0.587605 -0.0758117 -0.221271 -0.148206 
2.16397 2.40019 2.12516 1.55552 3.60056 -0.00995627 0.491796 0.0266844 0.336881 -0.21557 -0.418855 -0.124745 
1.91709 2.86877 2.67092 1.71895 2.44553 0.370108 1.19434 0.50408 0.410991 -0.0668809 -0.155616 -0.0899763 
2.07423 2.86663 2.58399 2.07998 2.87907 1.17434 1.38552 0.891534 0.742261 -0.546857 -0.0933584 -0.118479 
2.09359 2.90619 2.60456 2.19678 2.82769 1.08464 1.01306 1.034 0.690569 -0.0199546 -0.0524909 -0.0910506 
2.13627 2.87658 3.0292 2.00489 2.38483 0.835597 1.29981 0.656387 0.446327 0.303379 -0.0451868 -0.0323653 
1.94474 2.841 2.77778 2.45184 2.33391 1.09417 1.49032 0.440515 0.255522 0.170203 -0.075249 -0.0609695 
1.93045 2.47836 2.56182 2.20709 2.30114 0.930588 1.62456 0.195842 0.179271 0.269676 -0.131265 -0.0718573 
2.25202 2.43781 2.47425 1.59373 3.06268 -0.0146185 1.28006 -0.183136 -0.55241 -0.161095 -0.469895 -0.0956081 
2.00158 2.1586 2.48244 1.23378 2.60981 -0.107994 0.446465 -0.697517 -0.339579 -0.498438 -0.307269 -0.0369818 
1.8759 2.23586 2.20591 1.07846 2.22636 0.298431 1.34082 0.376907 0.301815 -0.519988 -0.10993 0.0069067 
1.88748 2.47195 2.37414 1.59639 2.09454 0.459879 2.23174 0.860987 0.551292 -1.0137 0.0773036 0.0493198 
1.95017 2.56977 2.60592 2.0682 1.6854 0.351198 2.56301 0.678736 0.501766 -0.900538 0.0312283 -0.0376941 
1.94679 2.18553 2.21692 2.24161 2.5682 0.596731 1.59996 0.97211 -0.024579 -0.28049 -0.0242156 0.0396881 
1.723 2.10884 2.45056 1.66595 2.23392 1.33241 1.18156 0.325576 0.877829 -0.000670682 0.0398251 0.0297401 
1.67305 2.23975 2.22637 1.25339 2.21413 1.29484 1.77822 1.03716 1.55386 -0.594228 -0.106131 -0.0781691 
1.70415 2.22829 2.47722 1.83151 2.85517 1.2228 1.79635 0.747216 0.689619 -0.622338 0.0600698 0.0177848 
1.76054 2.7091 2.51966 1.43724 3.10424 1.35374 0.8978 -0.0217188 0.412143 -0.472698 0.224818 0.0107804 
1.58804 2.57118 2.83416 1.60671 2.68813 1.70905 1.74103 0.681813 0.699339 -0.244129 0.246529 0.0478061 
1.47785 2.32129 3.25542 1.78327 2.49786 1.38906 1.28499 1.11265 1.53943 0.216426 0.0899978 0.151426 
1.69022 2.42035 2.90655 2.28624 2.14885 0.843437 1.08934 0.343564 1.53697 0.296426 -0.0361173 0.0722108 
1.79895 2.30675 2.8587 2.00285 1.74216 0.993978 1.03691 -0.523575 0.624271 0.146617 -0.0878278 -0.0103278 
1.55854 1.96484 3.00673 1.17915 1.13268 0.976793 1.09003 0.110147 0.652539 0.0798726 0.0140475 0.0408535 
1.46205 1.90553 2.83952 2.14124 1.89938 1.00249 1.24904 0.817604 0.844253 0.408553 0.0905035 0.104377 
1.47561 2.06116 2.96437 2.41654 2.6019 1.45968 1.60185 1.57147 0.501416 0.237512 0.223574 0.0848371 
1.37153 2.03117 2.91881 2.24208 2.44359 1.99109 2.32241 1.6885 0.0358126 0.222009 0.317828 0.0556539 
1.49475 2.07796 2.34678 2.53481 1.89085 1.31118 2.4145 0.598729 0.918749 -0.206954 0.300624 0.0577821 
1.54791 1.97589 2.53391 2.01192 2.32538 0.539971 1.58671 1.7622 0.223197 -0.402022 0.170086 0.0316367 
1.40336 1.99613 2.76279 1.87549 3.02351 0.976648 0.744032 1.18662 -0.0218688 0.039412 0.00588384 -0.113158 
1.39634 1.96153 2.67293 2.77018 2.39361 0.95605 1.11739 1.15516 0.314419 -0.616953 0.195864 -0.0384975 
1.53223 1.80161 2.36478 2.38367 2.37781 1.15214 0.704811 1.33296 0.922758 -0.459314 -0.0230018 0.00610425 
1.47619 2.06552 2.44812 2.01799 3.09907 1.48733 1.60204 1.424 0.789373 -0.260716 0.211609 0.0702965 
1.35818 2.19259 2.7616 2.37619 2.50443 0.335007 2.17502 1.52531 1.2416 -0.0950311 0.357566 0.227676 
1.35883 2.08617 2.8314 2.10936 1.92327 -0.269683 2.35625 1.12267 0.689933 0.0804916 0.188292 0.187039 
1.30914 1.99689 2.91113 1.88826 1.26128 -0.437766 2.7749 1.40847 0.757862 0.223518 0.830419 0.276605 
1.31981 1.90148 2.46952 1.49917 2.25921 0.834777 1.77562 1.35238 0.885164 0.953551 0.236685 0.235159 
1.29078 1.78261 2.34818 1.59971 1.8689 1.2165 2.51484 1.09283 1.21687 0.395052 0.175437 0.195727 
1.39676 1.72295 2.12705 1.79523 2.01133 0.70887 1.65103 0.714686 1.54104 -0.0306982 -0.184191 0.0573756 
1.24013 1.81733 2.07003 1.83106 1.66787 1.57848 1.56339 0.741558 1.39801 0.51754 0.373605 0.209272 
1.35956 1.60423 2.18106 1.59791 2.52283 0.736658 0.771321 1.10594 1.27996 0.841879 0.559497 0.25744 
1.25695 1.73476 2.18272 1.8048 2.81049 0.948067 0.226802 0.845354 1.41705 0.328204 0.326911 0.111394 
1.24121 1.81517 2.05181 1.34064 2.40998 1.42803 1.82068 1.09419 1.09646 0.175197 0.0728303 0.149167 
1.28033 1.60736 2.37807 0.697164 2.47689 1.88368 1.56599 1.5798 1.0039 0.229691 0.122535 0.132674 
1.26177 1.87295 2.28525 0.809342 2.37011 2.11707 1.67856 0.66638 0.91325 0.534325 0.162369 0.188419 
1.22518 1.7045 2.41507 0.769043 2.42303 0.586105 1.08463 1.64616 0.790286 0.212123 0.185335 0.0509255 
1.17654 1.71604 2.31123 0.866708 2.38406 1.00364 1.0666 1.42601 1.30728 -0.154911 0.109533 0.0622727 
1.21819 1.65515 2.32399 0.782111 2.60229 0.919166 1.29293 1.27876 1.20153 -0.0257848 0.111151 0.125013 
1.14023 1.42463 2.24414 1.37903 2.12186 0.460167 1.43281 0.43804 1.24057 0.540995 0.288485 0.191018 
1.11143 1.54787 2.00713 1.12823 1.72303 0.132556 1.29476 1.2713 1.01857 0.677489 0.612101 0.200253 
1.3855 1.2579 0.747466 0.385089 2.32038 1.46215 2.24658 1.26694 0.56956 0.31072 0.523791 0.242871 
1.38192 1.282 1.3544 0.784214 2.18586 1.60504 1.28129 1.24133 1.27528 0.0549537 0.65934 0.234055 
1.2944 1.89493 2.11025 0.546937 1.60443 0.301287 0.735027 1.35176 1.31317 0.491284 0.459342 0.179306 
1.14883 1.73887 1.68387 0.458424 1.62289 1.8444 1.27156 0.885346 0.978445 -0.00765314 0.0844439 0.111588 
1.18442 1.64521 1.65423 0.595108 1.55688 1.03726 1.78667 1.34309 0.83595 0.0934537 0.550688 0.134456 
1.20955 1.57128 1.62822 1.58484 1.18384 0.130502 2.7434 0.634507 0.929923 0.16946 0.415826 0.139911 
1.13363 1.1847 1.19805 0.95271 1.26113 0.535942 2.54953 0.767825 0.615594 0.760754 0.209633 0.118205 
1.08045 1.10924 1.68553 0.741743 1.03198 0.00276108 1.64704 0.855145 0.112613 0.148394 0.0343416 0.0813438 
1.05392 1.29483 1.76741 0.942571 1.79685 1.0338 0.811806 0.69725 1.21286 -0.0566327 0.493382 0.0993139 
1.27395 0.860189 0.727964 0.296958 2.17281 1.9701 2.1383 0.163496 0.174823 -0.014625 0.719728 0.347366 
1.1301 0.741612 0.692899 0.566061 1.94835 1.994 2.73878 0.427489 0.118215 -0.208474 0.777373 0.301035 
1.10789 1.19252 1.78861 1.46563 0.972064 0.723004 1.79196 0.791543 1.06421 -0.157068 0.69137 0.170614 
1.09948 1.16625 1.66727 1.36019 1.43546 0.930848 0.911238 1.46502 1.20689 -0.0729351 0.607974 0.15983 
1.07162 1.62211 1.454 0.301508 1.595 1.73324 1.00722 0.792608 1.69681 0.105341 0.031223 0.0608141 
