0.903481 0.939553 -0.0144716 -0.875305 -0.421258 0.872378 1.1023 0.71791 0.731735 -0.995774 0.524051 -0.0354518 
0.884045 0.796636 0.573517 -0.424585 -0.160513 0.7847 0.733597 0.148792 1.45105 -0.461802 0.381219 -0.081085 
0.826265 0.610589 0.593472 -0.610881 -0.334424 -0.0559347 0.910769 0.554898 0.811031 -0.759574 0.0312561 -0.0111812 
0.906391 0.749504 0.32584 -0.771309 0.410517 -0.762273 0.578929 1.41267 0.76988 -0.470937 -0.143447 0.0246054 
0.903592 0.629094 0.265447 -0.393882 0.916878 -0.522343 0.908953 0.947431 0.729381 -0.463833 0.299788 0.0622629 
0.878581 0.777712 0.429037 -0.516957 0.311314 0.607692 0.478188 1.57584 0.253242 -0.119111 0.480252 -0.086671 
0.836907 0.710419 0.601866 -0.965465 0.0822481 0.339997 0.695579 0.543638 1.31487 -0.217093 0.220235 0.0322198 
0.89218 0.825473 0.606765 -0.859264 -0.19537 0.0324187 1.23295 0.710233 1.38847 -0.190451 -0.067609 -0.00704604 
0.969278 1.05345 0.630685 -0.945707 -0.555064 -0.216243 1.11275 1.15329 1.11509 -0.347385 0.162087 0.0685906 
1.21697 1.16771 1.03584 -0.497643 -0.602777 -0.757965 0.877403 0.388861 2.08567 -0.0217701 0.250714 0.0998617 
1.53692 2.09701 1.03061 -0.393234 -0.307678 -0.112445 1.19328 0.0926292 1.60163 0.274174 -0.0558766 -0.244949 
1.56032 2.17705 1.77184 0.512677 -0.0514728 -0.121532 1.62738 0.863322 1.21959 0.221257 0.12256 -0.129433 
1.71257 2.00831 1.97646 0.673437 0.0612846 1.22319 2.493 0.523666 1.31757 0.0392756 0.218194 0.0385663 
1.70461 2.34829 1.54799 1.86454 2.44636 1.47407 1.44801 0.367241 1.71047 0.18519 -0.0441296 -0.133552 
1.65552 2.88492 1.77524 2.11206 1.93672 0.894463 0.941727 0.751577 1.78525 0.497007 0.00379603 -0.0867315 
1.77305 3.29438 1.69945 1.44446 2.24675 0.325021 1.35077 1.12035 0.796132 0.565987 -0.0409687 0.00903117 
1.78408 2.87604 2.0536 1.30267 2.83049 0.356008 0.860385 0.666986 0.722335 0.469791 0.0470398 0.0265757 
1.68931 2.73355 2.55848 1.53175 3.37781 0.670381 0.102234 -0.0649249 1.61563 0.294018 0.131041 0.00535188 
1.75789 2.83375 2.01128 1.29418 3.72369 -0.144182 1.07928 0.859946 1.25562 -0.222872 0.100627 -0.0173949 
1.95904 2.60366 1.92615 1.20552 3.6914 0.736302 0.544842 0.479948 1.34664 -0.605277 0.107934 -0.105312 
1.70371 3.0941 2.44589 0.831475 3.9659 0.43397 0.695096 -0.154213 1.11477 -0.0340717 0.274706 0.0186116 
1.71884 3.13844 2.47077 1.068 3.50487 0.557211 1.02525 -0.208464 1.2259 0.0421267 0.20125 0.0640954 
1.71253 3.01983 2.52172 1.27381 3.8708 -0.262684 1.58616 0.566231 0.541835 -0.583744 0.0741357 0.0303573 
1.6708 3.21747 2.86256 0.714923 3.48575 0.239567 2.1027 0.329741 -0.148893 -0.844398 0.0689008 -0.0290757 
1.64074 3.18581 2.45682 1.10123 2.87095 0.802331 1.18681 0.226914 -0.201453 -0.965681 0.317313 -0.123936 
1.69862 3.13699 2.57175 1.29973 2.77223 0.81052 0.175799 1.02351 -0.457668 -0.957813 0.322862 -0.250278 
1.80286 3.06544 2.62356 1.06653 2.94361 0.55869 0.305696 1.0483 -0.284626 -1.08164 0.240964 -0.238459 
1.71978 3.30479 2.47498 1.49937 2.78423 0.892301 0.2751 0.755691 -0.26147 -0.998718 0.281391 -0.262979 
1.5461 3.11454 2.47397 1.47878 3.00492 1.01097 0.520259 0.490118 -0.488186 -0.686559 0.340238 -0.188571 
1.63374 3.01825 2.41505 1.43821 3.1338 0.302863 1.76002 -0.496888 0.371088 -0.355054 0.0745169 0.0737616 
1.66148 2.96222 2.77852 1.37433 3.48884 0.680376 0.693807 -0.492896 0.919322 -0.592851 0.22627 -0.0136047 
1.71963 2.84153 2.79302 1.15714 3.06125 1.20328 1.09912 0.559132 0.00194541 -0.548104 0.229458 -0.0359262 
1.85853 2.92983 3.18375 0.88232 3.2084 1.16825 1.5044 0.590151 -0.0570534 -0.530203 0.0706466 0.00839992 
1.79192 2.9867 3.07865 0.875174 3.49847 1.21647 1.83274 1.21664 -0.24709 -0.435293 0.13578 -0.0398185 
1.7438 2.90474 2.86125 1.67755 3.76716 0.72119 2.13308 0.178681 0.244331 -0.459462 0.13547 0.119667 
1.89018 2.97046 2.56847 1.86389 3.87223 0.362644 2.32726 0.211627 0.466875 -0.736372 0.0178929 0.138269 
1.92691 2.98745 2.97688 1.88066 4.40854 0.00584679 0.825374 0.466086 0.675588 -0.685564 -0.0766206 -0.0191617 
1.68977 3.23478 3.21062 2.04884 3.46464 0.857217 0.256189 0.723521 -0.000740936 -0.573619 0.207942 -0.187212 
1.60724 3.21905 3.11106 1.99445 3.31928 1.03214 0.971713 0.587376 -0.0522422 -0.616885 0.241124 -0.173217 
1.62136 3.08001 3.13112 2.27568 3.76455 0.832862 0.565175 0.53453 0.2551 -0.806484 0.239598 -0.208384 
1.72928 2.67476 3.20949 1.73068 3.96449 0.629165 0.98798 0.458744 0.678316 -0.765457 0.0934629 -0.0154059 
1.76922 2.57298 2.403 1.64473 2.63417 1.51274 1.44484 1.3133 0.304902 -0.735038 0.139277 -0.0632551 
1.96594 2.76949 2.52626 1.41416 3.32694 0.599612 1.40731 0.790668 0.553678 -0.640597 -0.0314914 0.00358008 
1.75654 2.92431 2.7206 2.02004 2.7647 0.97813 1.13329 0.844246 0.648843 -0.382328 0.138537 -0.0551956 
1.77835 2.97083 3.45349 1.49083 2.0405 1.5852 1.68338 1.28263 0.371533 -0.705726 0.233178 -0.141707 
1.82831 2.71598 3.0769 1.73427 1.38003 2.30103 1.49868 0.506695 0.116399 -1.10566 0.0761317 -0.0876131 
1.78003 2.69367 3.22464 2.00278 1.93575 1.15919 1.64927 0.764386 0.831325 -0.124403 0.0859723 -0.00777476 
1.819 2.7885 3.17915 2.14113 2.15274 0.42218 1.59098 1.58411 -0.066912 0.467609 0.0778174 0.0124283 
1.65233 2.58999 3.44493 2.58935 2.30066 1.09639 1.02492 1.53721 0.00886973 0.114397 0.344227 0.0494879 
1.74151 2.6081 3.07253 1.96361 3.0271 0.979595 1.99589 1.12341 0.368451 0.0822913 0.233135 0.112772 
1.89427 2.4883 2.55117 1.8955 2.89232 0.915342 1.66163 1.58013 0.452634 0.1943 0.16552 0.101158 
1.82921 2.74912 2.84257 2.15402 2.39515 0.870425 1.18263 0.95183 0.469904 -0.219722 0.280936 0.0745132 
1.66632 2.79005 3.11077 2.00026 2.29658 1.6412 1.22103 0.654812 0.482882 -0.00349932 0.304215 0.0632031 
1.59313 2.34401 2.89094 2.2549 2.15556 2.06716 2.4548 0.936994 0.68588 0.381806 0.243211 0.100866 
1.53924 2.35748 2.78586 2.49255 2.85674 1.74325 2.15679 1.27949 0.502716 0.0179094 0.491925 0.145375 
1.60844 2.20933 2.57408 1.86459 2.53654 1.72518 2.38839 1.6252 1.37361 0.192959 0.265545 0.175712 
1.65334 2.09891 2.45032 1.88715 1.89864 1.31358 2.6357 1.66679 0.963219 0.538396 0.201931 0.127041 
1.47513 2.24135 2.6759 2.11375 1.96546 1.13804 2.63594 1.41657 1.21346 0.452722 0.161046 0.130718 
1.38597 2.19072 3.01945 2.15605 1.80306 1.45199 2.37435 1.65032 1.56382 0.0792032 0.338836 0.167905 
1.61983 2.0866 2.97902 1.31637 1.75546 0.92204 2.06898 1.9714 1.17592 0.775741 0.292125 0.152486 
1.46541 2.18557 2.82704 1.40086 2.15524 0.913938 2.27422 1.57517 0.382119 0.811505 0.212789 0.147618 
1.3241 2.18284 2.77858 1.81195 2.84319 1.31107 1.87822 1.46709 1.20613 -0.201537 0.744378 0.221299 
1.41733 2.12275 2.72036 2.11152 2.67322 1.68674 1.96927 0.973518 1.39437 0.121441 0.345917 0.204777 
1.52562 2.00169 2.71015 2.36087 2.58676 0.94455 0.992711 1.53396 1.22219 0.478677 0.164829 0.174479 
1.47552 2.03964 3.2677 1.51201 2.31376 0.430344 1.25637 2.09954 1.36477 0.50309 0.242569 0.229576 
1.33035 1.96988 2.81095 1.19641 1.91104 1.1457 1.61319 1.07576 1.48542 0.342826 0.272371 0.230956 
1.29285 1.92009 1.9837 1.35169 1.04244 0.573588 1.00798 1.71659 2.11894 0.165096 0.0209675 0.0753228 
1.47919 2.02063 1.79085 1.24097 1.65833 0.378382 0.712213 2.10339 1.7124 -0.361112 0.34821 0.0523059 
1.43605 2.10935 2.07698 1.38895 2.02014 1.66767 1.13132 0.806107 1.41183 -0.166052 0.475351 0.132981 
1.44749 1.90466 1.99122 1.11922 1.896 1.63729 1.72963 1.44924 1.22095 0.193022 0.295353 0.141989 
1.54925 1.79456 2.49718 1.25746 1.6616 0.409435 2.46927 1.01993 1.06855 0.31222 0.382661 0.257707 
1.41977 1.9141 2.55652 1.32394 1.76867 0.557743 1.64667 1.59363 1.3497 0.818634 0.407737 0.259117 
1.56065 2.14093 2.71171 0.917115 1.60753 1.19734 1.11614 1.92077 1.00885 0.556064 0.61656 0.197687 
1.37734 2.10556 2.55593 0.980547 2.24951 1.01204 0.785683 1.71502 0.998394 0.454391 0.726032 0.213757 
1.37374 2.02365 1.92906 1.23184 1.55709 1.24616 0.936608 1.70151 1.66045 0.241001 0.633872 0.186557 
1.20996 1.8774 2.3711 1.15584 0.9228 1.18808 1.07918 1.6978 1.33545 0.41066 0.491433 0.16166 
1.2845 1.84534 2.54211 1.65344 1.47197 1.07445 0.97153 1.41476 0.700914 0.548374 0.502208 0.153562 
1.32355 1.8428 2.32719 2.14548 1.85616 0.596222 1.76521 1.08418 1.11975 0.336349 0.344181 0.17883 
1.29799 1.70562 2.42589 1.45083 2.10305 1.10915 1.97704 0.672553 0.812024 0.51822 0.271374 0.163132 
1.34656 2.1007 2.21756 0.801522 1.76446 0.429125 1.26348 1.15469 0.975304 0.0901113 0.597908 0.136243 
1.31168 1.77265 2.35305 1.18411 1.49925 0.733938 0.868713 1.42718 1.5106 0.343138 0.561498 0.217118 
1.29621 1.7174 2.36067 0.51396 1.78354 0.382622 0.982492 1.20005 1.1056 0.905672 0.485527 0.240526 
1.29321 1.73716 2.20133 0.865175 1.80172 -0.96073 1.21782 1.29373 0.919881 0.402397 0.60964 0.304425 
1.29736 1.507 2.15181 1.32271 1.44955 6.0561e-005 1.29523 1.05898 1.00039 0.662159 0.601112 0.216481 
1.19308 1.83511 1.82275 1.53059 1.39096 -0.122444 1.46897 1.01132 1.50425 0.540433 0.452848 0.162713 
1.14633 1.67907 1.89577 1.19829 0.977751 0.183857 1.39715 0.64281 1.61553 0.759513 0.72304 0.164772 
1.21889 1.40583 2.45747 1.09589 1.15594 -0.119555 1.05591 0.969622 1.41426 0.488875 0.058544 0.144196 
1.34248 1.75271 2.32966 0.949266 1.91229 0.34489 1.51427 0.946538 1.29738 0.614321 0.0469676 0.160342 
1.39437 1.9741 1.7481 0.834404 1.70873 0.427417 1.84719 1.25112 0.60414 0.659395 0.341758 0.1478 
1.33681 1.69273 1.80756 1.31563 1.50757 0.122814 1.46137 1.13261 1.32703 0.962529 0.265453 0.174039 
1.42599 1.62597 2.11931 0.601873 2.38311 0.413902 1.38498 1.44668 0.921923 0.0792398 0.392083 0.181291 
1.42465 1.57069 2.02515 0.127095 1.50554 0.730689 0.497245 1.22108 0.422858 0.0937927 0.608204 0.0817926 
1.31536 1.47125 1.72097 0.385316 1.19775 -0.131107 1.27068 0.64583 0.104324 0.143262 0.527853 0.0798696 
1.32723 1.75047 1.17143 0.468197 0.742308 0.391281 1.08423 0.694725 0.977302 0.630777 0.852931 0.225027 
1.20533 1.74046 1.90134 1.14025 1.26558 0.388262 1.83036 0.469396 1.22922 1.147 1.09178 0.343855 
1.29711 1.79839 2.02143 1.06754 1.21132 0.0768998 2.07275 0.644544 0.79935 1.13723 0.983807 0.357796 
1.21187 1.47252 2.00897 0.976159 1.96861 0.293891 1.84856 1.36059 0.351547 0.854484 0.315659 0.184937 
1.2883 1.64725 2.46027 0.565864 1.43243 1.22318 1.66991 2.06555 0.547249 0.595387 0.481649 0.0881266 
1.1455 1.75243 1.80621 0.760103 1.82975 0.798739 1.7917 1.17858 0.962255 0.697305 0.675078 0.208192 
1.10732 1.74348 1.30564 0.700285 1.66872 0.255282 1.07886 1.23672 1.3778 0.826452 0.904145 0.140486 
1.0703 1.64 2.08831 0.707201 1.59847 -0.157253 0.0824335 1.08488 0.55377 0.762122 0.786419 0.106907 
1.0642 1.49594 2.12928 -0.00953081 0.829987 0.350601 2.10207 0.83663 0.548711 0.775243 0.875276 0.0750615 
1.20628 1.72365 1.88408 1.1462 0.703332 0.0187253 0.724959 0.847919 1.02885 1.11624 0.490337 0.196423 
1.19591 1.71534 1.6413 1.34927 1.42547 -0.147369 0.582708 1.2231 0.166341 0.709215 0.264358 0.118525 
1.10096 1.80991 1.60615 0.370773 1.42188 -0.604223 1.51796 0.2447 0.515844 0.749406 0.234513 0.153662 
1.08101 1.36283 1.81185 0.314808 0.608172 -0.19205 0.895566 0.148773 0.341463 0.567756 0.54306 0.0372691 
1.08678 1.76235 1.70716 0.543342 0.749189 0.989228 0.963641 -0.388233 1.04019 0.370518 0.2809 0.164104 
1.06137 1.97203 1.8455 0.829619 0.959243 0.283071 1.22517 -0.103158 1.6595 1.46719 0.646518 0.36016 
1.07718 1.66432 2.20228 0.700539 1.05788 0.447531 0.27578 1.36436 1.17407 0.710316 0.685675 0.151523 
1.07867 1.59438 1.29194 0.0528698 0.774829 0.686138 1.1763 1.39878 -0.200936 0.748736 0.699159 -0.0354804 
1.04926 1.7379 1.79222 0.0201896 0.704739 1.04732 1.11702 1.02829 0.0637593 0.133673 0.354683 -0.0496964 
1.07727 1.45019 2.13388 1.14025 0.522473 0.745514 -0.22203 0.0822362 0.849869 0.0644853 0.8533 0.109501 
1.0971 1.75014 1.91998 0.833702 1.56523 0.797824 -0.225432 0.657543 0.517535 0.391797 0.46167 0.0716433 
0.951115 1.8835 1.75206 0.337993 0.849094 1.73644 0.810037 0.6447 -0.0164403 0.252397 0.496255 0.0390861 
1.02946 1.55458 1.76997 0.662174 1.08355 1.27059 1.18205 1.0401 0.847805 0.437439 0.342778 0.0892884 
0.958787 1.27181 2.30124 1.73134 1.37273 0.253557 1.74007 0.302858 1.26549 0.642793 -0.0867612 0.154717 
0.791488 1.22708 1.85901 1.25708 1.33518 0.876761 1.88521 1.32131 1.12853 1.06727 0.325876 0.107626 
0.798961 1.2131 1.53703 1.37077 1.29275 0.790616 2.4125 1.89033 0.672568 0.835464 0.307045 0.0862475 
0.912908 1.38063 1.53078 0.832921 1.25162 0.992113 1.47828 0.857242 0.842151 0.863947 0.11045 0.0549879 
0.952861 1.19737 1.62236 0.95775 0.940797 0.824478 1.10478 0.739861 0.554203 0.508349 0.273163 0.0387341 
0.908999 1.10593 1.54174 0.92284 0.881786 1.714 0.25715 1.00382 0.152065 0.646408 0.557868 0.0549614 
0.966675 0.918652 1.56727 0.275794 1.62111 1.56969 0.562739 0.762386 -0.272093 0.264329 0.24856 0.020308 
0.931144 1.07889 1.12443 0.0512678 1.11081 -0.526356 -0.0970823 0.822552 -0.306862 0.339049 0.712426 -0.00697382 
