0.460199 1.01355 1.26032 0.977663 0.698982 1.24906 1.39228 1.10213 -0.000201276 -0.355522 0.123968 0.162833 
0.276378 0.713915 1.38414 0.706842 0.89234 0.801051 1.40073 -0.385979 -0.126601 -0.538903 0.365168 0.244001 
0.383796 0.472707 1.44234 1.17901 1.04031 0.883214 0.995606 -0.364327 0.681386 -0.0531041 0.252138 0.107785 
0.481094 0.761335 1.22267 1.45814 0.0838884 -0.385898 1.49689 1.123 0.602847 0.213324 0.0570393 0.0406781 
0.467979 0.265051 1.63741 2.13262 -0.033169 -1.31406 1.55463 1.50789 -0.0245608 -0.579659 -0.0791724 0.1515 
0.165367 -0.91042 2.49951 3.31514 -0.950523 -1.23985 1.92546 1.45089 -0.510834 -0.451327 0.23331 0.249502 
-0.235378 -1.60156 2.91369 4.34266 -1.40318 -0.739827 2.48818 1.00134 -0.142867 -0.314372 0.4901 0.233772 
-0.497678 -1.67208 3.57634 4.17795 -2.23937 0.16173 2.46741 0.276253 0.121091 -0.0524309 0.301225 0.1061 
-0.52536 -1.51827 3.72458 3.4358 -2.30335 0.143715 2.11967 0.632112 -0.442162 0.522738 0.485797 0.0943886 
-0.679957 -1.79072 3.77859 3.53158 -1.75012 -1.23166 3.03002 0.428255 -0.820214 0.442988 0.644675 -0.0667964 
-0.890394 -1.60803 3.55155 3.70885 -2.65248 -1.08792 4.2304 -0.71093 0.293703 -0.0632108 1.16287 -0.272016 
-1.2385 -0.957066 3.86137 3.61976 -2.33865 0.324296 3.63318 -1.01189 0.525887 -0.133663 1.13422 -0.505115 
-1.43475 -0.681688 2.75449 4.77234 -1.23656 0.469241 1.98236 -0.237733 0.80683 -0.287155 0.620723 -0.466721 
-1.4379 -0.573239 1.97966 5.67244 -1.36163 0.499998 0.719513 1.03911 0.777378 -0.113701 0.162822 -0.113141 
-1.53395 -0.964749 2.86282 4.54037 -2.10645 0.78296 1.72985 0.422118 0.763896 0.0876822 0.244631 0.217574 
-1.58721 -1.09254 4.10817 3.84776 -1.72978 1.75069 2.2994 -0.188169 0.899405 0.0729295 0.652689 -0.130321 
-1.717 -0.78176 3.39445 3.83963 -1.45155 0.891217 2.30643 -0.172425 0.381981 0.402809 0.350724 -0.197783 
-1.59625 -0.661987 3.41575 2.58197 -0.783885 0.957362 0.98812 -0.353079 1.37819 0.109881 -0.0877102 0.107169 
-1.47092 -0.651479 3.214 2.99667 -0.17063 0.852927 2.02718 -0.00125714 0.865031 0.000594684 0.407371 0.0109732 
-1.67642 -0.462791 3.51893 2.6232 0.18024 0.502826 2.18604 -0.192905 0.668071 0.523836 -0.103917 0.222265 
-1.82654 -0.481834 3.3019 3.2447 0.0158712 1.21067 1.88734 -0.266984 0.863732 0.944273 -0.300775 0.258378 
-1.78144 -1.04522 3.6146 2.6721 0.905551 0.97203 1.93767 -0.712875 0.910428 1.09374 -0.233425 0.16785 
-1.63893 -1.29354 2.86286 2.71808 0.564338 0.401101 1.89252 -0.838853 0.129657 1.07683 -0.230721 -0.112785 
-1.32023 -1.48007 2.63412 1.55487 -0.879723 0.143753 2.34118 0.0888501 0.216628 0.593896 -0.222152 0.117177 
-1.01858 -1.64465 2.9143 1.69959 -0.795049 -0.274608 2.47237 0.244635 0.249505 0.706776 -0.105987 0.194197 
-0.695781 -0.965906 3.65946 1.40039 -0.251156 -0.231004 2.91141 -0.485796 0.140067 0.598235 -0.0935034 0.0333607 
-0.254643 -0.497391 2.99545 1.5583 -1.44311 -0.309751 2.50148 -0.0501606 -0.558584 0.00412812 -0.339645 -0.112321 
0.164247 -0.0507856 3.44877 1.07757 -0.785223 -0.291144 2.25122 0.89751 0.108243 0.191198 0.255282 -0.158406 
1.11779 0.88016 2.75657 0.444301 -0.744672 -0.638747 1.89795 0.0936906 0.757956 0.286695 -0.0296398 -0.17992 
1.71949 0.789875 1.65349 1.00204 -0.777423 -1.45483 1.79244 0.0364087 0.0342347 0.731078 0.065419 -0.393325 
1.83051 0.588676 0.82417 1.19023 -0.910121 -0.168071 1.07801 -0.789633 0.330561 0.834175 0.162305 -0.432233 
2.05356 0.176553 -0.106673 1.13335 0.13417 0.305935 0.153053 -0.811675 1.29682 0.328659 0.062515 -0.149565 
2.1846 0.0538726 -0.503034 0.426753 1.13015 -0.251481 -0.121301 -0.84901 1.48193 0.0902851 -0.187837 -0.0942216 
2.28984 0.318723 -0.244345 -0.401731 1.16086 -0.31356 0.292714 -1.15062 1.08208 0.217455 -0.299119 -0.115193 
2.33729 0.433906 -0.338181 -0.436915 0.783959 0.117105 -0.134353 -1.40609 1.34655 0.267665 -0.258019 -0.205449 
2.27949 0.501887 0.103918 0.265001 0.0148655 -0.373341 -0.208223 -1.03721 0.970772 0.448738 -0.0548865 -0.218319 
2.32723 0.536222 0.447296 -0.443042 0.382324 -0.0476222 -0.247981 -1.30205 1.07436 0.171185 -0.238639 -0.0127826 
2.25907 0.702135 0.72962 -0.0975444 -0.0271043 -0.277976 0.0642638 -1.67795 0.846522 0.326362 -0.0891986 -0.000123437 
2.25885 1.07079 0.740717 0.223615 0.0522542 -0.648549 0.288057 -1.2509 0.393734 0.372619 0.110209 -0.0612756 
2.23866 1.11706 0.533784 -0.258591 0.920392 0.0619775 1.11144 -1.2446 0.511316 -0.52917 -0.244142 0.13716 
2.21087 1.11791 1.22601 -0.560834 0.360614 0.523791 0.563432 -0.887772 0.800185 -0.565218 -0.223531 0.269168 
2.22783 1.13829 0.99725 -0.123076 0.689685 0.106984 0.0597817 -1.44756 1.17263 0.11294 0.0731838 0.248289 
2.08631 1.10139 1.1799 0.226255 0.516319 0.237232 0.751288 -0.652322 0.642048 0.239875 0.209421 0.167183 
2.05279 1.03383 0.98144 0.176393 0.729723 0.18845 0.878312 -0.788086 0.550963 0.00525842 0.420269 0.384962 
2.18534 0.988046 0.820802 -0.216279 0.672923 0.35821 1.15459 -0.458095 0.565938 -0.28463 0.369574 0.561823 
2.34524 0.763151 1.21804 0.458082 0.766178 0.0195091 0.524603 -0.119703 0.415299 0.625604 0.386482 0.162573 
2.26772 1.1113 1.47558 -0.243663 0.940194 0.0921188 0.947687 -0.732489 0.335142 0.286702 0.212526 0.410402 
2.25479 1.42454 1.24297 -0.241822 0.83911 0.403299 0.893875 -0.349797 -0.0491159 0.00456903 0.247967 0.29218 
2.25011 1.40416 1.4836 -0.261796 -0.229508 0.311427 0.490512 -0.662129 0.583981 0.317537 0.345889 0.310555 
2.21644 1.5965 1.24421 -0.15706 -0.190034 -0.198627 0.728896 -0.728934 0.642069 -0.0667814 0.258784 0.275834 
2.22445 1.76476 0.964461 0.533531 -0.714476 -0.68695 1.05141 -0.504992 -0.0142975 -0.214411 0.318926 0.126732 
2.23986 1.97071 1.04248 0.823206 0.150385 -0.809393 0.103274 -1.30904 1.08363 0.4384 0.270479 -0.0262968 
2.29152 1.80939 0.972692 0.183539 1.2011 -1.22197 -0.476677 -1.05465 1.51964 0.619709 0.169756 0.0753999 
2.14585 1.7483 1.10388 0.398936 0.387968 -0.832404 -0.2697 -0.602139 0.971986 0.67589 0.207423 -0.0164484 
2.23044 1.49846 1.68419 0.589072 0.47846 -1.10225 -0.11069 -0.412025 0.982311 0.915736 0.0724321 -0.0456224 
2.18223 1.65799 1.02089 0.712277 0.796199 -0.815948 -0.382165 -0.363727 1.60358 1.01971 0.260833 -0.0292882 
2.24574 1.40954 0.368623 1.4675 0.667638 -0.87075 -0.489308 -0.26347 1.53076 1.21051 0.506006 -0.00887519 
2.16829 1.59242 0.557543 0.516929 0.933401 1.59449 0.626753 -0.778253 0.474706 -0.153365 0.283181 0.176424 
2.04911 1.74143 1.38367 0.210897 0.642639 0.887676 1.25961 -0.304335 0.783685 -0.010852 0.218161 0.2169 
2.10795 1.50403 2.18532 0.735155 1.53798 0.500731 1.5686 -0.435226 0.469233 0.0181411 -0.284685 0.0774888 
1.98193 1.73833 1.76955 1.29432 2.18525 0.942746 0.52482 -0.340522 0.131683 0.0147474 -0.133153 -0.0933157 
1.90035 1.93118 1.417 0.574726 2.3802 0.989111 0.667481 -0.0806728 -0.461166 -0.244525 -0.0291399 0.015817 
1.76535 1.95724 1.80634 1.03679 1.6452 0.898271 1.57011 -0.251019 0.177715 -0.305669 -0.0776624 -0.00561023 
1.91806 2.22634 1.29678 -0.451252 0.534238 0.744836 1.24484 0.180321 -0.518129 0.457754 0.3611 0.297165 
1.96056 2.18507 1.6359 -0.0521783 0.502567 1.03583 1.1031 -0.594027 0.0158936 0.445767 0.103446 0.147854 
1.7209 1.8887 1.67854 1.20516 1.64821 1.75551 2.16392 -0.498024 -0.155331 -0.492547 -0.107021 -0.0113402 
1.81983 2.20002 1.62197 0.819079 1.48778 1.1964 1.95613 -0.573954 0.0921043 -0.0420839 -0.248894 -0.0629969 
1.51127 2.31564 2.07421 0.677231 1.40087 0.845961 1.26888 0.354149 0.117341 -0.242537 -0.034649 -0.0691661 
1.49209 1.92871 2.11968 1.32623 1.22554 0.916962 1.4758 0.119496 0.167502 -0.357266 0.246713 0.0129622 
1.61139 1.93128 2.28039 0.86577 0.219148 0.911283 1.50561 -0.180416 0.846616 0.189473 0.231145 0.0959651 
1.62735 1.6598 2.36717 1.33883 1.21648 0.200039 1.51169 -0.308831 0.770079 0.711964 0.0355256 0.0953506 
1.48386 1.56692 2.10664 0.812089 1.63493 0.398909 1.35116 0.290577 0.0946814 0.655894 0.292215 0.151809 
1.53548 1.97878 2.08381 -0.0283621 0.79326 0.0446709 0.771956 1.01596 0.419549 0.554045 0.755106 0.247632 
1.47273 2.00477 2.53709 0.27145 0.628658 -0.0117689 0.72904 0.449905 1.34667 0.618261 0.841315 0.407887 
1.41048 2.09283 2.28514 0.654234 1.45124 0.286596 0.690436 0.319146 1.63265 0.391903 0.538828 0.303723 
1.34139 1.89284 2.34663 0.907002 1.6437 0.324931 1.6759 1.18549 1.12327 0.0610358 0.540642 0.206205 
1.43901 1.62655 2.87645 1.00328 1.41403 0.408907 1.30192 0.727246 1.04185 0.530379 0.576294 0.321028 
1.36381 1.6027 2.7462 1.64133 1.44065 0.337776 1.48681 0.804395 1.05492 0.772015 0.408135 0.268719 
1.25425 1.6823 3.02082 2.36859 1.77736 0.793386 1.30264 1.2536 1.20896 0.157562 0.398706 0.267997 
1.20976 1.69562 2.77265 1.31816 0.534342 1.39442 1.29773 0.625903 1.87209 0.433546 0.789976 0.353597 
1.19817 1.5218 2.76904 1.00064 0.821609 0.466658 1.1006 1.68478 1.30185 0.666879 0.896047 0.285242 
1.11578 1.57664 2.70943 1.39711 0.677748 0.566448 1.48409 1.42488 1.39765 0.824579 0.792947 0.293089 
1.14215 1.42847 2.64628 1.04406 0.7098 -0.101512 1.68906 1.37445 1.26568 1.2747 1.07703 0.322741 
1.00677 1.68582 2.53975 1.06199 1.41151 -0.00665503 2.08392 1.53775 0.805653 0.46666 1.09842 0.172223 
1.15304 1.29849 2.83998 0.778008 0.744102 0.214189 1.87048 0.216656 1.17628 0.299028 0.827972 0.258283 
1.01766 1.03421 2.89441 0.930214 0.0914072 0.0220216 1.15977 0.106082 0.977773 0.276598 0.506079 0.126375 
0.925035 0.915006 2.5164 1.35339 0.130032 -0.383832 1.32563 0.217857 1.09198 -0.420321 0.431022 0.121121 
0.944506 1.06927 2.06024 1.47404 0.284537 -0.454634 1.37459 0.901537 1.11132 0.462409 0.838857 0.144416 
0.992145 1.1832 2.10272 1.14301 0.538569 0.335013 0.750941 0.965077 1.5871 0.543489 0.867092 0.178701 
0.960491 1.07101 1.79774 1.11135 1.38074 0.527727 1.16557 1.24479 0.769464 0.281031 0.421949 0.0535718 
0.982136 1.0183 2.08837 1.45513 0.638258 0.0619451 1.28156 1.79564 0.949904 -0.233341 0.288606 0.143653 
0.996271 1.0361 2.38458 1.07036 1.42437 -0.403313 1.34303 1.44009 1.51157 0.036026 0.395094 0.29611 
1.0194 0.709936 1.58908 0.877232 1.30682 0.0404512 1.58031 1.26288 0.740383 -0.0923787 0.554695 0.215646 
1.07414 0.940063 2.01646 0.366854 0.972482 -0.106428 1.31762 1.45151 0.932333 0.432544 0.513808 0.159798 
1.07781 0.542812 2.42015 1.06132 1.24135 -0.375396 1.97375 1.04964 0.0870033 0.717248 0.340772 0.116863 
1.14698 0.969527 2.35147 1.43767 1.50766 -0.694439 2.54409 1.9652 0.29446 0.558851 0.485008 0.258913 
0.904361 1.1645 2.42001 1.29116 1.74415 1.11863 1.63815 1.17725 1.33244 0.295391 0.643764 0.224417 
0.773814 1.13825 2.27382 1.22162 1.38639 1.0757 1.12462 0.699338 1.567 1.34825 0.555439 0.13603 
0.847546 1.04472 2.52122 1.34132 1.57803 0.960468 2.20921 0.42959 0.967705 0.940327 0.870352 0.131582 
0.84694 0.970708 2.29892 1.39196 1.51112 0.357441 2.10788 1.02655 1.29738 0.505639 0.416001 0.252182 
0.920895 1.14411 2.36743 1.3646 0.781537 -0.412696 1.62584 1.23442 1.96649 0.280075 0.79905 0.3047 
0.83004 1.00555 2.51199 1.34652 0.920341 -0.0102335 1.71526 0.618486 1.63731 0.334293 0.774812 0.222285 
0.916791 1.09576 2.26768 1.49619 0.805336 0.433339 2.48413 0.404629 1.60946 0.104926 0.650569 0.204238 
0.953666 1.38515 2.16864 0.851153 1.36693 0.410492 2.14369 1.11417 0.980227 0.695836 0.271745 0.186805 
0.841777 1.45959 2.41377 0.492338 1.72513 1.0382 2.3401 0.0699307 1.06487 0.763214 0.177104 0.270066 
0.795437 1.27248 2.14921 1.22864 0.907098 0.765113 1.43647 0.436544 0.7647 0.174027 0.771352 0.0627596 
0.61576 0.938871 1.85684 1.56843 0.488978 1.14595 1.248 0.600966 1.05271 0.0784375 0.546045 -0.0640785 
0.646101 1.07071 2.07583 1.32225 0.618271 0.633607 1.51537 -0.362872 0.985301 0.420791 0.153367 -0.0203756 
0.612293 1.29043 1.93307 0.949341 1.23873 0.795793 1.10443 1.15932 1.37556 0.704936 0.391694 0.0757383 
0.634508 1.57564 1.83054 0.880315 0.718836 0.314275 1.37461 1.02351 1.43382 0.615433 0.52415 0.0999061 
0.57107 1.55314 2.3397 0.718445 1.41246 1.2835 1.20184 1.51395 1.4964 0.265735 0.911547 0.0534605 
0.684714 1.43391 2.26811 0.91565 2.62707 0.157016 1.31367 1.47012 1.6745 0.342083 0.530294 0.225222 
0.675643 1.20205 2.61309 1.4139 1.59048 -0.980005 2.18958 0.531497 0.97367 0.642134 0.71389 0.184822 
0.64991 0.655262 2.57555 0.895041 0.991347 -0.0568997 2.04863 0.349772 0.96579 0.519319 0.495373 0.120425 
0.682109 0.919179 1.74479 1.19633 0.752362 0.143038 1.05885 0.827025 1.20095 0.738538 0.572365 0.0778792 
