0.787066 1.351 1.64569 0.821476 0.587845 0.406906 0.460347 0.513886 0.609928 -0.333004 0.500484 -0.0420059 
0.677523 1.32603 1.73017 0.950676 0.636814 1.04531 0.571046 0.275876 -0.230401 -0.191732 0.221129 -0.219192 
0.657299 1.19957 1.65069 1.52619 1.47734 1.22543 0.744891 0.781501 -0.514527 0.0134409 0.208019 -0.107656 
0.628996 1.57726 1.54614 2.29294 1.66664 0.253138 1.1727 0.535642 0.124202 -0.495326 0.188348 0.0369062 
0.55162 1.79354 1.44204 1.90432 1.80993 -0.306332 0.143822 0.163971 -0.0743789 -0.226623 -0.0728037 -0.0617272 
0.606022 1.62976 1.45428 1.77524 1.19996 0.180083 -0.499073 0.147793 -0.0344417 0.181981 0.0886364 -0.0368291 
0.650705 1.26221 1.18892 1.17466 1.66749 0.805341 -0.548032 -0.88155 0.558308 1.25745 0.10215 0.0263686 
0.695229 1.34555 1.38084 1.32471 1.28008 0.537813 0.468248 -0.627415 -0.111808 1.0754 0.356267 -0.0571559 
0.826839 1.11708 1.61595 1.91164 1.04344 0.567655 1.22252 0.619818 0.499487 0.299427 0.293591 0.00984407 
0.647197 1.08608 1.6249 1.05241 1.75447 1.15161 1.13591 0.499795 0.568354 0.716447 0.205923 -0.0130529 
0.722333 1.22588 2.04188 0.938509 1.72849 0.786186 0.0406453 0.124691 0.184094 0.338126 -0.00587051 0.00293658 
0.690741 1.50661 1.82839 0.986237 1.05834 0.728692 0.918604 1.54782 0.2698 0.139689 0.0424654 0.111028 
0.660648 1.09114 1.74931 1.35814 0.155611 1.3758 1.35192 1.05235 1.12775 0.510036 -0.386892 0.194926 
0.708123 0.511729 1.51472 0.243151 0.186168 1.2836 0.651845 0.73861 1.0445 0.278012 -0.338886 -0.110646 
0.656246 0.760146 1.3174 0.372567 0.152763 0.654149 0.874872 0.515229 0.751723 0.12918 -0.111759 -0.00121784 
0.408837 -0.972091 2.25855 1.25385 -0.260581 0.583868 1.89013 -0.252245 -0.332044 0.521906 0.377594 -0.300695 
0.380573 -1.39635 1.89859 0.791341 -0.105663 0.581189 1.74102 -1.12057 -0.564359 0.873656 0.457685 -0.210387 
0.158303 -0.876117 1.75966 -0.173861 0.16459 0.348897 0.892495 -1.28941 -1.00691 0.794837 0.368663 -0.299198 
0.0159161 -0.644848 2.13086 -0.368616 -0.593594 0.97395 1.42668 -0.835664 0.154519 -0.042899 0.166745 -0.558146 
-0.370471 -0.781121 1.88112 -0.204356 -1.6073 1.3984 1.41591 -0.0389358 0.174981 0.18729 0.306865 -0.38832 
-0.290936 -1.28188 0.656288 0.14701 -0.242896 0.92468 0.709569 -0.282798 -0.505481 -0.236079 0.575633 -0.117962 
0.0447181 -1.44796 0.330828 -0.000368468 0.00292614 0.847183 1.32945 -0.153165 -0.502909 0.054556 0.607449 0.0116038 
0.118041 -1.22864 1.09543 0.930339 -1.26748 0.807054 1.08292 0.532188 0.0114939 -0.227549 -0.134823 -0.429757 
0.186211 -1.52392 0.165522 -0.199348 -1.44575 0.417413 1.97871 0.634212 -0.161371 0.703702 0.205612 -0.420115 
0.352766 -1.43223 -0.602657 -0.908187 -1.38397 0.316501 2.59033 0.859701 0.320199 0.802211 0.332189 -0.212472 
0.422832 -1.44065 -0.588465 -0.867735 -0.944539 0.44562 2.43222 0.384707 0.490607 0.506565 0.224421 0.00526018 
0.395977 -1.47859 -0.182921 -0.838209 0.132622 0.517909 1.05686 0.154715 -0.265578 0.538552 0.392449 -0.260868 
0.158963 -1.22067 -1.01919 -1.39685 -0.0128325 0.137838 1.87065 0.845496 -0.362324 1.00485 0.695344 -0.0905321 
0.232372 -0.803833 -1.55385 -0.818426 0.850548 0.508028 1.79494 0.595531 -0.673369 0.414854 0.472099 0.0961292 
0.341959 -1.0906 -1.61512 -0.355485 -0.0798425 0.694928 1.50771 0.435522 0.329966 0.769458 0.628155 0.109716 
0.384639 -1.45991 -1.12043 -0.245795 -0.70665 0.930509 1.80905 0.43314 0.628221 1.27014 0.529567 -0.0276713 
0.623454 -1.52231 -1.34777 -0.879387 -0.86546 0.776908 1.64588 0.83096 0.667982 1.18145 0.336406 0.111456 
0.718841 -1.45868 -1.1522 -1.46077 -0.313408 -0.228162 1.71183 0.63055 0.975828 1.31358 0.209981 0.0824748 
0.7248 -0.973144 0.0263361 -1.62587 0.310466 -0.0654348 1.27587 0.808394 1.25438 1.10361 0.199564 0.214944 
0.895636 -0.289334 0.790298 -0.41666 0.231571 0.203117 1.57223 0.902763 1.49285 0.751689 0.019403 -0.017158 
1.41277 0.886335 1.49219 0.7725 1.1174 0.680277 1.86397 0.6939 1.55919 1.0216 -0.299685 -0.152439 
1.94061 0.993966 -0.544344 0.329289 1.13393 1.31342 1.94239 0.554415 1.28368 0.899384 0.308383 -0.245021 
2.22969 0.824604 -0.350882 0.00246229 1.0699 1.68042 2.00741 0.311684 1.13517 0.948366 0.192359 -0.292525 
2.30581 1.25211 -0.138038 0.055652 1.08108 1.26258 2.2102 0.154537 1.3169 0.894522 0.0560868 -0.360931 
2.26855 1.40792 0.560484 0.174983 1.58074 1.07667 1.83631 0.700608 1.23487 0.84865 -0.245901 -0.408455 
2.25041 1.52882 0.600408 0.39555 0.866573 1.37726 2.08606 1.1619 0.696267 0.690889 -0.243301 -0.407598 
2.29496 1.79723 0.657214 0.0925914 0.413347 1.44582 2.71781 1.28729 0.589341 0.314992 -0.331735 -0.336201 
2.27523 1.64071 0.958146 0.123717 0.815729 1.81538 2.87704 1.76676 0.24616 0.468104 -0.364126 -0.375268 
2.1466 1.85204 0.755119 0.085794 1.79067 1.90435 2.50746 1.90761 0.284043 0.0957172 -0.486329 -0.255287 
2.15069 1.64302 0.858941 0.842985 1.87181 1.83205 2.66179 1.82569 0.601934 0.0676903 -0.528403 -0.287287 
2.17158 1.52061 0.768792 0.975653 1.84179 2.57043 2.81774 1.22458 0.526563 0.0555846 -0.496618 -0.279678 
2.14541 1.59179 0.719755 0.820176 1.69255 2.79214 3.15434 0.700906 0.995042 0.0939858 -0.482757 -0.27558 
2.2533 1.46205 0.231232 0.58209 2.38849 2.70522 3.79954 0.26069 -0.0437913 0.131446 -0.071567 0.0351147 
2.31084 1.27622 0.359259 0.431619 2.63954 3.49826 3.31261 0.362913 -0.31552 0.188306 0.0736875 0.121695 
2.31001 1.1917 0.125813 1.18441 2.97934 3.18107 2.34036 0.53807 0.0491921 0.060433 0.119792 0.123973 
2.15705 1.32632 -0.126356 1.95925 3.24412 2.57548 2.40443 0.0995751 1.15567 -0.207746 -0.0245728 -0.0416185 
2.09897 1.30981 0.290304 1.76991 3.83638 3.28816 2.5595 0.0525959 0.772221 -0.193861 0.0213824 0.117629 
2.15428 1.10799 0.293409 1.6311 4.82478 3.57997 1.21186 0.534107 0.579439 -0.0551891 0.0578736 0.105014 
2.2535 0.90938 0.110241 1.68177 4.45821 3.07383 1.41744 0.24163 0.846065 0.110762 -0.0682496 0.038062 
2.2416 1.10328 0.228513 1.1493 4.0134 3.0089 1.58135 0.0339437 1.04742 0.100744 -0.0012126 0.0465603 
2.05199 1.53617 0.0608889 1.09277 3.85925 3.07218 2.34575 0.338198 0.680803 0.222279 0.102375 0.0692869 
2.12685 1.52562 -0.05051 0.722481 3.97815 3.62312 2.24336 0.611702 0.515715 0.235485 0.169901 0.0972036 
2.23991 1.16141 0.0412219 1.37253 3.87236 2.9411 2.51891 1.5019 0.995477 0.269123 -0.229527 -0.0156084 
2.10945 0.951606 0.295423 1.57307 4.19716 2.66366 2.0928 1.54626 1.31473 0.442706 -0.259178 -0.0210732 
2.002 1.01268 0.255513 1.39257 4.52397 2.70894 1.75656 0.886082 1.69549 0.258344 -0.0958806 0.0789106 
1.78828 1.24033 0.636862 1.50859 4.18813 3.28134 1.65652 1.07338 1.78077 0.475782 0.0293437 0.0372872 
1.73187 1.14159 0.292088 1.5322 4.16674 2.43197 1.75546 1.34079 1.90615 0.640706 -0.102444 0.00011229 
1.76986 1.1941 0.373772 1.94936 4.31325 2.54187 1.56306 1.27714 1.71693 0.600001 -0.0395438 0.0340007 
1.85337 1.45367 0.644538 2.01644 4.47602 3.41753 2.0365 0.760337 1.14312 0.607935 0.278635 0.160968 
1.98102 1.48415 0.570066 1.97884 4.72911 3.07884 1.89412 0.983308 1.12779 0.793124 0.199169 0.0868304 
1.95078 1.28704 0.207479 2.14549 4.9866 2.84189 1.57246 0.105054 1.63619 0.437518 0.362886 0.136825 
1.73298 1.09518 0.536594 1.775 5.69129 2.80562 1.17944 -0.194148 1.99995 0.100191 0.546828 0.267304 
1.83976 1.27262 0.558954 2.0516 4.45939 2.84037 2.24784 0.548797 1.47322 0.240636 0.104676 0.16596 
1.88232 1.35311 0.448453 2.34231 4.10151 3.18207 2.3347 0.642527 0.951438 0.530436 0.171017 0.119371 
1.82807 1.49808 0.741765 1.84221 4.12011 3.40252 2.31501 0.626057 1.38899 0.464053 0.0903662 0.0798884 
1.74017 1.59922 1.09828 2.11039 4.10137 2.72344 2.13866 0.762377 2.17693 0.197709 0.0241373 0.0641946 
1.75464 1.3459 1.00506 1.97936 4.20182 3.06367 2.60464 0.224343 1.26914 0.643861 0.189751 0.195543 
1.77242 1.32217 1.02234 1.7166 3.97706 2.54139 2.04209 1.23042 1.94544 0.511235 -0.152127 0.0430901 
1.69026 1.68286 1.32892 1.98948 3.38648 2.48872 1.7111 1.56284 1.68212 0.174516 -0.0126954 0.0702954 
1.73583 1.65689 1.58532 1.78387 3.3371 2.49446 2.31009 1.72459 1.33598 0.0449404 -0.0993856 0.100739 
1.73108 1.64799 1.41359 2.1107 3.22136 2.71944 2.48842 1.15634 1.71771 0.390596 -0.18808 0.0166555 
1.78366 1.8364 1.40068 2.18122 2.63852 1.37376 2.16473 1.09401 1.93055 0.938603 -0.175012 -0.0912691 
1.72477 1.55756 1.06683 1.27152 2.28817 2.26068 1.93738 1.21126 1.83443 0.0943204 0.0361224 0.060484 
1.66971 1.44075 1.17796 1.46856 2.37415 1.52452 2.41831 0.251166 1.29657 0.47492 0.361269 0.219985 
1.71001 1.61126 1.0336 1.16557 2.10789 1.03878 2.36192 0.62714 1.14117 0.938101 0.335564 0.165938 
1.60881 1.78189 1.51647 1.50833 2.78161 1.45311 1.25398 1.23187 1.64605 -0.13688 0.398035 0.163051 
1.59283 1.57022 2.1233 1.15995 2.7015 1.66946 0.562952 0.714214 2.00852 0.480595 0.32482 0.197207 
1.61606 1.3853 1.82593 1.03351 2.25376 1.45623 1.34063 0.683829 2.33479 0.944919 0.0544323 0.144907 
1.48967 1.56151 1.79425 1.32616 2.59048 1.25538 1.42139 1.29942 1.98566 0.727957 0.156816 0.172401 
1.50372 1.78558 1.88763 1.09389 2.54298 1.47167 1.80844 1.89811 1.72616 0.0105059 0.230674 0.152084 
1.51796 1.54533 1.77346 0.843478 2.39433 1.04704 1.51409 1.49594 1.90246 0.683799 0.0850076 0.132075 
1.64441 1.9132 2.0189 1.0485 2.13106 0.636416 0.693987 0.605496 1.67222 0.653386 0.170924 0.124743 
1.65302 1.96031 2.68427 1.39322 1.691 0.00460704 0.480284 1.40134 1.22439 0.972689 0.237383 0.179217 
1.58333 2.07982 2.52973 0.845417 1.90505 0.316866 1.06317 1.64388 0.992596 0.899011 0.501147 0.227377 
1.41211 1.6723 2.22075 1.55027 2.41288 1.61587 1.72936 1.30914 1.66938 0.737747 0.125117 0.203232 
1.4705 1.69386 2.53895 1.74009 2.47108 1.3913 1.89704 1.05973 1.71838 0.614002 0.276138 0.292273 
1.43186 1.8761 2.29373 1.89516 1.80585 0.700852 1.39122 1.69952 1.63312 0.460051 0.64245 0.325798 
1.36373 1.93498 2.01024 1.46203 2.41524 0.720402 1.59109 1.51432 1.37752 0.535253 0.781195 0.323503 
1.37253 1.91734 2.4188 1.48137 2.27664 1.80024 0.91762 1.3985 1.76415 0.889466 0.511415 0.298648 
1.47773 1.98026 2.49086 1.7627 1.65515 1.21054 0.631124 1.19178 2.07146 0.78873 0.643428 0.379498 
1.44942 1.97897 2.64989 2.41771 1.85005 1.27391 1.42745 1.26103 1.10215 0.807699 0.594244 0.308903 
1.50275 1.88649 2.62099 1.33781 2.09508 1.28595 1.60172 1.25013 1.05808 1.08522 0.542948 0.303262 
1.44209 1.87921 2.37404 0.734646 1.48005 0.473008 1.43821 0.745315 1.33984 1.60038 0.833919 0.455415 
1.4155 2.19122 2.30837 1.68552 1.68453 0.55077 1.91982 0.700944 1.86553 1.39496 0.367572 0.369396 
1.45593 1.83306 2.2673 2.44479 2.30521 0.873147 2.05762 0.706214 1.20747 1.11549 0.406568 0.275681 
1.42782 1.82668 2.39679 2.1263 2.43637 0.965144 0.907828 1.0331 1.50491 1.15138 0.31995 0.261479 
1.34648 1.66866 2.18995 1.65225 1.65846 1.5594 1.91014 0.914991 1.72365 1.00845 0.375927 0.269319 
1.3817 1.81915 2.29064 1.44362 1.41237 1.11647 1.92148 0.804983 1.33025 0.441793 0.903828 0.338172 
1.26022 2.1954 2.36908 0.838762 1.53792 1.13765 1.30027 1.34332 1.47691 0.779738 0.845207 0.302985 
1.32311 2.38694 2.15279 1.29167 1.76628 0.659205 1.91084 1.40588 1.63856 0.67094 0.766245 0.305169 
1.35639 1.86436 2.21462 2.00413 1.78217 0.966157 1.93179 0.686677 1.19864 0.664839 0.879194 0.338109 
1.41807 2.14568 2.55855 1.64626 1.95565 0.405616 1.00991 1.30437 1.07128 0.77356 0.711164 0.347161 
1.37522 2.14627 2.62778 1.7962 2.05556 1.49424 1.57484 0.63872 1.05951 0.365881 0.728469 0.280463 
1.35706 2.10069 2.70543 0.923396 2.32351 1.16801 1.70973 1.50616 0.778538 0.881008 0.450422 0.236409 
1.3144 1.87752 2.32233 1.3015 2.86263 1.18102 1.77856 0.708287 1.19572 0.991904 0.199759 0.282503 
1.31661 1.84513 2.58224 1.29345 2.25498 0.357202 1.05854 1.36595 1.34068 0.563259 0.48197 0.284665 
1.39627 1.8191 2.46387 1.13665 2.05488 -0.148149 1.39102 1.81894 2.01596 0.220503 0.649944 0.376161 
1.30373 1.88498 1.86824 1.29089 1.21483 0.67028 0.670668 1.91209 1.47458 0.922759 0.761082 0.27123 
1.28359 1.84776 1.84325 1.23751 0.845003 0.614795 0.0504386 1.83181 1.3902 0.821531 0.743107 0.236901 
1.16951 1.69299 2.43423 1.33846 2.03696 0.91277 0.247266 1.09441 0.519582 0.391612 0.364135 0.060997 
1.07499 1.93052 2.46245 1.22148 2.41732 -0.264774 0.865782 1.23027 0.637566 0.449739 0.481259 0.171648 
1.17054 1.67325 2.80423 1.13863 2.45193 0.169822 1.23139 1.33346 0.703868 0.683713 0.433342 0.224166 
1.20229 1.52561 2.44166 0.748471 1.94491 0.792819 0.665859 0.254117 0.918554 0.54148 0.692843 0.232468 
1.1806 1.76536 2.42922 1.14133 1.84655 0.0761398 0.35663 0.281041 1.23708 0.661482 0.604719 0.294075 
1.18361 1.81248 2.81283 1.44708 1.54561 -0.309029 0.949648 1.3883 1.25652 0.969806 0.56694 0.377728 
1.25728 1.93462 2.22056 1.33788 1.80748 0.300658 0.800762 1.45477 0.872686 0.536695 0.397019 0.171616 
1.28598 2.15579 2.63337 1.14121 2.40549 0.303822 0.897637 1.5777 0.813338 0.421036 0.519033 0.179019 
1.35101 2.1001 2.11528 1.20983 2.41843 0.571405 0.648862 1.15336 1.29566 0.469273 0.708323 0.238367 
1.27494 1.81222 2.66543 1.24249 1.83757 0.0811018 1.86095 0.40404 1.24593 0.788395 0.330893 0.334392 
1.2313 1.63057 2.92565 0.569055 1.03083 0.938042 2.12018 0.567009 1.47706 0.980722 0.329036 0.312846 
1.16994 1.74975 2.00742 0.516272 2.04769 1.46857 1.43024 0.952229 1.58602 1.20505 0.432542 0.291018 
1.05071 2.01292 1.90036 1.26146 2.5461 0.971291 0.652731 0.847561 0.956705 1.05514 0.806618 0.219555 
1.03381 1.5421 2.42681 1.49015 2.10091 1.09555 0.499975 1.74827 0.812587 0.721308 0.7025 0.153239 
1.14287 1.53122 2.23414 1.40176 2.15433 0.255349 0.145963 1.48208 0.767487 0.456413 0.861138 0.171855 
1.16913 1.7628 1.95172 1.17767 1.05932 0.398312 0.955931 0.757412 1.44649 0.693258 0.652447 0.221748 
1.17609 1.95541 1.8898 1.33474 0.827768 0.214043 1.51233 0.231975 1.447 0.973848 0.303608 0.211019 
1.13643 1.78784 1.79596 1.78191 1.92534 -0.207643 0.821067 0.161392 0.687305 1.00042 0.455736 0.221307 
1.20115 1.525 2.23892 1.50018 1.62549 -0.0996188 0.851292 1.17014 1.11948 1.20647 0.270605 0.25069 
1.11726 1.69034 2.68754 0.825274 1.65732 0.188614 1.15784 1.43436 0.852146 0.854082 0.257661 0.195371 
1.19399 1.59456 2.40352 0.848748 1.44387 1.24769 1.24572 0.527375 1.00001 0.698534 0.462008 0.201499 
1.14186 1.58849 1.93962 1.69654 2.15348 1.12425 1.56342 0.138073 1.00015 0.760032 0.373892 0.18707 
1.03427 1.49954 1.96366 1.97638 0.88233 -0.0336043 1.0107 0.00234939 0.805376 0.248241 0.168673 0.125911 
0.962713 1.37692 1.87723 0.644761 1.14922 -0.298982 1.11468 1.02802 1.04978 0.176247 0.444087 0.120506 
1.13607 1.54018 1.90233 0.43541 1.23343 0.31966 1.93853 1.18545 1.2231 0.806099 0.100439 0.117556 
1.03395 1.72746 1.54943 0.57532 2.00302 0.048933 1.57179 0.445202 1.29506 0.316655 0.485434 0.151772 
0.92867 1.63547 1.80343 0.487013 1.60682 1.02137 1.01075 0.766087 1.2083 0.615709 0.495418 0.129263 
0.865141 1.57689 1.36078 0.874207 1.87874 1.31507 -0.0122327 0.697692 1.60156 0.346005 0.787461 -0.0494787 
0.791913 1.38636 1.93771 0.643997 1.3023 0.447044 0.576895 0.906114 0.888373 -0.255333 0.555731 -0.00874803 
0.798355 1.3313 1.90726 0.574497 0.984611 -0.468631 0.736068 0.100802 1.02424 0.596487 0.218642 0.185148 
0.829929 1.42251 1.77452 0.517642 1.2169 -0.693789 1.01376 0.576605 0.681305 0.870723 0.409445 0.148077 
0.879917 1.43136 1.93882 1.00663 1.56665 0.365629 0.140173 0.301036 1.29455 1.30774 0.833898 0.0888239 
0.904872 1.48744 2.01229 0.857783 1.15291 0.269706 -0.529799 -0.238489 0.911057 0.578349 0.561959 0.000290131 
0.880066 1.66093 1.8496 1.17236 1.3685 0.881028 0.888743 0.209722 0.669633 0.518775 0.114314 0.0458849 
0.784989 1.56409 1.96313 1.52563 1.68366 1.16837 1.68598 1.72108 0.365351 0.423912 0.483466 0.0784554 
0.769987 1.55433 2.13256 1.99123 0.848033 1.03745 0.616327 1.06795 0.984226 1.01288 0.421437 0.139853 
