0.641254 0.947752 1.45273 0.513834 0.810042 -0.0452758 1.76058 -0.223222 0.816481 0.0223855 0.0309836 0.155839 
0.595408 1.00046 0.976263 1.15541 0.353307 0.547139 1.84281 0.757931 0.453219 -0.0635273 -0.0878274 0.124361 
0.590465 0.69965 0.902737 0.899894 -0.0259127 0.106503 1.07866 0.85156 0.38074 0.185485 0.258804 0.0404935 
0.649168 0.773251 1.7969 1.42405 0.979474 0.0309522 1.19819 0.393561 1.46913 -0.188457 0.249116 0.168828 
0.56603 0.877239 1.3648 1.70462 0.863942 0.327655 1.19663 -0.0643994 0.792901 0.438394 0.810638 -0.129239 
0.393191 1.14051 1.21862 1.03042 0.651782 0.141287 -0.0420242 0.485249 0.395269 0.718672 0.714416 -0.0717771 
0.447382 0.917593 0.896423 0.591565 1.41625 1.02649 0.557329 1.13547 0.415609 1.1452 0.501276 -0.128357 
0.554406 0.752701 1.00727 0.655565 2.27166 0.999372 0.630078 1.10002 0.607027 0.815725 0.212147 -0.110099 
0.488914 0.898608 0.838476 0.876584 0.828901 0.677025 0.434871 0.718642 0.905166 0.365751 0.200611 -0.0848101 
0.872181 0.887256 1.02957 0.484802 -0.0444674 0.486609 0.320595 0.932367 -0.142168 0.0530075 0.296414 -0.0887663 
1.09116 0.599776 0.57992 -0.150809 0.140315 0.0372863 0.428277 0.225543 0.390575 0.341255 0.0424773 -0.171833 
1.45028 0.568081 -1.82437 -1.26174 0.0244236 0.538029 1.59549 -1.37498 0.28808 0.384086 0.150592 -0.206714 
1.3542 0.623455 -1.13065 -0.582838 0.605079 1.57891 1.83218 -1.13252 0.439669 0.496215 -0.164596 -0.390051 
1.14017 0.606559 -0.198327 -0.433745 0.750026 1.38368 2.10995 -0.0828331 1.54921 0.273221 0.211755 -0.256709 
1.59561 1.37608 0.250247 0.307887 0.594851 0.594035 1.64747 -0.138627 2.26405 0.764014 0.398757 -0.19108 
2.456 1.22506 -0.770099 -0.140452 1.59194 0.180818 0.274512 0.261901 2.30365 1.04849 0.148496 -0.322425 
2.55819 1.57665 -0.353622 -0.24742 2.16258 -0.740688 0.446504 0.129827 1.88594 1.07827 -0.0832802 -0.252873 
2.559 1.93944 -0.912287 0.125131 1.57106 0.127122 0.184867 -0.596378 2.32066 0.925931 0.438052 -0.355496 
2.37702 2.03409 -0.202297 0.694234 1.52196 -0.18989 -0.464956 -0.540697 1.99439 1.12156 0.430696 -0.282591 
2.17965 2.00397 0.53166 0.424726 1.82501 0.398345 -0.512002 0.164536 1.40682 1.01966 0.182855 -0.291617 
2.38566 2.1246 0.577044 -0.154111 2.68854 0.0161639 0.152698 -0.316467 0.991231 0.77543 0.0567192 -0.16856 
2.49618 2.31376 0.423714 -0.0276458 2.62563 -0.24956 -0.624958 -0.507979 1.32517 0.836372 0.150128 -0.247275 
2.27034 2.12896 1.12191 0.443237 2.15647 0.281902 -0.509075 -0.0687911 1.20616 0.7457 0.105143 -0.229522 
2.30411 2.19258 1.08079 0.467634 2.45477 0.179822 0.628762 -0.356924 1.38006 0.290341 -0.182833 -0.21317 
2.4282 2.12872 0.775698 0.428146 2.31048 0.58874 0.933431 -0.00385503 1.38471 -0.28289 -0.384258 -0.253764 
2.45038 2.29076 1.0757 0.35921 2.60574 -0.515176 0.395029 -0.306558 1.3168 0.43686 -0.138705 -0.0574184 
2.39803 2.48014 1.53368 -0.0239607 2.80595 -0.818968 0.963879 -0.809884 1.32933 0.183145 -0.343217 0.116056 
2.33403 2.27458 0.98166 0.0962616 3.0045 0.273858 1.05803 -0.501074 1.01028 -0.218605 -0.351732 -0.113204 
2.25312 2.61163 1.20533 0.0590632 2.37415 -0.306709 1.10569 0.0220136 1.06374 -0.868313 -0.387047 -0.121541 
2.18662 2.53338 1.79588 0.721569 3.32333 -0.784584 0.945206 -0.4945 1.16548 -0.393149 -0.468021 0.0296545 
2.13856 2.35 2.1901 1.64499 3.2625 -0.469033 -0.230497 -1.05981 1.02555 0.429904 -0.304711 -0.0987396 
2.10562 2.57582 1.70786 1.27659 2.77702 -0.0350049 -0.335187 -0.434532 0.918927 0.299161 -0.0567169 -0.142079 
2.18245 2.72862 1.95876 1.18193 2.76259 0.100843 0.186136 -0.00402338 0.810008 -0.554738 -0.129507 -0.0980124 
2.18396 2.56751 1.88167 1.46577 2.79436 0.552075 0.106572 0.231261 0.786673 -0.339567 -0.101962 -0.115238 
2.22623 2.5715 1.88993 0.965409 2.6961 0.847839 0.269912 0.83516 1.01166 -0.831141 -0.160069 -0.161564 
2.12981 2.65744 1.96412 0.617755 2.29527 0.460065 0.830157 0.638483 1.0989 -0.784779 -0.062115 -0.0755722 
2.10458 2.98215 1.92003 0.937809 2.52871 0.255767 1.37852 -0.107278 0.841457 -0.724754 -0.0415117 -0.0185388 
2.05289 2.84446 2.25157 1.49095 1.93127 0.439715 0.825684 0.406921 0.435111 -0.608719 -0.0590708 -0.0881867 
2.03303 3.03732 2.44157 1.13005 3.00192 -0.482745 -0.0613157 -0.71166 0.663724 0.120033 -0.114266 -0.0162865 
2.01637 2.94027 2.42814 0.813751 2.64583 -0.311653 0.780692 0.220457 0.831421 -0.199596 -0.149708 -0.0652188 
1.90128 2.6064 2.63956 1.85093 2.59912 0.702374 0.724623 -0.179967 0.544984 -0.0858633 -0.180249 -0.104601 
2.01039 2.69054 2.80423 0.700186 2.52954 1.05988 1.85986 1.21127 0.276218 -0.315792 -0.265481 -0.153099 
1.94907 2.54604 2.48638 0.8303 2.10858 0.899883 2.35617 2.04848 0.321435 -0.49848 -0.266556 -0.207407 
1.87853 2.54211 2.4538 0.787699 1.74168 1.13172 1.52989 1.59698 0.549032 -0.534136 0.0317106 -0.112269 
2.03578 2.62407 2.67239 1.68316 1.29532 0.920085 1.7912 0.730347 0.305989 -0.488343 -0.0979422 -0.116518 
1.91498 2.56392 2.96906 2.01739 1.54939 0.0223852 1.15959 0.349557 0.977556 -0.391422 0.0104293 0.0173725 
1.87524 2.56136 2.81857 1.50777 2.18898 0.242786 1.08149 0.598302 0.441356 -0.0734318 -0.0402166 -0.00436333 
1.90162 2.33626 2.36866 1.20664 2.41788 -0.204103 0.940203 1.41549 -0.191613 0.204624 -0.148763 -0.0593386 
1.7836 2.03524 2.48064 0.844766 1.50384 0.689113 0.920938 0.126561 -0.280433 0.0259039 -0.0943916 -0.0818342 
1.75789 2.11136 2.56585 1.64568 0.911141 0.644379 0.803919 -0.127557 0.0704871 -0.105131 -0.0904447 -0.0959258 
1.62039 2.33543 2.83755 1.54696 0.967121 -0.022527 1.0292 0.438664 0.260296 -0.0292609 0.0401596 -0.0541974 
1.55991 2.48501 2.4101 1.70833 1.32181 -0.310271 1.15825 1.1637 0.788543 -0.766097 0.360208 -0.0199027 
1.54748 2.40636 2.60193 1.33678 2.24104 0.167903 1.65737 1.16758 0.781596 -0.348565 0.439477 0.140684 
1.54464 2.34782 2.51634 1.65841 3.19759 0.491661 2.19595 1.34309 0.479673 -0.16437 0.283535 0.177112 
1.58579 2.14328 2.54971 2.14275 2.44583 1.15977 1.43774 0.33656 1.81866 0.335144 0.152655 0.172243 
1.47634 2.31628 2.95555 1.56873 2.73242 1.53301 1.29582 0.803342 1.5733 0.50786 0.130616 0.203521 
1.4947 2.31079 2.8136 1.48355 2.5881 1.55255 1.12821 1.0767 0.696975 0.26327 0.303007 0.106981 
1.65316 2.20924 2.57125 0.995639 2.7632 1.47582 1.88698 0.0566891 0.804013 0.287753 0.0649212 0.192655 
1.63488 1.58925 2.26341 1.47545 3.02695 0.0499664 2.08499 0.191908 1.0445 0.400582 -0.280516 0.178371 
1.48024 1.99627 2.34989 1.79058 2.07316 -0.0860538 1.00558 0.430733 0.638219 -0.104919 0.175766 0.0785145 
1.432 2.06727 2.58662 1.73108 2.38501 0.898204 1.45513 0.369315 0.92464 0.318222 -0.156087 0.0387979 
1.47188 1.99697 3.28368 2.39477 3.16897 1.59849 0.877699 0.811537 1.33927 0.0547242 0.137502 0.116156 
1.52872 1.97542 2.9797 2.16853 2.85035 1.71161 2.32906 0.806632 0.956207 0.150747 0.368802 0.226449 
1.53094 1.85386 2.9514 1.76694 2.26589 1.77565 1.89954 0.8329 0.657994 0.613231 0.486486 0.241965 
1.45907 2.04607 3.09221 1.82643 1.81208 1.28463 1.92375 0.63467 1.09781 0.650029 0.340541 0.242289 
1.36456 2.11604 3.05473 1.67894 1.39347 0.702596 1.62975 0.997481 1.42672 0.76524 0.288917 0.273032 
1.35239 1.67412 2.7421 1.49616 1.63103 0.802848 1.78699 1.00105 1.09624 0.973032 0.011111 0.162745 
1.3003 1.31092 2.44 1.36556 1.97917 0.609024 1.99279 0.516652 1.11043 0.132855 0.272297 0.253728 
1.13756 1.64623 2.65385 0.802476 2.12745 0.486014 1.12245 0.901462 1.02531 0.103722 0.418234 0.153833 
1.21132 1.42967 2.13493 1.55381 0.930243 0.226348 0.301234 0.547078 0.95799 0.0222187 0.454506 0.100131 
1.26257 1.50708 2.77886 1.51073 0.542971 1.31793 1.04008 0.3847 0.87788 0.0207282 0.0554847 0.062972 
1.18752 1.70073 2.18903 1.44721 1.34513 -0.0267843 0.970681 0.543419 1.41527 0.21028 0.400406 0.207503 
1.03117 1.79307 2.13384 1.44928 1.85952 0.0519549 1.0111 0.572107 0.882474 1.12639 0.863458 0.276435 
1.08875 1.63205 2.79031 1.26754 2.0512 0.917035 1.73774 0.876212 0.906163 0.913439 0.610304 0.261275 
1.1475 1.51076 2.49114 1.29763 1.43409 1.61808 2.01214 0.55539 1.2415 0.176158 0.678093 0.241311 
1.14305 1.59354 2.15422 0.234451 2.07759 1.01456 1.18512 0.977417 0.396781 0.140091 0.284676 0.0619709 
1.10947 1.68947 1.81133 0.998707 1.70693 0.720782 2.34665 1.23351 0.680129 0.211446 0.448534 0.120587 
1.07669 1.71945 2.05633 1.76925 1.61438 1.01701 2.45268 0.896379 1.0062 0.512879 0.513781 0.18806 
1.08575 1.73563 2.33091 1.31428 1.64344 0.257692 1.74157 1.289 0.624426 0.969743 0.556658 0.199877 
1.09928 1.73774 2.77237 1.00148 2.01887 0.181923 1.60028 1.50323 0.361872 0.169403 0.366125 0.0863521 
1.07909 1.55776 2.84314 1.22228 2.23771 0.0137049 1.85797 0.877946 1.45014 0.651123 0.0136094 0.36318 
1.06171 1.46954 2.25651 1.03589 2.28241 -0.126026 1.09476 1.19875 1.56732 1.05271 0.516929 0.3037 
1.12786 1.67457 1.9464 0.572082 1.42126 0.624348 1.73951 1.02377 0.753421 0.441269 1.20126 0.210988 
1.0491 1.75376 2.31561 1.09226 1.68688 0.418274 1.93916 0.816084 0.123055 0.739071 1.08736 0.165345 
1.01205 1.6698 2.34534 1.50675 2.14333 0.783342 1.0127 0.301419 0.355708 0.277228 0.889466 0.0745869 
0.859473 1.40466 1.97183 1.15339 2.33136 1.06876 0.765625 -0.103648 1.23546 0.281494 0.376554 0.0750212 
1.00194 1.10822 2.00071 1.13132 2.07124 0.0846583 0.673841 0.2311 1.33646 1.41453 0.99571 0.170998 
1.0718 1.2235 2.11795 1.08539 1.9504 1.14676 0.757472 0.773675 1.05207 0.598997 0.622034 0.17462 
1.15219 1.24955 1.83919 1.37402 2.21746 0.945618 0.991265 1.13452 1.06063 0.503313 0.678708 0.179879 
1.08271 1.5546 2.12101 1.89438 1.48537 1.02603 0.777598 0.898061 1.02321 0.555688 0.662928 0.17401 
0.929786 1.27372 2.0244 1.37699 1.46424 0.863686 0.527626 0.89228 1.02716 1.01204 0.850594 0.0727274 
0.978219 1.50142 2.19328 0.770846 1.5869 0.696714 1.8169 0.700245 0.303659 1.10944 0.69346 0.0901694 
0.954592 1.52663 2.04052 1.18239 2.32184 1.48884 2.0653 0.500481 0.282125 0.564399 0.928566 0.140367 
0.884926 1.63826 1.89641 1.1958 1.5195 0.89305 1.63469 0.676591 1.43182 0.0166658 0.403006 0.118126 
0.841132 1.08941 1.62627 1.23374 1.78296 0.801574 0.93507 0.406206 0.992348 0.576104 0.339642 -0.0568207 
0.847796 1.27466 1.61957 1.61363 1.31379 1.07704 1.30304 0.956144 0.616203 0.931934 0.613357 0.0312861 
0.832189 1.58853 1.64059 1.65486 1.37997 1.0098 2.32487 0.829768 1.11185 0.657687 0.268474 0.138202 
0.663339 1.27758 1.69258 1.99032 2.0079 0.627316 2.36322 0.0326552 0.504708 0.700114 -0.147807 0.231453 
0.691407 1.17249 1.86102 1.44848 1.8525 0.42536 1.64229 0.674114 1.16454 0.668013 0.283625 0.179479 
0.831928 1.3669 1.8473 1.07863 1.75892 1.41284 1.18269 0.478991 0.978833 0.682483 0.458079 0.107305 
0.842715 1.49006 1.82353 1.19491 1.80183 0.380005 1.50484 1.08148 1.60745 0.00142187 0.136484 0.143257 
0.739534 1.30923 1.71228 1.44457 1.95243 0.00749209 0.774897 0.504198 0.24254 -0.20536 0.510849 -0.00502456 
0.800979 1.16778 1.24572 1.84131 1.83232 0.787378 1.01566 0.295448 0.591747 0.277523 0.84379 -0.0625121 
0.820643 1.06401 1.52989 1.34307 2.258 1.07733 0.806399 0.786449 0.76795 0.226771 0.207146 0.00318894 
0.899102 1.15168 1.53648 1.37295 1.31475 0.627905 1.19521 0.685394 0.933032 0.274078 0.141078 0.0284589 
0.707436 1.56987 1.42856 1.33025 1.07558 -0.391812 0.548982 0.912102 1.03114 0.3334 0.302893 0.0702392 
0.737024 1.30642 1.27839 0.992607 1.15437 0.905945 0.523028 0.50669 1.26442 -0.103558 0.204379 0.0681042 
0.701915 1.47945 1.56823 0.868823 0.58787 1.3153 1.38839 0.0806953 1.01547 0.691978 0.41997 -0.0221996 
0.69464 1.19665 1.7145 0.939239 1.49969 0.292666 0.668507 0.328015 1.55166 0.0812198 0.108331 0.0137028 
0.663577 1.04942 1.4932 0.460656 1.0879 0.702921 0.175387 0.595305 0.769827 0.99315 0.210122 0.0506731 
0.526413 0.966257 1.86849 1.438 1.15125 0.863833 1.04182 1.44918 0.159321 0.493685 0.364349 -0.0483434 
