0.713091 1.29609 1.87105 1.5045 1.36638 1.3207 0.869841 0.300174 0.815754 -0.161849 -0.0116555 0.018121 
0.622776 1.41889 1.51744 1.4066 1.57224 0.535847 0.742972 0.208473 0.98773 0.49534 -0.182826 0.0146572 
0.681606 1.36014 1.63649 1.23993 0.825764 0.812469 0.291443 0.123733 0.487302 -0.207635 -0.107564 -0.0898705 
0.83162 1.48141 2.03889 1.20055 1.16354 1.12227 0.846073 0.576 -0.220924 -0.303425 -0.408064 -0.129841 
0.849404 1.53037 1.70203 1.48126 1.49179 1.18062 0.372772 0.649593 0.187419 -0.701286 0.424617 -0.118882 
0.716647 1.64509 1.83837 1.29134 1.07334 1.47426 0.459407 -0.227053 -0.290923 -0.491209 0.206431 -0.22452 
0.805503 1.87842 1.84097 0.619913 1.39509 0.895951 0.167256 0.310508 -0.22846 -0.420601 -0.130491 -0.244956 
0.77021 1.94829 1.76 0.809482 1.73504 1.08802 0.55374 0.604208 -0.384866 -0.385879 -0.181439 -0.223344 
0.780018 1.64271 1.99411 0.944483 1.47611 1.12157 1.32575 0.163121 -0.166812 -1.01467 -0.199796 -0.216843 
0.942523 1.53911 2.21792 1.19693 1.28496 1.91536 1.39193 0.326812 -0.120201 -0.77823 0.06549 -0.0887934 
0.995362 1.59126 2.15107 1.23929 1.92154 1.35028 0.792197 0.967324 -0.0535233 -0.0266528 -0.323345 -0.0335302 
0.918492 1.43386 1.39253 0.925207 1.66526 0.667216 0.394224 0.731934 0.234715 0.0911101 -0.268482 0.00697205 
0.953613 1.31675 0.937502 0.19633 1.52597 -0.63541 0.845762 0.469966 -0.135088 -0.243145 -0.101985 -0.0349559 
0.981512 1.3191 1.08235 0.0846067 0.879878 -0.27937 1.30852 0.0239742 0.438164 0.0877171 0.186735 -0.19333 
1.57151 1.14033 -0.724408 -0.44447 2.00781 0.512202 1.10298 -0.93219 0.973257 0.925771 0.487055 -0.198295 
1.47582 1.19992 -0.398857 -0.461483 2.17008 0.583377 1.38248 -1.10657 1.01133 1.14013 0.402515 -0.164494 
1.28948 0.892771 0.895225 -0.744002 1.77699 0.54089 1.74783 0.358742 1.03184 1.70333 0.506741 0.00842588 
1.41714 0.706093 1.15487 -0.153312 0.808629 1.20387 1.53539 0.911158 0.937866 1.96546 0.650673 -0.0626591 
1.60439 1.05526 1.37421 0.304761 2.05554 1.5896 1.22329 0.510804 0.746074 1.59805 0.555539 0.0962547 
2.08031 1.63772 1.18907 1.22791 3.23861 0.453727 1.51583 0.26559 1.72978 1.47201 -0.246838 -0.242774 
1.92451 2.12816 0.496924 0.65552 3.93232 0.40195 0.201228 0.359797 1.83993 0.985183 -0.00761131 -0.320124 
1.91378 2.50061 1.74527 0.512483 3.99973 0.407908 -0.654137 0.622064 1.74468 0.753677 0.186715 -0.318156 
2.05333 2.54974 2.12412 0.334719 4.25457 0.903425 -0.541604 1.08174 1.75808 0.282628 0.193494 -0.386532 
2.10446 2.55212 1.49402 1.13592 3.94219 1.43093 0.00684897 0.955435 1.70528 0.109697 0.00771925 -0.394344 
1.76785 2.61601 2.40993 0.923204 4.79986 0.307966 -0.201555 0.62867 0.669198 0.348604 -0.00731318 -0.227741 
1.72969 2.52217 2.67705 0.69172 5.23461 0.328123 -0.642211 0.676297 0.955734 0.136489 0.040545 -0.332029 
1.815 2.51956 2.66683 1.31479 4.44596 0.978697 -0.881749 0.782774 1.27387 -0.0161271 0.0708151 -0.353873 
1.74997 2.47728 2.81146 1.34537 3.49869 1.30795 0.347046 0.899111 0.320389 -0.115854 0.032118 -0.156107 
1.71475 2.45262 2.2837 2.0103 3.26095 1.41957 0.676719 0.250593 0.794315 0.365262 -0.0954479 -0.103827 
1.67749 2.44603 2.61063 2.2107 3.58101 0.849878 0.0306455 0.306131 1.08649 0.257931 -0.166346 -0.135529 
1.87306 2.59049 2.91503 1.44113 4.42134 1.15866 -0.479563 0.650953 0.890502 -0.179254 0.108196 -0.246309 
1.85309 2.69434 2.92157 1.50594 4.80088 1.1569 -0.829091 0.760042 0.968171 -0.197545 0.186198 -0.35374 
1.80892 2.8982 2.81868 1.69054 4.37605 0.577977 -0.315415 0.71041 1.24316 -0.345771 0.0843951 -0.269857 
1.82411 3.05843 2.7761 0.65355 4.66711 0.214857 0.382076 0.78528 0.834383 -0.573343 0.162539 -0.235614 
1.90485 2.76946 2.45894 1.67508 4.08762 1.16132 -0.743073 0.579346 1.0584 -0.55956 0.209083 -0.317314 
1.76424 3.02035 3.11315 1.83615 4.28275 0.468787 -0.48117 0.417194 0.443491 -0.935396 0.0750737 -0.35051 
1.79887 3.02548 2.70588 2.09264 3.73835 0.644228 -0.370359 0.994707 0.382476 -1.06793 0.129004 -0.342322 
1.78956 2.74685 2.51634 2.07545 3.34857 1.26662 -0.200527 0.947556 0.25041 -0.662877 0.13952 -0.212186 
1.82951 2.71223 2.63067 1.81412 4.17758 1.1948 -0.795222 0.736603 0.257713 -0.295681 0.166108 -0.302314 
1.79756 3.00596 3.0269 1.50105 3.82042 0.872171 -0.404849 0.937394 0.316104 -0.453667 0.241068 -0.238009 
1.71289 3.20983 2.74059 1.70859 4.05251 1.58604 0.309731 1.2007 0.512981 -0.733997 0.499417 -0.290785 
1.67123 2.90147 2.94679 2.56383 3.88194 1.6237 0.689307 0.743885 0.817298 -0.48945 0.322452 -0.122515 
1.7583 2.94499 3.39976 2.69491 3.96138 1.25419 0.901733 1.10693 0.544158 -0.818608 0.281352 -0.122552 
1.84973 2.84781 2.69701 2.27096 4.16752 1.43741 1.76603 0.761531 0.69893 -0.435008 0.199411 0.0212373 
1.70545 2.69143 3.00447 2.64443 3.45248 1.49794 1.02078 0.31336 0.231547 0.0810208 0.0696615 -0.0514898 
1.79595 2.91841 3.39616 2.81788 3.96078 1.50838 0.705577 -0.201106 0.365188 -0.0935354 -0.0888553 -0.145581 
1.73411 3.00384 3.31842 1.8088 3.86043 1.08173 0.977549 0.762283 0.000475651 -0.347275 0.085514 -0.129404 
1.84964 2.98616 3.36743 1.16073 5.17787 0.4293 1.00004 1.34224 -0.131435 -0.733265 -0.0421542 -0.214261 
1.6382 2.69718 3.02678 1.65756 3.02861 1.47168 1.71128 0.892487 0.294942 -0.236683 0.12313 -0.0417019 
1.79398 2.67736 2.93166 1.20279 2.90518 0.873561 1.17447 1.26399 0.251107 -0.465959 0.0277975 -0.117393 
1.73811 2.82121 3.4986 0.967861 3.28712 1.52797 1.0074 1.72058 -0.103027 -0.316808 0.254547 -0.180235 
1.78661 2.82307 3.23727 2.11982 3.34147 1.80765 1.01501 0.479495 0.634451 -0.010743 0.0890932 -0.0222677 
1.82007 2.85785 2.92008 2.09951 2.98301 1.17613 2.64227 0.296811 0.866309 -0.180599 0.00578504 0.0440663 
1.64749 2.60686 2.78777 1.80851 2.61566 1.79133 2.24218 0.762653 0.730046 -0.0836553 0.101616 0.0303641 
1.61741 2.70597 2.78708 1.74861 2.56369 1.00252 1.89079 0.599504 0.965579 0.173058 0.133418 0.0914542 
1.66191 2.67573 2.61115 1.3162 1.85267 0.63744 1.25974 0.590916 1.29297 0.0955248 0.212053 0.070232 
1.79243 2.21923 3.00441 1.79282 1.9511 0.313796 1.16328 1.13801 0.739798 0.400908 0.0520466 0.0471686 
1.80567 2.26272 3.05904 1.46524 2.72138 0.700931 1.56539 1.4487 0.0548602 0.360851 0.162997 0.0568292 
1.70421 2.21239 2.5331 1.63641 1.82423 2.09559 1.70137 0.854609 0.848859 0.342911 0.289137 0.159811 
1.566 2.36639 2.6766 1.24274 1.78187 1.97971 1.87254 1.05219 0.756651 0.767678 0.299563 0.205779 
1.70947 2.28737 2.51138 1.22129 1.94034 1.59174 2.01181 0.930848 0.543261 0.747549 0.413324 0.257472 
1.69013 2.2752 2.63943 1.20629 1.57034 2.19087 2.25311 0.853244 1.63581 0.209588 0.454524 0.299391 
1.62649 2.4737 2.70516 1.37987 1.61424 2.49759 2.61361 0.90174 1.28685 -0.0574933 0.48067 0.233375 
1.61661 2.0984 3.11652 1.38903 2.54244 1.94147 2.44928 0.709888 0.981421 0.556377 0.156028 0.237555 
1.49137 2.16296 2.93824 1.6765 2.09821 0.779159 1.42069 0.876703 1.13446 0.684167 0.295972 0.241554 
1.46245 2.10107 2.42542 1.73502 2.09305 1.46239 1.09741 0.99511 1.27219 0.460316 0.375848 0.180407 
1.45967 1.95393 2.73793 1.98617 1.93819 1.47881 1.51918 1.36253 1.28002 0.344044 0.133966 0.121606 
1.49423 1.90164 2.89336 1.98028 2.41386 1.35525 1.66612 1.81018 1.06755 0.821789 -0.0804624 0.0802514 
1.40623 1.96206 2.34636 1.92156 2.54945 1.91874 1.75499 1.92357 1.33858 1.03852 -0.102 0.156588 
1.35096 2.17932 2.81056 1.80793 2.6687 1.15552 1.74402 1.36932 1.5513 0.936866 0.137093 0.287973 
1.49339 2.22789 3.00991 1.76964 2.08419 2.42435 2.08882 1.41551 1.01473 1.35888 0.0923185 0.221668 
1.51573 2.25064 2.72632 1.58089 1.52354 2.53925 2.95348 0.735136 1.13211 0.296084 0.437551 0.237219 
1.53301 2.15366 2.4761 1.84076 1.88287 1.76806 2.04687 0.652769 0.875601 0.193042 0.617762 0.255131 
1.49357 2.34035 2.20678 1.62332 2.74895 1.05035 1.85489 0.835959 0.879471 0.534331 0.425083 0.254452 
1.46192 1.96669 2.57823 1.08629 2.71028 0.950479 1.61348 1.44836 0.889766 0.486202 0.234361 0.172723 
1.415 2.03778 2.47021 1.16735 2.41855 0.66218 1.76514 0.678663 1.06434 -0.269998 0.168218 0.117246 
1.36561 1.80228 2.64147 1.11534 1.99542 1.60304 1.38533 0.95497 0.950368 0.352634 0.168548 0.117608 
1.55539 2.05404 2.08144 0.348982 1.92762 1.10373 1.9831 0.769174 0.78246 0.157969 0.24681 0.16883 
1.54142 1.91827 1.60366 1.23627 1.77715 1.06371 1.99862 0.598835 1.26639 0.574834 0.454934 0.228353 
1.38952 1.6704 1.68963 1.61638 1.92077 1.36007 2.21401 1.20398 1.51004 0.355348 0.296794 0.19367 
1.21915 1.76674 2.05039 1.34294 2.09798 1.41111 2.1637 1.59789 0.946896 0.26408 0.650811 0.230996 
1.36505 1.61707 2.47635 1.13799 1.91216 1.41669 0.995534 1.37486 0.936994 0.654418 0.740191 0.253118 
1.41726 1.72925 2.26207 1.42662 1.26609 1.58022 1.33661 0.807565 1.0602 0.562444 0.303349 0.160479 
1.4249 1.94966 1.81036 1.1313 0.566655 0.972783 1.13475 0.588708 0.773349 0.433562 0.393777 0.115999 
1.33148 1.87855 1.86817 0.82214 0.715623 0.646061 1.38351 1.3608 1.34261 0.550352 0.759402 0.202028 
1.34241 1.81472 2.55548 1.35044 1.09323 0.812003 2.00332 0.872527 1.56936 0.511457 0.391814 0.237649 
1.53169 1.44259 2.31086 1.18949 1.77918 1.20116 2.63486 1.23198 0.746021 0.643693 0.23888 0.181576 
1.45815 1.46637 1.65361 0.391357 1.7679 2.49929 2.71287 1.50356 0.81948 -0.38189 0.4019 0.277045 
1.44575 1.09395 1.48389 0.661813 0.856306 2.50577 2.58364 1.56555 1.68187 -0.850831 0.216058 0.263531 
1.52046 1.19908 1.39534 -0.249856 1.06949 1.94452 1.85289 1.92956 1.73094 -0.153662 0.0534415 0.0313912 
1.52275 0.894315 1.57277 -1.0775 0.831239 1.89755 2.36358 2.2414 1.36014 -0.307538 0.268101 0.0933881 
1.39072 0.868347 0.942047 -0.30929 1.19607 1.7484 2.44552 1.49361 1.46432 0.0877605 0.213603 0.105743 
1.33776 1.14418 0.842227 -0.0912749 0.661033 1.47334 2.11852 1.0854 1.1454 0.313701 0.253405 0.0225554 
1.43306 0.69695 1.1843 -0.267627 0.0340684 0.567699 1.68135 1.35345 1.01733 -0.500565 0.545467 0.14042 
1.42989 0.732068 1.24796 -0.442829 -0.0923782 0.827462 1.24755 0.165547 0.808992 0.0731443 0.468314 0.168232 
1.6329 0.827945 1.04466 -0.520304 -0.0446713 -0.0393048 2.11266 0.744419 1.28275 0.226649 0.321414 0.260742 
1.52585 1.00243 1.65579 -0.608993 -0.0734155 0.956839 2.12609 1.90051 1.64911 0.171044 0.557465 0.142923 
1.50949 0.685045 1.29019 -0.622625 -0.189243 0.131816 1.92846 1.47854 0.81342 0.272394 0.354656 0.0848114 
1.52011 0.636736 1.56088 -1.45132 0.764005 0.424427 2.49825 1.39716 0.687014 0.599521 -0.00632264 0.0921957 
1.53567 0.749156 0.833064 -0.380699 1.27694 0.40529 2.39944 1.31474 1.54847 0.361416 0.289065 0.191164 
1.576 0.743453 0.616924 -0.736064 0.354702 0.384587 2.11288 1.61525 0.689016 0.253015 0.73323 0.226255 
1.42652 0.205746 0.512392 -1.3374 -0.0676074 0.172054 1.46338 1.20985 0.609076 0.593496 0.393236 0.0883036 
1.48589 0.404551 1.02857 -0.445221 0.551048 0.489603 0.985993 1.06244 1.41583 0.336171 -0.0394148 0.0456654 
1.58725 0.516498 0.922551 -0.841167 0.107716 0.193095 1.5917 1.14222 1.54943 0.253841 -0.0868966 0.0773123 
1.53733 0.566714 0.859174 -0.862206 -0.10075 0.246587 1.35243 0.852056 1.93821 0.440733 0.125416 0.165453 
1.36009 0.609076 0.788854 -0.840293 -0.678245 -0.610748 0.748 0.692138 1.8564 0.583532 0.00375447 0.169541 
1.45111 0.417273 0.902847 -0.609801 0.209035 0.432468 0.948022 0.739782 0.789152 0.508362 0.194587 0.124517 
1.56496 0.339806 0.822346 -0.492869 0.799109 0.39303 0.875906 0.668657 1.57999 0.867753 0.291199 0.154978 
1.42932 0.481489 1.1015 -0.914397 -0.300201 -0.0991132 0.605132 0.903851 1.91985 0.175368 0.0782017 0.266902 
1.32811 0.579839 1.03672 -1.07441 -0.942927 0.0380416 0.5206 0.952331 1.07234 0.111685 0.323224 0.215515 
1.52399 0.448221 0.936461 -0.760842 -0.861623 -0.194857 0.324223 0.390732 0.795105 0.645409 0.0393448 0.05092 
1.44879 0.494619 0.665259 -0.0333143 -0.285438 0.262658 1.64082 0.856792 1.2005 0.796251 -0.129704 -0.246495 
1.43512 0.776612 0.996371 -0.818589 -0.0488549 0.559076 1.88037 0.116964 0.629362 0.941041 0.188163 0.0533682 
1.33011 0.789111 0.685801 -0.419358 -0.891658 0.523829 1.17282 0.977041 0.916552 0.195376 0.357013 0.0912563 
1.35484 0.764526 0.513583 -0.330905 -1.25205 -0.351054 1.50594 0.827269 0.763437 0.944511 0.64556 0.137035 
1.4576 0.686669 0.424606 -1.05 0.00179147 -0.55512 0.684006 0.26462 1.44737 0.965793 0.0728297 0.0768889 
1.32791 0.623929 0.757332 -0.833446 0.0774582 -0.799394 0.32506 1.16073 0.626435 0.326492 0.306725 0.149839 
1.31373 0.567806 0.523008 -0.668966 -0.479365 -1.07039 0.764622 1.43918 0.891593 0.00102638 -0.152379 -0.0311564 
1.41851 0.689456 0.443607 -0.188263 -0.275638 -0.750794 1.72932 1.04731 0.709987 0.0582279 0.0783884 0.075031 
