0.72364 1.53131 1.75625 1.87991 1.53924 1.27505 1.15311 1.07663 1.06099 0.760638 0.497152 0.116546 
0.856039 1.22063 1.84514 1.69707 1.66633 1.38135 0.863932 1.25236 1.59139 0.846149 0.458878 0.171086 
0.774457 1.25718 1.52243 1.12913 1.8631 1.124 0.942335 1.32987 0.659979 0.725504 0.5281 0.0597212 
0.680391 1.36853 1.30667 0.990383 1.38033 0.294083 0.388882 1.02396 1.19806 0.696156 0.697401 -0.0622336 
0.674135 1.36379 1.58297 1.20986 1.601 1.30218 0.665162 0.739042 1.58081 0.558785 0.335318 0.0213659 
0.754744 1.5441 1.70275 0.929315 1.4322 0.477451 0.227589 1.01387 0.935918 0.837553 0.118722 0.0870404 
0.708851 1.49972 1.92144 1.28628 0.471951 -0.0923419 0.105867 0.921889 0.849895 0.528935 -0.258755 0.18742 
0.572964 1.43104 1.68654 0.967875 0.752389 0.453096 0.626567 1.14863 0.912001 0.449856 -0.0313471 0.123008 
0.625508 1.47907 1.87971 1.35971 0.953583 0.850528 0.684496 1.13158 1.20898 0.947097 0.515185 0.0595043 
0.799436 1.57767 2.15695 1.60765 1.19463 0.281674 0.903354 0.176458 1.06471 1.05959 0.69131 0.117365 
0.767683 1.15438 1.3362 1.68973 1.15734 1.33605 1.67025 0.429064 0.25331 0.486091 0.214045 0.105275 
0.700113 0.680317 2.06007 1.34167 0.160496 0.72419 2.70079 0.579335 0.406142 0.36144 0.444624 -0.133574 
0.684163 0.720318 2.05704 1.82672 0.123744 0.484193 1.88937 0.692105 0.562767 0.587545 0.480639 -0.0167747 
0.685404 1.21921 2.07291 1.96934 1.31344 0.209391 1.06192 0.501312 0.443514 1.25328 0.283719 0.0298481 
0.596639 0.139407 2.85387 1.80439 0.953895 0.836959 2.48428 0.807783 0.916395 1.13304 0.489628 -0.0493134 
0.501187 -0.9503 3.0255 1.3737 0.26419 0.0970425 2.37959 -0.703355 0.656357 0.483707 -0.139294 -0.292734 
0.189448 -0.609625 3.9066 1.35269 -0.327155 1.12749 2.66608 -1.3959 0.563613 0.348836 -0.581828 -4.7157e-005 
-0.321963 -0.5898 4.88733 1.36634 -1.41745 2.54355 3.79327 -0.627073 0.296948 1.21276 -0.0949872 0.00910512 
-0.373589 -0.755297 5.20278 1.95928 -0.991095 1.7436 4.54694 0.042526 -0.637237 2.09393 0.235338 -0.31008 
-0.492166 -0.359662 4.55269 1.87763 -0.535452 2.0113 4.47663 -0.0520949 -0.578121 2.29443 -0.0365589 -0.159555 
-0.776424 -0.367475 4.6768 2.10703 -0.4249 2.78148 3.96713 -0.375533 -0.09958 2.21126 -0.0869413 -0.0562836 
-0.934659 -0.296568 4.56346 2.30456 -0.0469298 2.40138 2.28952 -0.989663 0.825636 1.3227 -0.382114 0.0812413 
-1.09152 -0.292907 4.79223 2.05425 0.260124 1.93178 2.08613 -0.376287 0.551572 1.12717 -0.449553 0.328279 
-1.15102 -0.553689 4.37356 1.00116 0.020208 0.941131 1.22527 -0.45147 0.276902 0.939048 -0.505883 0.331425 
-1.06056 -0.315087 4.2602 -0.138357 -0.138064 1.30796 1.53274 -0.328684 0.485534 0.457835 -0.362053 0.304705 
-1.14828 -0.208739 4.4243 -0.287287 0.613723 -0.167667 2.39095 0.202182 -0.4043 0.422744 -0.266979 0.21619 
-1.37424 -0.248836 5.08839 0.0360264 0.841972 0.411673 1.80435 0.406735 -0.0507506 -0.0828282 0.274343 0.299978 
-1.54284 -0.289081 5.21316 0.59681 1.73891 1.08578 1.29659 0.830649 0.47057 0.232306 0.159474 0.46972 
-1.62091 0.0575986 4.68175 0.275429 2.31544 0.748712 1.14192 0.944661 0.357592 0.365099 0.0520552 0.396797 
-1.5267 0.60402 4.91576 -0.0302944 1.55018 0.883383 1.24307 0.666144 0.210779 0.499262 -0.0259344 0.332921 
-1.5013 0.378361 3.99681 0.408145 1.31015 1.5866 0.470803 0.636974 0.531555 0.599062 -0.0697643 0.298009 
-1.63356 0.669464 4.02872 1.15772 1.74045 0.73073 1.42755 1.07947 -0.492414 1.10139 0.108326 -0.0596752 
-1.70871 0.408965 4.353 1.35182 1.56477 1.37064 1.46947 0.760099 -0.201189 1.25343 -0.0212076 0.0538626 
-1.66787 0.169282 3.73355 1.7063 1.23388 0.957747 1.25788 0.997005 -0.381996 1.04826 0.302064 0.0204568 
-1.736 -0.330118 3.90867 0.796483 1.3132 -0.160847 1.7327 0.885717 -0.625908 0.966289 0.142067 0.164659 
-1.64989 -0.376436 3.47607 1.20985 2.43609 -0.649158 1.32282 0.60792 0.16324 0.546622 -0.0453958 0.122596 
-1.47848 -0.466259 4.16077 0.890532 2.13928 0.636096 -0.176663 0.851587 0.239528 0.509473 -0.210333 0.152057 
-1.29187 -0.184798 4.36001 0.0277818 2.1272 1.4768 -0.441783 0.702634 0.207833 0.864235 -0.177736 0.225582 
-0.907245 -0.0610706 3.62985 0.47863 0.976401 0.254518 1.82396 0.0421414 0.318515 0.592201 -0.133645 0.0348095 
-0.450708 0.161918 3.22489 0.857497 -0.165756 -0.566845 2.43599 0.468139 1.1788 -0.196728 0.188625 -0.125799 
-0.078318 0.953754 3.56388 1.08217 0.358755 -0.320689 1.63087 0.130892 1.01146 -0.150121 0.274177 -0.0469671 
0.752303 2.20204 3.44966 -0.0597484 0.174417 0.287728 1.61933 -0.254422 1.21109 -0.7405 -0.0591953 -0.186627 
1.29036 1.88048 2.39598 0.416629 0.593667 -0.606246 1.14735 -0.0829655 1.62103 -0.315537 -0.563556 -0.118139 
1.45725 1.63956 2.45122 -0.406151 0.317773 -0.720968 0.214964 0.615364 0.833186 -0.227194 -0.251679 -0.225918 
1.78031 1.38748 1.13242 -0.676168 1.11972 -0.389291 -0.136242 -0.275654 0.354081 0.571694 -0.244744 -0.291307 
1.84581 1.22013 0.976759 -0.982767 1.15125 -0.686055 -0.385673 -0.0178767 0.85827 0.0195611 -0.147151 -0.207208 
2.01153 0.98264 0.0758448 -1.02583 1.29069 -0.610769 -0.778718 0.306988 1.42556 -0.675359 -0.201661 -0.165424 
1.99222 1.25161 0.630006 -0.919388 1.27454 -0.428926 -0.579728 0.226512 0.715033 -0.470146 -0.207607 -0.218273 
2.17512 1.18154 0.0422648 -0.734572 1.21196 0.375605 -0.647626 -0.49958 0.817861 -0.537027 -0.281666 -0.265849 
2.43684 0.692788 -0.584988 -0.239046 0.554012 0.309122 -0.840098 -0.569502 1.26871 -0.682434 -0.701608 -0.226839 
2.36544 0.996223 -0.405513 -0.296421 1.12124 -0.303761 -0.26366 -0.41199 1.26194 -0.654569 -0.527003 -0.151149 
2.26774 1.1414 -0.223082 -0.850293 1.96019 -0.215479 -0.0273334 0.745657 0.663739 -0.474712 -0.395805 -0.112418 
2.33857 1.0663 0.561606 -0.420176 1.3655 0.204981 -0.392553 -0.0325775 0.891065 -0.696803 -0.39984 -0.0243502 
2.24241 1.51044 0.405889 -0.620471 1.71187 0.278602 -0.380167 0.10898 1.14257 -0.788254 -0.269783 -0.126955 
2.15088 1.52405 0.478172 0.0389022 1.79484 0.820231 0.568019 -0.191066 1.30649 -0.292201 -0.118092 -0.100859 
2.2624 1.32756 1.44218 -0.0280674 1.64888 0.750441 0.326822 -0.58122 1.2447 -0.183741 -0.273358 0.0928791 
2.12832 1.60868 0.841744 0.306017 1.70105 0.0209818 -0.306299 0.291406 1.28067 -0.27219 0.0569888 0.053925 
2.28678 1.91478 0.938663 0.487791 1.79667 0.269887 0.109276 -0.316266 0.6514 -0.322224 0.0180972 0.0672422 
2.35801 1.33383 1.17307 -0.275779 1.88845 0.0901503 0.319901 0.438851 0.422762 0.286231 0.254407 0.248145 
2.14541 1.50828 0.903465 0.261159 1.56831 0.380153 -0.254699 0.268651 0.943729 -0.35089 0.0162524 0.0229522 
2.46432 1.20489 1.53741 0.121492 1.77313 0.0819698 -0.489648 -0.468827 1.46104 -0.373624 -0.649032 0.0324281 
2.51668 1.46246 1.02441 -0.678594 1.61363 0.0839015 0.0554944 -0.412535 0.837981 -0.419502 -0.495161 -0.00807206 
2.55378 1.45451 -0.172964 -0.461103 1.01472 -0.262562 0.153479 -0.621614 1.23546 -0.617716 -0.430203 -0.0611484 
2.5195 1.70663 -0.334013 -0.301297 1.12819 0.0787737 -0.0819833 0.0107977 0.98348 -0.777161 -0.560213 -0.264927 
2.71871 1.30175 -0.812188 -0.910261 1.18013 -0.174445 -0.60101 0.603182 1.01424 -0.314486 -0.541986 -0.194067 
2.62184 1.49259 -0.919177 -1.17198 1.21587 -0.554983 0.0392116 0.0845326 0.913626 -0.35575 -0.470755 -0.157256 
2.7021 1.28676 -0.555158 -1.63216 1.32654 -0.847858 0.213172 0.111673 0.571539 -0.265967 -0.691762 -0.182663 
2.70551 1.19571 -0.46964 -1.09131 0.55695 -0.33163 0.202705 0.292635 0.531734 -0.423472 -0.505357 -0.179508 
2.59253 1.25604 -0.474803 -0.503232 0.650151 -0.784234 -0.192852 0.397077 0.855581 -0.289986 -0.54188 -0.282406 
2.67429 1.82533 -0.220741 -0.154199 1.13633 -1.34982 0.0790638 0.295868 0.506391 0.299909 -0.374087 -0.298491 
2.53777 2.18179 0.406214 -0.219215 1.29302 -0.563085 0.0860179 0.0692237 0.950557 0.465436 -0.281711 -0.417872 
2.48105 2.16047 0.333651 -0.518416 1.09257 -0.674638 1.0753 -0.305224 0.501199 0.201957 -0.288531 -0.229123 
2.69438 1.93363 -0.26278 -0.13779 1.68256 -0.942135 1.23854 -0.211148 0.206212 -0.151972 -0.460087 -0.130125 
2.54388 1.77085 0.0652318 0.315203 1.90033 -0.190651 1.25306 -0.600497 0.539646 -0.389221 -0.308698 -0.0305219 
2.48697 1.75969 0.254937 -0.544149 1.7842 0.212992 1.53843 0.35339 0.859243 0.226744 0.0750715 0.214688 
2.67783 1.89104 0.186359 -0.312253 2.12672 0.731611 1.41188 0.766395 0.76603 0.108966 -0.0279629 0.15789 
2.51463 1.96196 0.822122 -0.345349 1.30296 1.33496 0.816831 1.15907 1.12023 0.255819 0.298722 0.16893 
2.5858 2.03308 0.796356 0.321202 1.97891 0.724112 0.482527 1.26271 0.581096 0.454446 0.160035 0.0480397 
2.6095 2.33673 0.801332 0.338434 0.885884 0.94314 2.23587 0.452227 0.628362 0.606471 0.278901 0.0559632 
2.3191 2.24178 0.95439 0.427088 1.12885 1.05023 1.45347 0.398438 0.943162 -0.0299306 -0.0313885 -0.0656256 
2.33758 2.22126 1.00984 0.56582 1.04967 0.849146 0.939213 0.696156 1.07408 0.0379066 -0.0584078 -0.120209 
2.41014 2.33295 0.964569 0.329915 1.24596 0.933265 1.64304 0.893808 0.372322 0.356633 0.00835025 -0.0399482 
2.2892 2.32323 1.00852 0.396933 1.3167 1.57821 2.23092 0.797486 0.409709 0.127926 -0.0864927 -0.0338332 
2.39518 2.26003 0.83359 0.411086 1.84741 1.66167 2.18574 0.777859 0.26048 0.0455553 0.0339044 0.111645 
2.65347 2.28867 1.56989 -0.0974882 1.21109 1.43962 1.9944 0.790314 -0.0822422 0.646091 0.309901 0.163327 
2.41799 2.5038 1.37521 0.0138882 1.49567 1.04884 2.19018 0.175765 0.961934 1.01744 0.336626 0.18841 
2.26977 2.64693 1.31657 0.762188 1.96461 0.798945 2.05308 0.648318 1.10548 0.999432 0.2046 0.0567708 
2.34313 2.70082 1.40943 0.832461 1.61734 0.79181 1.19154 0.898971 0.986623 1.16346 0.230954 -0.0388231 
2.40956 2.55606 1.63241 -0.249194 1.4525 1.48047 1.58797 0.622105 0.285378 0.821041 0.0401309 -0.0618071 
2.12172 2.09735 0.911507 0.0218372 1.67798 2.3845 2.25948 0.654043 0.305008 -0.593404 -0.482574 -0.166822 
2.04827 2.3071 1.42802 -0.0182277 1.40059 1.64303 2.48622 0.592246 0.370181 -0.318927 -0.319865 -0.047238 
2.08796 2.46654 1.71405 0.318266 1.71523 1.66813 2.40059 0.861485 0.413638 0.208216 -0.16422 0.00198953 
2.20606 2.33408 1.86557 0.767126 2.47057 1.52468 2.03175 1.37947 0.819003 0.00358856 -0.182059 -0.0617313 
2.08433 2.53855 1.88039 1.2774 2.0461 1.70323 2.03454 0.552794 1.27604 0.192647 0.0628271 0.0154023 
2.08814 2.76401 2.07087 1.0437 2.3134 1.57622 2.19159 1.05556 1.23806 0.07748 0.101294 0.0566242 
2.10099 2.27253 1.89669 1.26104 1.8274 1.91843 2.13856 1.4411 1.14092 0.499149 0.166298 0.0799529 
2.03132 2.24024 2.13872 0.941752 1.40401 1.70506 2.32333 1.40934 1.46221 0.605725 0.136535 0.0680682 
1.81898 2.35421 1.83827 0.921105 1.61934 2.0278 2.0309 1.62652 0.523013 0.324376 0.145459 0.0982839 
1.9027 2.26053 1.50781 0.361153 2.11342 1.65789 1.59997 1.18407 0.540916 -0.198771 0.138845 0.0747808 
1.79138 2.12125 1.88156 0.949182 2.12856 1.09147 1.36288 1.23271 0.237165 0.315652 0.071255 0.0186499 
1.70049 2.11692 2.25825 0.578741 1.69988 0.995751 0.49597 1.77087 0.87931 0.779672 0.431236 0.0873903 
1.83485 2.54995 1.98263 -0.0152068 2.05432 1.12675 1.70355 1.3193 0.725177 0.572782 0.227984 0.139606 
1.87082 2.25966 2.19739 0.739647 2.51999 1.89205 2.81681 0.434344 0.481373 0.435716 -0.0634111 0.174164 
1.77998 2.45252 2.2974 1.01923 1.92604 1.52468 2.74239 0.407871 1.03297 0.203084 0.0980567 0.155959 
1.62427 2.20734 2.19501 0.459784 1.86816 1.00639 1.94427 0.990857 1.83369 1.03567 0.254972 0.251614 
1.74468 1.85439 2.86407 1.55535 1.86728 0.559703 1.53672 1.78748 1.7864 0.9049 0.326 0.271738 
1.84502 1.99439 3.41064 1.88434 1.995 0.816618 1.47922 1.31835 1.45686 0.724048 0.153076 0.201243 
1.70298 2.13118 3.14746 1.64826 2.58551 1.29486 2.4182 1.19534 0.897131 0.407135 0.0796463 0.143703 
1.74692 2.29257 2.15684 1.47164 1.60963 1.69552 2.02845 1.62969 0.775997 0.0487427 0.164827 0.046413 
1.46436 1.84215 2.04486 1.64043 1.54215 1.23998 1.49038 1.75663 1.16624 0.596434 -0.182519 -0.00286011 
1.46827 1.86527 2.11199 1.90195 2.18636 1.4663 1.87146 1.1869 0.736923 0.206312 -0.169541 0.00278912 
1.56643 2.10334 2.45009 1.70441 1.89942 1.80633 2.18524 1.3223 0.75239 0.0335859 0.223602 0.0934504 
1.5502 2.11421 2.27969 2.00798 2.18106 1.09483 2.50837 1.63747 1.12841 0.234034 0.156649 0.134326 
1.62991 2.34171 2.00593 1.34763 1.80973 0.74804 1.60338 1.31725 1.54312 0.455263 0.568741 0.247592 
1.4983 2.25708 2.5306 1.77503 1.67843 0.547506 2.01312 1.18487 1.4776 1.08827 0.347102 0.297157 
1.53448 2.03117 2.71135 1.79242 1.96081 1.64288 1.89996 1.31861 0.743934 0.548973 0.400745 0.192756 
1.53409 1.45905 2.33827 1.63827 1.86738 1.94577 1.41671 1.22184 1.56406 0.713131 0.494825 0.303112 
1.4142 1.83918 1.98225 1.82265 1.33727 1.77744 1.64037 0.64636 2.41979 0.230484 0.488161 0.250599 
1.44464 1.73136 2.26346 1.53681 2.3876 1.27221 1.46529 0.401969 1.8466 0.21604 0.100046 0.191493 
1.44841 1.66104 2.20695 0.33709 1.80226 0.898829 2.10755 0.992737 0.202731 0.671246 0.306099 0.14334 
1.35959 2.02465 2.36961 0.462575 1.81953 0.515053 2.49172 1.44495 -0.45674 0.215457 0.680305 0.109003 
1.36487 1.50379 2.2364 1.52487 1.43273 0.153452 1.44753 1.11768 1.21924 0.686366 0.325318 0.205288 
1.41749 1.5545 2.52653 1.22056 1.30505 0.425937 0.337786 1.53204 0.971422 0.658275 0.0641795 0.0673035 
1.37011 1.28605 1.95997 0.999208 1.3719 0.693591 0.565719 1.26864 0.738941 0.873798 0.935994 0.213931 
1.35768 1.36758 2.06472 1.24761 1.74249 0.548346 1.11349 0.836421 0.825197 0.212796 0.599407 0.211607 
1.32075 1.91871 2.28117 0.875131 1.83702 0.119581 1.59883 0.84428 0.965594 0.192082 0.203439 0.131291 
1.40501 1.91936 1.55703 1.24461 1.73641 0.40162 1.53214 0.440043 0.733673 0.226268 0.205176 0.0735021 
1.25054 1.44812 2.19716 1.21523 1.61493 -0.0182858 0.973835 1.04822 0.726315 0.0455699 0.020731 0.0377043 
1.19477 1.62383 1.95314 1.47237 1.15359 0.570726 0.907782 1.28697 1.00929 0.885386 0.177137 0.114127 
1.3054 1.54099 2.16922 1.14152 1.73268 0.354644 1.61799 0.721652 0.575377 0.963594 0.284444 0.171656 
1.27555 1.37093 2.32155 1.13401 2.25594 1.04592 1.48106 0.826231 0.765703 0.68903 0.58223 0.24477 
1.17843 1.26187 2.14425 1.3881 1.73344 1.06701 0.84403 1.01086 1.02014 0.676358 1.08081 0.23768 
1.10199 1.45404 2.48204 1.86891 1.88535 0.161943 1.14543 0.192516 1.27324 0.44356 0.94465 0.245687 
1.38873 1.97932 2.18185 1.73612 1.52276 0.568771 1.14692 0.790743 0.606537 0.8824 0.681909 0.290879 
1.25722 1.79651 2.12524 2.02005 1.95274 0.651887 1.23814 2.02936 1.19013 0.710282 0.194774 0.238476 
1.25613 1.67008 1.95153 2.05416 1.81376 0.31797 1.4458 0.308431 0.762447 0.900299 0.141889 0.144065 
1.22134 1.70032 2.28183 1.66086 1.86897 0.966173 1.95348 0.346119 0.212416 0.304781 0.59833 0.122236 
1.21089 1.73025 2.06371 1.39236 1.7138 0.852594 1.54167 0.675719 0.464348 0.372956 0.816256 0.183092 
1.16659 1.49401 2.22016 0.795592 2.06719 0.409091 1.2518 1.02895 0.466946 0.210174 0.457341 0.11484 
1.25009 1.8107 2.03619 1.18047 2.30814 0.6786 1.86172 1.50989 0.349502 0.316698 0.82276 0.221464 
1.28266 1.69086 1.71188 1.27556 2.64118 0.701093 1.02355 2.34675 1.4433 0.408993 0.556563 0.186864 
1.2485 1.47673 2.23224 1.08697 2.18062 0.612746 0.5614 1.62787 1.36078 0.778149 0.505884 0.215177 
1.22469 1.68996 2.09888 1.64097 2.12373 0.789262 1.49708 1.14764 1.07053 0.377878 0.88727 0.265274 
1.1851 1.60001 2.12991 1.42782 1.8063 1.47214 1.92081 0.53405 1.17735 0.71708 0.792888 0.265535 
1.24986 1.54202 1.97865 1.09409 2.05281 1.48426 1.45848 1.02483 1.28706 0.276933 0.442359 0.188344 
1.27713 1.56272 2.10391 0.361135 2.37653 -0.486802 1.3087 0.742006 0.841426 0.17326 0.360827 0.279642 
1.30024 1.31968 1.97665 1.2029 2.36266 0.0113077 1.80437 0.864171 1.22142 0.528328 0.254691 0.265676 
1.20606 1.83015 2.22001 2.26214 2.00651 1.03762 1.77567 1.07598 1.60923 0.402127 0.357903 0.244894 
1.10872 1.98983 2.03555 1.61322 2.18988 0.897808 0.644653 0.85532 0.821837 0.464662 0.689256 0.158493 
1.16132 1.60247 2.33474 1.23673 1.80872 1.1753 1.04071 0.511777 1.03449 0.419832 0.269585 0.1483 
