0.633979 0.999716 0.961567 0.801157 1.67868 0.68086 1.0827 0.990575 0.986165 0.643789 -0.181707 0.0639759 
0.506307 0.710863 0.716764 0.818092 2.03262 0.552291 1.02766 0.701164 1.07052 -0.393377 -0.0886119 0.106848 
0.472402 0.830558 1.02058 1.43393 1.77126 0.597785 1.30327 1.50359 1.28178 0.368812 0.307591 -0.0454082 
0.516612 0.817346 1.20312 1.49655 2.00535 0.850861 1.46693 1.13065 0.266539 0.628238 -0.14586 0.167338 
0.399927 0.844662 1.09949 0.739271 1.0886 0.833511 1.46653 0.977561 -0.103094 0.154146 0.150609 -0.105776 
0.445968 0.754064 1.04718 0.91304 1.17178 0.839849 0.176662 0.479842 0.498702 0.320978 0.31837 -0.183891 
0.524392 0.902477 1.19055 0.896212 1.00183 0.356512 -0.406171 0.197172 1.57156 0.0954507 0.154515 0.024967 
0.422838 1.12475 1.13079 1.22775 1.78018 0.764315 0.269845 1.00505 0.675455 0.10666 0.604685 -0.0828807 
0.435883 1.17398 1.34975 1.59467 2.18032 1.50526 0.992995 0.753122 0.992056 0.254734 0.662191 -0.0493545 
0.627102 1.27978 2.10435 1.73007 2.02342 1.54705 0.976821 0.786494 1.42232 0.624627 0.980542 -0.00284348 
0.98191 1.85575 2.21823 2.41433 1.51408 1.91883 1.70167 1.23347 0.813299 0.419141 0.273288 0.172065 
1.19285 2.34619 2.93778 2.36791 2.73157 2.78239 1.60452 0.914711 0.9137 0.298192 0.0311616 0.0987079 
1.44801 2.60508 3.21876 2.16582 2.77006 1.5748 1.02597 1.38373 1.21567 0.198982 -0.0413563 0.0224607 
1.63803 2.71655 2.87363 1.96716 2.53144 1.42838 0.665276 0.873138 2.0654 0.554871 -0.136814 0.02285 
1.60966 2.32021 2.09569 3.12658 3.43767 2.00694 0.93359 0.685947 1.69037 0.306517 -0.0555438 -0.102422 
1.58441 2.12985 2.36038 2.85429 3.7518 1.67942 0.985162 0.91098 1.52062 0.911192 -0.208507 -0.0371611 
1.58389 2.04172 2.71279 2.66278 3.22416 1.34964 1.59019 1.22526 0.885305 0.74793 -0.108938 0.0474495 
1.55938 1.84633 2.62402 3.21762 3.96423 1.65979 0.440196 1.05152 1.44017 0.673462 -0.194322 -0.0796116 
1.48492 1.97957 2.5082 3.43737 3.12632 1.29431 1.01424 1.04042 1.7236 0.0493577 -0.0795074 0.0494776 
1.5137 1.43178 2.32785 3.84089 3.71227 1.03255 1.351 1.36519 1.61387 0.583936 -0.145861 0.115685 
1.45224 1.49428 2.22206 3.84146 3.56911 0.753688 1.658 1.69858 1.60679 0.548092 -0.186046 0.203985 
1.56179 1.54807 2.48096 3.57666 2.3531 0.55902 1.85081 1.39557 2.0721 0.305892 -0.0723965 0.223149 
1.47153 1.31653 2.77832 3.21808 2.84568 1.56339 0.971067 1.38427 1.93663 -0.0648362 0.0193553 0.263725 
1.27993 1.12482 2.82622 4.32256 2.37255 0.918671 1.14683 1.47981 0.761203 0.08199 0.327164 0.187184 
1.02075 0.870529 2.84291 4.90133 2.38494 0.908994 1.02622 1.13923 0.506296 -0.0991669 0.548413 -0.0122366 
1.03974 1.21786 2.66327 3.92626 1.36936 1.75293 1.62284 0.619666 1.04622 -0.774364 0.502268 0.104092 
0.852694 1.06094 2.81299 4.90099 1.40822 0.912352 1.87753 0.9022 0.758645 -0.504219 0.735352 0.0378309 
0.784967 0.971362 2.85293 4.31747 2.9496 1.21349 0.422434 1.21754 1.40222 -0.228109 0.577798 0.0148952 
0.836011 0.729913 3.32244 3.5921 2.44527 0.703217 1.21973 2.21596 0.429893 -0.176432 0.755401 0.256545 
0.695431 0.713787 2.70146 4.17719 2.62827 0.367899 1.3726 1.72287 0.831331 -0.270313 0.785873 0.218285 
0.732841 0.786581 2.0698 3.69825 2.11912 1.32831 1.89847 1.25157 0.404947 -0.108808 0.966277 0.189225 
0.750493 0.740522 2.43148 3.91187 1.50832 1.21075 2.32139 1.1141 0.394735 -0.513646 0.946226 0.203012 
0.735644 0.574894 2.11875 4.03061 0.17169 0.617071 2.80582 1.22479 0.970243 -0.846787 0.909939 0.241301 
0.704046 0.66607 1.94882 3.06818 1.20755 0.259394 2.73898 2.28285 0.070213 -0.316049 0.481499 0.364566 
0.720853 0.753855 1.83375 2.82173 1.46541 0.959505 2.41324 1.47804 0.74007 -0.770177 0.60877 0.273159 
0.917504 0.829904 1.80854 2.45261 1.19102 0.573667 2.43454 1.5919 1.18979 -1.022 0.44221 0.257967 
0.969462 0.635125 1.6877 3.06111 2.56331 1.09492 2.33209 0.431 1.45976 -1.26644 0.380379 0.367008 
1.13693 0.808426 0.972375 3.18423 2.66423 1.04389 2.59005 -0.14341 1.21258 -0.885621 0.211989 0.131147 
1.48512 0.655117 0.914248 2.42058 2.20763 0.535281 2.12843 0.623471 0.923252 -0.547496 -0.109859 0.0882039 
1.6892 0.69579 0.760015 1.61913 2.65787 1.16998 1.21332 0.808512 0.812003 -0.0767423 -0.273977 -0.0548843 
1.96105 0.787581 -0.308992 1.5782 3.03191 0.708387 1.34891 0.861352 1.01367 -0.126756 -0.427232 -0.107391 
2.15113 0.338156 -0.616939 1.74078 2.74532 1.32121 1.33742 0.938955 0.562547 -0.103786 -0.268204 -0.0881568 
2.0709 0.409955 -0.738112 1.73887 3.15782 1.23825 1.23811 0.992763 0.427829 -0.00545959 -0.304343 -0.0966694 
2.07656 0.330951 -0.823726 1.2803 3.28347 1.84383 1.09351 0.384676 0.833232 -0.0326486 -0.271773 -0.124035 
2.22056 0.244733 -1.28786 1.45824 3.52 1.60387 0.83201 0.794286 0.739257 0.0922996 -0.2871 -0.101763 
2.2058 0.418147 -1.1828 0.719505 3.62891 1.19216 1.11292 1.59599 0.583041 0.48166 -0.435662 -0.262987 
2.24255 0.494293 -1.42346 0.179542 4.10498 1.07435 1.33367 0.917463 1.01674 0.597163 -0.503729 -0.269894 
2.40823 0.421205 -1.53658 0.0689723 4.2992 1.11836 1.75067 0.868597 0.720603 0.57461 -0.469908 -0.151508 
2.33546 0.470696 -1.22538 -0.159221 4.39689 1.60047 0.815444 1.2758 0.562561 0.68142 -0.370544 -0.299372 
2.37436 0.703066 -1.81801 0.340171 4.7268 1.73466 0.733594 1.05481 0.472534 0.747814 -0.475259 -0.226137 
2.32173 0.600355 -1.22816 0.556093 5.34805 1.59347 0.882959 0.76596 0.067439 0.651485 -0.445092 -0.0967205 
2.22118 0.835965 -1.41192 0.46767 5.03087 1.12354 1.54188 0.905149 0.177602 0.643429 -0.640121 -0.0261593 
2.33314 0.938911 -1.59095 0.422918 4.97786 1.04628 2.24255 0.368697 0.272195 0.445042 -0.65302 0.0351238 
2.2434 0.96691 -1.5077 0.0336558 4.85381 1.49012 2.05573 -0.00565452 0.110917 0.389865 -0.47188 -0.0137339 
2.12202 0.563561 -1.22244 -0.0676352 4.67622 1.3741 1.74686 0.258537 0.08226 0.333849 -0.49846 -0.0625222 
2.23183 0.721214 -1.43532 -0.252392 4.84021 1.04555 1.68912 0.336273 -0.0124863 0.521125 -0.570037 -0.0368563 
2.19221 0.652236 -1.06968 -0.0239787 4.5579 0.844348 1.689 0.577865 0.0400817 0.436425 -0.624478 -0.0798782 
2.08595 0.911672 -1.0712 0.0521231 4.33743 1.09103 1.13686 0.938564 0.27884 0.413522 -0.613973 -0.218909 
2.09325 0.94978 -0.782051 0.0249386 4.47532 0.778883 1.04465 1.04372 0.52046 0.479598 -0.762793 -0.28507 
2.15776 0.960443 -1.1481 0.46881 4.59494 1.05005 1.13978 0.95097 0.415103 0.520055 -0.745848 -0.242752 
2.14006 0.753088 -0.746901 0.81842 4.34267 2.78884 0.639267 0.859078 -0.0671682 0.131878 -0.296022 -0.190074 
2.253 1.01614 -0.77178 0.333196 4.70539 2.11553 0.845733 1.23374 0.145863 0.38755 -0.51227 -0.294043 
2.24128 1.25241 -0.537619 0.529314 4.46727 2.26325 1.65808 1.06135 0.0335159 0.532803 -0.425813 -0.238128 
2.28276 1.31475 -0.630197 0.34988 4.25117 1.8668 2.25918 0.819686 0.281849 0.652413 -0.439503 -0.21897 
2.1577 1.53974 -0.445294 0.172163 3.66084 2.04261 2.11499 1.11663 0.455603 0.910755 -0.346445 -0.299346 
2.21851 1.13619 -0.0884354 0.22008 3.52846 1.96531 1.03248 1.70633 0.992809 0.423804 -0.246526 -0.239072 
2.00134 0.952245 0.0282006 0.382994 3.41934 2.68438 0.775887 1.63869 1.22048 0.275294 0.0297177 -0.0924955 
1.90774 0.857913 0.0764771 0.702755 4.38849 3.14906 0.947378 1.07698 0.989342 0.336814 -0.0419536 -0.100163 
1.73921 0.892014 0.106581 0.603444 3.60331 2.94112 1.63592 0.332755 0.521293 0.234812 0.149905 0.107639 
1.79684 0.557637 -0.418609 0.291367 2.923 1.70772 1.19787 1.39596 0.779928 0.389956 0.10425 -0.0247423 
1.8418 0.923484 -0.092024 -0.29206 2.71363 0.595573 0.834906 1.36149 1.91597 0.872216 0.082813 -0.176282 
2.13895 1.45841 0.790237 0.200095 2.64887 0.599416 0.530165 0.587999 0.89604 0.531768 -0.0470376 -0.138142 
2.28583 1.97235 0.796109 0.528681 2.32598 1.32126 0.16982 -0.576462 -0.281085 0.330988 0.300448 0.0242363 
2.17006 2.1184 0.949419 0.737443 1.37328 0.20149 -0.24879 -0.700228 0.526176 0.496758 0.359193 0.0409096 
2.35154 2.38513 1.0629 0.640383 1.2371 0.273197 -0.51161 -0.59751 0.905284 0.221142 0.262516 -0.020624 
2.25264 2.41916 1.04646 0.598748 1.78178 -0.0532735 -0.00254077 0.0565053 0.466071 0.0672905 0.00819264 -0.0730493 
2.31401 2.24619 0.979846 0.393168 2.40809 -0.260117 0.654718 0.238238 0.176169 -0.217633 -0.312644 -0.05549 
2.12014 2.29806 1.56359 0.753606 2.09978 0.770532 0.180241 0.0306731 0.0389388 -0.487854 -0.0884077 -0.100999 
2.05174 2.38639 1.80649 1.32623 2.47656 0.796748 -0.318885 -0.217993 0.338907 -0.254894 -0.0743464 -0.17783 
2.11501 2.78795 1.11866 0.614505 2.64536 1.32779 0.379748 -0.158771 -0.189267 -0.53658 -0.00736928 -0.135792 
1.9579 2.62678 1.66369 1.10173 2.27805 0.988577 0.936916 0.0627613 -0.279927 -0.0309963 -0.124878 -0.0708485 
2.11802 2.43838 1.76817 1.50012 3.35163 0.948953 0.68675 0.128827 -0.0212697 -0.199352 -0.167607 -0.113443 
2.11215 2.2761 1.62457 1.77114 2.9537 1.79868 1.2497 0.616072 0.34507 -0.739373 -0.202938 -0.107024 
2.15886 2.184 2.34316 1.58509 2.85376 1.11917 1.54754 0.308816 0.254434 -0.630981 -0.28415 -0.0405498 
2.0236 2.22452 2.16208 2.3155 3.13559 1.50376 1.5639 0.103759 0.598353 -0.074739 -0.100403 -0.0773728 
2.3148 2.44297 2.49425 1.01687 3.49011 1.14653 0.917715 0.0495089 0.428701 -0.559631 -0.405991 -0.115165 
2.13405 2.34679 2.2403 0.963842 2.57494 0.900892 2.00571 0.28485 0.408877 -0.537632 -0.281483 0.0334882 
2.03478 2.30072 2.10416 1.46129 2.21194 1.3177 2.80714 0.775142 0.0408597 -0.800345 -0.270487 -0.0396694 
1.94964 2.40208 1.55657 1.27432 2.45185 1.33571 1.49615 -0.721448 0.300642 -0.638537 -0.107921 -0.086186 
1.90449 2.01822 2.22576 1.75814 1.96746 0.514122 0.235353 -0.623481 0.963332 -0.460087 -0.374698 -0.193982 
1.86533 2.27783 2.28536 1.7185 1.87612 1.40088 1.19566 0.912376 0.634523 -0.783605 -0.199652 -0.165695 
1.87517 2.19203 2.11684 1.06487 2.02759 1.00451 1.96903 1.17107 0.393136 -0.377881 -0.319798 -0.151224 
1.77304 2.04206 2.20944 1.43359 2.5418 0.717886 2.79471 0.504564 0.806634 -0.15128 -0.462017 -0.0477566 
1.83088 2.09714 2.43524 1.41929 2.37462 1.08213 2.32626 0.592491 0.723683 0.465459 -0.355145 -0.0793034 
1.79263 2.21921 3.21628 1.02902 2.16977 1.42558 0.951496 0.265839 -0.364243 0.0714146 0.058989 -0.00651845 
1.83806 2.22009 2.47382 1.80025 2.04981 0.91398 1.46964 1.11725 -0.341704 -0.236992 0.048368 -0.0149085 
1.83187 1.98385 2.57418 1.63025 1.72321 0.907571 1.64846 0.687442 0.861375 -0.21377 0.0535302 0.0839084 
1.75171 1.70838 3.04668 1.10818 1.91351 0.848618 2.16276 0.694789 0.58412 -0.341589 0.158107 0.24151 
1.54579 1.31655 2.1663 1.78164 2.28668 0.438194 2.26262 1.28393 0.537182 0.285856 0.361142 0.257468 
1.56215 1.76058 2.52668 1.60853 2.73852 -0.161575 1.86689 0.620877 0.0301251 0.13185 0.0825446 0.183535 
1.57785 1.68919 2.99545 2.18677 2.29253 0.972418 2.71949 0.569571 -0.0255503 0.134194 0.116673 0.0448097 
1.36341 1.74051 2.67858 2.0894 2.73421 1.43162 2.62715 1.56783 0.249049 -0.0329368 0.237543 0.135051 
1.46005 1.96834 2.81474 1.97803 2.24456 2.2794 2.30192 1.68386 0.672313 -0.182698 0.287438 0.0970141 
1.54526 1.81795 2.78002 1.84251 2.68925 1.80744 2.38942 1.65452 0.853103 0.327126 -0.175285 0.0409639 
1.40765 2.143 2.58406 2.00519 1.86966 1.11562 2.40806 1.09131 1.03138 0.431889 -0.187355 0.0384475 
1.43391 1.94801 2.13913 2.40502 2.36242 0.989766 2.571 0.139294 0.592575 0.28885 0.172577 0.0916531 
1.47102 2.06777 2.3061 1.8505 2.29027 0.836844 2.37557 1.34745 0.405554 0.140837 -0.041773 0.0254423 
1.49415 1.82553 2.75264 1.42197 2.4302 0.958192 1.76897 1.81568 0.505547 0.118493 0.101726 0.0479595 
1.50575 1.63917 3.07079 1.62383 1.95253 1.26145 1.88592 1.5011 0.765239 0.486166 0.0551323 0.0784392 
1.38981 1.96694 2.8048 2.40617 2.78704 1.84837 1.66954 0.963643 0.838029 0.616835 0.131511 0.130017 
1.48794 1.89385 2.89626 2.39045 2.97011 1.64998 1.61913 1.65591 0.397043 0.382288 0.153438 0.0667217 
1.48749 2.02311 2.46268 2.40298 1.7086 0.840119 1.8294 1.05039 0.540151 0.176323 0.274143 0.106065 
1.26814 1.94174 1.93405 1.52931 2.65859 0.88276 2.05386 1.07274 0.936603 0.260227 0.25807 0.186329 
1.117 1.64636 1.77599 1.69037 2.03337 1.43967 1.62552 0.656863 0.541535 0.240532 0.52579 0.113097 
1.17615 1.44714 2.08176 1.77484 1.50186 0.828947 0.933557 1.12807 0.78805 0.0962461 0.50868 0.111956 
1.27087 1.37022 2.26762 0.841402 2.23718 0.745035 1.77955 1.31402 0.977486 0.0137484 0.347134 0.185932 
1.22773 1.09289 1.72073 0.561841 2.60455 0.725186 1.7434 1.37755 1.66462 0.410253 0.547201 0.279255 
1.28013 1.75644 1.97032 1.18823 2.4675 0.67048 -0.0393313 1.55852 1.17843 0.242671 0.390908 0.0738625 
1.21333 1.3761 1.97536 1.43165 1.66991 1.1841 0.703779 1.18071 0.925363 0.0130877 0.16221 0.0660651 
1.19826 1.40304 1.94491 1.0798 1.14226 0.131637 1.03212 0.7474 0.719325 -0.0380625 0.568718 0.0610919 
1.12853 1.20168 0.970239 0.839115 1.08892 -0.4885 0.983463 -0.150577 0.10896 0.232746 0.199537 0.000133284 
1.03606 1.01821 1.43477 1.11399 1.39546 1.16559 2.29512 0.873605 1.30805 0.0443935 0.0274913 0.0346675 
1.00582 1.56766 1.48168 0.954367 1.49002 0.957847 1.88231 0.9377 0.451961 0.389916 0.706684 0.0200447 
1.1263 1.15603 1.45209 0.93848 1.75353 1.22593 1.87938 0.545919 0.0483163 0.957811 0.532837 0.0681011 
1.16089 1.13511 1.38144 0.738516 1.22751 0.932158 1.72367 0.330209 1.0561 0.964288 0.928051 0.126329 
1.10441 1.33626 1.2577 0.598656 1.42959 0.177157 0.694127 -0.102601 0.729515 0.309648 0.615567 0.0478249 
1.15757 1.41666 1.96693 1.04906 1.56171 0.553029 0.546876 0.679172 0.937478 0.196588 0.519617 0.0620131 
1.22117 1.64445 2.06603 0.959222 1.59004 0.841248 0.904742 0.745723 0.833133 0.30034 0.364342 0.0978513 
1.16675 1.4964 2.21606 0.355636 0.928776 0.375627 1.23768 1.42436 0.486317 0.874649 0.428231 0.0356572 
1.22216 1.46323 2.01297 0.634927 1.36178 0.0750429 1.84312 1.12952 0.363076 0.651255 0.0674583 0.0731035 
1.15083 1.3524 1.6636 0.811425 1.76894 1.08318 1.73591 0.458609 0.662924 0.288228 0.415094 0.138266 
1.0316 1.03614 1.74651 1.26613 0.671679 1.35087 1.54378 0.0746706 0.764537 0.859764 0.371742 -0.0199807 
0.900938 1.03819 1.43067 0.645215 1.44431 0.475025 1.99834 0.352939 1.02289 0.511796 0.246565 0.0794628 
0.931601 1.24237 1.67187 0.887163 0.896368 -0.21899 1.73423 1.03371 1.07603 0.582483 0.219771 0.121413 
1.12584 1.39791 1.62757 0.865823 1.262 -0.0101972 1.18008 1.34537 0.962511 0.876574 0.254793 0.146689 
1.05103 1.16817 1.05128 0.818961 1.95849 0.0152773 2.10036 1.6799 -0.115084 0.415761 0.469136 0.192871 
0.955785 1.38002 1.18989 0.847561 1.06492 0.419937 0.818804 0.407721 0.357287 0.629656 0.382511 0.0675547 
0.95134 1.52845 1.30377 0.935462 1.09216 0.299299 1.72935 0.751095 0.871119 0.498463 0.71547 0.0770695 
