0.60106 1.11473 1.69952 1.50501 1.01854 0.320879 1.5103 0.367997 0.82396 1.34466 0.693312 -0.119939 
0.695772 1.28214 1.50629 1.68138 0.18886 1.2616 1.72431 -0.253649 0.782799 0.444262 0.699297 -0.140861 
0.727084 1.48533 1.51386 0.713283 1.35033 1.45825 0.435861 0.0445919 0.671084 0.969982 0.810385 0.00361108 
0.723422 1.49772 1.2606 0.773142 0.977134 1.38572 1.06366 0.510505 0.542817 0.624905 0.304234 0.0450741 
0.639092 1.16041 1.21752 1.57724 0.278634 0.725597 1.50395 1.11795 0.748418 0.519978 0.325425 -0.0145509 
0.55412 1.34032 1.76062 1.43526 0.658444 -0.0890806 1.56209 0.743962 0.967637 1.05402 0.399643 0.0454216 
0.692026 0.926324 1.41335 1.0668 0.784375 -0.26824 1.24037 0.878178 0.10146 0.660037 0.244323 0.0461067 
0.637227 0.673776 1.2583 0.870316 1.33592 1.08198 0.615 0.874704 0.421877 0.590706 -0.153089 -0.026595 
0.633618 0.931478 1.18605 1.26668 1.28541 1.50523 1.02433 0.68899 0.037403 0.997847 -0.404185 0.10007 
0.603627 0.925521 1.27337 0.782353 0.11526 1.11732 0.373722 1.56076 0.576712 -0.117222 -0.134795 0.0603317 
0.871252 1.17213 1.11817 1.00872 0.557275 -0.399208 0.127693 1.91693 0.594607 0.394379 0.332028 0.0841918 
1.04156 0.853902 1.78269 0.471506 0.55463 -0.297692 1.14437 0.36701 0.658825 0.313475 0.401727 0.0356964 
1.00667 0.8809 1.07931 0.291242 1.40742 0.796301 1.24238 -0.345124 0.272644 0.521968 0.418314 0.0306741 
0.812234 1.23779 -1.02748 -0.078175 0.777875 1.50126 1.70566 -0.540472 0.29657 0.106909 0.684103 -0.631044 
0.850696 1.23373 -0.841621 0.12332 0.942826 1.0387 1.45209 -0.173185 0.558107 0.191171 0.775754 -0.670054 
1.06195 0.753501 -0.153423 0.221297 0.681396 0.487079 0.680369 1.23678 1.1345 -0.315666 0.700221 -0.50198 
1.2353 1.14061 -0.269676 0.292714 -0.241018 0.484573 1.85279 1.54289 1.14879 0.251983 1.12848 -0.0095362 
1.56214 1.89786 0.195869 1.14751 0.261698 0.176141 2.42133 0.626756 1.31977 1.04895 0.852268 0.12516 
1.8639 2.72382 0.801806 1.01103 1.83537 -0.376681 0.684251 -0.0980418 2.21502 1.48553 0.450435 0.0357895 
2.07861 2.59641 1.02445 0.644762 2.3933 -1.17079 1.03952 0.0360621 2.23508 1.30436 0.252379 0.120692 
1.88559 2.80003 1.51654 1.8695 2.40883 -1.99054 1.29071 0.0963032 2.06678 0.936682 -0.135784 0.198546 
1.84639 2.74743 1.37436 2.39327 2.55546 -1.52625 1.35306 -0.425007 1.59518 1.02435 -0.160976 0.149627 
1.833 3.15333 1.822 1.07893 3.37055 -0.260779 -0.195155 -0.471423 1.65735 1.12903 0.167151 -0.0218364 
2.00683 2.60444 2.28344 1.08434 3.01343 0.556048 0.270866 -0.294979 1.18912 0.959673 0.0537228 -0.0014963 
1.80744 2.51965 2.26041 1.80684 2.41086 0.899722 -0.0477258 -0.0120847 0.747723 0.603344 -0.0231842 -0.0514031 
1.72374 2.60411 2.43416 1.70431 2.31628 0.439958 -0.323387 0.15231 0.682157 0.201033 -0.0426384 -0.0664015 
1.75364 2.71857 3.13791 1.14013 2.91089 -0.500981 0.0310489 0.335 0.964612 -0.570411 0.014696 0.0119706 
1.89916 2.70517 2.74719 1.09907 3.15287 0.202237 0.387534 0.0171462 0.54791 0.0760368 -0.0978792 -0.0118189 
2.11913 2.41202 2.4785 1.45823 2.79685 0.460023 0.0579445 0.0583929 0.190286 0.337777 -0.0121159 -0.0378802 
2.08781 2.62835 2.15413 1.64192 2.80206 0.0955721 0.136181 -0.32869 0.428333 0.0136726 0.0126521 0.0241773 
1.96982 2.55299 2.86998 1.05427 3.06544 0.211798 -0.216934 -0.185496 0.491939 0.00793407 0.0139472 0.0308512 
1.82403 2.24011 3.63166 1.27944 2.596 0.0287581 -0.796734 0.475962 -0.110142 -0.408941 0.0539397 -0.0629633 
1.76729 2.5331 2.94062 1.4437 2.90024 0.204757 -0.671303 -0.0204851 0.0317296 -0.126942 -0.0119966 -0.0889894 
1.82411 2.90782 2.64921 1.85495 2.86442 0.387477 0.125874 -0.472669 0.756552 -0.0487742 -0.00249531 -0.0247924 
1.83084 3.00015 3.20426 1.53345 3.43486 0.0458978 0.288162 0.0683772 0.511394 -0.205335 -0.0158625 0.0166551 
1.88065 2.90768 3.14548 1.58729 3.39022 0.769617 0.178655 -0.654588 0.252678 0.125977 -0.110781 0.0060044 
1.81782 2.85705 3.01128 2.33413 2.84437 0.94576 0.366838 -0.192993 0.550155 0.390901 -0.0511242 0.017845 
1.86231 2.82038 3.25133 1.91232 3.36804 0.432082 0.82591 0.286832 0.964743 0.12239 -0.018753 0.084017 
1.78271 2.96294 3.52069 1.74495 2.92999 0.414955 1.16363 0.439652 0.908264 0.00793387 0.0724091 0.112823 
1.83861 2.78734 3.59333 1.85207 3.0451 0.483353 0.421409 0.487898 1.03564 0.00976903 0.0709717 0.110717 
1.75968 2.99492 3.2642 2.46939 2.51334 0.35584 0.969697 0.259232 0.616887 -0.170962 0.0672149 0.0324729 
1.78261 3.0236 2.89386 2.72079 3.07044 0.616593 0.0452283 -0.127114 0.688424 -0.0530807 -0.10164 -0.0874615 
1.75247 2.98047 3.0555 2.60836 2.60577 1.13569 0.403401 -0.273486 0.382628 -0.203487 -0.0759883 -0.0989796 
1.8258 3.28426 3.31124 2.318 2.83487 0.965322 0.725469 -0.540007 0.345158 -0.114529 -0.197377 -0.0742545 
1.90004 3.06653 2.94693 2.38747 3.93002 0.949924 0.508976 -0.193221 0.204154 0.0700197 -0.203134 -0.152983 
1.7767 3.01178 3.21566 2.4716 3.08341 1.41337 0.585361 0.0800533 0.549114 -0.142082 -0.072228 -0.115156 
1.73329 3.26169 3.19098 2.14978 2.65057 0.798701 0.823927 0.670754 0.726503 -0.307179 0.146361 -0.0730941 
1.7755 2.80577 3.34844 1.83747 2.94701 1.26876 0.328528 0.754269 0.605944 -0.158321 0.167648 -0.02666 
1.73473 2.76118 3.53779 1.74756 2.85525 1.25434 1.00734 0.339816 0.438325 -0.486066 0.181122 0.0134591 
1.73867 2.73338 3.37606 1.97997 2.81818 1.40478 1.0907 0.697026 0.0987931 -0.492805 0.172829 -0.0673657 
1.68342 2.68321 3.36642 2.15309 3.04342 1.52712 1.26224 0.355472 0.708673 -0.114736 0.0232099 -0.0208613 
1.7237 2.58572 3.22554 2.26389 3.00819 1.56642 1.18832 0.857931 0.556351 0.154631 0.020216 -0.0328253 
1.94698 2.49341 3.85858 2.33089 2.85209 0.913533 0.593279 1.17731 0.211138 0.29021 0.0317142 -0.0497527 
1.74615 2.61621 3.10447 2.72032 2.90183 0.711798 1.18844 0.474003 0.395514 0.707042 -0.0552161 0.0672726 
1.726 2.73447 2.84514 2.29036 2.81232 0.83888 1.6612 1.22387 0.634659 0.568879 0.125797 0.123924 
1.60286 2.64505 3.05202 2.2872 2.94258 1.43124 1.79264 1.22093 0.649432 0.526159 0.278152 0.148129 
1.60492 2.54454 2.96861 1.97273 2.84792 2.43599 1.85417 1.32763 0.501708 0.0159467 0.58912 0.164164 
1.69532 2.83507 2.81699 1.55548 2.80195 2.30198 1.52733 1.30405 1.40467 0.227105 0.505748 0.180227 
1.71948 2.59944 2.95715 1.82882 2.528 1.68748 1.59663 1.63854 0.756624 0.249386 0.437798 0.149433 
1.67752 2.46857 2.85116 2.02448 2.59305 1.85196 1.86234 1.50909 0.039507 0.0682422 0.52782 0.157182 
1.5332 2.25886 2.66574 2.12772 2.46524 1.59613 1.67269 1.18218 0.867073 0.376675 0.589245 0.253877 
1.4563 2.25428 2.58992 1.81634 2.13643 1.80664 1.55932 1.03635 1.16547 0.654355 0.434538 0.249276 
1.59058 2.28625 2.54137 1.63783 2.70847 1.49736 1.83184 0.872775 1.44926 0.219262 0.344073 0.209446 
1.4847 2.00787 2.6445 1.89061 2.7547 1.34495 1.99015 1.61127 1.30915 0.507465 0.0805113 0.167978 
1.69613 2.41695 2.66854 1.27767 2.71573 0.701685 2.36934 1.68396 0.818372 0.781376 0.0956262 0.167063 
1.67282 2.44047 2.9386 1.19922 2.63907 0.517469 1.23844 2.01184 1.54342 0.248015 0.249713 0.0994566 
1.60959 2.2082 2.85084 1.41153 2.49359 0.758291 1.72 1.7999 1.52104 0.14948 0.190354 0.144427 
1.54042 2.12048 2.64231 1.68276 1.73239 0.742171 2.54115 0.587992 1.12662 0.712456 0.317387 0.235226 
1.37148 2.09856 2.40966 1.79487 2.89871 0.809247 1.81228 1.16515 1.16535 0.287656 0.543303 0.271274 
1.36691 1.92094 2.1244 1.623 2.48132 1.19269 1.68363 1.25665 1.51831 0.624684 0.398217 0.259949 
1.48717 2.26686 2.47128 1.82598 2.21751 0.570758 1.07725 1.38626 0.971495 0.70547 0.26194 0.202123 
1.38514 1.92539 2.11833 1.65323 1.67112 1.55507 1.12989 0.324233 1.41643 0.412984 0.48288 0.209715 
1.45294 1.91164 2.31974 1.78469 1.80789 0.931313 1.70553 0.940583 1.48463 0.386192 0.195021 0.170383 
1.47243 2.16868 2.24141 1.09403 1.83173 0.351103 1.52029 1.26702 1.49525 0.240777 0.450109 0.211573 
1.2612 1.81717 2.46712 1.15125 1.56295 1.41319 1.53027 0.726599 1.10127 0.178873 0.856705 0.265831 
1.34775 1.6173 2.45487 1.94879 2.85581 1.05369 1.31723 0.903557 0.674449 0.304783 0.584611 0.221557 
1.48088 1.52976 2.42075 1.56962 2.95323 1.16517 0.985025 1.35613 0.730154 0.120603 0.461545 0.187883 
1.36802 1.83788 2.53839 1.21976 2.70096 1.57312 2.08786 1.8523 1.06818 0.310528 0.144183 0.157753 
1.29807 1.96778 2.49177 0.992225 1.62673 1.08915 1.65611 1.24113 1.27644 0.395173 0.285942 0.1636 
1.32904 1.92966 2.32822 1.19675 1.66967 0.845642 1.40805 0.382324 1.58969 0.402919 0.213378 0.211152 
1.3118 1.76967 2.13414 2.20172 2.21325 1.17122 1.66122 0.774118 1.76497 0.36996 0.0909734 0.179327 
1.38158 1.87258 2.30828 1.71464 1.77857 2.03198 2.0027 1.3259 1.82606 0.0889137 0.222905 0.197227 
1.39891 2.14883 2.24687 1.64054 2.11929 1.27674 2.22515 1.08433 1.68698 0.72515 0.262881 0.247315 
1.41803 1.92567 2.34759 1.79378 2.85252 1.27797 1.63379 0.794434 1.82563 0.830438 0.26931 0.283089 
1.36684 1.80363 2.47459 2.42194 2.07214 1.29837 2.24612 0.813394 1.51784 0.608464 0.470913 0.286808 
1.3104 1.71365 2.17982 1.77484 2.13733 0.241383 1.59037 0.727772 2.0347 1.10983 0.431843 0.371138 
1.25397 1.42876 2.30313 0.629577 2.18043 -0.566919 1.44252 1.43675 2.08141 1.0963 0.607844 0.440981 
1.20508 1.54239 2.13975 1.01289 1.63655 -0.302881 0.792634 0.533309 1.41567 0.629966 0.115791 0.184319 
1.26084 1.66221 2.25986 0.930058 1.00958 1.06062 1.17624 0.333 0.897751 0.489161 0.548797 0.19158 
1.23792 1.35981 2.52358 0.802642 1.58149 0.239934 1.85774 0.225064 0.93086 0.34959 0.868494 0.34341 
1.19221 1.53393 2.59033 1.30148 2.24066 0.810757 1.24647 0.43997 0.656805 0.379286 0.654171 0.205051 
1.24247 1.72323 2.28551 1.31594 1.90289 1.89671 0.868324 0.90868 0.866225 0.291815 0.183686 0.121996 
1.25336 1.65807 2.29661 0.914784 1.48488 1.20761 1.16699 1.13528 1.23899 0.239377 0.0664609 0.125837 
1.17679 1.72376 2.3983 0.850267 1.5236 0.884528 1.10443 1.18208 1.76608 0.184476 0.596144 0.240178 
1.08971 1.65846 2.07995 1.2364 1.27946 1.21946 1.96443 1.18617 1.69546 0.172881 0.0964533 0.131002 
1.13867 1.68087 2.1401 1.1765 0.688238 0.531405 1.97789 1.09462 1.31116 0.348945 0.271591 0.0603055 
1.22307 1.70362 2.29621 0.492586 1.29377 0.730737 1.82933 0.642413 0.483569 0.419505 0.128699 0.0486792 
1.10704 1.8886 1.99373 0.585238 1.14214 1.90621 1.7489 0.81227 0.974421 0.646769 0.256353 0.17452 
1.18797 1.43959 1.99958 1.1857 1.53316 1.70571 0.625657 1.36515 1.04594 0.366113 0.747369 0.193936 
1.13319 1.62388 2.70296 0.691679 1.80159 0.429158 1.37369 0.645599 0.734009 0.357488 0.755144 0.199396 
1.26569 1.49766 1.83564 1.45879 1.57965 0.397797 1.42716 0.852916 0.457874 -0.132439 0.193784 0.0656622 
1.14604 1.75483 1.74246 1.8308 1.37096 0.420811 1.95701 1.80664 0.369245 -0.0267332 0.354642 0.13753 
1.23767 1.71096 1.85119 1.6635 1.98544 1.08247 2.16175 1.47661 1.09942 -0.0121085 0.247476 0.169914 
1.22654 2.12536 1.66109 1.54488 1.61193 0.601407 1.31549 1.29928 1.24035 0.880718 0.168198 0.203673 
1.15647 1.84933 2.21025 1.09992 1.32847 0.820346 1.32094 1.53371 1.14252 1.07739 -0.0170976 0.198832 
1.14513 1.42577 2.43377 0.671429 1.23572 0.887794 -0.0519058 1.43975 1.56432 0.829574 0.354692 0.226713 
1.04469 1.56011 2.44888 0.834186 1.69648 0.170345 0.481145 1.06015 1.67608 0.717707 0.412724 0.27263 
1.08732 1.78724 1.72595 1.10972 1.12311 0.0444467 0.548325 1.25304 1.304 0.341645 0.151915 0.100209 
1.1737 1.46443 1.79054 0.145136 1.22223 1.04564 1.33088 0.785817 0.968052 0.817206 0.295346 0.159034 
1.14817 1.54254 2.2477 0.846882 1.16965 1.32021 1.09881 1.46183 1.09141 1.42248 0.127925 0.174395 
0.960847 1.65612 1.91997 0.483737 1.32178 1.29462 1.5887 1.72713 0.444525 0.0691257 0.269493 0.0277951 
