0.488723 1.35989 1.23439 0.642594 1.445 0.656854 0.9057 1.05597 1.12895 0.0878393 0.24725 0.0191733 
0.47471 1.0608 1.21774 0.700232 1.01729 0.850374 1.14116 0.933535 1.27685 0.643178 0.000176589 0.0237804 
0.517203 1.08082 1.41206 1.20463 0.988145 1.13021 0.723628 0.582993 0.870247 0.402789 0.167589 0.0692715 
0.609897 0.799562 1.38764 1.14742 0.744666 2.03412 1.33507 0.896632 0.991277 0.682783 0.234313 -0.0353647 
0.635023 0.946044 1.6813 1.38099 1.73534 1.10033 0.892733 1.0061 0.982543 0.0721162 0.269085 0.00872582 
0.670019 1.04575 1.65695 0.821469 1.42155 1.04168 0.335034 1.08774 0.247774 0.50531 0.190726 -0.13814 
0.62069 0.905743 1.21373 0.676208 1.23335 1.22806 1.41317 0.64358 0.492671 0.850277 0.240861 -0.115661 
0.6358 0.917321 1.41651 1.11571 1.83549 1.34658 1.64366 0.28558 0.58425 0.239161 0.384876 0.00156627 
0.635801 1.35453 1.33815 0.706988 1.45944 0.633569 1.86827 0.802597 0.610981 -0.0547535 0.13466 0.0182567 
0.639118 1.05402 1.52949 1.02796 1.30875 1.49847 1.72454 0.255284 1.17431 0.290192 0.451398 -0.0353112 
0.560798 0.986656 1.54518 1.1866 1.48641 1.59871 1.04601 1.10638 1.0754 0.698007 0.413341 -0.039373 
0.772892 1.22309 1.75847 1.60605 1.53911 1.3703 0.020183 0.845227 0.387957 0.748768 0.330741 -0.0200557 
0.60721 1.37262 1.42312 2.01796 1.18852 0.795616 1.16486 0.87921 0.448912 0.282213 -0.247014 0.0628434 
0.612372 1.41838 1.18026 1.68789 1.08863 1.33242 0.542837 0.153872 0.591666 -0.196781 0.178205 -0.0196431 
0.887095 2.01248 1.57179 1.44389 1.60949 1.32073 0.175464 1.39678 1.52377 -0.171702 0.0994401 0.0690497 
0.900383 2.02735 2.00115 1.09783 1.81221 1.14425 0.589733 1.84964 1.598 0.426223 0.438094 0.171562 
1.09828 1.98948 2.81801 1.96622 2.17642 1.29346 0.498627 0.627757 1.36889 0.566788 0.443658 0.245412 
1.26852 2.36773 3.44972 3.18929 2.33162 1.75574 2.02554 0.554348 1.39379 0.197888 0.376732 0.154255 
1.79261 2.64741 2.91429 2.34632 3.05455 2.65416 2.0041 0.908235 -0.246837 0.294206 0.209496 0.0590458 
1.82636 2.56094 2.79337 2.45641 2.74869 2.88163 2.30986 0.849768 -0.196031 -0.116192 0.219078 0.0523906 
1.71795 2.3587 2.51192 2.38706 2.60231 2.53679 2.12413 1.10728 0.453356 -0.0246936 0.17363 0.0557739 
1.93301 2.58612 2.63446 2.69437 3.5633 2.27232 1.6596 1.30499 0.642627 -0.224155 0.239446 0.0565183 
1.87209 2.35551 2.7578 2.94481 3.76727 2.127 1.41287 1.30979 0.566524 0.04306 0.20699 0.0364272 
1.83139 2.25407 2.6809 3.04556 3.69172 1.86679 1.47761 1.20907 1.2248 -0.0171387 0.184826 0.0816941 
1.80804 2.47267 2.71637 3.27598 3.98365 1.96605 1.71163 1.20639 0.893335 0.0201355 0.327107 0.102997 
1.69767 2.49714 2.99598 3.38487 3.42933 2.16938 1.71942 0.847986 1.09983 0.268485 0.319636 0.0879843 
1.92267 2.6026 2.7806 3.08189 4.0329 2.22802 1.61035 0.851935 1.45985 -0.0738163 0.347774 0.0972103 
1.69349 2.32031 2.68053 2.86234 3.43167 2.27585 1.26097 1.34954 1.02582 0.192095 0.259508 0.0720104 
1.88928 2.10753 3.07943 2.65845 4.39905 1.42573 0.822651 1.25555 1.49967 -0.00316071 -0.00462718 0.0489374 
1.80507 2.08912 3.15161 3.03208 4.48753 0.940175 1.14832 0.92499 1.45972 0.287252 -0.109273 0.0897053 
1.59087 2.22914 2.71553 2.80062 3.46912 2.08607 1.58169 1.07711 0.940437 0.300914 0.218169 0.0805445 
1.88799 2.22374 2.50978 2.95212 4.19035 1.65293 1.74339 0.91247 1.42951 0.0428342 0.178131 0.132086 
1.67954 2.29071 2.36768 2.79715 3.34362 1.92491 1.73426 1.16087 1.2168 0.437649 0.0899064 0.0621588 
1.80684 2.41932 2.5821 2.60814 3.69125 1.36191 1.94754 1.04021 1.15094 0.0920809 0.0951041 0.0875234 
1.877 2.00752 2.72802 2.47124 3.74991 0.834381 1.17336 0.208382 2.13431 0.509576 -0.355271 0.00448131 
1.71375 1.72638 2.6117 2.57658 3.24791 1.25708 1.15961 -0.00971735 1.37729 1.00658 -0.384265 -0.12083 
1.75808 1.88605 3.17613 2.01335 2.09854 -0.302156 0.590394 0.0521215 0.977126 1.57406 -0.691829 -0.127159 
2.16629 1.87336 2.87334 1.86264 1.92333 -1.5466 0.16449 -0.0549912 1.49604 1.51514 -0.474559 -0.115194 
2.46047 2.01396 2.04302 2.03614 1.01987 -1.36609 -0.568687 -0.867325 2.52438 0.657101 -0.401348 -0.225361 
2.39044 1.86915 2.05017 1.30575 0.837223 -1.46722 -0.408107 -1.25943 2.08789 0.820101 -0.36303 -0.161085 
2.39591 1.77573 1.38297 1.03279 0.314825 -1.37354 0.263478 -1.28409 1.07844 0.727593 -0.0201817 -0.184747 
2.44347 2.09034 1.01608 0.155456 0.225296 -0.568753 1.2475 -1.84417 -0.432194 0.904064 0.357779 0.0436294 
2.49857 1.87051 0.485865 0.184777 1.1851 -0.610774 0.17383 -2.01204 0.00954374 0.675736 0.332169 -0.00110532 
2.31087 1.56726 0.657376 0.297485 0.940362 -0.614017 -0.198629 -2.23501 0.262741 0.53412 0.102017 -0.13228 
2.57478 1.64435 1.14639 0.0655337 1.59125 -1.84572 -1.47689 -2.02688 0.718225 0.892278 -0.201235 -0.142308 
2.56893 1.38012 -0.127484 -0.212174 2.96258 -1.81352 -0.896623 -2.30024 0.0118819 0.702635 -0.330969 -0.0626668 
2.47377 1.5834 0.126955 0.368437 1.94494 -1.45628 -1.2613 -2.14639 0.321596 0.279593 -0.218785 -0.250695 
2.58577 1.12656 -0.487855 0.595415 0.805772 -0.840818 -0.714973 -2.94753 0.684895 0.211943 0.0906681 -0.274935 
2.63676 1.23134 -0.129028 0.481148 1.14804 -0.808555 -0.947342 -2.90628 0.59382 0.309704 0.000142093 -0.220882 
2.34301 1.08891 0.683048 0.723175 1.36753 -0.55509 -0.275214 -2.87281 0.724241 0.611709 -0.0536034 -0.151201 
2.56 0.79348 -0.3639 0.634755 2.4251 0.28659 -0.0774041 -2.95774 0.484968 0.0891644 -0.287202 -0.277061 
2.44369 1.34142 -0.0290377 0.826249 2.08547 -0.524876 -0.149311 -2.65052 0.884099 0.272283 -0.0880354 -0.315063 
2.45665 1.14864 -0.84686 0.228107 1.95373 -0.591668 -0.58717 -2.38767 1.15011 0.320325 0.106682 -0.233538 
2.35665 1.33427 -1.03599 -0.186116 2.30923 -0.721753 -1.04086 -1.80166 0.938494 0.62588 0.209921 -0.218691 
2.59725 1.2211 -0.884152 -0.46261 2.47256 -1.43743 -0.595162 -2.10536 1.04164 0.938529 0.0234201 -0.1049 
2.5866 1.34992 -0.447827 0.293081 1.24725 -0.729281 -1.36813 -1.67733 1.01552 0.789603 0.0964135 -0.368053 
2.65765 1.47943 0.129418 0.728025 1.11557 -0.84834 -0.434569 -1.64712 1.26197 0.888614 0.0358409 -0.409596 
2.88431 0.972007 -0.425116 0.0472388 0.958975 -0.414417 -0.103863 -1.49047 1.10584 1.05109 0.081663 -0.382059 
2.8375 1.36678 0.178019 0.158685 1.23599 -0.8146 0.412703 -1.83234 0.75495 0.764624 -0.146383 -0.364412 
2.6094 1.27381 -0.464042 0.0196238 0.744213 0.695007 0.764676 -0.807903 0.496536 0.516873 0.0496256 -0.394532 
2.7001 1.34251 0.0709866 -0.0775586 0.766284 0.633636 0.864901 -0.775563 0.591092 0.715788 -0.000918651 -0.413495 
2.74385 0.947145 -0.399974 0.265033 1.08285 0.495991 1.49418 -1.40688 0.495174 0.240628 -0.279708 -0.456706 
2.91015 0.518233 -0.772288 0.284341 1.73334 0.490118 1.543 -0.9688 0.220903 0.275594 -0.254075 -0.371875 
2.65897 0.951264 0.695387 0.697705 1.16411 1.44771 2.13934 -1.29299 0.672359 0.191076 -0.734191 -0.456546 
2.51 0.837773 0.402268 0.935514 2.11157 1.70771 2.07737 -1.78222 0.511632 -0.0562512 -0.622936 -0.303292 
2.57554 0.994904 0.419873 0.762837 2.66324 1.14738 2.02531 -1.23483 0.135407 0.0258058 -0.416329 -0.150635 
2.62854 0.560744 -0.608906 1.09337 3.16036 1.65058 1.22057 -1.11047 -0.109968 0.0195813 -0.138209 -0.198088 
2.70532 0.788364 -0.506046 0.814328 2.61119 1.25983 1.09606 -1.01845 0.20509 0.255531 -0.0544002 -0.221655 
2.55569 1.11373 -0.608974 0.400316 3.08724 1.48226 0.777215 -0.509806 0.319607 0.342235 0.0334848 -0.132231 
2.66121 0.742863 -0.879432 0.9712 3.24958 2.01601 1.0765 -1.38108 0.356304 0.179499 -0.0245763 -0.188976 
2.55921 0.872678 -0.294241 1.04431 2.77623 2.59624 0.874782 -0.668846 0.523021 0.327379 -0.0756237 -0.266147 
2.61746 0.464545 -0.802645 1.5191 3.33338 2.19953 0.923446 -1.42643 0.469738 0.34946 -0.00611287 -0.237831 
2.45262 0.992586 -0.31259 1.0565 3.69857 1.66547 0.602681 -0.032404 0.55055 0.322494 -0.393096 -0.402242 
2.50582 0.946287 -0.209025 1.13546 3.44218 1.85724 0.398222 -0.187279 0.783843 0.399455 -0.28526 -0.377091 
2.37013 0.976994 -0.458219 1.25347 3.68358 2.0265 0.109597 0.0152451 0.567278 0.379637 -0.262569 -0.347629 
2.41055 1.25629 0.0822297 1.04865 3.98686 1.59206 0.618768 0.312489 0.908669 0.518022 -0.411327 -0.417123 
2.46922 0.803031 -0.394958 0.885547 3.86247 1.7712 0.342003 0.538878 0.744624 0.77076 -0.2166 -0.417311 
2.55642 1.10855 -0.00811385 0.859544 3.17332 1.47838 -0.299683 0.722583 1.30093 0.881336 -0.129613 -0.412215 
2.3885 0.809274 -0.0171231 1.08382 3.48473 1.83536 0.388266 0.57451 0.634009 0.577448 -0.140521 -0.301648 
2.39087 0.994928 0.162874 1.22702 3.90035 1.79956 0.61456 0.14751 0.715441 0.362504 -0.247429 -0.233128 
2.42443 1.11461 0.285977 1.38949 3.99808 1.79005 0.179422 0.610186 0.918428 0.265636 -0.42353 -0.328458 
2.41014 0.959603 0.0793854 0.92653 3.84134 1.57842 0.168358 1.13896 0.791289 0.600297 -0.239489 -0.311721 
2.38582 1.42653 0.553095 1.00421 3.69149 1.88845 0.118705 0.479667 1.08389 0.467565 -0.232865 -0.365886 
2.30066 1.36557 0.424213 0.948999 2.51972 0.831397 0.371798 0.538725 1.8821 0.668455 -0.189978 -0.257093 
2.28428 1.35911 0.394551 1.11033 2.38863 0.766504 1.31137 0.416844 1.56702 0.496948 -0.0107536 -0.0453417 
2.13249 1.42029 0.531103 0.91108 3.17548 1.66214 1.19082 0.187653 1.17873 0.435666 -0.123228 -0.146514 
2.21818 1.2776 1.27633 1.39027 2.90181 1.19302 0.552299 0.0265055 1.04947 0.893998 -0.207514 -0.324699 
2.24172 1.4645 1.13582 1.41181 3.52539 0.901548 1.41478 0.38422 0.77968 0.706276 -0.269041 -0.183384 
2.07284 1.69851 0.686273 1.54414 3.25361 1.04115 1.08021 -0.129057 1.51038 0.952926 -0.181251 -0.333633 
2.08915 1.64069 0.602499 0.674228 3.67512 1.57283 1.61235 -0.1285 1.22822 0.605401 -0.1689 -0.1702 
1.95702 1.46077 1.11 0.629012 3.45667 1.89182 0.915255 0.421329 1.03855 0.985891 -0.0325078 -0.188641 
2.09721 1.45318 1.10841 1.18743 2.55645 1.98099 0.859685 -0.0218785 1.5802 0.444079 -0.286264 -0.292684 
1.89167 1.21771 1.30006 1.12432 3.02943 2.07165 0.964151 -0.0872815 1.06153 0.303949 -0.311381 -0.201165 
1.75532 1.31454 1.18657 0.815554 2.36262 1.27636 0.68547 -0.450824 -0.0485036 0.118889 -0.278192 -0.213686 
1.91891 1.73265 0.840606 0.380355 2.6824 2.43421 1.97037 0.442053 -0.271409 -0.235034 -0.382342 -0.10164 
1.85932 1.87764 0.973536 0.729134 3.17631 2.43506 2.02483 0.347882 0.380302 0.254416 -0.139422 -0.00750172 
1.71428 1.25007 0.985346 0.918184 3.27471 1.71069 0.736564 0.334313 1.49124 0.78631 0.190255 0.00206242 
1.76876 1.5704 1.6658 0.870689 2.82412 1.86568 0.392704 -0.0801195 1.04056 0.238012 -0.0134411 -0.0550341 
1.66685 1.76251 1.79803 1.10354 2.17067 1.74417 1.66214 -0.0114706 0.748928 0.28681 0.066099 0.115603 
1.78023 1.91199 1.95229 1.21978 2.63999 2.33748 2.3873 0.347559 1.03723 0.123579 0.0948258 0.184926 
1.87301 1.99712 2.29931 1.20154 3.08524 1.79178 1.87995 1.11734 1.05144 -0.0181034 -0.19695 -0.00919426 
1.61265 1.6213 1.96649 2.00556 3.02779 2.14009 1.7664 1.30903 0.7998 0.318938 -0.086132 0.0580969 
1.53745 1.87206 1.81013 1.18247 3.26589 1.73439 1.12238 0.664974 1.28953 0.959231 0.0565536 0.090603 
1.5198 1.77645 1.77367 1.52389 2.57553 1.95237 1.05983 0.604459 2.12175 1.45422 0.102713 0.127155 
1.51801 1.6956 2.07311 2.23223 2.98178 1.93602 1.29504 -0.0934197 1.59209 0.937846 0.256221 0.148219 
1.56229 1.92543 2.18978 1.58452 3.89215 1.90256 0.655294 0.814818 1.2657 0.0382443 0.0564912 -0.0486332 
1.47394 2.01999 1.83347 1.34506 3.48664 2.09155 0.754434 0.637802 1.24595 -0.43552 0.0462077 -0.115112 
1.52438 1.79707 1.7357 1.47924 3.33185 1.61826 0.918009 0.351501 0.963336 -0.584964 -0.0666595 -0.0909863 
1.56994 1.94342 1.98883 0.885519 2.86458 0.401521 0.95498 0.464382 0.960573 -0.409642 -0.343032 -0.134047 
1.37133 1.83788 2.2885 1.37722 2.4434 1.55617 1.35216 0.127202 1.2039 0.406837 -0.265504 0.0778857 
1.30981 1.7716 1.95831 1.1851 2.08109 1.72255 1.55621 0.161201 1.60097 0.439847 0.239359 0.218656 
1.43543 1.75191 2.25665 1.62044 1.73838 2.00682 0.566611 0.581085 1.5638 0.493039 0.139058 0.151408 
1.31375 1.65873 2.69422 1.56368 1.89927 1.79419 1.46736 1.19691 0.686289 0.408116 0.0262582 0.0683224 
1.24016 1.60828 2.74514 1.58146 1.68173 1.08572 1.61277 0.620443 0.632928 0.277856 0.408755 0.129052 
1.29956 1.68412 1.99418 2.19153 1.92784 0.916957 2.11732 0.565655 1.27055 0.16107 0.481101 0.193246 
1.20146 1.60254 2.41841 1.95898 1.30434 1.76689 2.00659 0.912833 1.42347 0.298184 0.45872 0.221694 
1.1158 1.72964 2.42426 1.01427 1.64571 1.80513 2.42766 0.858101 1.29322 0.939315 0.304995 0.282328 
1.00644 1.7466 2.61414 0.745162 1.67197 1.81332 2.24182 1.10514 0.837702 0.758627 0.567274 0.209157 
0.99818 1.41169 2.76779 1.29211 2.18713 1.78025 2.27393 0.971108 0.817288 0.186572 0.638001 0.236259 
1.12878 1.55197 2.26243 1.3487 2.39296 1.80528 1.63228 1.14441 1.30201 0.148653 0.458232 0.244438 
1.2073 1.26787 1.97712 1.17611 2.95219 1.40864 1.74703 0.634439 0.966993 0.0800761 0.465978 0.270413 
1.18378 0.83776 2.00131 1.5001 2.4996 1.30335 1.56614 0.155017 1.62945 0.227287 0.079141 0.266288 
1.09088 1.17147 1.90576 1.64881 1.42118 2.2842 1.09324 0.714241 1.98116 0.541722 0.571382 0.258949 
1.09527 1.31068 2.43723 1.59972 1.23241 1.3625 1.82587 1.17905 1.21343 1.31962 0.556384 0.229948 
1.09021 1.19838 2.8004 0.917133 1.38468 1.33081 1.6705 1.55761 2.26493 0.553481 0.39626 0.373351 
1.05279 1.28289 2.12806 1.21006 1.33013 1.89503 1.66626 0.782131 1.96482 0.102422 0.491043 0.257717 
0.97474 1.30598 2.17973 1.32474 1.58913 1.13837 2.02982 0.332915 1.88914 0.721675 0.287703 0.271125 
1.21144 1.09289 2.66789 1.24451 1.67141 0.4406 2.06737 1.31549 1.38305 0.695255 0.637731 0.348766 
1.12171 1.40663 2.47597 0.831015 1.12237 0.2838 1.6214 1.79049 1.34911 0.600822 0.709071 0.217709 
1.07733 1.41462 2.24868 0.285761 1.61524 0.963664 1.64867 1.41995 0.987575 0.496021 0.949244 0.156527 
0.954306 1.22837 2.42994 1.00069 2.19352 1.43697 2.07005 1.61573 0.730285 -0.0374598 0.779931 0.180191 
0.967017 1.1388 1.94046 0.740317 1.4617 1.62726 1.77929 1.43546 0.498756 0.493306 0.542739 0.049052 
0.85798 1.52719 2.21781 0.577061 1.2056 0.980887 1.6538 0.569383 0.814082 0.782724 0.149566 0.099735 
0.753706 0.988096 1.64966 -0.0309473 1.23167 0.100675 0.494669 0.172265 0.905364 0.224754 0.0972221 -0.0697202 
0.838928 1.185 1.95841 0.137045 1.75601 0.547412 1.51364 0.837172 1.28686 0.669871 0.72472 0.0591678 
0.765302 1.32975 2.53838 0.966799 0.89522 0.87867 1.73786 1.63159 1.7576 0.117513 0.866883 0.15102 
0.833273 1.72977 1.98839 1.0525 0.854151 0.878066 1.90439 1.1293 1.11024 0.444344 1.00759 0.0465267 
0.925804 1.33534 1.99537 0.890033 0.374158 0.974239 1.7396 1.17522 1.70654 0.593136 1.02348 0.106792 
1.01634 1.33122 1.99786 0.762534 0.389999 1.46053 1.69874 1.72361 1.15443 1.10342 0.792386 0.0973612 
0.961577 1.18818 2.1021 0.562097 0.959607 0.814363 0.81671 1.11769 1.86334 0.708496 0.466032 0.20265 
0.868176 1.22327 1.72689 0.648838 0.946496 0.252445 1.75001 0.888704 0.716922 0.200741 0.745646 -0.00183387 
0.813896 1.13848 1.93672 1.16478 1.01003 0.229706 1.67472 0.3729 1.36104 0.785877 0.765283 0.0462286 
