0.849543 0.329115 -0.165171 0.0331348 0.282879 -0.280617 0.257585 0.1875 1.69612 0.475167 0.0831421 -0.263503 
0.878938 0.0796048 -0.06011 -0.112112 0.162532 0.859215 0.771421 0.0904743 1.07831 0.224948 0.380406 -0.19587 
1.02495 0.551007 -0.125002 -0.19535 -0.346146 1.14565 1.08594 0.0486735 1.09784 0.25963 0.417582 -0.228534 
1.0399 1.09335 -0.110973 -1.0393 -0.118741 0.983393 0.0482994 0.676546 1.31865 0.354863 -0.14387 -0.193213 
1.06187 0.919146 0.378525 -1.35362 0.457924 0.403986 0.261956 0.708185 0.952279 0.383435 0.0325217 -0.175946 
0.973446 0.646945 0.0114494 -1.6468 -0.334891 -0.841743 0.0887641 0.423111 1.24385 0.584899 0.433542 0.149874 
0.90214 0.723413 0.333591 -1.32011 -0.805949 -0.965376 0.391532 0.574174 1.3614 0.513546 0.263437 0.0680735 
0.882957 0.434173 -0.638529 -1.10593 -0.91141 -1.34979 0.906623 -0.596438 0.990274 0.837402 0.0901721 0.0502853 
0.910031 0.671875 -0.256326 -1.30568 -0.735619 -0.967531 0.189449 -0.16573 0.244349 0.579421 0.0252855 -0.127666 
0.922222 0.731654 -0.271881 -1.50209 -1.12179 -0.201037 0.453109 0.166021 1.01954 0.481746 0.364781 0.126665 
1.04445 0.808051 0.482806 -0.776073 -0.704103 -0.333805 1.02629 -0.00949339 1.42566 0.220371 0.220119 0.110952 
1.0067 0.803614 0.88907 -0.944238 -0.657233 -0.624972 0.754556 0.0138266 1.29215 0.186102 -0.00838163 0.0637297 
1.08343 0.999398 0.586067 -1.14946 -0.584786 -1.32945 0.664473 0.278324 0.766249 0.403641 -0.0568598 0.0601199 
1.08772 0.674133 0.501967 -0.697914 -0.792452 -1.16219 0.586847 0.39399 -0.060514 0.898596 -0.146197 -0.172712 
1.06206 0.383392 0.737391 -0.620882 0.652956 -0.728059 0.800042 0.74609 -0.4359 0.467417 0.359454 -0.129158 
1.07603 0.752023 1.32917 -0.144891 -0.00145996 -0.397647 0.692685 0.400589 0.400396 -0.60276 0.1581 -0.220064 
1.24323 1.19195 1.4902 0.552225 0.302543 0.737341 0.0565588 0.100477 1.07848 -1.58129 0.31606 -0.101476 
1.07662 1.40904 1.19805 0.942392 0.530079 0.253652 0.508082 0.443304 0.0194763 -0.238669 -0.0978396 -0.154438 
1.29456 1.87536 2.02507 1.91727 1.70264 1.17549 0.56488 0.332519 -0.118095 -0.218681 -0.372035 -0.204827 
1.62089 2.57354 2.3293 2.64385 3.29686 1.0026 -0.0743846 -0.336315 0.634786 -0.640956 -0.185905 -0.34754 
1.80043 2.58681 2.33838 2.91518 3.76953 1.10396 -0.147903 -0.158855 0.798988 -0.590154 -0.255632 -0.38171 
1.80109 2.55369 1.69467 3.39513 4.20469 0.439668 0.616594 -0.451289 1.31554 -0.727457 -0.266045 -0.364503 
1.53461 2.19726 1.91009 4.05993 3.74754 0.272711 0.522463 -0.998567 1.20086 -0.71552 -0.19658 -0.45439 
1.52805 1.99585 2.29843 3.82159 3.37832 0.0743322 0.468582 -0.717576 0.201526 -0.344986 -0.331729 -0.36526 
1.51287 2.24942 2.07607 3.47992 3.84329 0.22192 0.493617 -0.83098 0.724886 -0.659818 -0.218125 -0.367284 
1.56124 2.25354 2.14864 4.05094 3.49306 0.0407086 0.586221 -1.48587 0.602592 -0.997625 -0.152468 -0.494146 
1.47103 2.15426 2.56871 3.68479 2.95933 0.200008 0.843487 -0.930186 -0.501943 -1.01592 0.047567 -0.396215 
1.41813 2.36286 2.60217 3.68749 3.06136 0.0762397 1.06472 -0.827299 -0.391496 -1.50013 0.218426 -0.429757 
1.66003 2.23406 2.62043 4.35047 3.10178 -0.337171 1.42255 -0.936369 -0.607664 -1.26356 -0.0696188 -0.367911 
1.74706 1.98368 2.51735 4.57179 2.89334 -0.206581 0.882533 -0.823756 -0.25576 -1.07058 -0.188858 -0.377261 
1.47396 2.0584 2.86236 4.03918 3.05775 -0.328299 1.34338 -0.900223 -0.658932 -1.35147 0.179717 -0.371143 
1.39095 2.42404 2.87414 3.48719 3.56574 -0.38435 1.29206 -0.412278 -1.01649 -1.7983 0.398983 -0.403171 
1.43844 2.4423 2.69459 3.36577 3.54277 -0.338369 1.0643 -0.74316 -0.878557 -1.79063 0.275302 -0.393199 
1.43957 2.36112 2.77009 3.78449 3.49023 -0.557487 1.09121 -1.16193 -0.781758 -1.80952 0.208726 -0.445445 
1.40641 2.37927 2.89777 3.82753 3.57506 -0.634814 1.50588 -1.15348 -1.09713 -1.81947 0.345252 -0.461412 
1.48814 2.28391 2.7981 3.27275 3.65383 0.145825 1.56442 -0.446039 -1.05847 -1.46016 0.410712 -0.259637 
1.55258 2.26174 2.59878 3.5407 3.31769 -0.220872 1.29928 -0.17487 -0.052681 -1.16197 0.0263747 -0.158049 
1.49018 2.40219 2.72796 4.14661 4.12236 -0.880014 1.57589 -0.422039 -0.328669 -1.53197 0.0465981 -0.201544 
1.60236 2.24938 2.43952 4.39916 4.21108 -0.620189 1.05461 -0.267384 0.363159 -0.875455 -0.273398 -0.17972 
1.62728 2.21491 2.26167 3.87498 4.44862 -0.0527105 0.62645 -0.67311 0.42872 -0.57781 -0.214968 -0.270142 
1.78054 2.1537 2.29923 3.80927 4.64022 -0.0494813 -0.0050209 -1.00803 -0.109319 -0.75801 -0.377913 -0.372515 
1.70199 2.30606 2.15423 3.49442 5.6758 -0.322308 -0.961819 -0.926227 0.314205 -0.985663 -0.572172 -0.627044 
1.6512 1.84359 2.07385 3.51319 5.53015 -0.616739 -1.47711 -0.582219 0.329451 -0.751391 -0.576061 -0.55779 
1.76113 1.55516 1.6669 3.24308 4.35203 -0.782181 -1.28146 -0.459497 0.113926 -0.0566871 -0.520198 -0.334674 
1.67492 2.16456 1.46634 3.31105 4.65764 -1.04429 -1.62022 -1.49134 0.27444 -0.495385 -0.534773 -0.502469 
1.81313 2.08916 1.28357 2.96826 4.39726 -0.86872 -1.69697 -1.52981 0.185447 -0.390145 -0.440311 -0.39926 
1.91419 2.3287 0.840896 2.30078 4.61915 -0.42937 -1.69379 -1.66338 0.181264 -0.393143 -0.297764 -0.458772 
2.02936 2.35148 0.559961 2.36842 4.76849 0.130655 -0.942347 -1.4342 0.664748 -0.25016 -0.34218 -0.50206 
2.097 2.13782 1.15486 1.92314 4.46231 0.321642 -1.02107 -0.80053 0.637546 -0.145846 -0.353613 -0.41016 
2.05873 2.17021 0.923564 1.67124 3.38149 0.59901 -0.290978 -0.357623 0.478511 -0.644348 -0.197837 -0.200899 
2.18385 2.29568 0.927316 1.291 2.75482 -0.0205464 -0.0549513 0.22504 0.357381 -0.736089 -0.397536 -0.152112 
2.40204 2.52856 0.896845 1.51814 2.32975 -0.91837 0.545278 -0.0751974 0.117287 -0.355127 -0.353415 0.03072 
2.2444 2.39935 1.34533 1.66636 1.79177 -1.97115 0.0353775 -0.161173 0.829186 -0.0873995 -0.0295907 0.255286 
2.0007 2.16498 2.05423 1.83119 2.21226 -0.533874 -0.684741 -0.659643 0.747559 -0.0384268 0.0868169 0.148348 
1.90022 2.06104 2.08865 1.86323 3.02783 -0.630354 -0.494496 -1.44769 0.964567 -0.188289 -0.0219382 0.14311 
1.92992 2.26282 1.80394 0.460553 1.96795 -1.11373 -0.17501 -0.00639589 0.736289 -0.301608 -0.0310247 0.114574 
2.02366 2.2332 1.75901 -0.248321 1.59022 -1.31059 -0.134201 1.22038 1.70563 0.360662 -0.0184678 -0.0940008 
2.08694 1.73535 2.12308 0.305018 1.1713 -0.875568 0.138437 0.306366 0.559179 0.260339 -0.103418 0.0103768 
1.91476 1.85181 1.79845 0.531951 1.06438 -0.0605939 0.474919 -0.377124 1.5246 -0.0167841 -0.241724 -0.0504984 
1.93106 1.82509 1.45143 0.807633 0.668058 -0.865844 1.13726 0.0583205 1.37294 0.420058 -0.061476 -0.0227308 
1.91099 2.4417 1.61217 0.354365 0.16878 -0.792373 1.36681 1.17639 1.07558 0.249631 0.328006 0.0535475 
2.09255 2.268 1.59882 0.949149 1.11954 -0.159244 0.383062 -0.1506 1.63386 -0.421805 0.0227827 -0.0346859 
2.04279 2.117 1.29983 1.20485 1.53769 -0.290687 0.366686 -0.226786 1.12925 -0.358286 -0.0809767 -0.0939781 
1.97817 1.52424 1.37914 0.436833 0.997211 -0.490884 0.458885 1.0841 0.85394 0.358667 -0.255904 -0.242362 
1.96235 1.52383 1.40649 -0.674006 -0.221519 -0.424259 0.454555 0.835363 1.29829 -0.0857269 -0.0424653 -0.0657207 
1.99791 1.85936 1.37495 -0.298836 -0.00279639 0.234719 1.42043 1.26579 1.70402 -0.0492927 -0.177738 -0.207861 
2.1232 2.0777 1.47474 0.190753 0.118905 0.646831 1.55573 1.46189 1.5876 0.00415725 -0.127205 -0.183106 
2.15624 2.09107 1.39012 1.0049 0.318575 0.589154 1.4058 0.326608 1.7328 0.646355 0.10387 -0.118977 
2.01502 2.04503 1.51877 0.319681 1.22514 -0.29192 1.13363 1.4966 1.98424 0.725238 0.131045 0.00108266 
1.98003 1.97052 1.86012 0.12551 1.14701 -0.110917 1.42494 2.25615 1.4649 0.704406 0.071344 -0.0866591 
1.70609 2.29597 2.07615 -0.165677 0.63565 -0.0184799 0.753601 1.51724 0.68209 0.582779 0.190494 -0.0796599 
1.64216 2.04016 1.35328 0.380873 0.270758 -0.145294 0.636233 1.30677 1.60853 0.0713525 0.276509 -0.08424 
1.76172 2.30842 2.24072 0.925696 0.824747 0.339465 0.650075 0.587183 1.65592 0.151527 0.181289 0.0434643 
1.76949 2.09384 1.97474 0.79706 1.58899 -0.106456 0.75353 1.24444 0.591805 0.46717 0.185692 0.0749168 
1.79463 1.79301 2.20253 1.09746 1.26728 0.0889243 0.757914 1.36122 0.990086 0.815804 0.0748157 0.0128138 
1.61156 1.98268 2.52712 1.1385 1.06202 0.421202 1.29888 1.24995 0.921247 0.793065 0.275707 0.130422 
1.60498 2.04937 2.35779 1.05337 1.48067 0.575458 0.718767 1.08037 1.18039 0.598175 0.234236 0.127651 
1.68278 1.82112 1.95545 0.248207 1.29453 0.890528 1.15289 0.556708 2.40783 0.766096 -0.0838351 0.0577339 
1.61129 1.75089 1.64645 0.559211 1.96033 0.064679 0.867589 0.786216 1.35457 0.923874 0.0488451 0.0571837 
1.5356 1.9856 1.43226 0.578254 1.74115 -0.0467348 1.1006 1.14517 1.34682 0.640317 -0.0611152 -0.0160507 
1.51309 1.8642 2.09877 -0.0419528 0.76471 0.35132 1.73235 1.73048 1.06729 0.416479 0.584505 0.135605 
1.58916 1.50532 2.28958 0.317018 1.65019 0.173961 1.60935 0.932711 1.45127 0.333243 0.50392 0.403662 
1.42093 1.70367 2.20495 1.13647 2.23498 1.02584 1.48539 1.11464 1.58243 0.119892 0.0423565 0.140505 
1.32792 1.5654 1.86651 1.57215 1.96638 1.31963 1.87271 0.581125 1.29059 -0.0352676 -0.0245363 0.0949965 
1.27241 1.54154 1.96033 1.37932 1.70391 0.987908 2.00448 -0.109796 1.18324 0.210552 0.438314 0.203151 
1.16527 1.69048 1.68333 0.511852 1.69192 -0.464034 0.906397 -0.027876 1.38474 0.967468 0.470939 0.201449 
1.32103 1.65716 1.82292 0.660003 1.12876 -0.997036 1.58633 0.928746 1.17637 0.771754 0.142304 0.162157 
1.18991 1.93169 2.40806 0.360793 1.26084 -0.15338 1.78851 1.61307 0.708795 0.526529 0.132533 0.046281 
1.14844 1.25359 1.96968 0.611492 1.3671 0.511685 1.28194 1.3147 1.01383 0.740709 0.685384 0.0762357 
1.11798 1.21534 1.52428 0.662009 1.91399 0.343861 1.28318 1.54903 0.758062 0.773481 0.478133 0.0150504 
1.31414 1.5873 1.87394 0.625652 1.71941 -0.721408 0.339052 1.48967 0.257343 0.498148 0.372512 0.0532262 
1.20431 1.52068 2.38865 1.07436 1.10474 0.157337 1.20266 1.68463 0.59758 0.231879 0.291258 0.0352518 
1.0563 1.74625 2.13971 0.848412 0.672962 0.916834 1.79219 0.422696 0.00238069 0.323148 0.12098 -0.0441976 
1.13294 1.62658 2.09315 0.697648 1.17319 0.213513 1.52454 0.603081 0.0341552 0.793457 0.187093 0.0747244 
1.2251 1.35506 2.43322 0.8985 0.755392 -0.366456 2.07108 0.610046 0.677843 1.01801 0.410876 0.177257 
1.19131 1.25128 1.92905 0.42752 2.29213 -0.397745 1.26895 1.01372 0.744595 0.902738 0.297697 0.206142 
1.04923 0.834826 1.84649 0.094745 1.79082 0.0938192 1.18656 1.26062 0.922569 0.240056 0.687401 0.207114 
1.09024 1.09192 1.77263 -0.173134 1.33545 -0.491881 1.04556 1.00215 0.805985 0.264159 0.782142 0.178631 
1.08227 1.60331 1.57859 0.494284 1.05787 0.0632922 1.57483 0.282487 1.29988 1.22244 1.23277 0.225643 
1.08759 1.49564 1.97941 0.872145 1.39832 0.650352 0.546876 0.720933 0.535986 1.13558 0.757717 0.102422 
1.09638 1.32002 1.38827 0.768246 1.76835 0.316708 0.391555 1.17224 0.292769 0.712052 0.400186 0.0985582 
1.0411 1.41883 1.91879 0.707085 2.28302 0.118764 1.48589 0.89279 1.05975 0.81452 0.114476 0.230066 
0.997986 1.53622 2.00158 1.11333 2.13461 0.00789081 1.42704 0.0649391 0.571175 0.957429 0.517708 0.214527 
1.04053 1.36314 1.67919 0.684544 1.82458 0.186858 1.20309 1.23824 1.15623 1.2507 0.541887 0.179005 
1.01751 1.1454 2.03231 1.44196 0.96536 1.86348 1.39185 0.936785 0.780356 -0.0132497 0.0256797 0.160421 
1.04867 0.958571 1.84713 0.786059 0.966262 1.96466 1.91367 0.968511 0.541442 -0.186971 0.0931944 0.121778 
1.07641 1.23402 1.9037 0.607584 0.561956 1.01843 1.46682 0.711819 0.821716 -0.000605169 -0.0144071 -0.0128999 
0.93554 1.20487 1.68017 0.165845 0.892237 -0.0207988 1.50108 0.876652 0.149666 0.193644 0.255491 -0.0333095 
0.87648 1.46998 2.19319 0.437701 0.99386 0.157016 1.24835 0.860542 -0.0313282 0.706265 0.50209 -0.00994714 
0.963837 1.50027 1.97638 1.29029 0.838319 0.229897 1.25517 0.63462 1.47707 0.621658 0.245365 0.129175 
0.928948 1.53973 1.72408 1.31914 0.707929 1.3083 1.92359 -0.776143 0.819667 0.388973 0.190489 0.0505501 
0.871587 1.82905 1.90066 0.631904 0.818753 0.91177 1.37002 -1.00949 0.415938 0.209516 0.296509 0.0387904 
0.877662 1.41764 1.7064 0.734617 1.4066 1.52478 0.0774155 0.174955 0.86911 0.661451 0.188546 0.126712 
0.93904 1.125 2.09983 1.01055 1.09124 0.399058 0.766655 0.555475 0.197598 0.962792 0.363195 0.0293079 
0.8634 1.03893 1.55064 1.34341 0.400141 0.440659 1.14411 0.504694 -0.324473 0.442387 0.651418 -0.070659 
0.842381 1.29032 2.04538 0.655965 0.897363 0.806896 1.49544 1.19634 0.352385 0.256358 0.528415 0.0279278 
