0.586756 1.33505 1.57325 1.22458 1.53757 0.660973 1.20738 0.572324 0.392025 0.341183 0.212307 0.0166848 
0.562146 1.40025 1.71356 1.4581 1.22242 1.28718 0.618718 0.360714 0.78243 0.747351 0.472467 0.0176417 
0.586498 1.09027 1.90678 1.91384 0.717069 0.899036 1.19211 0.816286 0.382308 0.966591 0.814311 -0.049986 
0.798448 0.648776 3.09429 1.69194 -0.0933072 1.33511 2.09344 0.0787894 0.060117 -0.121697 0.110214 -0.11134 
0.390646 0.636047 3.04293 0.931009 0.266077 1.49718 1.29913 -0.242259 -0.513431 0.21916 -0.29701 -0.410228 
-0.00642854 0.421849 2.9717 0.430107 -0.351275 1.44315 0.274666 -0.3178 1.17113 0.270937 -0.231333 -0.368187 
-0.296692 -0.0767516 3.55676 0.745763 0.0677025 2.74463 1.47613 -0.573587 1.67216 0.207783 -0.144235 0.265641 
-0.53472 -0.170809 3.81811 0.861859 1.1949 2.39035 1.64185 0.972703 1.16569 0.241578 -0.165476 0.37081 
-0.699139 -0.0180874 4.24136 0.403993 1.01662 0.850783 0.829233 0.927534 1.47978 -0.323946 0.0252471 0.235356 
-0.747921 0.046714 4.25784 0.0680822 -0.526074 0.185395 1.00733 0.478795 2.0281 -0.810286 0.474365 0.234287 
-0.78555 0.403321 3.82841 0.787716 -0.202498 1.13281 0.457896 1.07314 1.7239 -0.59492 0.17347 0.132364 
-0.977212 0.303917 3.85877 0.160897 0.819796 0.532127 -0.0953524 0.998903 0.87151 -0.344442 0.124724 0.0124311 
-1.13871 0.54569 3.99168 0.107273 0.693331 1.22796 0.210001 0.948438 1.00615 -0.210051 0.272308 -0.0249641 
-1.19398 0.386092 3.37035 0.560208 0.0576155 0.737948 0.0257665 1.47531 0.594864 -0.0306905 0.185576 0.072729 
-1.23598 0.390453 3.43439 0.669564 0.707484 1.00884 0.0477393 1.57087 0.833164 0.023144 0.238435 0.220583 
-1.14326 0.312474 3.3377 0.114189 1.71032 1.80999 0.559712 1.63016 0.637507 -0.055115 0.583229 0.00592533 
-1.17575 0.618981 3.49822 0.767006 1.65251 1.62175 0.731635 2.68584 0.480337 -0.225252 0.70987 0.0317813 
-1.30552 0.574813 4.39901 0.528462 1.78222 1.85498 0.45513 2.23875 0.927833 -0.496169 0.816253 0.083252 
-1.49494 0.540599 4.20941 0.355182 1.79151 1.18033 0.316531 1.6711 0.898391 -0.564369 0.717072 0.0214138 
-1.42841 0.505682 3.84424 -0.350576 2.04648 1.0516 0.489259 0.681731 1.22965 -0.457452 0.348193 0.0839959 
-1.12562 0.347867 4.0252 -0.209247 1.06038 0.220359 0.831155 1.77318 1.55353 -0.721519 0.413756 0.275534 
-1.26948 0.122178 3.41773 0.441955 1.57575 0.377444 0.59296 1.67576 1.02175 -0.199872 0.172082 0.17897 
-1.2813 0.607569 3.77201 0.164252 2.03008 1.04068 0.579635 1.70162 0.474147 0.200992 0.298961 0.139141 
-0.933521 0.551511 4.26245 0.501507 1.57618 1.21976 0.855438 1.7503 0.560572 0.0704046 0.406881 0.127408 
-0.746246 0.547987 3.83236 0.140251 2.22629 1.46096 1.13539 1.81446 0.618893 0.207182 0.195516 0.112028 
-0.546939 0.917009 3.42906 -0.213973 2.14024 1.38861 0.575367 1.71067 1.41681 -0.0330039 0.179455 0.0998674 
0.0312057 0.759136 3.49054 -0.55631 1.56495 0.219403 0.480045 1.01917 0.937514 0.414107 -0.128983 0.134422 
0.110786 1.02739 3.01156 -0.636542 1.06684 0.362048 0.640274 1.30388 0.844974 0.361509 0.17441 -0.212493 
1.19226 1.61553 1.94132 -0.660262 1.52994 0.189083 0.109404 1.25025 0.0998163 0.579412 0.497271 -0.150111 
1.94064 1.36978 0.390209 -0.30791 1.73501 -0.659953 -0.684702 1.3146 -0.153462 -0.0491414 0.18974 -0.0212399 
2.05948 1.2048 1.28229 -0.0512219 1.83832 -0.604417 -0.405531 0.720546 -0.104497 -0.445054 -0.17997 -0.100917 
2.28669 1.17704 0.309192 -0.895027 1.93063 0.036476 -1.2469 0.451118 -0.218967 0.513495 0.369982 -0.213185 
2.39925 1.01058 0.24654 -0.82175 1.89865 -0.0532847 -1.16445 0.826885 -0.491827 0.437267 0.477669 -0.119407 
2.22778 1.02843 -0.30335 -0.312689 1.62457 -0.543073 -0.893588 0.990239 -0.143753 -0.00990708 0.113304 0.0377547 
2.44901 0.908761 -0.865288 0.208427 2.13981 -0.304604 -1.05081 0.0253166 0.211373 0.569582 0.151395 -0.0767793 
2.63223 0.660973 -0.907181 0.0535239 2.20872 -0.168409 -1.28719 0.474604 0.125683 0.33636 0.0430753 -0.0745239 
2.59938 0.764799 -0.760108 0.13185 2.03047 -0.137603 -1.18981 0.33031 -0.0298809 0.28899 0.0045738 -0.13396 
2.77043 0.906511 -0.715963 -0.394622 2.40255 -0.164295 -1.03851 -0.0472529 0.241756 0.580732 -0.0731465 -0.291441 
2.72327 1.19199 -0.938382 -0.845328 2.23191 0.546989 -1.45603 0.177462 0.189189 0.451072 -0.0526408 -0.353632 
2.61969 1.25015 -0.687363 -0.478053 1.83317 1.32239 -1.33725 -0.196327 0.783935 0.232711 -0.00171588 -0.260683 
2.58499 1.00916 -0.0420516 -0.504328 2.19497 0.80297 -1.19906 -0.238833 0.866235 0.0414014 -0.109099 -0.155456 
2.4946 1.35512 0.120324 -0.0656523 2.4241 0.749628 -1.5892 0.0215846 0.596456 0.0350333 0.010908 -0.166857 
2.58416 1.65809 0.295497 -0.147378 2.11955 0.578813 -1.40856 0.0700416 1.01176 0.415122 0.145267 -0.166014 
2.51772 1.58249 0.816813 0.455039 1.91761 0.326899 -1.56606 0.193557 1.51836 0.51117 0.115574 -0.0962726 
2.48346 1.77803 0.841607 0.94862 2.01002 -0.279965 -1.07381 0.12262 1.34364 0.710371 0.0891816 -0.0878375 
2.61697 1.92893 1.20642 0.460459 2.30419 0.0591994 -0.588694 0.120373 0.829778 0.692069 0.184651 -0.0239638 
2.37712 2.25197 0.839469 1.029 2.47039 0.413181 -0.824548 -0.255978 0.426484 0.640513 0.165389 -0.124769 
2.60633 2.00918 0.0795098 0.417458 2.48203 0.426794 -0.356117 -0.831623 0.485149 0.0847406 -0.0050348 -0.111817 
2.576 1.9425 -0.446323 0.0700684 2.44224 -0.297955 -0.262043 -0.739574 0.326149 -0.0207037 -0.00876563 0.103826 
2.74011 1.87463 -0.74304 -0.0329762 2.65457 -0.748193 0.128968 -1.45562 0.428318 0.20154 0.0186324 0.137864 
2.87612 1.5179 -0.817627 -0.391355 2.66867 -0.682448 -0.197009 -1.25435 0.308937 0.416399 -0.0925333 0.0576519 
2.66923 1.63948 -0.647768 -0.102043 1.46909 0.0523131 -0.688655 -0.926413 0.210409 0.0441783 0.110884 0.00334949 
2.59568 1.74535 -0.650041 -0.340776 1.49603 0.30804 -0.707163 -0.819663 0.24165 0.0821045 0.188084 -0.00847644 
2.81033 1.75175 -0.956151 -1.06453 2.12477 -0.261716 -0.223033 -0.929068 -0.035117 0.29858 0.0293245 0.0113081 
2.8589 1.95043 -1.34175 -0.0863039 1.80155 -0.62864 0.444011 -1.38874 0.401569 0.188542 0.294358 0.0683046 
2.74234 2.00257 -1.05934 -0.211804 2.0026 -0.956358 0.411523 -1.64883 0.557753 0.465513 0.337836 0.0712503 
2.73678 1.60741 -0.898001 -0.288578 1.94572 -0.824861 0.60015 -1.37943 0.536173 0.485265 0.251005 0.0782091 
2.7632 1.55381 -0.959705 -0.522212 2.49262 -0.323929 0.137878 -0.559505 0.0919469 0.632993 0.074138 -0.0032255 
2.77924 1.34932 -0.760247 -0.0300338 2.50378 -0.315934 0.325878 0.608475 -0.115034 0.438676 -0.0339756 0.0518616 
2.73438 0.962165 -0.766062 0.986756 3.07687 -0.835058 1.33167 0.847211 -0.0384441 -0.29146 -0.258101 0.362389 
2.24763 1.01804 -0.372096 1.32969 2.85778 -0.525877 1.13135 1.32807 0.231968 -0.362091 -0.0592218 0.52409 
2.61372 1.1576 0.144599 0.258462 3.33895 0.431086 0.910637 0.85357 0.322761 -0.0241042 -0.171594 0.326909 
2.49666 1.65487 0.0872091 0.952428 3.1513 1.25832 0.835068 0.436023 0.0587558 0.0593102 0.0398106 0.141086 
2.49495 1.71519 0.311236 0.650387 2.43253 1.00771 1.40266 0.19487 0.211299 0.295183 0.306796 0.250193 
2.38285 2.10155 0.652756 0.152303 2.83774 1.44944 1.73753 0.204203 0.289358 0.204395 0.193632 0.228898 
2.46863 1.67393 1.11087 0.814559 3.07806 1.50033 0.72784 0.0416337 0.697457 0.341958 0.183155 0.128987 
2.47477 1.48348 0.962507 0.956825 3.26898 0.425742 0.944179 0.938234 0.995216 -0.149384 -0.260881 0.256626 
2.25494 1.816 0.970054 0.93518 3.05302 0.876102 0.998214 1.01048 0.534687 -0.173512 0.0430404 0.229897 
2.39466 1.45552 1.28265 0.965942 3.84758 1.60324 1.50018 0.110887 0.302123 -0.250458 -0.104441 0.304806 
2.19604 1.74497 0.658126 1.04456 2.48506 2.25045 1.61864 0.463238 -0.195175 -0.168739 0.349883 0.345364 
2.31036 2.02873 0.620682 0.674684 2.24768 1.84736 2.33023 -0.0503566 -0.185687 0.39683 0.445248 0.328404 
2.27447 2.13123 0.813147 0.714588 3.0168 1.61077 1.40352 0.460637 0.57289 0.0466952 0.167214 0.14349 
2.32723 1.9412 0.928296 1.38192 3.2834 2.49609 1.72147 0.0478473 0.245701 -0.117 0.221856 0.194037 
2.3905 1.87271 1.21636 1.34267 3.73468 2.14812 2.02969 0.240703 0.475954 0.34914 0.125318 0.117465 
2.17621 2.24499 1.42157 1.16937 2.91228 2.29123 2.29083 0.332083 -0.0304939 0.494009 0.193973 0.162084 
2.30563 2.42178 1.28722 0.861108 2.90904 3.02667 1.58995 0.574597 0.116889 0.324113 0.345887 0.173486 
2.05618 2.42295 1.6502 0.886332 2.42328 2.69761 1.68125 0.619655 -0.3005 0.391099 0.119672 0.125784 
2.16178 2.27755 1.36321 0.844102 2.6437 2.12136 1.61363 0.598441 0.207994 0.212553 0.119802 0.0747488 
2.09154 2.30721 1.66348 0.654264 2.76309 2.52256 1.93399 0.168021 0.591671 -0.12148 0.114255 0.147016 
2.18166 2.26628 1.36311 1.06226 1.94544 1.84696 1.23739 0.79873 1.1833 0.0947404 0.189738 0.0704848 
2.44443 2.23811 0.8856 1.0604 1.28947 1.6885 1.95719 0.074038 0.954385 1.05655 0.782885 0.297433 
2.1475 2.34147 1.25197 0.698576 1.62058 2.18832 2.1846 0.138416 0.0968806 0.917761 0.564274 0.404587 
2.06172 2.27798 1.71228 1.0855 2.66226 2.91736 2.27207 0.408732 -0.0806578 0.405525 0.331356 0.296678 
1.99104 2.27042 1.84591 1.22284 2.49556 2.00708 1.74499 0.658181 0.476045 0.525311 0.25134 0.156561 
1.93607 2.24082 2.22394 1.51256 2.67258 1.26421 1.90447 1.11732 0.562279 0.805722 0.0677522 0.0654921 
1.84941 2.25117 2.55419 1.77405 3.08531 0.983183 2.51579 1.49441 0.889058 0.570711 0.00121745 0.132556 
1.85119 2.49962 2.52227 1.48122 1.7798 0.801204 2.12832 1.11389 1.58396 0.333626 0.278657 0.153367 
1.85446 2.4491 2.37306 1.04558 1.6719 0.963221 1.41416 1.5523 1.41135 0.559255 0.388645 0.153372 
1.75923 2.01499 2.28952 1.01532 2.71284 1.63374 2.52665 1.3711 0.859638 0.883534 0.180998 0.212578 
1.65099 2.10556 2.26629 1.46781 2.28309 1.20478 2.33484 0.508672 1.17309 0.913448 0.278485 0.265605 
1.63601 2.12961 2.38588 1.42459 1.74449 0.58904 1.44538 1.21335 0.842494 1.23979 0.361798 0.240275 
1.58987 2.05665 2.62389 1.52732 2.28057 0.581961 1.7779 1.07408 0.526057 1.00841 0.45994 0.296492 
1.63435 2.20887 2.38414 1.58388 2.75878 1.2363 1.08126 1.17629 0.590383 0.325426 0.400294 0.164804 
1.63517 2.18316 2.1326 1.53054 2.48378 1.09501 1.65542 1.0081 0.929618 0.380998 0.514067 0.26884 
1.50885 2.04801 2.17991 0.731114 2.03989 1.27533 2.45621 1.11171 1.00607 0.561054 0.519457 0.312039 
1.43291 1.82402 2.40417 0.888349 2.2404 1.61818 1.87964 1.07533 0.59277 0.942587 0.536291 0.282615 
1.4319 1.52112 2.38423 1.43169 2.74537 1.62475 2.22603 1.39688 1.14454 0.776321 0.27622 0.273644 
1.45208 1.74934 2.64557 1.70973 1.85323 1.55348 1.94178 0.994994 1.36805 0.090233 0.516028 0.277558 
1.4478 1.87025 2.19644 1.59639 1.30278 1.80864 1.56601 0.768171 1.20353 0.694078 0.450881 0.233544 
1.42497 1.73545 2.22065 1.39972 1.76618 1.39627 1.06975 0.970012 1.12167 0.658671 0.35705 0.185598 
1.3847 1.66804 2.25823 1.6791 2.2569 1.78601 1.90624 1.08476 1.50153 0.08811 0.0830118 0.17202 
1.30401 1.63365 2.91738 1.7035 2.0766 1.85611 2.42041 1.2463 1.15991 0.489499 0.176237 0.225052 
1.36014 1.74045 3.16356 1.17104 2.53588 1.88795 1.95784 1.42489 1.29833 0.676039 0.0596232 0.231586 
1.413 1.66241 2.49309 1.42536 2.50582 2.23526 2.18567 0.840848 1.29705 0.264608 0.453947 0.320321 
1.35817 1.67324 2.68606 1.95911 1.73135 1.83588 2.14897 0.867317 0.962538 0.526361 0.535201 0.245196 
1.32125 1.76961 2.89487 2.08764 1.22795 0.819332 1.64516 1.1852 0.48718 0.563516 0.692118 0.214124 
1.20494 1.69168 2.86039 2.02529 2.19106 1.30584 1.62436 1.29515 0.983487 0.0215528 0.703006 0.234786 
1.39255 1.48681 2.5585 1.80426 2.29633 1.88693 1.74439 1.97283 1.20247 0.101429 0.487844 0.278723 
1.37092 1.54211 2.6601 1.61168 1.75095 2.15892 2.10784 2.07081 0.921945 0.627688 0.436798 0.224995 
1.26643 1.52521 2.84353 1.40394 2.09465 2.04479 1.7911 1.13663 1.24254 0.611967 0.665625 0.331239 
1.27653 1.60835 3.27032 1.9334 1.4882 1.01531 1.94036 1.56221 1.44741 0.135254 0.749554 0.368059 
1.14542 1.39736 3.0574 2.10317 2.27852 1.30389 2.351 1.58051 1.08155 0.113801 0.757358 0.33877 
1.16155 1.24796 2.2909 1.36909 2.54714 1.83821 2.16851 1.13315 0.74266 0.691679 0.841773 0.305959 
1.29686 1.24281 2.21104 1.22401 1.7211 1.88193 1.78132 0.63579 1.01256 0.29322 1.01461 0.355438 
1.26979 0.955905 2.11698 1.34641 1.09824 1.58992 2.35709 0.302724 0.738717 -0.113683 0.712104 0.263773 
1.18173 1.04339 2.15394 2.06417 1.14274 -0.00693816 1.75471 0.378923 1.11359 0.336824 0.467428 0.173694 
1.09227 0.861214 1.95672 1.30814 1.13974 1.13328 2.20116 0.64553 1.31003 0.227794 0.250568 0.104713 
1.01148 1.15552 2.36339 1.09857 1.43068 1.13432 2.08524 1.38734 1.20779 -0.030782 0.669612 0.181403 
1.18344 1.25785 2.19734 1.26312 1.67753 1.789 1.83038 0.878733 0.65204 0.832315 0.359327 0.160808 
1.16344 0.969297 2.58247 1.07194 2.26914 1.27547 1.74197 0.722346 0.585521 0.877188 0.50395 0.197024 
1.11347 1.48744 2.50541 1.17261 2.14529 1.8625 2.3648 1.39951 -0.0846792 0.522707 0.446532 0.125379 
1.07681 1.66101 2.49962 1.55292 1.53642 1.20503 1.83096 1.04957 0.770822 0.34843 0.490615 0.157106 
1.0997 1.27254 2.34737 1.97839 1.53791 0.695051 1.5542 0.819006 1.81693 0.297377 0.906319 0.318183 
1.13981 1.14412 2.02249 1.45057 1.59995 1.6042 1.82746 0.155609 1.22326 0.451517 0.062426 0.143775 
1.11686 1.26357 2.63293 1.19463 1.23814 1.56833 1.66879 0.053594 0.721529 0.434737 0.22745 0.13054 
1.23114 1.40242 2.8693 0.978059 1.72157 0.907195 1.949 0.581711 1.06114 0.562876 0.564562 0.307774 
1.17399 1.19612 2.51715 1.0477 2.35216 0.539771 1.76713 0.864944 1.18145 -0.127841 0.513685 0.33682 
1.06862 1.12583 1.95869 1.25375 1.97288 0.314219 1.44638 0.466624 1.23332 0.0843573 0.0989405 0.186843 
1.14631 1.58843 1.9457 0.820529 1.8573 1.62029 1.17043 1.06121 0.65595 0.369904 0.721136 0.144507 
1.13427 1.26618 1.50269 0.899146 1.47468 0.829103 1.54863 1.39923 1.25336 -0.0448241 0.218362 0.0702494 
1.06783 1.16398 1.99594 1.75498 1.38917 0.71909 1.85713 1.65014 0.513832 0.366147 0.510209 0.161626 
1.14791 1.09648 2.17879 1.51437 1.48193 0.661448 1.62928 0.999942 1.3756 0.69284 0.963304 0.282714 
1.16639 1.49119 1.86427 1.81036 1.72523 0.0292107 1.20058 0.557355 1.84011 0.0936907 0.847476 0.287852 
1.10457 1.26848 1.59621 1.37092 0.786479 0.605034 0.0721695 1.16216 1.53089 -0.303639 0.488719 0.182571 
1.12593 1.31549 1.81734 0.87514 1.43935 1.04586 0.498359 1.09568 1.03928 0.41389 0.59179 0.136043 
1.23793 1.21113 2.3609 0.486919 1.92911 0.874556 1.51985 1.38171 0.418962 0.564888 0.557381 0.107517 
1.17413 1.31428 2.51633 1.37393 1.76346 1.18509 2.29112 0.476928 1.18307 0.305422 0.476627 0.247658 
1.12663 1.36874 1.99638 0.971579 1.38919 0.7661 2.4637 0.871827 0.884883 0.601854 0.403773 0.171182 
1.10904 1.07024 1.8282 0.965426 1.63066 0.028084 1.61282 0.407603 0.253672 0.309999 0.0267831 0.0978074 
1.04916 1.00556 2.06365 0.958028 1.34819 0.156123 1.65163 1.20266 0.7793 -0.37429 0.182812 0.120425 
1.04521 1.35993 2.54892 1.30902 2.51476 0.270948 1.72988 0.650392 0.53455 0.0730963 0.379081 0.163593 
0.904283 1.63408 2.00518 1.27896 2.23724 1.3327 2.46052 0.727875 0.151638 0.355576 0.0566289 0.159004 
0.906625 1.68236 1.56214 1.276 1.97745 1.40412 1.98997 0.854487 0.189733 0.903442 0.61411 0.175139 
0.931989 1.52306 1.72933 1.32625 1.38909 2.38689 1.46406 1.19066 1.22196 0.309484 0.633699 0.194068 
0.960437 1.30476 1.7797 1.73984 1.38538 1.75309 0.886543 0.969939 1.31624 0.155617 0.073983 0.171149 
1.02473 1.16636 1.54887 2.19459 1.60507 2.18237 1.25059 -0.343091 1.3898 0.292857 0.266675 0.121335 
1.08492 1.17083 2.03092 1.95331 1.91212 1.54115 1.98093 0.957323 1.00371 0.108291 0.716467 0.217208 
0.936792 1.2647 1.98342 1.5491 1.78509 0.9128 1.27452 1.34159 0.887193 0.747568 0.628543 0.108801 
0.920966 1.11586 1.85475 2.14233 1.29896 1.72663 1.44334 0.633257 0.883723 0.670942 0.410053 0.10284 
1.07839 1.06712 1.59821 1.94221 1.24461 0.784228 1.85551 0.317886 1.28071 -0.209342 -0.162077 0.095175 
