0.541491 1.07501 1.24036 0.762584 0.979233 1.40303 1.20813 0.461324 0.469761 0.881743 -0.0275653 0.0205014 
0.601573 0.992681 0.964784 0.366949 1.00473 1.78769 1.14014 0.303084 0.926552 0.696149 0.562374 -0.0618319 
0.687512 1.43396 0.960943 0.780162 1.04959 1.20165 1.15514 0.0107601 1.43548 0.740817 0.650337 0.016193 
0.634525 1.41101 0.9716 1.49113 1.03243 1.73453 1.0823 0.507059 1.00287 0.0898263 0.29845 0.0566137 
0.659796 1.12598 1.14658 1.63921 1.47837 2.0431 -0.195893 0.316398 0.644032 0.389101 0.225225 0.151291 
0.761082 1.22196 1.23727 0.963171 1.69049 2.21639 0.310639 1.64313 0.895405 0.858261 0.264806 0.129472 
0.74662 1.28751 1.10521 0.501747 0.659884 2.289 1.26415 0.655624 1.55697 0.78563 0.00386522 0.130284 
0.480754 1.16779 1.31799 0.731159 1.04521 1.46968 1.66164 1.07532 1.77995 1.39256 -0.00991906 0.0308683 
0.40046 0.837255 1.34826 0.370427 0.422829 1.57939 1.21574 1.20569 1.41537 1.36894 -0.458201 -0.0784232 
0.515724 0.742667 1.2268 0.821054 0.682193 1.65955 1.44609 0.909746 0.753682 0.211196 -0.134567 0.00200294 
0.587672 1.01147 1.33832 0.844089 0.913234 1.31795 0.836827 -0.00765195 0.0112283 0.985187 0.319988 -0.0312902 
0.592262 0.895866 1.38518 0.675918 1.04251 1.13895 0.630075 0.333046 1.97266 1.08376 0.148644 0.0124436 
0.628883 0.58323 1.08883 0.863745 1.13763 1.25171 0.724561 0.312617 0.698377 1.15587 -0.109879 0.0975847 
0.747411 0.739634 0.752032 0.0200316 0.435169 1.56022 0.933979 0.118855 -0.246559 0.62068 -0.130607 0.103668 
0.868911 1.05979 1.24584 0.530385 0.244291 0.353503 0.798372 0.757904 -0.215133 0.365781 0.19468 0.0381403 
1.09737 1.41176 1.33736 1.04358 1.04707 -0.19005 0.365275 0.511279 0.161292 -0.00662422 -0.0674304 0.00338889 
1.38022 1.24553 1.3708 0.591344 1.00464 0.51965 0.415278 0.278254 0.196171 0.00840501 -0.26676 -0.0847152 
1.43615 1.60602 1.39025 1.31224 1.79889 0.832913 -0.515696 -0.730889 -0.606575 -0.218174 -0.14154 -0.212077 
2.00658 1.76922 1.28716 2.28041 2.43917 -0.212999 -2.04886 -1.16747 -0.193291 -0.920323 -0.699386 -0.463722 
2.63367 1.70268 1.315 2.44903 2.94501 -0.818799 -1.28184 -1.51941 0.0165729 -1.41458 -1.36645 -0.491634 
2.66164 1.48571 -0.209772 3.04878 2.69123 -0.746457 -1.02667 -2.08703 0.0953634 -1.25029 -0.799967 -0.5038 
2.65513 1.40767 -0.932532 2.81549 2.93105 -1.36447 -1.70921 -2.35314 0.00231177 -1.14605 -0.706894 -0.37273 
2.69658 1.00591 -0.458592 2.40144 2.94769 -1.35211 -1.89673 -2.01645 -0.280417 -0.983386 -0.889476 -0.305134 
2.613 1.39321 0.0101707 2.33129 1.64374 -1.60402 -0.905243 -2.11896 0.159322 -1.12581 -0.74714 -0.439536 
2.67436 1.3694 -0.283335 2.09192 1.48237 -1.56631 -0.22345 -2.46399 0.0565564 -1.19336 -0.481426 -0.382802 
2.57702 1.52555 0.0945057 1.82235 1.57904 -1.26839 -1.61318 -2.60457 -0.521076 -0.817252 -0.480918 -0.335544 
2.74556 1.30109 -0.545223 1.78883 1.1995 -1.41803 -1.50779 -2.27389 -0.31687 -0.930581 -0.479339 -0.259473 
2.45476 1.58642 -0.795417 1.71609 1.67486 -1.89199 -1.84853 -2.37924 0.0520766 -1.0526 -0.415615 -0.181601 
2.51257 1.46015 -0.742923 1.52895 1.52717 -2.45837 -2.58412 -2.28308 -0.0441785 -0.89911 -0.585544 -0.136378 
2.73195 1.43497 -1.29826 1.54345 1.65865 -2.52734 -1.88178 -2.43562 -0.0265166 -1.07409 -0.470797 -0.0655253 
2.80919 1.27299 -1.25831 1.47438 1.38548 -2.45369 -1.78099 -2.08583 0.206213 -0.825914 -0.459588 -0.13231 
2.81588 0.867547 -0.617288 1.13436 1.17103 -2.11283 -1.97079 -2.04714 -0.193938 -0.785967 -0.638053 -0.108875 
2.63526 1.02581 -0.605958 1.11725 1.19536 -2.0431 -2.773 -1.38305 0.00287435 -0.242617 -0.471652 -0.157619 
2.72051 1.06736 -0.640628 0.994531 1.10419 -2.25557 -2.42377 -1.81071 0.020908 -0.321446 -0.438821 -0.151498 
2.85934 0.898288 -0.73955 -0.367689 0.973929 -1.60759 -1.50803 -2.10894 -0.141391 -0.199842 -0.450486 -0.180183 
2.67959 1.21001 -1.05597 -0.389322 0.967215 -1.55886 -2.14098 -1.68774 0.0570489 -0.128274 -0.468987 -0.368099 
2.85976 0.946151 -0.926652 -0.739552 1.38276 -2.13869 -1.84298 -1.23297 0.0112178 0.0809703 -0.653777 -0.376447 
2.91407 0.858521 -1.02388 -0.798847 1.29123 -1.90511 -2.03327 -0.828355 0.186575 0.285748 -0.493615 -0.398956 
2.85909 1.16946 -0.514865 -0.603766 1.0484 -1.40899 -1.02711 -1.36619 0.520944 0.305484 -0.457855 -0.417578 
3.03743 0.791234 -2.23294 -0.903878 0.917489 -0.166332 -0.74173 -0.43272 0.802799 0.587111 -0.278312 -0.583478 
3.16081 0.419825 -2.55857 -1.06653 1.017 -0.143499 -0.510173 -0.446153 0.949853 0.585382 -0.414555 -0.724383 
2.82843 1.4096 -1.0447 -0.851121 0.355911 -0.781899 -0.910991 -0.526993 1.20526 0.485057 -0.386655 -0.643355 
2.70522 1.81359 -0.837932 -1.2365 0.447348 -0.746215 -0.643205 -0.0406454 1.4925 0.248998 -0.493828 -0.689972 
2.75603 1.30331 -1.05931 -1.40794 1.44765 -0.261708 -0.82477 -0.0642044 0.522912 0.327903 -0.360216 -0.4838 
2.83685 0.576776 -2.01688 -1.07473 2.16203 0.763062 0.282321 0.199062 0.6673 0.402874 -0.4083 -0.551145 
2.74365 1.22987 -0.790611 -0.753915 1.93164 0.41046 -0.32734 0.0940695 0.359769 0.181278 -0.503468 -0.578661 
2.7751 0.977113 -1.02403 -0.521094 2.60088 0.808423 -0.209898 0.52303 0.0943131 0.351669 -0.438202 -0.603031 
2.68315 1.50019 -1.06746 -0.416868 2.15557 0.208586 1.27926 -0.419256 0.653119 0.0229024 -0.414975 -0.352454 
2.58883 1.35555 -0.435645 -0.24131 1.92206 0.0591548 0.658842 -0.607467 1.41153 0.224427 -0.474698 -0.448922 
2.53897 1.43774 0.00183925 -0.863431 1.90109 0.651767 0.38523 -0.408644 1.17096 0.62426 -0.129352 -0.373169 
2.57893 1.35934 -1.06806 -0.570356 1.90607 1.32201 0.532515 -0.105496 0.814558 0.569334 -0.0644596 -0.500781 
2.47153 1.45446 -0.409219 -0.329161 1.80689 1.55702 0.653764 0.494942 0.503364 0.343104 -0.231167 -0.467883 
2.39745 1.60827 0.263315 0.210433 2.17488 1.44699 0.683887 -0.147299 0.659332 0.0684591 -0.315864 -0.385571 
2.4305 0.940182 -0.892587 -0.142932 2.24617 1.92634 0.9934 -0.303075 0.894516 0.409585 -0.173982 -0.480662 
2.50096 1.0732 -0.768506 -0.187751 2.59213 1.68995 1.2458 -0.212956 0.780536 0.382504 -0.258704 -0.460622 
2.36964 1.62911 0.310856 0.0797261 1.78466 1.02172 1.06143 -0.192859 1.04909 -0.0669783 -0.394951 -0.335015 
2.54383 1.29862 0.447282 0.288395 2.18251 0.367867 0.488321 -0.642528 1.76022 0.604989 -0.426301 -0.356569 
2.63104 1.07653 0.045615 0.211151 2.32732 0.951135 0.132591 0.00486948 1.57467 0.589049 -0.373953 -0.425727 
2.37674 1.65488 0.253532 0.38508 1.77001 0.377535 0.595473 0.42279 1.63823 0.58073 -0.174848 -0.34134 
2.49764 1.88693 -0.518079 -0.33932 2.64096 0.482719 0.907794 1.33899 1.47975 0.73268 -0.413259 -0.428939 
2.35385 1.74466 -0.0151257 -0.0928518 2.65656 1.14603 0.733295 1.6044 1.77275 0.814429 -0.366176 -0.569293 
2.25339 1.66829 0.389588 0.00278348 3.02925 1.00498 1.23982 0.92751 0.866472 0.872012 -0.0968292 -0.187995 
2.2633 1.39199 0.926059 0.00139143 2.4471 0.939136 1.80029 1.54534 0.471413 0.527882 -0.204148 -0.139948 
2.23628 1.47214 1.15056 0.205105 2.49592 1.10091 1.75981 1.56658 0.817758 0.480617 -0.195906 -0.108079 
1.94513 1.7369 1.07324 0.276181 2.64347 1.51674 1.49511 1.5615 1.33581 0.940749 0.0255486 -0.0865296 
1.91739 1.83649 0.562253 0.0501796 3.04718 1.43546 1.55953 1.24907 1.50391 0.829942 0.349353 0.0899092 
1.86361 1.90457 0.739806 -0.447488 2.98039 0.9174 1.45614 1.29868 1.26736 1.09443 0.450454 0.174153 
1.93169 1.67091 1.61475 0.260297 2.90586 1.12408 1.94205 0.65057 1.17884 0.580834 0.147583 0.27856 
1.87186 1.46023 1.11746 0.338777 1.93648 1.96549 2.35291 1.00938 1.22012 1.01058 0.0247646 0.00343372 
1.91606 1.5383 1.11649 0.41393 1.05422 1.81103 2.21674 0.708976 1.30429 1.45313 0.341272 0.0729393 
1.91656 1.39214 1.20067 -0.0706765 1.72804 1.60605 2.47811 1.56509 0.0513165 1.19584 0.640174 0.281927 
1.76896 1.74215 1.46752 0.352875 1.92375 1.11359 2.54452 1.07553 0.562471 0.684659 0.263372 0.247489 
1.66423 2.01093 1.35918 0.196437 2.13774 1.43493 1.75014 1.15292 0.880263 0.659273 0.51052 0.270837 
1.75959 1.87722 1.85253 0.831864 1.85025 1.66452 1.86823 0.39017 2.0807 0.17087 0.315395 0.260466 
1.77992 1.95829 2.13278 0.833821 2.18014 0.889231 1.84175 0.555909 1.1221 0.945159 0.378475 0.309504 
1.63822 2.09551 1.86061 1.11937 2.53027 1.03641 1.29686 0.450199 0.885153 0.550168 0.513663 0.278988 
1.54796 1.88714 1.73373 0.672469 2.03738 1.49149 1.32002 1.23765 0.926683 0.452089 0.636211 0.252726 
1.67373 1.78111 1.78338 1.02039 2.32682 1.90658 1.44518 1.65399 1.78833 0.259608 0.0514813 0.049302 
1.56039 1.6885 1.89088 0.867336 1.93935 1.98936 2.29888 1.47794 1.87574 0.656546 -0.180681 0.0621991 
1.64443 1.56741 1.6471 0.819922 1.87279 1.53654 2.37021 0.514194 1.75709 0.703441 0.260594 0.240346 
1.56333 1.61696 1.86005 0.499064 2.0184 1.60079 2.45254 1.40704 1.03384 0.53228 0.244293 0.209443 
1.41445 1.84996 1.45832 0.602508 1.86933 0.970624 2.26739 1.41622 1.00691 0.517503 0.524512 0.223615 
1.52045 1.80463 1.69297 1.08715 1.44995 1.7915 1.79031 0.665726 1.40639 -0.142888 0.611408 0.249702 
1.52367 2.27117 1.83686 0.826578 1.68743 0.841226 2.29097 1.04661 1.28779 -0.182387 0.418428 0.119697 
1.29601 1.77493 2.59166 0.553671 1.65383 -0.176908 2.79422 2.24108 1.01243 -0.0767664 0.691647 0.192708 
1.3683 1.49818 2.12664 1.01557 1.45333 1.23454 1.6148 1.01277 1.56003 0.571419 0.452158 0.232519 
1.40984 1.76034 2.45867 1.134 1.67348 0.256735 1.93216 0.262703 0.762042 1.17809 0.337491 0.277956 
1.44214 1.75167 2.17873 1.04291 1.54086 0.628815 1.9214 0.918658 1.01663 0.306992 0.220956 0.15103 
1.28249 1.83985 2.26387 1.1432 1.39114 1.19214 2.09046 1.16251 1.50886 -0.00942659 -0.0743066 0.0729368 
1.27443 1.77882 2.16679 1.5596 1.44232 1.04582 2.34643 0.988133 1.5193 0.596914 -0.358849 0.090752 
1.20017 1.88465 2.22822 1.10926 1.48539 0.949725 1.81148 1.24319 0.519351 0.423153 0.0142634 0.0689568 
1.16679 1.7548 2.24476 0.952486 1.07689 0.465183 1.432 0.907959 1.0332 1.18843 0.999611 0.298305 
1.24815 1.92948 2.44669 0.970743 0.982137 -0.517295 1.54448 1.16725 1.45367 0.940115 1.03647 0.406313 
1.26507 1.67636 1.65398 0.893113 1.39916 0.918799 1.24882 1.12541 0.966669 1.21979 0.808491 0.254662 
1.19006 1.37846 1.77831 0.76499 2.11268 1.48019 1.65523 1.34286 1.54583 0.917352 0.472716 0.222781 
1.22882 1.42578 1.80644 1.10316 2.87446 0.734149 1.71337 1.53483 0.865282 0.29767 0.481565 0.233218 
1.26093 1.52624 1.86313 1.23925 3.07356 1.60901 0.620957 0.984526 0.649104 -0.28378 0.330795 0.0336821 
1.21269 1.7371 1.98014 1.55177 2.30261 1.12682 1.49333 0.671576 0.753608 0.511107 0.315088 0.166679 
1.04376 1.64806 1.8425 1.24623 2.00435 1.40818 1.72314 1.15045 1.64557 0.626449 0.383055 0.225353 
1.09395 1.66677 2.00041 1.45696 2.15113 1.68237 2.05335 1.00465 1.25742 0.525189 0.272083 0.228259 
1.19223 1.61308 2.55844 1.55146 1.8215 1.9052 1.38363 1.14162 1.58191 0.435688 -0.214305 0.187855 
1.2099 1.68763 2.97555 1.25163 1.54359 1.57683 1.96636 1.10216 1.29514 -0.147563 0.145803 0.161525 
1.11551 1.52755 2.40579 1.33871 1.63827 1.08969 1.89377 1.31871 1.43974 0.390196 0.336874 0.218552 
1.18625 1.21309 2.32164 1.08931 1.58816 0.836594 2.01804 1.58858 1.32374 0.56166 0.533826 0.23774 
1.01857 1.63577 2.47901 1.0139 2.1037 1.63096 1.88177 1.12933 1.2881 0.375559 0.019344 0.234339 
1.07879 1.78989 2.24328 1.59077 1.72887 0.698297 1.23495 1.53258 1.15033 -0.141938 0.893593 0.16371 
1.08323 1.79787 2.34589 1.36538 1.94913 0.892005 1.42786 1.02482 0.858051 0.644928 0.809793 0.209919 
1.12563 1.32648 2.80939 2.56558 1.97861 2.10136 1.99165 0.392948 0.753459 0.485943 0.0982704 0.116035 
1.09414 1.80869 2.57263 2.3348 1.33394 1.33875 2.82679 1.28887 1.13838 -0.351094 0.0181048 0.0833443 
1.04223 2.35622 2.43204 1.80165 1.9631 1.07863 1.94268 1.78644 0.829 -0.576865 0.48583 -0.057552 
1.07862 1.92912 2.2261 1.84589 1.47192 1.01669 1.91986 1.05785 1.36002 -0.125426 0.507783 0.127536 
1.01698 1.53417 2.50263 2.24433 1.82917 1.04118 1.96782 1.37948 1.67483 -0.0335187 0.407273 0.289178 
0.980984 1.76866 2.13748 1.02912 1.47899 0.603129 1.61145 0.890282 1.02703 -0.00174761 0.453142 0.101883 
1.02584 1.65778 2.68023 1.09543 1.76373 1.3099 1.90731 1.84105 0.252936 0.291611 0.279495 0.0568406 
1.04386 1.60791 2.46657 1.80497 2.60806 0.673093 1.55081 1.22254 1.07366 0.421801 0.123249 0.22236 
1.06402 1.59129 2.63059 0.781917 1.5283 0.101372 0.924488 1.22447 1.30956 1.21528 0.206187 0.251225 
1.06713 1.4979 2.46073 0.842816 1.14418 0.0922443 1.78188 1.6321 1.10186 0.552427 0.291367 0.15605 
0.920301 1.37339 1.88604 1.14123 1.64667 0.932794 2.25717 1.85792 1.24047 0.836426 0.0688844 0.180144 
0.906458 1.64223 2.38138 1.05739 0.593512 1.07363 1.42819 1.54576 0.590999 1.24222 0.507431 0.110129 
1.02012 1.57599 2.31339 1.43068 1.53838 1.14402 1.16652 1.365 1.24743 0.241349 0.0770564 0.147763 
0.995397 1.57068 1.98644 2.13963 1.57038 0.703764 1.65498 0.999321 1.37706 0.548625 0.315112 0.203526 
0.992919 1.5528 1.94418 1.96865 1.38764 0.713389 1.78956 0.715509 1.16243 0.443444 0.305719 0.162951 
0.865542 1.51197 1.87559 1.77713 2.17187 0.85636 1.22264 0.632891 1.67349 0.147173 0.356773 0.157123 
0.748866 1.66051 2.65718 1.49174 1.76879 0.633347 0.59957 0.55152 1.92314 0.636261 0.322898 0.30043 
0.781409 1.47051 2.16219 0.896863 1.55319 0.368704 0.886443 0.754126 1.89895 1.13138 0.391963 0.209921 
0.897255 1.62599 1.93813 1.42739 1.40942 0.651348 1.56581 1.84667 1.78481 0.174462 0.53314 0.179738 
0.926328 1.62322 1.93452 1.27082 1.84319 1.88137 1.0956 1.37495 -0.16536 0.149113 0.195051 0.0543759 
0.797315 1.56068 2.11773 0.831702 1.10314 2.03052 0.538564 0.807956 0.58486 0.152205 0.247198 0.0273468 
0.699796 1.65248 2.31339 1.15726 0.910981 1.18996 1.39846 1.09302 1.8966 0.0011243 0.691859 0.144547 
0.771812 1.6852 2.11561 1.2087 1.88903 1.30645 1.47327 0.705808 1.31471 0.399976 0.424253 0.166761 
