0.654357 1.40338 1.697 0.558667 1.17195 1.42773 0.334825 1.00256 0.828578 0.553753 0.185419 0.0643329 
0.641499 1.09393 1.43975 1.22832 -0.0610804 0.413353 -0.103528 0.600989 0.809477 0.478498 0.702611 -0.134314 
0.633517 0.969991 0.9658 1.40605 0.188599 0.659752 2.09281 0.979495 1.04031 0.530516 0.287784 -0.050616 
0.65252 1.60584 0.935765 1.58968 0.370884 0.708556 1.39401 0.838185 0.619763 0.840971 0.121279 0.0617337 
0.640707 1.66502 1.14331 1.39232 0.860489 0.718125 0.655611 0.934746 1.4472 0.278881 0.333425 0.000198997 
0.564233 1.42587 1.06799 0.397969 1.05745 0.218332 1.23909 1.05639 0.559466 -0.108239 0.00062343 0.0290523 
0.651528 0.994437 0.851703 1.0477 1.84005 0.761907 0.708702 0.606107 0.783772 0.0725928 0.0921931 -0.123521 
0.645515 1.26161 1.52644 1.36066 0.855029 0.948889 1.53884 0.319321 0.721311 0.413777 0.170906 -0.090369 
0.545495 1.21155 1.68804 1.17531 0.411103 0.903651 0.329237 0.200685 1.03267 0.407209 0.2814 -0.0902448 
0.547205 1.07 1.36826 0.509024 1.29182 0.508569 0.600276 0.351778 0.659974 1.03551 0.316918 -0.0682037 
0.713736 1.4194 1.15978 1.26301 2.04149 0.721803 1.32735 0.851978 -0.428056 0.151896 0.168418 0.0773161 
0.557172 1.43629 1.2236 1.07584 0.676507 1.59857 1.7115 1.52905 0.218514 -0.140203 0.109695 0.0989369 
0.574247 1.35003 1.02394 0.832685 0.838432 1.93128 1.08929 0.637454 0.732313 -0.15774 0.212479 0.158813 
0.660914 1.03736 1.48525 0.358333 1.30539 0.914329 1.97263 0.481459 0.000570482 0.311871 0.446264 0.0138678 
0.540533 1.30497 1.53496 1.37497 1.05222 1.20455 1.37314 0.610136 -0.0400347 0.389725 -0.0919667 0.0895958 
0.51378 1.22063 1.43657 0.549875 1.16396 0.857667 1.03222 -0.239957 -0.0339906 1.14981 -0.460627 0.11116 
0.539177 1.06004 2.16199 0.660726 0.89571 0.357292 0.554329 0.182202 0.163764 0.575429 0.263582 -0.0456962 
0.71031 0.926652 1.65747 1.28723 1.08394 0.668068 0.403843 1.70286 0.568429 0.908904 0.0960079 0.0232399 
0.751256 1.10266 1.58172 1.66621 1.48529 0.812074 1.20547 1.79378 1.61561 0.162852 0.689233 0.0786785 
0.830043 1.4646 2.21973 1.25896 1.89785 1.39531 1.89453 1.29451 1.18365 0.737699 0.581991 0.197277 
1.09811 2.01694 2.41735 2.17772 2.21736 1.69188 1.94443 1.23057 0.90913 0.27518 0.480381 0.171625 
1.37824 2.41728 3.28843 2.5406 2.53459 2.03214 1.66905 1.41857 0.225187 0.476969 0.269127 0.0436181 
1.92946 2.70031 2.91483 2.75427 3.2106 2.45408 0.468806 1.05572 -0.210343 0.455187 0.0723508 -0.0687508 
2.04607 2.60336 2.72924 2.38684 3.20751 2.35515 1.33817 0.116008 0.00747559 0.334473 0.0575556 -0.0329579 
2.10743 3.0139 2.78313 1.28282 3.13182 2.604 1.33879 0.156576 -0.255511 0.362243 0.0291885 0.0583873 
2.10817 2.67754 2.09289 1.7427 2.81579 2.52273 2.1623 -0.435916 -0.128437 -0.0733824 0.050753 0.0796789 
2.39041 2.29762 0.960088 1.17797 3.8259 2.69529 2.12348 -1.00086 0.0762988 -0.508198 0.149376 0.151916 
2.21701 2.282 1.27233 0.899881 3.65025 2.78843 1.56531 -0.462219 0.0498818 -0.407015 0.179664 0.118142 
2.24644 2.04529 1.35524 1.21605 3.28018 2.61232 1.52414 -0.134113 0.0596752 -0.27285 0.0825344 0.0846549 
2.31871 2.08348 1.00281 1.23075 3.10961 2.65655 2.07698 -0.463244 0.203476 -0.206323 0.119352 0.103212 
2.28221 2.14215 0.726319 1.05366 3.49729 2.76002 2.04149 -0.412604 0.372916 -0.149354 0.187198 0.0964755 
2.57598 1.72782 0.412372 0.311787 4.4441 2.35438 2.51823 -0.936783 -0.0458619 -0.054347 -0.0960207 0.251074 
2.37136 1.60475 -0.0891163 0.357909 3.55842 1.56209 2.01508 -0.876284 -0.0385307 -0.227333 -0.00437108 0.194681 
2.21581 1.36003 -0.561105 0.121189 2.18173 -0.905715 0.906845 0.285414 -0.816927 0.219078 0.28367 0.497642 
2.80256 1.08918 -1.08652 -0.339681 2.90403 -1.1173 0.387257 -0.510757 -0.462766 0.744369 0.397915 0.503785 
3.04249 0.90048 -1.44294 -0.0714567 1.9232 -0.217675 -0.626493 -0.894459 -0.205929 0.591028 0.564287 0.180477 
3.32385 0.717118 -1.75442 0.644584 1.67169 -1.02827 -0.552004 -1.22962 0.308017 0.564537 0.493265 0.0183466 
3.18699 0.819403 -1.73467 0.401007 1.80032 -0.897307 -0.946955 -1.24946 0.502566 0.659415 0.28041 -0.0769199 
2.97623 0.971572 -1.4985 0.00232751 1.31213 -0.771319 -0.57602 -1.85477 0.492373 0.669589 0.397271 -0.0970216 
2.87559 1.00559 -1.47976 0.163473 1.43262 -1.19181 -0.664296 -2.20619 0.795215 0.671669 0.334875 -0.177606 
2.97376 1.04273 -1.77053 -0.0661001 1.77275 -1.2244 -0.849268 -2.24938 0.637048 0.619294 0.222404 -0.182765 
2.96818 0.978789 -1.53987 -0.156973 1.54356 -0.800887 -1.35401 -1.84082 0.511625 0.664285 0.110664 -0.254024 
2.87662 1.15962 -1.55335 0.17927 1.64367 -1.05508 -1.38339 -1.77381 0.761137 0.664446 0.0931166 -0.281388 
3.09401 0.989731 -1.70237 0.430376 1.74862 -1.79193 -0.598606 -2.01535 1.0249 0.527083 0.0481645 -0.269325 
3.01266 0.986817 -1.67086 0.490174 1.31868 -1.65417 -0.626859 -1.94398 1.20323 0.548085 0.090951 -0.361736 
3.2228 0.804162 -1.9347 0.290158 1.79528 -1.4944 -1.47146 -1.5667 0.878147 0.835221 0.0675051 -0.302213 
3.24333 0.972002 -2.05141 -0.264413 2.18956 -1.72205 -1.03284 -1.42123 1.14584 0.958119 -0.127131 -0.309099 
2.63716 1.13462 -1.43052 -0.434238 1.34043 -0.53549 -1.61945 -0.673501 1.23578 0.952303 -0.00712677 -0.449239 
3.0678 0.761117 -1.72713 -0.488924 1.70793 -1.30167 -0.620839 -0.80624 1.46681 1.12394 -0.119187 -0.416652 
2.65604 1.10545 -1.58418 -0.674273 1.04627 -0.34635 -1.32818 -0.284508 1.5779 0.979719 -0.0586023 -0.523416 
2.96714 1.07479 -2.08074 -0.294371 1.60483 -1.25546 -0.384636 -0.539175 1.85376 0.900428 -0.23603 -0.535525 
2.89078 1.20005 -1.92712 -0.272655 1.71229 -1.01367 0.117849 -0.464376 1.76345 0.686815 -0.329331 -0.565198 
2.94825 1.02334 -1.83722 -0.599395 2.42125 -0.72645 0.638444 -0.288911 1.36637 0.787295 -0.501552 -0.557289 
3.00232 0.916771 -2.23466 -0.391947 3.08042 -0.466689 0.763989 -0.0708204 1.33306 0.586861 -0.820305 -0.646972 
3.00407 0.686654 -2.11168 0.181541 2.87609 -0.395564 1.15422 0.0391948 1.39875 0.235013 -0.785642 -0.60304 
2.86109 0.770144 -2.09049 0.477489 3.33371 0.194348 0.706633 0.35087 1.05791 0.19965 -0.873766 -0.594529 
2.94999 0.547521 -2.21052 0.214707 3.896 0.500918 0.0304032 -0.28412 0.559205 0.369716 -0.636925 -0.410492 
2.99506 0.732518 -2.26115 0.246501 3.82826 -0.0110102 0.101469 -0.332765 0.748004 0.477532 -0.542427 -0.282828 
2.91482 0.866417 -2.24632 0.428287 4.10774 0.133275 0.0224114 -0.0524057 0.553744 0.555262 -0.543731 -0.216849 
2.81748 0.485992 -2.14161 0.862365 4.14308 0.826723 -0.316556 0.252899 0.493849 0.504763 -0.471526 -0.294909 
2.96391 0.517441 -2.27377 0.962016 4.58886 1.47567 -0.460044 0.408852 0.391328 0.558905 -0.570023 -0.416974 
2.66688 0.612382 -2.0136 1.12055 4.09563 1.45717 -0.239901 0.347894 0.212632 0.54851 -0.436533 -0.360536 
2.75167 0.564943 -2.26401 1.49346 4.71639 1.15577 0.0110172 0.249819 0.589965 0.513826 -0.65424 -0.420328 
2.68172 0.396417 -2.49246 2.05847 4.44724 1.02984 0.596203 -0.080386 0.921451 -0.105379 -0.690661 -0.394281 
2.70693 0.461553 -2.00723 1.681 4.52689 0.94831 0.440696 -0.444936 0.711242 0.349625 -0.373378 -0.326639 
2.70914 0.651532 -1.86566 1.17002 4.10127 0.883438 -0.19639 0.147496 0.819358 0.817827 -0.326475 -0.36725 
2.65802 0.509611 -1.59924 1.78119 4.32314 0.0607164 -0.422155 -0.123133 1.21551 0.868757 -0.204961 -0.188294 
2.55298 0.752463 -1.78842 1.94896 4.51096 -0.144425 -0.323238 -0.301744 1.45592 0.979967 -0.20889 -0.178164 
2.46024 0.730765 -1.51761 1.93019 4.01334 0.37376 -0.548957 -0.567064 1.37967 1.01544 0.0602644 -0.224841 
2.58809 0.669733 -1.52983 1.58289 4.21232 0.174992 -0.434336 0.0931397 1.1026 1.00651 -0.134175 -0.161842 
2.60499 0.868664 -1.63932 2.70647 4.30892 -0.768125 -0.993557 0.161487 1.66967 1.11102 -0.192428 -0.105785 
2.58187 0.760598 -1.21372 1.51572 3.97246 -0.0107509 -0.248451 0.368027 1.3576 1.16567 -0.0862189 -0.167479 
2.63204 0.753276 -0.907614 0.824953 3.78922 1.23969 -0.638571 0.615857 0.796601 1.22714 0.193101 -0.233357 
2.48651 0.906949 -0.984957 1.35678 3.70897 0.794274 -0.632806 0.599385 1.06401 1.01872 -0.0501447 -0.144487 
2.35112 1.00794 -0.40025 0.719059 3.37935 1.03412 0.494363 0.520537 1.42568 0.527778 -0.291689 -0.209467 
2.45852 0.828108 -0.402682 0.733573 3.2777 1.41881 0.922555 -0.100698 1.29559 0.463754 -0.155434 -0.104889 
2.37604 1.03754 -0.161752 1.37109 3.74444 1.34819 0.155574 0.831064 0.701967 0.374056 -0.355018 -0.235328 
2.39403 1.31506 0.153239 0.921165 5.11223 1.05736 0.432716 0.278896 0.570109 0.694394 -0.534584 -0.307769 
2.26271 1.32655 0.313638 1.47745 4.12048 0.331718 0.420353 0.779888 0.578205 0.585855 -0.447162 -0.17339 
2.24084 0.987156 0.0321616 1.197 3.84296 0.480291 0.0771451 0.735464 0.841162 1.01699 0.0244141 -0.0793587 
2.4683 1.447 0.499304 1.02584 3.43278 1.27105 0.00046609 0.362128 1.00501 0.532952 -0.154058 -0.266249 
2.14875 1.43857 0.0124697 1.1396 3.63969 1.60106 0.293011 -0.107799 1.19802 0.490669 -0.0112233 -0.241291 
2.0538 1.28359 -0.340789 0.958942 3.81734 1.04836 0.0400739 -0.390613 1.46068 0.749781 0.00533742 -0.31179 
2.12354 1.41436 -0.0794564 0.997515 3.92115 1.44096 0.464914 -0.496805 1.13099 0.68902 0.194719 -0.127809 
2.25962 1.19139 0.681366 1.47936 4.07658 2.22392 0.431623 0.149446 0.730194 0.606588 0.00579242 -0.203253 
2.17203 1.24689 0.606539 1.35968 4.13478 1.68037 1.06124 0.263279 1.11946 0.297408 -0.322492 -0.163 
2.09202 1.09135 0.583485 0.383 3.84171 1.24645 0.194722 0.914228 1.41582 1.00242 -0.0343252 -0.228311 
2.08433 1.07019 0.841397 0.731242 3.56507 0.840495 -0.362676 1.46073 1.42699 1.45323 0.0213603 -0.360005 
2.10352 1.42503 0.176614 1.05679 3.25844 0.443018 0.326314 1.46046 1.70257 1.46131 0.0719139 -0.123664 
2.03388 1.37024 0.866306 1.59474 3.50122 0.57226 1.15957 0.69327 1.94829 1.24123 -0.172453 -0.167149 
1.90829 1.36351 1.43179 1.27382 3.05765 1.42945 0.460161 0.450321 1.68481 0.847043 -0.265835 -0.261992 
1.88788 1.263 1.22538 1.46235 3.05625 1.77919 0.843786 0.000366391 0.79129 -0.11687 -0.252278 -0.132169 
1.88939 1.35942 0.840554 1.73257 3.08758 1.47031 1.16216 0.184476 1.71254 0.629315 -0.105974 -0.15191 
1.72464 1.28509 0.948804 0.853263 3.42587 1.78781 0.609717 0.495682 1.42387 0.718042 0.0952455 -0.08305 
1.77228 1.49756 1.0377 1.44103 3.36883 1.27174 0.867254 0.00259959 2.10297 0.715324 0.116443 -0.0435834 
1.78777 1.57663 1.21455 1.55523 2.90935 1.30247 0.405187 0.286991 2.00184 1.29382 0.137691 -0.10851 
1.67572 1.51767 1.53813 1.29807 2.96267 2.00453 0.722607 0.429447 1.94272 0.640703 0.0862193 -0.0111539 
1.6207 1.51023 1.41487 1.46931 2.8952 1.699 0.671268 0.995624 1.70603 0.511728 0.176322 0.0323605 
1.68151 1.63704 1.8906 1.81327 2.61518 1.97274 0.69922 1.13905 1.87311 0.926271 0.132854 0.0673885 
1.56988 1.6582 1.83055 1.53825 3.2567 1.87101 0.912841 1.26518 1.75266 0.772133 0.147944 0.0802423 
1.56583 1.45474 1.69903 1.13616 2.96806 1.43792 0.886581 1.19161 2.05889 1.00838 0.413811 0.190295 
1.55493 1.53204 1.84573 1.83233 3.11431 1.77145 1.29049 1.28776 1.80326 0.463101 0.374966 0.237643 
1.45548 1.64212 1.83885 2.40283 2.42002 1.70519 2.11826 0.56483 1.33787 0.571413 0.519427 0.242814 
1.56687 1.88958 1.98151 1.90443 2.48615 0.635676 1.55432 0.711921 1.75097 0.520667 0.360624 0.249336 
1.63436 1.78411 2.47468 1.65777 2.9984 0.769431 0.933879 1.33342 1.9494 0.937966 0.0485639 0.175378 
1.68493 1.63019 2.54007 2.1464 3.3899 1.91594 1.23629 1.74185 1.85033 1.19076 0.0206188 0.0987329 
1.60745 1.88879 1.862 1.83418 4.05968 1.37784 1.67903 1.29917 1.21602 1.18599 0.234249 0.231191 
1.54078 2.10227 2.03353 2.20363 3.32488 1.16815 1.89065 1.60408 1.20639 0.996034 0.150268 0.235555 
1.46216 1.94744 2.06797 2.54768 2.21568 1.52605 1.8926 1.4512 1.26542 0.469309 0.438119 0.240267 
1.3926 1.65159 1.91024 1.8216 2.41485 0.710048 1.48609 1.55605 1.93717 1.21384 0.0971191 0.224373 
1.41975 1.61404 2.20197 2.20472 3.0879 1.31202 1.96397 0.812094 1.54939 0.97632 0.197238 0.25378 
1.41138 1.43406 2.43198 2.6767 2.30167 1.30037 1.25163 1.35606 1.11009 1.09179 0.474776 0.255239 
1.37309 1.96887 2.86922 2.20704 2.81962 1.03187 1.65152 1.3189 1.65621 0.788862 0.330555 0.340619 
1.43145 1.97695 2.60934 2.22935 2.57912 1.39277 1.80129 0.380231 1.06081 0.542375 0.670527 0.300535 
1.36054 1.95313 1.66748 1.72362 2.61971 1.58853 1.21158 0.376114 1.53367 0.854665 0.836144 0.298266 
1.24337 1.86805 2.38896 1.3139 1.71784 0.934581 1.62203 0.894976 1.30709 1.15094 0.750109 0.349632 
1.29206 1.78114 2.3357 1.75403 2.00807 1.06393 1.6805 0.745855 1.54181 0.689183 0.774304 0.342311 
1.2471 1.64575 2.28364 1.31649 2.12277 1.37894 2.25555 1.30258 1.11101 0.708715 0.727856 0.309845 
1.20097 1.56239 2.71045 1.61173 2.05286 1.28597 1.88305 1.08872 2.05009 0.833878 0.303566 0.378734 
1.38628 1.49287 2.83689 1.42832 2.22514 0.871207 2.158 1.2306 1.99598 0.742934 0.325537 0.426281 
1.36316 1.62503 2.45669 1.37249 2.58787 1.02111 1.58891 0.836752 1.55329 1.40594 0.354027 0.336262 
1.22869 1.6259 2.16095 1.81205 2.08676 0.885231 2.00052 1.31879 1.2133 0.580497 0.845365 0.317691 
1.25709 1.69176 2.07555 1.88854 1.58132 1.19657 1.69129 0.61087 1.81318 0.486761 0.964818 0.321895 
1.25459 1.77608 2.12436 1.34305 1.29166 1.46944 1.40226 0.800631 1.41844 1.23529 0.787565 0.328427 
1.22119 1.778 2.43848 1.09814 2.01695 0.955234 1.51761 2.41786 1.18184 1.16733 0.47623 0.24004 
1.25671 1.68638 2.13121 0.82944 2.83932 1.25483 0.577751 2.10872 1.39896 1.51795 0.404145 0.170525 
1.2331 1.74873 2.10334 0.789026 2.49359 1.52179 1.26977 1.10294 1.7202 0.643577 0.740209 0.296733 
1.21947 1.67496 1.89185 1.34778 1.83832 0.681495 1.95601 0.951971 1.79168 0.740538 0.732978 0.300902 
1.31659 1.52509 2.31069 1.66897 2.09514 0.149771 2.04124 1.05681 0.767018 1.15643 0.67176 0.33097 
1.2383 1.61406 2.37149 1.43533 2.1027 0.855001 1.06964 1.01619 1.57604 0.963447 0.391265 0.280274 
1.25939 1.84051 2.18489 1.7705 2.01881 0.777488 1.17358 0.31171 1.53222 0.593021 0.676135 0.286675 
1.20999 1.82679 2.39981 2.09418 2.0299 0.175526 1.53628 0.0214063 1.24047 0.62447 0.688525 0.299598 
0.952725 1.64006 2.57097 1.42173 1.50755 0.728849 1.02124 0.834798 0.968649 0.986247 0.836097 0.190672 
1.05155 1.66935 2.73619 1.56083 2.01363 0.318907 0.839103 0.989978 0.311832 0.0783722 0.318593 0.0877036 
0.995428 1.38635 2.5909 1.2907 1.89426 0.533856 0.662654 0.924888 0.5255 0.186746 -0.0271848 0.09385 
1.17554 1.42756 2.46683 1.12892 1.52506 0.708744 2.61345 1.62645 0.797473 0.300075 -0.00272094 0.135312 
1.12262 1.87066 2.04107 1.03124 1.22716 0.38932 2.59838 1.47941 0.314438 0.103336 0.433562 0.0376663 
1.07271 1.50816 2.17375 1.22614 1.56304 0.545981 1.53336 0.310436 0.327836 0.641805 0.681143 0.141677 
1.08508 1.59397 2.12332 1.4306 2.03677 -0.195543 1.24439 0.104508 -0.146197 1.15523 0.385259 0.15701 
1.21203 1.66189 1.70049 1.62699 2.25201 0.0116451 0.703792 1.4779 0.741248 0.559439 0.413476 0.189078 
1.11233 1.82239 1.95445 1.40209 1.85675 0.822272 0.876121 1.99612 0.438216 0.535119 0.654059 0.145105 
1.05967 1.61092 2.46777 1.6501 3.0289 1.33982 0.918966 0.769144 1.27096 0.326761 0.730439 0.190746 
1.15369 1.61286 2.73899 0.852011 2.79252 -0.0516949 1.48355 1.84239 1.08556 0.369296 0.618749 0.30498 
1.14144 1.43544 2.75628 1.50593 1.34736 0.193921 1.79684 0.718197 0.949347 0.417805 0.637626 0.242731 
1.22728 1.53379 2.70138 1.63166 2.06125 0.619334 1.32147 0.946894 1.81712 0.217885 0.250355 0.314321 
1.23436 1.4929 3.0522 1.34429 2.2469 0.340321 1.11563 1.57309 1.23282 0.160078 0.706072 0.343652 
1.19687 1.6746 2.4432 0.863398 1.56828 0.909915 2.41416 0.577743 0.969771 0.763781 0.687475 0.28384 
1.1361 1.62484 2.27729 1.18215 1.96692 1.08336 2.65501 0.401709 0.852388 0.906285 0.410154 0.266631 
1.10821 1.51518 2.41236 1.21175 1.49849 0.979025 2.3852 1.03878 1.30953 0.604685 0.741096 0.260846 
1.10208 1.48262 2.81438 1.3928 1.54394 0.589976 1.13656 1.15976 1.41413 0.613861 0.97237 0.321095 
