0.594621 1.09115 1.46091 1.48629 1.23544 1.78184 1.74041 1.31461 1.35168 0.0490876 0.177984 0.136798 
0.54877 0.997662 1.63127 1.04159 1.99841 1.27945 1.33287 -0.401766 0.83122 0.047185 -0.0108182 0.19591 
0.532255 1.3122 1.39196 1.18391 1.11066 1.61438 1.85841 0.730662 0.533763 -0.0231699 -0.0346232 0.161171 
0.629751 1.17442 1.42895 1.69325 0.714102 1.97901 1.96281 0.92241 0.263636 0.067329 0.0935112 0.113171 
0.637897 1.30413 2.24737 0.643271 1.01209 1.40934 1.48559 0.35533 0.602893 0.992104 0.347692 -0.0303865 
0.586959 1.10849 1.81952 1.46663 1.1651 0.618228 0.703543 0.766107 0.953124 0.638815 0.432139 -0.0875831 
0.75966 0.95698 1.31287 2.13206 0.133663 1.07202 0.839312 0.627103 0.747491 0.197255 -0.00538205 0.00943829 
0.586314 1.14485 1.07269 1.66955 0.0718325 0.782801 1.76595 0.376887 0.378804 0.298221 -0.321871 0.203139 
0.642464 1.13025 1.10582 1.5868 1.44914 1.30048 1.58784 0.840971 0.546908 1.06028 0.310668 0.0953418 
0.501325 1.00628 1.70171 1.58705 1.54016 0.979607 0.593085 0.969585 0.595249 1.00179 -0.295707 0.186018 
0.500371 1.13689 1.70762 1.10282 1.12794 0.500344 0.862607 1.09335 0.399981 1.12979 -0.2616 0.0943434 
0.713189 1.517 1.84681 0.812824 0.980239 1.06977 1.44401 1.15457 0.339548 0.508175 -0.195245 0.0547723 
0.742633 1.28586 1.90707 0.772473 0.359605 -0.250807 0.418913 -0.0074683 0.324111 -0.0168489 -0.0604955 -0.071981 
0.94797 1.12716 1.56075 0.482888 0.0798448 -0.157591 0.449067 0.389832 -0.151095 0.494187 0.262692 -0.086287 
0.79858 0.771452 2.39529 0.18165 0.504512 0.306708 -0.432039 -0.330016 1.06842 0.271399 0.708513 0.106055 
0.696138 -0.260155 2.5814 -1.63891 0.258665 -0.24058 0.0583274 -1.06575 0.493573 0.410327 1.01384 0.44554 
0.679492 0.315496 1.88675 -1.71161 0.263449 0.544743 0.554202 -0.746309 0.341379 0.20386 0.182887 -0.28646 
0.728428 0.706695 1.94048 -1.97324 1.09819 0.936424 1.57154 -0.904837 0.315432 0.824739 -0.600587 -0.184049 
0.545041 0.229564 2.22082 -0.57002 0.299286 0.793092 1.94429 -0.0922166 0.880057 0.752901 -0.803179 -0.431525 
0.334513 -0.585012 1.50028 0.484159 -0.0667077 1.14446 1.55811 -0.539665 0.204651 0.353806 -0.451715 -0.488155 
0.0809447 -0.526596 0.773676 -0.0317569 -0.591944 1.29703 0.950858 -0.166188 -0.0378385 0.274212 -0.270286 -0.541642 
0.1686 -0.589792 0.61908 -1.06231 -1.39249 2.43109 1.77349 0.175765 0.371064 0.448356 0.508701 -0.442483 
0.464069 -1.03938 -0.381491 -0.691503 -1.75943 1.23494 3.33177 0.201204 1.07505 1.0063 0.306623 -0.343854 
0.450169 -1.12179 -0.129556 -0.537413 -0.865634 0.506906 2.7658 0.684529 1.15008 0.701873 0.278914 -0.278146 
0.339528 -1.52989 -0.596213 -0.571013 0.772337 0.196953 1.46472 0.698285 0.939913 0.554811 0.171799 -0.113442 
0.366126 -1.15755 -1.29443 -0.167697 1.75376 0.982075 0.41926 -0.86008 -0.0379165 0.629513 0.395936 -0.0904598 
0.328645 -1.02426 -0.342732 0.0331867 1.34939 1.89488 1.04747 -1.72114 -0.190152 0.739243 0.54509 -0.299555 
0.281938 -0.861253 -0.982167 -0.790238 0.451549 1.13458 1.19097 -0.343665 0.560241 1.19271 0.78805 -0.529339 
0.294166 -0.962272 -1.45807 -1.13775 1.05143 0.830964 0.400811 0.904021 0.634964 1.1695 0.837592 -0.435401 
0.461756 -1.16299 -1.81698 -0.518584 0.842518 0.675772 1.33295 0.41347 0.445697 0.801809 0.0433877 0.0425114 
0.573389 -1.21746 -1.51034 -1.09305 0.182971 -0.0534047 2.45389 0.572609 0.765446 1.25353 -0.171056 -0.112262 
0.786265 -0.473296 -0.838678 -1.11108 0.0969259 0.113015 1.37259 0.695775 0.685324 0.924177 0.183503 -0.409399 
0.857322 -0.304036 -0.228669 -0.141386 0.19479 1.02867 1.30468 0.64204 1.30437 0.757728 0.392077 -0.557169 
1.24165 0.473502 0.564908 0.614468 1.83106 1.41769 1.82791 0.751727 1.64499 -0.0630737 0.0135987 -0.0919161 
1.87894 0.573533 -0.664536 0.0634868 2.13574 1.51771 1.30968 0.411447 2.39452 0.49792 -0.216032 -0.478956 
2.11495 0.542089 -0.517887 -0.13163 2.30188 1.75347 1.11328 0.791275 2.04968 0.79672 -0.359667 -0.573595 
2.18312 0.760301 -0.0965291 0.242269 2.03604 1.34411 1.50347 0.914967 1.95278 0.915603 -0.462953 -0.603304 
2.1472 1.08681 0.301221 -0.116469 1.30181 1.52532 2.15308 0.805052 1.83207 0.420575 -0.505053 -0.430226 
2.2276 0.982749 -0.129697 0.148531 1.65462 1.65662 1.97911 0.918711 1.48581 -0.013809 -0.572549 -0.385084 
2.23521 0.722761 -0.315272 0.356938 2.09203 2.27668 1.75547 0.942186 1.3073 0.179887 -0.480456 -0.365669 
2.32249 0.594907 -0.581921 0.170795 2.21464 2.57937 1.64666 1.29085 1.11857 0.207865 -0.319403 -0.268341 
2.37328 0.594528 -1.06813 0.120385 2.47049 2.41897 1.55728 1.57768 0.773914 0.0441708 -0.245648 -0.12055 
2.33069 0.601711 -0.983095 0.528974 3.72478 2.46378 1.00272 0.890943 0.452542 -0.0776414 -0.230229 -0.00241981 
2.27654 0.544903 -0.658625 0.996754 3.82762 2.94139 1.65262 0.162297 0.6342 -0.0165511 -0.189681 -0.0199264 
2.21502 0.674371 -0.475898 1.36284 3.65743 2.38011 2.45955 1.03683 0.608754 0.412177 -0.342165 -0.232253 
2.12498 0.955209 -0.621332 1.43368 3.46865 2.57599 2.61535 0.841587 0.81266 0.216383 -0.250078 -0.126261 
2.10789 1.03019 -0.18896 0.877686 3.36424 2.78685 2.41338 1.36158 0.744411 0.554516 -0.186117 -0.129929 
2.15085 0.965683 -0.27253 0.975446 3.59519 2.56863 1.76314 1.50523 1.08525 0.660369 -0.094057 -0.112086 
2.18638 0.812556 -0.20199 1.65603 4.2071 2.82495 1.21098 1.29054 0.766883 0.576473 0.0857098 0.0640508 
2.10398 0.95086 -0.00871073 1.3428 4.0467 3.08142 1.29047 1.47756 0.544568 0.720973 0.196919 0.0546356 
2.15962 0.89784 -0.132095 0.956088 4.74186 3.27843 1.38222 0.512446 0.942369 0.698881 0.306935 0.0825806 
2.13443 0.854616 -0.140576 0.984999 5.098 3.47766 0.879747 1.09265 0.368555 0.815311 0.348602 0.013076 
2.12337 0.902226 0.0680754 1.69815 5.02098 2.80345 1.24304 0.902101 0.591285 0.847213 0.171281 0.0378845 
2.21595 0.78114 -0.16808 1.83893 5.18934 2.57227 1.26864 0.756682 0.917627 0.799437 0.0229976 0.0107956 
2.13049 0.718851 0.282896 2.53281 5.23237 2.79254 0.480936 0.340746 1.28728 0.733752 0.142164 0.00930933 
2.06111 0.898316 0.134898 2.35402 4.97349 3.38045 1.06374 0.788075 0.806084 0.846311 0.217743 0.0390439 
2.19213 0.942579 -0.111089 1.89632 4.26642 3.04761 2.09584 1.28758 0.295337 0.813689 0.142082 0.0412418 
2.06158 0.884761 0.21926 1.72656 4.02162 2.88401 2.16408 1.26643 0.820746 0.743109 -0.0755034 -0.0485973 
2.06882 0.961514 0.0999684 1.53957 4.13682 2.87186 2.06415 0.81771 0.934082 0.580664 -0.0439691 -0.0216278 
2.06184 1.04671 0.0533715 1.29739 4.13651 2.80551 1.93682 1.14921 0.661869 0.770118 -0.0408699 -0.0705248 
1.96661 1.21493 0.350083 1.78447 4.47312 3.44334 1.79884 0.911528 1.0652 0.726462 -0.0231286 -0.0640189 
2.03597 0.885035 0.55997 2.17535 4.8763 2.83337 1.51174 0.790095 1.31821 0.619664 -0.112828 -0.0292022 
1.97205 0.870328 0.7889 1.85905 4.85343 2.88779 0.670261 1.37513 1.37299 0.597077 -0.0199747 -0.0497171 
1.90593 0.984712 0.441136 2.18535 4.73551 2.59116 1.00253 1.4546 1.47766 0.664388 -0.103257 -0.00817545 
1.8889 1.15229 0.408332 2.78942 4.53769 2.85994 1.30556 1.13074 1.37712 0.732209 -0.0357388 -0.00345796 
2.01646 1.20264 0.464487 2.176 4.20493 2.50579 1.88094 1.67384 1.4459 0.7451 -0.312213 -0.126465 
1.97704 1.27058 0.660011 2.33177 4.70021 2.46277 1.29622 1.94225 1.45556 0.728039 -0.264684 -0.0697006 
1.78529 1.47675 0.741106 2.15871 4.7796 2.78346 1.78793 1.4974 1.3726 0.581359 -0.0606016 0.0674666 
1.8408 1.22603 1.06379 2.59527 4.06198 2.46403 1.09551 1.64632 1.7645 0.575179 -0.218119 -0.0438254 
1.85297 1.41926 0.698312 1.91485 4.2163 2.54207 1.87301 1.29952 1.78278 0.739373 -0.345612 -0.166345 
1.82216 1.40018 0.682764 1.81453 4.15114 2.85815 1.92251 0.760269 2.18933 0.503371 -0.384172 -0.220373 
1.89107 1.21817 0.653349 1.53655 3.81636 2.30412 2.38602 0.541529 1.51627 0.439671 -0.297023 -0.0835668 
1.72231 1.27984 0.713077 1.73407 3.23093 2.11864 2.20811 0.936819 1.34376 0.324312 -0.207291 -0.0254163 
1.68805 1.25771 0.847225 2.06246 3.44961 2.26544 1.32248 0.605393 1.66784 0.334403 -0.248257 -0.131663 
1.56972 1.17696 1.21319 1.90517 3.50758 2.62052 1.67723 0.902834 1.39459 0.166078 -0.562832 -0.0897393 
1.63462 1.07601 1.4211 2.21064 3.38727 2.52656 1.66435 0.480656 1.74851 0.200578 -0.343789 -0.0147916 
1.78441 1.55943 1.67028 1.28079 3.8423 2.17647 1.43733 1.63824 1.53466 0.31944 -0.168367 -0.049145 
1.77538 1.67997 2.06783 1.8494 3.54924 1.47754 2.05746 1.59134 1.63142 0.93896 -0.211104 0.0312983 
1.62868 1.75707 2.04687 1.62472 3.42627 2.18033 2.29308 2.02408 1.67092 0.819342 -0.242779 0.0622938 
1.7282 1.62643 1.9912 1.72632 3.27604 2.78227 1.98417 1.54663 2.33559 0.295414 -0.0647017 0.134878 
1.57231 1.77546 1.97939 1.88849 4.03313 2.21403 1.61394 2.25158 2.1903 0.391072 0.0184571 0.131741 
1.4414 1.79044 2.0426 2.10863 3.15725 2.60734 1.84212 1.90611 1.80543 0.761589 0.04401 0.215466 
1.38677 1.55738 1.77322 1.97158 2.53438 2.54617 1.53341 1.95031 2.22275 0.726348 -0.0743703 0.193369 
1.4533 1.53096 2.07788 1.87878 2.27113 2.28827 2.50981 2.07965 1.7533 0.580308 -0.010579 0.217646 
1.46332 1.52432 2.25968 2.18458 2.21302 2.1454 1.85206 2.1498 1.71131 0.938752 0.0025016 0.203714 
1.38961 1.52215 2.33989 1.97083 2.84935 2.32349 1.32036 1.1758 2.2328 0.828264 0.0574314 0.2482 
1.36231 1.85835 1.85733 2.07549 3.28457 1.82553 1.57628 1.18063 2.60639 0.765843 0.0241499 0.18833 
1.33528 1.61313 2.21635 2.27953 3.30186 2.16109 1.34346 0.769768 2.0589 1.20268 0.0812933 0.224148 
1.38156 1.72341 2.0354 2.30275 2.97634 1.99019 1.51773 1.08535 1.6515 0.628348 0.384719 0.239856 
1.45805 2.08199 2.00853 2.19397 3.76546 1.15117 1.49993 1.32826 1.43593 0.433577 0.367422 0.214545 
1.34206 1.77407 2.7475 2.27783 3.57026 1.82535 1.35925 0.727983 1.39437 1.3618 -0.0839176 0.172623 
1.3246 1.70389 2.26769 2.2079 2.48599 2.37975 2.58714 0.960446 1.22283 1.21969 -0.0795488 0.220242 
1.23978 1.69608 2.19824 2.72957 2.63687 2.28693 2.88045 1.82118 1.75558 0.152901 0.169944 0.338255 
1.37511 1.61404 2.27226 1.71307 2.67209 1.97392 1.36211 1.55412 1.864 0.981387 0.158425 0.239926 
1.33017 1.68182 2.38257 1.81154 2.45934 1.23779 0.358824 1.0933 1.71593 1.59197 0.319868 0.266562 
1.35776 1.94942 2.18764 2.25939 2.80147 1.40859 1.54247 1.33937 1.43363 1.31114 0.1551 0.264455 
1.31562 2.06411 2.35891 2.43065 3.09912 2.32348 2.6501 1.18606 1.72184 0.786888 0.219014 0.318625 
1.32997 2.01294 2.8411 1.95847 2.95409 1.70581 2.09682 1.47157 1.21376 0.716531 0.380212 0.289868 
1.3675 2.25066 2.84885 1.98393 2.29255 1.81945 1.75892 1.57763 1.02729 1.07951 0.257939 0.253768 
1.38725 2.21592 2.31033 2.28694 2.27609 2.90544 1.61548 1.18656 1.6609 0.610497 0.394494 0.275356 
1.30765 1.93801 2.48521 1.76275 2.93484 1.76857 0.786498 1.32763 1.93915 0.919516 0.318012 0.269037 
1.208 1.67072 2.3303 1.70444 2.63117 1.25487 1.08161 1.57702 1.80378 0.448609 0.590058 0.290721 
1.2831 1.77986 2.44112 1.8339 2.00644 1.46807 1.19173 1.58553 0.905166 0.852526 0.332659 0.200631 
1.36992 1.71995 2.47457 1.57316 2.29997 1.39631 1.28566 1.31141 0.716461 0.731219 0.244471 0.129969 
1.31972 1.67342 2.05712 1.65318 2.53321 1.01597 1.71421 1.28056 1.15438 0.316487 0.138453 0.141747 
1.31483 1.61083 2.40816 2.2892 2.52153 1.41513 1.82884 0.888081 1.39957 0.388564 0.172422 0.197606 
1.40361 1.6171 2.44974 1.81872 3.02302 1.47339 1.38273 0.625716 0.913909 0.38995 0.632718 0.271117 
1.28053 1.6837 2.38401 1.36201 2.27983 1.49794 1.44979 1.1802 1.2377 0.765355 0.524822 0.265826 
1.32554 1.74475 2.66139 1.17532 2.16557 1.48876 1.97013 0.966508 1.27891 0.825058 0.231658 0.268234 
1.24023 1.55035 2.92655 1.85764 2.24867 0.509346 1.69109 1.16799 1.69196 0.421535 0.280902 0.360802 
1.35429 1.69334 2.74575 2.09506 2.15673 1.50029 1.56818 0.418233 1.30903 0.211567 0.541464 0.260102 
1.26144 1.9901 2.20411 1.91526 3.03779 1.52812 1.61976 0.24423 1.25547 0.783875 0.312001 0.228772 
1.17754 1.82072 2.19082 1.6999 2.87815 0.75993 1.29681 0.916054 0.672597 1.34374 0.296264 0.246729 
1.21606 1.74571 2.1982 1.9291 2.09885 1.17477 1.50395 0.61136 1.0901 1.35512 0.340954 0.255475 
1.25855 1.66269 2.30322 1.46011 2.50765 1.89756 1.65787 0.75882 0.637635 0.931866 0.656278 0.268444 
1.20331 1.71106 2.64878 1.50923 2.16816 1.27512 1.87184 0.809583 0.922586 0.635402 0.610249 0.257099 
1.12785 1.69883 2.6422 1.75338 2.37471 0.270816 1.76606 1.21301 1.25312 0.753993 0.529381 0.337156 
1.13057 1.2356 2.08573 1.39942 2.16021 0.741676 2.21142 1.60907 1.12996 1.19703 0.351417 0.245921 
1.08726 1.48953 1.8027 0.995547 1.96592 1.33961 1.61977 1.53031 0.988933 1.11339 0.617423 0.196059 
1.17814 1.71035 2.2783 1.4008 1.79505 1.33708 1.21212 1.30257 1.35273 0.202294 0.378392 0.17685 
1.07513 1.4474 2.61107 1.92905 2.53582 1.26588 1.70859 0.805946 1.51949 0.276558 0.235824 0.285836 
1.0703 1.32512 2.36776 1.81153 2.37812 1.27461 1.95445 0.571272 1.34565 0.750319 0.463193 0.27205 
1.0602 1.51661 2.10703 1.5848 1.81157 1.63704 1.81591 1.12837 0.628964 1.23843 0.581911 0.206859 
1.10395 1.34424 2.35125 1.51604 2.18441 0.978028 0.940985 0.492533 0.957804 1.33331 0.801735 0.210032 
1.10575 1.5845 2.55289 1.38971 2.03525 0.475459 0.0403854 0.588497 1.03027 0.757988 1.00577 0.238559 
1.08613 1.58331 1.98366 1.49295 1.751 2.00591 0.578522 0.920362 1.24315 0.972798 0.800869 0.230111 
1.16425 1.83181 2.17036 1.90961 1.21329 1.74902 1.7903 1.20496 1.29035 0.83324 0.0523046 0.191326 
1.17742 2.04502 2.22196 1.19054 1.80722 1.38802 2.18191 1.26902 0.969864 0.2099 0.00402718 0.105938 
1.315 1.81469 2.14295 1.25259 2.12108 1.15367 1.46928 0.173949 1.34561 1.04294 0.365357 0.287441 
1.21247 1.54951 2.26086 1.31237 1.63008 0.889592 1.72421 -0.154019 1.17312 1.26389 0.332042 0.255241 
1.09366 1.67484 2.3621 1.42701 1.02296 1.31679 0.865963 0.464642 0.147804 0.733942 0.331418 0.102434 
1.04456 1.89852 2.13545 1.17893 1.35965 0.924201 1.24807 0.685977 0.666954 0.90629 0.0690011 0.156688 
1.00702 1.69982 2.3974 1.09655 1.82944 0.290472 1.33184 0.627369 0.710508 0.90747 0.50764 0.192138 
1.00063 1.46284 2.46745 1.81664 2.18148 0.865425 1.43823 1.65563 0.307842 0.402165 0.301687 0.141985 
0.980471 1.75291 1.87272 1.56156 2.52642 0.867437 1.19731 1.311 0.250374 0.59293 0.205918 0.134044 
0.980372 1.66759 1.91709 0.590543 1.90605 0.476591 1.39433 0.326386 0.925438 0.613958 0.193521 0.212207 
1.07496 1.34251 1.98254 0.32015 1.74439 0.638313 1.10679 0.650861 0.94765 0.79261 1.0632 0.186863 
1.06833 1.42457 1.52506 1.01721 1.76643 0.624835 0.985238 0.850141 0.464331 1.08514 1.24306 0.146735 
1.04228 1.40433 1.77945 1.68848 1.47476 0.894533 0.858157 0.554844 0.272538 1.28176 0.816127 0.122687 
1.0841 1.34241 1.3175 1.0706 2.15443 0.92971 1.12968 1.10285 0.85125 0.353119 0.315645 0.117447 
1.13573 1.43878 1.74585 1.10358 2.07851 0.501479 1.05403 1.81434 0.361753 0.372732 0.467916 0.10192 
1.07156 1.00749 1.58803 1.53379 1.91325 1.73096 1.07784 1.04318 0.30574 0.488121 0.588521 0.129634 
1.06701 1.0578 2.06782 1.50157 1.18572 1.23477 1.50141 0.954439 0.785625 0.36831 0.294491 0.149313 
1.03918 1.55727 1.35962 1.06831 0.937782 1.37936 0.72785 0.526126 1.04397 0.463446 0.31424 0.0986372 
1.10768 1.75131 1.44625 1.10315 1.6945 1.36093 0.83279 0.420222 0.959233 0.690405 0.320295 0.137325 
1.05991 1.52393 1.86044 1.29763 1.74806 0.874024 0.312591 1.01988 1.00306 0.844752 0.383147 0.162044 
0.974445 1.45959 1.97172 1.30179 1.56041 -0.601504 1.11223 0.894026 0.784712 0.517244 0.583478 0.191365 
1.05407 1.43353 2.10982 1.12706 1.80436 -0.326309 0.895926 0.656779 1.34926 0.311925 0.585007 0.214331 
1.02758 1.45189 1.90925 1.40318 1.78659 0.587938 1.47355 0.449856 1.21285 0.577968 0.444354 0.181128 
0.990142 1.28217 1.37267 0.949289 1.19174 0.786812 1.00959 1.36099 0.747014 -0.0324341 0.463856 0.0941973 
