0.514388 0.873371 0.959408 0.986762 0.257967 0.566841 0.118654 0.819873 0.532682 0.243064 0.198139 0.0811095 
0.431485 0.628582 0.911979 1.37712 0.228936 0.195906 0.0181632 1.6172 0.861042 -0.240066 0.0690447 -0.13028 
0.581718 0.818402 1.2995 0.735215 0.549841 0.690313 -0.239316 1.5268 0.626817 0.153903 0.302155 -0.0843763 
0.502687 0.836907 1.06861 0.387615 0.750981 0.569767 0.260349 1.0084 0.222232 0.63842 0.280576 -0.0830864 
0.504878 0.733101 1.33784 0.334921 0.473955 -0.322278 -0.454743 -0.868859 0.648775 -0.130693 0.563875 -0.295792 
0.415627 0.808256 1.06759 -0.549129 0.921047 -0.3019 -0.585217 -0.685057 0.369405 -0.523828 0.256992 -0.376862 
0.00878688 0.103721 0.664369 -1.70709 1.21681 -0.406366 -0.193405 -0.0691287 0.645191 -0.376649 0.531479 -0.0907863 
0.256861 -0.27602 1.21198 -2.01889 1.15774 -0.799434 0.0829933 -0.215297 -0.19795 -0.127815 0.220375 0.209799 
0.420265 0.0315236 1.50675 -1.67561 0.475579 -1.11196 1.15299 0.29155 -0.183599 0.022681 -0.361451 -0.235731 
0.0922574 -0.243215 0.764506 -0.0849282 -0.284004 -0.058924 1.23625 -1.36716 1.01648 -0.389351 -0.239251 -0.653894 
0.0839975 -1.17901 0.103998 -0.868876 -0.315368 0.48689 1.81659 -1.58913 0.711825 -0.432184 0.360974 -0.367626 
0.166036 -0.950429 0.212648 -0.572876 0.785219 -0.111189 1.41009 0.0881278 0.869401 -0.900657 0.3034 -0.328838 
0.224511 -0.517343 0.419193 -0.305969 0.417259 -0.233272 1.73249 0.0251357 1.24181 -0.306781 -0.180905 -0.603196 
0.323166 -1.081 -0.0563802 -1.12279 -0.519964 -1.37673 1.51283 0.539565 1.39044 0.260372 -0.0303403 -0.391037 
0.421373 -1.58723 -0.131664 -1.61342 -0.194702 -0.55767 1.24576 -0.319028 1.53029 0.982741 0.392699 -0.289963 
0.335642 -1.5411 -0.0111774 -1.43406 0.868553 0.273453 1.40308 0.149541 1.41834 1.44494 0.703119 -0.0964828 
0.400055 -1.1775 -0.922887 -0.956131 0.4683 0.96948 1.24133 -0.635486 1.12109 1.69891 0.800932 -0.193446 
0.786807 -1.14645 -0.523246 -1.57706 0.730582 0.270182 1.25932 -0.792047 1.31514 1.17148 0.686816 -0.119103 
0.899819 -1.1378 0.366962 -0.919266 0.602242 -0.110541 1.56179 -0.678155 1.23524 0.64911 0.36201 -0.256058 
0.851649 -0.782192 -0.308301 -0.995512 0.687365 -0.274371 1.53812 -0.474586 1.03181 0.795269 0.464047 -0.169764 
1.16459 -0.0168804 -0.635998 -0.569621 0.896145 -0.372511 1.532 0.644326 1.26121 0.0478414 0.171037 -0.111858 
1.62275 1.06422 1.38778 0.5612 1.31204 0.563258 1.67902 0.606095 1.25966 0.260805 -0.573176 -0.243496 
2.37762 0.823707 -0.106922 -0.463174 1.77114 1.12513 0.636807 0.540681 1.43897 1.20114 0.0575121 -0.476401 
2.42656 1.08277 -0.447438 -0.390681 1.88648 0.691164 0.263001 0.35951 1.64391 1.13613 -0.0941489 -0.608678 
2.44669 1.07177 -0.393312 0.0881366 1.73783 0.195484 0.755134 -0.160003 1.90878 0.976588 -0.339392 -0.691606 
2.48494 0.960419 -0.466791 0.534916 2.01507 -0.280216 0.826106 0.0188197 1.87822 0.894296 -0.445192 -0.671172 
2.45054 0.769564 -0.417196 0.751588 2.21355 -0.0613361 0.759473 0.348604 1.6552 0.834128 -0.507251 -0.671148 
2.43961 0.734047 0.0454082 0.142214 2.82058 0.959242 1.1455 0.360964 1.514 0.484088 -0.945583 -0.709428 
2.45832 0.741266 -0.0363293 0.334447 2.49208 0.6349 1.2612 0.763102 1.21831 0.621224 -0.712026 -0.692308 
2.37154 0.831287 -0.332078 0.396679 1.82986 0.662789 1.49384 1.23828 0.964251 0.402993 -0.567997 -0.611046 
2.37915 0.59943 0.0931268 1.00833 1.64932 0.105492 1.65702 1.78043 0.489438 0.618151 -0.326008 -0.629919 
2.36359 0.713647 -0.0970412 0.880836 1.71248 0.3901 1.41733 1.70776 0.928621 0.570685 -0.514661 -0.655416 
2.24344 0.724827 0.0187411 1.04745 2.07455 0.674916 1.29333 1.64993 1.27848 0.695225 -0.656994 -0.682614 
2.3334 0.569342 -0.243024 1.13388 1.82674 -0.0233756 2.50371 1.16416 1.34916 0.502308 -0.48568 -0.550736 
2.2315 0.631045 -0.230493 0.586349 2.23284 0.753395 2.12549 1.14769 0.900214 0.645357 -0.58192 -0.630693 
2.19619 0.644137 0.362545 0.688599 2.82523 1.08853 1.45271 1.37877 0.789889 0.453051 -0.730255 -0.586062 
2.19104 0.853902 0.0402841 0.823223 2.23764 0.845087 1.96673 1.8029 0.549377 0.228069 -0.628972 -0.449899 
2.31833 1.07508 0.252306 1.30033 2.44235 0.948893 1.92933 1.67526 1.41906 0.531104 -0.646453 -0.538148 
2.29192 1.23317 0.102807 1.42644 2.95996 1.26796 2.69417 1.1177 1.19151 0.232821 -0.541031 -0.328626 
2.2247 0.860946 0.582683 1.75229 3.42258 1.41087 2.65575 1.10603 1.32055 0.813828 -0.63447 -0.467888 
2.23351 0.895619 0.614919 1.48824 3.23541 1.65987 2.05525 1.67966 0.805242 0.865586 -0.371105 -0.410517 
2.21517 1.08094 0.330676 1.90105 2.60791 1.05795 2.46127 1.11848 1.22651 0.885704 -0.354222 -0.482288 
2.27951 0.954042 0.403209 1.82145 2.12596 0.622105 2.89262 0.930507 1.14416 0.718197 -0.345763 -0.53305 
2.1381 0.784069 0.0152585 1.3952 2.40075 0.632166 2.44892 1.03965 0.818861 0.650825 -0.48304 -0.508923 
2.01089 1.14494 0.040308 0.214671 2.56708 1.82614 1.59865 0.737525 1.37723 0.0489857 -0.632344 -0.451062 
2.12527 1.11133 0.360672 0.675164 3.3725 1.81495 0.925213 1.17952 1.71297 0.269833 -0.759565 -0.557751 
1.99708 1.05593 0.732573 0.795294 2.86402 1.78774 0.814887 1.36578 1.73522 0.456672 -0.524722 -0.400128 
2.04509 1.10564 0.831167 1.04467 2.42621 1.29754 1.9794 1.40052 1.59063 0.481575 -0.548251 -0.311877 
2.0638 1.38546 0.913503 1.31818 2.38937 1.49747 1.95526 1.63277 1.1679 0.727744 -0.527928 -0.421043 
1.94553 1.13669 1.02555 1.28418 2.21888 1.9041 0.840052 1.47325 1.7982 1.01724 -0.793148 -0.65448 
2.01426 0.986824 0.820331 1.24139 2.40685 1.3208 0.377683 1.57503 1.37324 0.736252 -0.750716 -0.660591 
1.9483 1.38181 0.404666 1.62924 2.99088 2.13098 1.75344 0.606615 1.65954 -0.110857 -0.631947 -0.372087 
1.87217 1.90141 0.807864 0.639339 2.8762 1.54883 1.20186 1.05931 2.4014 0.473707 -0.482801 -0.4922 
1.81161 1.73968 1.25109 0.570876 2.34564 1.74031 2.12949 1.05835 1.2938 0.399 -0.555746 -0.260108 
1.80923 1.46672 1.37733 0.757073 1.98332 1.14244 2.85611 0.866516 1.18684 0.456762 -0.714188 -0.27874 
1.74836 1.48849 1.3559 1.1792 2.24398 2.43753 1.87645 0.788327 1.40451 0.318853 -0.721142 -0.31035 
1.76561 1.69784 1.42117 0.769425 2.685 3.12047 1.68967 0.58378 1.7661 0.530433 -0.655412 -0.289758 
1.70646 1.59954 1.253 0.954799 3.39532 2.41329 1.77197 1.30302 1.51726 0.12351 -0.579204 -0.222128 
1.62464 1.80269 1.55311 1.16815 2.92083 1.67989 1.82186 1.608 1.8789 0.0945798 -0.550764 -0.186003 
1.59947 1.72165 1.96536 1.50625 2.21905 1.92346 2.37977 1.5784 1.4312 -0.301415 -0.511714 -0.10103 
1.57315 1.52853 2.12933 1.48453 2.73563 2.58658 1.90929 1.58273 1.42775 0.38432 -0.647303 -0.0970675 
1.63755 1.67674 2.33819 1.3895 2.88068 2.13549 2.14798 1.66057 1.79615 0.443119 -0.496488 -0.0281813 
1.59064 2.00812 1.86322 1.43104 3.51602 2.37197 1.77362 1.57657 2.16469 0.289309 -0.212067 -0.0235312 
1.58521 1.81141 1.85903 1.13941 3.69329 2.17441 1.7327 1.60327 2.0526 0.90443 -0.432864 -0.0543214 
1.42897 1.71591 1.5185 0.565568 2.58792 1.93984 1.86638 1.76711 1.1645 0.791703 -0.19995 0.0352088 
1.447 1.68171 1.87941 0.625795 2.64287 1.99074 1.30746 1.96676 0.9657 0.382998 -0.250686 -0.0664174 
1.42653 1.70254 2.23566 1.19937 2.68685 1.02765 2.15437 1.56353 1.35199 0.0278407 -0.495934 0.0258927 
1.56911 1.78156 2.30674 1.05673 2.95609 1.10619 1.93286 1.3272 1.36704 0.619555 -0.394886 0.0365549 
1.54361 1.75974 2.12144 1.2664 2.19889 1.77707 2.48858 1.19573 1.63211 0.68763 -0.0920611 0.14035 
1.44442 1.90409 1.88708 1.06468 1.4599 2.6036 2.5027 0.79996 1.9729 0.347944 0.341392 0.268296 
1.41131 1.57945 1.94736 0.803973 1.78879 2.135 2.87598 1.00773 1.54142 0.883297 0.0147738 0.220344 
1.33759 1.59308 1.96312 1.16284 2.03073 2.11917 2.28422 1.55651 1.84462 0.304547 -0.0846871 0.168844 
1.31201 1.45426 1.90518 1.28466 1.53075 1.97142 1.50241 1.13792 1.68013 0.252104 0.136073 0.169404 
1.24151 1.29842 1.49326 1.20346 1.18222 0.574087 1.92683 1.31651 1.57532 0.575521 -0.0158917 0.0771844 
1.16602 1.31715 1.73145 1.52109 1.5244 0.399487 1.47025 0.769713 1.00028 0.568511 -0.198963 0.0880459 
1.25893 1.63867 1.61976 1.56193 1.71999 1.30672 1.76503 0.220674 1.52425 0.660151 0.116914 0.131306 
1.27094 1.29048 1.5162 0.752807 1.94024 1.57105 2.35618 0.332379 2.01517 0.676915 0.0797531 0.215273 
1.15029 0.934818 1.67594 1.0377 1.81743 1.87569 2.64043 0.842064 1.09329 0.674658 -0.160993 0.162877 
1.14651 1.20151 1.77369 1.31333 1.92011 1.68333 2.61226 0.776268 1.11131 0.35758 -0.0316164 0.179963 
1.19515 1.40954 1.62655 1.11673 1.24565 1.01522 2.07855 1.10845 1.87633 0.239271 -0.0905556 0.0687782 
1.18764 1.37623 1.5408 0.728159 1.80005 1.54538 1.73752 0.901077 2.30831 -0.02672 0.215871 0.176902 
1.16135 1.41973 2.19879 1.29599 2.42503 1.09309 0.830224 0.335653 1.28121 1.16333 0.486734 0.225367 
1.19547 1.34468 2.13772 1.91408 2.29352 0.421317 1.2171 0.366658 0.612967 0.553569 0.611685 0.167572 
1.19804 0.802391 1.75211 0.417546 2.00007 0.71198 1.20164 0.640099 0.911476 0.173879 0.146715 0.113376 
1.21818 0.966231 1.75839 0.864473 1.59513 0.291639 0.907723 0.271451 1.08501 0.67287 -0.158565 0.0335247 
1.12389 1.19914 1.98176 1.22362 2.3631 1.00363 0.408662 0.0800527 0.591515 1.11639 0.233244 0.0401077 
1.06174 1.60031 2.02387 1.09137 2.04088 0.821894 1.35711 0.783603 0.92199 0.420561 0.597545 0.175331 
1.13301 1.49997 2.15251 0.991372 0.870489 1.53375 1.52678 0.765089 0.918314 0.0410169 0.892568 0.149802 
1.03711 1.16453 1.8375 1.3684 1.44908 2.31595 1.57895 0.445197 0.87752 0.881862 0.311134 0.138629 
1.02955 1.58025 1.85427 1.119 1.89148 1.49135 1.20681 1.18001 0.532669 0.867193 0.698444 0.143581 
1.16296 1.41521 1.76885 0.761323 2.0966 0.490291 1.45338 0.588889 0.299137 0.87261 0.614638 0.152255 
1.03852 1.47009 1.74105 1.02721 1.33527 0.536477 1.52195 -0.265221 -0.277606 0.681496 0.145975 -0.000593282 
0.873546 0.996134 2.02685 1.63484 1.23642 0.764029 0.751359 0.874786 1.37179 0.333051 -0.297209 0.0743901 
0.947183 1.07186 2.32738 1.74505 0.918106 1.26995 0.31262 0.28268 0.78014 0.912818 0.488965 0.00195161 
1.16038 1.10765 1.87953 1.6528 1.73063 0.678413 0.892925 0.0955705 0.72381 0.97638 0.802879 0.141994 
1.11392 1.36691 1.67989 1.86565 1.95797 0.19683 1.15748 1.19387 0.469408 0.791743 0.426605 0.192379 
1.08597 1.07107 1.8576 1.46515 1.50742 0.804279 0.386539 1.15438 0.743777 0.796099 0.482865 0.124307 
0.934051 1.33047 1.93145 1.21091 1.13649 0.236348 0.436677 0.550278 0.948958 1.12596 0.471769 0.130417 
0.923505 1.18675 1.71219 0.712415 1.43317 1.0949 1.26361 -0.140336 0.457348 0.951835 0.355031 0.119946 
1.02058 1.15082 1.98064 0.754096 1.1349 0.703993 1.56522 0.147648 0.778241 0.510695 0.346932 0.152109 
0.88033 1.27506 1.9575 0.856719 0.460932 0.287744 2.22832 0.555763 0.340644 -0.116464 -0.0551977 0.0177822 
0.93046 0.93647 1.98142 1.09806 1.36143 0.335654 0.643966 1.38359 0.951844 0.522061 0.409349 0.0742916 
1.04344 1.10382 1.68684 1.16992 1.97046 0.822436 -0.0331924 0.322193 -0.159428 0.387248 0.425761 0.0489601 
1.04534 1.20819 1.86238 1.07163 1.9283 1.12539 1.11019 -0.390778 -0.117783 0.45698 0.373328 0.125716 
0.927462 1.21491 1.75312 0.710032 1.19349 0.960556 0.670983 0.651454 0.724909 0.0832404 0.129487 0.125486 
0.843125 1.29715 1.68808 0.736006 1.1155 0.23238 1.27705 0.46676 1.50258 0.811819 0.724664 0.14293 
0.781597 1.22568 1.73529 1.12193 1.55923 1.35595 1.65769 0.542723 0.935474 0.851753 0.414478 0.115764 
