0.475323 0.49269 0.781908 1.05287 1.15973 0.379819 1.24337 0.895741 0.676744 -0.0868193 0.565201 -0.343516 
0.523462 1.02114 0.78357 1.13853 1.68466 -0.0822136 1.36855 1.90992 1.53977 0.318479 0.558718 -0.157831 
0.450152 1.12353 0.829409 0.862024 1.53014 0.711578 1.42134 1.4242 1.40074 0.435206 0.309279 -0.118891 
0.514587 0.854845 1.02534 0.336399 1.27413 0.389665 0.923214 0.676804 0.439074 0.221338 0.0324319 0.00525993 
0.526179 0.853134 1.26818 1.69744 1.60334 0.35226 1.14181 0.875627 0.268321 -0.230089 0.433133 0.0391807 
0.496432 0.69567 1.19269 1.58836 1.90741 1.109 1.53522 0.530611 1.19172 0.510025 0.597999 -0.113019 
0.536595 0.754494 1.24408 0.663081 2.04579 1.51683 1.03168 0.658123 1.12926 0.881319 0.0712789 0.0591104 
0.556243 0.487907 1.09291 1.16391 1.65073 1.12394 1.1628 1.55212 0.870139 1.35756 -0.180329 -0.0428871 
0.584432 0.929801 0.677985 1.39671 1.07676 0.904177 1.39612 1.21724 0.503907 0.438598 0.209456 -0.0161003 
0.433663 1.07797 0.889282 0.665976 0.312856 0.707645 0.449776 0.574934 0.324482 -0.291598 0.384795 -0.144711 
0.352856 0.870574 1.28121 0.928787 1.66721 1.99847 1.13661 0.875759 0.27262 -0.38158 0.487001 0.0260622 
0.564147 1.32061 2.07686 1.4024 1.76064 1.60306 1.4453 0.594244 0.647379 0.832792 -0.386307 0.24943 
0.64484 1.38741 2.10382 1.80917 2.02808 1.02267 0.931482 1.29577 1.01221 1.05929 0.112636 0.171429 
0.916196 1.54905 2.24576 2.25363 2.39715 1.17661 1.35528 1.54576 1.16272 0.318279 0.363138 0.221992 
1.25479 2.37515 2.8521 2.98771 2.59607 1.57313 1.2119 2.13601 0.823536 -0.70574 0.604523 0.0183023 
1.76549 2.63783 2.59049 2.36377 2.49099 1.06574 0.662094 1.23296 1.767 -0.410475 0.0236537 -0.0917714 
2.02236 2.39612 2.44705 1.47617 2.21823 0.962349 1.80551 0.14751 1.59082 0.795218 -0.24429 -0.0968743 
1.87734 2.25345 2.28433 1.74071 2.16181 1.80848 1.2829 1.13095 1.02996 0.620423 -0.244659 -0.15935 
2.0082 2.18431 1.99441 1.55407 2.05741 1.72259 0.656574 1.13024 1.47871 0.720005 -0.215899 -0.243258 
2.05482 2.07411 1.83469 2.09641 2.00528 1.17754 0.349705 0.809447 2.40512 0.676318 -0.275204 -0.266914 
2.2592 2.10281 1.07468 1.69997 2.6097 0.881196 0.712504 1.20808 1.74404 0.5712 -0.311995 -0.341504 
2.24792 2.00964 1.92831 0.528023 2.00147 1.25402 0.774533 0.614285 1.84523 0.802446 -0.155903 -0.251019 
2.10204 1.70058 2.26275 1.17513 2.87628 1.16556 0.342232 0.972198 2.19093 0.835533 -0.416455 -0.316176 
1.9664 1.90017 2.04177 1.68672 2.66799 0.763492 -0.247987 1.43282 2.05963 0.889628 -0.365241 -0.315185 
1.96715 1.54903 2.10778 2.89705 2.82849 0.686689 0.813312 1.04268 1.7506 1.07391 -0.356293 -0.204835 
1.91755 1.24844 2.30897 2.88217 2.93315 0.972115 1.47366 1.54557 1.44916 0.58431 -0.283522 -0.041145 
1.76904 1.52755 2.64393 1.91944 4.50149 1.09444 0.14439 1.8491 1.7436 0.307474 -0.17691 -0.0324508 
1.51575 1.55254 2.57977 1.98595 3.99229 1.19283 0.0338624 2.09585 2.01117 0.293459 -0.14147 0.0188183 
1.46486 1.38101 2.1286 2.0976 3.8585 1.46552 1.16093 1.75122 2.09948 -0.0169412 -0.166043 0.174635 
1.32146 1.28874 2.05168 2.89729 3.55642 1.12546 0.853913 1.76919 1.62799 0.102218 -0.132042 0.180544 
1.17765 1.41039 2.13854 3.83757 2.7628 1.48559 0.551682 0.8013 1.80173 -0.129536 -0.0408392 0.0690885 
1.00007 1.71517 2.55032 3.37597 2.40721 1.00478 1.45749 1.06041 1.50503 -0.558385 0.408706 0.161202 
0.838125 1.28175 2.72694 3.38286 4.16555 -0.273438 1.69074 1.24513 1.05542 -0.293764 0.59434 0.231641 
1.11381 0.762437 1.62335 3.35311 2.94218 0.187992 1.85414 1.06705 2.16077 -0.483477 0.468265 0.406805 
0.988157 0.935645 1.80631 4.29298 1.62466 -0.74635 2.69418 1.17837 1.27253 -0.0650444 0.856313 0.288143 
0.98101 0.584854 2.0378 3.9984 2.10636 -0.723752 2.76706 1.11589 1.49276 -0.180025 0.551692 0.390576 
1.09823 0.63139 1.90937 4.1395 1.68023 -1.20058 2.66721 1.09735 1.78102 -0.523093 0.538049 0.405732 
0.970102 0.529983 2.39594 4.62331 1.35532 -0.879705 2.78334 0.839198 1.55534 -0.711024 0.620346 0.345329 
0.993836 0.437354 2.31773 4.74615 0.888528 -0.986902 2.82318 1.08842 1.40719 -0.336865 0.752085 0.302631 
0.983041 0.736753 2.4213 2.69452 1.52319 -0.377305 2.96285 1.10433 1.28241 0.331436 0.432496 0.344946 
0.835301 0.731187 2.55236 2.50661 2.02745 0.705857 2.24231 0.893081 1.49341 -0.0437483 0.309983 0.354346 
0.939108 0.608144 2.09318 3.3696 1.99641 -0.687239 1.5009 0.928637 1.65267 -0.727492 0.762058 0.307881 
1.11408 0.329761 1.57693 2.80376 1.84442 -0.731801 2.38005 0.783774 1.52914 -0.601031 0.477713 0.354525 
1.23728 0.281844 1.64818 2.86531 2.67755 -0.027823 2.13529 0.775359 0.861268 -0.511325 0.16757 0.364348 
1.22328 0.625842 1.70512 2.56672 3.30135 0.732124 1.20472 0.743028 0.776658 -0.592567 0.0910077 0.227552 
1.30942 0.825757 1.97396 1.07436 3.30413 1.16281 0.774524 0.684516 1.05386 -0.414884 -0.0368211 0.139074 
1.83072 0.72826 0.503257 1.89503 1.68771 0.358899 1.80943 0.47345 0.905787 -0.144146 0.0815715 0.0378828 
2.08497 0.823976 0.164411 1.13152 1.68539 0.677258 1.88068 0.647151 0.820844 0.365364 -0.0419376 -0.156471 
2.15636 1.06453 -0.301327 -0.411142 1.92717 0.976522 2.05185 0.889593 0.60562 0.423617 -0.0481206 -0.10838 
2.32284 0.739794 -0.736475 -0.589013 2.24029 1.15651 1.51514 1.29353 0.676304 0.403516 -0.0979997 -0.191587 
2.3086 0.937911 -1.40486 0.470948 3.20332 -0.0489625 1.40306 0.834702 1.62705 0.565978 -0.517295 -0.297765 
2.24013 0.852225 -1.05738 -0.104599 3.10713 0.237497 1.19148 1.68495 1.03146 0.630692 -0.544674 -0.30191 
2.17281 1.19201 -0.726231 -0.541108 3.32533 0.412488 0.844045 1.49828 0.894777 0.662967 -0.542426 -0.391152 
2.18522 1.19806 -0.513073 -0.161063 3.57141 0.903699 0.64807 1.28102 0.839504 0.510518 -0.620671 -0.492883 
2.21699 1.34533 0.290878 -0.50828 3.04605 0.434535 0.405662 1.95782 1.39382 0.670017 -0.642821 -0.656958 
2.09683 1.36499 -0.140524 0.359341 2.87463 0.183288 0.988134 1.2818 1.47495 0.722284 -0.667735 -0.512731 
1.96871 1.40208 -0.0797545 0.672649 2.69443 0.563093 0.984882 1.01964 1.74368 0.368851 -0.627708 -0.502264 
2.18182 1.5441 0.335235 0.159942 3.0909 0.304606 0.963619 1.43022 1.56514 0.631047 -0.727319 -0.536628 
2.27077 1.61008 0.0805406 0.723294 3.31012 0.0165694 0.931835 1.47942 1.59502 0.761831 -0.819927 -0.531201 
2.28339 1.66196 -0.34124 1.35497 3.31278 0.362672 1.2444 0.902545 1.44525 0.448228 -0.634844 -0.397272 
2.20569 1.97382 -0.0496058 0.870305 3.44701 0.620457 1.81105 0.609082 0.954734 0.679542 -0.439199 -0.25191 
2.15396 1.50806 0.67908 1.20702 3.18023 1.32395 1.33158 1.39985 0.666968 0.579326 -0.405805 -0.308868 
1.95294 1.38969 0.972742 0.303873 2.72274 2.0139 1.24183 1.73753 0.867446 0.149046 -0.310893 -0.242887 
1.65794 1.09973 0.850866 -0.14867 2.39786 2.08077 1.77292 1.43035 0.938061 0.978905 0.211462 0.0219471 
1.96552 1.36356 0.329915 0.276194 1.4999 1.605 1.95734 0.695715 0.547125 0.991717 0.352186 0.0561864 
2.361 1.62995 0.0121241 -0.0507973 2.53446 1.52042 1.54566 0.230298 0.174333 0.609368 0.124469 -0.076346 
2.50347 1.75969 0.135098 0.378983 2.61112 0.824635 0.759603 -0.607022 0.231782 0.631096 0.266877 -0.028251 
2.46826 2.01875 0.24864 0.888402 2.84614 -0.465177 -0.110013 -0.39431 0.876947 0.500108 -0.140142 -0.145844 
2.23448 1.98545 0.707335 1.19548 2.68422 0.0936899 -0.542782 -0.459373 1.42072 0.303018 -0.143409 -0.314411 
2.12517 2.18798 0.94516 1.3155 3.10503 -0.0102058 -0.635646 -0.872323 0.96873 0.554578 -0.0392028 -0.275641 
2.32018 2.12834 0.934308 0.658017 3.66004 0.0886909 0.208518 -0.138662 0.423487 -0.00481949 -0.406725 -0.184913 
2.08042 2.09409 1.08824 1.40615 2.84017 0.738079 0.253135 0.253667 0.533593 -0.231786 -0.220302 -0.195339 
2.10276 1.99129 1.36759 1.60723 3.85066 0.118682 0.425884 0.430947 0.871287 0.194777 -0.481257 -0.219413 
2.21313 2.08845 1.44107 1.77607 3.57503 0.171404 -0.0353839 -0.141937 1.57842 0.399508 -0.365967 -0.30634 
2.23893 2.26682 1.55773 1.35914 3.77435 -0.0560693 0.0949851 0.232136 1.66254 0.848612 -0.331888 -0.291412 
1.91121 2.20689 1.86085 1.89343 2.90962 0.674945 0.46113 0.627241 1.25808 0.482215 -0.249781 -0.199465 
1.95177 2.26768 1.71479 1.96952 3.43975 0.799679 0.636069 -0.114363 1.32559 0.375299 -0.188504 -0.20657 
1.83127 2.34742 1.86099 1.97084 3.26346 0.977929 1.33096 0.172014 1.14545 0.712276 -0.243283 -0.129257 
1.7323 2.47437 2.20093 2.0821 3.06478 1.09283 1.51933 0.497541 1.06634 0.290784 -0.194233 -0.0832908 
1.92974 2.38798 2.23468 1.69289 3.63085 0.941598 1.50648 0.333628 0.969401 0.448132 -0.232125 -0.0634113 
1.86626 2.23982 2.35608 1.51769 2.70693 1.01182 1.39033 0.969584 0.756725 0.856492 -0.260976 -0.119927 
1.79818 2.07712 2.20164 1.60896 2.4469 1.34546 1.91762 1.25651 1.07432 0.722518 -0.357224 -0.136053 
1.9145 2.29985 1.96389 1.46387 3.29226 0.749844 1.84335 1.03313 1.49391 0.556575 -0.392991 -0.1324 
1.81124 2.45637 1.99868 1.43847 2.25418 1.1599 1.49627 1.6669 1.24007 0.376741 -0.265596 -0.182214 
2.19695 2.75689 1.81123 1.02248 2.21189 0.919824 0.953445 1.77431 0.893864 -0.245924 -0.317117 -0.325224 
2.3084 2.42605 1.89185 1.67108 1.65221 1.1207 0.756301 0.305178 1.29149 -0.610455 -0.335064 -0.224608 
1.99248 2.35011 1.86277 1.33543 2.37218 1.39228 0.268454 0.779942 1.4142 0.243783 -0.0923139 -0.216324 
1.95363 2.32537 2.2042 1.01083 2.22998 0.742059 1.11071 1.16552 1.17107 0.0231384 -0.223247 -0.171329 
1.80015 2.21794 2.03567 1.3027 1.64782 0.790407 1.52235 0.199281 1.30424 0.125241 -0.440057 -0.237502 
1.7967 2.15737 2.13969 1.30139 1.69711 1.46348 0.690387 0.871221 1.35989 0.203929 -0.422842 -0.261892 
1.75027 2.00858 2.47934 1.03497 1.8436 1.3623 1.2133 0.547616 1.10177 -0.194549 -0.43953 -0.177463 
1.66574 2.14103 2.50428 1.16762 2.43862 1.3918 1.16851 0.759525 1.33622 0.306668 -0.505675 -0.16646 
1.62398 2.24804 2.30572 1.34113 2.49323 1.30096 1.51329 0.529008 1.68748 -0.0378143 -0.280759 -0.066242 
1.60937 2.29868 2.63003 1.90903 2.17646 1.01569 1.44196 0.463358 1.37637 0.294073 -0.0466018 0.0622348 
1.5347 2.02432 2.96342 2.23292 2.96577 1.77659 0.58611 0.24194 0.863659 0.395717 0.15693 0.0676288 
1.48011 2.0375 2.7576 1.70565 2.79604 1.89571 1.18556 0.804174 0.734243 0.529787 0.221763 0.127737 
1.60245 1.9716 2.82878 1.93772 2.4014 1.9834 2.00217 1.71632 0.670811 -0.032039 -0.0191847 -0.00464815 
1.5015 1.76807 3.0488 2.12413 2.92381 1.17509 2.17132 1.46605 0.518482 0.363366 -0.168355 0.031476 
1.46046 2.08024 2.57759 1.80192 2.12193 1.09303 1.66647 0.306812 1.04724 0.454262 -0.427411 -0.0478851 
1.4945 2.26107 2.96395 1.4469 2.13023 1.27161 1.91343 0.741758 0.886614 0.59937 -0.405866 -0.0155753 
1.41972 2.17404 2.83657 1.6552 1.77849 1.51782 1.28158 0.624946 1.49033 0.863675 -0.000122586 0.210596 
1.41266 1.99682 2.88814 2.32094 2.78978 1.76709 1.14518 0.838474 1.54415 0.288478 0.282336 0.199784 
1.59946 2.05692 3.2761 2.10531 2.1125 1.60052 1.18606 2.22528 1.3045 0.501224 0.230656 0.149116 
1.38944 2.1945 2.92503 2.15878 2.22796 1.87939 2.44696 1.75184 1.27009 -0.0689316 0.375843 0.149685 
1.35487 2.44219 2.99237 2.12241 2.76019 0.682327 2.48837 1.66881 0.973705 0.32789 0.191641 0.178894 
1.43986 1.97012 2.7043 1.40973 2.65973 0.262666 1.53815 1.84199 1.36741 0.405065 -0.0178427 0.164462 
1.34726 2.21796 2.31665 0.766375 1.83614 0.34847 1.3885 1.07617 0.444502 0.405917 0.206963 0.072213 
1.28782 2.35088 2.27838 1.48749 1.72568 0.345995 1.24194 0.833284 0.866648 0.0934643 0.430086 0.105337 
1.3174 2.04636 2.73857 1.22724 2.47579 1.1381 1.53286 0.491336 1.22771 0.665387 0.242751 0.270468 
1.40087 2.21167 2.67715 1.31417 2.58712 0.616688 1.59733 0.871014 1.58188 0.569258 0.198274 0.269936 
1.44205 1.83599 2.2537 1.59931 3.24281 0.528149 1.74882 1.89991 1.18233 0.0863141 0.36603 0.273988 
1.32416 1.95385 1.89707 0.676738 2.8552 1.72055 1.94353 1.02574 1.32999 0.0960014 0.632451 0.267355 
1.30749 1.70481 1.94579 1.55638 2.06123 1.5302 1.57906 0.92856 1.90234 0.870948 0.00226523 0.172697 
1.35614 1.75151 2.34824 0.936438 2.08851 0.317237 0.730672 0.685379 1.69959 0.974956 -0.248855 0.131122 
1.33738 1.30778 2.40901 0.33532 1.60313 -0.930295 0.156085 0.626962 1.13523 0.868656 0.335121 0.198986 
1.26013 1.53554 2.47107 0.68076 1.3277 -0.681991 0.526476 0.676092 0.922037 1.05135 0.599345 0.278624 
1.23845 1.42796 1.64616 0.904291 1.00201 0.541665 1.74317 0.256875 1.43967 0.85635 0.865321 0.245023 
1.32364 1.48761 2.13119 0.412339 1.45044 0.580368 0.650002 0.957107 1.204 1.13028 0.563406 0.188381 
1.30822 1.59879 2.46045 -0.29144 1.57021 0.65592 1.13576 0.548701 1.1873 0.239277 1.00863 0.367481 
1.18602 1.66621 2.6606 -0.245816 1.13637 1.03254 0.851339 0.264371 1.69844 0.378643 0.885197 0.37504 
1.17161 1.65446 2.18319 0.112816 1.0088 1.22084 1.12995 0.154538 1.39879 0.900132 0.65946 0.286881 
1.1243 1.51442 1.97985 0.682031 1.08748 1.30453 1.07831 0.141516 1.42354 0.579143 0.233675 0.168984 
1.14135 1.35143 2.00142 0.551989 2.06411 0.514708 1.41185 0.865513 1.32372 0.211752 0.501794 0.222299 
1.12521 1.40301 2.15763 0.435382 1.31705 0.226875 0.935364 1.79135 1.47468 0.227784 0.371084 0.142131 
1.22307 1.24507 1.57236 -0.644542 0.767417 -0.451776 0.341026 0.983083 0.808118 0.349018 1.02896 0.219664 
1.25991 1.27883 1.90211 -0.985803 0.709867 0.00621218 0.711857 0.21692 0.374965 0.901918 0.774164 0.201143 
1.07252 1.29801 1.62299 -0.565574 1.46735 0.585824 0.585465 0.374558 1.02731 0.478883 0.401469 0.100568 
1.28833 1.65738 2.03592 0.287992 1.56884 0.680175 0.252258 0.94356 1.20142 0.643393 0.819529 0.215983 
1.23022 1.26845 1.88427 0.587513 1.61503 0.828402 0.735256 0.81437 1.05413 0.781022 0.529589 0.166927 
1.0818 1.35712 2.01256 0.586338 1.58366 1.10797 0.605671 0.779207 1.377 0.253132 0.81431 0.188612 
1.16786 1.33366 2.49287 -0.136269 2.19719 1.35701 0.693508 0.955302 1.40865 0.791096 1.12983 0.317847 
1.06991 1.70154 2.40763 0.0967001 1.64974 0.971148 0.668833 0.798811 1.34545 0.919313 1.26328 0.296919 
1.16423 1.62844 1.78073 0.291545 1.1059 0.885961 0.156385 0.994957 1.46106 0.0852322 1.26466 0.218665 
1.08877 1.39813 1.90839 0.364707 1.66531 -0.192064 0.501727 1.42363 2.0951 0.339988 0.670816 0.212879 
0.997417 1.35371 1.93698 0.345339 1.51042 0.830413 0.902697 1.35657 1.63058 0.586293 0.588823 0.114817 
1.16908 1.34566 1.76782 0.39593 1.24708 1.27286 1.47867 0.460894 1.05156 0.564593 0.940395 0.247762 
1.11954 1.07807 2.0557 0.549352 1.25542 0.557294 1.85596 0.485263 1.53047 0.539823 1.20093 0.318811 
1.09961 1.35656 1.97694 0.212926 1.60487 0.516169 1.73958 1.45959 0.975615 0.644423 1.10491 0.191387 
1.07087 1.40688 1.92919 0.326861 1.34773 0.919747 1.89051 0.931116 0.836711 0.63136 0.957161 0.16156 
0.966335 1.67092 1.59155 0.089634 0.831577 1.25051 1.36469 0.464517 0.861483 1.47101 0.784036 0.171614 
1.01151 1.49463 1.3501 -0.100341 0.91593 0.734067 1.34405 0.305594 0.237187 0.711136 0.354648 0.0747243 
1.06271 1.44209 1.49438 0.913595 0.652803 1.21202 0.527823 1.13284 1.56151 0.324485 0.958544 0.157056 
1.06801 1.70957 1.71919 0.918714 0.765167 1.4231 0.605891 1.17072 1.34322 0.751615 1.01449 0.169635 
0.965644 1.32617 1.65901 0.728999 1.05492 1.15699 1.08128 0.905108 1.06367 0.469899 0.810453 0.0456063 
0.940923 1.5163 1.42718 0.824203 1.71875 0.598772 1.66939 1.70368 1.24344 0.265227 0.327329 0.0925052 
0.979926 1.53357 1.55102 0.714012 1.1932 1.14947 1.5512 1.15768 0.936236 0.933364 0.616458 0.0994082 
0.800183 1.43422 1.69429 0.603712 1.45982 1.5509 0.922442 0.866693 0.577386 0.745744 0.907996 0.0131296 
