0.453999 0.924048 1.47432 1.24873 1.07295 1.70653 1.28632 1.46703 1.43166 0.500184 -0.120887 0.116573 
0.508671 1.26775 1.56721 0.849325 1.03658 1.28897 1.22227 1.02483 0.794243 1.19622 -0.109249 0.10522 
0.524759 1.05036 1.77881 1.01752 1.16357 0.812187 0.91938 0.692739 0.20595 0.0757098 0.202509 -0.0509654 
0.585116 1.05923 1.33012 1.43888 1.07546 0.594696 0.86557 0.78532 0.225693 -0.210985 0.484798 -0.00704135 
0.45937 0.934952 1.18053 0.577732 1.25849 0.263181 0.81599 -0.0233919 0.355317 -0.175304 0.568462 0.068122 
0.594527 1.02133 1.35415 1.2241 0.399166 1.3869 0.876673 0.527115 1.1218 0.22883 0.762641 -0.00438258 
0.668739 1.18631 1.31783 1.91306 0.603181 0.525817 1.05597 1.36081 1.06055 0.520313 0.376333 0.0427925 
0.602957 1.2154 1.67824 1.35084 0.499788 0.485201 0.755366 1.284 0.448156 0.199266 -0.00353606 -0.0314625 
0.40784 1.148 1.48123 0.659898 0.759582 0.98968 0.560333 0.245193 0.177792 0.474103 -0.109406 0.0235649 
0.443781 0.794626 0.82698 0.850161 0.768983 0.87433 0.347445 0.487602 -0.611174 -0.0258484 0.586388 0.0833463 
0.5163 0.832261 1.02966 1.14127 0.780248 0.481945 -0.228788 1.22865 -0.564432 0.0775135 0.286183 -0.0174694 
0.605069 1.33353 0.806648 1.30946 1.24456 0.74139 0.765706 1.47957 1.03105 0.827541 0.263105 -0.0931137 
0.536584 1.38617 1.00078 1.69639 1.04427 0.778478 0.851304 1.1471 0.0486 0.620789 0.49188 -0.0975014 
0.541165 1.18727 1.30995 1.51201 0.402616 0.342861 1.22499 1.16167 0.28966 0.432428 0.518059 -0.152584 
0.681035 1.20881 1.57306 1.26343 -0.443145 0.868056 0.751442 1.63727 0.83229 -0.162226 0.463342 0.0722274 
0.702475 1.30586 1.75174 0.956456 0.714221 0.98148 0.725468 1.54806 1.15681 0.357536 0.391222 0.0712208 
0.723491 1.60726 1.81268 2.27162 1.52182 1.50216 1.21104 0.966395 1.17776 0.799268 0.332412 0.177926 
1.02925 2.17549 2.15345 2.39183 1.49111 1.84289 1.16426 1.2222 1.75394 0.256411 0.433915 0.210435 
1.28163 2.45754 2.84295 2.49053 2.56174 2.07555 1.50837 0.887423 1.06336 0.418006 0.130826 0.120826 
1.71869 2.83834 3.10315 2.34851 3.06522 2.12712 2.10647 0.317871 0.0135946 0.244851 0.0172817 -0.00111757 
2.06644 2.91169 2.53431 2.42252 3.17363 2.48554 2.42674 0.0162797 -0.327932 -0.0391049 0.0302944 0.0416921 
2.01984 3.03801 2.55645 1.96621 2.99789 1.79151 2.20991 0.314764 0.420139 -0.0338588 -0.0146236 0.0111729 
2.17294 2.92754 1.9928 1.80017 3.05951 2.6277 1.84312 -0.0177361 0.09848 -0.45696 0.0312555 0.000822103 
1.83558 2.56506 2.17001 1.85283 2.34763 2.32577 1.38869 0.396825 0.207292 -0.217537 -0.0113598 -0.0522167 
2.2487 2.10532 1.46834 0.449785 2.87748 2.51346 2.30646 -0.628812 0.322107 -0.0207417 -0.0495942 0.13037 
2.40953 2.04008 0.593296 0.359673 2.13667 1.91498 1.85531 -0.566185 -0.543866 0.0393546 0.225094 0.182672 
2.64639 1.38442 -0.634718 0.400291 2.20727 0.198862 -0.141101 -0.152203 -0.0509568 0.657772 0.518117 0.235188 
2.94577 0.853015 -0.873895 0.597461 2.60258 -0.752122 -0.958426 -0.149156 0.270411 0.82828 0.469611 0.224967 
2.95137 1.10882 -1.74027 0.573642 2.46542 -1.07258 -0.528283 -1.36527 0.829927 0.646046 0.26909 0.0172511 
2.69334 0.906322 -1.64401 0.60835 1.76241 -1.43245 -0.598011 -1.90464 0.904875 0.380927 0.242852 -0.135683 
2.85742 0.235805 -1.41293 0.40001 1.03619 -1.1538 -0.184856 -2.41048 0.470801 0.609631 0.239833 -0.191162 
2.95287 0.159581 -1.30099 0.403216 0.83927 -0.988689 -0.0905426 -2.50927 0.36569 0.750433 0.18293 -0.270201 
2.89588 -0.0222703 -0.671395 0.660039 0.000125696 -0.489812 0.16008 -2.7004 0.439211 1.26978 0.0946458 -0.430893 
2.9302 -0.0601689 -0.554332 0.449669 0.532867 -0.977699 0.565283 -2.95526 0.205512 1.33574 0.0565127 -0.368278 
2.81965 0.311747 -0.766087 0.52545 1.33818 -1.34441 -0.317993 -2.32024 0.77618 0.93921 0.0419026 -0.230367 
2.71787 0.346362 -0.929935 0.543386 1.40468 -1.4129 -0.137098 -2.54089 1.05677 0.837676 0.0351569 -0.226127 
2.86914 0.53727 -1.48736 0.57263 1.96505 -1.76314 -0.787802 -2.08619 0.995122 0.667952 -0.0115524 -0.24694 
2.65937 0.168104 -1.01951 0.564875 0.660378 -0.942031 -0.376598 -2.5932 1.09481 0.872216 0.0175094 -0.379256 
2.95393 -0.013338 -1.30933 0.407447 1.12859 -1.74211 -0.119798 -1.90136 0.82141 0.905536 -0.0540416 -0.357137 
2.93718 0.584411 -1.83057 0.384965 1.85953 -1.68181 -0.710292 -1.32239 1.46339 0.828127 -0.0831201 -0.377834 
3.01221 0.707404 -2.3015 0.412388 2.29127 -1.98079 -0.296198 -1.38555 1.74682 0.724804 -0.0483203 -0.315655 
2.83813 0.691368 -2.11535 0.270532 2.06468 -1.48882 -0.525297 -0.957364 1.59072 0.839146 -0.0732387 -0.391066 
3.13001 0.0988893 -1.67775 -0.303405 2.34845 -1.56424 -0.535055 -0.459597 1.0786 1.00049 -0.391111 -0.42747 
3.08545 0.225725 -1.81605 -0.14146 2.48437 -0.89418 -0.711136 -0.269077 1.08754 0.874698 -0.380001 -0.52677 
3.08984 0.256801 -1.85252 -0.123398 2.77893 -1.06399 0.152046 -0.243516 1.08383 0.76978 -0.536637 -0.493518 
3.02656 0.0541561 -1.90736 0.0795759 2.48609 -0.776849 0.910348 -0.105843 1.21845 0.56782 -0.596649 -0.562862 
2.8828 0.0340738 -1.92343 0.303655 2.1515 -0.0827747 0.884212 -0.0298083 1.26499 0.496376 -0.524845 -0.684903 
2.89774 -0.50107 -1.83155 -0.0046384 3.01967 0.636974 0.432173 0.358434 0.900272 0.481474 -0.527463 -0.501822 
2.82987 -0.579826 -1.28344 0.0059371 2.33086 1.826 0.0674809 0.392919 1.06556 0.421634 -0.371825 -0.444146 
2.80747 -0.347095 -2.08036 1.23667 2.55293 1.2665 0.44866 0.128807 0.968256 0.468704 -0.156512 -0.307198 
2.8997 -0.209286 -2.67544 1.45121 3.49515 1.17553 0.311646 -0.000387874 1.11214 0.400753 -0.200417 -0.283853 
2.66274 0.261893 -2.86053 1.53711 4.4254 1.27084 0.264336 -0.152116 1.07628 0.472646 -0.327908 -0.304497 
2.71765 0.0371135 -2.449 1.81617 4.37626 1.42984 0.231911 -0.224703 0.862601 0.428474 -0.153802 -0.209013 
2.68973 -0.0577288 -2.39385 1.78374 4.54769 1.31829 -0.053774 0.0588787 0.94431 0.624848 -0.150453 -0.194353 
2.66133 0.0865543 -2.05804 1.50573 4.7725 1.30142 -0.528813 0.529026 0.888985 0.96774 -0.200668 -0.270523 
2.7133 0.0280419 -2.10654 1.70111 4.17763 1.76986 -0.302855 0.450481 0.893846 0.756535 -0.132129 -0.232032 
2.66307 0.163488 -2.29035 1.68224 4.18009 1.25798 0.0307148 -0.022177 1.15056 0.744504 -0.0574307 -0.199343 
2.8146 0.0254386 -2.23115 1.44881 4.376 1.27786 -0.297582 -0.126897 1.251 1.05103 -0.00642715 -0.267369 
2.73076 0.387028 -1.73273 1.94334 3.8469 1.47047 -0.648092 -0.662325 0.789582 0.961283 0.309399 -0.104645 
2.58717 0.268864 -1.46162 1.95528 3.93288 0.764823 -0.811202 -0.432238 1.30463 1.18943 0.208103 -0.193411 
2.60536 0.249254 -1.258 1.19165 4.127 0.951279 0.25545 -0.600571 1.11148 1.06303 0.131128 -0.149047 
2.49083 0.575434 -1.51017 1.02674 3.71239 1.57619 -0.206345 -0.126474 1.08501 1.23216 0.320276 -0.186841 
2.58847 0.591507 -2.06716 1.48436 4.33805 0.301015 0.275684 -0.189271 1.76261 1.29809 0.20458 -0.090144 
2.48899 0.638097 -1.64077 1.67258 3.40098 0.189777 1.37498 0.28895 2.08848 0.328744 -0.172786 -0.139554 
2.39365 0.920588 -0.93219 1.70472 3.13546 0.380943 0.555146 -0.160054 1.63676 0.792767 0.154848 -0.147608 
2.40098 0.538043 -0.345936 1.49672 3.04619 0.811936 0.732986 -0.216174 1.37632 0.776257 -0.00723327 -0.182203 
2.33004 0.525965 -0.121642 1.56771 4.0177 0.526805 0.731935 0.127005 1.24969 0.758219 -0.455789 -0.33262 
2.2811 0.933005 -0.488256 2.02661 4.51642 1.41612 0.45829 0.242439 1.10153 0.544566 -0.431106 -0.33351 
2.3776 0.729222 -0.691051 1.69362 4.67845 1.21304 0.706516 -0.00894827 0.891787 0.787974 -0.129476 -0.165079 
2.42581 0.678719 -0.287817 1.54037 4.76072 1.40482 0.704678 0.233477 0.692075 0.268029 -0.347774 -0.0432455 
2.29811 0.765208 -0.0534327 0.93971 4.58697 1.31381 0.390306 0.488511 0.644418 0.387948 -0.336758 -0.136097 
2.46643 0.556572 0.202655 0.498954 4.67439 1.22163 0.458118 -0.0161935 0.514189 1.08421 -0.158061 -0.231654 
2.36194 0.480898 0.129502 0.561236 4.14766 2.02026 0.128156 0.36984 1.08605 0.812506 0.0563692 -0.164505 
2.30286 0.799663 0.192046 0.145858 4.05672 2.69772 0.475459 0.427867 0.901743 0.574543 0.233911 -0.0612811 
2.02257 1.17165 0.20218 0.924026 3.72995 1.81801 1.19117 0.637843 1.15195 0.707042 0.0970062 -0.0259912 
2.04278 1.24185 0.264518 1.33855 4.59312 2.29639 0.479489 0.107163 1.38888 0.632742 0.142777 -0.12296 
1.94476 1.10525 0.314835 1.56645 4.26553 1.94886 0.491741 0.170395 1.71594 0.777966 0.074659 -0.134741 
2.1436 1.12363 0.494678 2.16329 3.90458 2.69577 0.41899 0.123991 1.20883 0.634974 0.0447241 -0.158518 
2.17403 1.06786 1.07266 1.89888 4.07312 1.96216 -0.0552221 1.58296 1.47237 0.838875 -0.214598 -0.330645 
1.88443 1.42074 0.939837 1.34377 3.57476 2.4102 0.433443 1.33672 1.90709 1.00022 -0.148745 -0.300297 
2.01144 1.46943 0.548431 1.39475 3.69663 1.90542 0.704297 0.891611 1.66589 1.06394 -0.0414086 -0.249926 
2.02475 1.19024 0.524568 1.16494 4.02979 1.56052 1.35769 0.96073 1.51374 1.34334 -0.119623 -0.216895 
1.73839 1.30838 0.847398 0.629202 3.67695 2.25583 0.988474 0.548664 1.45729 0.847239 0.0172748 -0.1344 
1.68219 1.54357 0.902104 1.17436 3.34981 1.35129 0.837998 0.270845 1.66386 1.08548 -0.0423833 -0.152646 
1.74579 1.48296 1.29328 1.69885 3.15932 2.58863 1.64731 0.0679437 1.4552 1.23181 -0.0729766 -0.0987668 
1.75675 1.5004 1.50206 1.30661 3.40218 1.89798 1.77058 0.60164 1.30894 1.07042 0.179276 0.121574 
1.7494 1.64281 1.38848 1.29109 3.227 1.61171 1.56222 1.25531 1.32197 1.03573 0.114241 0.0667591 
1.66415 1.54157 1.25076 1.71429 3.51301 1.6441 1.01852 0.527574 1.59152 1.13002 0.134048 -0.000857379 
1.70202 1.31394 0.812469 2.06253 3.49006 1.86011 1.31066 0.318665 1.34246 0.564862 0.311721 0.0906065 
1.72423 1.4991 1.31361 2.16881 3.26847 3.01078 1.98784 0.59668 1.31469 0.896038 0.0298295 0.0305091 
1.72196 1.67555 1.44701 2.20612 3.68614 3.18274 1.33798 0.293396 1.3766 0.876713 0.0387942 -0.0495463 
1.73446 1.56686 2.00592 1.87519 3.82214 2.71892 2.67787 -0.104328 0.93006 0.140632 0.171435 0.289631 
1.6392 1.61938 1.79295 2.26785 3.13078 2.70334 2.37087 0.651334 0.960387 0.350585 0.252461 0.207963 
1.60389 1.41127 1.37547 1.78224 3.43226 2.30516 1.10783 1.42062 0.609733 0.761137 0.200736 0.0922718 
1.49413 1.35569 1.46862 1.66616 3.76011 1.53539 0.728768 0.39788 1.28461 0.868001 -0.0708131 -0.0560124 
1.42049 1.5418 1.55756 1.74877 3.54467 2.03922 1.60726 0.596965 0.964997 0.256412 -0.185721 0.0404969 
1.54439 1.51993 2.13074 1.85446 3.44707 2.75346 1.33911 0.839342 0.0365347 0.573272 0.173646 0.0521029 
1.54805 1.71263 2.46154 2.40347 3.14859 2.33917 1.73303 0.887232 0.253105 0.625597 0.145206 0.0579921 
1.57372 1.60284 2.54049 2.22198 3.85942 2.17254 1.03441 0.874126 1.01161 1.35882 -0.0240026 -0.0118256 
1.40969 1.8344 2.42392 1.98535 3.43699 1.72053 1.68256 1.06929 1.68812 0.676824 -0.158701 0.153428 
1.37784 1.9128 2.3207 2.36097 2.30234 1.70578 2.25274 1.62349 1.42651 0.44269 -0.190903 0.120262 
1.35201 1.77313 2.29893 2.40561 2.75394 1.34177 1.92361 0.86847 1.23249 0.578305 -0.330982 0.0691509 
1.40835 1.66089 2.41005 2.31173 2.84541 2.20225 1.04869 0.861966 1.42876 0.443698 -0.140512 0.0631876 
1.41104 1.70079 2.12671 2.01009 3.08395 2.15752 1.04972 0.569903 1.3857 0.565121 0.44371 0.203039 
1.38807 1.83103 2.56266 2.22788 3.10725 1.87588 1.83857 0.20981 1.32714 0.779082 0.313892 0.244465 
1.33836 2.21312 1.97123 2.40873 2.85309 1.73773 1.93212 0.620377 1.1741 0.565231 0.440065 0.212705 
1.33403 2.038 2.41919 2.42794 3.26495 1.68208 1.9647 0.399725 0.870689 0.5774 0.388597 0.195483 
1.32115 1.954 2.38447 1.63407 3.39846 1.52626 1.99527 0.31172 0.563081 0.645265 0.310228 0.235359 
1.28999 1.65369 2.75939 1.52843 2.60466 1.48579 1.05258 1.05515 0.676675 0.730778 0.0822505 0.102532 
1.21327 1.87066 2.33022 1.97456 2.31294 0.556824 0.76011 0.728258 1.24114 0.658548 -0.332196 0.0985055 
1.0615 1.52653 1.65102 1.38907 2.20294 1.07154 1.36624 0.257645 1.07124 -0.0372436 0.214887 0.0801466 
1.04189 1.4154 1.43681 0.173446 1.94537 1.02202 1.70153 0.863316 1.03178 0.660449 0.855071 0.144955 
1.16564 1.30629 1.74155 1.30266 1.88597 1.425 0.95649 0.878822 0.704169 0.315967 0.761048 0.124108 
1.18911 1.27886 1.90679 0.90739 1.61427 0.949079 1.49955 0.953002 0.162937 0.266065 0.255474 0.0577339 
1.08994 1.36074 1.71232 0.774979 1.49945 0.522881 1.19684 0.734184 0.398391 0.294304 0.495503 0.0627267 
1.02893 1.84787 1.54353 0.794103 2.16316 0.507655 1.5298 0.804019 0.755399 0.476208 0.56062 0.113618 
1.07619 1.86236 2.11599 1.17122 2.52556 0.843223 2.25086 1.66668 1.05028 0.11149 0.104059 0.160423 
1.17221 1.50625 2.73894 1.83001 2.55232 1.25796 1.6788 1.2377 0.825444 0.0730312 -0.130993 0.140701 
1.05163 1.43237 2.61814 1.83969 2.72079 1.56989 1.807 0.794647 0.884016 0.697938 0.121643 0.219019 
1.12733 1.6244 2.80508 1.8652 2.31572 1.14521 1.59397 0.725427 1.4686 0.474481 0.480489 0.292923 
1.00295 1.86823 2.62293 1.39119 2.54366 1.46359 0.960746 0.919229 2.04232 0.580061 0.224891 0.330627 
0.957589 1.62713 2.11604 0.881549 2.89151 1.18533 1.3006 1.20758 2.06036 0.42754 0.101906 0.258794 
1.10394 1.70111 2.24751 1.01101 2.33823 1.70249 1.81807 0.75255 1.16881 0.73329 0.5651 0.277716 
1.08768 1.62938 2.07789 1.15856 1.78932 1.30171 2.41733 0.593293 1.07603 1.07932 0.729117 0.279787 
1.00223 1.84222 2.25524 0.909787 1.69008 0.71173 1.70835 0.769863 1.00437 0.71657 0.915118 0.219026 
1.00895 1.76125 2.26577 1.23158 1.86531 0.286594 1.28736 0.843671 1.36381 1.08067 1.07705 0.306205 
1.12342 1.46185 2.60069 1.76749 1.96555 1.24462 0.987584 1.30576 1.02364 0.41499 1.10934 0.257726 
1.15397 1.43607 2.86447 1.96193 1.51836 0.437232 1.51826 1.18351 1.27246 0.623948 0.688223 0.325986 
1.16336 1.61511 2.91477 1.43288 2.29752 0.704157 2.30369 1.20881 1.28512 0.73165 -0.0399499 0.303918 
1.04126 1.47842 1.63319 1.21812 2.62146 0.415224 1.36513 0.965899 1.38284 0.834345 0.682552 0.219312 
1.04453 1.41627 1.57889 1.8346 1.75627 1.02081 2.4762 0.452239 1.35591 0.43633 0.584783 0.171125 
1.04963 1.5761 2.33213 1.44576 1.54151 0.546 1.88715 0.547098 1.55274 0.639817 0.506473 0.252882 
1.10518 1.54046 2.63837 0.680711 1.01861 -0.259841 1.84785 1.4003 1.53571 0.544128 0.517225 0.263676 
1.05578 1.59669 1.80828 0.823484 1.0201 0.296842 1.77512 1.13023 1.75244 -0.0863536 -0.0228762 0.0997428 
1.12482 1.34868 1.82652 1.21322 1.09211 1.7817 2.07885 1.45382 1.13534 0.445778 0.209619 0.135036 
1.03567 1.35608 1.75281 1.17039 1.42991 1.52112 2.09463 0.822351 0.882615 0.423582 -0.223071 0.12938 
1.07581 1.20568 1.85738 2.00759 1.75296 1.11912 1.63933 1.15048 0.387149 0.185279 0.114227 0.113877 
1.10838 1.42373 1.50214 1.3534 1.99044 0.377397 1.43387 1.47028 1.26201 0.00211005 0.723687 0.176111 
1.08846 1.50259 1.76045 0.956336 1.7059 0.284309 1.78921 1.85791 1.65957 -0.0864578 0.64701 0.167224 
0.847325 1.34767 1.72613 1.94778 1.5042 1.37043 1.55209 1.93966 1.68412 -0.011031 0.670687 0.216351 
0.791536 1.42906 2.05666 1.45092 0.974211 1.7668 1.37684 1.64999 0.906216 0.440245 0.635124 0.125315 
0.873264 1.6587 1.73715 1.35188 0.447934 1.43082 1.18415 0.94156 0.835114 0.776778 0.815049 0.0882819 
0.935716 1.46659 1.78248 1.47008 1.07364 0.587659 1.76954 1.43145 1.33075 0.781305 0.626056 0.16159 
0.987982 1.50986 1.29641 0.539975 1.09265 0.511553 1.6414 1.11398 1.18137 0.707993 0.382408 0.0657511 
0.911466 1.05049 1.99411 0.296084 1.28836 0.703977 0.887792 0.932476 0.812773 0.151859 0.392337 0.0106533 
0.913715 1.31518 1.85309 1.25583 1.52885 1.49424 1.00105 0.482075 0.508402 0.213334 0.288314 0.0977031 
0.94026 1.51065 1.51126 1.26561 0.8949 0.578607 0.982048 1.13162 0.617124 0.560829 0.422715 0.0804495 
0.908189 1.63276 1.36526 1.40399 1.07954 0.818022 1.47571 1.03048 0.220921 0.809799 0.776509 0.0564276 
0.94447 1.43304 1.93444 1.73838 1.4919 1.15692 2.19568 0.488122 1.03231 -0.216724 0.71752 0.090823 
0.851931 1.29776 1.95453 1.94507 0.987666 1.30231 1.73624 0.753491 1.39254 -0.319254 0.449625 0.11342 
