0.449542 1.16329 -0.414936 -0.219894 -0.340325 -0.394425 0.204176 1.32172 0.438 0.838155 0.447525 0.0551207 
0.566289 1.00847 -0.394679 -0.711981 0.522346 -0.328523 -0.0981415 0.978823 1.05963 0.576124 0.115582 0.0887797 
0.57123 1.02715 -0.261046 -0.452958 -0.253628 -0.256055 0.707236 0.782461 0.790669 0.802818 0.214923 -0.11729 
0.564798 0.802231 -0.825335 -0.453305 -0.730746 -0.528511 0.875926 0.914789 0.59045 0.84051 0.161197 -0.0593807 
0.585664 1.1328 -0.768183 -1.12105 -1.74018 -0.716807 0.688336 0.859989 -0.17905 0.675945 0.602041 -0.0771608 
0.768852 1.21081 -0.193918 -1.66645 -1.4198 -0.926487 0.621475 0.703099 -0.545694 0.335981 0.335299 -0.286627 
0.873001 1.10278 0.43033 -1.76869 0.00158395 -1.06572 -0.135078 0.235039 0.195322 0.672727 0.102095 0.102606 
0.920639 1.12025 0.987624 -1.10261 -0.366049 -0.879843 0.460501 -0.0560605 0.0759654 0.433956 0.390015 0.028259 
0.918303 1.07809 0.577255 0.570229 -0.130125 -0.5439 0.136836 0.269536 -0.0735241 -0.0767923 0.332254 -0.185459 
1.14722 0.876795 0.0369232 0.639447 -0.416989 0.0546421 1.46791 0.633923 -0.26184 -0.610221 -0.545274 -0.325069 
1.17052 1.10175 0.736579 0.783076 0.0948742 0.471161 1.66882 0.852128 0.205335 -0.589632 -0.359227 -0.168926 
1.31145 1.14288 1.34471 0.376516 0.429438 -0.0682327 0.836326 0.730463 0.710592 -0.56328 -0.179396 -0.16014 
1.29675 1.74387 1.77986 1.47217 1.27233 0.946386 0.86766 0.745652 0.308469 -0.133849 -0.20727 -0.125803 
1.43374 2.01506 2.2437 2.14094 2.23356 1.01203 0.651399 0.367193 0.0389064 -0.0756375 -0.349391 -0.199324 
1.59999 1.95628 2.02692 2.63379 3.99105 0.491469 -0.359626 0.67106 0.132176 0.374995 -0.597121 -0.349662 
1.71897 2.20949 2.16618 2.79437 4.07927 0.202454 -0.283423 0.615296 -0.101184 0.386026 -0.60829 -0.316487 
1.73249 2.57376 1.97819 2.35892 4.0379 0.518809 -0.154813 0.441461 0.169536 0.427432 -0.502055 -0.31475 
1.7352 2.42549 2.08893 2.64886 3.89069 0.592715 -0.598227 0.113358 0.148257 0.0817702 -0.462114 -0.387479 
1.87952 2.36663 2.06389 2.2858 4.48459 0.482602 -0.485247 -0.202188 0.0348821 -0.0533576 -0.427635 -0.401278 
1.92079 2.79858 1.51005 1.96422 5.57888 -0.125558 -0.566736 -0.124627 -0.306472 0.144928 -0.733193 -0.500854 
1.79399 2.76602 2.14525 1.80648 5.26571 -0.447563 -0.480472 0.158007 -0.590623 0.0169077 -0.714007 -0.447927 
1.85249 2.85822 2.31185 1.6453 4.9848 0.0584299 0.15242 -0.124092 -0.948538 -0.481131 -0.549948 -0.370097 
1.91201 2.81164 2.48971 2.17874 4.11809 0.460326 -0.224168 -0.418408 -0.390209 -0.609557 -0.444719 -0.399097 
1.75526 2.62201 2.67775 2.5572 4.04863 -0.225308 -0.237804 -0.58399 -0.336611 -0.358205 -0.62996 -0.354667 
1.88277 2.72951 2.67307 2.3567 3.95968 -0.228579 0.0794297 -0.325159 -1.0032 -0.699583 -0.618332 -0.319932 
1.86649 2.90749 3.12549 2.69316 4.01649 0.068875 -1.08618 -0.436998 -0.905245 -0.512602 -0.83096 -0.572443 
1.88977 2.6997 2.96691 2.78432 4.25198 -0.0810132 -0.988987 -0.662843 -0.621387 -0.748428 -0.819465 -0.567655 
1.89247 2.50057 2.98956 2.90046 4.2346 -0.328939 -0.711873 -0.752859 -0.437452 -0.620441 -0.856289 -0.483634 
1.68912 2.42094 2.79292 2.99893 3.97037 0.301815 -0.757486 -0.212876 0.252862 -0.051108 -0.609382 -0.415502 
1.66918 2.52924 2.93915 3.1641 4.89364 0.19806 -0.309098 0.225054 0.947405 0.484282 -0.719044 -0.334714 
1.75923 2.64769 2.7797 3.07563 4.15087 0.574737 -0.210749 -0.0719795 -0.238792 0.238636 -0.539577 -0.356397 
1.73951 2.8044 2.9376 3.36857 4.64448 0.256732 -0.596335 -0.511842 -0.191221 0.161184 -0.834024 -0.503116 
1.88533 2.77346 3.02895 2.88374 5.75657 0.084339 -0.416494 -0.759714 0.436157 0.160836 -0.832004 -0.510845 
1.69164 2.34813 3.08083 3.39323 5.0819 0.623096 -0.203617 0.195592 0.332361 0.605549 -0.555722 -0.39853 
1.69352 2.40368 2.94432 3.47591 4.78114 1.00623 -0.66613 0.165283 0.523576 0.686671 -0.521493 -0.446541 
1.97326 2.40332 3.21613 3.33019 5.23775 0.68556 -1.24914 -0.28709 0.276036 -0.120421 -0.750917 -0.666115 
1.90188 2.35703 3.03817 3.58864 4.94827 0.412161 -1.1085 -0.992035 0.409087 -0.461635 -0.858785 -0.678133 
1.76632 2.49327 3.09915 3.68611 4.24613 0.758919 -1.35995 -0.872118 0.280655 -0.330711 -0.837522 -0.684756 
1.75699 2.44088 2.90251 3.88633 4.30166 0.788833 -1.02568 -0.764241 0.8859 -0.283944 -0.728235 -0.614589 
1.80659 2.46136 2.38166 3.54779 5.23401 -0.0611585 -0.103839 -0.205607 0.527822 0.498304 -0.746796 -0.37008 
1.65752 2.24703 2.86 3.06705 4.22456 0.410792 -0.76916 -0.205584 0.111918 0.746302 -0.650608 -0.413892 
1.61368 2.10152 3.01958 2.82083 4.86457 0.788359 -0.930869 0.0402047 0.268661 0.723077 -0.500564 -0.507337 
1.68022 2.22742 3.36522 3.50558 4.90885 0.758351 -0.902317 -0.584827 0.255495 0.183923 -0.723963 -0.647191 
1.67263 2.21156 2.64836 3.37387 4.80913 0.824717 -0.585898 -0.208727 0.861334 0.481788 -0.491994 -0.464856 
1.74969 2.47156 2.99069 2.96549 5.69708 0.554998 -0.847177 -0.669001 1.03926 0.192234 -0.618134 -0.582372 
1.68218 2.39369 2.78426 3.58011 4.44795 0.910136 -0.603239 -0.670249 0.471498 0.44686 -0.570049 -0.509469 
1.69403 2.19335 2.56081 2.96943 4.8846 0.815206 0.326866 -0.251828 0.883667 1.08359 -0.456395 -0.283095 
1.69205 2.25024 2.81597 3.15405 5.25893 0.467784 0.186742 -0.656597 1.15844 0.665312 -0.570092 -0.318689 
1.75516 2.21133 2.92224 3.28384 4.84212 0.671 0.428535 -0.0746756 0.942299 0.475945 -0.409499 -0.227242 
1.69799 2.38413 3.18073 3.29935 3.54776 0.878514 0.784303 0.242316 0.384194 0.171389 -0.198478 -0.120531 
1.59637 2.3491 2.9639 2.88798 3.01519 1.1535 1.15809 0.526616 0.0643133 0.0418357 0.204905 0.00907036 
1.69 2.1803 2.75064 3.2043 3.48607 1.45074 0.933578 -0.0557207 0.976089 -0.215188 0.221226 0.0043065 
1.71278 2.2678 2.46051 2.66045 3.31971 1.61689 0.442621 0.0270706 0.999035 0.0731229 0.071545 -0.0639737 
1.73479 2.22696 2.69655 2.16953 3.10935 1.61225 1.44225 0.554828 0.546746 -0.136812 0.0702664 0.0133369 
1.67083 2.40132 3.27512 2.45264 2.80597 1.02763 0.779554 -0.485607 0.25466 -0.413499 -0.0688292 -0.0806553 
1.61899 2.24878 2.76629 2.35325 2.36007 -0.0411806 0.454263 -0.525566 -0.662088 0.0363412 -0.264287 -0.143281 
1.63212 1.91368 3.33377 2.38451 2.71819 0.313925 -0.101551 -0.346971 -0.450332 -0.307434 -0.330869 -0.259204 
1.52306 2.17527 3.51503 2.32862 3.07502 0.0625656 0.37641 -0.128919 -0.123384 -1.1405 -0.137565 -0.190101 
1.45374 2.4187 3.12244 2.18901 2.59518 0.888645 1.13272 -0.287355 0.561297 -0.597379 0.00144223 -0.0947197 
1.52907 1.99602 2.92365 1.88339 2.62775 1.73127 1.38032 1.18362 1.0627 -0.148891 0.0631453 0.0564408 
1.76135 2.09479 2.79932 1.38145 1.99927 0.383625 0.73304 2.16944 1.996 0.809723 -0.091052 0.00294987 
2.09353 2.47831 2.55833 1.04381 0.516028 -0.621385 0.65481 1.88842 2.28566 0.133938 0.228837 -0.00168454 
2.01493 2.37132 2.44553 1.1702 0.877525 0.449076 0.512741 1.78824 2.40048 0.503659 0.120652 -0.0517161 
1.75347 2.13267 2.79778 0.846104 2.08579 0.840278 0.869399 1.70348 1.4789 0.905567 -0.174064 -0.0950519 
1.62433 2.16689 2.7636 0.820258 1.4167 0.104595 0.466841 1.11915 1.21193 0.824105 -0.26764 -0.0775968 
1.50385 1.6996 2.84684 0.549983 1.47521 -0.106872 0.765097 1.29686 0.736691 0.780405 -0.196905 -0.0647638 
1.47953 1.84801 2.78313 0.956788 1.85088 1.28259 1.62838 1.07702 0.613321 0.556257 -0.0194787 0.0517773 
1.68083 2.06498 2.47141 1.19169 1.98888 1.16603 2.25871 0.449604 0.535694 0.584305 0.0286727 0.118519 
1.60856 2.32301 2.37024 1.87742 2.10517 1.00792 1.61992 0.535091 0.85497 0.07128 0.18868 0.087534 
1.62318 2.3059 2.50664 1.51272 1.9321 1.22722 1.56437 0.921158 1.43238 0.818773 0.0186244 0.109637 
1.58221 2.30081 2.88999 1.3402 1.90521 1.04124 1.40541 1.95475 1.4067 0.483378 0.0834816 0.0473251 
1.47092 2.14102 2.93823 1.80616 1.80331 0.369139 1.09962 1.75372 0.966158 0.41718 -0.0933579 0.0464406 
1.51634 1.8437 2.94795 1.60605 3.09784 1.03518 1.76554 0.968611 0.558215 0.0188031 -0.0505041 0.0712582 
1.4021 1.94056 2.77746 1.37608 2.99781 1.53657 1.66308 0.664019 1.37159 -0.248077 -0.085088 0.112831 
1.49443 1.99007 2.66039 0.955907 1.91806 1.58041 0.950408 1.88627 1.47299 0.200594 -0.0937818 -0.01403 
1.36997 2.01014 2.64926 1.71003 1.17779 0.605777 2.22297 1.27897 1.27548 0.351542 0.298812 0.157726 
1.36833 1.71109 2.63395 1.93208 1.20138 -0.00554139 1.8696 0.987125 1.95047 0.293105 0.560695 0.380794 
1.2446 1.92219 3.22289 1.39621 1.31654 0.589127 2.07292 1.06663 1.25411 0.377555 0.741275 0.296964 
1.25557 1.79615 2.42896 1.3657 1.99963 1.52597 2.37445 1.52849 0.91456 0.376293 0.268386 0.177831 
1.25919 1.63474 2.41869 1.88249 2.47737 1.27491 1.42279 1.4796 0.574154 0.45817 0.0728142 0.112331 
1.33944 1.41151 2.39462 2.02659 1.72688 1.1947 1.696 0.608262 0.719485 0.48951 0.177476 0.115769 
1.30814 1.58396 2.28446 1.10291 1.82983 -0.487741 1.63763 0.794562 0.481514 0.405892 0.536666 0.263378 
1.21198 1.34287 2.13771 1.01135 1.37135 -0.139041 0.856238 0.299328 0.665283 1.01019 -0.0162439 0.0724608 
1.17119 1.4736 2.1631 1.41507 1.87779 0.477599 1.35821 -0.0736114 0.892192 1.24141 0.147656 0.162182 
1.1394 1.65868 2.73672 1.35036 2.65132 0.501386 1.29331 0.574691 0.855816 0.34823 0.239099 0.183405 
1.05137 1.60314 2.58026 0.564262 2.50431 1.05125 1.1841 0.615812 0.198894 0.528081 -0.0211513 0.0474273 
1.04122 1.3765 1.90195 0.274556 1.56218 1.49607 1.37871 -0.207906 0.125332 0.588901 -0.0125601 0.0353166 
1.12419 1.61158 2.03973 0.595126 1.72243 1.00797 2.19896 0.629737 0.145089 0.415044 0.00965806 0.020409 
1.20785 1.68835 1.82529 0.724774 2.12125 0.739703 0.708027 0.955501 0.309032 0.980449 0.39174 0.0975492 
1.15468 1.41627 2.07103 0.699584 1.69123 0.971376 0.941559 1.11475 0.67263 1.10535 0.0625203 0.0996758 
1.04522 1.19281 2.01499 0.54468 1.7458 0.508288 1.15329 0.830913 0.26177 -0.250435 0.0121186 0.0814876 
0.993817 1.50344 1.78156 0.809098 1.14935 0.877815 1.43794 0.4378 0.326192 -0.598693 0.247127 0.0287046 
1.15446 1.53023 1.56764 1.36076 1.13405 0.809185 1.77966 0.57499 0.714922 -0.0968291 0.158676 0.0212698 
1.25102 1.47452 1.53637 1.10571 2.10941 1.14689 1.44518 0.869234 0.812928 0.618352 0.42145 0.181953 
1.08514 1.93177 1.99287 0.633204 1.95431 1.54242 1.75544 0.425136 1.01896 0.316119 0.758086 0.22809 
1.05377 1.85668 1.90546 0.389362 1.88667 0.695791 1.91962 1.18568 1.00716 0.402596 0.560141 0.150489 
0.988864 1.23767 2.04412 0.538145 2.69996 1.00326 1.83746 0.624881 1.19099 0.882954 0.823093 0.270645 
1.05791 0.968398 1.91569 0.923259 1.36031 2.06226 1.13881 1.61846 1.51543 0.806722 0.551625 0.168227 
1.10199 1.25074 2.19983 1.10807 1.54299 1.62378 1.82334 1.0999 1.05729 0.253432 0.576902 0.211835 
1.08911 1.64381 2.11677 1.33189 1.21408 1.44882 1.56774 1.49565 0.741301 0.180597 0.545847 0.137089 
0.972718 1.43066 1.51177 0.692424 1.46934 0.33613 1.37582 1.94316 1.18538 0.198066 0.317633 0.0770732 
0.955667 0.988602 1.13326 0.936573 1.98882 -0.201376 1.17604 0.670008 1.19988 0.6539 0.117103 0.103914 
0.963245 1.12599 1.30836 1.03517 1.33055 -0.440517 1.33012 -0.259797 1.37054 0.110177 0.0425173 0.0781024 
1.1541 1.49483 1.99269 0.667716 1.90961 0.096923 1.61894 0.541014 0.594135 0.625505 0.0731566 0.163182 
1.09996 1.33901 2.09571 0.803498 1.90406 1.10125 0.195908 0.344562 0.69471 0.221468 0.29965 0.0816248 
0.933133 1.5633 1.97233 0.919404 1.21053 0.782101 1.09332 1.47739 0.565604 0.137909 0.282861 0.0133222 
0.931962 1.50942 1.83682 1.02893 1.23337 0.651381 1.44195 1.08481 0.504806 -0.562523 0.108253 0.0214272 
0.811102 1.30966 1.31651 1.3037 1.20034 0.282872 1.91713 0.984343 0.194896 0.116144 0.814627 0.0144453 
0.802295 0.962696 1.38384 0.912989 0.879461 -0.325331 1.57939 0.955787 0.684276 0.392428 0.480848 -0.0114012 
0.919452 1.02837 1.24332 1.18468 2.18061 0.538144 1.06727 0.372716 1.17744 -0.293368 0.0475665 0.0595294 
0.923535 1.05207 1.32737 0.348122 1.48463 1.38827 1.28587 0.313705 1.30396 -0.637325 0.26465 0.127821 
0.842642 1.36811 1.22315 0.697104 1.28227 1.42739 0.555019 0.192151 1.32245 -0.00716065 0.601044 0.0293306 
