0.531532 1.25643 0.120088 -0.0538279 0.834923 -0.297194 0.795812 0.889694 -0.110646 0.665105 0.416714 -0.426186 
0.648962 1.55904 -0.44851 0.280395 -0.0476636 0.586951 0.947244 1.67629 0.801554 0.22147 0.360691 -0.312863 
0.579642 1.64028 -0.28759 0.4963 -0.315694 0.320133 1.0632 1.18398 0.0954806 0.53461 0.462497 -0.109882 
0.518032 1.54821 0.0996185 0.423348 -0.595814 0.211378 0.963373 1.30816 -0.0292744 0.454112 0.84498 -0.211458 
0.713125 1.45783 -0.0566358 0.0922707 -0.200685 0.235784 1.70883 1.17553 0.122028 0.361219 0.634049 -0.202651 
0.95188 1.42826 -0.164128 -0.383337 -0.463257 0.154031 0.881353 0.426722 0.394074 0.399399 0.378669 0.100218 
1.04778 1.37611 0.126047 -0.153943 -0.362713 -1.07152 -0.269297 0.305346 0.145546 0.383925 0.141127 -0.0125943 
0.992283 1.2121 -0.109667 -0.408992 -0.925581 -1.23093 0.374635 0.601967 0.676074 0.386069 -0.0586897 0.0224091 
1.00101 1.07083 0.341246 -0.474533 -1.01736 -1.24609 1.05619 0.411423 0.539426 -0.385737 0.207641 -0.136269 
0.993343 0.943968 0.496727 -0.772471 -1.16854 -1.22859 0.60551 0.688666 -0.259138 0.09726 -0.0206284 -0.217466 
0.98139 1.50585 0.569093 -0.137362 0.350073 -1.02783 0.363621 0.866105 0.169856 0.110605 -0.0271205 -0.135286 
0.906261 1.26314 0.730572 0.193563 0.242921 -0.153091 1.3861 0.967965 -0.695168 0.557927 0.208281 -0.120193 
1.0371 1.32284 1.11967 0.575163 0.301322 0.458847 0.632453 0.0309012 0.373141 -0.103133 0.139861 -0.139625 
1.28471 1.96781 1.85384 0.183758 -0.233288 -0.531919 0.307113 -0.0348201 0.811439 -0.114144 -0.0225303 -0.111404 
1.36956 2.1238 2.16958 0.975389 1.16296 0.81792 0.843697 0.737639 -0.154748 0.362702 -0.14854 -0.0928693 
1.80629 2.67112 2.74585 2.7109 2.62431 1.06249 0.311739 0.0395908 0.152174 -0.45238 -0.268695 -0.24663 
1.75207 2.49522 2.5261 3.15954 3.19809 0.688251 -0.249855 -0.0356393 -0.109021 -0.542547 -0.406064 -0.335429 
2.07824 2.6992 1.99659 3.08597 4.18636 0.473948 -0.775058 0.327868 -0.28634 -0.286261 -0.668686 -0.40954 
1.73537 2.33962 2.59821 2.58272 3.55113 0.450014 -0.0934806 0.637443 -0.399324 0.331925 -0.467982 -0.2858 
1.76789 2.51581 2.37766 2.56546 3.82674 0.1082 -0.311739 0.508449 -0.538403 0.00896332 -0.528816 -0.302982 
1.83776 2.73303 2.33258 2.92594 3.96186 0.10155 -0.594006 0.21432 -0.535854 -0.154961 -0.647328 -0.370215 
1.68192 2.80188 2.52021 2.57625 3.67392 0.230838 -0.166241 0.0127426 -0.680319 -0.268443 -0.499515 -0.339497 
1.67406 3.02166 2.39214 2.20679 5.29202 -1.30112 -0.135349 0.175862 -0.761374 -0.413132 -0.952125 -0.37161 
1.65132 2.53962 2.2515 2.48398 5.00904 -1.23488 -0.0111382 0.332116 -1.02056 -0.451093 -0.823351 -0.224994 
1.65227 2.69143 2.28868 2.54904 4.70624 -0.947525 -0.221883 -0.0470303 -0.697542 -0.676758 -0.695153 -0.330239 
1.57313 3.01104 2.21403 2.55176 4.85002 -0.791532 -0.479226 0.128561 -0.89179 -0.354552 -0.777465 -0.437066 
1.64522 2.71196 2.26282 2.5731 4.4467 -0.139237 -0.413099 0.323632 -1.08889 0.0552885 -0.651522 -0.355783 
1.57492 2.59274 2.54169 2.13179 4.41276 -0.278021 0.223408 0.151426 -0.551762 -0.53682 -0.375841 -0.305173 
1.64699 2.78125 2.81542 2.51413 4.77626 -0.303743 0.0815523 -0.0438117 -1.0512 -0.168311 -0.687459 -0.37378 
1.85878 3.00518 3.28678 2.26669 4.17017 0.297265 -0.408473 -0.173827 -1.2204 -0.0378223 -0.727605 -0.463524 
1.73829 2.83505 3.05347 2.68481 3.5324 0.714324 -0.156339 -0.185852 -0.892692 -0.383697 -0.481325 -0.400741 
1.6606 2.84553 3.15543 2.4976 3.51624 0.790654 0.27848 0.0726355 -0.915863 -0.369249 -0.342931 -0.348028 
1.65087 2.98522 3.22879 2.9094 4.30878 0.204798 0.186983 0.73226 -0.554087 -0.29044 -0.457587 -0.33679 
1.57145 2.6511 2.97737 2.6749 3.96808 0.878917 0.150612 0.848395 0.161342 0.507845 -0.347855 -0.195853 
1.68551 2.62247 2.97479 2.66032 4.05577 0.56019 -0.117172 0.258421 -0.564801 0.0622825 -0.410136 -0.330106 
1.7266 2.78802 3.05171 2.75494 4.50472 0.227517 -0.157566 -0.577886 -0.716901 -0.39566 -0.632654 -0.462004 
1.98654 2.81292 2.76426 2.90422 4.63044 0.126281 0.182991 -1.06695 -0.357481 -0.838466 -0.725592 -0.436044 
1.67977 2.72035 2.99682 3.12251 4.52285 0.120171 -0.126386 -0.511627 -0.791108 -0.415833 -0.66515 -0.489929 
1.73381 2.65997 2.77797 3.30072 4.7639 0.247365 -0.543582 -0.154418 -0.532792 -0.0242883 -0.712998 -0.50796 
1.74186 2.79177 2.30116 3.033 5.20856 0.174588 -0.68435 -0.531343 -0.037705 -0.0155714 -0.61842 -0.540898 
1.56805 2.55374 2.42621 2.59223 4.79244 0.196818 -0.678972 -0.339419 0.259068 0.164896 -0.402074 -0.414028 
1.58351 2.70976 2.50376 2.59321 4.99004 -0.0254751 -0.745094 -0.228146 -0.0398801 0.00492667 -0.519796 -0.478694 
1.589 3.15986 2.39993 2.61666 5.49542 -0.3042 -0.88538 -0.299566 0.0523915 0.0685269 -0.688303 -0.603435 
1.52326 2.5212 2.67814 3.01606 4.98281 0.254425 -0.438729 0.017351 0.285537 0.408071 -0.585135 -0.412865 
1.75081 2.46278 2.81645 2.98571 5.0067 0.471753 -0.686478 -0.0780138 0.366666 0.443189 -0.587021 -0.464966 
1.81776 2.44365 2.81447 2.85986 5.48636 0.54154 -0.280535 -0.0274752 0.51552 0.110979 -0.458109 -0.406468 
1.65946 2.31444 2.87801 3.09347 4.27997 1.52848 -0.07989 0.103697 0.879192 0.441042 -0.24128 -0.289056 
1.92366 2.14747 3.03365 3.32776 4.89638 1.32727 -0.240398 -0.27452 0.936707 0.314511 -0.332879 -0.369409 
1.72023 2.48697 2.71945 3.27553 4.34619 1.0234 0.225093 -0.354735 0.699026 0.0595614 -0.239511 -0.282082 
1.86302 2.86672 2.77836 2.89767 5.09705 0.280038 0.088918 -0.9378 1.20882 0.0875981 -0.468513 -0.300876 
1.67696 2.52537 2.57421 2.97118 4.15135 1.24353 0.135592 -0.360952 1.1055 0.212584 -0.161537 -0.238027 
1.65934 2.37751 2.7423 3.52463 3.74821 0.994121 0.999442 0.15062 0.656955 0.488006 -0.217404 -0.121809 
1.78646 2.73813 3.45667 2.73477 4.31599 0.42759 0.82553 0.693172 -0.0164021 0.0692664 -0.326983 -0.137633 
1.73212 2.73333 3.55439 3.07631 3.82019 0.859484 1.09775 -0.52856 0.471231 0.113313 -0.43534 -0.162824 
1.64352 2.58644 3.65586 3.06545 3.38713 0.819126 1.10325 -1.34567 0.905541 -0.411135 -0.488566 -0.183211 
1.56722 2.31707 3.08389 2.73111 2.49571 1.5593 1.78674 -0.00398557 0.590713 -0.0439451 -0.101558 -0.10114 
1.81983 2.24039 3.14955 2.7192 3.00568 0.954801 1.00162 -0.877103 0.838295 0.0627656 -0.398596 -0.150002 
1.61027 2.4885 2.86812 2.19594 3.43675 0.126487 0.334943 -0.398045 0.332156 0.365155 -0.615783 -0.170929 
1.57829 2.32558 3.31965 2.42423 3.47999 0.822326 0.618176 -0.191327 0.379229 -0.47028 -0.184507 -0.145951 
1.65132 2.14805 2.88972 2.10124 2.95812 1.16933 1.72031 -0.453139 0.999896 0.0849246 -0.189224 0.0395347 
1.45244 2.05694 2.67424 2.77546 3.19889 1.18549 1.54992 0.219408 1.55632 0.45253 -0.0220061 0.107179 
1.50533 2.14558 3.204 2.01567 3.11912 1.12931 1.55713 0.49036 1.22456 0.252148 0.351777 0.274777 
1.52993 2.2721 3.14934 2.08655 2.53692 1.5702 2.27098 1.40219 0.703589 0.422606 0.240146 0.125044 
1.51138 2.45052 3.34822 3.0101 3.09599 1.01048 2.07893 0.756214 0.717937 -0.0270711 0.225145 0.0736408 
1.54061 2.81735 3.49942 2.32316 2.91313 0.892161 1.74474 0.238101 0.698315 -0.0637699 0.0654739 0.0414991 
1.60339 2.5889 2.42361 2.10227 1.36868 0.858423 1.57569 -0.123232 1.27624 0.215579 -0.077251 -0.0448711 
1.52671 2.12545 1.39958 1.41005 1.79269 0.439839 0.933667 -0.0371412 0.69407 0.296197 -0.0819104 -0.0403052 
1.44972 2.07588 2.61449 2.42683 1.83949 1.12916 1.49621 0.331972 1.11841 0.342828 -0.191081 0.00119457 
1.54542 2.29919 3.12744 2.74391 2.46686 1.31936 1.80662 0.265061 1.22141 -0.232853 0.0692356 0.0278249 
1.49561 2.20397 3.04444 2.36041 2.5814 1.65688 1.82682 0.582516 1.11944 -0.0316903 0.103709 0.0718729 
1.45386 2.01294 3.1376 2.35433 2.63814 1.03803 1.32794 1.28474 0.6131 0.298719 0.0932397 0.0743132 
1.57966 1.83737 3.19934 1.80992 3.10925 0.840192 1.28035 1.23855 0.46608 -0.162955 0.182272 0.107612 
1.47017 1.83787 2.79898 1.90007 2.56248 1.5495 2.51559 1.42403 1.38189 -0.391672 -0.0528764 0.130784 
1.4349 1.96012 2.64485 2.49274 2.3944 1.65249 1.97517 0.679169 0.87589 0.315433 -0.11469 0.0274995 
1.45483 2.15689 2.536 1.80951 2.06155 0.792602 1.73066 0.963229 0.457931 0.684186 -0.213063 0.0266852 
1.47481 1.96247 3.29911 1.46202 2.28639 0.949248 1.74667 0.331232 0.824421 0.234685 0.00573644 0.170936 
1.35593 1.97756 3.14298 1.26732 1.93605 1.45905 2.17293 1.35439 1.07032 -0.196422 0.371641 0.144091 
1.18358 2.0858 2.90581 1.48687 1.50341 1.79633 1.885 1.18845 0.0215333 0.600246 0.239832 0.0332223 
1.07605 1.83554 2.78397 1.27192 1.61351 0.836045 1.07059 0.951668 1.27089 0.19491 0.344178 0.17879 
1.27213 1.66327 3.07019 2.12967 1.91649 1.10923 0.311356 -0.624232 0.807583 -0.0960526 0.212283 0.0396583 
1.45703 1.63806 2.69381 2.29036 2.20252 1.05866 0.66359 -0.0222645 0.467951 0.507828 0.00901346 -0.00140278 
1.36964 1.41537 2.56503 1.78874 1.93035 0.309397 1.98122 0.462657 0.356566 0.290338 0.0785033 0.122475 
1.13194 1.48762 2.1408 1.32479 1.9726 1.05971 1.75009 0.423194 0.989671 -0.135481 0.437574 0.162732 
1.28085 1.54959 2.12207 2.1576 0.99337 1.16568 0.7846 0.776731 0.70493 -0.287567 0.793138 0.179802 
1.30986 1.83803 2.1132 2.09265 1.58535 0.664945 1.05914 0.414977 0.891138 0.0194204 0.00467946 0.00607126 
1.21506 1.89556 2.35887 1.73859 1.07675 0.622051 0.916483 0.526657 0.679937 0.399567 -0.000685559 0.0291719 
1.18144 1.55788 2.46409 1.09304 1.77802 0.787049 0.707076 0.736399 0.444789 0.839178 -0.0186899 0.0103116 
1.10755 1.55102 2.54521 0.520144 1.93747 0.708555 0.848279 0.14737 0.921429 0.307757 0.0404536 0.0844443 
1.08503 1.53356 2.5341 0.939726 1.41738 0.508834 1.46158 0.809912 0.221984 -0.179476 0.4478 -0.0453362 
1.13851 1.33774 1.92247 1.2686 1.36387 0.441281 1.00025 0.137709 0.52092 0.576065 0.603673 0.0686332 
1.16487 1.50715 2.02622 1.31415 2.22348 0.411899 0.833964 -0.366043 0.213651 -0.175588 0.350299 0.0547239 
1.00413 1.3376 1.86064 1.0383 0.943053 0.911724 1.77934 0.193333 0.432495 -0.283476 -0.198186 0.0432621 
1.04471 1.64176 1.90945 -0.0420651 0.684736 1.01525 1.4536 0.224419 0.624621 0.379806 0.669843 0.111492 
1.24067 1.60372 1.54563 0.803207 0.651856 0.648313 1.44902 0.444635 0.821862 0.95444 0.628263 0.183685 
1.25083 1.50783 1.86727 1.51994 0.859585 0.741137 0.519512 0.49507 1.5848 0.435749 0.779705 0.254298 
1.2112 1.31508 1.81681 2.10929 0.939765 0.415311 0.557638 0.71688 1.93177 -0.209957 0.749149 0.286041 
1.19002 1.27722 2.07753 1.56182 0.881633 0.646742 0.994322 0.618531 1.62462 0.49648 0.880529 0.284165 
1.08923 1.60661 2.39082 1.49121 0.592246 0.803243 1.57938 0.579487 1.56761 0.438625 0.777979 0.228524 
1.1084 1.74438 2.42296 1.60949 1.7657 0.552125 0.178411 0.173183 1.16977 0.404607 0.911014 0.230305 
1.06678 1.5052 2.16388 1.01335 1.32254 0.115033 0.262532 0.365614 1.19922 0.366687 0.583659 0.189367 
1.15126 1.35022 1.798 1.38005 0.622113 0.425189 0.460155 1.06347 1.11356 0.258537 0.603181 0.145924 
1.11504 1.65853 1.70445 1.18415 1.64253 1.15892 0.636468 0.592234 0.854723 0.276601 0.100824 0.0716082 
1.18292 1.64039 2.07844 0.866196 0.763881 0.105356 0.953689 0.36041 1.10746 0.25832 0.966356 0.24395 
1.07291 1.64753 2.0091 0.227154 1.12398 -0.548353 0.431541 0.113035 1.09762 0.365914 0.964285 0.238019 
0.925501 1.48653 1.6113 0.13726 0.932842 -0.105097 0.193152 -0.172887 0.599417 0.192467 0.707885 0.0921863 
1.00581 1.56407 1.49404 0.579994 0.631099 -0.638016 0.589386 0.430275 0.655438 0.893334 0.718555 0.131333 
0.991655 1.69341 1.54613 0.583213 -0.302522 -0.459034 0.458408 0.432425 0.202576 0.527002 0.829695 0.0339627 
0.961549 1.48009 1.85899 0.357884 0.550356 0.0588193 0.436137 -0.00246362 0.229386 0.952263 0.262221 0.139052 
0.970139 1.54763 1.32756 0.330723 0.530217 -0.144599 0.565185 0.00212808 0.34495 0.534373 -0.129605 0.0284429 
1.14513 1.2017 1.38855 0.579185 1.13138 -0.771547 0.503322 0.389352 0.470709 0.247772 0.267951 0.0636617 
1.20947 1.35915 1.41454 0.127528 1.21644 0.407401 0.690133 0.941573 -0.126867 0.463512 0.718647 0.105019 
1.02116 1.22592 1.69411 0.59027 0.252439 0.320749 0.198717 0.696025 -0.161437 0.718551 0.889095 -0.00605655 
0.83768 1.38395 1.89799 0.909579 1.16193 0.0969596 0.614554 0.628678 0.776954 1.46932 0.835246 0.0533348 
0.94002 1.67607 2.04559 1.08544 1.43886 0.118405 0.991651 0.811787 1.07367 0.586456 0.775336 0.126621 
0.884084 1.33489 1.68768 1.16965 0.822378 -0.120524 1.62493 0.314146 1.00534 0.875203 0.642031 0.062101 
0.983182 1.56603 1.77472 1.26116 0.641889 0.447837 1.54505 0.04304 0.791595 1.48038 0.831338 0.151894 
0.975389 1.64667 1.64158 0.720956 -0.459212 1.15938 0.759838 0.981926 0.389839 0.518711 1.31694 0.0508939 
0.820127 1.54914 1.77726 0.369195 0.695834 0.24788 1.03681 0.767939 0.309132 0.344678 0.38438 -0.0340355 
0.677959 1.60126 1.48191 0.83593 0.78492 -0.352639 0.825993 0.611546 0.0910037 0.432069 0.313987 -0.0549153 
0.799099 1.2328 1.56283 0.451079 0.835357 0.342851 0.661785 0.105228 0.170654 0.790361 0.270838 0.0865855 
0.901848 0.936914 1.56629 0.889414 0.852126 -0.312627 0.809409 0.0955729 1.04881 0.880694 0.10303 0.15198 
0.834142 0.840584 1.23014 1.5558 1.22756 0.843748 0.995219 -0.0518452 0.734529 -0.233117 0.436713 0.0919232 
0.865822 1.29106 1.65977 0.618589 1.05091 0.74939 0.8274 -0.312784 0.123431 0.0656962 0.550486 -0.00438445 
0.859117 1.1904 1.34582 -0.0843825 0.330754 0.229768 0.379086 0.0177764 0.253085 0.777124 0.941916 0.0467084 
