0.573449 1.01 0.693691 1.55195 1.0032 0.0767738 0.951976 1.22027 0.161137 0.478535 -0.0920428 -0.0335311 
0.448401 0.769352 0.997732 0.951681 0.849503 0.266166 0.832059 1.76213 0.608917 0.485234 -0.039768 0.0339878 
0.435245 0.779186 1.06599 0.496882 1.48053 1.1461 0.0429591 0.691715 1.19745 0.312528 -0.49725 0.107831 
0.456182 0.776782 1.57789 0.276415 0.959194 0.526056 0.117609 0.507917 1.04047 0.190262 0.363834 -0.222956 
0.568515 1.03079 0.875991 0.460162 1.00541 0.995638 0.599338 0.259884 0.436375 0.142206 0.312594 -0.251527 
0.501549 1.31264 1.20574 0.744167 1.09199 1.09964 0.91618 0.354967 1.21699 -0.238294 -0.103786 -0.0343879 
0.486767 1.16089 1.16561 1.05722 1.05246 1.08213 1.55405 0.654405 1.37907 0.526756 0.15602 -0.0259447 
0.66875 1.13987 1.28285 1.32792 0.777609 0.746903 0.944426 0.630072 0.820338 0.410596 0.25921 0.0778962 
0.637116 1.00138 1.27745 0.547554 0.880342 0.685656 0.428542 0.966753 0.803913 0.724842 0.543401 -0.0577289 
0.540362 1.00243 1.57633 0.413957 0.768341 0.439449 1.19002 1.00791 1.12782 0.682939 0.153777 0.0983631 
0.664491 1.43247 1.46234 1.19825 0.815427 0.744889 0.96741 0.793594 1.29941 0.679479 0.350409 0.0553308 
0.641835 1.289 1.49473 1.53172 0.922542 0.268218 1.19048 0.73132 0.710398 0.91746 0.31993 0.000206306 
0.789277 1.24278 1.61027 1.6133 1.71309 0.718507 1.01904 1.24861 0.186212 1.08364 0.750676 -0.00218652 
0.955678 1.6618 2.18148 1.07822 1.69002 0.697925 1.919 0.680027 0.845376 0.324984 0.693514 0.113262 
1.0854 1.96443 2.40979 2.00998 1.8524 1.586 1.45549 1.23449 0.728774 0.112594 0.400474 0.106995 
1.62925 2.74751 3.20851 2.83368 1.81209 1.83653 1.02203 1.85882 0.805197 -0.0300579 0.249641 0.0393094 
2.17838 3.09765 2.44103 1.61172 1.5305 1.06728 1.39549 1.4386 1.28631 0.257197 0.0135354 -0.147368 
2.21665 2.73071 2.02737 1.58194 2.06971 1.3827 0.76935 0.794991 1.60656 0.920167 0.0731023 -0.161175 
2.33607 2.95821 1.88988 0.67993 2.47713 1.24518 1.34833 1.03572 1.54372 0.826548 0.111758 -0.147925 
2.02965 2.71292 1.97736 1.14246 1.52775 1.00346 0.950895 1.21023 1.57585 1.45081 -0.0241677 -0.154713 
2.07132 2.57366 1.66966 1.00413 1.39296 0.992501 0.856336 0.88085 1.50429 1.49891 -0.000866878 -0.198893 
2.57398 2.37481 1.34624 1.01166 2.35928 0.899593 0.257913 0.596318 1.92541 1.51449 0.281628 -0.296485 
2.25339 2.30543 1.30342 1.17688 2.27341 1.14248 0.592403 0.536879 1.80083 1.35464 0.0831998 -0.313758 
2.43171 2.07549 1.30577 0.807246 2.69558 1.12847 0.598762 0.518585 1.76432 1.25236 0.0731897 -0.317347 
2.43433 1.98582 1.52131 0.879604 2.81764 1.75503 0.424663 0.711411 1.78477 1.30593 0.182914 -0.295377 
2.31538 1.95973 1.37715 0.840386 2.72925 1.45132 0.0817517 0.965016 1.48882 1.40729 0.0743936 -0.425268 
2.031 1.86421 1.26801 0.863847 2.61842 0.716431 0.303369 0.988076 1.3395 1.16631 -0.26868 -0.413395 
1.95262 2.24689 1.40333 0.68929 1.82128 0.396504 0.710448 1.3583 1.83057 1.00542 -0.0518031 -0.219019 
1.9401 2.1583 1.22123 1.38267 1.93444 0.624033 0.847646 1.20167 2.29092 1.60121 -0.017256 -0.212133 
1.76314 1.90151 2.06507 1.61385 1.70724 -0.235763 1.48634 2.36528 1.56779 1.59752 -0.177517 -0.0339435 
1.6502 2.39023 1.27867 1.68655 1.61664 0.327261 1.04246 2.02686 2.54079 0.280297 0.246085 -0.0313851 
1.53157 1.89036 2.23242 1.50675 1.77013 0.734256 1.7665 3.03984 0.247202 0.11445 0.447746 0.115402 
1.48172 1.87842 2.17919 2.13151 2.23623 0.656822 1.95098 2.42387 0.640728 0.476373 -0.0175595 0.124796 
1.25091 2.07621 1.93383 2.86874 1.55521 1.10239 2.60894 1.96751 0.457272 -0.128432 0.176688 0.0944773 
1.09764 2.03832 2.23422 1.87285 2.39154 0.685134 2.09689 2.7818 -0.327752 -0.0560003 0.0908793 0.0325714 
1.09442 1.67233 2.4978 1.45257 1.78365 0.252456 1.82166 2.48272 -0.0463674 0.423853 -0.153636 0.016928 
1.0509 1.48344 1.8137 2.43459 0.446188 0.617976 2.47771 1.37321 0.587335 0.243436 0.191257 0.0271263 
0.816353 1.6728 1.6643 1.96821 0.701389 0.375834 2.27747 2.18789 0.0752292 0.580928 0.533027 0.0813563 
0.806648 2.00553 0.869725 2.4808 1.19134 -0.0109237 2.36862 1.74978 0.943181 0.0322816 0.860302 0.0988617 
1.00492 1.48698 1.51965 3.20422 0.571673 0.188018 2.55458 1.33983 0.689519 -0.145894 0.597159 0.0825434 
1.01694 1.48103 1.7801 2.00018 2.02813 0.124532 1.27467 2.28012 0.209205 0.0513983 0.1334 0.126892 
0.890853 1.66675 1.29386 2.06537 2.76787 0.204478 1.38146 1.20285 0.747118 -0.543268 0.471136 0.0129808 
0.984055 1.50847 1.08309 2.22676 2.73147 0.690046 1.22494 0.555215 1.38068 -0.449695 0.389087 -0.0121932 
1.14975 1.45285 0.944996 2.23355 2.36705 0.517025 1.10888 1.53832 1.41479 -0.355763 0.00173435 0.0498472 
1.28122 1.28266 0.476425 2.61331 1.24015 1.29729 1.83935 0.869512 1.41879 -0.419543 0.156382 -0.0672568 
1.56081 1.05954 0.0756942 1.89563 1.75274 1.57999 1.44823 1.30348 0.605113 0.164739 -0.0925895 -0.0295367 
1.91035 0.477438 -0.246892 0.890085 2.72731 1.04263 1.01282 1.6122 0.541147 0.392049 -0.0928899 -0.122005 
1.95111 0.604562 -1.13225 1.36386 3.27936 0.477839 1.41855 1.60935 0.633396 0.502829 -0.326913 -0.0484426 
2.09543 0.522631 -1.39089 1.5557 3.56132 0.849622 1.61379 0.799924 0.675734 0.184384 -0.157652 0.0144618 
2.07184 0.344033 -1.31256 0.942859 4.08349 0.868203 1.23808 0.75468 0.850483 0.488097 -0.271051 -0.0771627 
2.26909 0.0701658 -1.32412 0.775253 4.12672 0.770509 1.09509 0.911016 1.2382 0.761139 -0.344739 -0.225021 
2.39312 0.0212318 -1.74311 1.21332 4.47199 0.666454 0.729206 1.46648 1.27942 0.742578 -0.518951 -0.249617 
2.5645 -0.235341 -1.78043 1.51573 4.42104 0.855437 0.944014 1.04892 1.38505 0.53713 -0.422612 -0.204071 
2.4578 0.0286195 -2.0278 1.75876 4.58901 0.806232 1.12648 0.939373 1.40996 0.452742 -0.451801 -0.160058 
2.32407 0.150722 -2.1361 1.72942 4.31215 0.813288 0.995247 0.990892 1.56349 0.577414 -0.416465 -0.218759 
2.33433 -0.0097101 -2.1102 1.85993 4.47473 0.57132 1.35356 0.978203 1.50391 0.399304 -0.432614 -0.150004 
2.37779 0.0837403 -2.21259 1.5801 4.66299 0.508546 1.45393 1.08684 1.44802 0.47587 -0.581658 -0.178775 
2.39675 0.208638 -2.36573 1.65523 4.41032 0.760163 1.09234 1.21056 1.49965 0.614614 -0.588571 -0.312391 
2.49835 -0.0501041 -2.04129 1.02893 4.54937 1.04892 0.709788 1.4443 1.30938 0.775995 -0.613397 -0.411248 
2.22584 0.113211 -1.92194 0.777369 3.8447 1.47245 0.507226 1.64333 1.32977 0.763195 -0.587564 -0.492689 
2.32164 0.137124 -1.92071 0.263711 4.0963 1.28863 0.479428 1.64976 1.29649 0.819867 -0.671495 -0.56356 
2.30867 0.303243 -2.06683 0.319242 3.89277 1.03705 1.15703 1.31202 1.3809 0.574616 -0.702308 -0.44745 
2.3514 0.487196 -2.06147 0.552648 3.87896 1.13154 1.45999 1.42849 0.709869 0.402084 -0.590133 -0.22603 
2.29999 0.383431 -1.61445 1.21403 4.45204 0.218318 2.02307 1.33054 0.35677 0.325354 -0.603636 0.0202884 
2.39021 0.558865 -1.6808 1.26837 4.10076 0.28577 1.11994 1.83033 1.33259 0.69992 -0.848726 -0.355684 
2.5816 0.568624 -1.84759 1.53681 3.93927 0.471649 1.08363 1.52678 1.9886 0.803814 -0.659275 -0.462939 
2.33123 0.647883 -1.12249 1.17594 3.75252 0.896042 1.32914 1.55466 1.36103 0.963646 -0.244655 -0.208464 
2.27522 0.346993 -1.1373 1.04688 3.83806 1.20731 0.915244 2.25747 1.69341 0.987598 -0.360228 -0.259282 
2.30784 0.207442 -1.07789 0.528393 3.78997 1.4395 1.13913 1.87578 1.64125 0.723866 -0.241774 -0.119904 
1.92585 0.560323 -1.13837 0.848635 3.11053 1.55175 1.79898 1.88467 1.1273 0.492948 -0.211604 -0.0888794 
1.35195 0.564354 -0.774667 0.62005 2.5602 1.55731 1.48682 1.99053 1.15023 0.269829 0.281989 -0.107615 
1.48601 0.964253 -0.894352 0.190075 2.55054 0.476518 1.1 2.02704 1.17102 0.464631 0.438441 -0.00264627 
2.17976 1.25907 -0.714819 0.289631 2.40862 -0.0638996 0.146721 0.709979 1.78651 0.707933 -0.0108424 -0.178872 
2.54846 1.58231 -0.556262 0.261609 2.14543 0.263568 -0.645103 0.0779952 1.19976 0.854372 0.139506 -0.210045 
2.61653 1.6322 -0.28107 0.258299 2.07836 0.339417 -0.644572 -0.664714 1.22797 0.689373 0.166125 -0.208566 
2.4824 1.8581 0.356475 0.74168 2.20521 0.221576 -0.286076 -0.404182 1.30777 0.52157 -0.0142578 -0.256333 
2.16154 1.8732 0.36449 0.610905 2.52935 0.921081 -0.0786307 -0.0601801 1.34839 0.487709 -0.0227581 -0.365347 
2.34631 1.69636 0.184172 0.905312 2.763 0.829615 -0.621878 -0.460314 1.15179 0.00149595 -0.173267 -0.300464 
2.47863 1.46205 -0.106468 1.54284 3.19862 0.956671 -0.124606 -0.413558 1.0929 0.0702728 -0.403574 -0.380906 
2.18122 1.45277 0.355795 1.64603 3.13401 1.29561 0.497026 0.691977 1.29753 0.354412 -0.554241 -0.491384 
2.23068 1.76126 0.546569 1.28512 2.96176 1.33432 0.659216 1.07736 1.18002 -0.0474564 -0.568766 -0.409888 
2.37294 1.92812 0.594992 0.84517 3.51731 1.63895 0.470457 1.32281 1.30923 -0.707086 -0.838061 -0.502681 
2.16013 1.98645 0.85504 1.44676 3.30367 0.857359 0.486308 0.950369 1.28206 0.122512 -0.455647 -0.346275 
2.2387 2.10317 1.21 1.85751 3.56581 1.13363 0.44536 0.0111007 0.179897 -0.130315 -0.200351 -0.153544 
2.02467 1.97104 1.44103 2.01605 3.78857 1.56993 0.849927 0.168336 0.580758 -0.0584638 -0.145331 -0.147404 
2.06221 1.89668 1.16091 1.70525 4.05031 2.09414 1.32106 0.674936 1.04667 -0.100345 -0.280107 -0.188474 
2.07559 1.85451 1.05369 1.77925 3.55043 2.27261 1.36988 1.08939 1.23981 -0.19294 -0.432347 -0.263582 
2.20566 1.94332 0.745003 1.37202 3.50311 2.01165 1.16368 1.0288 1.23714 -0.477783 -0.495266 -0.290587 
2.09117 2.00083 1.08106 1.28462 2.92431 1.79216 1.24773 0.467442 0.763223 -0.327697 -0.352928 -0.242973 
2.08983 1.80136 1.18944 0.981771 3.25522 1.35492 0.548561 0.797942 1.6172 0.0421919 -0.440143 -0.364181 
2.28083 1.86821 1.14911 0.925841 3.17818 1.48125 0.0985704 0.486425 0.967323 -0.781761 -0.635257 -0.407022 
2.26449 2.00098 1.15791 1.27785 3.37151 0.766906 0.073581 -0.0397712 0.689898 -1.14835 -0.737651 -0.352931 
2.14433 1.76485 1.53322 0.920164 2.67033 1.43262 0.552747 0.0371897 1.24359 -0.314811 -0.499429 -0.313778 
1.98366 1.73548 1.65358 0.925272 2.75308 1.40397 0.874376 0.919067 1.0595 0.452209 -0.296492 -0.245794 
2.05158 2.05227 1.78442 1.08704 3.11457 0.640952 1.19999 0.262172 0.969431 0.0996758 0.00200133 0.12936 
2.00225 2.31508 1.88989 2.41022 3.02689 1.00869 0.721034 -0.0692467 1.32089 0.522204 0.00854487 -0.0913558 
1.92508 1.94135 2.03749 2.4754 3.04285 0.955489 1.05334 0.0879451 1.1996 0.836903 -0.201694 -0.157082 
1.83136 1.89703 1.89648 1.74152 2.48661 1.20796 1.26944 0.694387 0.697298 -0.24148 -0.278662 -0.13159 
1.90811 2.17735 2.01577 1.10119 2.90346 1.4887 1.29861 0.950003 1.05757 -0.102301 -0.171844 -0.113527 
1.92071 2.12474 2.29475 1.66595 2.61566 1.97198 1.39198 0.658802 0.45344 0.180201 -0.0399856 -0.0447506 
1.94396 2.1761 2.12818 1.72623 3.34029 1.41921 1.15901 0.0987111 1.1512 0.518286 -0.142861 -0.104887 
1.80891 2.04226 1.98206 1.5948 3.03951 1.32195 1.08422 0.603467 0.944733 0.257098 -0.360306 -0.208081 
1.78836 2.23717 2.54779 1.74041 3.44185 1.3804 0.777653 0.281853 1.23289 0.0936783 -0.223169 -0.126563 
1.89886 2.16588 2.42886 1.32553 3.70158 1.32105 1.42968 0.413206 1.18929 0.20647 -0.315629 -0.0735198 
1.67612 2.18118 2.5734 1.95037 3.01298 1.70422 0.835476 0.627512 0.917655 -0.140651 -0.0559113 -0.066477 
1.64682 2.40227 2.88492 1.97039 2.85623 0.999247 1.52729 0.809109 0.684362 -0.207326 -0.111123 -0.0558526 
1.69979 1.91998 2.20622 1.55199 2.8236 0.985122 1.84834 0.142096 1.2096 0.0208661 -0.442966 -0.0744082 
1.61143 2.13595 2.02754 1.54143 1.71237 1.36023 1.87886 0.372664 1.03718 -0.61118 -0.197534 -0.142335 
1.51565 1.87888 2.04098 0.826669 2.56681 0.692213 1.8525 1.41745 1.25157 -0.292436 -0.367343 -0.0758611 
1.67208 2.09979 2.7303 1.0329 2.55756 0.501587 1.42929 1.69663 1.05671 0.303963 -0.129359 -0.011297 
1.649 2.0171 2.52668 1.78184 2.22043 1.22421 1.62718 1.78985 0.931024 0.258148 0.0607157 0.0456962 
1.6491 1.97579 2.53815 1.73899 2.00355 0.550144 1.49324 0.912342 1.10317 0.296186 -0.0462988 0.0588267 
1.48632 2.04879 2.00823 1.7185 1.86266 1.28148 1.76259 0.621616 1.27136 -0.214027 -0.248809 -0.0916425 
1.43085 1.98974 2.25941 1.20805 2.14433 0.939741 1.54536 1.50019 1.00403 -0.383262 -0.198511 -0.0946324 
1.33266 1.8098 2.22412 1.23994 1.88648 0.983253 1.74549 1.39759 0.0423277 -0.4261 -0.121881 -0.120676 
1.34131 1.90566 2.33121 1.43706 2.12589 1.79493 1.443 0.2146 0.690213 -0.656254 0.45086 0.0701993 
1.26259 1.84752 2.3544 1.44767 2.08761 0.24955 1.29786 0.555485 0.554974 -0.268625 0.395961 0.0664885 
1.22909 1.961 2.42751 2.05647 1.6228 0.417606 1.99749 0.40252 0.671128 0.143346 0.126449 0.0468091 
1.31895 1.79825 1.85123 1.6189 1.65299 1.81143 1.30554 1.80184 1.15317 -0.282833 0.151234 0.0485396 
1.27071 1.65273 2.35494 1.04779 2.24583 1.80714 1.53523 1.56304 1.07333 -0.355562 0.157632 0.0804732 
1.32139 1.56424 2.42144 0.694218 1.97978 1.68116 1.77392 1.45924 0.610227 0.0578164 0.510359 0.154564 
1.33397 1.78736 1.79053 1.04061 1.7818 0.945299 0.842104 1.02999 1.25832 0.0719674 0.489858 0.123532 
1.44402 1.82206 2.09157 0.55615 1.17234 1.35092 1.27706 0.783242 0.797807 -0.00255004 0.00622499 0.00401262 
1.37175 1.69964 1.74636 1.10613 1.26573 1.28157 1.82498 1.02417 0.38233 -0.65076 0.0873361 -0.0159019 
1.22291 1.70124 1.98598 1.25474 1.6811 0.969616 2.12825 1.3242 0.873506 -0.372017 0.15179 0.0282068 
1.25436 1.45098 1.3753 0.904858 1.81727 0.826255 1.97029 1.50853 1.61688 -0.381501 0.452043 0.0957685 
1.29109 1.3287 1.34433 0.220541 1.78757 0.59264 2.67148 1.24254 0.992309 0.104265 0.0945415 0.088748 
1.50282 0.625813 0.20078 -0.770007 2.00304 0.656281 2.30926 1.85825 1.29813 -0.569299 -0.227888 0.0247864 
1.51382 1.09004 1.18402 0.0115324 1.69214 0.489278 2.86224 2.26846 0.901443 -0.359056 -0.0934577 0.100708 
1.37626 1.01698 1.71228 0.537279 1.66747 0.611235 2.65673 2.23117 0.546523 -0.307911 -0.233921 0.0587372 
1.40761 1.26665 1.83296 0.771782 1.87729 1.25625 3.04521 1.84181 0.736561 0.0262606 -0.270454 0.0768917 
1.35141 1.45215 1.69992 0.821778 2.06825 1.46062 1.98921 1.89779 1.03577 0.0462227 -0.145483 0.0429341 
1.27024 1.3291 1.66603 0.61713 1.68936 1.5245 2.42561 2.06982 1.46083 0.0132813 0.0486358 0.0975445 
1.29127 1.26043 1.91545 0.745809 1.66764 1.27673 2.57594 1.39164 0.720528 0.454874 -0.102232 0.0905237 
1.19936 1.39261 1.22031 0.562919 1.96394 0.884041 1.4589 0.964019 0.540786 0.275125 -0.0132035 0.025237 
1.06991 1.37535 1.52449 0.832839 1.4385 0.743351 1.54251 1.76052 1.20828 0.0544049 0.748571 0.0551885 
1.19968 1.37215 1.67831 0.938675 0.937131 1.53659 2.06728 1.48918 1.28719 -0.672579 0.788238 0.143954 
1.17729 1.33341 2.07379 1.39865 1.62584 1.45691 2.41792 1.28855 0.588628 -0.844736 -0.0439471 0.114106 
1.23133 1.34869 2.00926 1.03171 1.0885 1.03773 1.57866 0.409827 0.582867 0.468988 -0.205059 0.0378855 
1.19597 1.3661 1.97615 0.962231 1.36608 0.553683 1.44491 0.869622 1.50715 1.06188 0.240856 0.177445 
1.14665 1.47857 1.27233 0.838124 1.4411 1.31069 1.89922 1.04131 1.59419 0.885089 0.638876 0.162438 
1.09148 1.52518 1.66361 1.19797 1.47037 1.35611 2.10372 1.70883 1.85108 0.184791 0.22686 0.156651 
1.11021 1.3845 1.78607 0.477169 1.09825 0.242253 1.53686 1.64015 1.3265 0.125082 0.829794 0.152547 
1.12811 1.42559 2.02961 -0.130716 1.10564 0.375682 0.581089 0.418178 0.517827 0.440131 0.954736 0.117421 
1.17868 1.52806 1.86064 0.948964 1.14024 -0.555733 0.871175 -0.0714295 1.21933 0.426205 0.959456 0.286975 
1.22899 1.28912 1.97472 0.85245 1.32154 -0.412516 0.923072 1.08874 0.988238 0.468061 0.791687 0.217001 
1.22805 1.20309 1.68347 0.789909 0.965823 0.56425 0.508173 1.29693 0.809091 0.655805 0.640383 0.0758769 
1.10209 1.33565 1.73083 0.247322 1.24154 0.648587 1.59696 0.775188 0.569989 0.187177 0.253596 0.024775 
1.18586 1.52503 1.20701 0.287144 1.33624 0.680416 1.20359 0.221659 0.808073 -0.0700104 0.250758 0.058297 
1.16771 1.65578 1.16771 1.00647 0.936042 0.672626 0.792691 0.0684169 0.975436 -0.59314 0.0751646 -0.0501902 
