0.840747 0.446759 -1.06763 -1.71353 0.186873 -0.0711525 1.16291 -0.8219 0.265423 2.12238 -0.206417 0.301681 
0.85574 0.498492 -0.936684 -1.02266 0.274263 -0.536876 2.07008 0.0581319 -0.100056 1.44219 -0.179065 0.373463 
0.963548 0.456162 -0.950417 -1.58169 -0.625317 -0.780587 1.47021 -0.448221 0.822323 1.90455 -0.887118 0.098827 
0.977335 -0.10963 -0.566856 -1.57061 -0.332403 -0.792433 1.38914 -0.882509 0.449225 1.83227 -0.747793 -0.0629187 
0.92038 -0.0689528 -0.0492414 -1.89999 -0.652466 -0.794534 1.19391 -1.21849 0.176008 1.35324 -0.25007 -0.102497 
0.972576 0.3167 -0.679298 -1.85966 -1.14476 -0.953508 1.5141 -0.949064 0.220259 1.68578 -0.162803 -0.157903 
1.01098 0.157836 -0.714985 -1.90319 -0.618766 -1.3997 1.36251 -0.314053 0.50094 2.13258 -0.527487 -0.0757934 
0.856518 0.140205 -0.385817 -1.714 0.0903729 -0.993058 1.55838 -0.754327 0.169034 1.73368 -0.283882 -0.129448 
0.850726 0.28571 -0.282289 -1.30377 0.0738953 -0.718396 0.863147 -0.102106 0.00756399 1.38433 -0.280922 0.0672173 
0.867772 0.64273 -0.441433 -0.986459 -0.448004 -1.13226 0.353601 -0.170405 0.0108597 1.63597 -0.0455204 0.261081 
0.998911 0.842436 -0.0539917 -1.62059 0.17469 -1.30664 1.02424 -0.370632 -0.35499 1.14979 0.296717 0.261187 
1.0243 0.521428 0.351296 -1.6423 0.346078 -0.660711 1.29562 -0.121033 0.330012 0.604296 0.114249 0.135364 
0.983123 0.365354 -0.275435 -1.37039 0.953935 -0.541104 0.342212 -0.93406 -0.0405087 0.76288 0.26131 0.0568519 
1.0421 0.593945 -0.0301261 -1.16158 0.367356 -0.925781 -0.1882 -0.534313 0.0406166 0.420054 0.000431284 -0.111282 
1.14803 1.0271 0.460656 -0.751387 0.723539 -1.46695 -0.149818 0.17968 0.656679 -0.724527 0.0194393 -0.119919 
1.23858 1.30825 1.42032 1.42408 1.8834 0.529746 0.741435 -0.124594 0.332503 -0.0735674 0.136767 -0.0512984 
1.74749 1.92228 2.0537 2.4161 4.03111 0.276881 0.115552 -0.690363 0.100741 0.256423 -0.404485 -0.28184 
1.80679 1.94091 1.1857 2.31355 4.91866 0.0223452 0.410362 -0.838531 0.185652 -0.135662 -0.434458 -0.192543 
1.8204 2.10838 1.06013 2.46298 4.6734 -0.108372 0.592979 -0.870261 0.0177738 -0.353713 -0.388853 -0.140241 
1.88436 1.97076 1.10324 2.45165 5.4411 -0.262893 0.302215 -1.05457 0.153867 -0.228592 -0.519164 -0.157167 
1.71962 1.89335 1.06613 2.15109 4.42763 0.403792 0.386227 -0.710983 0.165691 -0.222686 -0.210754 -0.197795 
1.82814 1.91984 1.00834 2.14051 5.51515 -0.0971813 0.517439 -0.920851 0.259436 -0.106684 -0.47084 -0.123057 
1.76803 1.96098 0.921378 2.24136 6.00525 -0.380747 0.268737 -1.01286 0.264171 -0.0610661 -0.530837 -0.144035 
1.7178 1.94039 0.591095 2.38234 5.84731 -0.379991 0.163434 -0.970327 0.537052 0.00721518 -0.51651 -0.197409 
1.82544 2.34236 -0.22524 2.40146 6.33069 -0.15564 0.0712037 -1.62037 0.515921 0.00721838 -0.501128 -0.267274 
1.75808 2.20483 -0.0427962 1.96205 6.13049 0.166628 0.194947 -1.20805 0.321112 -0.115723 -0.3277 -0.248114 
1.75477 1.74292 0.3242 1.85297 5.98959 0.513551 -0.0852911 -0.707354 0.479602 -0.17239 -0.291777 -0.269924 
1.81812 1.90337 0.277121 1.88061 6.22566 0.202171 -0.121712 -1.1941 0.348724 0.18362 -0.343606 -0.267073 
1.82528 2.01651 0.464008 2.32398 6.40108 0.103182 -0.279488 -1.23788 0.484721 0.00157192 -0.384311 -0.322183 
1.89114 2.11171 0.437082 2.28306 6.34412 0.00518455 -0.0630013 -1.42292 0.529624 0.125537 -0.474371 -0.298903 
1.91985 1.84298 0.630993 2.14591 5.58952 0.0299225 -0.210775 -1.25256 0.497037 0.235296 -0.390912 -0.275551 
2.05187 1.84998 0.877076 1.88047 5.56935 0.1171 -1.1553 -1.34365 0.143375 0.0911024 -0.366676 -0.383495 
2.08971 1.90947 0.411752 1.42483 5.95008 -0.340313 -0.892152 -1.80533 -0.179313 -0.0326471 -0.536852 -0.233965 
2.0652 1.93833 0.383821 1.49006 5.37883 -0.162091 -1.33763 -1.643 -0.0584795 -0.458876 -0.500697 -0.387281 
2.03172 1.57211 0.786449 1.34907 5.55136 -0.200892 -1.33144 -1.35478 0.295838 0.138271 -0.451477 -0.364621 
2.02612 1.62768 0.831693 1.77287 5.38464 -0.101641 -0.352969 -1.19607 0.840946 0.115461 -0.605048 -0.310341 
1.97237 1.71367 1.02568 1.8595 3.50385 0.323805 -0.00446629 -1.09149 0.872259 -0.329145 -0.145109 -0.168167 
1.96677 2.03718 1.05055 2.03466 4.22976 0.00985068 -0.262262 -0.997298 0.906747 -0.0537128 -0.286894 -0.28304 
1.92688 2.04942 1.26308 1.74969 4.32105 0.252304 0.223016 -0.0849506 0.942742 -0.166577 -0.318584 -0.185931 
1.98973 2.12746 1.2525 1.1963 3.5002 1.03993 0.430656 0.0612053 0.0299145 -0.256392 -0.0368381 -0.0743982 
2.02778 1.87709 1.31829 1.04511 3.5287 0.326485 -0.115066 0.296633 0.028164 0.13318 -0.212499 -0.173389 
1.83045 1.75295 1.4548 1.64185 3.60971 0.370305 -0.51217 0.407326 -0.105279 0.170543 -0.124037 -0.145495 
1.79915 1.68636 1.84521 1.59806 3.44219 0.549528 -0.000771595 0.202247 0.174677 0.246289 0.0144446 -0.0359148 
1.81484 1.73116 1.16609 1.15798 1.90809 -0.111219 0.139265 0.00357436 2.32034 0.487353 -0.393359 -0.278687 
1.83935 1.79212 0.564053 0.166753 1.15098 -0.325765 0.750817 0.233248 2.24055 0.596755 -0.268482 -0.304067 
1.85577 1.84664 0.994755 0.500721 1.81991 -0.75724 0.403317 0.0994474 0.98619 0.601362 -0.203922 -0.0548775 
1.79119 1.95634 1.93793 0.557082 2.66044 -0.0278084 0.474524 -0.42972 0.49071 0.483481 -0.191074 0.013308 
1.70435 1.68996 1.9494 0.79587 2.75751 1.37017 0.0649822 0.133311 1.08458 0.864835 -0.271929 -0.209696 
1.76506 1.47158 2.0463 1.47165 2.02284 0.731765 0.662665 0.420467 1.13348 0.789597 -0.299758 -0.167054 
1.62065 1.71947 1.68822 1.44197 2.00345 0.831157 1.261 0.832869 0.933371 -0.426712 -0.0817437 -0.0374365 
1.70942 1.62826 2.10287 1.51873 3.53793 0.554139 0.44786 0.271057 0.543672 -0.0447555 -0.133721 -0.0312874 
1.71769 1.83351 2.16074 0.995639 3.08691 -0.0292783 0.861642 0.182196 0.514767 0.0709185 -0.369765 -0.0458764 
1.50737 1.92379 2.17982 1.52012 1.90828 0.208705 -0.263538 0.138866 0.780323 0.470291 -0.314239 -0.13622 
1.58686 1.84677 1.52498 1.7564 2.25106 0.660967 0.239858 0.410804 0.34155 0.01124 -0.0976909 -0.133346 
1.47292 1.64417 2.00958 0.711307 1.79937 0.608421 0.413125 0.0355919 0.141153 0.314373 -0.172231 -0.139496 
1.33218 1.72663 1.89818 0.766759 1.65085 1.03608 0.280284 -0.244825 0.996294 0.212687 -0.127994 -0.044501 
1.21493 1.83813 1.48946 0.92996 1.50431 0.380495 -0.219455 0.375715 1.47029 0.495728 0.224614 0.0405699 
1.41651 1.60345 1.90846 1.25763 0.764589 -0.0982054 0.521893 1.06684 1.58721 0.609388 0.802492 0.323578 
1.48646 1.90812 2.48596 1.63244 2.20517 0.33902 0.86128 0.12176 0.556918 0.352384 -0.0184058 0.0627177 
1.42343 1.85711 1.93975 1.28756 3.02785 1.44778 1.56118 0.735832 0.637963 0.414318 -0.17966 0.0369906 
1.45758 1.73951 2.24718 1.60885 2.44422 0.986916 1.8657 0.323856 0.675032 -0.261291 0.215233 0.135245 
1.47674 1.75765 1.86266 1.28181 2.29211 1.09652 1.42539 0.225834 0.680913 -0.255534 0.0836671 0.0408031 
1.39543 1.39518 1.80161 1.49653 2.33469 0.0533273 1.83886 -0.0641849 1.21844 0.159996 -0.667567 -0.0784279 
1.36307 1.58576 2.04538 2.0714 2.24699 -0.0139082 0.685333 0.136854 1.15767 1.00829 -0.554073 -0.0591045 
1.3759 1.72736 2.25759 1.66418 1.73654 1.1687 1.29367 0.280876 0.162413 1.0762 0.0851336 0.0767837 
1.18778 1.5641 2.20712 1.05822 1.43679 1.45403 1.49777 0.80338 1.24084 0.92053 0.262802 0.206413 
1.09564 1.53775 2.3354 1.38716 1.83754 0.4926 1.65546 1.32579 1.26586 0.911533 0.300566 0.254243 
1.13984 1.76614 2.71641 1.25173 1.89137 -0.408641 1.19008 0.642961 1.21331 0.826392 0.258763 0.337187 
1.05616 1.5584 2.25966 0.964379 2.34902 0.63626 0.941108 0.761142 1.4686 -0.0499362 0.192613 0.121457 
1.0334 1.44064 2.28494 0.765654 2.35366 0.240032 0.619203 0.361238 1.51542 0.761909 0.210152 0.204958 
1.02832 1.30193 1.58948 0.875511 3.32632 0.442128 1.19609 0.851442 0.994025 -0.0371855 0.462167 0.117688 
1.04024 1.38377 1.60226 1.22016 1.87637 0.109854 0.402351 0.946548 0.557829 0.741366 0.586515 0.0982229 
1.0979 1.28937 1.95565 1.60215 1.52412 0.441346 0.933775 -0.140257 1.02659 0.376696 0.367184 0.125998 
1.07062 1.25142 2.19275 1.66952 1.55911 0.675675 1.12072 -0.185122 1.75031 0.786569 0.452126 0.222579 
1.10891 1.23574 1.91637 1.39396 1.89144 0.232538 1.32573 0.882392 1.53142 0.743247 0.424894 0.224863 
1.10065 1.08091 1.73285 0.9563 1.4822 0.181729 1.14448 1.53735 1.15331 0.275095 0.878249 0.152036 
1.00098 1.29706 1.36417 1.25163 1.22069 1.05628 0.429278 0.67341 1.65159 0.57406 0.530156 0.0049887 
1.0812 1.11604 1.24439 1.2474 1.89654 0.928909 1.06397 -0.545041 0.753195 0.771381 0.215297 -0.0717802 
1.05421 1.06111 1.42982 1.5179 1.29468 0.417958 1.14529 0.120315 0.990616 0.661648 -0.0353345 -0.120382 
1.08834 1.15767 1.61378 1.17612 1.44515 0.408137 1.3468 0.198806 0.873542 0.428093 0.439373 0.0448855 
0.971914 1.28629 1.55352 0.784519 1.08818 0.235584 1.7164 0.757715 1.12283 0.618352 0.21223 0.00358138 
0.927697 1.1819 1.60929 0.729823 1.25066 0.131129 2.04573 0.336499 1.29829 0.720876 0.647838 0.0857904 
0.962666 1.14125 1.68881 1.03553 2.25732 0.485586 1.69239 0.0528486 1.17361 0.0760436 0.314962 0.155361 
1.0012 1.36469 1.20898 0.515558 1.79427 0.698809 1.59493 0.425269 1.50236 0.909133 0.152369 0.124248 
0.931448 1.25917 1.33064 0.847771 1.6728 1.21097 1.23652 1.08467 1.71889 0.329371 0.686818 0.0945165 
1.12281 0.988744 1.54033 1.57089 1.24203 0.775656 0.688892 0.928168 1.05191 0.794497 0.662904 0.12413 
1.09386 1.03448 1.43133 0.810854 0.75804 0.628009 0.792037 0.0632075 1.05225 0.382001 0.37495 0.10167 
0.921635 0.786746 2.05942 0.335315 1.46047 0.393257 0.170805 -0.482485 0.980097 0.410234 0.274151 0.147537 
0.820435 0.901384 1.7081 0.50357 1.8424 0.105945 -0.0591655 -0.0931723 1.00576 0.544216 0.380301 0.0671437 
0.873428 1.12439 1.5634 0.243864 1.62516 -0.10938 0.56339 0.204985 0.444178 0.71996 0.374546 0.104303 
