0.459335 0.728577 1.18163 0.613787 1.71295 1.24106 0.866846 0.84725 0.206694 -0.013724 0.523003 -0.151459 
0.57198 1.1407 0.916164 1.31465 1.14356 0.841467 2.09503 0.983602 0.38575 0.693369 0.263288 0.0404635 
0.54832 1.11224 1.26813 0.919087 1.10967 0.210779 1.75446 0.819876 0.913325 0.632293 0.166067 0.0288405 
0.59237 0.956948 1.23423 0.619067 0.897427 -0.50929 0.87056 0.403192 0.753229 0.440053 0.43856 0.101531 
0.588347 1.1247 0.887186 0.281998 0.912847 0.0253195 1.38613 0.632443 0.0797448 -0.414174 0.337583 0.134416 
0.631946 0.955174 0.980896 0.43902 0.527807 0.66417 0.589656 1.28563 0.696618 -0.489087 0.275126 0.0439795 
0.664997 0.866851 1.53605 0.501863 0.828131 0.559055 -0.023016 0.543846 1.58193 0.244137 0.426993 -0.076068 
0.459845 0.918761 1.33916 0.677678 1.38699 1.00648 1.12091 -0.191872 1.36748 0.735548 0.374598 -0.235121 
0.460354 1.22394 0.882459 0.207401 0.43458 0.703429 -0.309938 -0.307661 1.31938 0.715031 0.529786 -0.10251 
0.531448 1.6277 1.6253 0.983155 1.41735 0.946364 -0.0233958 0.614768 0.584382 0.504573 0.226257 -0.00421548 
0.574425 1.53221 1.46892 1.55273 0.895303 0.608773 1.49416 0.717824 0.406405 0.856641 0.325546 0.0464308 
0.591742 0.948531 1.37766 1.03807 1.31795 0.932293 0.889098 0.832861 1.02755 0.882843 0.280705 -0.0489989 
0.64077 1.11496 1.91215 0.412857 1.53508 0.271775 0.72248 1.28566 1.49996 0.534541 0.348314 0.0497859 
0.810334 1.19328 1.36426 -0.0663011 1.1549 -0.0721218 0.692595 0.125272 0.643346 0.581986 0.364843 -0.0733168 
0.87327 1.28335 1.44704 0.0643971 0.59611 -0.044034 0.671289 -0.0242961 0.988548 0.189583 0.147359 0.0100573 
1.68771 0.734871 -0.867879 -0.617452 1.01805 0.388775 0.336911 -0.475838 0.302464 0.300398 0.48627 -0.10976 
1.85149 0.519296 -0.72449 0.157576 1.7053 0.0640561 0.562779 -0.648265 0.209436 0.57406 0.471741 -0.135779 
1.63955 0.764172 0.533341 0.294829 1.20098 0.909593 0.0728313 -0.138268 1.01759 0.721044 0.795953 0.0599101 
1.95808 1.93645 1.32446 0.384578 1.0792 0.855496 0.458346 0.839334 1.08537 1.40576 0.474252 0.0688103 
1.67009 2.01739 1.29182 1.33417 1.33337 0.172975 0.673775 -0.00831657 1.18718 0.716479 0.235782 0.0241828 
2.04739 2.28327 1.2638 2.82912 2.15822 -1.31096 1.83271 -0.648655 0.459856 0.453238 0.124519 0.0423609 
1.97364 2.657 1.54269 1.97875 2.54532 -1.22865 1.44745 -0.0635058 0.780125 -0.138581 -0.194898 0.0969477 
1.98946 2.78884 1.99187 1.90423 2.5124 -0.556269 0.985577 0.119201 0.760959 0.491488 -0.114226 0.0486398 
2.08211 2.73023 1.75521 1.7116 2.64539 0.0274913 1.04968 -0.148242 0.858116 0.611821 -0.0221104 -0.00289357 
2.06804 2.66445 1.90168 1.8821 2.91402 0.702691 0.391854 -1.09093 0.76055 0.691676 0.0689464 -0.077806 
1.80019 2.74588 1.96787 2.60509 3.25728 0.567403 0.662497 -1.08844 0.654252 -0.154097 -0.0263556 -0.161163 
1.88605 3.04103 1.86732 1.62745 3.59829 0.102495 0.831465 -0.676507 0.785209 -0.824639 0.0202704 -0.147336 
1.81194 2.99367 2.09407 1.85211 3.13642 -0.0268647 0.814717 -0.993124 0.161358 -0.901658 -0.015387 -0.0937058 
1.79621 2.97653 2.15927 2.10953 3.43154 -0.282096 0.356427 -1.22605 0.268062 -0.830581 -0.0484673 -0.116084 
1.81858 2.95893 2.08341 2.76268 3.04301 -0.393449 1.01008 -1.557 0.510909 -0.86328 -0.0111524 -0.107795 
1.68401 2.95604 2.35873 2.58333 3.55784 -0.145554 0.649083 -0.939552 0.545762 -0.684897 -0.0208977 -0.116846 
1.739 3.18936 2.17171 1.88959 4.31842 0.374099 1.14614 -1.06958 0.78474 -0.930609 0.161721 -0.157103 
1.75993 2.88475 2.27466 2.04226 4.20277 0.366249 1.51823 -0.593762 0.591754 -1.0358 0.0451082 -0.0718512 
1.87461 2.56183 2.6365 2.21058 4.31924 0.5934 0.673315 0.230475 0.0243328 -0.688829 -0.136752 -0.119109 
1.71459 2.80441 2.49424 2.1598 3.65472 0.365042 0.910851 -0.260878 0.549112 -0.71105 -0.0559726 -0.139338 
1.82369 2.85737 2.00705 1.62798 5.00883 0.0501101 1.14105 -0.497157 0.635076 -0.994332 -0.190019 -0.151623 
1.78267 2.54651 2.10041 1.80417 4.53358 0.444202 1.39014 -0.573456 0.722813 -0.642534 -0.115753 -0.0235444 
1.71587 2.58422 2.46097 2.32715 3.60629 0.752226 1.32653 -0.983645 0.892266 -0.291236 -0.0587582 -0.0570332 
1.65318 3.06253 2.33737 2.33575 3.7616 0.247334 1.18679 -0.536522 0.205347 -0.65633 0.044607 -0.0884226 
1.73754 2.93521 2.47898 2.4901 3.06406 0.478667 0.462068 -0.412531 0.306049 -0.561006 0.0201373 -0.113593 
1.64324 3.32927 2.51978 1.62109 3.4032 0.26745 0.300111 0.572732 0.0455787 -0.636364 0.184223 -0.228999 
1.64751 2.95467 2.66695 2.40123 3.64437 0.521017 1.17209 -0.15749 0.15382 -0.307218 -0.0318909 -0.0673891 
1.60493 3.22962 3.27239 1.96257 3.60257 0.407209 1.9216 0.0956125 0.500626 -0.644265 0.0432855 -0.0742188 
1.55194 3.11032 3.09171 2.17319 3.86534 0.702772 1.03355 0.0789634 0.720932 -0.540547 0.127149 -0.121413 
1.62452 3.25317 3.05557 2.18827 4.37788 0.479018 1.6067 -0.39554 0.341409 -0.224262 -0.0948083 -0.0105505 
1.66362 3.07487 2.97142 2.32906 3.64824 1.24675 1.03417 0.328606 0.14888 0.156551 -0.00380238 -0.041333 
1.57563 2.87175 3.12527 2.18216 3.65472 1.58458 0.898201 0.978529 0.395786 -0.113986 0.217872 -0.0879046 
1.77247 2.90696 2.80608 1.58113 4.06103 0.971648 1.83745 1.32 0.399741 -0.574162 0.139435 -0.0339739 
1.56024 2.68412 3.07765 2.44472 3.36986 1.61885 1.63541 0.917845 0.351378 0.0802968 0.216251 0.0122964 
1.57582 2.66687 3.09667 2.66884 3.64654 1.34721 1.67765 0.67007 0.639138 -0.0164552 0.25296 0.0458193 
1.74714 2.71147 3.11362 1.22848 3.30193 1.43067 2.63135 0.895707 0.399125 -0.396866 0.155839 0.125466 
1.57288 2.39038 2.72277 1.87761 2.66849 1.41609 1.98235 0.610653 0.47051 0.150802 0.295889 0.142062 
1.65987 2.3964 3.20295 1.96417 1.99389 0.42187 2.16737 0.106971 0.341437 0.091472 0.39371 0.220022 
1.57718 2.25792 2.78385 2.70581 2.26269 1.02575 1.66486 -0.678249 0.475573 0.27983 0.366242 0.112164 
1.59143 2.35455 2.51447 2.29926 2.73721 0.974018 2.00226 0.880419 0.810917 -0.0681924 0.32545 0.140219 
1.57027 2.33902 2.59726 1.75124 2.76888 1.67637 2.09085 1.11007 0.570041 0.388261 0.144896 0.10849 
1.6112 2.03325 3.31554 2.19981 2.53897 1.63642 1.08591 0.810414 1.03892 0.675794 -0.0142201 0.085215 
1.44662 2.06582 2.93172 1.90892 2.93767 1.54375 1.49264 0.986101 1.19355 0.124041 0.0593561 0.106649 
1.36174 2.37426 3.1509 1.7091 2.83274 0.867685 2.25141 1.09293 0.231633 0.340501 0.0983678 0.0759999 
1.30558 2.09113 3.05352 1.33247 2.84532 0.765162 1.74698 1.42973 0.068998 0.588225 0.105442 0.0906798 
1.32872 2.05243 2.55838 1.49483 2.8029 0.921019 1.54697 1.31886 1.15225 0.197601 0.499813 0.231882 
1.37943 2.04789 2.56301 1.13189 3.0688 1.42182 1.30292 1.39624 0.372344 0.711703 0.281558 0.136254 
1.4655 2.20331 3.16521 1.1843 2.50857 1.17184 1.37793 0.856831 0.505322 1.03774 0.132999 0.190706 
1.37767 2.26775 2.71644 1.64446 1.9077 1.35139 2.14931 1.21484 0.474716 0.236321 0.533874 0.142778 
1.21723 2.36794 2.42811 1.75042 2.78454 1.45254 1.289 0.942968 0.993654 0.220841 0.336263 0.11966 
1.1683 2.06188 2.4593 1.94466 2.58617 1.35588 1.2198 0.883834 0.577513 0.234439 0.119715 0.0623261 
1.31814 1.77833 2.61906 1.97291 1.47328 1.35045 2.20408 1.0441 0.731617 -0.117966 0.356815 0.103885 
1.45118 1.88419 2.96252 2.12123 1.71323 1.66288 2.26795 1.29905 1.38877 0.212529 0.286342 0.199416 
1.39493 1.82913 3.02228 2.01753 2.33942 1.60806 2.03139 0.82646 2.23514 0.299239 -0.0204962 0.296553 
1.25394 2.10085 2.6512 2.10168 2.14178 1.92994 1.49344 1.18416 2.10176 0.282291 0.0418372 0.227899 
1.30131 2.31743 2.8324 2.26175 2.19743 1.35099 1.80536 1.04427 1.96618 0.226103 0.129126 0.21122 
1.15881 2.16287 3.30636 2.13444 2.94736 0.964734 1.7435 0.256928 0.927662 0.0374715 0.168333 0.128328 
1.23656 2.24039 2.84824 1.73631 3.30055 0.840424 2.72148 0.413457 0.662551 0.295871 0.384803 0.264052 
1.25358 1.78011 2.53884 2.17469 2.44686 1.36865 2.75395 0.697297 1.01011 0.296161 0.632281 0.275891 
1.3113 1.87821 2.50526 1.78302 2.6715 1.22422 2.15461 0.745393 0.796716 0.893537 0.449629 0.291114 
1.19438 2.14798 2.97733 1.90398 3.25532 0.915761 1.66254 1.42044 1.26726 1.09674 0.0927122 0.338754 
1.24165 2.154 2.60571 1.94944 3.4457 1.48793 1.38878 1.51834 1.41295 0.458388 0.396244 0.222463 
1.22694 1.98976 2.78272 2.17024 2.73001 1.99225 1.52323 1.456 1.44392 0.411705 0.290565 0.23719 
1.25102 2.03458 2.99129 1.82136 2.4694 2.13386 1.79156 1.34494 1.45811 0.461984 0.238796 0.253157 
1.22058 2.15407 2.2737 1.3476 2.00752 1.98287 2.19924 0.779659 1.35938 0.431264 0.291339 0.229323 
1.16293 2.18921 2.22756 1.24059 2.22848 1.62674 2.11265 0.900193 1.21287 0.841658 0.421766 0.30395 
1.14072 1.88528 2.59984 1.45543 2.04755 0.721127 1.78157 0.556182 1.39227 0.728368 0.55209 0.325974 
1.26122 1.99302 2.5672 1.42714 3.09073 0.632829 1.51983 1.24783 1.32413 0.241686 0.275078 0.223799 
1.26317 2.12572 2.42717 1.01496 2.02069 1.08194 1.82144 1.42341 1.21008 0.16431 0.362633 0.135005 
1.16448 1.68966 2.31989 1.34412 1.62024 0.684581 1.98233 1.03885 1.23305 0.337033 0.406905 0.167635 
1.13941 1.80954 2.14808 1.83187 1.78023 0.954383 1.49814 0.828715 0.63447 0.273545 0.732552 0.112358 
1.1541 1.59192 2.55944 0.568296 1.93622 0.336992 1.64701 1.30103 0.418161 0.428445 0.654957 0.099506 
1.25749 1.57339 2.81119 0.719401 1.71026 1.23574 2.42867 0.85773 0.663381 -0.0477479 0.557721 0.16523 
1.15412 1.80695 2.22109 1.03743 1.64581 1.54409 2.30577 0.756719 0.745848 -0.399292 0.396672 0.0630768 
1.08098 1.65112 1.99725 0.856802 2.22316 0.984265 1.57932 0.302984 0.600596 0.545938 0.457474 0.142594 
1.07393 1.94401 2.03798 0.85699 1.93698 0.79501 0.625446 0.467256 0.569641 0.510863 0.357619 0.0966911 
1.07187 1.47121 1.43985 0.571926 0.445405 0.702862 0.239396 -0.0791944 0.88714 0.753246 0.392581 0.0842044 
1.11152 1.58402 2.28549 0.26602 1.03669 0.0145998 0.505726 0.26797 0.897443 0.381832 0.352732 0.108743 
1.14132 1.33932 2.53743 0.939093 2.26511 1.143 0.836772 0.0786957 0.627069 0.180173 0.296231 0.128748 
1.08392 1.54926 2.46841 1.12085 1.81456 1.09433 1.03802 1.25959 1.34738 -0.0782361 0.424418 0.178406 
1.05264 1.35253 1.68851 -0.00192933 0.292373 0.605249 1.30645 0.618149 0.873146 -0.275716 0.511895 0.0333962 
1.28674 1.10941 1.10769 0.563156 -0.496751 -0.0361895 2.48902 0.48903 0.706912 0.521988 0.582869 0.00332495 
1.21844 1.36399 1.19022 -0.361117 -0.337436 0.560533 2.91179 1.46667 0.679211 0.864675 0.56023 -0.0933054 
1.27972 1.32298 1.31603 -0.264306 0.415975 0.0767513 1.88652 0.809135 1.52289 0.380271 0.0468829 0.0272048 
1.29603 1.50572 1.40012 0.118446 0.750302 0.358458 1.28415 0.952574 2.25975 0.300591 0.533281 0.11976 
1.13522 1.64169 0.376268 0.45433 0.73578 0.901365 1.94903 0.722004 1.89836 -0.331348 0.453319 -0.108489 
1.34758 1.09885 1.01003 0.357129 0.944481 1.61239 2.00641 0.255296 1.48477 -0.37731 0.780068 0.275303 
1.31736 0.985599 1.30433 -0.164271 0.45225 0.781053 1.54073 0.648719 1.34157 0.253851 0.546815 0.179405 
1.19879 1.22441 1.36264 -0.00596924 0.951421 0.283444 1.70314 0.874759 1.46146 0.667486 0.349994 0.130325 
1.06857 0.93507 0.897013 0.611311 0.797061 1.01937 1.40046 0.733303 1.69761 0.455982 0.404001 0.0342835 
1.02513 0.927581 0.880443 0.441129 0.85636 1.29766 1.96683 0.38145 1.09004 -0.1798 0.203824 0.0108887 
1.15071 1.08316 1.68756 0.17726 1.026 0.827841 1.63977 0.496027 1.3353 -0.209718 0.534947 0.170635 
1.21051 1.86885 1.52516 -0.224969 0.295946 0.717835 1.63951 0.39857 1.37836 0.214912 0.388718 0.106076 
1.12531 1.44725 1.43688 -0.365854 0.263979 1.59041 1.25566 1.13479 1.09698 0.843347 0.278646 0.0178769 
1.10816 1.74229 1.13054 -0.300609 0.327566 0.459234 1.98776 1.38685 0.684332 0.541972 0.53777 -0.0641144 
0.933992 1.18393 1.00931 0.132951 0.818327 0.340508 1.73531 1.47768 0.945109 0.233932 0.728247 -0.0706902 
0.991134 1.03923 1.45465 0.00462133 0.671696 0.507337 0.841677 1.28562 1.29281 0.83294 0.38576 -0.00538432 
1.14902 1.31657 1.15248 0.0674424 0.930987 0.178164 1.85079 0.804039 1.31768 0.599523 0.864666 0.113247 
1.10442 1.24343 1.55662 0.784542 1.51095 -1.02488 1.62365 1.0111 0.984464 0.111156 0.690334 0.177722 
1.0576 1.46451 1.54641 0.724495 0.536036 -0.487927 1.07733 0.664923 0.743889 0.728677 0.396857 0.0976796 
