0.385164 0.562852 1.58968 0.943002 1.2525 1.7294 1.53142 0.674399 0.993655 -0.172039 0.0162288 0.0114731 
0.460245 1.06453 1.98891 1.97877 1.31147 1.20334 0.985006 1.00161 0.782677 0.0845143 0.475017 0.0195196 
0.382855 1.05602 1.84515 2.32983 0.907266 0.536456 1.02545 1.44429 0.166392 0.155349 0.708134 -0.0449689 
0.439493 1.11674 1.71627 1.26293 1.36694 0.917499 0.278015 0.969958 1.00469 0.133937 0.516264 -0.150952 
0.482322 1.35476 1.63107 2.01534 1.76756 1.85267 0.872121 0.999015 0.394047 0.133274 0.814367 -0.113493 
0.534764 1.52092 1.67682 1.95549 1.95041 1.23438 1.90427 1.5008 1.23692 0.198032 0.389939 0.162543 
0.531826 1.60064 1.90932 1.7583 1.8554 0.942255 1.48915 2.47402 1.51329 0.273244 0.573655 0.205329 
0.744416 1.65419 2.69012 1.92143 1.49229 1.37641 1.99785 1.72592 0.75603 0.700652 0.410343 0.20145 
1.09352 1.8545 3.30808 2.9288 2.18512 2.32811 2.20667 1.69117 0.537756 0.607423 0.379054 0.167543 
1.26425 2.41579 3.18929 3.00613 3.08577 2.5453 1.73525 1.43549 0.0656747 0.783128 0.402374 0.0747712 
1.2883 2.64978 3.49491 3.53246 3.14905 2.34121 2.17942 1.20151 0.107265 0.383881 0.667686 -0.0197901 
1.22135 2.46585 3.48274 3.24243 3.19773 1.78928 2.60546 0.521465 1.08134 0.0922611 0.539021 0.0690087 
1.28131 2.6307 3.44573 2.98898 3.12524 2.6181 1.99777 0.56555 0.559928 0.243398 0.498962 0.00225598 
1.52463 2.58819 3.56539 2.64971 2.88926 3.31931 1.83423 0.869201 0.390843 -0.0440218 0.560042 0.0616116 
1.46285 2.61945 3.48696 3.02043 3.28306 2.17379 1.93767 1.18274 0.331707 -0.11514 0.601953 -0.00231515 
1.46439 2.58798 3.41987 3.15756 3.44801 1.87513 1.74942 1.06553 0.418295 0.099996 0.373991 -0.00385062 
1.40965 2.51484 3.05284 3.07917 2.86033 2.29587 1.74161 0.838897 0.623741 -0.0290056 0.365221 -0.00509702 
1.46637 2.62242 3.5436 2.98772 2.93921 2.38652 1.94608 0.381657 0.975221 -0.142289 0.355726 0.0090796 
1.65899 2.93742 3.65408 2.5419 3.33955 2.82286 2.79674 0.803423 0.299944 -0.576965 0.536829 -0.0200829 
1.66704 2.67077 3.38671 2.68513 3.08216 3.05638 3.40766 0.399221 -0.231792 -0.36661 0.523275 0.0340337 
1.781 2.6977 2.97738 2.5156 3.05456 2.57077 3.9689 0.552312 -0.620158 -0.634439 0.350747 0.0659037 
1.96749 2.6165 2.17958 1.51305 2.8046 2.65132 2.9589 0.17669 -0.287808 -0.826053 -0.0382895 0.10409 
2.02765 2.30876 1.35106 0.443505 2.19027 2.14195 1.9074 -0.294428 -0.639115 -0.897204 -0.100863 0.119638 
2.13696 2.08445 1.84019 -0.0382086 2.16276 1.89412 2.07078 -0.291504 -0.0304178 -0.325142 -0.160092 0.189031 
2.00273 2.13184 1.37913 0.566574 1.99766 0.981632 2.37618 0.0613345 0.132231 0.13372 0.119137 0.234048 
2.51044 1.85231 -0.0565308 -0.32329 1.55606 -0.0145052 1.56416 -0.250391 0.468033 1.01726 0.722366 0.400247 
2.69133 1.63788 -0.585706 -0.346451 1.12085 -0.00972861 0.206696 -0.40446 0.832274 1.12426 0.649189 0.0410613 
2.84339 1.09957 -0.689447 0.3662 -0.133281 -0.447671 0.28244 -1.47318 1.13452 1.19665 0.583417 -0.263136 
2.60518 0.607053 0.186123 -0.252219 -0.145068 -0.759301 -0.337147 -1.72346 1.01897 1.22157 0.102704 -0.235193 
2.59171 0.499246 0.123866 -0.505954 -0.169448 -0.818913 -0.0910762 -2.19438 0.88628 1.17391 0.01674 -0.16169 
2.68783 0.830748 -0.323382 0.17547 -0.231849 -0.503192 0.251744 -2.34801 1.399 1.1329 0.251127 -0.207097 
2.57261 1.24248 -0.470724 0.0901281 0.879564 -0.281256 -0.819301 -1.26576 1.29739 0.891648 0.399579 -0.0355418 
2.72382 0.853408 -0.0823795 -0.318107 1.14108 -0.388035 -0.387931 -1.50067 1.38462 1.18871 0.229777 0.0524031 
2.57388 1.07669 -0.467301 -0.120696 1.16375 -0.610952 -0.58336 -1.61081 1.27188 0.894161 0.311324 -0.013389 
2.72159 0.943075 -0.956059 -0.248044 0.876248 -0.98179 -0.0977506 -2.35596 1.31088 0.774107 0.244967 -0.0976168 
2.70205 0.823957 -0.852559 -0.34346 0.642357 -0.427508 -0.383035 -2.09968 1.51524 0.885623 0.152415 -0.164703 
2.62877 0.74341 -0.23202 -0.0818817 0.298477 -0.365198 -0.360456 -1.75756 1.61885 1.2417 0.201191 -0.139257 
2.76103 0.927388 -0.283549 -0.720325 0.608245 -0.100712 -0.821372 -1.22856 1.9149 1.22895 0.124944 -0.176949 
2.66415 1.05559 -0.324215 -0.611489 0.553197 -0.300187 -1.05824 -1.091 1.96656 1.19482 0.169649 -0.224882 
2.8716 0.749735 -0.245923 0.0345999 -0.0665641 -0.507405 -0.370147 -1.31723 1.81453 1.538 0.0907394 -0.382582 
2.84166 0.898685 -0.309435 -0.275452 -0.017038 -0.53883 0.333952 -1.43397 1.76017 1.42963 0.103297 -0.386815 
2.70268 1.15952 -0.586435 -1.01071 0.910959 -0.297497 0.0782607 -0.789342 1.68234 1.14395 0.0949795 -0.339727 
2.7189 1.2129 -0.4901 -1.08046 0.629649 0.0249575 0.0621462 -0.74378 2.08952 1.07563 -0.0216516 -0.415036 
2.69409 1.44943 -0.663091 -0.92121 1.07618 0.189573 -0.0686463 -0.264327 1.8075 1.06103 0.0682061 -0.467713 
2.48504 1.60246 -0.782308 -0.516116 1.4072 0.541736 -0.0860602 0.136118 1.69873 0.905922 -0.0811694 -0.600306 
2.59281 1.32103 -0.523496 -0.733915 1.65096 1.04485 -0.0480192 0.273058 1.78097 0.826784 -0.15437 -0.564077 
2.535 1.2575 -0.898179 -0.3964 1.63093 1.64444 0.0763065 0.120865 1.59603 0.745442 0.104333 -0.342524 
2.54354 0.998841 -1.02384 -0.369254 2.38877 1.65613 0.483366 0.183541 0.870374 0.701014 0.239043 -0.138186 
2.49781 0.967397 -1.11412 -0.171731 3.09352 1.40691 -0.106574 -0.276884 0.861323 0.956125 0.480758 -0.0243394 
2.5325 0.727791 -0.725175 -0.196332 2.31214 1.3633 0.263637 -0.677711 1.32163 1.09776 0.504125 -0.0292824 
2.506 0.691115 -0.399168 -0.131216 2.6603 1.12729 0.507002 -0.728136 1.45597 1.10823 0.181908 -0.151707 
2.36277 0.949282 -0.262149 0.106396 3.37558 0.896652 -0.304409 -0.696662 1.31631 1.05099 0.323579 -0.0844872 
2.31854 1.02253 -0.426592 0.0541337 3.4167 0.986222 0.0425665 -0.802985 1.56284 1.06634 0.506398 0.0487171 
2.33172 0.878408 0.721832 0.198691 3.11573 0.77075 -0.100001 -0.122901 1.92348 1.27441 0.104431 -0.0727104 
2.06359 1.34368 0.355298 1.03685 3.63751 2.10755 0.141014 -0.284339 1.26311 0.752946 0.240094 -0.189726 
2.16499 1.58601 0.246651 0.214174 3.62438 1.8309 0.549694 -0.149931 1.16593 0.96721 0.251553 -0.217347 
2.09123 1.26762 0.565448 0.430243 2.95374 1.62853 1.17248 -0.0502743 0.952591 1.1405 -0.0154993 -0.268949 
2.15722 1.05221 0.803162 0.393555 3.6195 1.48396 0.88124 0.437302 0.993034 1.09651 -0.249919 -0.376399 
2.09927 1.53577 0.769118 0.376091 2.97414 2.00609 1.10939 -0.20772 1.60947 1.30868 0.0899934 -0.263484 
2.1247 1.57934 0.916364 0.476689 2.01783 1.40071 0.614332 0.215456 1.33572 1.81639 0.550588 -0.0567825 
2.17848 1.36539 0.643069 0.448808 2.16936 2.08657 1.58259 0.546786 1.36578 0.71711 0.104476 -0.0621138 
2.12488 1.76186 0.656144 0.137238 1.54028 1.52836 1.79839 1.1947 0.855609 0.634439 0.116105 -0.0183259 
2.04841 1.89626 0.768361 -0.14211 1.23742 1.49448 1.11042 0.305623 1.43909 0.631764 0.326833 0.0291413 
2.04483 1.53494 1.32261 0.60593 1.32198 0.44989 0.716308 0.670943 0.908013 1.15874 0.327848 0.00987553 
1.98688 1.74422 1.14541 1.20684 1.12658 0.785553 0.93166 -0.149221 1.83051 0.990409 0.253768 -0.0307889 
1.84801 1.64642 1.35963 1.47138 1.54798 2.0426 1.60627 -0.136941 2.35504 0.851753 -0.163778 -0.171822 
1.74389 1.49085 2.03691 0.785782 2.22052 1.62303 1.60062 0.0102066 1.27023 0.630368 -0.151665 0.0609432 
1.67385 1.80359 1.36212 0.240693 1.60635 0.765791 1.06217 0.335784 1.37307 0.363615 0.15183 0.0641961 
1.78107 1.82889 1.20433 0.719894 1.79866 1.20794 0.872864 0.226504 1.7471 0.142509 -0.0159833 -0.116408 
1.83628 1.62183 1.21748 0.618732 2.75752 1.38216 0.555079 1.01842 0.284947 0.732185 -0.104297 -0.210016 
1.65653 1.61873 0.786891 -0.329625 3.04187 0.917372 1.57563 0.930424 0.801391 0.464335 -0.124378 0.0017397 
1.77173 2.10338 1.9414 -0.114405 3.23674 2.28018 1.04326 0.791243 1.18203 0.830177 0.0342216 -0.0206185 
1.67505 1.82512 2.2964 0.244733 2.03886 2.13382 2.14048 0.918499 0.29333 0.638904 0.0432849 0.133148 
1.67133 1.86784 2.01189 0.991686 1.48601 1.38594 2.42443 1.52445 0.339275 0.52563 0.158001 0.0851328 
1.6493 2.03627 1.93559 1.34241 1.96527 2.21675 2.29779 1.45642 0.545761 0.279839 0.193722 0.142795 
1.62612 1.61299 2.40584 1.08112 1.74977 1.89659 2.57655 1.37679 1.12818 0.348674 0.0747144 0.151403 
1.5769 1.54504 2.62616 0.568789 2.04481 1.55396 2.06026 0.842525 1.83631 0.551783 0.0735496 0.319754 
1.46939 1.49957 2.12396 1.03269 2.35182 1.57813 2.02725 0.845586 1.48934 0.5885 0.291074 0.291716 
1.48749 1.62178 2.41997 1.79442 2.19508 1.3228 1.92081 0.87631 1.09233 0.0137269 0.208472 0.189932 
1.3668 1.86437 2.70967 2.23048 1.85927 1.31686 1.85833 1.35063 1.60489 -0.357393 0.0693265 0.135361 
1.45918 1.96368 2.65604 1.73826 1.79892 1.63851 1.61733 1.43307 1.33571 0.276812 0.100549 0.11594 
1.34205 1.8972 2.8553 1.71573 2.47165 1.14598 2.27128 1.39444 1.40499 -0.460095 0.146196 0.157665 
1.21217 1.8158 2.42573 1.93268 1.85186 1.00648 3.0041 1.00179 1.30702 -0.118546 -0.0151669 0.120005 
1.18222 1.7919 2.84459 1.4364 0.567094 0.780343 2.26398 1.16662 0.871502 0.116694 -0.0309416 -0.0339605 
1.11256 1.64997 2.59895 1.16105 0.73142 0.627017 2.08993 1.21011 0.79341 -0.091757 0.130768 -0.0386439 
1.1278 1.83501 2.89145 1.54968 1.46872 0.853971 2.58066 1.49057 1.10407 0.135399 0.301777 0.152983 
0.981879 1.83224 3.63977 1.53255 2.30099 1.22059 2.61465 1.56591 0.984337 0.19063 0.353927 0.230641 
1.12223 1.83479 2.8932 1.06035 1.64607 1.07432 2.3088 1.25252 1.07022 0.444579 0.192522 0.165156 
1.03518 1.83459 3.04848 1.29296 1.15004 0.41072 2.44707 1.50415 1.28003 0.107806 0.71362 0.185031 
1.00535 1.85776 2.5994 1.29622 1.63566 1.32138 1.10557 1.38963 1.62932 -0.0156805 0.694631 0.20227 
0.954306 1.55975 2.6122 1.115 1.40913 0.867065 1.37248 0.5964 0.914921 0.170173 0.849358 0.117579 
0.914567 1.11268 2.17517 0.818196 0.332265 0.779239 0.882366 0.765657 1.40861 0.570415 0.899433 0.114521 
0.982704 1.38759 2.50963 0.660815 1.12039 1.06182 1.45854 1.32322 1.70245 0.521235 0.769293 0.21291 
0.985759 1.60091 2.92479 1.11776 0.964145 0.589304 1.90966 1.41763 1.90125 0.647381 0.563169 0.330087 
0.968349 1.61468 3.05473 1.27593 1.01504 0.168722 1.67379 2.27955 1.50795 1.05767 0.358093 0.371555 
0.950859 1.57587 2.50025 0.710544 1.92703 -0.317006 2.33702 2.45238 1.11545 0.577952 0.693152 0.241819 
0.942635 1.62921 2.44379 1.23239 1.35217 -0.439646 1.51696 1.62634 1.47219 0.0373595 0.845249 0.229665 
0.959009 1.6044 2.51518 1.28066 0.949359 0.293143 1.91349 0.751728 1.67505 1.05263 0.301659 0.297287 
0.829315 1.53063 2.6149 1.75647 1.94678 0.251623 1.73147 0.89272 1.34094 1.16992 0.639109 0.286873 
0.801123 1.28856 2.78714 1.5822 1.16708 1.01454 1.73431 1.71579 2.09816 0.514328 0.757991 0.356958 
0.934869 1.2827 3.02483 1.33425 1.23166 0.735092 2.07574 1.61316 2.19842 0.315082 0.689203 0.434723 
