1.05326 1.46083 1.40792 0.437446 0.41269 0.533467 1.86335 0.822409 0.0373944 -0.293492 0.0373807 -0.0200802 
1.12115 0.988051 1.16998 0.656279 0.497912 0.858481 1.88854 0.446763 0.459483 -0.131876 -0.230853 0.0412509 
0.990964 1.0247 0.928873 0.796398 0.146968 0.696886 0.914596 0.436757 1.14723 0.127921 -0.190244 -0.0268073 
1.03591 1.2163 1.10204 0.98654 0.769817 0.812266 1.38762 0.223892 0.181896 0.654878 -0.0840926 -0.0335415 
0.971777 1.12813 0.841222 0.422002 1.21009 0.886655 1.03065 0.470338 -0.40294 -0.0946691 0.0137341 0.0274934 
0.897725 0.406965 1.51202 1.74019 1.13089 1.01401 1.65331 1.27122 -0.116714 -0.342368 0.340964 0.0834244 
0.589553 -0.645946 1.70952 2.33697 1.5156 0.290512 1.66922 1.93613 -0.0864943 -0.0783457 0.652654 0.0176769 
0.344621 -1.27295 2.13762 2.13729 1.63207 0.205621 1.33898 1.92582 0.136242 0.0336222 0.358318 -0.234755 
0.0897269 -0.914338 2.20523 2.07213 0.591957 -0.726608 1.13939 2.19071 0.327823 -0.332187 0.491261 -0.187605 
-0.22078 -0.412726 2.1988 1.22158 0.564982 -1.04749 2.25885 3.26509 -0.384925 -0.3514 0.408386 -0.253744 
-0.269347 -0.290421 1.79801 1.5181 -0.171402 -0.684277 2.41885 3.00628 -0.783166 0.0429353 0.767354 -0.525286 
-0.282947 -0.730456 2.12131 1.16371 -1.19859 0.180889 3.29982 2.06428 -0.734857 -0.43435 0.556788 -0.421861 
-0.304987 -0.309744 2.5806 0.0449867 -0.711299 0.275487 3.0974 2.17127 -0.172692 -0.429069 0.306812 -0.303521 
-0.371963 -0.53933 2.60397 0.616955 -0.890991 0.587951 3.26792 2.10271 -0.265712 -0.665719 0.106274 -0.0976577 
-0.330458 -0.934114 2.21995 0.989044 -0.728643 0.236915 3.28917 2.57662 -0.293584 -0.752442 0.472807 -0.204879 
-0.37204 -0.761595 2.379 0.666616 -0.474481 0.466674 3.1735 2.4228 0.0504035 -0.354959 0.417903 -0.178395 
-0.444852 -0.424441 2.20399 1.26455 -1.47905 -0.361932 2.5067 2.30826 0.203685 -0.025175 0.498322 -0.317284 
-0.605163 -0.587192 2.02142 0.0489635 -2.27344 -1.2202 1.93591 1.57157 0.236618 -0.133687 0.300788 -0.325381 
-0.708303 -0.598752 1.66669 0.0854233 -0.941446 -1.47236 2.21208 2.40241 0.15364 -0.0247514 -0.285942 -0.0875856 
-0.6418 -0.916658 1.82047 0.441145 -1.31069 -0.722006 2.99082 2.31488 0.201312 0.17615 -0.36844 -0.0362568 
-0.710738 -0.830542 1.78122 0.596163 -1.65352 0.16198 3.35696 2.38117 -0.125682 0.0266121 -0.104256 -0.137672 
-0.795408 -0.872372 1.59647 0.724355 -1.14898 -0.319577 2.32601 2.55899 0.0712999 -0.396696 0.100243 -0.213469 
-0.73435 -0.68537 1.82294 0.71443 -1.01657 0.257909 2.05681 2.75364 0.612028 -0.380177 0.0249704 -0.308522 
-0.86324 -0.996795 1.34628 0.245651 -0.60626 -0.505475 2.04539 2.88201 0.619296 -0.636721 -0.217356 -0.223582 
-0.802509 -0.901224 1.21012 0.397647 -0.80233 -1.35208 1.90709 1.87344 0.647384 -0.468008 -0.0332818 -0.364847 
-0.815095 -0.786017 1.1851 0.442849 -1.53547 -1.43219 0.858237 2.08587 0.6305 0.410249 0.192556 -0.347554 
-0.90278 -0.997825 1.42452 1.1197 -1.81242 -0.655361 1.07705 1.39689 0.774142 -0.15323 0.450686 -0.299692 
-0.862178 -1.03498 1.59276 1.27714 -1.14936 -0.641608 2.48715 1.3873 0.124791 0.0412259 0.895695 -0.404399 
-0.590342 -1.20018 1.38515 1.45227 -2.76412 -0.0929494 3.21579 0.457994 1.37474 0.203669 0.713193 -0.141396 
-0.405415 -1.08034 0.878321 0.0324691 -1.92488 -0.779709 2.1533 1.08303 1.11416 0.303192 0.606353 -0.205399 
-0.302866 -0.965586 1.22744 0.0700468 -1.02058 -0.86174 1.18337 1.93391 0.649715 0.178296 0.0186194 -0.367548 
0.288229 -0.592142 2.1618 1.0193 0.531179 -0.274888 2.60696 2.32792 0.319066 0.282329 -0.303493 -0.0924046 
1.34928 -0.0368979 0.399162 0.291445 0.727972 1.13867 1.59631 1.73734 0.619808 0.246715 0.0610825 -0.208738 
1.52682 0.112288 -0.252386 0.273074 1.78445 1.15271 1.6604 1.35417 0.628646 0.248709 -0.252606 -0.240361 
1.78245 -0.299804 -1.13531 0.367499 3.1895 0.848245 1.20082 1.43984 0.832819 0.536061 -0.411196 -0.284934 
1.86906 -0.663002 -1.06231 0.599865 2.34569 1.06133 1.5635 0.98566 0.796666 0.456925 -0.226515 -0.276947 
1.86676 -0.626523 -1.11744 0.917752 1.99321 1.047 1.88969 0.891337 1.054 0.386593 -0.179087 -0.248392 
1.8687 -0.756341 -0.739209 0.978652 2.60058 0.928966 2.23334 0.759443 1.27491 0.568964 -0.305225 -0.274524 
1.8114 -0.509724 -1.0033 0.882304 2.83408 1.85759 1.83633 0.760325 1.6689 0.412348 -0.454906 -0.363789 
1.75987 -0.512455 -0.80131 1.00116 2.74387 1.70788 2.06462 0.598369 1.41021 0.609211 -0.458757 -0.442268 
1.79394 -0.648826 -1.46038 1.69831 2.39134 1.23366 2.79403 0.635138 1.45208 0.336079 -0.256862 -0.425586 
1.70628 -0.684849 -1.20226 1.38708 2.66665 1.53163 2.23473 1.20973 1.80798 0.4161 -0.438892 -0.431139 
1.63135 -0.217335 -0.5918 0.979869 2.09251 1.15173 2.50649 1.29429 1.58822 0.237492 -0.403194 -0.27919 
1.75336 -0.411982 -0.680966 0.53309 1.3532 1.84625 3.60425 0.335936 1.22562 0.21087 -0.156757 -0.234723 
1.78318 -0.722618 -0.216259 0.12878 1.95428 1.56135 3.4061 0.660498 0.931423 0.31328 -0.362077 -0.120281 
1.81101 -0.182855 -0.62395 0.188164 1.87787 1.82053 2.54632 1.24956 1.42189 0.0144031 -0.228554 -0.175357 
1.74058 -0.147657 -0.39752 0.273215 1.82592 1.62447 2.82313 1.43025 1.0536 0.400184 -0.148808 -0.255271 
1.65323 -0.186119 0.0348021 0.601191 1.84652 1.15007 2.54904 1.55501 1.65437 0.507816 -0.422544 -0.299217 
1.57925 0.0644513 -0.197827 0.921767 1.43145 1.81103 3.49138 1.26575 1.85804 0.234899 -0.168698 -0.189779 
1.58079 0.136125 -0.190757 0.737987 1.5421 2.26591 2.9834 1.34781 2.02503 0.939491 -0.0666495 -0.295481 
1.60954 -0.213994 -0.0314586 0.660149 1.42208 2.25853 3.38094 1.32837 1.43788 1.12419 0.112098 -0.264274 
1.61114 -0.115906 0.299304 0.614696 1.80932 1.50777 3.49395 1.9052 1.1507 0.807975 0.0910968 -0.10197 
1.60597 -0.0119137 0.345915 1.07197 1.91403 1.89649 2.64947 1.55522 1.57285 0.456455 -0.0877245 -0.0115053 
1.62082 0.183444 0.073058 0.783057 2.17938 1.58492 3.52665 1.74238 1.37475 0.246987 -0.0710539 0.0673768 
1.80454 0.153237 -0.12578 1.16508 1.86629 1.29474 3.16429 1.8753 1.78487 0.536578 -0.111091 -0.106907 
1.65857 0.138596 -0.200372 0.663357 2.29883 2.11641 2.6747 1.85995 1.83363 0.254922 0.206785 0.124355 
1.7001 0.0273689 0.0546334 0.802703 2.5857 1.99562 2.76732 1.25256 1.89545 0.74797 -0.119666 -0.0560722 
1.72458 0.0292652 0.0721534 0.781334 1.83414 1.66917 3.34583 0.948485 2.1025 0.908691 -0.172406 -0.181911 
1.68677 0.19677 0.445916 0.281898 1.84686 2.34932 2.77207 1.44912 1.64072 0.600648 -0.16877 -0.0741506 
1.47802 0.225666 0.21063 0.637076 2.25691 1.87952 1.93798 1.41785 2.36271 0.93544 -0.367773 -0.282615 
1.81585 0.355408 0.0320378 -0.150051 0.657449 0.775954 0.808924 0.140375 2.26532 0.868589 0.113381 -0.0600976 
1.44336 0.216402 0.759859 -0.779482 -0.00576117 -0.360976 -0.336389 1.0608 1.18955 1.19301 0.541175 -0.143757 
0.659592 0.233969 1.52396 -0.48285 -0.030569 -0.971535 0.923612 2.10076 1.14438 0.726566 0.967484 -0.308888 
0.360441 0.0718047 1.9038 0.378804 -0.781348 -1.16832 1.91649 2.45107 1.33055 0.452632 1.09196 -0.461375 
0.249036 -0.184578 1.63054 1.12118 -1.09549 -0.771072 2.11022 2.35115 1.88412 0.239711 1.029 -0.578838 
0.192526 -0.274181 2.01403 1.45951 -1.74804 -0.690754 2.24587 2.78505 1.78504 0.167693 1.02183 -0.365315 
0.00296051 0.0797166 2.54511 0.811083 -2.18232 -0.483982 2.51048 2.54463 1.39763 0.706593 0.75649 -0.286634 
0.023529 -0.181928 2.2569 0.619242 -1.58279 -1.15001 2.38418 2.72599 1.17543 0.829336 0.778903 -0.393822 
-0.124172 -0.385316 2.55645 0.207397 -1.87123 -0.942712 2.4422 2.42987 1.24322 0.761632 0.936122 -0.398944 
-0.216735 -0.262078 3.03194 0.766837 -2.18874 -0.293343 2.43535 2.23329 1.52533 0.354015 0.977936 -0.341353 
-0.356669 -0.276003 2.97528 0.916907 -2.08124 -0.931672 2.79205 2.4507 1.44814 0.257722 1.01078 -0.307645 
-0.350398 -0.421977 2.62764 1.36858 -1.366 -0.989343 3.13884 2.296 0.920886 -0.0486187 0.9806 -0.281763 
-0.406433 -0.404004 2.51636 0.842414 -1.40364 -0.751131 2.59725 2.59548 0.921868 -0.15091 0.922414 -0.401135 
-0.262252 -0.625871 2.82253 1.29936 -1.04544 -0.778829 2.42894 2.34959 1.14982 -0.0552113 0.95475 -0.32418 
-0.166744 -0.553209 2.9559 1.00003 -1.4912 -0.999727 2.3298 2.55911 1.47601 0.245094 0.993489 -0.302513 
-0.141989 -0.700059 2.62609 1.153 -1.50584 -1.13217 2.52989 2.66889 1.11939 0.34797 1.02836 -0.389525 
-0.244646 -0.278266 2.27261 1.6459 -1.35838 -1.63105 3.06191 2.93078 0.656641 0.384238 1.17841 -0.459529 
-0.111607 -0.409445 2.00169 1.84042 -1.44568 -0.832622 2.59929 2.12066 0.840172 0.211585 1.10335 -0.468235 
0.0018027 -0.461488 1.95019 1.26985 -1.82367 -1.01908 2.32192 1.95224 1.06415 0.467328 1.15358 -0.357628 
0.0617363 -0.522374 1.68538 0.671179 -1.25734 -1.25627 1.59501 1.40681 1.54465 0.759082 0.973893 -0.234129 
0.0713264 -0.378624 1.65623 0.887734 -0.939868 -1.57975 1.32681 1.43257 1.67092 0.687475 0.856368 -0.171616 
0.112634 -0.4103 2.05775 1.22163 -0.99558 -1.99593 2.07109 1.85427 1.50473 0.617317 0.950918 -0.109548 
0.283275 -0.333383 2.4512 1.32083 -1.20462 -1.4651 2.64689 1.2898 1.82777 0.693856 0.73456 -0.0797145 
0.312441 -0.394641 2.39097 1.59815 -0.672157 -1.15488 2.80527 1.66758 1.61295 0.746774 0.784535 -0.271321 
0.347115 -0.368065 3.27679 1.1101 -0.524236 -1.43562 2.38967 2.45372 1.49324 1.08843 0.910125 -0.11011 
0.382462 -0.137222 2.99938 1.10255 0.273952 -1.47907 3.33712 2.02956 1.93937 1.32949 0.702483 -0.152226 
0.476795 -0.20981 2.90365 1.80143 -0.800283 -0.805358 2.90152 2.17347 2.25124 0.922438 1.01969 -0.135912 
0.454944 -0.200464 3.0507 1.27042 -0.906129 -0.429262 2.96657 2.16166 1.8806 0.885532 1.00748 -0.200804 
0.557257 0.00842433 2.62528 1.38413 -0.760926 -0.258453 2.80131 2.54183 1.22995 1.50382 0.806644 -0.338849 
0.551196 -0.0969421 2.47878 1.56742 -0.287714 -1.16843 3.46646 2.51524 1.43976 1.6042 0.510986 -0.248286 
0.4806 -0.0394194 2.91588 0.622949 0.00700651 -1.00171 2.9824 2.79128 1.40298 1.2041 0.822062 -0.245019 
0.635066 -0.132729 2.68048 0.686863 0.0731363 -0.862171 3.19548 1.91157 1.30535 1.25192 0.23137 -0.0986438 
0.527038 0.145581 2.18973 1.26845 0.0205389 -1.11344 3.37409 1.43885 1.27 0.967555 0.48212 -0.0567398 
0.496764 -0.0282826 2.52712 1.55868 -0.253062 0.116604 3.36344 1.64744 1.23098 0.787897 0.912176 -0.238842 
0.43076 -0.0890508 2.72948 1.38865 0.359523 -0.700612 2.92284 1.8255 1.3138 0.980089 0.798152 -0.226358 
0.481776 0.222463 2.92212 1.37113 0.537156 -0.106278 3.11245 0.874147 0.68915 1.03805 0.379196 0.0153562 
0.739255 0.396815 2.4934 1.25256 -0.94522 -0.247673 2.55683 1.42966 0.109368 1.09382 0.364224 -0.180503 
0.70511 -0.273123 2.73657 1.08335 -0.330438 -0.823689 2.47798 2.24499 0.464394 1.39705 0.6395 -0.348855 
0.679939 0.0347681 2.49327 1.01338 -0.22407 -0.714323 2.67349 2.06184 0.459348 1.46339 0.501626 -0.327369 
0.756692 -0.064308 2.75021 0.582439 -0.481253 0.380901 2.30751 1.2671 1.14059 1.17491 0.281233 -0.211896 
0.847644 0.0891143 2.68474 0.939056 -0.580712 1.06994 2.83739 1.24731 1.20594 0.80641 0.911597 -0.135546 
0.708217 0.364535 2.76895 0.919894 -0.784936 0.67688 2.67147 1.25957 0.475868 0.643488 0.622213 -0.169552 
0.874854 0.320915 2.77509 0.747235 -0.555131 0.509755 2.73398 1.2457 -0.0098177 0.781343 0.432743 -0.204064 
0.91911 0.337168 2.13032 0.426543 -0.680839 0.546661 2.6342 1.07644 0.543392 0.729552 0.734878 -0.172517 
0.780539 0.671593 2.70244 0.521051 0.022732 -0.1651 2.57566 1.45791 1.30488 1.14833 0.429147 0.0377313 
0.758928 0.672548 2.44242 0.97616 0.572376 -0.150828 2.72993 1.47258 1.44121 1.59787 0.878142 -0.0385673 
0.667803 0.603318 2.44258 0.741521 0.209276 -0.247191 2.63825 1.79999 1.13088 1.52325 0.77734 -0.165615 
0.781137 0.554404 1.93825 1.31801 -0.0879315 -0.214861 2.43934 1.20477 0.329331 1.20258 0.745044 -0.153214 
0.708298 0.302666 1.96562 1.5488 -0.327569 0.755813 2.45262 1.11426 -0.484943 0.830334 0.413322 -0.229961 
0.75465 0.434108 2.2753 1.11598 -0.108967 0.449903 2.90645 1.29728 0.32277 0.939032 0.561191 -0.183021 
0.822307 0.958981 2.05316 1.17769 -0.196616 -0.01123 2.04002 2.0496 0.67852 0.559831 0.530977 0.0181846 
1.02779 0.702718 1.84461 0.883447 -0.753488 0.230799 2.02634 1.62397 0.934098 0.498133 0.561748 -0.0734266 
0.959358 0.795431 2.03899 0.949357 -0.642849 0.494979 2.0624 1.0945 0.125871 0.701467 0.349948 -0.0547255 
0.92088 0.755888 2.00419 1.28794 0.5733 0.369906 2.10341 1.74491 0.383648 0.0678965 0.463791 0.084046 
0.885034 0.911035 1.55417 1.21715 0.103513 0.673783 2.23062 1.6246 1.17401 0.273896 0.559412 0.0176972 
0.815566 1.07506 1.85647 1.30634 -0.131725 1.23336 2.59777 1.21051 0.530037 1.23637 0.599345 -0.117936 
0.915255 0.732295 2.07054 2.00338 0.641268 0.341155 2.29238 0.965385 0.538642 1.01783 0.393774 -0.0182419 
0.98799 1.27893 2.22444 1.01753 0.842667 0.452446 -0.33361 1.37925 1.54741 0.36687 -0.179583 0.159164 
0.984142 1.09281 1.99268 1.09126 0.499964 0.846051 0.558358 1.69054 1.74966 0.541666 0.359556 0.152105 
0.980277 1.28944 1.68312 1.26537 1.05696 0.488429 1.68757 1.33102 0.685071 0.584003 0.855395 0.112663 
