1.10656 1.52501 2.09454 1.53421 1.71564 0.850028 0.501803 1.0894 0.319974 0.75469 0.843639 0.144445 
1.05551 1.45841 1.68535 1.04963 1.29919 1.16913 0.820567 1.70653 0.676865 -0.145294 0.280352 0.0755371 
1.1761 1.78672 1.86013 0.180242 1.09686 0.727126 0.678713 1.01757 0.685539 0.541339 0.0400938 0.0744817 
1.076 1.66143 1.74897 1.78592 1.3991 0.303723 0.965223 0.996166 -0.0478506 0.13787 0.39927 0.108865 
1.11578 1.88188 1.80584 1.88572 0.950937 0.129301 0.40506 1.39358 0.660981 0.435456 0.336034 0.171023 
1.21712 1.82452 2.48388 0.933063 1.65272 1.01211 1.13642 0.36961 1.70154 0.31691 0.031154 0.207132 
1.15158 1.46752 1.67564 1.01138 1.5243 0.774717 0.731253 0.744315 0.687008 0.0553268 0.539817 0.0657744 
0.998385 1.46836 1.37973 1.86807 0.605219 0.347012 0.563842 0.577225 0.915402 0.902022 0.776787 0.105281 
1.0666 1.35853 1.32368 1.1179 1.24035 0.510364 0.545606 1.00803 1.0177 0.181088 0.221797 0.109696 
1.04939 1.19005 1.5544 1.13651 1.33095 0.537333 0.693145 1.77899 0.946642 0.313033 0.461277 0.113797 
1.01392 1.38195 2.15997 1.13404 2.06914 -0.203108 0.31411 1.71875 0.807313 0.498811 0.367708 0.112109 
1.12528 1.5872 2.05119 1.31649 1.15783 -0.361534 0.515769 1.08102 0.526144 0.677752 0.321622 0.129567 
1.14802 1.43894 2.01485 1.50842 1.49001 -0.416847 1.16074 0.653097 1.11661 0.626786 0.258931 0.204314 
0.9172 1.45256 2.03035 1.19133 1.25786 0.545425 0.999428 0.175332 1.05587 0.564165 0.104552 0.141906 
0.832279 1.15343 1.69368 1.21468 0.76485 0.838987 0.913037 1.06844 1.27481 0.669027 0.220142 0.120262 
0.552785 0.405322 3.14939 0.932742 0.47246 -0.118488 0.787607 1.00658 0.954419 0.921691 -0.124712 0.258231 
0.424513 -0.739026 3.82415 1.31576 -0.995071 0.0694706 2.38665 0.164519 -7.82895e-006 0.444484 -0.091175 0.341895 
0.113942 -0.915641 4.19328 1.68575 -1.82025 1.47234 2.1365 -0.383204 0.23701 0.542501 0.132327 -0.0136235 
-0.0661591 -0.864573 3.98166 0.421322 -2.06844 2.78808 2.27654 -1.26231 0.973354 0.782984 -0.546158 -0.0415788 
-0.308751 -0.462284 4.57954 -1.57778 -2.38162 4.02479 1.46642 -1.44939 1.50535 0.735776 -0.870524 0.348583 
-0.733043 -0.019479 5.68723 -1.71199 -1.17623 3.89195 0.69197 -1.45841 2.27259 0.361679 -0.745436 0.632284 
-0.931043 0.287101 5.99695 -1.40064 -0.557165 3.49691 0.522051 -0.979061 2.14077 0.0412925 -0.394525 0.535154 
-0.972069 0.00216423 5.58214 -1.15347 -1.21449 2.86042 0.711701 -1.28373 2.14116 -0.0792345 -0.284912 0.452401 
-0.991302 -0.149924 5.3469 -0.599816 -0.090435 1.81897 1.7067 -0.192125 1.83458 -0.272371 0.254305 0.398308 
-1.13973 -0.356363 4.86091 0.174714 -0.00615984 1.42819 2.24828 -0.363398 1.62186 -0.233831 0.34582 0.352116 
-1.18278 -0.0285697 4.09535 0.437395 -0.148156 2.07164 1.98735 -1.00497 1.386 -0.232684 0.0837318 0.296708 
-1.27589 0.321959 3.69967 0.308715 -0.946133 2.00129 1.57445 -0.500524 1.11768 -0.00792838 -0.0598961 0.238162 
-1.29246 -0.0632917 4.1875 -0.0996926 -0.117352 1.518 1.42091 -1.0335 0.710892 0.659274 -0.557349 0.314244 
-1.38983 -0.107988 4.44061 0.0871439 0.531215 1.57867 0.977197 -0.866299 1.09427 0.463959 -0.308538 0.334744 
-1.5062 -0.458809 4.54268 -0.704042 0.224163 2.03774 0.958951 -0.0295032 0.678475 0.0509341 0.088828 0.213926 
-1.67583 -0.423283 3.88902 -0.569125 -0.736368 1.33185 0.174992 -0.347282 0.812894 -0.346742 0.083993 0.110686 
-1.50034 -0.33325 3.54183 -0.242376 0.033199 0.772306 1.16911 -0.343207 0.885266 0.388654 0.00822405 0.108112 
-1.31011 -0.393028 3.56811 0.519984 0.713799 2.15481 2.37687 -0.516344 0.682788 -0.385754 0.709681 -0.0277645 
-1.2811 -0.265328 3.73594 0.280259 0.483635 1.77767 1.93579 -0.104196 1.13371 -0.857894 0.774605 -0.015445 
-1.29743 -0.772783 4.74867 0.151346 -0.248198 1.70443 1.49276 -0.410285 0.405963 -0.0727782 0.231876 0.00498387 
-1.09548 -1.14555 4.11613 0.188733 0.280651 2.75164 1.74319 -0.217596 0.506983 -0.439451 0.68343 0.0561559 
-0.935968 -1.18743 3.34331 0.155233 0.470713 1.76367 1.56985 0.564787 0.61374 -0.395606 0.282691 0.325936 
-0.806374 -1.0846 2.68148 0.424928 -1.50667 0.14829 2.02466 0.0109315 1.22671 -0.169688 0.462588 -0.0932546 
-0.345243 -0.363398 2.80112 -1.14872 -1.40886 0.483282 0.986794 -0.178497 0.986379 0.149506 0.058262 -0.0989182 
0.123314 0.147255 2.50717 -1.69733 -1.27498 1.07472 1.30438 -0.257902 1.13699 0.252665 0.924485 -0.327342 
0.498722 0.344244 3.01206 -0.658588 0.0244759 2.73144 1.88318 -0.481029 0.524136 -0.314827 0.60606 -0.391855 
1.45826 0.53274 2.03224 -1.52745 -0.663161 1.93918 0.757907 -0.00906018 0.31043 0.0488214 0.679162 0.0408165 
1.9016 0.439964 0.972832 -1.97272 0.403659 1.40807 0.177728 0.29502 0.432065 -0.617775 0.534929 0.276768 
1.93445 0.565403 0.403017 -1.87356 0.90079 1.28085 -0.392631 0.463204 0.521727 -1.06354 0.637063 0.301622 
1.99741 0.678277 0.48978 -2.30483 1.19191 1.30055 -0.696663 0.170259 0.59547 -0.841651 0.555755 0.22474 
2.25394 0.167406 -0.14206 -1.9669 1.53063 0.526379 -0.722573 -0.278409 0.898303 -0.521845 -0.0270524 0.241143 
2.4043 -0.0963332 -0.197772 -1.75624 1.45225 0.503043 -1.16415 0.242113 0.941755 -0.555914 -0.178373 0.105039 
2.2725 0.564222 0.15834 -1.98234 0.442016 0.762879 -0.171141 -0.282848 0.478516 -0.712145 0.0495034 0.254393 
2.08985 0.719522 0.740194 -2.09787 0.138398 0.503019 -0.164192 -0.237338 0.498995 -0.753204 0.0676445 0.20636 
2.21656 0.847986 1.25727 -2.00242 0.124684 0.878434 -0.712019 0.557652 0.738017 -0.582191 0.353296 0.199451 
2.2543 0.810195 1.71623 -1.88619 0.166368 0.509535 -0.92997 0.0127871 0.911671 -0.555066 0.000924425 0.185757 
2.24066 0.73602 1.65963 -0.696746 0.466148 0.0724446 -0.409542 0.0282019 1.03436 0.15347 0.0286705 0.121925 
2.25108 0.52242 1.98453 -0.760105 0.762146 0.501331 -1.13772 0.536631 1.20605 0.280966 0.169762 -0.0761572 
2.1616 1.29492 2.31999 -0.641195 0.34422 1.38427 -0.388451 0.726369 0.267609 -0.330159 -0.135084 -0.312938 
2.14816 0.916889 2.73413 0.277043 1.00332 0.822363 -1.12473 -0.133113 0.626868 0.544719 -0.029395 -0.279247 
2.21115 1.18227 1.78287 -0.341235 0.618645 0.227259 -0.953753 -0.0227245 0.817145 0.365989 0.246496 0.0169218 
2.23969 0.813145 1.75088 -0.977233 0.527644 0.697845 -0.0572934 -0.251881 0.809803 0.426633 0.326974 0.297582 
2.19216 0.769935 1.40766 -0.47827 0.797559 0.259575 -0.719417 0.109688 1.51778 0.134599 0.140886 0.202553 
2.27464 0.874678 1.35863 -0.394059 0.0405867 -0.0309896 -0.279049 0.0204635 0.784454 -0.185451 0.0425402 0.171768 
2.42831 0.835293 1.7344 -0.966156 -1.09573 0.498104 -0.157476 0.188113 0.0469376 -0.119465 0.255638 0.0572241 
2.47584 1.05568 1.22305 -1.53858 0.049068 -0.595159 -0.644033 0.263137 0.981518 0.0524707 -0.0712755 0.0144617 
2.56846 1.37502 0.555873 -1.53936 0.103667 -0.749457 0.290472 -0.302209 1.16612 0.323543 -0.122315 0.0360189 
2.42417 1.69354 0.817515 -1.15944 -0.261303 -0.238726 0.549133 -0.142591 0.497723 0.231586 0.00822624 -0.0548738 
2.50241 1.5586 -0.062239 -1.42088 -0.313315 -0.378802 1.99906 -0.235171 0.352995 0.0234609 -0.0286028 0.0503618 
2.42478 1.38542 0.248192 -1.54471 0.10964 0.318276 0.246886 0.347113 0.624955 -0.28946 -0.0922214 -0.0598571 
2.35617 1.08565 0.13147 0.114278 0.662358 -0.894783 -1.00717 0.764748 1.79795 0.237673 -0.346509 -0.289862 
2.45822 0.845225 0.511205 -0.0489261 0.722162 -1.28308 -0.656708 0.574295 1.60128 0.275669 -0.469474 -0.273836 
2.47092 0.816557 1.09771 -0.334794 0.629738 -0.544922 -0.403985 1.07633 1.76612 0.480985 -0.0695778 -0.0335449 
2.62171 0.562069 0.505783 0.237514 1.21102 -0.897654 -0.78426 1.43314 1.40791 0.63065 0.161729 0.0335684 
2.40149 0.953673 0.906442 0.497695 0.0921694 -0.470646 0.0260034 1.25854 1.50052 0.183872 0.170082 0.242523 
2.22827 1.47624 1.34417 0.211136 0.797587 0.141947 0.501064 1.33529 0.876842 -0.439437 0.0382244 0.150027 
2.07861 1.602 2.35218 -0.177161 0.566919 0.344276 1.06425 1.63739 1.1944 0.0981238 0.165183 0.0537963 
2.04654 1.86759 2.35809 0.341625 0.810407 0.652434 0.169883 1.12858 1.63696 0.45986 0.0358763 -0.0711957 
2.19223 1.72585 1.68432 0.344468 1.43549 0.808437 1.38058 0.475794 0.423494 0.13274 -0.163901 -0.0763487 
1.98235 1.58509 1.8565 0.881884 1.35886 1.168 2.35858 0.325827 -0.63788 0.0404561 0.0278062 0.0226484 
2.10243 1.53735 1.68579 0.822698 1.37452 1.41875 2.83269 -0.0606468 -1.14288 -0.0430242 0.0170723 0.0478636 
2.10305 1.68476 1.886 0.536455 1.6433 1.12846 1.92284 0.432695 -0.513671 -0.168895 -0.149262 -0.0142099 
2.05182 1.63551 1.94431 0.29619 1.95112 1.51946 1.59985 0.830593 -0.16206 -0.198744 -0.124121 -0.0237764 
2.05695 1.54013 1.63318 1.01737 2.06394 1.52553 2.23766 0.406843 -0.521751 -0.398792 -0.0419221 0.112541 
2.1023 1.43074 1.57755 0.418805 1.56028 1.0233 1.89994 0.536181 0.0943772 -0.0662047 0.206496 0.271273 
1.9739 1.6053 2.03868 0.803481 0.942953 0.31676 1.34052 1.02129 0.36838 0.63356 0.356647 0.111407 
1.8557 1.6252 2.11959 0.142541 0.351997 -0.106827 1.63623 0.860169 0.936203 0.709909 0.492735 0.237844 
1.79283 1.68956 1.88961 0.177422 0.00907424 -0.0961498 2.14072 1.21773 1.04886 0.468172 0.532648 0.176459 
1.83061 1.55499 2.07238 0.547986 0.847175 -0.0898633 1.93423 1.66517 1.31997 0.347016 0.146659 0.0939655 
1.89366 1.47535 2.15258 1.00304 1.95238 -0.55663 1.3158 0.990093 0.245739 0.745057 0.192754 0.184524 
1.80991 1.39247 1.9177 0.858292 1.2368 0.546817 1.19769 0.764782 0.528076 -0.171535 0.597987 0.364308 
1.68793 1.32616 2.02404 0.791013 0.5739 0.45636 1.56227 0.669759 1.13744 0.145873 0.852691 0.43568 
1.72403 1.0092 2.08506 0.973681 1.00298 0.790532 1.44177 0.907417 1.01056 0.609918 0.752495 0.380555 
1.70405 1.09821 1.69528 1.11132 1.52508 0.637117 1.85362 1.55173 0.540461 -0.406272 0.62112 0.423092 
1.64177 1.27109 1.62061 0.838836 1.46779 0.697054 2.66437 0.838945 0.385513 -0.485757 0.388168 0.328916 
1.69068 1.26358 2.27352 0.824761 0.483684 0.222892 2.65749 0.416895 0.23096 -0.766048 0.511785 0.348299 
1.64734 1.00529 2.14442 1.29578 1.30314 0.531621 2.41421 0.619455 -0.2562 -0.0136992 0.615907 0.298027 
1.43013 1.23914 1.2916 0.900671 1.91181 1.16814 2.57715 1.00732 0.125946 0.249164 0.786353 0.35972 
1.49737 0.889928 1.54604 1.09016 0.801386 1.26465 2.85896 1.80476 0.541938 -0.246572 0.935721 0.376094 
1.5127 0.986162 2.04791 0.877428 1.21603 1.29775 1.85827 1.85923 0.612079 0.127352 0.838329 0.302425 
1.4088 0.898427 2.01902 0.780602 1.11083 1.11731 2.5941 1.00025 0.691724 0.0597782 0.96143 0.38575 
1.33078 0.928963 2.11529 1.18427 1.81095 0.510929 3.21375 0.832638 0.139874 0.156584 0.980655 0.39317 
1.51522 1.02188 1.75135 0.746347 1.51903 0.100955 2.92783 1.47809 -0.306527 0.0952438 0.487633 0.243748 
1.30993 1.11497 1.77851 0.592983 1.53612 0.596277 2.61197 0.874682 -0.367088 0.517133 0.587641 0.180224 
1.3877 0.881335 1.72305 0.0432457 1.83315 0.851766 1.83538 1.1405 0.155134 0.579449 1.04956 0.335162 
1.40975 0.759264 1.67031 0.470505 1.44568 1.53647 2.35519 1.18814 0.135592 0.215661 0.771736 0.288639 
1.39901 0.829525 1.60582 0.536842 1.15254 0.542221 2.29981 1.43367 -0.0503677 0.137029 0.914309 0.270268 
1.29804 0.451777 1.50669 1.02419 0.57234 -0.193884 1.34066 1.12482 0.117183 -0.113588 1.41786 0.258134 
1.33647 0.366811 1.64433 0.592755 0.711895 -0.664504 1.65076 1.06305 0.0776498 0.0557318 1.28318 0.234892 
1.27051 0.639153 1.99977 1.14053 0.960386 -0.450047 2.08768 0.709875 -0.185148 0.549394 0.746075 0.0430504 
1.33207 0.718111 1.6706 1.59645 1.1801 -0.0412709 2.14326 0.543832 -0.0441182 0.470054 1.02942 0.212098 
1.33229 0.583409 1.83489 1.73455 0.748553 0.644584 2.51448 0.527793 0.917474 0.222099 1.21091 0.318452 
1.29177 0.661877 1.30126 1.47194 1.06951 0.572328 2.0906 0.405334 0.754156 0.222313 1.48831 0.33396 
1.33463 0.343588 1.51503 2.17464 1.09933 0.389802 1.68907 1.03012 0.439875 1.1141 1.62338 0.229138 
1.17704 0.352824 1.54571 2.25159 1.55069 1.13133 2.29491 1.04486 -0.353896 0.668116 1.33448 0.152431 
1.14237 0.208056 1.98768 1.4558 1.47907 0.706084 2.12033 0.386648 -0.227608 0.842327 1.4667 0.0867626 
1.1408 0.0911212 1.88105 1.60012 2.07815 0.167266 2.19678 0.252186 -0.488478 1.20506 1.21512 0.0173004 
1.17583 0.0334076 1.96303 1.28044 1.19087 0.237679 2.71782 1.05596 0.161544 0.919883 0.982208 0.0924632 
1.1709 0.0391791 1.53894 2.38923 1.20437 -0.0481641 2.96282 1.95105 0.442908 0.647424 0.371274 0.0925871 
1.10325 0.247257 1.85011 1.46289 1.01537 -0.948829 1.72302 1.6915 -0.18829 0.682795 0.489858 0.114138 
0.92926 0.318807 1.47055 1.60227 1.33176 -1.14264 1.66369 1.73494 0.0286396 1.02481 0.351926 -0.0129816 
0.807532 0.196604 1.44179 2.45393 0.543884 -2.36704 1.62235 1.07006 0.544834 0.60504 0.477294 0.0741339 
0.838434 0.0341856 1.90034 1.54404 0.936273 -1.74347 1.55016 0.610803 0.0856225 0.744494 0.724458 0.00341318 
0.894776 0.0258812 2.07521 1.11399 0.465243 -1.39171 1.1766 0.5638 -0.0463291 0.319255 0.592683 0.231308 
0.950464 0.109854 1.49021 0.713318 1.02848 -1.18925 1.74833 1.41477 -0.339481 0.576191 0.766599 0.0404068 
0.997161 0.438089 1.0922 1.17284 0.364801 -0.92212 2.51831 1.09376 0.325715 0.508463 1.11119 -0.00734211 
1.06435 0.217041 1.23938 1.50487 0.50545 -1.01594 1.58477 0.665498 0.995428 0.0243651 0.89097 0.236594 
0.946803 0.0106269 1.26952 0.919126 1.31878 -0.777429 1.72482 1.30785 0.475276 -0.0383674 0.367024 0.136139 
1.13589 0.354571 1.03387 0.52234 0.77507 -0.667817 1.28516 1.15007 -0.625097 -0.0314385 0.765541 0.150546 
0.903478 0.312828 0.988977 0.439005 0.14189 -1.20361 2.17522 0.920179 -0.283003 -0.0537598 0.586695 0.058611 
0.843209 0.0163339 1.15901 0.821297 0.771861 -0.544815 1.67533 1.31801 0.136364 0.663093 0.827365 0.00120682 
0.900581 0.0544922 1.12659 0.869184 1.03021 0.325792 1.3603 0.624565 0.233312 0.343141 0.845815 0.105925 
0.998442 0.100173 1.63311 0.889739 0.90989 -0.501556 2.19135 0.449976 0.313809 0.139609 0.597116 0.224556 
0.960685 0.338332 1.34162 0.426935 2.00451 -0.0628753 1.47861 0.0913891 0.648836 0.602018 0.326042 0.194732 
0.946176 0.11376 1.17707 0.330755 1.25604 -0.407869 1.18164 0.363292 0.260414 -0.359741 0.587525 0.350463 
0.851513 -0.0826244 1.31485 0.525258 0.988427 0.717782 1.49956 1.89311 0.474941 -0.446656 0.439175 0.151857 
0.801413 0.0353296 1.00651 0.552538 1.40524 0.181366 1.76876 1.11564 0.217026 0.0170222 0.526264 0.129358 
0.83049 0.363808 1.20538 0.750601 1.7789 -0.165945 1.97279 0.630672 -0.154012 0.393507 0.44045 0.231098 
0.949525 0.322152 1.46423 1.10123 1.66935 0.309778 1.26038 -0.158421 0.744816 0.286136 0.715737 0.214042 
0.830699 0.206667 1.51693 1.58675 1.1067 0.00911525 1.44192 0.731475 0.419063 0.216626 0.653254 0.105369 
0.846699 0.159858 1.54784 1.22079 1.19925 0.111065 1.94446 1.00877 0.0691984 0.00322098 0.259897 0.10831 
0.74591 0.612878 1.19563 1.14069 0.80998 -0.415172 1.98521 1.44656 -0.133988 0.0587505 0.752869 0.0664749 
0.6845 0.278313 1.0402 0.970658 1.23737 -0.638917 1.09181 1.52737 0.0585164 0.468468 0.916601 0.0174966 
0.780713 0.0187033 1.26054 1.40926 -0.0431904 0.188087 0.975237 1.41198 0.741619 -0.246319 0.624502 0.0953116 
