0.840544 1.10237 1.66593 0.602083 0.162573 0.0871813 -0.0540733 1.4857 0.84612 0.807976 0.391175 0.0508368 
0.687696 1.2781 1.49753 0.66353 1.01369 0.191652 0.393826 0.443176 0.346495 0.744299 0.499891 0.059329 
0.683906 1.40148 1.32985 0.789035 1.23736 0.0504135 0.856162 -0.274509 1.01997 0.608827 0.286775 0.133319 
0.882271 1.36679 1.45769 1.2178 1.22661 -0.400567 -0.0027553 -0.56205 1.02128 0.548956 0.164631 0.0123725 
0.632294 1.27684 1.66174 0.719043 0.791246 -0.00390212 0.461871 -0.715877 0.638818 0.196262 0.413392 -0.11306 
0.553428 1.33939 1.52859 0.845273 0.723042 0.703067 -0.0388896 0.496532 0.357915 0.350102 0.326734 -0.192838 
0.720667 1.64811 1.91364 1.27221 1.12394 0.788925 0.663845 0.383397 1.19043 0.30639 -0.0439611 0.107563 
0.789296 1.79499 1.65985 1.00774 0.966024 0.534298 0.884808 0.370324 1.33276 0.194154 -0.0173205 0.118002 
0.808723 1.41402 1.6968 0.993774 0.273685 -0.287731 0.797934 1.09291 0.96482 -0.181793 0.0472594 0.0791557 
0.714865 1.37275 1.33613 1.14072 0.715155 0.821893 0.285053 0.189212 0.10215 0.204169 0.120317 -0.1304 
0.74048 1.87829 1.50651 1.24572 1.13284 1.69537 0.286342 0.794544 0.50892 0.566402 -0.110711 0.166067 
0.79226 1.58883 1.25798 0.392139 1.54583 0.754279 1.39743 0.426249 1.60609 0.580389 0.086158 0.160506 
0.86074 1.10453 1.49959 0.0442816 1.63877 -0.20509 1.29005 0.998374 1.34473 0.645205 0.552614 0.0505152 
0.920426 1.28296 1.66525 0.0175577 -0.185056 -0.094227 0.972306 1.05519 0.515466 0.826114 0.288176 -0.0798872 
1.01515 1.4092 1.9231 -0.211311 0.0806615 0.348264 1.79256 -0.209268 0.173166 0.115676 -0.0432367 -0.180028 
1.1869 1.33889 0.380754 -0.647617 0.55541 0.206443 2.05503 -0.389709 0.513366 0.569058 0.308327 -0.0497589 
1.41942 1.89092 -0.637611 -1.13427 0.981421 1.37782 2.14733 -1.36796 0.474197 -0.131219 0.27703 -0.0217259 
1.6379 1.91566 -0.0737091 -0.61281 1.46236 1.22135 1.28056 -1.28607 0.506242 -0.178265 0.637267 0.124843 
1.41798 1.90285 1.28487 0.580167 0.633105 0.421481 1.03574 0.953876 1.09955 1.02597 0.773728 0.229432 
1.85812 2.48697 1.79858 0.776614 1.28046 1.03345 1.16551 0.689207 1.40446 0.409724 0.345458 0.107645 
1.75158 2.66416 1.48331 1.27412 3.3653 0.586493 0.260258 0.315396 1.95679 0.728455 0.144428 -0.165613 
1.64794 2.89635 1.90352 1.36423 3.60003 0.395135 0.576384 0.414227 1.5056 0.492546 0.0617742 -0.078873 
1.68222 2.88119 2.45625 1.56715 2.67002 0.935774 0.830087 0.513422 1.09278 0.495943 0.137413 0.0686023 
1.52628 3.08552 2.49822 1.63313 2.38506 0.968825 1.26712 0.696593 1.07576 -0.0251976 0.306286 0.0143039 
1.57879 2.89845 2.37944 1.2567 3.16029 1.5584 1.01995 0.29768 0.998291 0.155469 0.25916 0.0467093 
1.61999 2.70144 2.46163 1.04691 4.2474 0.718428 0.77065 0.160488 1.60566 0.0269944 0.248206 0.0253818 
1.70885 2.75833 2.65353 0.845485 3.90175 0.697554 0.769513 0.113309 1.32213 -0.805767 0.378771 0.0181811 
1.73424 3.03975 2.74684 1.33826 3.36353 0.680113 0.81704 -0.123933 0.363105 -0.646571 0.261698 -0.00563959 
1.73255 3.16459 2.69203 1.06938 2.67414 0.351639 1.80723 0.328438 0.442476 -0.552613 0.186455 0.0291412 
1.92586 2.96277 2.76067 1.04541 2.59506 0.296763 1.78635 0.0471145 0.800864 -0.839249 0.161256 0.149801 
1.8877 3.00827 2.69528 1.8237 3.01606 1.11465 1.07304 0.0455233 0.518945 -0.72018 0.266133 0.030571 
1.87581 3.23302 2.16492 1.77176 2.62317 0.891307 2.17859 0.513738 0.148148 -0.697623 0.167319 0.0485327 
1.76435 3.40976 2.69822 1.86374 2.72772 1.04123 1.66746 0.622001 0.258642 -0.393058 0.232737 -0.0171756 
1.8666 3.27775 2.80829 0.829308 3.70351 0.812222 1.86803 0.471006 0.682469 -0.646508 0.177443 0.0461828 
1.72017 3.16145 2.94311 2.04827 3.76077 0.792034 1.41316 0.337795 0.556592 -0.418473 0.232763 0.00381162 
1.68743 3.03881 3.07425 1.86706 4.35261 1.05466 1.81364 0.562605 0.122408 -0.193018 0.221925 0.0553936 
1.73773 3.1628 3.11293 1.85329 3.11225 1.17478 2.31264 0.456553 0.61368 -0.383334 0.214799 0.0414221 
1.61157 3.19257 3.14032 2.1864 2.93413 0.990537 2.11893 0.314389 0.667164 -0.150536 0.247494 0.0485497 
1.41447 3.15866 3.17468 2.18223 2.70789 1.66948 1.31587 0.780417 0.80343 -0.345842 0.485905 -0.0609999 
1.4699 2.77054 2.8483 2.35275 2.62575 1.94462 0.824153 0.999305 0.772861 -0.35834 0.456942 -0.0342171 
1.52156 3.1609 3.03594 2.41589 2.49672 1.53818 0.891431 0.327548 0.785455 -0.692181 0.430856 -0.121552 
1.46824 3.60295 2.91876 2.63844 3.04258 0.818664 1.83578 -0.0918396 0.466925 -0.482792 0.249454 -0.123285 
1.54522 3.45611 3.17111 2.40256 3.7066 0.467065 2.00411 0.244832 0.844046 -0.308246 0.241192 0.0161814 
1.52314 3.05008 2.82406 2.43873 2.55955 1.35011 2.24045 0.289632 0.721196 0.177525 0.271849 0.090435 
1.54461 3.10616 2.87147 2.44009 2.8716 1.7707 1.37694 0.971599 0.246302 -0.416171 0.528879 -0.0440135 
1.53853 3.08365 3.01437 2.44387 3.03257 1.55665 1.65879 0.922768 0.588313 -0.21102 0.452352 0.00300187 
1.64634 3.23741 3.21045 2.22499 2.99064 2.04202 2.06806 0.900717 0.864308 -0.671386 0.580731 -0.0392917 
1.67354 3.11994 3.35013 2.41006 3.65071 1.73393 1.84649 0.958783 0.873637 -0.900213 0.629181 -0.0426127 
1.73052 3.1286 3.64588 2.92051 3.23665 1.87254 0.880947 0.437048 0.258494 -0.468734 0.197616 -0.107598 
1.74136 3.20764 3.78145 3.14637 2.9764 1.89511 0.863494 0.496338 0.210514 -0.640253 0.139387 -0.166319 
1.5671 3.2594 3.76101 2.44611 3.67594 1.40595 1.06599 0.551809 0.239168 -0.598044 0.250941 -0.192965 
1.58223 3.00475 3.37988 2.15428 3.25696 1.60567 1.17118 0.338056 0.889874 -0.385399 0.275058 -0.0294658 
1.5231 2.52658 2.6844 2.59435 2.62105 1.53041 1.43515 0.486032 0.990931 0.109868 0.134354 0.0209011 
1.60337 2.73359 2.93243 2.68976 2.091 0.649297 1.059 0.950462 1.11148 -0.318727 0.267957 0.0494317 
1.71867 2.50353 3.24707 2.07479 2.30461 1.48367 1.57158 0.718199 0.556174 -0.212595 0.176888 0.0191722 
1.62735 2.36637 2.81131 1.94567 2.54979 1.08905 1.74917 1.45845 0.422589 -0.0339879 0.218035 0.0356644 
1.53916 2.50105 3.1017 1.68692 2.44792 0.753717 1.84431 1.55928 1.2019 0.0491223 0.286599 0.102978 
1.53883 2.39277 3.23783 2.72694 3.02859 1.67225 1.06537 0.591599 0.515389 0.295031 0.200934 0.0206843 
1.62412 2.30951 3.37307 2.42888 2.63885 1.25005 1.24059 1.34907 0.610077 0.369316 0.182918 0.066125 
1.64355 2.43239 3.46759 2.49811 1.79311 1.20744 1.914 1.49592 1.10675 0.480742 0.314776 0.153462 
1.57578 2.39924 3.45505 1.93223 2.08442 1.2836 1.93415 1.44337 1.12407 1.06964 0.0761997 0.162069 
1.54193 2.40322 2.58853 1.36575 1.9811 1.66763 2.29642 1.73866 0.672258 0.974359 0.00139205 0.0845764 
1.5201 2.02176 2.53525 1.58176 1.46107 2.13255 2.36372 0.498677 0.991047 0.387984 0.244215 0.163458 
1.47044 2.17615 2.90236 1.3573 2.23354 2.11731 2.21207 1.16696 1.04313 0.31741 0.170615 0.144827 
1.41555 2.17275 2.93779 1.45614 2.73108 1.10811 1.33867 1.12131 1.28362 0.432733 0.233132 0.194749 
1.4635 1.75553 2.72663 1.80211 2.60106 1.4015 1.43987 1.02655 0.996352 0.712758 0.306587 0.204469 
1.41098 1.97277 2.59927 1.8275 1.79123 2.36593 1.40534 1.18701 1.07704 0.384997 0.639599 0.281417 
1.38622 2.60334 2.82056 2.00367 2.54926 1.50995 1.47082 1.04849 1.51642 0.103056 0.58614 0.197008 
1.39924 2.22953 2.84013 1.17877 3.02502 1.50291 2.18836 1.24219 0.558692 0.256649 0.484088 0.214148 
1.36367 2.09885 2.91612 1.29925 2.63903 2.05166 1.84124 1.68388 0.127367 0.534248 0.416341 0.103908 
1.35258 2.00266 2.65758 1.0393 2.10544 1.02292 1.52633 0.605672 -0.617292 0.950627 0.456902 0.108227 
1.3534 2.0739 2.70934 1.30311 1.85816 1.16062 2.02559 0.867744 0.522742 0.270322 0.311818 0.104139 
1.36916 2.0644 2.95714 2.09676 2.24201 1.07527 1.81814 1.73448 0.859716 0.266026 0.560681 0.217664 
1.35488 1.97495 2.78004 1.77958 2.24507 0.702297 2.0275 1.77495 0.585238 0.666393 0.613666 0.267627 
1.42875 1.99528 2.7628 1.58498 2.38576 1.55037 1.8579 1.12982 0.566681 0.335785 0.666086 0.248612 
1.43933 2.102 3.09086 1.96712 3.17013 1.81345 2.06888 0.748659 0.415444 0.908455 0.386363 0.225151 
1.38113 2.08818 2.75522 1.81776 3.21838 1.16258 2.30632 1.57963 0.306816 0.674761 0.564548 0.275568 
1.33542 2.07011 2.76852 2.75655 2.21898 1.1209 2.80426 1.07027 1.20474 0.458892 0.488649 0.254895 
1.33077 2.1266 2.58426 1.6804 1.70505 1.33702 2.57877 0.446349 1.58369 0.633487 0.497199 0.297411 
1.33361 1.82565 2.27557 1.45608 2.96998 1.38511 1.19479 0.792266 1.70033 0.803547 0.480429 0.29086 
1.16536 1.8983 2.50303 1.282 2.65727 0.557527 1.80121 0.950209 1.59898 0.989063 0.24203 0.364819 
1.22937 1.79408 2.78077 1.20657 2.07599 0.735526 1.99551 1.11181 1.67503 0.737264 0.0155129 0.308229 
1.27413 1.66428 2.253 2.34486 2.07246 0.0475994 1.64433 0.563899 0.835024 0.742828 0.437396 0.240565 
1.28558 1.64333 2.33796 1.57271 1.14468 1.58412 1.99577 1.56786 1.42822 0.0681259 0.217542 0.138831 
1.23643 1.9286 2.63077 0.967795 1.22882 1.22991 1.76975 0.913063 0.654709 0.5074 0.0574035 0.0596785 
1.30206 2.25041 2.71694 1.34082 1.74633 1.0887 2.06206 0.911064 0.276733 0.629404 -0.082663 0.0591101 
1.16653 2.17223 2.96273 2.06232 1.61599 1.44163 1.92412 0.555664 1.30772 0.631802 0.0207346 0.204841 
1.21942 2.18713 2.38731 0.428595 2.13177 1.15367 2.28735 1.22008 1.27784 0.291506 0.433121 0.203859 
1.18624 2.07381 2.97665 1.35389 2.04138 1.42108 2.44658 1.18871 1.283 0.212052 0.0758081 0.169078 
1.18277 1.95897 2.98498 1.65413 1.95078 0.342938 1.86269 1.4007 1.33034 0.535442 0.167134 0.272849 
1.25138 2.12079 2.60832 1.9262 1.64559 0.699432 1.64989 0.918915 1.73755 0.634882 0.237474 0.265831 
1.24801 1.8207 2.6003 2.20186 1.43883 0.721333 1.75061 1.73716 1.3675 0.29835 0.326707 0.230156 
1.1533 1.95202 2.36123 2.07911 2.33706 1.11694 1.89177 1.59519 0.584717 0.323182 0.246812 0.149668 
1.34189 1.8976 2.13505 1.38364 2.47541 1.77907 2.4411 0.853901 1.22916 0.440528 0.222586 0.236473 
1.33355 2.005 2.35805 1.80406 2.49502 0.433428 1.5059 0.817678 0.699003 0.821155 0.293778 0.231305 
1.39411 1.93435 2.39002 1.64114 1.38133 0.958998 1.52724 0.670618 0.550399 0.343852 0.16561 0.0857796 
1.31191 1.92278 2.64141 1.17323 1.23981 1.17401 1.54187 1.1313 0.735224 0.0296142 0.576148 0.103709 
1.20985 1.81734 2.3948 1.21325 1.18909 0.413668 1.89625 0.812687 1.03999 0.0672602 0.601869 0.121044 
1.14921 1.82011 2.54259 1.43329 1.38582 0.266014 1.40515 0.288554 0.863136 -0.639292 0.502112 0.0325594 
1.04173 1.56256 2.09138 0.776312 2.29947 0.617387 1.63099 1.63449 0.636807 -0.32126 0.713455 0.112308 
1.1291 1.87941 1.94296 0.784666 2.09278 1.47201 1.5055 1.5055 1.2311 -0.0387007 0.64929 0.137939 
1.24835 1.68731 2.53065 2.04707 1.16376 1.37201 1.73337 1.08157 1.68136 -0.0307144 0.125402 0.18498 
1.20145 1.41666 2.10136 1.38384 2.03193 1.01813 1.59262 0.817911 1.3295 0.253389 0.0972975 0.176556 
1.0359 1.75417 1.5022 0.65275 1.95924 -0.392757 1.05243 0.942121 0.976829 0.65338 0.445269 0.102222 
1.05121 1.91069 2.27006 1.44294 1.09767 0.150337 1.47949 0.869732 0.997009 0.379273 0.638795 0.152407 
1.08874 2.01571 2.3204 1.16083 2.04544 0.817958 1.57497 0.645696 0.885875 0.399253 0.456193 0.178353 
1.09476 1.39071 1.82551 1.34217 1.9366 1.07257 2.33386 1.75261 0.839837 0.0813723 0.32463 0.188126 
1.05817 1.27285 1.88917 0.240586 1.15763 1.41175 2.17474 1.54009 1.2988 0.325241 0.586632 0.107433 
1.12368 1.6765 1.73726 0.742921 1.62591 1.6348 1.34902 1.11049 1.2665 0.224745 0.395694 0.12604 
1.01047 1.62733 1.59934 1.18188 2.54671 0.656729 1.69238 1.53559 0.758074 0.558961 0.48659 0.18517 
0.957231 1.47753 2.22281 1.43055 2.09454 0.659326 1.41082 0.909746 0.683572 0.398741 0.560225 0.150977 
0.992448 1.48592 1.71141 1.34874 1.86971 0.777914 1.10775 0.880502 0.915634 -0.102797 -0.46727 0.0620312 
0.966985 1.86511 1.84713 1.37594 0.624485 0.195991 0.23526 -0.00905346 1.654 0.0916499 -0.0162472 0.0874509 
1.01905 1.82722 1.80712 1.8818 0.332159 0.99815 0.888124 -0.0454829 1.05191 0.530782 0.0371013 -0.0100135 
0.930769 1.64448 2.00954 2.30817 1.37787 0.957287 0.428599 -0.223373 -0.130712 0.43609 0.427911 -0.170343 
0.929103 1.50197 1.85901 1.47159 1.65042 0.92789 1.11042 0.612668 0.653655 0.303309 0.506413 0.0559048 
0.914996 1.38494 1.79151 0.756167 0.948521 1.35003 1.70155 0.588735 1.83341 0.309562 0.309616 0.117757 
0.913859 1.26045 1.71542 0.605526 0.494582 0.422127 1.34076 0.346509 0.896785 -0.0621536 0.280761 -0.0965476 
0.956502 1.61888 1.39192 0.603278 0.957782 0.132953 1.53173 0.505236 0.223063 0.123371 0.407503 -0.0101218 
