0.860938 1.03142 1.37901 0.324088 0.55729 1.41988 0.924708 1.30183 0.500047 -0.25596 0.800628 -0.054388 
0.66602 1.00131 1.3203 0.759411 0.586306 0.398364 0.673643 1.58203 0.0798412 0.228743 0.666139 -0.187101 
0.704648 0.98856 0.898972 0.963652 0.213391 0.339622 0.735023 1.02343 -0.00419624 0.407411 0.461246 -0.0923222 
0.589609 0.926345 1.23842 0.923502 0.43685 0.720219 0.917085 0.481438 0.401227 0.0668815 0.427367 0.0521841 
0.640057 1.28156 1.29723 0.706865 0.728423 0.47521 1.36931 0.893219 0.208895 0.416956 0.699159 -0.056857 
0.666116 1.49424 1.24822 0.834331 1.82024 1.08774 1.34853 1.69804 0.0344029 0.547031 0.131928 0.0743967 
0.768214 1.26086 1.34339 1.23779 1.77051 1.16904 1.36312 1.36568 0.861174 0.926636 0.476172 0.0725976 
0.618921 1.52647 1.05072 1.62544 2.31729 0.589731 1.68447 1.94992 0.859209 1.72806 0.45767 0.145491 
0.769845 0.854815 1.84047 1.943 1.96699 1.0027 1.67923 1.91659 0.85911 1.73817 0.274839 0.0996921 
0.816192 0.691084 2.05255 1.87279 2.3259 0.715937 1.17927 1.89731 1.8336 0.982615 0.367451 0.170516 
0.720792 -0.0263513 2.41302 3.46453 2.11027 -0.631088 1.74915 2.55801 1.00224 0.77282 0.760999 0.19749 
0.528713 -0.352751 3.22799 4.41242 2.5254 -1.01295 1.96279 2.60082 0.744878 0.175593 0.802619 0.322986 
0.46331 -0.425828 4.00772 4.60685 1.60699 -0.858479 2.26997 2.99225 0.0150575 -0.00256298 1.01197 0.368026 
0.44681 -0.359798 4.94379 3.09588 1.49118 0.465462 2.0108 2.4329 0.0423696 0.151799 0.961429 0.268629 
0.487077 -0.618613 4.1902 4.42563 2.13641 -0.0706285 2.24353 1.73432 0.163553 0.71097 0.743032 -0.0150073 
0.422515 0.193226 4.14889 4.1216 2.8507 0.0732556 1.83468 1.74969 -0.249992 0.767866 0.739882 -0.24254 
0.348944 0.740052 3.92762 3.73012 3.33437 0.073735 1.75809 1.70152 -0.0834535 0.713822 0.891537 -0.290684 
0.459707 1.01623 3.79431 3.55255 3.20824 0.395729 1.81557 1.73144 -0.338182 0.347145 1.27616 -0.317645 
0.498008 0.627143 3.63377 4.30358 2.99847 0.455407 1.67339 1.54159 0.130642 0.355389 1.07731 -0.225962 
0.565464 0.286212 2.93288 4.2001 2.59916 1.1038 2.24479 0.69118 0.4289 0.315403 1.04943 0.0280272 
0.602738 0.738556 3.00412 3.35959 2.80046 1.84529 1.83307 0.825113 -0.477171 0.755316 1.09825 -0.185387 
0.742286 0.939785 2.65923 4.0228 2.42107 1.48963 2.23445 0.882749 -0.497883 0.454156 0.816156 -0.0597431 
1.16275 0.899805 2.22235 3.99997 1.80082 0.747155 2.8335 1.32467 -0.236883 -0.0013824 0.293468 0.106657 
1.54271 0.922114 2.28692 2.55336 0.918679 0.588515 2.85423 1.90105 0.224557 -0.00992394 -0.198152 -0.10217 
1.87859 0.994615 1.47517 1.83399 1.2468 1.52256 3.04074 0.700324 0.425551 0.249406 -0.320634 -0.249357 
1.99179 0.995494 1.00319 1.74306 1.87318 1.79377 1.95959 1.38724 0.246879 0.446555 -0.312846 -0.294705 
1.94871 1.2219 0.897553 1.2968 1.93189 1.60767 2.74259 1.47204 -0.59962 0.399894 -0.217877 -0.176615 
2.03928 1.03632 0.932614 1.33851 2.3228 1.82733 2.02878 1.63932 -0.09849 0.389023 -0.253487 -0.248597 
2.18169 1.06735 0.463343 1.03985 2.91338 1.45463 2.22067 1.7434 -0.337422 0.598652 -0.222547 -0.244826 
2.03776 1.16722 0.138621 1.03198 2.7926 1.39187 2.51905 1.54188 -0.585645 0.294163 -0.294686 -0.0615781 
1.97113 1.22549 0.243912 1.04472 2.46315 1.94105 2.5457 1.29785 -0.654579 0.21345 -0.224508 -0.0448648 
1.88154 1.2426 0.19523 0.645298 2.92646 2.06701 1.98644 1.333 -0.495208 0.259836 -0.348811 -0.108575 
1.93042 1.19929 -0.0676367 1.00603 3.37187 2.28078 1.32429 0.995503 0.203242 -0.0317841 -0.417768 -0.187627 
1.94326 1.38726 0.215724 0.848855 3.12794 2.39924 2.08691 1.38196 -0.798119 0.598808 -0.371919 -0.140027 
1.96605 1.05157 0.117868 1.88497 3.27968 1.88861 2.31509 1.36238 -0.489418 0.428912 -0.360717 -0.12164 
2.11079 1.16817 -0.207541 2.1182 3.16419 2.18961 2.06029 1.26301 -0.0234066 0.0591522 -0.358183 -0.100846 
2.15617 1.07637 0.0579805 1.84435 3.90951 2.47047 1.21517 1.27113 0.606217 0.0291686 -0.518646 -0.21176 
2.21639 1.1337 0.483477 1.01272 3.92728 1.41559 1.03726 1.77795 1.10028 0.456146 -0.700156 -0.448217 
2.22371 1.29689 0.270159 0.705133 3.80196 1.21352 1.36677 2.21887 0.736954 1.06901 -0.628498 -0.537761 
2.14896 1.2248 0.305782 0.281304 3.00627 2.62677 2.17976 1.23405 -0.211018 0.910756 -0.030633 -0.226787 
1.99456 1.32398 0.273426 1.08728 2.28166 2.78435 2.25188 0.648903 0.182069 0.440507 0.0267484 -0.0257039 
2.06937 1.14557 0.813163 1.39265 2.14585 1.842 2.4131 1.44876 0.0149857 0.244058 -0.121547 -0.0885512 
1.96604 1.46849 0.181488 0.818723 1.64222 1.59287 1.46739 0.292347 1.26926 0.5784 0.104867 -0.164372 
1.89522 1.53294 0.323078 1.06505 1.81786 1.04461 1.34761 0.0808462 1.60828 0.766528 -0.0857952 -0.325507 
2.29478 1.88315 1.05331 0.774883 1.75847 0.850306 1.0045 0.256019 1.40273 1.00323 -0.081707 -0.360981 
2.12264 1.92782 0.75768 0.768219 1.44671 0.231566 -0.00867542 0.372442 1.40217 0.909519 -0.00166106 -0.31014 
2.21171 2.14312 0.791719 0.632761 2.10197 0.293787 0.557058 0.555641 0.935544 0.626909 -0.196308 -0.316978 
2.26057 2.12574 1.19808 0.370821 1.6135 -0.766329 0.347374 0.848358 0.840666 0.294777 -0.175191 -0.1404 
2.06972 2.21543 1.25805 0.64406 0.519767 -0.150618 0.180404 0.700466 0.926634 -0.023394 0.0737835 -0.0883684 
2.27754 2.60611 1.22879 0.34386 0.481092 0.361415 0.343497 0.36813 0.490942 -0.0594644 0.0300518 -0.0747803 
2.42336 2.71138 1.89801 0.133081 0.912628 0.531607 0.153407 0.899696 0.584212 -0.355363 -0.169378 -0.21997 
2.21041 2.29765 1.98605 1.0783 2.20161 0.82958 1.11746 1.02202 1.00059 -0.15934 -0.250689 -0.15949 
2.16037 2.54574 2.02853 1.5783 1.74189 1.78481 1.4367 0.953602 0.772171 -0.305833 -0.190998 -0.160003 
2.03422 2.72471 2.64623 1.97111 1.59945 1.57819 0.491052 0.596125 0.686103 0.144621 -0.057054 -0.0887037 
1.99169 2.75017 2.79969 1.065 1.56601 0.935076 1.1945 0.67039 -0.0262125 0.293196 -0.0989192 -0.0850296 
2.01818 2.56183 2.29814 1.00905 2.69551 1.19453 1.91838 1.04609 0.271572 -0.0934518 -0.192213 -0.0652412 
2.23283 2.54374 2.12865 1.37972 1.60254 1.1305 1.9341 0.244503 0.701845 -0.765479 -0.354314 -0.171336 
2.25178 2.39725 2.42125 0.90406 1.27075 1.38372 1.91862 -0.0720921 -0.242765 -0.865201 -0.543404 -0.201204 
1.77442 2.24136 2.50713 2.0155 1.76822 0.944445 1.68907 0.848842 0.175816 -0.250565 -0.0767076 -0.102574 
1.72506 2.23585 1.933 1.84708 2.43811 0.954051 1.60172 0.837977 1.40537 0.0539205 0.0614315 0.0356485 
1.8697 1.90637 1.90281 1.5101 2.14744 1.75561 2.24429 1.34557 0.981293 -0.295652 -0.0590949 0.0500454 
1.80313 2.41361 2.05876 1.02164 1.74684 0.996646 1.5455 1.32418 0.616127 0.123213 0.151626 0.0471298 
1.75608 2.35268 1.62749 0.892294 2.01208 -0.010991 2.32954 1.02498 1.10971 0.128102 0.279435 0.225833 
1.65983 2.23702 2.02046 1.28683 2.05151 1.03488 1.60533 0.713885 1.02522 0.21289 0.0941359 0.0554293 
1.63993 1.88896 1.79565 1.71538 1.45493 0.174036 1.25223 0.743906 0.62527 0.45181 0.00837368 0.00115973 
1.66796 1.71378 2.25129 1.76071 1.77121 -0.323862 0.429369 0.917391 0.706731 1.23003 -0.276141 -0.0902107 
1.73191 1.92527 2.28006 1.68855 1.86202 -0.106686 -0.0908572 0.998768 0.712725 1.03619 -0.193742 -0.0780267 
1.54113 2.04691 2.51917 1.26431 2.56411 0.386139 1.33292 1.10664 0.106681 0.58914 -0.425366 -0.108545 
1.49136 1.79147 2.15844 1.25948 2.30505 0.321853 0.955691 0.850515 0.529584 0.21282 -0.145848 -0.0419164 
1.51721 1.68632 1.48902 0.72474 1.62956 0.00697843 1.25956 0.42333 0.460719 0.445883 0.339286 0.114317 
1.42821 1.56895 2.16402 0.667691 2.3717 -0.121607 1.4133 0.707303 -0.130244 0.452924 0.0534259 0.0456973 
1.40339 2.0608 2.14706 0.841927 2.21407 0.718981 0.380842 1.13735 0.104617 0.12173 -0.0234595 -0.144294 
1.45915 2.19035 2.50357 1.21324 2.43804 0.969743 0.894194 1.66101 0.347748 0.326341 -0.222974 -0.132648 
1.44932 2.13771 2.61635 0.98361 1.82477 0.651422 0.420792 1.22663 0.856864 0.387265 -0.148776 -0.0731813 
1.43804 2.2256 2.70549 1.38317 1.40925 0.00124471 1.32284 1.22866 0.696342 0.264208 -0.0908129 -0.0301506 
1.37666 2.09396 2.34918 1.40933 1.6943 -0.152787 0.513667 0.379902 0.594763 -0.121022 -0.0796331 -0.0618992 
1.40086 1.85238 2.18772 1.62033 1.052 0.257388 1.10966 0.0144271 0.249456 -0.279939 0.336879 -0.00955721 
1.35234 1.74806 2.20668 0.870065 1.01702 -0.00631251 1.71332 0.383361 0.280936 0.596222 0.195183 0.0181511 
1.33315 1.77455 2.65709 1.17975 1.90828 0.778429 1.60111 1.61934 0.534012 -0.0113925 0.0648422 1.21996e-005 
1.3237 1.55115 2.2216 1.86367 2.44528 0.0734389 0.80811 1.20039 1.11922 0.524464 0.348432 0.224449 
1.29973 1.62194 2.54026 1.18427 2.37947 0.611859 1.16508 0.422048 0.686274 0.704393 0.126647 0.165366 
1.38591 1.3825 2.25745 0.809294 2.02981 0.310084 1.54468 0.88239 1.43517 0.41227 0.658121 0.392478 
1.24991 1.61692 2.32506 1.39226 1.35325 0.600934 1.74778 1.6832 1.1375 0.245661 0.680876 0.23554 
1.18112 1.53427 2.08214 1.46131 1.79358 0.482095 0.743831 0.833085 0.794672 -0.0244878 0.573367 0.161325 
1.30893 1.61251 2.69334 1.40549 2.07347 0.671947 0.0953267 0.477968 0.975168 0.208034 0.236606 0.140104 
1.30807 1.82454 2.73716 0.718363 2.2265 0.4968 0.373855 0.298652 0.0516646 0.117805 -0.018622 0.026475 
1.3137 1.91415 2.50949 1.47605 1.75078 0.386977 1.20018 0.482932 1.15143 0.211788 0.186977 0.168302 
1.31314 1.60163 2.22834 1.59731 1.90198 0.324608 0.891603 0.779179 1.25042 0.74415 -0.161907 0.106961 
1.3887 1.59433 2.60297 0.933924 2.08339 0.118046 1.02411 1.34325 0.928792 0.703278 -0.321533 0.0277889 
1.2938 1.62336 2.75754 0.118414 1.99753 0.654523 1.29927 1.11554 0.812742 0.553836 -0.304654 0.0283496 
1.27235 1.29902 2.21392 -0.00955348 1.08963 -0.0916272 1.60131 0.71878 0.837027 -0.0958844 -0.1434 -0.0225168 
1.2514 1.75036 1.48981 1.32664 1.17557 0.55375 1.54837 0.665099 0.626676 -0.697567 -0.0403276 -0.0611763 
1.21074 1.50433 1.77078 1.36271 1.15799 0.51606 2.19946 0.859919 0.877487 -0.22209 0.0740088 0.0642203 
1.11118 1.20927 1.98573 1.04506 1.92386 0.080681 1.81915 0.251782 0.971363 0.494157 0.17305 0.157789 
1.17544 1.32592 2.24422 1.10849 1.73433 0.499941 1.32859 0.0197403 0.810226 0.738509 0.170564 0.123973 
1.24567 1.17273 2.32888 0.127628 1.64843 0.0688878 0.902174 -0.285812 1.2128 0.117179 0.0192727 0.21966 
1.07135 0.972299 2.65586 0.800727 1.03768 0.686583 1.53989 0.639726 0.865024 -0.083396 -0.0514781 0.0706194 
1.00717 1.47362 2.18954 1.25457 0.544555 0.104993 1.36175 0.442901 1.43484 -0.104447 0.206674 0.140002 
1.06022 1.46434 1.88161 1.10288 0.900242 0.9704 1.50777 0.177442 1.94083 0.0811056 0.2166 0.170579 
1.16811 1.31048 2.05032 0.794824 1.29143 0.487461 1.68453 0.769282 1.33694 0.631674 0.386415 0.172722 
1.15698 0.848089 1.92626 1.49613 1.92681 -0.266266 1.17859 0.731667 1.01662 0.276999 0.0511018 0.16687 
