0.452381 1.04826 1.22112 1.19514 1.64689 1.58906 0.511232 0.117886 0.987162 0.0406742 0.179943 0.111218 
0.478146 1.38812 1.1541 1.64773 1.84319 0.494256 1.09201 0.43785 0.879103 0.216929 0.352112 0.0160656 
0.598812 1.27842 1.01645 0.982852 0.868215 0.255528 -0.257397 0.807167 0.634528 -0.0716954 0.117916 -0.0158114 
0.622878 1.40448 1.06557 0.853031 1.62184 0.885781 0.423716 0.894531 0.572178 0.795848 0.255379 0.0497093 
0.601183 1.03326 1.34612 0.938404 1.63316 1.12386 0.745774 1.93764 0.140829 0.126889 0.555398 0.02837 
0.578501 0.997228 0.92169 0.198333 0.341614 0.644395 0.709171 0.508897 0.230611 -0.302621 0.468918 0.0656857 
0.492928 0.962031 0.939691 0.254448 0.496026 0.335587 -0.424202 -0.402666 1.2399 -0.427109 -0.0767299 -0.064978 
0.525963 0.927499 1.07099 0.753601 0.648938 0.596078 0.383272 0.672096 0.780163 0.329103 0.223038 -0.0879785 
0.641246 1.32807 1.26853 1.55275 1.49665 1.07388 0.424841 0.707901 0.647941 0.84024 0.376046 -0.00896531 
0.736131 1.49715 1.10607 1.03905 1.47244 1.11991 0.845085 0.883042 0.0620992 1.4477 0.414699 0.0821464 
0.782601 1.1285 0.982626 0.509919 0.602025 0.131964 0.41084 0.479547 0.059178 0.830626 0.419827 -0.0365919 
0.888746 1.36347 1.20063 0.267465 0.294194 1.08329 0.232185 -0.312482 1.003 1.19033 0.288472 0.0589131 
1.1871 1.17572 0.253526 0.130066 0.250208 0.801462 0.673744 0.209437 0.850582 0.291006 0.584618 -0.0505741 
1.69867 0.684185 0.181732 -0.249853 0.844228 2.36828 1.27097 -0.360241 1.15264 1.09242 0.0696739 -0.204923 
1.71265 0.857109 0.962236 0.48898 1.17872 1.49305 1.99199 -0.828573 1.46995 1.46928 0.169461 -0.0594125 
1.86031 1.78109 1.54771 0.747172 1.05291 0.441389 0.547373 -0.458013 1.45725 1.59794 0.210208 -0.0235766 
1.59478 2.71102 1.33534 0.693919 2.73841 1.00244 0.150909 0.227729 1.87166 0.746713 0.242379 -0.139837 
1.65794 2.96562 1.564 -0.0518322 2.80429 0.814106 -0.0268301 -0.13523 1.88914 0.674908 0.605576 -0.00990616 
1.73034 2.70921 1.57467 -0.549472 3.09831 0.504151 0.275864 0.267461 1.51889 0.140164 0.512746 -0.0784244 
1.46686 2.89721 1.35591 -0.18094 3.25094 1.79817 0.517158 0.836318 1.69742 0.0610655 0.428061 -0.268733 
1.48935 2.26536 1.29066 0.240216 3.82162 2.1199 -0.0646363 1.247 2.24181 0.00468274 0.244337 -0.45221 
1.40185 2.39254 1.59603 0.716347 3.78853 2.16454 -0.380553 1.09332 2.20514 0.2498 0.16968 -0.361362 
1.54399 2.7472 1.62755 0.899675 3.64288 1.59876 -0.423002 0.753349 1.62484 0.456613 0.427437 -0.279425 
1.53892 3.02118 1.21275 -0.271182 3.83043 1.49668 1.57342 0.819688 1.26686 -0.0212813 0.273102 -0.199399 
1.58729 3.06848 1.55725 -0.0895077 3.40611 1.73072 1.1494 0.768203 1.3686 -0.0959527 0.443103 -0.152064 
1.6326 2.95572 1.84525 0.559457 2.99715 2.04751 1.54327 0.997826 1.15483 -0.347218 0.297434 -0.0970473 
1.73615 2.9041 1.8403 1.16088 3.61136 0.820082 0.648236 0.784886 0.69505 -0.251565 0.292329 -0.117312 
1.74426 2.87093 1.82877 1.60037 3.24449 1.26859 -0.233483 0.4049 1.17854 0.0667224 0.409608 -0.138925 
1.78686 2.69654 2.03893 1.56512 2.6819 1.67408 -0.109737 0.970635 0.47198 -0.594029 0.386029 -0.0816028 
1.60261 2.83427 2.22058 2.27616 2.5659 1.404 -0.0757724 0.356888 0.234822 -0.602931 0.37816 -0.109296 
1.54809 2.73425 2.76984 1.38258 2.68494 1.85942 0.715763 0.571494 0.262555 -0.946092 0.529826 -0.103989 
1.74497 2.8327 2.09823 1.64675 2.74607 1.74283 0.0271862 0.727691 0.388457 -0.986962 0.453452 -0.141633 
1.67036 2.74595 2.14847 1.85345 2.74378 0.864509 0.102783 0.73542 0.227212 -0.608838 0.302721 -0.102657 
1.57681 2.53896 2.68271 1.55675 3.18067 0.966476 0.041622 0.37052 0.314877 -0.456164 0.290869 -0.103542 
1.66626 2.64591 2.75803 0.597723 2.90688 1.65371 0.827238 1.16427 0.712 -0.975397 0.441158 -0.10471 
1.6461 2.69125 2.57304 1.01178 2.86737 1.3025 1.00605 0.481258 0.713602 -0.816228 0.330313 -0.0533471 
1.6032 2.70459 2.63568 1.44232 3.58775 1.48809 0.529679 0.832604 0.788056 -0.684307 0.479887 -0.113869 
1.60166 2.90918 2.36249 1.73838 3.18592 1.36537 0.260837 1.57381 1.29772 -0.537093 0.522896 -0.176773 
1.55773 2.94868 2.69278 1.48989 3.29826 1.05052 0.308805 1.27312 1.08328 -0.375998 0.502988 -0.123421 
1.52491 2.77416 3.0199 2.05911 3.40478 2.10476 0.50344 0.641348 0.842742 -0.312484 0.441508 -0.0503055 
1.60805 3.01067 2.59413 1.88613 2.91121 1.37518 0.505018 0.0370842 1.28988 0.120511 0.277811 0.0397223 
1.59827 2.85339 2.95845 1.83873 3.32747 0.770669 0.672725 0.386949 0.906848 -0.234218 0.279579 0.0207921 
1.59397 3.0108 2.88247 2.02025 2.39942 1.66772 1.17465 0.992421 0.829167 -0.32646 0.425531 -0.0166308 
1.58714 2.64192 2.9175 2.16704 2.77642 1.84347 1.63511 1.0008 0.750179 0.244563 0.270354 0.0826648 
1.71601 2.8429 2.90201 1.79539 2.20641 1.38816 0.837103 0.963709 0.785136 0.226958 0.27858 0.0759538 
1.8331 3.17632 3.25609 2.07354 1.39835 1.39313 1.17014 0.32642 0.457183 -0.131436 0.16314 0.00499338 
1.80719 2.8363 3.1873 1.87014 1.94043 1.66465 1.40201 0.229627 0.294102 -0.569161 0.138322 -0.0319421 
1.75069 2.84612 3.16299 1.54179 2.19128 1.53382 1.13065 0.394608 0.101097 -0.441926 0.117329 -0.0480427 
1.74701 2.82961 3.01428 1.52555 2.93928 1.31453 1.1866 0.237765 0.324725 -0.150648 0.0430283 -0.00607675 
1.77697 2.79497 3.16301 1.47056 2.21985 2.08797 1.34987 -0.101714 1.15882 -0.0975905 0.0516184 0.102166 
1.75412 2.81763 3.1437 1.01344 2.15944 1.05452 1.14494 1.06433 0.618811 0.301534 0.190321 0.0523357 
1.7943 2.72165 2.59222 1.59958 2.34496 0.683411 2.64986 0.714029 0.744222 0.59718 0.0248263 0.134477 
1.77212 2.60408 2.67316 2.0645 2.0014 0.630169 1.32386 0.561832 1.34139 1.03163 0.12145 0.156378 
1.57952 2.47488 2.86162 1.99915 2.28158 1.78541 1.06265 1.06324 1.40314 0.279008 0.22204 0.110066 
1.56852 2.44227 2.67046 1.86481 2.34944 1.5721 1.0679 0.695772 1.19253 0.480596 0.227705 0.139105 
1.62677 2.47668 2.68666 1.97282 2.19926 1.88766 1.33189 0.712003 0.616587 0.620903 0.265289 0.153814 
1.60696 2.39897 3.19886 1.93463 2.6777 1.72624 1.65807 0.554561 0.694747 0.499609 0.283538 0.179165 
1.68076 2.53669 2.94525 1.67895 2.47951 1.23721 1.73334 0.187586 1.67869 0.223715 0.324423 0.270891 
1.62501 2.24251 2.56859 1.52342 2.28961 1.37582 1.5947 0.475502 1.30081 0.419536 0.432766 0.275592 
1.54054 2.0616 2.76916 1.12458 2.69315 1.51238 1.58018 0.341581 1.14391 0.983139 0.299168 0.328256 
1.67057 1.83208 2.19631 1.35275 2.29307 1.55609 1.19944 0.663036 0.64308 0.789863 0.270037 0.146759 
1.44474 1.88791 2.15585 1.23785 1.6423 0.8053 1.11307 0.856291 0.564872 0.445127 0.535563 0.169168 
1.32084 1.89665 2.28352 1.44346 2.01787 0.366401 0.756074 0.380247 1.62156 0.54063 0.336258 0.208198 
1.55284 2.16396 2.74616 1.32186 1.93645 0.912654 0.801226 0.689078 1.14907 0.837149 0.375598 0.259903 
1.56699 1.98666 2.77825 1.78351 2.52677 1.81133 1.28249 1.37737 0.980278 0.476794 0.368575 0.179045 
1.55624 1.81379 2.47214 2.10923 2.54381 1.86402 1.04128 1.10597 1.05747 0.655459 0.422858 0.207688 
1.50663 2.07909 2.92571 2.02147 2.11845 1.59613 1.24404 1.23311 1.15755 0.814101 0.388098 0.24814 
1.57872 2.30027 2.90103 1.71841 1.8958 0.712285 1.51446 2.42556 1.04142 0.270346 0.704097 0.238341 
1.47883 1.96733 3.1893 1.87928 2.20301 0.523671 1.23563 1.98364 1.09641 0.935862 0.462252 0.312434 
1.53335 1.90691 2.32037 1.85518 2.20465 0.818064 1.63588 1.5432 0.952775 0.904182 0.539538 0.303838 
1.52003 2.06784 2.43157 1.97619 1.58566 0.802371 1.64248 1.07638 1.4984 0.961896 0.430344 0.284344 
1.38931 1.8893 2.48894 1.54428 2.14309 1.62974 1.70234 0.474354 1.08456 0.663261 0.450446 0.259947 
1.29322 1.79627 2.82728 1.84535 2.20844 1.23223 1.39155 0.157246 1.1169 0.736433 0.341043 0.238979 
1.42169 1.74447 2.50332 1.24849 1.95328 0.427286 1.09463 1.20572 0.767911 0.651372 0.445042 0.206672 
1.4316 1.90262 2.19549 0.31606 2.18082 0.351942 1.0273 1.31526 0.346525 0.0651041 0.530885 0.115693 
1.37835 1.66804 2.15068 0.57725 1.46345 -0.0874218 1.13767 1.08578 0.409161 -0.269083 0.246018 -0.000504926 
1.38022 1.39524 1.83742 1.30894 0.928854 0.156148 2.01646 0.809091 1.34088 0.369527 0.0474974 0.0128973 
1.41098 1.38222 1.46107 0.72649 1.10388 1.5123 1.20722 0.903025 1.07142 0.236469 0.474849 0.0866035 
1.30156 1.664 1.75946 0.625886 2.00289 -0.283806 1.4315 0.671771 0.606986 0.524575 0.704873 0.207019 
1.25902 1.67974 1.87687 1.00825 1.48714 0.639918 1.32307 0.778171 0.165858 -0.148907 0.636806 0.0627268 
1.36044 1.60738 2.23543 0.829042 1.94031 -0.0322951 0.636072 0.228594 0.531001 0.523135 0.353433 0.197205 
1.49536 1.76762 2.03975 0.702984 1.99158 0.252777 1.17297 0.736308 1.45945 0.864253 0.51248 0.310311 
1.38839 2.18283 2.14674 0.763515 1.77104 0.735157 1.13678 1.49174 0.472794 0.601986 0.763375 0.223822 
1.25909 2.03566 2.58765 0.907403 2.40843 1.6149 1.52182 0.882356 0.647137 1.00636 0.516333 0.276851 
1.32819 2.00789 2.57073 1.87597 2.35916 1.78019 1.87086 1.09224 1.41056 0.38611 0.373705 0.232748 
1.23743 1.95286 2.67668 1.45315 2.213 1.89589 1.50591 1.27578 1.18004 -0.117546 0.60808 0.178968 
1.41731 1.75942 2.93617 0.692964 2.36756 0.363116 0.933719 1.01124 0.689832 0.646914 0.470066 0.252328 
1.44801 1.97306 2.81658 1.0119 2.18155 1.15844 1.99971 0.658149 0.643426 1.0829 0.193408 0.244678 
1.42406 1.84629 1.82921 0.935081 1.95269 0.96851 1.31807 1.00268 1.6668 0.69165 0.741299 0.305258 
1.21548 1.49134 1.95141 1.29408 1.60956 0.966194 0.707536 0.58542 1.53207 0.723316 0.617746 0.231119 
1.19118 1.48051 2.14251 1.18331 1.71238 1.14655 1.61031 0.600653 0.981646 0.655132 0.438312 0.193314 
1.25111 1.71917 2.35109 0.587053 1.7952 -0.30534 1.49501 0.927759 1.05355 1.22394 0.46902 0.306369 
1.1302 2.01536 2.00564 1.69428 1.3897 -0.96619 1.34103 1.18387 0.827221 0.85555 0.318315 0.287564 
1.17189 2.00528 2.21259 1.60861 1.43352 0.243271 1.21799 0.83421 1.20616 0.869133 0.396234 0.240284 
1.16503 1.79909 2.44829 1.45682 1.28025 1.18802 1.92736 1.27094 1.36927 0.348182 0.572117 0.205994 
1.15942 2.07568 2.2103 1.55681 0.963074 1.56065 1.67829 1.07971 1.14517 0.536189 0.542582 0.17543 
1.26268 1.57266 1.92465 1.12132 1.65185 1.18323 1.18569 1.03424 0.64118 1.23817 0.441366 0.190269 
1.24071 1.61336 2.01307 1.29123 1.88578 1.5337 1.22548 1.10947 1.06208 0.646533 0.341778 0.181504 
1.23113 1.99292 2.20659 2.48542 1.63202 1.29522 1.70448 0.829378 1.09105 -0.514493 0.847078 0.122614 
1.20945 1.67242 2.61852 2.32596 1.14852 0.958085 1.2357 0.737311 1.41224 -0.179706 0.758337 0.254094 
1.0739 1.91927 2.62311 1.25281 1.33021 2.03431 1.77593 1.25486 0.693095 0.417104 0.408977 0.120652 
1.13049 1.96076 2.24983 0.807386 1.21834 1.81271 1.41809 0.804443 0.749325 0.28045 0.226457 0.106443 
1.11708 1.8735 2.26979 0.506639 1.67515 1.59941 1.56132 1.00687 1.71928 0.606953 0.413778 0.257513 
1.03411 1.76596 2.49667 0.940008 1.89997 0.748006 1.43589 0.689799 1.29737 0.764973 0.711689 0.278897 
1.12693 1.3388 1.98158 1.64783 1.60064 1.18166 1.36045 1.06683 0.380718 0.222945 0.465591 0.134886 
1.00857 1.36105 1.51825 1.54401 1.61735 1.11428 0.92143 1.38964 1.2142 -0.0393115 0.555537 0.0968352 
1.01765 1.27169 1.36519 1.80213 1.14085 0.513394 1.42062 0.975138 1.06963 0.455051 0.888584 0.114 
0.936809 1.68533 1.81067 1.53288 1.81845 0.309862 2.17768 1.07106 0.214716 0.347986 0.385801 0.138882 
0.889365 1.66018 2.16732 0.893523 1.73135 0.456457 1.09883 0.276619 -0.0946888 -0.0220426 0.213081 -0.0127874 
0.950739 1.57555 2.11774 0.886928 1.64707 0.241061 1.23208 0.807449 0.958124 -0.011126 -0.0293069 0.103586 
1.02712 1.71064 1.90261 1.37305 1.62362 1.30169 1.43214 1.41088 1.73067 -0.00282368 0.0486159 0.148314 
1.05427 1.7113 2.36131 1.34369 1.84407 1.48052 1.49521 0.925018 0.797809 0.487807 0.0730957 0.153702 
0.896905 1.78467 2.43195 0.598603 2.08885 1.56659 2.55424 0.821528 0.277212 0.0825331 -0.0523716 0.140127 
0.870748 1.64669 1.98817 0.302026 1.79164 1.74193 2.40346 0.875484 0.488055 0.145002 0.65661 0.100989 
0.918036 1.73647 2.06781 0.659999 1.58206 0.59246 1.27886 0.859242 0.913133 0.143022 0.807815 0.0953756 
0.933764 1.63776 2.07224 1.09964 1.48741 0.051353 1.79928 0.799442 0.372249 0.460484 -0.0132659 0.165796 
1.051 2.19829 2.12142 2.02501 1.74314 0.0534292 0.601979 0.741379 0.0863222 0.436399 0.22929 0.106245 
0.955252 1.59276 2.20764 1.82318 2.1275 0.923799 0.431425 1.65178 1.37426 0.217057 -0.0737665 0.173438 
0.821021 1.36455 2.04868 1.76926 1.50373 1.32037 0.818455 0.911383 1.37166 -0.393313 0.121447 0.13392 
0.909508 1.23699 2.09787 1.24491 1.55118 1.21668 0.869021 0.112392 0.866946 0.384833 0.151719 0.0851401 
0.978072 1.70914 2.21391 0.99652 1.71395 0.949835 1.54143 0.38824 0.848777 0.976945 -0.00234966 0.182315 
1.06018 1.71773 2.05452 1.21813 1.58554 1.28699 1.20137 0.651178 0.162801 0.542702 0.516456 0.0592974 
0.821031 1.7659 1.90566 1.34907 1.03145 0.777356 0.55863 0.575478 0.159948 0.97077 0.723386 -0.00488541 
0.774485 1.27802 1.85874 0.988115 1.36696 0.819462 1.01731 0.140409 0.252745 1.01387 0.260603 0.0478005 
0.77451 1.56018 1.81299 1.40078 1.94035 0.111773 0.786473 0.496564 1.03374 0.55392 0.0579724 0.146415 
0.836178 1.85007 1.66404 1.16269 1.05174 0.699903 0.55558 1.6093 1.33938 0.702796 0.792482 0.0883996 
0.75136 1.686 1.24264 1.5946 1.40527 0.719632 2.0402 1.8874 1.06892 0.846476 0.87499 0.0875809 
