0.285028 1.31931 0.162503 -1.10145 0.95345 -0.500571 1.52085 1.71328 -0.729937 0.960904 -0.317388 0.0307487 
0.344913 0.896529 -0.265622 -1.01495 0.527089 -0.911446 1.99914 1.71888 -0.927953 1.40792 -0.0186702 -0.0872974 
0.1817 1.12299 -0.765166 -0.771477 0.825275 -1.6698 1.83268 0.74255 -0.53429 0.992844 0.0601104 -0.550135 
0.279126 1.54906 -0.998237 -1.04321 0.542802 -1.09679 1.86814 0.795204 -0.330791 0.306206 0.0576921 -0.334132 
0.40627 1.52022 -0.825565 -1.27516 0.99627 -1.15672 1.20144 0.861521 -0.580736 0.469536 -0.18211 0.266886 
0.465134 1.75588 -0.366364 -0.942859 0.593368 -0.731386 1.31744 0.933702 -0.925153 0.29551 -0.0358418 0.0716351 
0.461013 1.50797 0.244162 -0.886109 0.290837 -0.956645 1.29357 1.178 -0.580822 0.504287 -0.48247 -0.0202925 
0.635929 1.3163 -0.437221 -1.31146 0.710864 -0.216983 1.3254 0.938632 -0.253453 0.615747 -0.11758 -0.0105512 
0.71001 1.37847 0.41878 -0.705613 0.520357 0.182073 0.880076 0.826281 -0.241658 0.445984 -0.0234881 0.0140462 
0.594314 1.26628 0.93678 -0.428926 0.0133045 -0.434648 0.287762 0.521787 0.681192 0.778749 0.0569236 0.0780682 
0.72895 1.19657 1.12337 0.153725 0.0077532 -0.776044 0.130998 0.0562225 -0.0139906 -0.488451 -0.0233596 -0.245193 
0.964889 1.45349 1.52706 0.067311 0.123028 -0.710497 1.41677 0.452099 -0.578864 -0.226546 -0.689747 -0.276324 
1.11089 1.60113 1.43407 -0.0599612 0.242597 -0.0995426 1.50704 0.839346 -0.264734 0.181445 -0.584134 -0.226014 
1.58723 2.53181 2.24132 1.62205 1.94111 0.424735 1.83953 0.28427 0.493828 -0.623 -0.149456 -0.167079 
1.4829 2.15554 2.2786 2.11819 2.03866 1.24968 0.797018 0.476272 -0.0602524 -0.254698 -0.171313 -0.17691 
1.75034 2.2956 2.20226 1.91936 2.16165 1.28176 1.04724 0.801928 -0.110711 -0.677286 -0.172334 -0.188119 
2.05502 2.17954 2.24365 2.19265 2.67389 1.24846 1.3419 0.795567 -0.298345 -0.703697 -0.25783 -0.133342 
2.07694 2.1343 1.51077 2.49276 3.71521 0.653191 0.427435 0.150099 0.488944 -0.393197 -0.433747 -0.23665 
1.93523 1.96669 1.34407 2.58863 3.5825 0.621471 0.261957 0.110022 0.874567 0.0437395 -0.469333 -0.325821 
1.91662 1.98278 1.68497 2.81849 3.56987 0.281388 0.305086 -0.0421551 0.453373 0.15042 -0.472785 -0.289112 
1.96882 2.14134 2.14112 2.5295 3.37844 0.317582 0.905568 -0.10065 -0.00422879 -0.0196851 -0.379944 -0.191442 
2.10285 1.90318 2.08554 2.61729 3.41607 0.0823705 0.839505 0.117985 -0.364019 -0.211482 -0.376194 -0.15151 
2.07026 1.95894 2.12486 2.95584 3.21552 0.210779 0.85463 0.0336713 -0.479925 -0.299166 -0.30395 -0.164748 
2.21402 1.97231 1.78135 2.57192 4.0968 0.0920356 0.201149 -0.3605 0.377472 -0.193581 -0.582097 -0.260157 
2.05596 1.886 1.95993 2.91502 3.75163 -0.102248 0.775456 -0.264675 0.203622 -0.232549 -0.466414 -0.167732 
2.01292 2.17785 2.02548 2.86102 3.80034 0.175769 0.717715 -0.132274 0.0157836 -1.16563 -0.431806 -0.131798 
2.16258 2.23653 1.82039 2.30538 4.37283 0.231773 0.278705 -0.215542 0.0651217 -0.881545 -0.638911 -0.220341 
2.3353 2.0277 1.76719 1.78988 5.23163 -0.0995797 0.292566 -0.410197 -0.287771 -0.711575 -1.00119 -0.146969 
2.28068 2.19748 2.24457 2.08126 4.16487 -0.160847 0.934503 -0.315528 -0.871715 -1.24678 -0.824363 -0.0723095 
2.04633 2.53734 2.4962 2.24392 2.80487 0.5288 0.889417 -0.41441 -0.976072 -1.33365 -0.430212 -0.238664 
1.92062 2.53539 2.50486 2.50032 3.09823 0.674884 0.531295 -0.388218 -0.568595 -1.0472 -0.301474 -0.254266 
2.08578 2.57239 2.29685 2.02967 3.71023 0.301649 1.20762 0.305693 -0.0815823 -1.24396 -0.492271 -0.135538 
1.80313 2.48566 2.52707 2.70516 2.84038 1.11891 0.61838 0.295286 -0.0221996 -0.748586 -0.127008 -0.200218 
1.9214 2.42434 2.82623 3.7227 3.74695 0.216076 0.121584 0.0273596 -0.101661 -0.605096 -0.522885 -0.300506 
2.17557 2.6593 2.97725 2.62593 3.81378 0.290751 1.15429 0.299793 -0.63358 -0.943631 -0.555714 -0.192867 
2.02355 2.76865 3.09105 2.31235 3.46627 0.827593 0.948179 0.721736 -0.520176 -0.708621 -0.293142 -0.227635 
2.10005 2.34834 2.7963 2.60049 3.66058 0.921819 1.02436 1.10964 0.530513 -0.580483 -0.226488 -0.063464 
2.00835 2.3165 2.59072 3.38865 3.75814 0.92033 0.71841 0.229362 0.3241 -0.630347 -0.245285 -0.161829 
1.91522 2.73386 2.86218 2.69595 3.52198 0.48711 1.0813 -0.213042 -0.623825 -0.836015 -0.346832 -0.223147 
1.98067 2.71612 3.08318 3.06602 4.00313 0.0689756 0.044204 -0.485693 -0.923625 -0.440597 -0.73151 -0.409498 
2.1069 2.6358 3.22493 3.24689 3.76801 -0.387594 0.299666 0.13762 -1.17274 -0.604726 -0.735153 -0.322302 
1.723 2.52238 2.79056 2.78663 2.90594 0.791406 0.474318 -0.153183 -0.55569 -0.381673 -0.247182 -0.258468 
1.95306 2.34915 2.67765 3.01453 3.12749 0.325631 -0.195402 -0.0487086 -0.861016 -0.706853 -0.42519 -0.304362 
2.09659 2.41236 2.67653 2.73439 2.72152 -0.0683203 1.17377 -0.454488 -0.75852 -0.760643 -0.320383 -0.1182 
1.98234 2.6926 2.67518 2.43825 3.36879 -0.683222 0.0743561 -0.788171 -0.679837 -0.678097 -0.554624 -0.165686 
1.88893 2.57729 2.86495 2.19008 3.1557 -0.3135 0.251832 -0.0502379 -1.03126 -0.347583 -0.312992 -0.106628 
1.90121 2.46452 2.29769 2.45332 3.36067 0.864004 -0.217672 -0.658259 -0.225146 0.30185 -0.293561 -0.267773 
1.8754 2.65861 2.55716 2.01065 3.33278 0.223953 -0.42155 -1.11503 -0.329482 -0.0481223 -0.337508 -0.209186 
1.96116 2.18932 2.46241 1.0263 2.27583 0.432687 0.592347 -0.120208 0.424586 -0.283299 -0.314131 -0.10982 
2.13059 2.49378 2.52257 0.555118 2.6429 -0.217359 0.166358 0.686061 -0.398717 -1.01795 -0.463935 -0.253789 
2.01944 2.24372 2.60572 0.709398 1.46968 -0.28048 0.604383 1.19273 0.0240673 0.0292906 -0.238098 -0.229863 
1.93809 2.38414 2.97041 0.780035 1.2487 -0.00802945 0.687417 0.998696 -0.301525 -0.47112 -0.168497 -0.239249 
1.72391 2.16775 2.52723 1.46854 1.74818 0.625054 0.994583 -0.521795 0.240713 -0.877421 -0.09491 -0.0304236 
1.79703 2.34295 2.77447 2.23237 2.30044 0.182272 0.837527 -0.703094 0.442084 -0.551062 -0.0424305 0.0328053 
1.81785 2.50095 2.78213 1.79128 2.19584 0.672022 0.690924 0.161346 0.27387 -0.175571 0.105361 0.0603993 
1.95761 2.36502 2.0674 1.13576 -0.274368 -0.156464 1.37026 0.959102 1.17673 0.901152 0.142009 -0.0830623 
1.88354 2.50778 2.52113 0.483111 -0.652306 0.012371 1.23561 1.39103 1.09708 0.630647 0.12839 -0.174969 
1.79488 2.54149 3.24006 1.09777 0.856133 0.836334 0.944936 0.767907 0.460093 0.130653 0.0234938 -0.0553279 
1.8422 2.32347 2.73178 1.08779 1.4732 0.984188 0.915826 0.516201 0.983246 -0.140609 -0.133048 -0.0827425 
1.84171 2.09592 2.75177 1.39479 1.7947 -0.0543884 0.341308 0.412728 1.27565 0.648364 -0.294816 -0.0760137 
1.77418 2.38311 2.36394 1.63783 1.81347 -0.127105 1.016 0.223714 0.702111 0.063159 -0.225344 -0.0881106 
1.67295 2.31894 2.64102 1.89058 1.72369 0.937053 0.813149 0.661993 0.649184 -0.0387879 -0.000756367 -0.0395192 
1.63619 2.15844 3.09682 1.52778 2.22095 1.242 -0.150518 0.592835 1.60006 1.0494 -0.475143 -0.0416229 
1.65114 2.26192 3.05171 2.01555 1.94474 1.13943 0.930085 0.767046 1.49764 0.492642 -0.212151 0.0271881 
1.63123 2.16617 2.86942 2.11578 1.29894 1.05384 1.37486 1.62746 1.97866 0.343605 0.0243384 0.110813 
1.68798 2.41614 2.9412 1.22043 0.817607 -0.362225 1.5696 1.18903 1.14839 0.699339 0.4004 0.190195 
1.65615 2.41788 2.9751 0.935549 1.33238 -0.564726 0.984515 1.38305 1.78051 0.269634 0.507772 0.271495 
1.5759 1.98631 2.84927 1.52289 1.47919 0.229148 0.89138 0.81264 1.11088 0.232248 0.0450563 0.101475 
1.64696 1.77586 3.08611 0.0897439 1.18204 -0.277589 0.464908 1.25761 0.290248 0.316307 0.201282 0.00821773 
1.59709 1.50337 2.57597 1.79657 0.984552 -1.34371 1.442 0.144319 0.622845 0.486344 -0.0776884 0.148167 
1.40549 1.58381 2.16041 1.56827 1.30609 -1.48581 0.89863 0.706814 0.717845 0.805636 0.0604436 0.197999 
1.46792 1.62167 2.29027 1.36579 2.00892 -0.621498 0.0814435 1.17328 0.761128 0.787988 0.139619 0.150303 
1.35158 1.88241 2.20345 1.36454 2.05751 -0.483326 0.758851 0.973623 1.27263 -0.0460538 0.339467 0.185374 
1.36057 1.62884 2.1647 1.40677 2.30664 -0.514919 1.02686 1.32621 1.15929 -0.0679109 0.706871 0.336405 
1.35379 1.54287 1.52302 1.71289 1.8826 0.012642 0.953444 1.05341 1.06538 -0.0366817 0.390855 0.153893 
1.4289 1.57135 1.53371 1.17175 1.35582 -0.402263 0.664691 1.79601 0.352592 -0.323907 0.641792 0.168929 
1.38743 1.72149 2.1801 1.1756 1.68361 -0.559184 0.337957 1.921 0.274361 1.00931 0.294444 0.149789 
1.34822 1.50809 2.22694 0.564762 1.45956 0.0966749 1.59961 1.0912 0.242573 0.416914 0.428877 0.106068 
1.23584 1.29496 2.28743 0.487586 0.344504 0.55385 1.95201 0.751638 0.104253 0.277784 0.307292 -0.0382731 
1.41424 1.606 2.44638 0.887883 0.774698 0.327303 0.975274 0.998726 0.706392 0.602881 -0.106634 -0.0251185 
1.47204 1.35342 2.079 0.578093 0.75368 0.457974 0.291819 1.23827 0.626865 1.02066 0.0190781 -0.102552 
1.27414 1.1469 2.53105 0.622021 0.838383 0.692515 1.61255 1.36858 0.788203 0.243523 0.0743151 -0.0289641 
1.28889 1.49006 2.41689 1.01007 1.78727 -0.465587 1.03676 1.49621 1.05746 0.560599 0.770232 0.340819 
1.39882 1.51256 2.5017 0.484328 1.5553 -0.830858 0.993738 1.44005 0.839599 1.21493 0.790591 0.388626 
1.3753 1.53187 2.44507 0.117746 0.83533 -0.354605 0.71087 0.761599 0.489359 1.19476 0.809305 0.296017 
1.36872 1.5857 1.80718 -0.254414 0.814441 -0.547845 1.05731 -0.11995 1.25979 0.546125 0.672766 0.31498 
1.3098 1.32694 1.74658 0.442691 1.1933 -0.384516 0.7943 0.41554 1.33361 0.376438 0.284265 0.0751859 
1.32249 1.52163 1.86159 0.0395601 0.951652 0.0291239 0.707021 0.745364 0.358288 0.505491 0.34229 -0.0279026 
1.46928 1.3976 1.57598 -0.114863 1.7493 0.0679613 0.525242 1.1241 0.336276 0.0736319 0.264912 -0.0179755 
1.25851 1.62418 1.34171 0.506456 0.907753 0.269106 1.74802 0.924812 0.900668 0.460736 0.461306 0.0981881 
1.20302 1.45806 1.87501 0.399875 0.702133 -0.420095 0.800958 0.857125 1.27906 0.487902 0.858061 0.236861 
1.2134 1.40937 1.74552 0.528132 0.921335 -0.20681 0.512637 0.845676 1.55994 0.404205 0.919386 0.234897 
1.21161 1.28076 1.90625 0.754365 1.68082 0.341057 0.535568 0.682039 1.62201 0.396393 0.506104 0.203521 
1.21705 1.64479 1.74208 0.607309 0.5462 0.711362 0.442295 0.348641 1.53385 0.797537 0.654392 0.202582 
1.34967 1.7914 2.07513 0.576528 0.260649 0.336673 0.513856 0.701378 1.34093 1.34382 0.637406 0.272596 
1.21751 1.36531 1.81878 -0.434797 1.36105 0.179588 1.4441 1.20002 1.08028 1.23099 0.7421 0.177821 
1.15921 1.39879 1.52918 -0.18929 1.17125 0.302496 1.50613 0.525381 1.44313 0.885918 0.710121 0.17229 
1.12415 1.37966 1.92859 0.385179 1.1882 -0.204723 0.454633 0.6356 0.958265 0.762734 0.610523 0.149045 
1.15829 1.68119 1.66052 1.2135 2.17089 -1.052 -0.0640935 1.43945 1.20489 0.765438 0.691881 0.243519 
1.16349 1.60983 2.15597 1.03377 1.89684 -0.548995 0.599678 1.46815 0.81218 0.878947 0.525275 0.25403 
1.233 1.7156 2.21886 0.877396 1.24718 -0.359656 -0.0341232 1.2813 0.834482 0.594532 0.594451 0.239231 
1.2628 1.50164 2.03064 0.188235 0.567912 0.929703 0.164805 1.12146 0.761804 0.444717 0.919915 0.161241 
1.19075 1.56887 1.88762 0.167575 1.46784 0.821501 0.726477 0.790061 0.745597 0.540499 0.562964 0.0893296 
