0.404186 0.729675 1.31502 0.564239 1.2716 0.973372 0.730382 1.03879 0.84282 0.317562 -0.0480092 0.184703 
0.510503 0.86157 1.41541 0.443868 1.33555 0.870329 0.743323 1.60927 0.877162 0.824076 0.0901779 0.0642226 
0.559248 0.988977 1.30193 1.04718 1.34544 0.185869 0.964582 1.6179 0.814388 0.332048 0.315063 0.0808102 
0.485195 0.73612 1.78294 0.309496 1.02156 0.0393671 0.282786 0.514908 0.962694 1.13704 0.263001 0.0117153 
0.436388 1.1595 1.52445 0.868869 1.34235 0.160573 0.524188 0.28348 0.577782 0.988698 0.303674 0.0198604 
0.546806 1.36669 1.12007 1.08073 1.0903 0.116074 0.417585 0.0541365 0.944156 1.13802 0.459479 -0.00495948 
0.575957 1.44676 1.24186 1.21945 0.983366 0.657947 0.56025 0.0575642 1.29735 1.05894 0.403644 0.00866335 
0.6754 0.878675 1.33733 0.234002 1.38883 0.42078 1.26988 0.381266 2.08574 -0.0526022 0.329149 0.0406926 
0.488382 0.883212 1.22277 0.53734 1.98728 0.48761 0.64833 0.906562 0.920377 -0.282632 0.119502 0.0372842 
0.525743 0.959899 1.10813 0.660153 1.88624 0.258666 0.637575 0.537307 0.80557 0.590253 0.26977 -0.0355737 
0.532698 1.03071 0.63452 0.853258 1.50345 1.22828 0.435814 0.423454 0.998949 0.2217 0.107841 -0.0353825 
0.632621 0.719194 0.738643 1.08657 0.612885 0.203095 0.841612 0.928625 1.13622 0.129437 0.466581 -0.0908966 
0.46427 0.668429 1.11589 0.58283 0.228298 1.50712 0.700782 1.12186 0.470974 0.369597 0.263704 -0.0611558 
0.54157 0.78313 1.31051 1.08306 0.84043 0.707422 -0.298093 0.521937 0.746491 -0.246568 0.993934 -0.0784402 
0.496219 1.06434 1.62026 1.4184 0.845866 0.808757 0.18891 1.16891 0.650601 0.161976 0.895753 -0.106917 
0.508218 1.30564 0.995062 1.17009 1.53463 1.03341 1.45456 1.10639 0.256296 0.193655 0.833336 -0.115927 
0.433987 1.12845 0.943231 0.689052 1.60106 1.55973 1.15109 -0.126236 0.963771 -0.481898 0.34883 -0.0345001 
0.521608 0.91887 0.985446 0.805755 1.68099 0.992288 0.450269 0.953747 0.793136 0.10597 0.297304 -0.0529852 
0.551627 1.31034 1.056 0.40399 1.44423 1.01131 0.440694 1.20947 0.61174 -0.418776 0.0351508 0.0992802 
0.611165 1.15988 1.59642 1.1776 1.24502 0.24633 0.899002 1.94036 0.86489 0.414646 0.669385 -0.000220263 
0.585907 0.677125 1.35459 2.09921 0.57506 0.995325 0.717538 1.28193 1.18714 0.404547 0.674338 -0.053221 
0.64631 1.10622 1.74344 1.62682 0.31055 0.797148 0.417364 1.22275 1.23304 0.762977 0.11383 0.0994069 
0.87607 1.2984 1.83823 2.02586 1.13945 1.72322 1.00077 1.89772 1.07805 0.880084 0.370933 0.217861 
1.08421 1.56014 1.94761 2.66461 2.29909 1.5704 1.6395 1.4912 1.9045 0.297785 0.0559267 0.265853 
1.40683 1.94383 2.62088 3.04475 2.53084 1.84238 2.72123 0.823021 1.46495 0.307006 0.125633 0.144276 
1.53894 2.49999 3.33054 3.33562 3.11028 2.67661 0.849729 1.05011 0.350123 0.27555 0.259933 -0.0210072 
1.66975 2.39037 3.51754 3.43223 3.6519 1.83658 0.0247814 0.956307 1.83203 -0.0226897 -0.108692 -0.0236092 
1.50822 2.29322 2.70846 3.24965 2.92351 1.45855 1.32441 1.20338 1.53632 0.360984 -0.108714 0.055968 
1.55334 2.04588 2.91154 3.54257 3.53178 1.08292 1.0734 1.29322 1.79628 0.740657 -0.270716 0.0866572 
1.46808 1.75247 3.18288 3.73781 2.61349 1.01413 1.79012 1.56107 1.10327 0.318927 0.057228 0.178209 
1.47475 1.40281 3.48699 3.89069 2.76449 0.188072 1.76925 1.33071 1.41523 -0.084843 -0.171634 0.272194 
1.36502 1.04307 3.65155 4.30055 2.64526 -0.157874 2.60677 1.02814 0.37624 0.0619455 0.322325 0.185619 
1.06428 1.13617 3.79356 4.67683 2.34327 0.0850126 2.46805 1.12522 0.916731 0.0285298 0.545038 0.249712 
1.0206 0.996719 3.34094 5.10414 2.23947 -0.0783279 2.5172 1.28767 1.09072 -0.150929 0.881542 0.289025 
0.84972 0.708497 4.13041 4.98767 2.27286 0.312915 2.18485 1.36952 1.45989 -0.0727018 0.711192 0.323948 
0.66676 0.622976 3.90655 3.83783 2.55212 0.298964 1.32335 1.48624 1.85784 0.214792 0.407893 0.376634 
0.566816 0.770318 3.69586 4.03407 2.16644 -0.61828 1.0559 1.95894 1.69009 -0.880237 1.43857 0.290582 
0.553079 0.862013 2.93534 4.49203 2.49285 -1.36682 1.18045 2.07036 1.85774 -0.897213 1.20656 0.309084 
0.564412 0.434803 2.95893 5.12266 3.20538 -1.25914 0.738647 2.52279 1.35932 -0.815659 0.905918 0.191885 
0.459298 0.204781 3.54799 4.39955 2.99287 -0.807025 1.427 2.0919 1.11255 -0.444131 0.77567 0.244627 
0.371243 0.573418 3.44541 3.36263 3.15462 -0.677381 1.72211 2.0074 0.999158 -0.149311 1.17898 0.13009 
0.279459 0.486322 4.07979 3.54596 2.59312 -0.339583 1.98691 1.65564 1.51178 -0.0806961 0.645037 0.382524 
0.287363 -0.00685329 3.90194 4.81354 1.6025 0.594931 2.60637 0.946191 1.68648 0.138956 0.533759 0.330574 
0.272051 0.842573 2.12365 4.81123 2.66762 -0.188664 1.42672 1.82576 1.29926 0.0330268 0.971273 -0.00749691 
0.484978 0.733482 2.36182 4.03445 2.82612 0.38897 2.22198 0.819718 2.0743 -0.647243 0.74152 0.345645 
0.671307 0.758374 2.70725 2.97848 2.88916 -0.545265 1.67549 1.62769 1.7784 -0.958585 0.941996 0.437991 
0.746771 0.824381 2.54717 2.12214 2.01439 -0.766974 2.29591 2.19211 1.1217 -0.389177 0.804312 0.428109 
0.979505 0.761798 2.72818 2.38769 1.65839 -0.608438 2.67821 2.41125 0.539828 -0.0530104 0.259162 0.414921 
1.31068 0.545646 2.24225 2.11057 1.68901 -0.247321 2.79158 1.91557 0.415293 -0.0201938 0.0475705 0.224519 
1.64346 0.120217 1.23503 2.67308 2.59036 0.527524 2.11141 1.19017 -0.0691864 0.00432127 0.171514 0.146298 
2.00223 0.571441 0.39426 1.84186 2.6199 -0.701053 1.91402 1.37579 1.31913 0.804639 -0.513529 -0.300571 
2.08929 0.774669 0.00950414 1.09151 2.58337 0.11699 1.62647 0.71153 1.57688 0.471572 -0.57247 -0.365388 
2.03329 0.681272 0.0130862 0.205893 2.10933 0.654836 0.951932 1.95795 0.972841 0.500498 -0.348063 -0.397032 
2.11902 0.851048 -0.0195415 -0.412324 2.27752 0.62452 1.09034 2.05951 1.19357 0.446642 -0.42719 -0.420192 
2.15133 1.05273 0.0734993 0.456876 2.38714 0.401518 1.31161 1.69246 1.09352 0.653728 -0.479597 -0.412731 
2.06701 1.07405 0.136989 1.3842 2.79708 0.0567533 1.80682 1.80429 0.450442 0.760494 -0.55342 -0.312985 
2.1552 1.10669 0.535024 0.702417 2.81465 0.571931 1.62332 1.45625 0.616331 0.783194 -0.431083 -0.360042 
2.07188 1.26167 0.74723 0.0668178 2.43963 0.356754 1.56218 1.84212 0.89536 0.800484 -0.571684 -0.445648 
2.11508 1.5403 1.13569 -0.484626 2.64387 0.569915 1.70704 1.85175 0.488264 0.731553 -0.556966 -0.406279 
2.06426 1.63712 0.785951 -0.237491 2.56383 0.0545923 1.61421 1.91702 1.33636 0.666646 -0.661916 -0.403799 
2.12718 1.71377 0.372716 0.828368 2.87528 -0.124679 1.84581 1.54531 1.64496 0.662673 -0.828359 -0.435855 
2.23147 1.60554 0.274392 0.743081 2.48109 -0.211773 0.735486 1.5641 1.607 0.934874 -0.506053 -0.446316 
2.1842 1.7933 -0.190642 -0.100609 2.69876 0.591709 1.77707 1.23887 0.665652 0.922767 -0.318831 -0.236757 
2.01549 1.59292 0.341934 -0.418226 2.07124 0.411643 1.49095 1.25108 1.14668 0.723665 -0.0844611 -0.164584 
1.88301 1.11152 1.04274 0.726859 1.91968 0.284942 1.40879 1.73239 2.00343 0.665454 -0.404911 -0.222286 
1.8256 1.25028 1.56654 0.10033 3.08053 -0.206316 1.19853 1.27011 1.7531 0.361668 -0.754429 -0.0976842 
1.85294 1.63314 1.37102 -0.173825 2.11916 -0.459201 1.28416 0.605448 1.57849 0.572583 -0.285579 -0.034853 
2.04557 1.76746 0.922849 -0.188363 1.86562 0.727235 1.68376 0.487808 0.208178 0.279377 -0.155327 -0.0682875 
2.38728 2.04705 0.735792 0.267568 2.10329 0.549111 1.16138 -0.43787 -0.520722 0.976944 0.34622 0.0834974 
2.2811 2.14459 0.682861 1.29912 1.95507 0.624715 -0.33175 -0.932969 -0.20038 0.449977 0.243831 -0.0529116 
2.16735 2.67719 0.803581 1.02189 1.66246 -0.221147 -0.507124 -0.0825 0.113322 0.12919 0.00513123 -0.0614028 
2.13219 2.41146 1.48713 1.16818 1.95321 0.205405 -0.146477 -0.118899 0.178011 0.193429 -0.0630982 -0.129522 
2.11969 2.30003 1.47895 1.14895 2.31353 0.161565 -0.204127 0.166156 0.614588 0.312988 -0.112198 -0.192949 
2.01966 2.43747 1.64269 1.45626 2.36529 0.17084 -0.376974 -0.0990098 0.259221 0.318211 -0.085938 -0.147681 
1.80818 2.39103 2.09786 2.02248 1.66545 0.264283 -0.823637 -0.90998 -0.0916319 -0.126294 -0.0838881 -0.119014 
2.06759 2.6897 1.66109 2.14349 2.85549 -0.903963 -0.668904 -0.825719 -0.094543 0.152444 -0.344888 -0.1203 
2.00061 2.80735 1.73304 1.68521 2.47495 -0.22708 -0.0694023 -0.602452 0.0477458 0.016172 -0.17098 -0.112301 
1.93865 2.52081 1.89508 1.70005 2.21733 0.863692 0.869563 0.483339 0.518428 -0.116372 -0.184404 -0.17624 
1.81912 2.28583 1.98274 2.14352 2.80107 1.16465 0.587951 0.685223 0.696114 0.158461 -0.214092 -0.183457 
2.12093 2.48912 2.16833 1.68166 3.06724 0.845888 0.488251 0.619697 0.566709 -0.163587 -0.224276 -0.193019 
1.81303 2.42229 2.2564 1.82421 1.74531 1.03878 1.00193 0.673829 0.356417 -0.0710952 -0.174571 -0.160575 
1.80898 2.42196 2.29317 1.38875 2.63133 1.31806 0.951512 1.09642 0.712689 0.0652911 -0.222925 -0.200595 
1.80745 2.48407 2.40465 1.45718 2.99441 0.94461 0.731111 0.616539 0.263929 -0.631993 -0.146671 -0.202924 
1.62366 2.34656 2.6419 1.5112 2.34331 0.039884 0.704522 -0.368195 -0.484686 0.103533 -0.315846 -0.131065 
1.88882 2.18535 2.93866 1.79451 2.93565 0.755728 0.520212 -0.295734 -0.646829 -0.464648 -0.251417 -0.197095 
1.8797 2.29773 3.11414 1.04146 2.05392 1.03749 0.676382 0.109763 0.296142 -0.419597 -0.19513 -0.0918257 
1.95618 2.54034 2.8082 1.28617 1.80311 0.748088 0.106172 -0.493138 0.0997894 -0.964535 -0.24405 -0.164478 
1.91859 2.49559 2.55121 0.904473 2.1123 0.215391 0.859865 0.227248 0.258527 -1.05909 -0.219453 -0.130152 
1.78582 2.59386 2.98141 1.47805 2.14323 0.0943023 0.947684 0.00634388 -0.215915 -0.629593 -0.216374 -0.143463 
1.7569 2.32801 3.16262 1.08926 1.49689 0.462384 0.271449 -0.203209 -0.268307 -0.953972 -0.136152 -0.167861 
1.74366 1.803 2.60744 1.61045 1.55631 0.857144 1.10791 0.557396 -0.0898818 -0.686047 -0.0484832 -0.0998268 
1.75341 1.80532 2.47786 0.846178 1.18742 1.06326 1.86429 0.333277 -0.143028 -0.39859 -0.272471 -0.173113 
1.75602 1.92953 2.49489 0.461302 1.33252 0.14752 0.0168626 0.765183 0.646627 0.304902 -0.112455 -0.155273 
1.64135 1.92007 2.45766 1.23052 1.35171 -0.316988 0.340988 0.608078 0.202555 0.104083 -0.158864 -0.110641 
1.71299 1.82083 2.06658 1.46125 1.78788 0.218865 0.878972 -0.295224 0.636489 0.300436 -0.42663 -0.17121 
1.65456 2.01559 2.47987 0.893139 1.71302 0.407062 1.13564 -0.262614 -0.024777 0.171481 -0.277997 -0.0843884 
1.6159 2.11785 2.2919 0.682379 1.58815 0.789691 1.04771 0.75834 0.118368 0.011152 -0.14001 -0.123992 
1.62051 2.28216 2.24864 1.42758 2.13179 0.772483 0.48687 1.05575 0.170015 0.189493 -0.0273419 -0.0725713 
1.74054 2.38529 2.82853 1.58948 1.27054 0.535355 0.666769 1.17816 -0.0261095 0.0458123 0.0502915 -0.0852285 
1.53565 2.22651 2.82409 1.23749 1.24994 0.778342 0.84338 1.64392 0.546228 0.225283 -0.10225 -0.144826 
1.44865 2.26773 2.39089 1.32342 1.17318 0.852513 1.00442 0.933553 1.31638 -0.0471359 -0.246367 -0.1333 
1.40813 2.28474 2.71994 1.21352 1.96542 -0.373486 1.33351 1.34759 0.843063 -0.433906 -0.0511456 -0.0795156 
1.49149 2.20722 2.49415 0.7753 1.68184 0.148456 1.16464 1.48145 0.414188 -0.686977 0.0777014 -0.187771 
1.45544 2.28826 2.09337 1.1125 1.7187 0.594091 2.18627 -0.0623049 0.92557 0.0162993 -0.166127 -0.00431031 
1.45791 2.12153 1.7902 1.23302 1.8063 0.19753 1.28306 -0.217002 1.34036 0.173978 0.170733 0.102966 
1.47062 2.02118 2.36582 1.13534 2.00056 0.11123 0.898187 0.879482 0.686786 0.334167 -0.0265491 0.0262507 
1.41922 1.83427 2.927 1.28381 1.95927 1.05763 0.62841 1.05599 0.922116 0.297903 -0.174332 -0.00117111 
1.50907 1.77451 2.66702 1.14415 2.72958 0.419968 1.0116 0.571313 0.48481 0.45406 -0.393539 -0.0615106 
1.42914 1.70227 2.08931 1.16121 2.50916 -0.266573 1.0545 0.745 1.4419 0.459096 -0.158924 0.118 
1.25747 1.8226 1.7329 1.31454 1.85099 0.0413211 0.881851 0.88098 1.42558 0.781211 0.0935238 0.144825 
1.28517 1.79006 2.02831 1.04546 1.44394 0.605855 0.763517 0.539341 0.986279 0.334432 0.00881281 0.0626087 
1.10536 1.34557 2.22364 1.1145 1.88353 1.10597 0.715921 0.864806 0.9278 0.50137 0.603289 0.125333 
1.27665 1.1956 1.93452 0.591852 1.84939 0.725547 1.46922 1.13057 0.573785 0.25405 0.3387 0.0946113 
1.3018 1.36158 1.7632 0.205211 1.69583 -0.316606 1.34451 0.853499 1.05874 0.135343 0.222523 0.160884 
1.26541 1.75038 2.3604 0.702697 1.14755 -0.0148283 1.3911 0.288662 0.980643 0.166073 0.635959 0.208827 
1.21939 2.06038 2.28239 0.723959 1.47853 0.128162 0.879834 0.819808 1.23122 0.1515 0.825596 0.189787 
1.30887 1.76656 2.07532 0.843108 1.67269 0.923185 0.803662 0.0369359 1.57456 -0.0664876 -0.136965 0.0146386 
1.11242 1.49621 1.75081 0.717421 2.01332 0.438492 1.19145 0.1857 1.06756 0.493127 -0.374637 -0.0194822 
0.98531 1.36471 1.41189 0.669412 1.24445 0.372439 0.951401 0.339059 0.90991 0.20931 -0.0812148 -0.104822 
1.16203 1.20599 1.39884 0.756374 0.95111 0.79849 1.41032 0.127011 1.03029 -0.227825 0.0546359 -0.0477249 
1.24001 1.45617 1.81399 1.02062 1.39777 0.475328 1.74841 0.754893 1.31002 -0.185822 0.383105 0.113627 
1.12232 1.61634 1.86735 0.363652 1.65621 0.93504 0.782307 1.67889 1.55424 0.209052 0.42557 0.0646121 
1.0836 1.9896 1.85459 0.0927716 1.70848 1.65409 1.17929 1.01832 1.86449 -0.0971818 0.137008 0.0764888 
1.22982 1.41326 2.29635 0.439547 1.90723 0.0950127 1.51977 0.242616 1.34387 0.949012 0.470586 0.333505 
1.27874 1.53487 1.62548 0.632345 1.32997 -0.1322 2.04842 1.2405 1.33774 0.794846 0.830307 0.264357 
1.1895 1.31189 2.0091 0.890997 0.887167 0.10714 1.70774 0.613585 1.28572 -0.0487201 0.648366 0.205144 
1.20062 1.33882 2.1374 1.1768 0.766211 1.02236 0.890171 1.39984 0.964652 0.282104 0.564152 0.145738 
1.13749 1.11059 2.06461 2.02541 1.21608 1.11416 0.253486 0.270325 0.93351 0.222478 0.180033 0.0323022 
1.15514 0.977751 1.9895 1.57659 1.33888 1.05274 1.09687 0.380548 0.655223 -0.0953063 0.418589 0.0773835 
1.13707 0.773066 1.28102 0.963461 1.2544 0.0424283 1.04993 0.0502316 0.336831 0.436202 0.276134 -0.0794448 
1.11725 1.49796 1.15427 1.09202 1.69966 0.103059 1.5639 0.645568 0.694943 0.40716 0.240965 0.0685097 
1.0639 1.70196 1.79373 0.947344 2.16854 0.427751 1.9624 0.732086 0.901931 0.192708 0.360924 0.171702 
1.06022 1.48545 1.7896 0.728458 1.98737 1.04525 1.62289 0.371182 0.546503 0.573038 0.338014 0.134696 
1.05857 1.23965 1.20723 0.875661 1.94245 0.160171 1.26286 0.100407 0.432075 0.446258 0.0333351 0.0280128 
0.830741 1.2912 1.8045 1.23085 1.70244 0.510781 0.956183 0.240879 1.23633 0.0476698 0.447321 0.0970837 
0.873706 1.30021 1.67702 0.980656 0.755518 0.104872 1.51083 1.67563 1.73214 0.344609 0.887939 0.0706573 
0.968573 1.21774 1.39158 0.456622 1.13256 0.0421433 1.03025 0.871388 0.682027 0.71889 0.737534 0.0107896 
1.00241 1.38882 1.83639 0.315685 1.89022 1.32899 0.383998 0.82589 0.0434965 -0.146007 0.63237 -0.0387871 
1.11491 1.14458 2.04597 0.711584 1.42119 0.788752 0.00886721 1.44196 0.406972 0.221349 0.251221 0.0240952 
0.870175 1.34026 2.14388 1.06178 1.05992 0.947091 0.75157 1.04611 0.418641 0.570736 0.116977 0.0523285 
0.880006 1.26821 1.55722 0.954445 1.52216 0.658286 0.428082 0.826507 1.09552 0.726799 0.162341 0.0947304 
0.872894 1.19955 1.75457 0.928042 1.61895 0.914488 1.2166 1.15245 1.83335 1.35766 0.272788 0.14687 
