0.338012 0.761763 0.978045 1.54933 1.45923 0.880977 2.37174 1.23533 0.459443 -0.0336234 0.12659 0.145458 
0.572074 0.911845 1.35532 1.64336 1.41829 1.39393 2.49548 1.4245 0.659776 0.48558 0.0513979 0.218529 
0.61322 0.888605 1.55307 1.29452 1.56171 1.06369 1.81011 1.41447 0.399143 0.251009 0.501811 0.106899 
0.507488 0.690956 1.32868 1.36679 1.13284 0.521575 1.04662 0.58861 0.329492 0.273752 0.0583707 0.175756 
0.481661 1.05506 1.07689 0.808239 0.888309 0.309763 1.24611 0.59335 0.490119 0.794911 -0.39618 0.0222469 
0.590048 1.30149 1.31268 0.513126 1.0191 0.498247 0.352673 0.251326 1.02597 -0.067554 -0.246083 0.0510649 
0.609236 1.27666 1.10763 1.10611 0.549299 1.04786 0.374045 0.860872 1.43675 -0.0467436 -0.3103 0.0690252 
0.607885 0.937494 1.5256 1.10078 1.11742 1.16993 0.180037 0.0637909 0.364293 -0.106323 0.335235 0.090329 
0.592949 1.07275 1.53455 1.04829 1.93507 1.27982 1.27185 -0.0711067 0.000344547 0.505554 0.134293 0.11794 
0.652028 1.29995 1.24838 1.42076 1.24137 0.660096 0.881171 1.15661 0.452648 0.244872 0.19722 0.0724617 
0.572728 1.21955 1.3224 1.06784 1.11702 0.120171 0.407004 1.62927 0.992763 0.363271 0.496478 -0.0849601 
0.390684 1.10397 1.33909 0.883207 0.886961 0.831665 0.6563 0.125355 0.203547 0.120991 0.263732 0.00918389 
0.660252 0.826953 1.43493 0.529506 1.20994 1.7271 1.52782 0.0498568 -0.241712 0.187136 0.471255 0.0813626 
0.569333 1.07398 1.70767 0.596016 1.18848 0.427046 0.874617 1.32966 1.30512 0.182687 0.0748506 -0.00530216 
0.631933 1.44766 1.38204 0.871393 1.73355 0.57837 0.98743 1.40726 1.04259 0.173932 -0.130638 0.0885033 
0.600009 1.22527 0.556327 1.06376 1.5682 -0.365593 0.568474 0.772402 0.177663 0.427116 0.0735121 0.0148275 
0.536465 1.25676 0.534708 1.71115 1.73326 -0.312502 1.12724 0.700613 0.232009 0.661671 0.282997 0.0561357 
0.571628 1.17813 1.50413 0.83213 1.37778 0.543003 1.05087 1.20405 0.72667 0.216464 0.155036 0.0287205 
0.668372 1.02753 1.7902 1.47369 1.44981 1.35712 -0.00241376 0.440354 1.42775 -0.0852851 0.207321 0.0691782 
0.565296 1.56772 1.67523 0.693647 0.616213 1.44221 1.2174 1.32157 1.22538 0.555718 0.238258 0.0649831 
0.475115 1.4013 1.06974 -0.0166381 0.753973 1.26842 0.345963 1.0196 1.48137 0.894289 0.206032 -0.0915534 
0.179464 0.818387 1.5394 -0.390261 2.17384 1.69642 0.00723775 0.858879 1.23454 0.583316 -0.0446552 -0.104636 
-0.114649 0.447453 3.16504 -1.14543 2.27961 1.62155 0.58386 0.844797 0.446908 0.821841 -0.303199 0.0956808 
-0.383536 0.087676 4.16556 -0.759928 1.47187 0.386969 1.39975 1.19654 0.690159 0.493726 -0.24417 0.344126 
-0.830558 0.492712 4.26038 -0.786535 0.544752 0.641472 1.01349 1.66391 0.404031 0.231529 0.0313424 0.272506 
-0.905567 0.581327 3.97722 -1.25825 1.32757 1.19592 1.61694 -0.106144 1.03173 0.849677 -0.698902 0.382996 
-1.1857 0.216052 4.6109 -1.87742 1.45151 1.83621 0.82935 -0.344349 1.42737 0.233794 -0.358877 0.411037 
-1.22382 0.211376 4.05372 -1.1028 0.900235 2.13382 0.155287 -0.152631 1.2344 0.137965 -0.217822 0.404882 
-1.24038 0.519079 3.3767 -1.1594 1.5192 1.22232 0.212918 0.89432 0.360701 0.0982895 0.275109 0.0448667 
-1.24892 0.382855 4.06371 -1.68034 1.55074 0.37036 -0.187161 0.732439 0.903522 0.36245 0.0818168 0.176157 
-1.32604 0.512006 3.54859 -1.51602 1.8979 0.412561 -0.845464 -0.19338 0.899378 0.987287 -0.239884 0.240054 
-1.38249 0.47106 4.31305 -0.860296 2.95671 0.334086 0.887943 -0.166771 0.964839 0.808306 -0.564753 0.379302 
-1.34743 0.545465 3.94295 -0.539942 2.17929 -0.0179925 0.879806 0.0325554 0.831232 0.67638 -0.500061 0.411665 
-1.41051 0.245921 3.76165 -1.45252 2.46414 -0.495361 0.711281 0.206172 0.460246 0.621197 -0.508884 0.288459 
-1.34144 0.222104 4.63408 -1.79444 2.39028 0.960061 0.776259 0.555724 0.636301 0.167931 -0.303981 0.409838 
-1.27092 0.250654 4.71596 -1.37575 1.98193 1.34382 0.309972 0.294899 1.0318 0.278769 -0.317565 0.455927 
-1.37738 0.382271 4.33082 -1.69545 1.16926 0.697055 0.346306 0.614192 0.730248 0.184609 -0.0840669 0.399713 
-1.35634 0.187262 4.07268 -1.44687 0.658955 1.34911 0.268453 0.284914 0.521049 0.212311 -0.228388 0.421584 
-1.41909 0.0370817 4.05152 -2.10867 0.904613 1.43926 0.748439 -0.331694 1.61617 0.419496 -0.321241 0.628189 
-1.30095 -0.407215 4.47628 -1.43459 0.904689 0.427412 1.3801 -0.769999 1.82958 0.46839 -0.539151 0.749728 
-1.29449 -0.687349 3.57837 -1.23798 -0.345621 -0.459122 1.40975 0.723835 1.93831 0.744005 -0.259778 0.492088 
-1.24421 -0.743111 3.30143 -0.695279 -0.668333 0.1113 1.37623 0.26071 1.76638 1.1954 -0.393652 0.597111 
-0.761524 0.0537985 4.1424 -1.11523 -0.639731 0.591266 2.39448 -0.25429 0.2976 0.349993 -0.643411 0.17079 
-0.258053 0.0420734 3.56701 -1.17323 -0.760469 0.459175 1.57362 0.740331 1.36067 -0.423798 -0.837107 -0.0896486 
-0.0828673 0.151611 3.59919 -0.789228 0.195856 0.924425 1.33419 0.640852 1.81439 0.0824782 -0.539613 0.086344 
1.18681 0.507891 1.77906 -1.37387 0.796617 1.48592 1.13033 0.120478 1.89476 0.493975 -0.789049 -0.232218 
1.81002 0.629973 1.33377 -1.11729 1.18953 1.88209 0.595302 0.471261 1.81057 0.597051 -0.616478 -0.445771 
1.95035 0.764005 0.864011 -1.08104 1.85267 1.61865 0.435424 0.596084 1.36708 0.853193 -0.478345 -0.639038 
2.0122 0.581668 0.104798 -1.29386 1.99459 1.83005 -0.421368 0.908262 1.68661 0.101085 -0.468979 -0.757422 
2.10479 0.39491 -0.0382773 -1.00121 1.66759 2.49232 -0.656225 0.893166 1.87354 0.0183593 -0.55481 -0.765617 
2.13682 0.00223434 -0.356109 -1.01452 1.91075 2.11927 -0.161932 0.749127 1.70735 0.210278 -0.62698 -0.806566 
2.18158 -0.143852 -0.785831 -1.05135 2.62664 1.69907 0.22082 0.840584 1.14952 0.324104 -0.588214 -0.807319 
2.24208 -0.340292 -0.282186 -0.93695 2.8508 2.03435 0.0632522 1.11912 0.876804 0.165409 -0.478695 -0.728282 
2.07526 -0.12152 -0.532371 -0.611689 2.48819 2.17067 0.208781 1.34 1.57856 0.0670166 -0.534676 -0.599998 
1.82697 0.0111684 0.265005 -0.505231 2.47164 2.12271 0.347159 0.821702 1.90205 0.255971 -0.572709 -0.518726 
1.68853 0.433413 1.47906 -0.592845 2.57879 1.59983 1.36862 1.09099 1.63474 0.431433 -1.1223 -0.388539 
1.53353 0.133605 1.00984 -0.337592 2.36712 1.01322 1.47938 1.40038 1.81629 0.435641 -0.855278 -0.326275 
1.58564 0.0839623 0.789001 -0.894891 2.03683 1.66512 1.54838 1.48554 1.65629 0.31577 -0.456873 -0.291515 
1.75885 0.488114 0.867726 -0.586666 2.29865 2.0297 0.433841 0.907783 1.75506 -0.0356509 -0.398851 -0.274466 
1.81924 1.12214 1.04419 -0.396185 2.40928 2.15471 1.05349 0.555872 1.42034 0.311783 -0.449193 -0.295273 
1.78286 0.975644 1.21218 -0.520548 1.83413 3.04428 0.834886 0.635486 1.65191 0.549573 -0.390543 -0.252593 
1.83259 0.356696 0.569859 -0.531936 2.30313 3.45934 0.952843 0.401056 1.82447 0.521261 0.213878 0.0798739 
1.82429 0.551247 0.614006 -0.521853 2.66513 3.39789 1.33966 0.417282 1.9493 0.616867 0.173382 0.0937254 
1.6476 0.41709 0.634837 -0.12782 2.47923 2.83187 1.39571 0.918818 2.46823 1.15421 -0.00302141 -0.135034 
1.77344 0.557901 0.915693 -0.993251 2.19178 2.90251 1.45635 1.38732 1.9484 0.896465 0.209574 -0.0313415 
1.73926 0.503617 1.55864 -0.677921 2.72155 2.77544 1.37003 1.09344 1.44926 0.842558 -0.096133 -0.0242554 
1.67053 0.584295 1.16783 -0.919882 3.083 2.79256 1.68767 1.19406 1.29366 0.803236 -0.0798116 -0.00828676 
1.62902 0.369037 1.13321 -0.907393 2.53168 3.38615 0.672607 0.848572 1.60883 0.974361 0.208763 -0.0934596 
1.52737 1.26215 1.02449 -0.0641058 0.327537 2.64955 -0.23014 -0.217926 2.16519 0.80108 -0.100527 0.049573 
0.890936 1.19324 2.70461 -1.47503 0.845377 2.20852 1.3171 0.475252 2.10931 -0.0624949 -0.044615 0.285587 
0.428195 0.790244 3.70166 -1.80998 0.700747 1.95664 1.77759 1.41188 2.17138 0.245193 -0.266825 0.188339 
0.326257 0.818412 3.36018 -1.42656 1.08934 2.39777 0.728027 1.29026 1.51751 0.615293 -0.530432 0.147755 
0.210423 1.15494 3.2074 -1.64411 0.713687 2.74776 0.432282 1.10829 2.39366 0.264566 -0.00160972 0.118449 
0.0361522 1.43696 3.79327 -1.25949 -0.350549 2.56998 0.631104 1.4438 2.41591 0.287508 0.0568261 0.132751 
-0.0499838 1.2406 3.34809 -1.13679 0.286291 3.05602 1.45189 1.32733 2.1981 -0.346911 -0.0918228 0.0963321 
-0.125629 0.700362 3.6104 -1.27415 0.892155 2.43807 1.03759 1.18988 2.63185 -0.282033 -0.199847 0.0728576 
-0.165274 0.703685 3.53445 -0.411323 -0.614221 3.23783 1.11784 0.936578 2.36232 -0.252497 0.00861149 -0.0959941 
-0.388902 0.943561 3.55782 -0.805434 -0.830635 2.54647 2.12012 1.67359 1.23384 0.210928 -0.357996 -0.173838 
-0.413909 0.777992 3.36185 -1.25252 -1.24355 2.36765 1.20489 1.37514 1.95147 -0.655936 -0.0129742 -0.232272 
-0.43847 0.440612 3.65039 -1.67932 -0.594987 2.50914 1.72569 0.951113 2.14965 -0.683136 0.00194061 -0.0794143 
-0.454057 0.351106 3.35554 -0.508954 -0.117946 2.76094 1.43827 0.992351 1.58082 -0.873251 0.216586 0.00826265 
-0.41644 0.36593 3.86104 -0.685706 -0.216068 2.64205 1.73131 1.14421 1.25688 -0.717004 0.306658 0.0360995 
-0.502431 0.579777 3.80288 -1.02903 0.408321 2.85512 1.04965 0.975653 1.58749 -0.869605 0.0862431 0.178565 
-0.641035 0.809839 3.75239 -0.691847 -0.0459537 3.02348 0.963947 1.61949 2.09476 -1.03687 0.221293 0.0907254 
-0.621426 0.565038 4.45221 -0.404833 -0.653609 3.46506 0.326995 0.682917 2.00322 -0.729594 0.296148 0.184099 
-0.748497 0.863879 4.44824 -1.24465 -0.915038 2.99587 0.461329 0.423229 1.64925 -0.664225 0.0326371 0.0699199 
-0.622476 0.821615 4.22163 -0.710814 -0.12759 3.2897 1.25676 0.497306 1.57732 -0.420612 -0.28123 0.231806 
-0.558693 0.627076 4.83032 -0.883873 -1.11395 2.47203 2.16783 0.621787 1.98896 0.497118 -0.418547 0.0977663 
-0.701871 0.665127 4.62681 -0.592403 -0.5382 3.08001 2.17424 -0.413901 1.97959 0.452373 -0.448159 0.254783 
-0.581823 0.636411 4.09395 -0.444596 -0.38101 3.34644 2.02852 0.243412 1.31989 0.623747 -0.250094 0.0963688 
-0.525672 0.416637 4.35048 -0.0234085 -0.429154 3.45299 1.92677 0.143575 1.83146 0.0606242 0.022907 0.347078 
-0.556879 0.493641 4.17899 -0.109059 -0.911029 2.5188 1.96772 1.04334 1.84698 0.050862 0.139123 0.269801 
-0.499897 0.411446 3.83119 0.402062 -1.16806 2.47479 1.7804 0.37697 2.28637 0.0736102 -0.0429212 0.0389714 
-0.357085 0.29127 4.13123 0.519511 -0.724561 1.90765 2.45424 0.980287 1.90763 0.753528 -0.141445 0.173657 
-0.405204 0.324385 4.4277 0.0556344 -0.448252 3.04387 2.24593 0.8085 1.66873 0.536101 -0.0216292 0.214497 
-0.318288 0.241652 4.31253 0.361392 -0.514766 3.15341 1.58836 1.3712 1.9488 0.0161058 0.310141 0.240776 
-0.0670847 0.160466 4.64897 0.321323 -1.07703 2.47064 1.4382 1.49584 3.04728 0.317597 0.492873 0.270192 
0.074424 0.295378 4.40813 0.685142 -1.1335 2.23657 1.61431 0.847787 2.86001 0.594396 0.417154 0.248938 
0.132003 0.575794 3.95323 1.0301 -0.376415 2.44117 1.32352 0.800624 2.14155 0.511646 0.473532 0.134077 
0.138528 0.416588 4.11897 0.687601 -0.13694 2.34179 2.03954 1.30156 1.65009 0.54879 0.555441 0.0696267 
0.0855792 0.463066 3.86337 0.394442 0.069432 2.95253 2.32774 0.984829 2.22615 0.435794 0.400589 0.1406 
0.187937 0.4376 3.70365 0.223871 0.853993 2.4689 1.10843 0.590472 3.16027 0.60857 0.401474 0.194933 
0.29265 0.4021 4.53246 0.204897 0.466022 2.03755 1.51252 0.635036 2.24502 0.5003 0.407155 0.347494 
0.372957 0.273965 4.14273 0.582589 1.07661 2.68692 0.823492 1.06365 1.85602 -0.127362 0.465271 0.392002 
0.363853 0.428939 3.59533 0.802178 0.427212 2.29439 0.373389 0.676442 2.43024 -0.00139322 0.610591 0.229573 
0.341644 0.798326 3.89431 0.259311 0.0571654 2.61892 0.462146 -0.0219385 2.23709 -0.206211 0.560244 0.223905 
0.429176 0.353105 4.27706 0.190569 0.181649 2.41625 0.7554 -0.293253 2.11613 0.132646 0.501614 0.239875 
0.289083 0.61553 3.94896 -0.232237 0.240464 2.23056 1.01363 -0.0322357 1.65175 -0.314042 0.472391 0.223691 
0.428038 0.500723 3.529 -0.177667 0.280774 2.06578 0.661937 -0.140985 0.988073 -0.188363 0.0916355 0.0726842 
0.459453 0.569855 4.24271 -0.0145242 0.436271 1.46602 0.791378 -0.375553 1.09567 -0.174598 0.160403 0.198915 
0.527179 0.600085 3.98234 -0.206258 1.0534 1.549 0.4021 -0.482399 1.6029 0.246337 0.431257 0.258947 
0.578651 0.547102 3.81519 0.265994 0.952821 1.69998 0.214693 -0.267221 1.23156 0.00584264 0.0115982 0.231625 
0.536865 0.827455 3.64803 0.217731 0.528684 2.29257 0.0898931 -0.96403 1.6651 -0.116116 0.497256 0.145753 
0.500086 0.631256 3.51004 0.0816281 0.301166 1.67011 0.0961788 -0.556178 2.04921 0.0329552 0.805334 0.0659998 
0.64962 0.892741 2.8628 0.4318 0.258674 1.77297 0.753665 -0.536784 2.20758 0.438128 0.849384 0.0570894 
0.610812 0.753941 2.74629 0.751573 0.120001 2.04102 2.07652 -0.334757 1.7474 0.242065 0.42471 0.0467483 
0.541894 0.694926 2.38456 0.182363 0.765841 1.85506 1.61821 -0.343075 0.983094 0.0456152 0.0738175 0.144312 
0.571846 0.905983 2.22135 0.783493 0.986803 2.7093 1.39875 -0.325246 1.01156 0.289295 0.512911 0.0615807 
0.60849 0.807829 2.76936 1.27635 0.897316 2.20671 1.05247 -0.0404444 0.66208 -0.16899 0.313189 0.0657377 
0.561878 0.911016 2.48537 0.771634 -0.0203428 0.873037 0.236899 0.670444 1.50329 -0.00744624 0.243887 0.0810663 
0.706402 0.770197 2.27582 0.643336 -0.223025 1.46051 0.496258 0.738236 1.03823 0.602166 0.340869 -0.0110394 
0.667107 0.69507 2.4533 0.568439 0.53196 1.17182 0.681265 0.915171 1.85375 0.718995 0.339027 0.0854025 
0.611816 0.928167 1.78389 0.95145 0.338877 1.25008 0.576582 0.216351 1.47826 0.125804 0.682399 -0.038133 
0.623032 1.00054 1.94835 -0.0383812 0.985082 1.77891 0.76635 -0.694046 0.419447 -0.556548 0.274597 0.0160631 
