0.772256 0.848051 0.878652 0.143956 0.0573514 -0.429213 0.584788 0.389088 0.697529 0.706993 0.0478655 0.00112098 
0.730969 1.12538 0.901187 -0.386262 0.233647 0.0449401 0.919373 1.02818 0.9718 0.566911 0.507966 0.0133521 
0.661126 1.23809 0.701415 -0.798169 0.994797 0.0178421 1.24956 0.606796 1.28561 1.03465 0.0606589 0.0706978 
0.750923 1.13294 0.73194 -1.21169 1.24791 -0.276774 1.16579 0.887504 0.830788 0.547592 -0.0886926 0.0455178 
0.810097 1.38562 0.31196 -0.9804 1.07042 -1.30154 0.483927 0.426309 1.25 1.01189 0.1336 0.262258 
0.676856 1.20003 0.0287376 -0.397673 1.80058 -1.86991 0.172627 0.667825 1.36399 1.2664 0.702353 0.241504 
0.790294 1.26187 -0.852224 0.0212403 1.61144 -0.981007 1.70207 1.33506 1.45743 0.598617 0.329605 0.0743331 
0.721186 1.03485 -0.403865 -0.879056 1.58262 -1.10195 3.02113 1.38644 -0.000884053 0.587276 -0.351716 0.240804 
0.552387 0.912063 -0.106879 -1.45525 1.13847 -0.685051 2.25859 0.465189 0.673968 0.768044 -0.436392 0.152783 
0.652997 0.940753 0.00611488 -0.933374 1.25445 -0.0594474 1.95114 0.531524 0.706945 0.120125 -0.157412 0.168266 
0.729201 1.11729 -0.294113 -1.1235 0.976768 -0.213808 1.66197 -0.093533 1.17263 0.406624 0.0266647 0.355704 
0.663982 1.01317 -0.331477 -0.8397 0.688029 -1.61933 1.23393 0.728319 1.66201 0.746741 0.02772 0.310275 
0.70834 1.18902 -0.176975 -0.650382 0.156137 -1.42808 1.24028 1.32022 1.37327 0.480907 0.00397922 0.122016 
0.832871 1.12743 -0.0243582 -0.356932 -0.225906 -0.885666 1.50224 0.658954 1.17904 0.828732 0.0542836 -0.0224005 
0.808214 0.913665 -0.0616702 -1.22011 0.208915 -0.75451 1.32559 0.290258 0.836677 -0.196446 -0.0418386 0.0859364 
0.852327 0.292951 0.0239607 -0.919934 0.674335 0.0622022 1.56111 0.356151 0.784989 -0.421925 -0.261118 0.0697066 
0.841114 0.467279 -0.292839 -0.544676 0.579209 -0.829632 1.44886 0.866252 1.37077 -0.00573306 -0.479509 -0.147754 
0.865406 1.01996 -0.503355 -0.97044 0.136053 -0.130549 0.792363 0.635268 0.620627 0.0262993 -0.329454 -0.0746512 
1.00629 0.881765 -0.0358054 -1.15599 -0.0757535 -0.0546935 0.333568 -0.164788 0.496095 0.499967 -0.110412 0.115824 
1.0605 1.15019 0.439818 0.0473319 0.469236 -0.749713 1.13787 0.227077 1.24469 0.850269 0.232013 0.108364 
1.21765 1.42738 1.30105 0.718307 0.30974 0.871314 1.85656 1.00574 0.810911 0.463048 -0.0514508 -0.0636615 
1.41831 2.15718 2.22515 1.70661 1.27553 1.04231 0.970289 0.406856 0.344693 -0.0241344 -0.213456 -0.128847 
1.46313 2.00559 2.15626 2.60677 2.20825 0.881392 0.0857672 0.202139 0.323042 -0.273956 -0.245744 -0.193617 
2.10733 2.39173 1.73453 2.88899 4.82498 -0.786381 -0.00660413 -0.0558368 0.462487 -0.194464 -0.938489 -0.239974 
2.10772 1.91172 1.61081 2.52668 5.42104 -0.37819 -0.0954585 -0.230164 0.533142 -0.278638 -0.919117 -0.235776 
1.97644 1.9901 1.35125 2.40534 5.45328 -0.876448 -0.0695331 -0.4641 0.482613 -0.181054 -0.99032 -0.213005 
2.00509 2.01151 1.7453 1.98425 5.99233 -0.887992 -0.0953736 -0.692867 0.358214 -0.195363 -1.09334 -0.196033 
2.02453 1.93724 1.81043 1.43821 6.20712 -0.288531 -0.0780613 -0.534143 0.335613 -0.525204 -0.942234 -0.175439 
2.01354 2.1077 1.68433 1.30961 6.59446 -0.540042 -0.0766317 -0.539444 0.0567561 -0.805064 -1.06128 -0.197391 
1.94259 2.06458 1.77995 1.7054 6.27565 -0.735565 -0.344105 -0.91157 0.359128 -0.813351 -0.976687 -0.248969 
1.88985 2.23807 1.50206 1.64884 6.01875 -0.676052 0.163318 -0.798348 0.253224 -0.915942 -0.807059 -0.19064 
1.86219 2.33095 1.81575 2.02278 6.17173 -0.921587 -0.437276 -1.14413 0.343352 -0.818371 -0.887731 -0.373471 
1.9912 2.14142 1.9584 1.93013 5.99584 -0.457162 -0.820686 -1.24159 -0.0316146 -0.70878 -0.872336 -0.419792 
2.01125 2.30027 2.00413 1.29166 6.53972 -0.333144 -0.923022 -1.13304 -0.0699578 -0.914934 -0.859598 -0.507906 
1.90465 2.44331 1.86587 1.63053 6.20348 -0.634511 -0.733642 -0.843134 -0.164758 -0.444822 -0.824992 -0.496156 
1.81752 2.31921 2.1138 2.00656 5.64478 -0.486646 -0.469579 -0.837584 0.236206 -0.581749 -0.66412 -0.392695 
1.7277 2.11596 2.16375 2.09439 4.98568 -0.213063 0.239636 -0.526749 0.62761 -0.630656 -0.47263 -0.201348 
1.65021 2.19794 2.16944 2.33544 4.48946 0.401842 0.408643 -0.166595 0.884933 -0.550359 -0.249927 -0.225634 
1.80568 2.51811 2.60247 2.39643 5.10907 0.0699805 -0.482352 -0.698163 0.941817 -1.00359 -0.452076 -0.435961 
1.96765 2.43285 2.08181 2.11881 5.77998 0.0767568 0.0909528 -1.09429 0.375654 -0.995777 -0.577223 -0.313341 
2.02307 2.69338 1.58931 1.44841 6.85504 0.216661 0.158264 -0.757649 -0.0226518 -0.697921 -0.62008 -0.432275 
1.95302 2.48867 1.9373 1.70203 5.85159 0.843589 0.422677 -0.420749 0.438067 -1.26228 -0.205471 -0.266269 
1.66977 2.41629 2.08289 1.96873 4.65567 0.856218 1.29985 -0.265227 0.26356 -0.497017 -0.0134316 -0.0763387 
1.74507 2.27765 1.61364 1.64455 5.35854 1.05588 1.14961 -0.411916 0.9339 -0.429821 -0.0209592 -0.110111 
2.07452 2.59296 1.37205 1.68183 5.05063 1.07827 0.524461 -0.916636 0.794371 -1.41937 -0.205551 -0.335256 
1.94292 2.4491 1.59343 2.04403 4.08123 0.98675 0.802791 -0.692441 -0.015877 -1.33008 -0.141858 -0.171795 
2.04976 2.35416 1.35884 1.88426 4.43846 1.00395 0.710296 -0.302868 0.120943 -1.55794 -0.339715 -0.171706 
2.24017 2.37619 0.895566 1.68265 4.88943 1.4442 0.601095 -0.280971 0.641418 -1.68058 -0.601546 -0.328017 
2.23061 2.19385 0.590856 1.60167 4.27677 1.79011 0.69952 -0.50415 1.09571 -1.57847 -0.443142 -0.325434 
2.25445 2.20831 0.482512 1.23406 4.50855 1.57598 0.528659 -1.1006 1.14833 -1.04312 -0.294691 -0.376122 
2.17658 2.15655 0.36569 1.1406 4.3543 1.58564 0.417919 -0.394031 0.987537 -0.827452 -0.30922 -0.381418 
2.27675 2.49956 0.576026 0.850082 4.03943 1.40543 1.10595 0.0393722 0.965782 -1.19008 -0.535327 -0.387349 
2.10524 2.3071 1.07656 0.92676 2.22389 1.27987 1.79128 0.411125 1.36193 -0.615013 -0.382763 -0.29511 
1.89496 2.50829 1.52143 0.717868 2.48479 0.760558 1.04203 0.617491 1.44801 -0.375599 -0.229298 -0.289605 
1.79293 2.22899 1.35838 1.15809 3.12208 1.0774 0.648666 -0.289335 0.883983 -0.771323 -0.0327338 -0.153333 
1.82119 2.13424 1.35066 1.16312 2.97921 0.823878 1.02058 0.460039 0.888552 -0.648826 -0.0407531 -0.0411916 
1.81748 2.27492 1.28341 1.36886 2.42009 0.496473 1.71637 0.0271487 2.1001 -0.423233 -0.0470844 -0.126742 
1.82678 2.58911 1.69935 1.24955 1.82505 0.363927 1.94044 0.100287 2.12294 -0.0833718 -0.0243878 -0.120892 
1.9284 2.65849 2.1868 1.4306 2.5333 0.324694 0.905533 0.274833 1.69567 -0.434704 0.045225 -0.0456607 
1.83372 2.38616 2.33498 1.6196 3.06856 0.432919 0.371561 0.211828 1.39858 -0.393896 0.167625 0.0727745 
1.85359 2.11539 2.70589 1.7255 2.29153 0.904442 1.47876 0.647475 0.547891 -0.438697 0.23495 0.182029 
1.70867 1.85291 2.54427 1.90967 3.04006 0.569724 1.3306 0.747432 1.00621 -0.134276 0.119921 0.202075 
1.76619 2.19366 2.41379 1.63106 2.55917 0.976032 2.02407 0.790581 0.557609 -0.12795 -0.0170928 0.0578478 
1.67293 2.33135 2.51032 1.45868 2.4381 1.82602 2.23895 0.975532 -0.158477 -0.279257 -0.0263826 -0.0413608 
1.71394 2.59718 2.00717 1.95376 2.73043 1.27417 1.23474 1.1416 0.755416 -0.416604 -0.0774767 -0.159975 
1.71535 2.43417 2.51382 2.03132 2.51468 1.61329 2.03806 -0.0364729 0.582549 -0.424152 -0.0361246 -0.0659205 
1.62706 2.51108 2.74172 1.87668 2.03721 1.83853 2.12978 0.231916 0.692378 -0.530517 0.0275119 -0.0799051 
1.58337 2.23703 2.60163 1.78586 2.15388 0.730772 1.46079 0.377837 1.11438 -0.11357 -0.217443 -0.0669424 
1.54407 2.10778 2.42007 1.61106 2.70972 1.29812 1.66009 0.87225 0.663906 0.336305 -0.364577 -0.0816862 
1.67042 2.38949 2.52331 1.86381 3.13443 1.70515 1.61885 1.15198 0.376701 -0.118648 0.141084 0.014431 
1.75 2.40994 2.55414 2.38542 3.18947 1.84335 1.44864 1.00563 0.882664 -0.0856909 0.379109 0.131383 
1.66033 2.3238 2.71513 2.00131 3.4785 2.04895 1.04371 0.648396 1.79843 0.50681 0.265397 0.147633 
1.56838 2.407 3.34739 1.86726 2.74088 1.39531 1.93186 0.70864 1.11927 0.176892 0.277115 0.201925 
1.56023 2.04421 3.23414 2.26094 2.59891 1.36243 1.81334 0.0266633 0.769659 0.522259 0.0814963 0.129229 
1.56105 2.03111 2.83428 2.10877 1.56388 0.383953 1.60122 0.717366 1.1986 0.0364021 -0.095604 0.039128 
1.4881 2.37212 2.41157 2.02824 1.88057 0.848853 1.86895 0.824825 0.764296 -0.286305 0.0778008 -0.0404021 
1.44362 2.10238 2.83608 2.72156 1.81574 0.961205 1.49096 -0.0158252 1.11793 0.518568 -0.165348 0.0399676 
1.45056 1.90657 2.76393 1.94308 2.75 1.57347 0.283834 1.13254 1.08939 0.239227 0.255764 0.100833 
1.49798 1.57889 3.15935 1.52247 2.53983 1.22154 -0.167115 0.827255 0.463405 0.63756 0.690298 0.17266 
1.38662 1.58731 2.73064 1.71835 1.8033 0.804211 0.501794 0.897361 0.765607 0.726192 0.742176 0.283505 
1.44058 1.43888 2.87197 1.51367 1.38572 0.459616 1.63266 1.1786 0.913636 1.07218 0.34083 0.220015 
1.25988 1.62973 2.77671 1.01101 1.53831 1.10505 2.22534 1.42691 0.364952 -0.132874 0.379697 0.0604828 
1.18241 1.51098 2.22819 0.973043 1.34264 0.761314 0.517514 -0.466472 0.716831 -0.0964419 0.385166 0.0399953 
1.21844 1.56867 2.42114 1.52746 1.4553 0.298213 1.01589 0.529313 0.861636 0.636002 0.364124 0.190178 
1.48432 1.71639 2.36459 1.55949 2.12507 0.858018 1.58003 0.585479 0.902584 0.174344 0.530097 0.270335 
1.46366 1.68144 2.24563 1.701 1.56651 1.15941 1.36791 1.43645 1.21339 -0.160577 0.566904 0.246411 
1.31383 1.68325 2.25109 1.2082 1.62819 1.69334 0.899073 1.41054 1.29756 0.418901 0.168316 0.13917 
1.28464 1.3875 2.23453 0.983528 2.20848 0.736082 1.33245 0.608124 -0.0681998 0.0150336 0.208858 0.0872026 
1.15822 1.22049 2.13575 1.56341 2.00039 0.0560876 0.87152 -0.133414 0.158798 0.237581 0.370455 0.0338487 
1.16261 1.41941 2.42233 1.60919 1.63686 0.664809 0.500684 0.107065 0.820221 0.599132 0.154521 0.104662 
1.24709 1.44436 2.49179 2.04186 1.16314 0.728324 2.11684 -0.665754 0.473429 -0.0733846 0.187246 0.0440847 
1.22407 1.46058 2.47098 1.92678 1.23893 1.35407 2.05244 -0.447529 0.684019 -0.0926202 0.49579 0.112836 
1.20244 1.27902 2.11628 0.991765 1.41528 1.09096 1.63845 0.559358 1.3413 0.266425 0.449684 0.216715 
1.18946 0.654862 2.16156 0.485139 1.84077 0.233484 0.946614 0.0955471 1.33479 1.26273 0.810753 0.236462 
1.30809 1.16539 1.7689 0.834373 2.62694 0.662772 0.974576 1.03714 0.931541 0.96163 0.268813 0.119037 
1.2221 1.21242 2.118 1.31257 1.90684 1.33215 2.22642 0.665104 -0.136004 0.648169 0.194935 0.0639772 
1.1846 1.51078 2.52623 1.3397 2.04813 1.25248 1.7187 0.5155 -0.071074 0.878553 0.457936 0.0960444 
1.06781 1.57082 2.20399 1.35073 2.80195 0.613033 1.63662 0.979706 0.204334 0.545996 0.574641 0.139123 
1.10393 1.70161 1.99556 1.24401 2.41419 0.71879 1.56236 0.0447026 0.568025 0.0537848 0.632676 0.113031 
1.11982 1.38836 1.73707 1.32632 2.05969 1.04176 1.78439 -0.00527995 2.35719 0.905363 0.0448274 0.20886 
1.15425 1.14398 1.51189 1.5211 2.31928 1.32113 1.68348 0.708619 1.87232 0.365265 0.241873 0.195283 
1.14843 1.27145 1.945 1.53318 1.48715 0.868171 1.27925 0.848455 1.74913 0.0357928 0.474224 0.228446 
1.0545 1.32072 1.80283 1.79517 1.64801 1.07587 1.13803 0.684907 1.54794 -0.0975475 0.598946 0.173251 
1.22394 1.0602 2.11196 1.11963 1.64016 1.24865 1.81525 0.612155 0.778893 0.600364 0.703254 0.220499 
1.14054 1.23809 1.62806 1.49688 2.04581 1.69699 2.62955 1.32889 0.814021 0.48053 0.416196 0.248767 
1.15637 1.45786 1.3048 1.67262 2.06098 1.01685 2.57257 0.99112 1.76213 0.525153 0.232107 0.210187 
1.0917 1.6211 1.73642 2.371 1.61313 0.525543 2.47218 0.604402 1.20181 0.728624 0.479878 0.210785 
1.13399 1.36844 1.38555 1.18337 2.0324 0.939766 1.16981 1.44582 0.417054 1.01914 0.842865 0.17158 
1.14089 1.17688 1.42023 0.973148 2.13791 0.697615 2.11758 0.780456 1.46525 0.485512 0.759901 0.244105 
1.03501 1.2247 1.68833 1.0032 1.89986 0.65607 1.58723 0.568361 1.76737 -0.0492978 0.669984 0.222325 
0.908347 1.50646 1.78752 0.975038 2.4777 0.764417 0.631856 0.976846 1.7916 -0.116029 0.866956 0.0924884 
1.00874 1.37307 1.63111 0.797299 2.34452 1.2874 1.34291 1.59207 1.30144 0.454422 0.402433 0.143955 
0.844171 1.31775 1.65942 0.532334 1.77304 0.511523 1.17321 1.39317 0.621767 -0.10574 0.456548 0.0675504 
0.957148 1.27487 1.84169 0.915919 1.04717 0.141959 1.6431 1.69855 1.36167 -0.201622 0.743494 0.159243 
0.978093 1.50031 1.85637 0.40244 0.772225 1.26649 2.37013 1.24155 1.52609 0.629168 0.353832 0.10878 
1.02806 1.23133 1.8873 0.679458 0.625635 1.26137 1.48509 0.983521 1.2225 0.838247 0.17042 0.0994362 
0.806801 1.52912 2.19218 0.208984 1.50986 1.18987 1.59224 1.02129 1.50843 1.16528 0.673688 0.179278 
0.753206 1.85924 1.44201 0.745063 1.77748 0.348167 1.86143 1.00007 1.77628 0.259532 0.443953 0.113972 
0.764221 1.70883 1.2613 0.741664 1.00997 0.155974 2.43033 0.435228 1.60773 0.140229 0.661462 0.00802818 
0.829707 1.29595 1.07089 1.65621 0.518336 1.1146 2.72296 0.518301 1.84583 0.443722 0.72101 -0.0484186 
0.811449 1.4588 1.13862 1.69572 1.73531 0.991236 2.13062 0.400426 2.00915 -0.477326 0.333175 0.0921692 
0.711122 1.40142 1.30186 1.73267 1.33116 -0.0268863 1.5079 0.322366 2.40524 0.0342894 0.442277 0.125075 
0.691164 1.38951 1.53923 1.8719 0.672503 0.382366 1.61563 0.133569 2.49147 0.467257 0.271897 0.0954145 
0.655657 1.39646 1.54691 1.02516 1.28493 0.569295 1.29274 -0.419607 1.44595 0.591076 0.381127 0.0236275 
0.579658 1.15407 1.33007 0.525295 1.5122 0.307667 1.0857 0.294844 1.64793 -0.388158 0.444758 -0.114241 
0.649193 1.16452 1.42159 0.993392 1.32236 -0.429518 1.16905 0.87743 1.36768 -0.291768 0.940563 -0.0156979 
0.735696 1.07394 1.38328 1.10101 1.78966 0.0682177 1.35901 0.929577 1.56373 -0.120497 0.934367 -0.00276094 
0.671808 1.47031 1.05926 1.10444 1.08131 0.896865 0.89264 -0.0243743 1.65314 -0.103267 0.280448 0.0240575 
0.739608 1.31113 0.807025 1.2738 1.41396 1.379 1.18031 0.206987 1.30918 -0.239004 0.296322 0.0767816 
0.65976 1.24382 1.53022 1.23319 1.44012 0.0289132 1.17134 0.893654 1.5907 0.317973 0.530375 0.0635019 
0.685806 1.20183 0.995281 1.12836 0.811928 0.945794 1.58309 0.76197 0.833701 0.172157 0.575159 0.0366648 
0.700116 1.02414 0.834819 0.505942 0.739555 0.993309 1.53614 0.626962 1.22604 -0.0761603 0.410177 0.100315 
0.780339 0.900985 0.826922 1.30908 1.49224 0.139192 1.41706 -0.0514042 1.54315 -0.0903314 0.703284 -0.0412223 
0.664315 1.42695 0.585947 1.13541 1.5955 0.280015 2.12462 0.15228 0.587038 -0.0104533 0.513345 0.000206013 
0.633906 1.24117 1.81665 1.26343 1.73228 0.442849 2.08249 -0.316724 1.12466 0.363371 1.14991 -0.03458 
0.664477 1.51286 1.38922 0.593129 1.35802 1.01255 2.39291 0.0130962 0.959035 0.624704 1.22501 -0.0136752 
0.778027 1.19763 1.02862 1.48078 1.59061 0.687476 1.63678 1.47256 1.88223 0.988351 0.702537 0.0495069 
