0.553006 1.01572 1.59913 1.38508 1.50556 1.95016 1.27989 1.31786 0.725261 1.04238 0.0139865 0.0427471 
0.477512 0.751921 1.71553 1.37487 1.71292 1.34397 1.48333 1.32876 1.05542 0.949103 -0.422681 0.0687536 
0.523613 0.873847 1.86095 1.29877 1.31323 0.819053 0.580598 1.82579 1.71267 0.902521 -0.0692883 0.0310205 
0.564342 1.01555 1.10349 2.04901 0.812654 0.702535 0.771833 1.51946 0.991071 -0.0225894 0.208053 0.0642659 
0.610545 0.950304 0.862023 2.18982 0.639282 1.18527 1.22672 0.690799 0.918147 -0.0495545 0.610312 -0.202021 
0.564394 1.18718 1.50489 2.1113 1.49963 1.88987 0.856586 0.331129 1.13312 0.186769 0.654036 -0.125531 
0.660263 1.16021 1.62017 1.29514 1.77996 1.59638 1.81626 1.37904 0.79363 0.551695 0.196144 0.0740445 
0.663756 0.965662 1.92521 1.01878 1.09256 0.969582 1.53921 2.57859 0.987092 0.309629 0.621911 -0.0629854 
0.569029 1.26526 1.74169 0.836581 1.31511 0.647155 1.41708 1.84521 0.708078 0.434212 0.331136 -0.0253227 
0.5301 0.959995 1.85772 0.979939 1.34024 0.462898 2.00298 1.74658 1.18044 0.0598654 0.711641 -0.103606 
0.822121 1.08406 1.9776 1.85025 1.27094 0.745418 1.91221 1.37255 1.74661 0.0443893 0.848059 0.144786 
0.762692 1.39103 1.89886 1.44822 2.03614 0.744226 1.28391 1.89706 1.49652 1.03648 0.37827 0.204367 
0.781518 1.60182 1.82777 2.03143 2.09789 1.25959 1.51158 1.59308 0.93273 0.842767 0.386639 0.217922 
0.99169 1.87689 2.22277 2.49279 2.30065 1.28829 1.52334 1.64124 0.378334 0.520795 0.661391 0.180182 
1.2535 2.1409 2.55249 2.5425 2.64401 1.93823 1.56673 1.54959 0.351757 0.532766 0.23791 0.124891 
1.5335 2.70146 3.29223 2.18112 2.28092 2.15206 1.99219 0.316291 1.00489 0.313926 0.0418468 0.0801273 
1.71332 2.78039 2.67707 1.83781 2.54959 2.27144 1.73551 0.623309 0.431532 0.0346339 0.0557782 0.00276019 
1.78514 2.67396 2.38838 1.89427 3.10538 1.77549 1.87868 0.674357 0.0415586 -0.214377 0.0976936 0.0193262 
1.56401 2.58251 2.64642 1.67145 2.86887 1.99216 2.46248 0.1222 0.0342051 -0.304907 0.138069 0.0374229 
1.50616 2.3845 2.82864 1.5349 2.67593 2.07577 2.70565 -0.0608037 0.305935 -0.177707 0.0179941 0.0600371 
1.66191 2.47673 2.35065 1.86931 2.78754 2.02076 2.22585 0.643782 -0.109123 -0.204666 0.147356 0.0427287 
1.75469 2.50072 2.39709 1.53352 3.01102 2.33058 1.6535 0.488978 0.25852 0.17163 0.142213 0.0797101 
1.74653 2.69498 2.26557 1.79366 3.03668 2.85541 2.09296 0.284628 0.122219 -0.412942 0.354253 0.142234 
1.38132 2.66746 2.80333 1.29157 2.92631 3.58462 2.42641 -0.328957 0.692918 -0.639113 0.438064 0.214058 
1.46906 2.42806 2.80889 1.14942 3.04828 3.67836 2.33381 -0.346726 0.562497 -0.494602 0.290196 0.275601 
1.62272 2.39085 2.44729 1.33558 3.36495 2.33552 2.81898 0.351049 -0.406966 -0.436314 0.234627 0.174914 
1.65362 2.03558 2.38808 1.37582 3.11164 1.88253 2.14768 0.747789 -0.649797 -0.301796 0.216558 0.0969051 
1.71512 2.31314 2.59006 0.933041 2.96531 2.71013 2.73012 0.663297 -0.520642 -0.0198404 0.0504637 0.160011 
1.79187 2.13275 2.91224 1.15225 2.7915 3.12019 2.88277 0.729987 -0.767725 0.182805 0.123471 0.135737 
1.73208 2.3439 2.82973 1.43885 2.85447 2.44858 3.21693 0.496475 -0.0308044 -0.439748 0.183102 0.180643 
1.80955 2.4212 2.19542 1.23859 3.31047 2.23215 2.95647 0.702735 0.105785 -0.288738 0.0692146 0.195999 
1.74803 2.07919 2.28728 0.270738 2.89266 2.18275 2.54234 1.27775 -0.406747 0.104948 -0.170425 0.0435834 
1.70055 1.97123 2.09188 0.379066 1.82083 1.59404 1.97906 1.75046 0.0411532 -0.103368 -0.112079 -0.102874 
2.09141 1.9944 1.28439 -0.86298 0.528809 0.804048 0.685922 0.519001 0.562945 0.859608 0.391026 0.0936729 
2.24026 2.29486 0.464144 -0.924046 0.142146 0.777237 0.815991 0.0806203 0.142908 0.742359 0.301722 0.081208 
2.33658 2.41526 0.101233 -1.66917 0.390654 0.496425 0.105472 0.0787259 0.148182 0.541933 0.402693 0.0544601 
2.29854 2.24948 0.127745 -1.20244 -0.203534 -0.520971 0.819462 -0.62261 0.734046 0.367146 0.277124 0.0560282 
2.27219 2.63773 -0.163273 -1.2317 -0.0164796 -0.968948 0.79307 -0.947523 0.731817 0.272234 0.390464 0.132355 
2.39838 2.54323 -0.0814109 -1.48676 0.31886 -0.221373 0.0418538 -1.25481 0.733132 0.278795 0.614493 0.168766 
2.34209 2.28424 0.0499515 -1.13478 0.204243 -0.415698 -0.0687887 -1.58279 0.603691 0.331678 0.540751 0.175977 
2.41794 2.13568 -0.0782921 -1.38778 0.23914 -0.255783 -0.17579 -1.94259 0.560174 0.0522191 0.522924 0.219529 
2.43225 2.03008 -0.0372972 -1.20742 0.21074 -0.266513 -0.812044 -2.20518 0.910905 0.0472253 0.50318 0.116342 
2.48068 1.83366 -0.125611 -1.29264 0.291583 -0.0263558 -1.29262 -2.49145 1.27258 0.0963501 0.472229 0.0478139 
2.42872 1.66939 -0.120753 -1.09499 0.521094 -0.465627 -1.61813 -1.92085 0.484283 0.355856 0.433472 0.0208621 
2.32735 2.02822 -0.737337 -1.27747 0.783251 -0.131407 -2.30405 -1.47354 0.346113 0.168883 0.558587 -0.168111 
2.46313 2.0761 -1.16829 -1.36802 1.2602 -0.856269 -1.54375 -1.99875 0.492011 0.280083 0.410609 -0.201646 
2.50893 1.88701 -0.604824 -1.8811 0.920171 -0.339249 -1.78351 -1.99483 1.1088 0.109908 0.489083 -0.157355 
2.52058 1.98879 -0.665199 -1.71334 0.670188 -0.0940795 -1.72531 -1.83468 1.22643 0.121967 0.540093 -0.197439 
2.59661 1.90839 -0.585883 -1.96479 1.04489 -0.692869 -1.01586 -1.41387 0.9141 0.457184 0.296186 -0.150296 
2.59227 1.45349 -0.598184 -2.00593 1.41037 -0.471662 -1.05116 -1.14859 1.11985 0.715139 0.155139 -0.248081 
2.52694 1.46438 -0.835124 -1.58459 1.29122 -0.42966 -0.707804 -1.16635 1.3529 0.69081 0.0789388 -0.3665 
2.54991 1.96333 -1.17215 -2.20076 1.89337 -1.43928 0.277021 -0.675361 0.854206 0.961303 -0.176438 -0.209892 
2.58627 1.59464 -1.05696 -2.20849 2.37241 -1.07181 0.785226 -0.487422 0.85062 1.10406 -0.277469 -0.140025 
2.4758 1.30026 -0.786115 -1.7523 2.12462 -0.108848 0.813894 -0.080052 1.3063 0.574894 -0.44751 -0.407623 
2.46277 1.50627 -0.823441 -1.14618 1.84403 -0.0769558 0.327832 -0.246775 1.68631 0.530011 -0.31816 -0.521602 
2.52566 1.28776 -1.10052 -0.920856 2.24087 0.141395 0.772355 -0.661151 1.156 0.490415 -0.262565 -0.377482 
2.44638 0.969722 -0.769216 -0.981435 2.04775 0.691231 1.36437 -0.713448 0.490529 0.272647 -0.124656 -0.105113 
2.41217 0.950197 -0.610947 -0.336524 1.981 0.71299 1.29132 -0.563892 0.281964 0.336682 0.0881991 -0.0523662 
2.30762 1.30217 -0.713106 -0.0567924 2.59267 0.371472 0.524536 -0.290821 0.280973 0.452134 0.13902 -0.00405723 
2.16768 1.21641 -0.165163 0.682824 2.46835 0.663704 0.865073 -0.00230569 0.561061 0.427753 -0.0430093 -0.158366 
2.25503 0.948803 0.414739 0.903408 2.1195 -0.108664 0.850433 -0.29704 0.651133 1.09142 0.203991 -0.14184 
2.16215 0.978096 0.60908 1.82266 1.37635 0.0579742 1.39435 -0.957224 0.924683 1.00758 0.218 -0.304944 
2.16067 1.3669 0.317871 1.23683 1.56402 0.604647 0.227695 -0.437008 2.0108 0.698452 0.035882 -0.279018 
2.21765 1.48397 0.0920816 0.785812 2.30337 0.524699 -0.442541 -0.107692 1.47481 0.928817 0.16607 -0.240967 
2.0952 1.41633 0.61979 0.615026 2.81383 0.478134 -0.0190885 0.171837 1.21785 0.515343 -0.116021 -0.211015 
2.1136 1.34781 0.916556 1.42918 1.95469 0.16275 0.74166 -0.0747734 1.81261 0.627582 -0.286633 -0.28866 
1.91138 1.15074 1.74766 1.10427 1.58084 0.646159 0.788637 -0.345569 1.68882 0.53863 -0.358643 -0.102427 
1.76397 0.993268 2.10225 0.788184 0.693792 0.611583 0.742386 0.383067 1.62719 -0.0556967 -0.0698607 0.166434 
1.89373 1.37794 1.86601 0.774444 1.5983 -0.495944 1.01646 0.435385 1.37509 0.3786 -0.126545 0.0990316 
1.98268 1.95441 1.37384 -0.251179 2.00263 0.212977 1.35783 0.944017 0.928187 0.0201638 -0.101656 0.020053 
2.03972 1.81756 1.33842 0.322702 1.45216 0.190786 1.50017 0.993118 1.07186 -0.0561635 -0.101807 0.0073726 
1.88702 1.69389 1.49754 0.92484 1.70234 0.477898 0.334874 0.189105 1.00972 0.847841 0.266948 0.0596189 
1.83413 1.61472 1.79744 0.778856 2.13891 1.11793 1.74252 0.0947783 0.387087 0.281887 0.0599201 0.125141 
1.8805 1.74058 1.24734 0.763329 2.07241 1.55311 1.28112 0.278367 1.05255 0.320633 0.103546 0.0310183 
1.94364 1.69227 1.69982 1.09495 1.97338 1.10437 1.04598 0.0748803 0.952858 0.835008 0.0876948 -0.000546559 
2.02097 1.73488 1.69769 0.906722 1.89257 1.14049 1.56608 0.361042 0.041768 0.584261 0.179237 0.085218 
1.93277 1.7846 1.50272 0.60964 1.51915 1.02154 1.72076 0.996688 0.635771 0.389352 0.0842483 0.0510671 
1.93759 1.82783 1.55457 0.571388 1.3438 0.642176 0.789891 0.170471 1.09706 1.25513 0.334929 0.0982618 
1.94263 1.84994 1.36891 0.623493 1.9818 1.1475 1.33209 0.316836 0.743374 0.541359 0.117305 0.058418 
1.8179 1.76763 1.66026 0.761272 1.7741 1.38135 0.972625 0.818974 0.924269 0.0684377 0.0119417 0.00492101 
1.76069 1.4698 2.15405 0.633454 1.44017 0.633544 1.51031 0.918736 0.38378 0.529399 0.0617516 0.0465903 
1.68423 1.86095 1.7443 0.16085 1.6862 1.71385 1.7601 0.343717 0.640269 0.229426 -0.167673 0.0617994 
1.60037 1.63462 2.08547 0.509247 1.63302 1.9133 2.14866 1.25546 0.641571 -0.367801 -0.241616 -0.0279872 
1.46224 1.64069 2.45809 0.572193 2.14244 1.45125 1.76734 1.63307 0.318742 0.0254251 -0.245707 -0.106981 
1.43613 1.31123 2.37802 0.669507 2.6315 0.518872 1.54335 1.25451 0.374742 0.1824 -0.274091 -0.0169717 
1.4282 1.59249 2.06433 1.35233 2.77198 0.938438 1.07297 0.596404 0.811254 0.203756 -0.150008 0.00387466 
1.5327 1.83938 2.24503 1.08401 2.63835 2.49273 1.81208 0.807749 0.742361 -0.218557 -0.173315 0.0252868 
1.52332 1.48671 2.62941 0.996378 2.52515 1.83254 1.45787 0.875303 0.089205 0.522154 -0.141258 -0.0440285 
1.3622 1.54295 2.46577 1.63853 3.11263 2.47805 1.07761 0.218628 1.03186 0.858421 0.211754 0.172954 
1.31076 1.50298 2.88987 1.70348 3.30314 1.98509 1.06555 0.435661 1.09452 0.691394 0.29158 0.197631 
1.40814 1.30955 2.30898 1.07407 2.90436 1.58059 0.725254 0.783477 1.16844 0.911141 0.543083 0.217552 
1.33253 1.39494 2.52534 1.17978 2.74637 1.71626 0.780697 0.505317 1.50929 0.727116 0.539407 0.283609 
1.32392 1.43001 2.91507 1.26125 2.00948 1.82092 0.96529 0.792886 1.17749 0.417636 0.422559 0.248307 
1.19692 1.141 2.50854 0.87313 1.4109 1.06772 1.01659 1.58141 1.40751 0.663978 0.651303 0.238723 
1.14189 0.803091 2.2641 1.224 2.01709 1.38857 0.39382 0.598926 1.0417 1.11556 0.982902 0.118883 
1.15586 0.937633 1.81985 1.36889 1.76112 0.712195 0.842752 0.21554 0.594204 1.4598 0.662847 -0.0371276 
1.16447 0.982685 2.06861 0.97071 2.24966 1.34139 1.4037 0.768869 0.45515 0.996182 0.484772 0.0786585 
1.0575 1.14308 2.33996 1.10134 3.13973 1.12959 0.964385 0.617298 0.922036 1.02102 0.649301 0.172662 
1.17558 1.17347 2.13458 1.71813 2.18188 0.805799 1.74063 1.26242 1.02347 0.626982 0.531965 0.229173 
1.13298 1.59452 2.32697 1.34602 1.94286 0.93714 1.808 2.29676 0.542606 0.302865 0.405253 0.110187 
0.971787 1.45232 2.57403 1.22772 3.30875 0.643428 0.765292 1.61197 0.573623 0.478387 0.312735 0.0593278 
0.999055 1.36686 2.06258 1.33505 3.56501 0.696336 0.376273 0.409558 0.90861 0.816819 0.518328 0.0477371 
0.940572 1.12837 1.91528 1.24834 2.85668 0.315524 0.719488 -0.129358 0.678104 1.17066 1.18007 0.0216132 
1.012 0.952738 1.52732 1.44349 3.48058 0.658733 0.862898 -0.00696779 0.540985 1.35382 1.04496 -0.0152451 
1.07906 0.724166 2.15315 1.28535 3.16422 0.762139 1.01609 0.160223 0.589705 1.13498 0.845677 0.040509 
1.11164 0.621097 2.06505 1.26367 2.72929 1.0516 0.205402 1.05672 0.601398 1.10352 1.04742 -0.0676006 
1.14504 1.09092 1.787 1.51528 2.71019 0.985142 0.244902 1.11116 0.683864 1.0322 0.894778 0.0556358 
1.06615 1.05752 1.91432 1.59786 2.61 1.92277 -0.0756968 -0.289373 1.3476 1.1404 0.845416 0.00358727 
1.0029 1.12034 1.58233 1.55758 2.59893 1.93552 0.87065 -0.613796 1.3433 1.35821 0.541471 0.0314629 
0.961847 1.33351 2.22709 1.40741 2.85782 0.921343 0.661871 -0.940098 1.08461 1.21896 0.797918 0.098847 
1.0034 1.27972 2.03409 1.32458 2.73635 1.26235 0.179404 -0.407509 1.02957 1.68886 0.965813 0.078235 
0.845854 1.16294 2.35933 1.34912 2.55272 0.926134 0.272496 0.0387209 0.948011 1.31359 0.970639 -0.00666349 
0.821862 1.21366 2.25198 1.0812 2.27375 1.32319 0.433267 -0.0590028 1.65639 1.19204 0.724424 0.120121 
0.816749 0.907166 1.74743 0.456438 1.80518 1.85545 0.221517 0.339967 1.07406 2.02288 0.947909 -0.144536 
0.905352 0.744182 2.31251 0.979006 2.01844 1.49244 0.125562 0.106262 0.567724 1.29441 0.966557 -0.110221 
0.920344 1.07 2.70879 1.94486 2.36857 0.307375 0.61078 0.187686 0.654512 0.507565 0.968032 0.0335761 
0.941195 1.56739 2.15604 1.29646 2.18255 0.596577 1.38534 0.458687 0.781235 0.479885 0.668536 0.172065 
0.84744 1.30585 2.07725 1.63355 1.58512 0.825561 1.52038 0.4324 1.18908 1.02629 0.541547 0.145774 
0.730931 1.19271 2.48463 1.24275 1.05792 1.18365 2.06091 0.902296 1.37917 1.07446 0.58749 0.149136 
0.691128 1.11715 2.71116 0.971755 1.02226 1.0962 2.61902 1.79345 1.15815 0.98769 0.499206 0.149577 
0.697376 1.38736 2.12715 1.52744 1.36824 0.965746 2.16575 1.95751 0.967741 0.412511 0.758122 0.14921 
0.699627 0.991969 2.04831 1.70225 2.37184 0.961737 1.12411 0.766208 1.02209 1.11365 0.863015 -0.0130445 
0.853732 0.572757 2.23031 1.72742 2.48346 0.477147 1.5572 0.920897 0.441964 0.323045 0.399539 0.168374 
0.6802 1.02287 1.52688 1.66112 1.92101 0.20348 2.10438 0.517082 0.532341 0.568097 0.25816 0.144606 
0.703547 1.19724 1.84443 1.01824 1.63907 1.55274 1.58565 -0.388613 0.653735 1.04099 0.144988 0.0637787 
0.630703 1.05751 2.22368 1.31192 1.61713 0.865847 1.24869 -0.319012 0.483269 0.770641 0.270944 -0.126539 
0.514403 0.686454 1.95267 2.04539 0.395151 1.02341 0.918241 0.245451 1.69268 0.590903 0.44121 -0.10344 
0.604616 0.851741 2.29164 1.60688 1.36809 1.58281 0.838718 0.269387 0.98813 0.512288 0.476587 -0.022073 
0.621543 1.22824 2.55484 0.95082 1.25313 0.422761 0.661176 0.261234 0.377735 0.751247 0.363703 0.0196611 
0.67219 1.06219 2.99162 1.34693 1.27588 0.670148 1.39527 0.575359 0.923832 0.212429 0.321018 0.215638 
0.545323 1.2009 2.30021 1.23903 1.10596 0.865086 0.8753 0.867473 0.650108 0.71099 0.229977 0.10286 
0.377522 1.34776 1.79512 1.13289 1.79065 0.394342 1.78353 1.15149 0.357131 0.466307 0.261623 0.0339548 
0.589025 1.11866 2.18616 1.64538 1.85318 0.833666 1.80529 0.550012 0.374703 0.176912 0.563917 0.0155505 
0.536349 0.761839 2.20082 1.73668 1.70688 1.10568 1.33786 0.702017 0.301745 1.03781 0.390787 -0.0882417 
0.704349 1.33083 2.14688 1.11868 1.71064 0.710809 1.51495 0.775576 0.388584 0.957008 0.337508 0.0439669 
0.59965 1.02524 1.97566 1.22208 1.83339 0.859948 1.48839 0.662784 0.650416 1.02115 0.210273 0.0283208 
0.551437 0.720008 1.92637 1.34235 1.72313 1.49961 1.66462 0.612481 0.78765 0.614586 0.497409 -0.0138059 
0.681601 0.874305 1.72338 1.29642 0.98255 1.65541 1.3311 0.999094 0.900238 -0.0771225 0.729181 -0.00117795 
0.574604 0.798687 1.48027 0.61146 1.60059 0.863737 0.919976 0.774088 0.606185 -0.248813 0.657166 -0.0610941 
0.573435 0.980175 1.18114 0.995056 1.44591 1.04801 0.62235 1.46496 0.688221 0.41115 0.204871 -0.0941001 
0.628737 1.1595 2.01292 1.54991 1.59458 0.236944 1.11667 1.32351 0.823597 0.531053 0.369693 0.076608 
0.558567 1.46743 1.551 1.07512 1.08885 -0.657821 1.56182 0.626851 1.05378 0.366465 0.442208 0.0766174 
