0.474717 1.10525 1.48887 1.15246 1.11993 0.522999 0.887565 1.5888 0.84321 0.351343 0.0464392 0.114286 
0.519081 1.015 1.23971 0.836572 0.358712 -0.0930234 0.163162 0.804151 0.364008 0.50315 0.33319 0.071825 
0.60971 0.801557 0.87156 0.739531 0.464204 0.521868 1.52889 0.211596 0.357832 -0.304398 0.54904 0.114193 
0.557291 0.857949 0.863565 0.528866 0.621813 0.938842 0.987261 -0.0899688 0.0334346 -0.0290022 0.556643 0.125464 
0.525696 1.12694 0.86411 0.207666 0.368486 0.626046 1.14108 0.539862 -0.0352996 0.222343 0.643286 -0.0104986 
0.470251 1.31922 1.13877 0.499067 1.28232 0.848215 0.611252 0.969401 0.481177 1.06249 0.299662 -0.0220371 
0.417126 0.982308 1.3093 0.89683 1.34244 0.997497 0.412544 0.227296 0.243075 0.853133 0.125025 -0.0651414 
0.275222 0.735806 0.852171 0.662337 1.56722 1.16323 1.62468 0.788399 0.114266 0.0494242 0.546339 0.0237954 
0.453646 0.982187 0.591139 0.462991 0.434759 -0.607012 1.10987 0.726037 0.924 0.485349 0.271768 0.126016 
0.559317 0.963924 0.70785 0.396401 0.791086 0.0565667 1.20028 0.719352 1.15677 0.831803 0.233407 0.0217708 
0.606175 0.748767 0.921662 0.648703 1.06504 -0.140038 0.966607 1.1367 0.845285 0.18684 0.333645 0.0514363 
0.614086 0.920579 0.980734 1.08302 1.04927 0.290132 2.06372 1.51346 0.185751 0.810484 0.495158 -0.0736858 
0.691462 0.914284 1.10828 1.14034 1.30401 1.21729 0.897889 1.74974 0.673271 0.543277 0.146603 0.101303 
0.536366 0.740641 1.12738 0.904872 1.53447 0.337007 -0.159739 0.413501 0.629223 0.107447 0.711955 0.0752876 
0.428594 1.00328 1.07133 1.76987 1.11427 1.26701 1.35478 0.702537 0.311628 0.278909 0.451059 -0.0404955 
0.461473 1.20848 1.12483 1.03102 1.34356 0.509194 1.72872 1.20839 0.724605 0.483469 0.744405 -0.119988 
0.355324 1.17473 1.26856 1.48654 1.17041 0.0403092 0.961365 0.0632935 1.14367 0.621999 0.557212 -0.222064 
0.463947 1.04952 1.417 2.03984 1.51571 -0.00473697 0.960832 0.540934 0.755947 0.235795 0.510921 -0.141133 
0.527965 0.875935 1.15798 1.46115 1.22325 1.4088 0.729187 1.58418 0.732052 0.406805 0.13681 0.0386345 
0.71742 1.11667 1.69192 1.48705 0.925927 0.974305 0.704256 1.65745 0.425485 0.397597 0.591659 -0.0191318 
0.66002 1.47495 2.00529 2.10929 1.91542 1.51772 0.973528 1.49371 0.652769 0.748853 0.614861 0.0819379 
0.879108 2.02211 2.12391 2.89359 3.01468 1.4801 1.96279 1.2089 0.959869 0.460946 0.284549 0.222898 
1.39011 2.69064 2.94657 3.23414 2.8129 1.92927 1.7607 0.823938 0.0033713 0.248835 0.38452 -0.00525802 
1.6707 2.80796 3.36827 2.95153 3.18819 1.49662 1.34684 0.372349 0.0420726 -0.588711 0.265863 -0.103409 
1.75006 2.53514 2.73643 2.92574 3.37489 2.52417 0.558558 0.0106119 -0.0236195 -1.04099 0.462669 -0.0823287 
1.82453 2.53566 2.5438 2.4189 3.21018 2.27184 1.13567 0.0410755 -0.393649 -0.758636 0.267316 -0.0282237 
1.92266 2.48708 2.29309 1.96621 3.0644 2.27909 1.80665 -0.460758 -0.93925 -1.01098 0.100146 0.0261896 
2.01744 2.27984 1.85161 2.55496 3.43423 1.90885 0.739715 -0.144789 -0.0209366 -0.930699 0.0652657 -0.0355263 
2.04927 2.43359 1.67496 1.65281 3.30565 1.8173 1.10074 -0.703358 -0.618462 -1.10704 -0.0576012 -0.0369828 
2.15931 2.17417 1.78234 1.72264 3.41236 1.74557 1.38775 -1.01817 -0.370657 -0.823618 -0.110641 0.013408 
2.27667 1.7371 1.51001 2.17624 3.0763 2.11177 1.3877 -1.70785 -0.0476191 -0.881275 -0.130642 0.00535009 
2.3014 1.74139 0.986773 2.3213 1.99105 2.68838 1.13345 -2.09835 -0.200482 -0.946698 -0.126113 -0.109762 
2.26776 1.83197 0.254587 1.7677 2.83563 2.41673 0.0675738 -1.73919 -0.215871 -1.48423 -0.216069 -0.149262 
2.25602 1.90567 -0.374869 1.49345 2.8258 1.9433 -0.60352 -1.72467 -0.693571 -1.71734 -0.362753 -0.227641 
2.322 1.77974 -0.332983 1.10134 2.71164 1.90062 -0.794579 -1.82031 -0.829547 -1.71652 -0.412444 -0.19236 
2.26074 1.81976 -0.0534345 0.913271 2.03616 1.91046 -1.13584 -1.77702 -1.09577 -1.70207 -0.312594 -0.0991032 
2.52802 1.95356 -0.803502 1.32266 1.8541 1.91354 -1.77939 -2.57126 -1.25356 -1.68256 -0.492821 -0.228887 
2.5463 1.81297 -0.657401 0.669399 2.28784 0.863916 -1.52565 -2.57028 -1.34675 -1.66491 -0.47265 -0.11541 
2.61119 1.3242 -0.436204 0.138924 2.04127 0.433926 -1.41255 -2.31047 -1.33529 -1.47712 -0.520229 0.0210389 
2.5298 1.20347 -0.454271 -0.224357 2.02649 -0.907446 -1.16153 -2.48123 -0.869014 -1.42367 -0.607199 0.190994 
2.61468 1.22085 -1.00389 0.296548 1.68858 -0.904008 -1.65239 -1.6602 -0.594002 -1.18866 -0.602128 0.0879571 
2.56224 1.56301 -1.56358 0.48022 1.43638 -1.61053 -1.72964 -1.68372 -0.198945 -1.11026 -0.520938 0.0876577 
2.58263 1.62504 -1.48884 0.405009 1.23338 -1.84695 -1.38439 -1.5278 -0.296189 -0.82784 -0.274384 0.220709 
2.4637 1.53802 -1.51847 0.229984 1.26132 -1.69215 -0.89711 -1.45249 0.127325 -0.414027 0.0346826 0.194958 
2.61698 1.51204 -1.91279 0.364842 1.27131 -1.85617 -0.77612 -1.4333 0.642659 -0.101559 0.206117 0.181496 
2.67994 1.51734 -2.41202 0.325572 1.69599 -2.18766 -0.269994 -1.36069 0.795698 -0.0741782 0.2165 0.312262 
2.65337 1.11374 -2.50945 0.58523 1.2892 -1.74003 -1.18863 -0.86804 0.836364 0.0233982 0.0536928 0.108625 
2.81198 0.827549 -2.47087 0.910784 0.937518 -0.729949 -1.41477 -0.714854 0.524318 0.137033 0.0379038 -0.0195637 
2.73568 0.790276 -1.83815 0.158624 1.43606 -0.220266 -1.06832 -1.06264 0.259437 0.11743 -0.0396529 -0.120955 
2.67923 1.00801 -1.74989 0.151939 2.03628 -0.660782 -1.28591 -0.76904 0.0933617 0.0502769 -0.288815 -0.128164 
2.59638 1.37771 -0.885166 -0.816494 1.55321 -0.498354 -0.82424 -0.822657 -0.327975 -0.0159647 -0.0828607 -0.069946 
2.52199 1.58565 0.208545 0.215665 2.00579 -0.583631 0.0930437 -1.2702 0.132102 0.142204 -0.0808684 -0.00491498 
2.50924 1.55157 -0.21995 0.906386 2.28443 -0.415308 0.458075 -0.570254 0.703866 -0.576468 -0.501335 -0.0820777 
2.44968 1.32541 -0.475181 0.581759 2.57776 -0.0410439 0.0041668 -0.718394 0.590967 -0.0165898 -0.0886613 0.0609632 
2.56347 1.23214 -0.858519 0.39188 2.24522 0.255985 -0.0855558 -1.73131 0.592686 -0.247935 -0.00263597 0.0895312 
2.54342 1.45017 -0.599536 -0.303634 2.38506 0.564858 -0.901516 -0.707774 -0.0579072 -0.0840884 0.0303198 0.0680385 
2.54583 1.37609 -0.600796 0.130767 2.76715 0.669888 -0.876055 -0.197442 0.0305776 0.173836 0.149937 0.172735 
2.53962 1.47923 -0.176887 -0.692614 2.74209 0.560585 -0.494366 -0.552138 0.473309 0.237252 0.129942 0.0938272 
2.32344 1.52894 -0.121604 -0.0593946 2.19916 0.246355 0.336085 -0.104463 0.883961 -0.393267 0.0205735 0.280906 
2.36735 1.25974 0.40718 0.301664 2.30496 -0.231549 0.9992 0.109868 0.57921 -0.531136 -0.188478 0.455546 
2.3373 1.78705 0.479314 -0.155864 1.64863 1.09934 1.09545 -0.0791574 0.449919 -0.178149 0.165218 0.235565 
2.35425 1.73474 0.554514 0.240472 1.83319 0.581028 1.18471 -0.463634 0.735668 -0.462811 -0.123511 0.134644 
2.29074 1.55269 0.865834 0.160558 2.49816 0.671327 1.9022 -0.814725 0.223878 -0.389174 -0.195892 0.313024 
2.25574 1.44715 0.524572 -0.188664 2.44866 1.09464 1.42122 0.199524 0.0808029 -0.112368 0.138048 0.3258 
2.23023 1.74758 0.687392 0.40904 2.70795 1.04888 0.540091 0.574573 0.56608 -0.324879 -0.142278 0.00722131 
2.10229 1.78443 0.827996 0.779241 2.43055 0.545424 0.866756 0.470739 0.225718 -0.261044 -0.0781707 0.0907003 
2.09226 1.85851 0.636829 0.948307 2.88485 0.2267 0.966822 0.375972 0.0790389 -0.13565 0.089319 0.272848 
1.97385 1.84832 0.971718 1.22938 2.56106 0.222328 0.351722 -0.162791 0.967022 -0.0913001 0.315039 0.195436 
1.99526 1.65439 1.05151 1.13675 1.93933 0.449729 0.328021 -0.045561 0.632359 -0.358574 0.339981 0.270816 
1.98418 1.77771 1.06367 0.400887 1.69053 1.02151 0.715301 0.413433 1.13814 -0.402588 0.257214 0.172669 
1.93423 1.7281 1.23319 0.358674 0.942917 0.728429 0.857531 0.7472 0.262312 0.0301119 0.126323 0.0808506 
1.84087 1.72949 1.44675 0.223322 0.905613 0.417202 -0.182576 0.361209 0.642684 -0.315351 0.287551 0.165862 
1.77994 1.83879 0.877937 -0.244475 0.882722 1.08859 -0.13628 -0.211648 1.06464 -0.679792 0.362747 0.0916891 
1.76706 1.43821 1.16201 -0.0495581 1.45299 0.718078 -0.272343 -0.242654 0.508832 -0.905868 -0.0669626 -0.046239 
1.68027 1.35442 1.17446 -0.297263 1.45371 -0.528541 0.922021 -0.795704 -0.465504 -0.565065 0.0388357 0.199736 
1.72068 1.20781 1.15523 -0.734951 0.842723 0.0249168 1.08207 -0.536081 -0.322489 -0.407256 0.548699 0.444405 
1.73644 1.21147 1.00635 -0.365023 1.19985 0.266118 0.786905 0.0774312 0.479421 0.441502 0.882742 0.451794 
1.7079 1.45664 0.932797 0.64185 0.692489 0.239421 0.904888 -0.0229677 0.719804 0.591799 0.921978 0.368088 
1.79919 1.59097 1.55224 1.18557 1.13894 -0.679488 1.00962 0.3236 0.596316 0.996411 0.583431 0.305536 
1.75602 1.4204 1.98966 0.720606 1.37693 0.396155 1.97307 0.665176 0.443887 -0.178135 0.33807 0.300348 
1.59707 1.40786 1.88084 0.672275 1.4873 1.25573 1.38046 0.836706 0.682211 -0.54006 0.323925 0.199774 
1.58565 1.52143 1.97709 0.29836 2.28154 0.883662 0.944131 0.324289 -0.0504075 -0.0917304 0.291351 0.162134 
1.64775 1.67392 1.89149 0.508 1.79993 1.45592 1.69532 0.227359 0.144498 -0.385794 0.396513 0.287682 
1.60523 1.56701 2.03156 0.967169 1.71492 1.46455 1.69682 -0.321385 0.907143 -0.222046 0.608525 0.406354 
1.47643 1.49774 1.84253 1.4442 2.01464 1.47694 1.08985 -0.396742 0.544941 -0.240992 0.819399 0.32314 
1.48591 1.55673 1.7786 1.27856 2.00587 1.48828 1.19146 0.476305 0.621698 0.44902 0.50803 0.214414 
1.4416 1.55763 1.91522 0.96183 1.63636 0.993152 2.07943 1.28608 0.142294 -0.260859 0.268888 0.115254 
1.31151 1.16036 2.42436 0.678998 1.85849 0.372306 1.5723 1.3205 0.107866 0.124615 -0.188949 0.0122953 
1.28585 1.42347 1.79559 -0.0334647 1.31438 -0.451176 0.254993 -0.0369426 0.91297 -0.0146806 -0.282926 -0.0383485 
1.26945 1.47923 1.59896 0.328602 1.36627 0.132457 1.57641 0.403849 0.670763 0.235112 0.220339 0.0832042 
1.24482 0.980711 1.54054 0.629822 1.41726 0.441928 2.10714 1.43259 0.0154435 -0.0900784 0.223675 0.108987 
1.39114 1.0918 1.51468 0.624833 0.200862 -0.145545 1.70517 -0.0139629 0.153694 0.292764 0.782937 0.197166 
1.3413 1.1772 1.48888 0.427909 1.34874 -0.237467 1.19576 0.240989 0.694115 0.0147411 0.36331 0.278104 
1.33688 1.35693 1.46229 0.00343648 2.24989 -0.0220233 0.928813 1.12638 1.0997 0.435325 0.0730215 0.13763 
1.33664 1.11649 1.68544 -0.132685 1.44122 -0.446569 1.20235 1.22621 0.364318 0.626448 0.30085 0.165966 
1.26493 1.04209 2.22494 -0.190079 0.545429 -0.340534 1.91231 0.725 0.485574 0.41442 0.631302 0.196912 
1.2364 1.41057 1.9045 0.577752 0.379998 -0.531419 1.31126 0.43091 1.48371 -0.217585 0.562007 0.217484 
1.21722 1.56907 1.84858 1.39007 1.33789 -0.108386 1.28294 0.724246 0.948393 -0.0426656 0.67525 0.209708 
1.19386 1.35002 1.20226 0.775649 2.00493 0.885228 1.96084 1.70253 0.925331 -0.419317 0.396939 0.154937 
1.25358 1.45031 1.64883 0.876338 1.69158 0.709894 1.3174 2.11491 1.27999 -0.280781 0.117078 0.0645996 
1.27735 1.44974 2.35661 0.598385 1.69021 0.61462 1.37531 0.430431 1.51512 0.448784 -0.277881 0.171673 
1.20996 1.47329 2.07653 0.559182 1.58544 0.368471 1.73644 0.517714 0.824797 0.370885 0.662089 0.256989 
1.2734 1.64163 2.04284 0.180359 1.29929 0.378139 1.884 0.823949 0.595436 0.555425 0.898449 0.271195 
1.22828 1.66062 2.04079 0.235463 1.61196 -0.0406825 1.97552 0.598255 0.858162 0.548852 0.771178 0.303065 
1.17394 1.61075 2.40049 0.631469 1.86444 -0.342756 1.0484 0.666794 0.922453 0.605931 1.11804 0.339679 
1.18966 1.53266 2.22186 1.55648 1.06016 0.0486162 1.22646 0.245452 0.599087 0.897384 0.902591 0.255781 
1.07551 1.40091 2.3045 1.46061 0.592142 1.24752 1.30274 0.46167 1.64225 0.568438 0.711581 0.228908 
0.954244 1.29457 1.78244 0.858363 1.73541 0.0868542 1.81091 0.872551 1.00557 0.229459 0.618698 0.131583 
0.972217 1.65842 1.13464 0.580204 0.892303 0.0759019 1.20826 0.129275 0.12904 0.264115 0.228672 -0.00708238 
1.02541 1.33019 1.40922 1.09936 0.525289 0.714798 1.5999 0.0748052 0.3873 0.158965 0.23587 0.0548636 
0.934989 1.31021 1.33371 0.0251245 0.62663 1.46023 1.60944 0.387547 -0.307148 -0.320579 0.174249 0.00904313 
1.05474 1.47036 1.44561 0.411052 0.637807 1.15486 1.45632 0.509612 0.57042 -0.204728 0.403317 0.062196 
1.11139 1.40532 1.71602 1.19102 1.20361 0.861029 1.88328 0.402329 1.38671 0.549585 0.393374 0.15036 
