0.388153 0.647215 1.06251 0.970498 1.36915 1.17771 1.14159 -0.297134 0.0265858 1.00812 0.409578 -0.02758 
0.388741 0.599158 1.46508 0.76509 0.883388 1.16156 0.911732 -0.00645951 0.174418 1.15999 0.0838571 0.00702408 
0.248857 0.791812 1.04181 0.921493 0.682155 0.175203 1.11864 -0.225497 -0.474201 1.33327 -0.389329 0.0990081 
0.365225 0.981756 1.42867 0.604148 1.05525 0.488276 1.46105 0.851708 0.487355 1.27644 0.248218 -0.0353355 
0.46461 1.06953 1.51842 0.796542 1.31958 1.45142 0.866609 1.04931 0.882037 0.810702 0.270567 0.0629928 
0.397706 0.647688 1.36494 1.39688 0.977781 1.03685 1.14302 0.911658 0.966915 0.125989 0.739105 0.010644 
0.402294 0.942399 1.33792 1.42768 0.959648 0.518562 1.41519 1.57814 0.573738 0.43592 1.02386 -0.153212 
0.303554 1.02629 1.2399 1.5164 2.3409 0.531074 1.28042 1.28798 0.837526 0.93183 0.633179 -0.175756 
0.462222 1.03202 1.33478 1.54795 1.90042 0.450899 1.44017 1.03545 0.46703 0.093339 0.435138 0.0151194 
0.455352 1.02171 0.848812 1.2725 2.23396 0.607454 1.49176 0.745468 0.289558 0.934086 0.0312675 0.103283 
0.611884 1.15837 1.11688 1.17613 1.67814 1.5449 1.48763 1.07129 0.508385 1.0531 0.499877 0.000268851 
0.7013 1.4825 1.38062 1.85566 1.22534 1.87174 1.74795 0.906526 1.12247 0.489606 0.876954 0.0178868 
0.804575 1.98185 2.07393 2.3291 2.32021 1.4241 1.36196 0.810844 1.29423 0.58034 0.538835 0.181341 
1.1233 2.07112 2.67976 2.71269 3.70645 1.82678 1.33796 0.878053 0.770921 0.738272 0.160235 0.103995 
1.47251 2.46783 3.11808 2.63488 3.16321 1.78014 1.23251 0.751631 0.406486 0.326404 0.0601918 -0.020681 
1.86742 3.02987 2.91478 1.60634 3.31584 1.9986 1.27827 0.822161 0.168818 0.0163043 0.0413155 -0.0615829 
1.95686 2.95244 2.15032 0.97892 3.28786 2.70694 1.74857 0.833668 -0.0267062 -0.364898 0.0853164 0.0183666 
1.65307 2.55955 2.30867 1.72323 2.3373 1.96175 2.01874 0.962906 0.154236 -0.0785596 0.0567378 0.00116263 
2.07236 2.71532 2.07631 1.20094 2.93591 2.22401 2.30861 0.440904 -0.0696053 -0.241881 -0.0777876 0.0641729 
2.04745 2.42061 1.89782 0.97173 3.17222 2.30991 1.51856 0.739636 -0.458702 -0.0195922 0.00913297 0.0175732 
2.11932 2.36509 1.79372 0.889899 2.92086 2.7794 1.61642 0.559571 -0.298314 -0.289307 0.045668 0.0740921 
2.21085 2.39775 2.10597 0.736402 2.83849 2.50928 2.46142 0.191058 -0.232498 0.137347 -0.0193832 0.163865 
2.20352 2.13778 2.007 0.75492 2.79665 2.81757 2.8137 0.359152 -0.205158 0.135553 0.0548884 0.236392 
2.11218 2.23412 2.00179 1.70965 2.88335 2.9241 1.82555 1.25728 -0.133104 -0.320869 0.181673 0.168858 
2.20694 2.16989 1.98699 0.880875 2.41051 2.81009 2.11095 0.903337 0.185422 -0.330599 -0.0556502 0.088678 
1.76517 2.24822 2.16685 1.35804 2.05816 2.22246 1.71121 0.701313 0.625023 -0.027497 -0.165567 -0.0581427 
2.07681 2.26459 2.50256 1.09486 2.10325 2.17358 2.3316 1.1103 -0.00541761 -0.414303 -0.117913 0.00717803 
1.97886 2.58777 2.43554 0.306253 2.4146 2.49885 2.29434 1.20622 0.74251 -0.18557 -0.0952744 0.0371554 
1.96752 2.4185 2.44848 0.489324 2.51994 1.93315 1.7885 1.14409 0.815953 -0.47516 -0.0486798 0.00751485 
2.21486 2.40554 1.46016 -0.491032 1.30575 1.10668 1.57789 0.1633 0.935159 0.658229 0.0998482 0.0824283 
2.44574 2.15861 0.847287 -0.729056 0.7969 1.06698 0.681497 0.126989 0.136854 0.989958 0.43689 0.0369107 
2.35273 1.5767 0.385425 0.663112 0.220067 -0.611461 1.1705 -0.13529 -0.228942 1.29032 0.596729 -0.0976974 
2.29483 1.62994 0.71271 1.18333 -0.391227 -1.46851 1.05612 -0.398659 0.206096 1.10258 0.526163 -0.168695 
2.28196 1.57158 0.355089 1.23144 -0.379571 -1.62529 1.13695 -0.956491 0.231603 0.910653 0.609581 -0.181136 
2.34012 1.84885 0.281849 1.00494 -0.327925 -1.51798 0.987857 -1.01868 0.0260044 0.692505 0.59157 -0.0524655 
2.40248 1.67284 0.186523 1.15725 0.0428604 -1.53203 0.0771176 -1.41111 0.538849 0.69374 0.513724 -0.102351 
2.35027 1.73486 -0.064947 1.21539 -0.422161 -1.08743 -0.153331 -1.62175 0.973549 0.632722 0.577142 -0.17676 
2.22247 1.87237 -0.393915 1.34359 -0.309773 -1.23793 -0.0891399 -1.5583 0.780482 0.646115 0.723775 -0.148293 
2.38628 2.08257 -0.679669 0.452812 0.35083 -0.613979 -0.640346 -1.7162 1.09347 0.39817 0.614673 -0.126579 
2.54394 1.92319 -0.911181 0.83049 0.485825 -0.899657 -0.489205 -1.91119 1.29683 0.527132 0.733682 -0.17245 
2.61911 1.55181 -0.524303 0.607708 0.747045 -0.858094 -0.0902719 -1.80758 1.41507 0.939261 0.656736 -0.114669 
2.58877 1.91935 -0.940748 0.66134 0.932609 -0.444968 -0.185712 -1.56497 1.76879 0.832715 0.645751 -0.328577 
2.5647 2.03914 -0.848759 0.0968427 1.60806 -0.624988 -0.182709 -1.14924 1.53883 1.01842 0.508383 -0.186487 
2.58733 1.82403 -0.728464 0.11781 1.40891 -0.746937 -0.035941 -0.900763 1.20975 1.12547 0.520237 -0.0984641 
2.64717 1.96567 -0.91535 -0.304188 1.4324 -0.688184 -0.00178018 -0.822526 1.53805 1.1938 0.528923 -0.142134 
2.53008 2.52909 -1.26201 -0.66055 1.59377 -0.471642 0.44849 -0.667253 1.78011 0.773481 0.359714 -0.333415 
2.52553 1.9982 -0.758884 -0.482882 2.21733 -0.620291 0.828456 -0.651381 1.71926 1.05243 0.0348852 -0.339031 
2.54479 1.9416 -0.683524 -0.401095 1.388 -0.0695579 1.1571 -0.535947 1.73445 0.592833 0.0909736 -0.354246 
2.51908 1.58432 -0.567612 0.081892 2.01586 -0.179334 1.46345 -0.721038 1.53279 0.676342 -0.128514 -0.40818 
2.39099 1.3967 -0.383 0.38742 2.30626 0.62599 1.09676 -0.13203 1.56495 0.756974 -0.357207 -0.602141 
2.33174 1.38987 -0.329228 0.691234 1.95286 0.491179 2.22324 0.0982423 1.16306 0.263905 -0.298913 -0.375259 
2.35467 0.905228 -0.63309 0.87451 2.97125 0.597056 1.10463 -0.0980641 0.790912 0.491421 -0.292023 -0.339958 
2.10911 1.53881 -1.73592 0.879355 3.05818 0.639023 0.244103 -0.346838 1.20419 0.726868 0.0316582 -0.339868 
2.10717 1.16534 -1.13264 0.631983 2.75032 0.712091 0.903147 -0.273386 1.31349 0.596942 -0.0289688 -0.384849 
2.28055 1.04623 -0.711598 0.333283 2.55573 1.08251 0.89329 -1.07617 1.08053 0.369673 0.0258089 -0.283491 
2.30189 1.11808 -0.684618 0.214222 2.94763 0.483372 0.31041 -0.406843 1.22775 0.977886 0.141076 -0.24113 
2.27575 1.14731 0.105621 0.784596 2.90483 -0.350499 0.595381 -0.113101 1.3087 1.2307 -0.0848695 -0.255773 
2.34268 0.908728 0.139894 1.02954 2.86609 0.171292 0.685553 -0.2467 0.867317 1.12255 -0.00558608 -0.304528 
2.3486 1.07902 -0.315016 0.906599 3.30153 0.962437 0.303684 0.410535 0.695312 0.590267 -0.236138 -0.306682 
2.42224 1.27103 0.345879 0.33701 2.71926 1.08603 0.88463 0.504358 1.00488 0.760355 -0.144093 -0.306458 
2.2826 1.62682 0.810899 0.116822 2.74185 1.00282 1.38491 -0.659121 1.40326 1.11298 0.106259 -0.050828 
2.19819 1.73213 0.97445 0.839576 2.67797 0.749529 1.03103 -0.575269 1.69204 1.044 0.0499425 -0.138019 
1.96889 1.9126 1.35214 0.607949 2.53995 0.726867 0.478959 0.491546 1.13988 1.17514 0.142087 -0.0552585 
1.98493 1.77948 0.995565 0.627764 2.10813 1.05505 0.913751 0.0491177 1.55865 1.29536 0.302781 -0.0197831 
2.02276 1.60505 1.03803 0.73841 2.1598 1.39654 1.71574 0.127883 2.14517 0.512886 0.0132434 -0.0110591 
2.0317 1.83378 1.46976 0.236724 2.55155 1.2753 1.04863 0.543993 1.78064 0.791578 0.1082 -0.00240374 
1.82657 1.78273 1.41238 1.10225 3.02707 1.36377 1.02812 0.42147 0.988753 1.44299 -0.160106 -0.16435 
1.92824 1.56639 1.52548 0.596665 2.76573 1.66015 0.445006 0.552392 0.721204 0.931024 0.00745599 -0.169008 
1.8365 2.02159 1.60347 0.611256 1.77438 1.2523 0.326502 0.918081 1.0602 0.633383 0.310673 0.0687961 
1.85431 1.84429 1.21422 1.18174 1.33934 1.06616 0.881841 0.319617 1.50919 1.209 0.126284 -0.0476709 
1.96338 1.95596 1.05489 0.291959 0.754032 1.14502 1.36546 0.134985 1.33295 0.688069 0.387394 0.147636 
2.0151 1.4687 1.60382 -0.175534 2.02701 0.377556 1.71524 0.318695 0.580033 0.45845 0.0968929 0.282618 
1.93059 1.4637 2.05264 0.529279 2.62346 0.466883 2.03373 0.857152 0.156714 0.11042 -0.048558 0.230568 
1.83767 1.7497 1.56251 1.53176 2.48161 0.32315 2.00196 0.476587 1.05801 1.09738 -0.226505 -0.0607024 
1.91824 1.55391 1.83232 0.942917 2.32784 1.58881 1.19272 0.2086 1.6396 1.12723 -0.00483684 -0.022449 
1.78859 1.43996 1.70225 0.723706 1.8396 1.12541 1.30355 1.05314 1.3145 0.993105 0.371193 0.165343 
1.72824 1.59992 2.18955 0.99599 2.15133 0.793263 1.99282 0.99115 0.811745 0.460878 0.321958 0.277141 
1.66053 1.70365 2.37471 1.13552 2.22493 1.31615 1.33833 0.766081 1.62131 0.78209 0.110312 0.183629 
1.67472 1.77514 2.2976 1.35694 2.46153 0.940618 1.36352 0.942985 1.67856 1.25594 0.17743 0.20459 
1.5387 1.44401 1.909 1.45305 2.37273 1.33545 2.66103 0.708578 1.11548 0.692429 0.460134 0.340679 
1.61987 1.68579 2.2794 1.4707 2.21917 1.35974 2.54862 0.486159 0.562533 0.47703 0.355079 0.270654 
1.69505 1.92337 2.35274 0.821668 1.997 1.50476 2.28359 0.897391 0.662615 0.201743 0.414261 0.296183 
1.55095 1.90309 2.1955 0.926802 2.29051 1.59879 1.94801 1.06456 0.822948 0.858436 0.47855 0.299345 
1.57361 1.96719 2.32298 0.869657 2.57939 1.74639 1.71065 1.26009 1.10854 1.49329 0.176535 0.216256 
1.53871 2.07419 2.55165 1.01536 2.41125 1.4358 2.22966 1.79649 0.471399 0.927956 0.136891 0.130248 
1.48465 2.09506 2.62908 1.45635 2.49357 1.93307 2.29334 1.39952 1.23439 0.535331 0.167834 0.192572 
1.53372 1.81784 2.80998 1.14697 2.3407 1.56804 2.57049 1.68009 0.213181 0.830301 0.31675 0.155846 
1.34516 1.92516 2.76421 1.66311 1.80263 0.821703 2.67957 1.64206 0.69086 0.606255 0.465615 0.206841 
1.37906 1.72229 2.67682 1.51779 2.54165 0.710121 1.81809 1.21007 0.983209 0.700129 -0.00328241 0.17616 
1.33195 1.48351 2.14493 1.59543 2.05426 0.731606 2.10902 1.51124 0.665233 0.0681442 0.0554759 0.102776 
1.33273 1.74412 2.15396 1.70706 2.33823 0.0769181 1.90888 1.2664 0.584196 -0.182338 0.270116 0.156339 
1.20046 1.48852 3.07235 1.11011 1.71582 0.739445 2.65366 1.68132 0.981562 0.583849 -0.108616 0.167884 
1.20848 1.46262 2.55185 1.34684 1.3976 1.40747 2.07634 2.21507 0.884815 0.872772 0.416306 0.173119 
1.17749 1.56504 2.57468 1.45413 2.64202 1.57679 1.5002 1.58342 1.36091 0.716981 0.289007 0.266147 
1.17033 1.6871 2.29836 1.29423 2.30784 1.4845 1.91047 1.19329 1.82853 0.67878 0.172103 0.29141 
1.13081 1.59825 2.89861 1.64623 1.28038 0.858133 2.01328 1.47216 1.47201 0.439186 0.544846 0.284558 
1.12807 1.8557 2.795 1.67374 1.57158 0.604104 1.96585 1.70881 1.18416 0.191437 0.659879 0.229218 
1.17684 1.51373 2.65537 1.52405 2.17255 0.844297 1.99173 1.84176 0.695011 0.229305 0.634897 0.22318 
1.14254 1.66403 2.52242 1.35249 2.08268 0.147389 2.3006 1.08806 1.14205 0.76276 0.566674 0.337275 
1.04609 1.5874 2.09995 1.21509 2.00653 0.363971 2.01804 0.974898 1.1285 0.671279 1.00142 0.27363 
0.952713 1.46707 2.47723 0.999568 2.32805 0.825769 1.92734 1.61639 0.176903 0.737216 0.967527 0.130523 
1.07054 1.31698 2.65794 1.3501 2.1833 0.978813 2.37549 1.43822 0.544454 0.687567 0.588868 0.229781 
1.11526 1.61261 1.71726 1.3649 2.48525 0.400863 3.34687 1.66512 0.0668043 0.213468 0.682616 0.318779 
0.996139 1.71513 2.39886 1.10842 2.0988 0.298871 2.90325 1.25247 0.268308 0.0284912 0.593197 0.145453 
1.09912 1.28796 2.67563 1.54056 2.12229 -0.266523 2.33726 1.35177 0.396526 0.597359 0.447316 0.263469 
0.946415 1.31724 2.53034 1.56886 2.08644 0.873419 1.62465 1.05133 0.962293 0.371436 0.500253 0.198809 
0.902874 1.41562 2.68919 1.43187 1.14055 0.621152 1.11909 1.13181 0.936814 0.259853 0.593487 0.136387 
0.932117 1.18234 2.41854 0.987822 0.64242 0.220817 1.51684 1.0887 0.883808 0.28186 0.4983 0.0859422 
0.871847 1.27235 1.94212 1.11748 0.935129 1.06436 1.77418 -0.0303669 0.880492 0.462872 0.563215 -0.0237682 
0.845266 1.40536 2.4894 0.490677 1.42211 1.42318 2.02676 0.567424 0.942945 0.840049 0.50947 0.0776011 
0.776992 1.76102 2.28053 0.770995 1.50589 0.155221 1.18461 1.39214 1.44398 0.801034 0.64188 0.119803 
0.742648 1.61933 2.38646 1.25586 1.1165 0.343405 1.70004 1.60905 0.964781 0.420863 1.03447 0.0755357 
0.859244 1.56649 2.37418 0.975261 1.62483 0.365847 2.49683 1.40838 0.887755 0.837539 1.29562 0.128305 
0.93837 0.923774 2.41982 1.17785 1.73786 1.04985 2.21966 1.73744 1.08382 0.730222 1.02602 0.200038 
0.846882 1.32796 2.42599 0.922593 1.58254 1.52749 1.71728 1.62818 1.21043 0.542873 0.877125 0.159594 
0.95943 1.1254 2.25331 1.55632 1.27113 1.27936 1.71777 0.746175 1.73654 0.636547 0.720472 0.226505 
1.00978 1.05214 2.28109 1.96883 1.34647 0.727865 1.86702 1.21677 1.9196 0.305883 0.702283 0.307647 
0.86531 1.31118 1.95086 2.20706 1.38696 0.919072 2.21104 1.57558 1.17964 0.382933 0.604203 0.22816 
0.833502 1.48892 2.03632 1.92599 1.79235 1.22625 1.63803 1.12419 0.901985 0.0916836 1.1006 0.105548 
0.803505 1.49049 2.25565 0.962952 1.95395 1.18272 2.16046 1.59008 1.61957 0.0734792 0.774648 0.188961 
0.852358 1.15495 2.94199 0.653601 1.73702 0.918297 1.69078 1.6275 1.53071 0.338691 0.31616 0.299913 
0.976102 0.954632 2.13746 0.846712 1.10976 0.24745 1.43455 1.17753 0.735675 0.730843 0.670738 0.0920115 
0.898393 1.1848 1.5522 0.900498 1.04131 0.529959 1.60303 1.07885 0.582466 0.195559 0.479809 0.0340665 
0.956018 0.92853 1.64874 0.993167 1.74712 0.147667 1.25574 0.845514 1.1965 0.400984 0.711275 0.113486 
0.820645 0.797134 1.68766 1.50492 1.45882 0.950907 1.80228 0.242169 1.20417 0.349245 0.283141 0.0728052 
0.800758 1.41108 2.41508 0.656012 1.06803 1.43336 1.37973 0.269033 0.877745 0.574756 0.201388 0.133548 
0.775714 1.02629 1.86457 0.309485 1.39829 1.52135 1.25268 0.661298 1.22966 0.792802 0.229983 0.115039 
0.716907 1.25856 2.12344 0.626693 2.09693 0.497307 1.35766 1.20329 1.41905 0.296462 0.241826 0.16013 
0.710238 1.23949 1.5748 0.560776 1.26118 0.711466 0.626729 1.07982 0.7687 0.0307579 0.340236 0.0483421 
0.683932 1.03426 1.24645 1.00106 1.32395 1.13576 0.704877 1.37753 1.11698 0.454031 0.337748 0.0785117 
0.641096 0.814078 1.4828 1.05762 1.28952 1.32322 1.85467 1.39786 1.18175 0.603721 0.62898 0.000729161 
0.615405 0.802654 1.71337 1.29076 1.71013 0.590234 1.17169 1.18397 0.703705 0.608049 0.510036 -0.00106368 
0.632433 0.927925 1.75353 0.903299 0.940335 1.81844 1.44073 0.858639 0.676827 0.423312 0.69443 -0.0874937 
0.70609 1.10351 2.19265 1.43497 1.50941 1.66989 1.49365 0.965222 0.239436 0.397316 0.931091 -0.0271279 
0.697887 0.873598 1.84872 0.740072 1.48092 1.19893 0.966021 1.39261 0.824532 0.142545 0.512112 0.0688815 
0.653529 0.876404 2.01102 1.39036 0.564506 1.10065 1.38662 1.45786 0.761212 0.568584 0.626751 0.0263427 
0.647089 1.00499 1.71554 0.966068 0.729748 1.34218 1.64771 0.989765 0.448328 0.521666 0.553994 -0.00968231 
0.61111 1.3375 1.76675 1.06932 0.700155 1.14722 1.66139 0.331554 0.403165 0.446432 0.532156 -0.123595 
