0.627861 0.70635 0.242202 0.379048 0.588035 1.01498 1.86117 -1.26741 0.853295 -0.615916 -0.259136 -0.160211 
0.607077 0.772937 -0.0247971 0.102379 0.740939 0.530565 1.80394 -0.0897638 1.16938 -0.865729 -0.0496376 -0.0631572 
0.460903 0.672725 0.025654 -0.40641 -0.0739917 -0.287449 1.3726 -0.568423 1.81636 0.0224702 0.557318 -0.176633 
0.396269 0.674823 0.425084 -0.993091 0.589647 0.736185 2.06873 -0.731311 0.171532 -0.0173806 0.372547 -0.196496 
0.318773 0.115046 0.38761 -1.01834 0.648617 0.854508 2.17693 -0.0985718 0.526732 -0.508464 -0.157509 -0.28402 
0.352669 0.210216 -0.242019 -0.0559656 -0.107745 0.7813 1.95838 0.347913 1.68355 -0.536339 -0.241052 -0.206668 
0.302725 0.260037 0.689606 -0.0873086 -0.929416 0.1883 1.34672 0.599456 1.28766 -0.0630964 -0.426365 -0.316999 
0.280943 0.00816149 -0.00408682 -0.917483 -0.307444 -0.0954655 2.48544 0.348275 0.640173 0.418736 -0.298712 -0.362659 
0.132091 -0.100828 -0.549041 -0.701423 -0.0739165 -0.375702 1.82915 0.14605 1.31925 0.0658554 -0.358485 -0.452328 
0.245939 0.0920083 -0.0885898 0.327416 -0.146349 0.099619 1.74772 -0.451034 1.88484 -0.0567067 -0.398921 -0.602156 
0.388662 0.0463134 -0.195769 1.08986 -0.296094 -0.0061379 1.81059 -0.713215 1.71931 0.33775 -0.0979228 -0.457695 
0.34629 0.135105 -0.167043 0.423633 -1.33819 -0.244975 2.87666 -0.676925 0.98552 -0.0303807 0.111667 -0.328659 
0.262886 0.19463 -0.499798 -0.906167 -1.49969 0.10346 2.36753 0.180818 0.809214 -0.311563 0.248207 -0.317425 
0.363281 0.334923 0.150082 -0.41926 -0.700895 -0.332818 1.99428 -0.0458764 1.62983 -0.0963365 -0.00947967 -0.353748 
0.4758 0.00230635 0.0595003 -1.12751 -0.771748 0.569913 2.39071 0.0987106 0.630451 0.122831 -0.0239819 0.108953 
0.569018 -0.140729 -0.0874821 -1.07279 -0.985771 0.85327 1.63988 0.841801 0.512665 0.372623 -0.519707 0.0839882 
0.526534 0.0316931 -0.284184 -0.191658 -0.500226 1.15553 2.30924 -0.140102 1.03392 -0.268018 -0.256031 -0.0555928 
0.604328 -0.251175 -0.229802 -0.207823 -0.608852 0.547558 2.22886 -0.14872 0.802199 -0.263485 -0.699636 -0.0712536 
0.696678 -0.106619 -0.21273 -0.23391 -1.14822 0.783778 1.5514 0.337687 0.247399 0.05012 -0.886121 -0.0743409 
0.630256 0.39098 -0.146759 -0.252669 -0.707242 -0.0199257 1.37691 0.320932 1.23304 0.0515484 -0.523331 -0.0684911 
0.827788 0.547118 0.210868 -0.340088 -0.415613 -0.209948 1.9673 0.324745 0.560998 -0.310461 -0.176257 -0.369241 
0.862819 1.15059 0.688232 -0.409335 -0.309941 0.000692401 1.38052 0.223785 -0.0921664 -0.232417 -0.0620408 -0.340669 
0.980087 1.40507 0.93475 -0.179602 0.129886 1.24151 1.5158 0.860326 0.574773 -0.799442 -0.525912 -0.231315 
1.36606 1.72632 1.46626 1.45508 0.814489 1.40834 1.16161 0.345274 0.778142 -0.383513 -0.411225 -0.175636 
1.45422 2.06682 2.28467 2.29247 1.57875 0.738363 0.386403 0.259837 -0.0745912 -0.489481 -0.27718 -0.232116 
2.0576 2.33472 1.45498 2.8327 3.37667 0.377333 -0.197767 -0.251833 0.816031 -1.23099 -0.594225 -0.402178 
1.93443 2.53095 1.35017 2.42715 4.14552 -0.252222 0.0831448 -0.521503 0.666303 -1.60299 -0.570004 -0.391817 
1.87721 2.12104 1.04761 2.29765 3.88481 0.173302 0.223479 -0.0802075 1.00796 -1.33359 -0.495097 -0.31127 
1.9777 2.19577 0.686206 2.3913 4.24323 -0.104165 0.347836 -0.113559 0.989095 -1.38094 -0.710646 -0.298962 
1.94713 2.3891 0.744854 2.56349 4.68408 -0.594586 0.312648 -0.205598 0.677201 -1.44084 -0.8293 -0.244896 
1.96115 2.17057 0.718259 2.40427 4.39863 -0.0358584 0.249683 -0.0393843 0.81952 -1.57653 -0.690669 -0.261083 
1.83064 2.31656 0.719417 2.32903 4.44946 -0.199352 -0.226672 -0.00113488 0.618594 -1.21632 -0.590769 -0.360378 
1.8095 2.533 0.461949 2.29312 4.829 -0.373821 0.175644 -0.0471756 0.572222 -1.26894 -0.685145 -0.348279 
1.83524 2.38956 0.912979 1.89246 4.78977 -0.223071 0.0282622 -0.307129 0.612043 -1.14014 -0.529414 -0.3765 
1.85553 2.44073 0.871391 1.65174 5.08225 -0.358474 0.345906 -0.425182 1.08881 -0.940762 -0.599361 -0.394322 
1.94913 2.69992 0.667658 1.34427 5.37138 -0.380343 0.973291 -0.164869 0.708144 -1.32432 -0.823995 -0.343222 
1.85024 2.60279 1.04087 1.50288 5.06057 -0.352879 0.963294 -0.0113188 0.528046 -1.40769 -0.586407 -0.249125 
2.00984 2.78011 0.995074 1.5812 5.41949 -0.496372 0.480065 -0.704467 0.19068 -1.61172 -0.852329 -0.375831 
1.91333 2.63926 1.23497 2.06433 4.96788 -0.0933413 -0.32582 -0.474709 -0.0180765 -1.91853 -0.524854 -0.476811 
1.87127 2.4537 1.51503 2.34963 4.91259 -0.210527 -0.731189 -0.934794 0.176073 -1.53598 -0.497608 -0.493327 
1.92236 2.64228 1.29943 2.28438 4.79893 -0.157609 -0.67702 -0.809781 0.175003 -1.40031 -0.557977 -0.534663 
1.92054 2.43805 1.13769 1.95379 4.62559 -0.00499238 -0.00396006 -0.612703 0.252607 -1.54153 -0.470698 -0.340494 
1.93772 2.53813 0.853794 1.6849 5.46991 -0.168285 0.209626 -0.511102 0.605274 -1.18674 -0.637833 -0.398093 
1.88675 2.37822 0.472964 1.6387 5.49228 0.434686 0.939871 -0.0345542 0.937129 -0.992241 -0.56076 -0.302914 
1.9849 2.76599 0.577736 1.84156 5.24313 0.22173 0.57594 -0.852421 0.723334 -1.44738 -0.473869 -0.45868 
2.02508 2.82266 0.516582 1.97597 5.1431 0.195278 0.512066 -0.663914 0.287844 -1.4712 -0.652264 -0.412383 
2.02857 2.57119 0.572284 2.2306 4.77979 0.612882 0.162203 -0.382169 0.650508 -1.348 -0.498172 -0.425329 
1.96339 2.22494 -0.00966478 2.04566 5.22194 0.48379 0.906903 -0.451365 1.16785 -0.685639 -0.577602 -0.289412 
1.85601 1.98438 0.198299 1.69688 4.43642 1.02677 0.348169 -0.0314225 1.45923 -0.623157 -0.428296 -0.472127 
2.03696 2.20193 0.0900901 1.54646 4.38179 0.891441 0.0714404 -0.249471 1.23375 -1.14492 -0.564179 -0.545056 
2.16512 2.67972 -0.10362 1.27082 4.52031 0.881995 -0.0938414 -0.0699888 0.579398 -1.45227 -0.810181 -0.694993 
2.12095 2.59952 -0.0256723 1.12379 4.31307 0.955507 -0.298829 0.203645 0.511168 -1.20939 -0.703233 -0.678522 
2.17325 2.66057 -0.335967 1.16105 4.3317 1.07692 0.0234767 -0.221118 0.890826 -1.02061 -0.611771 -0.735354 
2.19323 2.43639 -0.233544 0.811062 4.59091 0.73609 0.542838 -0.0203452 0.93189 -0.412241 -0.732754 -0.567952 
2.01923 2.0089 -0.00941633 0.789438 3.99531 0.899401 0.491821 0.533515 1.29838 -0.170774 -0.685105 -0.586797 
2.15152 1.81452 -0.0890958 0.738654 2.6761 1.16602 0.472756 0.866329 1.50296 -0.570864 -0.74526 -0.567664 
2.18533 1.97307 0.488905 1.15954 1.62515 0.786265 0.477647 0.598593 1.12925 -0.8471 -0.649071 -0.394727 
2.09815 2.03664 0.527718 0.765604 2.84126 0.569427 0.578352 -0.150891 0.66755 -1.02639 -0.503082 -0.244144 
2.05276 2.03333 0.74016 0.615876 2.76364 0.45869 0.169451 0.296347 0.391793 -1.1807 -0.421671 -0.196818 
2.04771 1.86359 1.08805 0.8898 2.62939 -0.163197 0.779008 0.0872715 0.707222 -1.16497 -0.592922 -0.119022 
2.03771 2.02712 0.613481 0.920167 3.08112 -0.230178 0.0663146 -0.631276 1.25353 -0.344686 -0.321493 -0.257355 
1.99529 1.97128 0.797025 0.320864 1.75363 -0.0301154 0.337061 -0.132738 1.72165 -0.0271584 -0.277362 -0.302146 
1.88208 2.11245 0.870647 0.776866 1.64834 0.256593 0.381075 -0.0282451 2.2267 0.0259511 -0.262994 -0.38047 
1.90583 1.88474 0.976695 1.05379 2.52457 0.371135 0.837211 0.259558 2.04951 -0.0348855 -0.427962 -0.308756 
1.97162 1.76841 0.938831 0.933799 3.6188 0.751084 1.24071 0.425923 1.39087 -0.140263 -0.478138 -0.178037 
2.01405 1.62091 1.43348 0.266401 3.01632 1.08336 0.900387 0.510734 1.12667 -0.0743617 -0.312856 -0.105104 
1.84979 1.89372 1.31032 1.09317 2.19276 0.744021 0.484827 0.700532 0.760384 -0.369331 -0.145077 -0.0981099 
1.55962 2.10928 1.53277 1.44892 2.10844 0.0221352 0.522824 0.198258 0.235892 -0.387698 -0.108763 -0.0703524 
1.67242 2.20833 1.71247 0.960181 1.90547 0.0977313 0.427339 0.317069 0.367247 -0.305432 -0.365059 -0.235528 
1.70847 1.94636 2.11537 0.939264 1.91337 0.463329 0.82921 0.0215496 0.750082 -0.0240446 -0.385564 -0.17035 
1.65466 1.98877 1.98204 1.44112 2.28228 0.016186 -0.320695 -0.00107262 0.946319 0.156367 -0.253815 -0.168773 
1.71462 2.37272 1.71085 1.72066 2.32435 0.209868 -0.416517 -0.572343 0.789163 -0.0905592 -0.0476098 -0.15824 
1.70777 2.33579 2.14179 2.01599 2.21321 0.351537 0.509524 0.13031 0.7875 -0.458914 -0.0189625 -0.0702669 
1.70374 1.9893 2.6047 1.56814 1.99212 1.53595 1.37395 -0.308911 0.986214 -0.0608102 -0.22907 -0.0272057 
1.72983 2.20614 2.58161 1.73178 1.88766 1.67465 1.76218 -0.356373 0.644924 -0.688979 0.046067 0.0189165 
1.88433 2.06845 2.09213 1.72024 1.86995 1.38799 1.34506 0.171461 1.42748 -0.742993 -0.0167517 0.0250038 
1.82524 1.96398 2.04449 1.44058 2.4837 0.54 1.22265 0.244941 1.08356 0.0648741 -0.062529 0.044246 
1.75683 1.92855 2.41045 1.08339 1.71889 1.27171 1.16738 0.514237 0.424543 0.572935 -0.0139945 -0.00838023 
1.57407 2.07274 2.11483 1.07037 1.56789 0.125598 1.25482 0.65021 0.307378 0.140432 -0.125975 -0.069805 
1.49383 1.91663 2.2201 0.351379 1.15142 0.153359 0.815593 0.893879 0.152163 -0.154872 0.000528827 -0.123465 
1.43394 1.79933 1.84161 0.563001 1.44545 -0.099839 0.741472 0.10011 -0.085298 -0.350624 -0.117693 -0.0869538 
1.45537 1.91459 1.72216 0.466979 1.61264 -0.00948889 1.13244 0.562795 -0.161687 -0.347957 -0.262395 -0.0999429 
1.39153 1.38525 1.84831 0.699564 1.80911 0.640144 1.41752 0.153774 0.377869 0.218709 -0.303847 0.0489132 
1.29242 1.19851 1.48194 1.28806 1.85705 1.33976 0.339938 0.282276 1.24593 0.758848 -0.0865269 0.0274993 
1.15295 1.33118 1.45417 1.21898 1.63172 1.04507 1.23464 0.146325 0.741046 0.646392 0.581079 0.146279 
1.22963 1.21189 1.95796 0.695099 2.18718 0.511679 1.36091 -0.00333716 0.665082 0.514565 -0.388675 0.0402005 
1.22188 1.4651 1.57437 0.914261 2.00046 0.395672 1.3089 0.491465 0.267346 0.248291 -0.308335 -0.0943195 
1.32935 1.52037 1.93585 0.589145 1.78506 1.17343 1.79429 -0.259559 -0.357283 0.599617 -0.115823 0.00144721 
1.3874 1.7755 1.78876 1.17509 1.53935 0.635377 1.16872 -0.23023 0.709615 0.19064 0.117449 0.0577227 
1.39332 1.97781 1.87566 0.717013 1.31367 0.329409 1.40751 0.24335 0.999418 0.29316 0.353237 0.176189 
1.39786 1.46112 1.87208 1.06863 0.931781 0.970245 1.25932 -0.102586 0.877319 0.605243 0.457057 0.190733 
1.23363 1.55637 1.95939 1.40563 1.67584 1.10436 1.0646 0.0296006 1.14027 0.440619 0.48294 0.17939 
1.18079 1.59763 1.97004 1.14843 2.41039 0.737908 1.79676 0.472485 1.42997 0.351763 0.198297 0.223909 
1.07102 1.39728 1.47777 1.11126 2.53812 0.696782 1.72749 1.01546 0.640472 0.216929 0.424973 0.158826 
1.18952 1.3621 1.86964 1.06648 1.18053 1.49678 1.16055 0.727871 0.493628 0.0493448 0.302981 0.109065 
1.27461 1.36145 1.70678 1.22574 1.18928 1.291 1.52566 0.15931 0.0850418 0.405993 0.0212797 0.042817 
1.04735 1.58759 1.59452 0.514426 1.08302 0.743051 1.70345 0.828386 -0.0614465 0.68885 0.763872 0.0877881 
1.09006 1.42631 1.79334 0.883269 1.8323 0.212489 1.98471 0.629259 -0.0190167 0.206133 0.621386 0.11985 
1.07812 1.24829 1.70338 1.00409 1.58935 0.129511 0.651878 0.0745127 0.589719 0.0980392 0.457338 0.0586612 
1.08832 1.19242 1.84791 1.06115 1.7044 0.59234 1.04507 0.604824 0.921948 -0.0387568 0.306594 0.110022 
1.12513 1.57992 1.11137 0.743681 2.52296 0.444978 0.968811 0.739823 1.47134 -0.253824 0.141818 -0.0411445 
1.22751 1.37816 1.57994 1.32719 1.54174 -0.592594 1.51347 0.714584 1.32077 0.399552 0.173938 0.152193 
1.09103 1.01373 1.78463 1.33545 1.07512 -0.141694 1.24046 1.20857 0.430323 0.820999 -0.037484 0.027018 
1.05716 1.37808 1.82521 0.85859 1.68189 1.14477 1.26038 1.66021 0.599141 0.213921 -0.0537303 0.0433404 
1.10263 1.42052 2.00793 0.632299 1.31566 1.54987 1.91948 1.42182 0.411423 0.159581 -0.0674881 0.0180952 
0.988573 1.4153 1.62896 0.911119 1.04981 0.744287 1.45884 1.17447 0.230977 -0.0118356 0.12536 0.0066647 
0.886082 1.04164 1.38342 0.812952 1.3456 0.375475 1.5224 0.942713 0.417633 -0.304289 0.177148 0.0162977 
0.918661 1.24495 1.51505 0.636932 1.53931 0.881822 1.79103 0.520512 1.15302 0.546595 0.568743 0.121815 
1.04738 1.40666 1.00939 0.47485 2.08729 0.325006 1.09569 0.62388 1.77991 0.540931 0.605942 0.107283 
1.07741 1.39946 1.03245 0.314937 1.87633 0.0661183 0.719769 0.792012 0.475165 0.430316 -0.281434 0.0043227 
1.13548 1.42917 1.10414 0.360758 1.54152 0.558113 1.06159 -0.0281938 0.421919 0.591353 0.61829 0.169612 
1.05091 1.53515 0.881538 0.699377 1.4757 1.46609 1.43972 0.237463 1.36322 -0.0982977 0.737616 0.0945821 
0.973296 1.4745 0.482953 -0.229933 1.22939 1.24268 1.81218 0.228164 0.699594 -0.0934595 0.769105 0.0404616 
0.918742 1.43049 0.626718 -0.0436173 0.717506 -0.20552 1.85162 0.422335 1.13941 0.0684123 0.90037 -0.0554338 
0.87141 1.32728 0.849241 0.49933 0.793717 0.082239 1.5108 0.214174 1.47293 -0.934564 0.605044 -0.0530848 
0.950153 1.38607 0.724364 0.461874 0.876531 0.315249 1.96177 0.188378 0.973318 -0.941488 0.593785 0.0103601 
0.926799 1.6409 0.181419 0.58154 1.94521 -0.219674 2.08934 0.437148 0.949565 -0.270778 0.654421 0.0475692 
0.846874 1.43587 0.454447 0.465007 1.607 0.0227805 1.86706 0.0686027 0.708674 0.0278627 0.362555 -0.044392 
0.776794 1.10544 0.66709 0.277717 1.21638 0.258078 2.39104 0.433833 1.01907 -0.336497 0.786968 0.016273 
0.772781 1.25894 0.825364 0.204861 1.09943 1.39945 2.2306 0.612554 0.424529 -0.8784 0.792597 -0.0811153 
0.728913 1.32775 1.24516 0.702978 0.791993 0.707664 1.74721 1.13224 0.76262 -0.7732 0.821963 -0.214531 
0.703535 1.40961 0.982083 0.29867 0.622257 0.31525 1.1413 1.0304 1.64603 -0.521987 0.721577 -0.211814 
0.763777 1.45034 0.966904 0.288186 0.517989 0.612583 1.168 -0.0271711 1.25336 -0.317376 0.506101 -0.12408 
0.784673 0.917855 0.959152 0.559333 0.246269 -0.155281 2.10428 -0.814463 0.697827 -0.798044 0.239083 -0.104059 
