0.894739 0.0886227 0.626571 -0.770431 0.609761 -0.900988 1.30223 0.276871 1.66291 0.950153 -0.282391 0.0364898 
0.966063 0.277582 0.16308 -0.580638 -0.472355 -0.414602 1.61205 -0.395958 0.494098 0.566719 -0.297289 0.000142412 
0.800387 0.42896 -0.124949 -0.778747 -0.210292 0.743196 2.07155 -0.838377 -0.0348388 0.174289 -0.161561 -0.0196731 
0.725705 0.104019 0.0645894 -1.01467 -0.572534 0.23669 1.61536 -0.511677 0.399181 0.646657 0.144312 -0.0176902 
0.665169 -0.171554 -0.0126325 -0.694115 -0.241917 0.119316 1.57324 -0.646041 0.697928 1.3638 -0.0782392 -0.255214 
0.719037 -0.257451 0.0218492 -0.873022 0.27599 0.0649631 1.0976 -0.200964 1.03428 1.45929 -0.484721 -0.0773846 
0.871591 -0.0284996 -0.321206 -0.581313 0.0879591 -0.662884 0.613375 -1.3064 1.40378 1.15177 -0.0421737 0.139864 
0.899223 -0.21142 -0.53205 -0.650928 0.0733044 -0.189737 0.788002 -1.34093 2.07804 0.851425 -0.107331 0.123962 
0.793616 -0.0356371 -0.572608 -1.46746 -0.446072 -0.853112 1.77627 -0.683651 1.27395 1.05237 0.0330886 0.162832 
0.890563 0.0739154 -0.621753 -2.16343 -0.527657 -0.633277 2.16094 -0.093011 0.939492 0.693405 -0.0354208 0.149404 
0.8455 0.596491 -0.656363 -1.84708 -1.52246 -0.27903 1.61002 -0.491705 1.20231 1.40232 -0.272024 0.280282 
0.766503 0.301695 -0.854718 -1.99325 -1.97406 -0.878868 0.380053 -0.653452 0.956887 1.57507 -0.668574 0.21934 
0.772513 0.00242597 -0.702395 -1.94935 -1.56699 -0.863864 0.646641 -1.07292 1.2097 1.37464 -0.51373 0.148144 
0.744806 0.320392 -0.908076 -1.34611 -1.39564 -1.87562 1.13456 -0.798482 0.755056 2.05776 -0.604043 0.14561 
0.753619 0.26976 -0.944089 -1.85146 -0.689136 -1.09913 0.56259 -0.716921 0.685255 2.19916 -0.496611 0.283528 
0.738399 0.264051 -0.82746 -1.47678 -0.273543 -0.734533 1.43482 -1.47134 0.538527 2.20834 0.0717079 0.268607 
0.660757 -0.0733277 -0.496216 -1.13408 -1.05235 -1.33294 0.64525 -1.97363 0.621093 1.21104 -0.145755 0.224161 
0.631781 0.360948 -1.28956 -1.1268 -1.64627 -0.916321 0.598678 -1.31725 0.897555 1.31537 -0.872678 0.127682 
0.74662 0.78295 -1.33365 -1.74821 -1.03839 -1.02524 0.149697 -0.997516 0.374177 1.18673 -0.513158 0.123267 
0.770633 0.456158 -0.442559 -1.61127 -0.693751 -1.28282 0.902558 -1.1014 0.678711 1.08533 -0.498598 0.126153 
0.644875 0.322638 0.291887 -1.80679 -1.1867 -1.19994 1.98423 -0.222466 1.19562 0.86285 0.0673743 0.374437 
0.70157 0.278622 -0.0152708 -1.49322 -0.530261 -0.971701 1.08483 -0.583761 1.11347 1.36183 -0.378448 0.0942814 
0.754914 0.293627 -0.465043 -1.5689 -0.403419 -0.845599 0.184972 -0.74379 0.468283 1.48171 -0.653539 0.101753 
0.733771 0.594978 0.413166 -0.705227 0.0708243 -1.18707 0.436498 -0.290326 0.501667 1.12847 -0.3475 -0.0219352 
0.874567 0.682202 0.83125 -0.104693 0.356342 -0.698045 0.271615 -1.41285 -0.106464 0.608691 0.0761456 -0.269799 
1.19537 0.925957 0.967864 0.162402 0.722589 -0.339923 1.23564 -0.354925 0.0944811 0.904224 -0.0780773 -0.0422602 
1.57519 1.80609 1.4909 2.09761 2.84096 0.197084 1.61233 -0.471131 0.899773 0.661312 -0.563713 -0.186206 
1.64951 1.88315 1.38379 2.46638 5.01047 -0.0919643 1.22383 -0.83592 1.15673 0.392876 -0.591094 -0.137445 
1.82993 1.89492 1.40445 2.8819 5.09115 0.0476259 0.457559 -0.90285 0.868144 0.385124 -0.554391 -0.311425 
1.77362 1.60847 0.856244 2.92983 5.66364 0.288221 0.680436 -0.692553 0.99051 0.321327 -0.533278 -0.232368 
1.69612 1.59522 0.813475 2.6107 5.77858 0.157139 0.741491 -0.805697 0.934257 0.309167 -0.57516 -0.202246 
1.60628 1.48539 1.19356 3.17958 4.92506 0.215691 0.0698236 -0.284564 0.814476 0.155658 -0.495002 -0.311898 
1.87098 1.56429 0.966095 2.90368 5.4882 -0.0676239 0.313637 -1.09403 1.09592 -0.236707 -0.534944 -0.223488 
1.81459 1.6823 1.18329 2.75148 4.86186 0.428937 0.198018 -1.3437 1.082 -0.203 -0.310373 -0.335803 
1.94373 1.76207 0.653405 2.26802 5.71304 0.687165 0.102443 -1.40231 0.681853 -0.271237 -0.284382 -0.277332 
2.05033 1.95016 0.293091 2.45435 6.84947 -0.0138321 0.29499 -1.67181 0.346974 0.0876174 -0.682047 -0.128905 
1.88383 2.00386 0.609822 2.44097 7.13573 -0.546769 -0.162322 -1.40708 0.176087 0.32244 -0.821473 -0.199621 
1.78926 2.12335 0.628656 2.73838 6.62748 -0.845839 -0.102571 -1.69134 0.550519 0.140852 -0.748161 -0.26313 
1.65194 1.98077 0.728406 2.76601 6.23359 -0.607564 0.325169 -1.31282 0.741995 0.273157 -0.585832 -0.210552 
1.65648 2.08932 0.572828 3.08612 6.97757 -1.16539 0.00603794 -1.58051 0.732035 0.189622 -0.802531 -0.205623 
1.78259 2.16118 0.626657 2.94173 6.62861 -0.757213 0.0793236 -1.54413 0.629052 -0.277392 -0.672247 -0.213262 
1.7336 2.13671 0.753792 2.97994 6.8753 -0.833957 0.0209962 -1.23906 0.557859 0.0232877 -0.762232 -0.203091 
1.65983 1.86052 0.299557 2.94064 7.15227 -0.108993 0.743277 -0.784358 0.982407 0.480635 -0.605619 -0.0315868 
1.69184 2.01046 0.589121 2.79756 6.69204 -0.258401 0.12612 -0.984568 0.64631 0.281519 -0.518997 -0.210922 
1.81876 2.36244 0.519711 2.69335 7.17171 -0.287782 -0.171225 -1.86499 0.393022 0.0175074 -0.538321 -0.374537 
1.82179 2.44344 0.527586 2.67009 7.59407 -0.479345 -0.208989 -2.03008 0.18079 0.0285171 -0.677561 -0.385711 
1.72386 2.35127 0.389098 2.77311 7.55722 -0.729799 -0.2511 -1.83349 0.217565 0.262371 -0.720544 -0.324477 
1.52338 1.82086 0.112732 2.22648 6.9303 -0.0616948 0.482784 -1.17565 0.745375 0.60785 -0.45475 -0.186452 
1.46847 1.69498 -0.386478 2.038 6.88852 0.607157 0.580301 -1.14551 0.801295 0.311825 -0.229843 -0.212423 
1.71395 1.8104 -0.479484 1.94132 7.11351 0.619596 0.276107 -1.56193 0.566077 0.445747 -0.225298 -0.21843 
1.80263 1.64208 -0.480316 2.3514 6.76879 0.277651 0.403386 -1.5561 0.696122 0.594748 -0.472705 -0.142029 
1.82747 1.70344 -0.44499 1.99389 6.73213 0.399374 0.243092 -1.58578 0.535742 0.591008 -0.410188 -0.199584 
2.00043 1.73716 -0.557733 1.76884 6.46978 0.072226 -0.22238 -2.13152 0.360348 0.475974 -0.373268 -0.197823 
2.10308 1.85114 -0.495511 1.68968 6.28737 0.0268377 -0.53495 -2.4825 0.268289 0.397976 -0.324448 -0.25652 
2.08409 1.67656 -0.300861 1.44764 5.68052 0.65933 -0.305527 -2.0052 0.436532 0.329794 -0.110189 -0.284508 
2.21423 1.61583 -0.125108 0.741872 5.19264 1.49265 0.381728 -1.51802 0.148441 0.151595 -0.0856406 -0.189619 
2.19595 1.90036 -0.0240195 0.242162 5.02664 1.2074 1.49431 -0.988384 -0.165698 0.0614882 -0.25775 0.0559319 
2.19126 2.24141 0.126635 0.102821 3.03511 0.451272 1.60939 -0.129956 0.282377 0.215431 -0.264966 -0.0562458 
2.3467 2.10961 0.120298 -0.0270166 2.41873 0.735137 0.874899 0.0221551 0.900605 0.288911 -0.0649914 -0.211196 
2.03808 1.47644 0.567197 1.40547 3.00277 1.52209 0.198268 -0.573865 1.3216 -0.503218 -0.248532 -0.188334 
1.97179 1.29135 0.317216 1.34341 2.8096 0.808105 -0.137816 -1.42668 0.647812 -0.146297 0.0483125 -0.0866841 
1.92946 1.20753 0.530446 1.51308 3.50901 0.691392 -0.0608541 -1.10052 0.273259 -0.0226624 -0.122099 -0.1649 
2.06567 1.39194 1.39358 -0.284009 1.17414 -0.520779 -0.269739 -0.749845 1.29115 0.507796 -0.102712 0.00863865 
1.9873 1.51853 1.88769 -1.02305 0.610542 -0.51284 0.186653 -1.57166 1.14405 1.2473 -0.330704 0.0784031 
1.91331 1.10625 1.59504 -0.440323 1.81011 0.269734 1.29511 -1.41805 0.973025 1.06054 -0.609125 -0.0193305 
1.79039 1.30272 1.12738 0.129703 2.11927 -0.231272 1.24347 -0.830517 1.37512 0.120287 -0.380336 0.00131136 
1.829 0.765221 1.62158 0.246145 1.3831 0.213445 0.4731 -0.960303 0.954672 0.863895 -0.168619 -0.097391 
1.81257 1.16424 1.53679 0.430173 1.58394 -0.168638 -0.254641 -0.928027 0.904942 0.774793 0.0199066 -0.0573656 
1.72397 0.969041 1.62355 0.0913522 1.77429 -0.147667 -0.257864 -0.606711 0.398448 0.397859 0.0087658 -0.00464189 
1.70592 0.654602 1.49195 -0.664243 2.09251 0.40716 0.399628 -0.0389177 1.01195 0.74358 -0.233829 -0.110388 
1.78118 0.987923 1.38954 -0.404217 1.24989 0.79572 1.53848 -0.0673191 1.12767 1.0674 -0.34672 -0.187654 
1.78097 1.33443 1.48315 -0.0589228 2.14991 -0.132889 2.10162 -0.0640851 1.77992 1.03791 -0.750114 -0.0784616 
1.80534 1.07561 1.90721 -0.0701083 1.08807 0.325337 2.29144 -0.740192 1.69255 1.38396 -0.563378 0.0453395 
1.6974 1.16733 1.73554 -0.557561 1.03687 0.383334 2.60621 -0.330446 1.67079 1.40474 -0.366739 0.119669 
1.76116 1.4831 1.39696 -0.599564 1.25488 0.044084 1.82359 0.0176994 1.28658 1.02372 -0.403684 -0.0898138 
1.78864 1.23261 1.24991 -0.644375 0.861081 0.300335 1.91559 0.509143 1.64276 0.21266 -0.356459 -0.0854007 
1.74716 1.35621 1.03184 -0.258925 1.77956 0.916354 2.16089 0.20264 1.19178 0.466959 -0.15105 0.0264257 
1.79204 1.3005 1.05059 0.374178 2.18491 1.12471 0.706795 1.3114 0.6729 0.543986 0.227415 0.00840955 
1.76411 1.41376 1.99989 0.606811 2.3398 0.243441 1.19038 1.30125 0.752677 0.716592 -0.27139 -0.0799362 
1.48451 1.6881 1.99581 0.917248 1.62479 0.318945 1.21265 0.289708 1.03879 0.585255 -0.0812446 0.0822183 
1.28806 1.70332 1.838 0.11748 1.14113 0.118355 1.37329 0.266962 0.759992 0.658418 0.157082 0.157582 
1.27508 1.73311 1.62115 1.22449 0.565195 0.138522 1.51299 -0.0375519 0.922841 0.0989131 0.223937 0.00586624 
1.24219 1.57611 1.41479 0.994372 0.630158 1.07922 0.652848 0.269872 0.391596 0.271816 0.288174 0.0145173 
1.22519 1.58974 1.57898 0.667602 0.571371 0.454468 0.749901 0.313433 0.422089 0.700958 0.485863 0.0684381 
1.25657 1.32516 2.13905 -0.0609031 1.01208 0.356604 0.772013 0.597066 1.10088 1.04435 0.594593 0.204768 
1.38622 1.55389 2.3322 0.226121 0.883682 0.157601 1.2814 0.636092 1.24083 0.763157 0.539064 0.287673 
1.379 1.48985 2.0829 0.752262 1.08134 0.275212 1.56648 0.69075 1.65954 0.281696 0.618873 0.287141 
1.3618 1.28393 1.86611 0.771304 1.84604 0.795928 1.84319 0.535693 0.937113 -0.205374 0.324784 0.197492 
1.28693 1.00692 1.54084 0.978541 1.52956 0.689953 1.77328 0.995301 1.09596 -0.0577007 0.246826 0.139797 
1.1828 0.916814 2.41815 0.318669 1.64175 -0.238888 0.995706 1.42575 0.264188 0.314121 0.42668 0.0635064 
1.08222 0.703659 1.93725 0.278262 1.06286 0.42949 1.36168 1.19603 0.0252739 0.179045 0.370017 0.00862319 
1.08165 1.02349 1.71271 1.07015 1.388 0.627397 1.92578 0.743274 0.396819 0.483704 0.37212 0.0932604 
1.19687 0.780968 2.08872 0.91669 1.5599 0.161049 1.50586 1.53009 0.565788 0.403063 0.326016 0.117492 
1.10239 0.895291 1.91993 0.826079 1.53373 -0.255885 1.62982 1.44449 1.00477 0.149763 0.387693 0.171164 
1.13136 1.12679 1.58479 0.663483 1.04154 -0.292117 1.57534 0.590101 1.61048 0.575351 0.606584 0.108042 
1.08916 1.22081 1.6422 0.73391 1.10277 -0.383571 0.741178 1.02125 0.968668 0.80248 0.489753 0.0509192 
0.983954 1.18833 1.98879 0.473151 1.5354 0.242053 0.726371 1.07012 0.424035 1.263 0.913363 0.0247345 
0.945428 1.13012 1.96412 0.281251 1.56677 0.806428 1.05991 1.1126 0.398306 1.19386 0.484881 0.00341642 
0.895592 1.3129 2.01548 1.19985 1.32386 0.476072 0.551713 0.886609 0.563022 0.284337 0.762789 0.0209678 
0.801385 1.05283 1.32851 0.808122 0.928746 0.477094 0.674208 0.908103 0.0984146 0.502264 0.277294 -0.0162646 
0.858783 0.448641 1.24024 -0.348839 0.712853 -0.0267364 0.1161 0.687034 -0.318547 0.584797 0.169119 -0.128933 
0.786969 0.729633 1.34723 0.276139 0.0390091 0.494572 0.223383 -0.0866938 1.13661 0.508303 0.764652 0.0446107 
0.898387 1.32327 1.33264 0.910885 0.717202 0.439467 1.10133 -0.34393 1.85721 0.614099 0.569936 0.0960571 
0.771301 1.065 1.48318 0.532137 1.02682 0.461474 1.62421 0.141995 1.50421 0.557469 0.305415 0.0996516 
0.713925 0.821867 1.13125 1.08412 0.699094 0.416637 1.15763 0.231618 1.566 0.437169 0.187686 -0.0556809 
0.80093 1.03536 1.66241 1.33978 0.575738 0.253807 1.81658 0.52433 1.40193 0.737096 0.439324 0.0898134 
0.971863 0.954686 2.53085 0.697253 0.253413 0.189068 2.23687 0.798812 1.45202 0.46649 0.100356 0.200407 
0.838401 0.922104 1.83331 1.18098 0.746927 0.758707 1.62761 0.741515 1.28228 0.34383 0.43211 0.113345 
0.876426 0.687946 1.43631 0.584083 0.940308 0.550611 1.36571 0.0238861 1.2265 0.0848159 -0.179449 0.20812 
0.859974 0.778976 1.22776 -0.295566 0.509618 0.172607 1.23605 0.0124066 0.466502 0.161342 0.241673 0.174055 
0.876611 1.02319 1.00008 0.401861 0.652915 -0.320843 0.676407 0.0441413 0.278571 0.292938 0.649697 0.136523 
1.02362 1.13172 0.833601 0.863667 1.20681 -0.373125 0.779919 0.794895 1.01088 0.386248 0.852247 0.14692 
0.923984 1.05265 0.921592 0.556776 1.27959 0.23319 0.775068 1.01002 1.00651 -0.225336 0.456189 0.0732873 
0.796074 1.06072 1.02404 0.547738 1.47688 0.367316 0.926459 0.912721 0.98828 0.546321 0.534828 -0.0714149 
0.810986 1.06519 1.0578 1.06405 2.01769 0.149431 0.757856 0.389529 0.220254 0.479808 0.690694 -0.0157387 
0.732395 0.988391 1.32442 0.866844 1.01011 0.374301 1.23466 0.271073 0.105738 0.439652 0.466085 -0.0044824 
0.783845 1.06549 0.860598 0.0919928 1.00792 0.109784 0.656905 0.44919 0.259821 0.458259 0.587393 0.0811093 
0.729376 0.893404 1.005 -0.0694674 0.224212 0.246192 0.622573 -0.0869388 1.00646 0.335377 0.621621 0.230135 
0.776991 1.16499 1.42808 0.745021 0.659871 -0.986653 0.797474 0.536731 0.491163 0.973553 0.800867 0.0820553 
0.904744 0.986104 1.61146 0.0511093 0.643218 0.0745634 0.485529 1.06367 0.67752 0.25526 0.807462 0.068786 
0.846092 0.90077 1.77036 -0.131342 1.08283 0.516908 1.12322 1.26262 0.48835 0.300482 0.553736 0.0124955 
0.883177 1.18629 1.42557 0.759911 1.94746 0.341643 1.73407 1.4369 0.803664 0.582354 0.774986 0.0753352 
0.802381 0.949393 0.829644 1.74742 1.8684 0.0636546 1.40809 1.14551 0.719884 0.496107 0.554245 0.0649712 
0.814844 1.02515 1.12798 0.916332 0.165618 -0.0405584 0.654957 0.802073 1.0581 -0.133431 0.716708 0.0846914 
