0.549679 1.00913 1.60715 1.33452 0.823594 0.963163 1.10901 1.56718 0.806097 0.541677 0.272642 -0.0978233 
0.503859 0.90584 2.05732 2.09525 0.865877 0.571053 0.654226 1.69009 1.0628 1.16246 -0.105824 0.0207174 
0.579192 0.702133 1.79498 1.76311 1.03896 0.970054 0.853086 1.75736 1.03577 0.965859 -0.0885736 -0.0254049 
0.559711 0.854354 1.11485 2.04589 1.66872 1.41542 1.22834 0.953663 1.14802 0.530888 0.220794 -0.0431657 
0.716295 1.01069 1.51068 1.44773 1.51433 0.627334 1.1046 0.60002 0.775046 1.02656 0.49608 -0.0944559 
0.56303 0.966636 1.72153 1.8126 1.54945 0.478449 0.867921 1.59176 0.332433 1.04196 0.146108 -0.0939833 
0.518998 0.972393 2.12886 1.33873 1.18264 0.628259 1.19491 0.770369 0.608005 0.618069 -0.0719271 -0.0263386 
0.573864 0.767225 1.76566 1.28246 1.78217 1.08987 1.58866 1.19316 0.76081 0.384228 0.225243 0.0429326 
0.610055 0.91039 2.0001 1.62323 1.73337 0.586832 1.27669 1.33253 0.967895 0.457491 0.456257 -0.00641375 
0.696214 1.16712 2.03188 1.85193 1.22965 0.777059 0.72274 1.47663 0.674256 0.536841 0.159873 0.0514037 
0.604005 1.16815 1.89913 1.38467 1.33943 0.843307 1.31976 1.57566 0.100439 0.627236 0.343504 -0.119781 
0.508364 1.25999 1.38946 1.28015 1.17604 -0.0519592 0.513913 1.09875 0.676593 1.36121 0.118181 -0.076342 
0.466916 0.914765 1.32956 1.35183 1.00813 0.579988 0.196832 0.332196 0.766154 0.379871 0.105613 0.0478364 
0.679376 0.97968 1.56205 2.03688 1.64835 1.77428 1.70291 0.887774 1.07158 -0.130305 0.710272 0.0661671 
0.668015 1.20961 2.0593 2.15427 1.26875 2.29519 1.46651 0.717473 1.27245 0.372259 0.541469 0.102507 
0.740598 1.53032 1.80352 2.32904 1.79115 1.84474 0.50435 0.907349 1.39275 0.572349 0.822645 0.0569945 
0.792987 1.6124 2.23287 2.38102 2.03351 1.61726 1.9048 0.831405 1.05985 0.87842 0.602229 0.193612 
1.04261 2.11759 3.02855 2.73423 2.06301 2.1759 2.99346 1.14882 0.481708 0.656131 0.471796 0.131404 
1.61395 2.20072 3.28455 2.81211 2.25056 2.95505 2.59231 0.728024 -0.177593 0.23053 0.461826 0.0418819 
1.84163 2.49559 2.43673 2.39391 2.89047 2.40739 3.46998 0.258216 -0.410297 -0.784595 0.347343 0.164196 
1.59186 2.33921 2.40401 2.11554 2.7567 2.90301 2.20231 0.537653 -0.303406 -0.203468 0.323976 0.0940828 
1.71918 2.65978 2.87859 1.89953 2.76789 3.17224 2.6791 0.34388 -0.844611 0.125969 0.0995505 0.0894671 
1.7414 2.49698 2.04997 1.94325 3.14628 2.80704 2.39456 0.663509 -0.220352 -0.0659023 0.204435 0.146247 
1.84554 2.46097 2.45622 1.6027 3.08577 3.25912 2.48896 0.875594 -0.315617 -0.249303 0.267099 0.199652 
2.03341 2.59496 2.85324 1.62116 2.9878 2.91723 2.54629 0.484596 -0.291679 -0.165134 0.122341 0.165081 
1.82854 2.46781 2.19262 2.04403 2.92022 3.03786 2.52586 1.17055 0.105703 -0.340666 0.308657 0.182978 
1.93315 2.7167 2.2689 1.60009 3.31984 2.28175 2.65796 1.46618 0.142098 -0.296784 0.150794 0.140219 
1.80008 2.90915 2.47902 1.24294 2.59719 2.59887 2.54877 1.33445 0.356027 -0.298193 0.0912043 0.0376768 
1.80871 2.78555 2.67053 1.23181 2.36628 2.37428 2.28105 1.81879 0.368364 -0.273899 0.0401163 -0.0708972 
1.9829 2.65082 3.09514 1.07638 2.41709 2.02173 2.26943 1.98433 -0.0160454 0.21503 0.0480855 -0.0706453 
1.89412 2.75673 2.776 1.57293 1.91698 2.5494 2.34653 1.26745 0.63999 0.0790546 0.0766235 0.036429 
2.01202 2.69483 2.82305 1.32766 2.04973 2.52858 2.64017 1.26555 0.4861 0.10478 -0.0252901 0.0221254 
2.09833 2.48188 2.53873 0.901556 1.86366 1.8656 2.89137 0.856257 0.511056 0.248854 -0.196567 -0.00836585 
2.06907 2.37459 1.90095 0.587005 1.46525 2.12218 2.10212 0.686938 0.250316 0.044347 -0.159503 -0.0173079 
2.04423 2.08918 1.6902 0.217204 1.14698 1.349 1.97373 0.635968 0.345732 0.27106 -0.0681804 -0.000169944 
2.24855 1.07054 2.27534 0.263067 0.372058 -0.890357 0.717994 1.25062 0.844128 0.522719 0.161634 0.0498532 
2.375 1.71091 1.25877 -0.32113 0.560277 -1.35353 0.585708 0.313595 1.08997 0.985148 0.21982 0.0799236 
2.51767 1.96751 -0.0803388 -1.41422 1.41177 -0.902119 0.37574 -0.723382 1.43669 0.91929 0.278688 0.0507145 
2.44994 1.74736 -0.510332 -0.773673 1.14799 -1.29528 0.474346 -0.600868 1.24935 0.555666 0.156813 0.0142266 
2.38407 2.12319 -0.285945 -1.48339 1.15386 -1.02931 0.520174 -1.1584 0.970872 0.503545 0.354884 0.162037 
2.53746 1.69939 -0.698636 -0.814634 0.948855 -0.47307 -0.0924197 -1.4516 1.19163 0.497337 0.440217 0.00122836 
2.43793 2.13352 -0.690661 -0.671386 0.85727 -0.818303 -0.116194 -1.65896 0.899083 0.480616 0.604636 0.0390041 
2.49627 1.82691 -0.688641 -1.08151 0.726228 -0.299834 -0.515944 -2.12874 1.35078 0.376367 0.618518 -0.021578 
2.5774 1.67788 -0.980519 -1.27474 1.11461 -0.364332 -0.55005 -1.82126 1.05621 0.521033 0.48719 -0.0595922 
2.46617 1.8136 -0.215593 -1.65344 0.974573 -0.457273 -0.546905 -2.15142 1.663 0.538098 0.496858 0.0337348 
2.52956 1.36562 -0.265542 -1.77471 1.40198 -0.0862877 -0.827568 -1.65755 1.55259 0.768824 0.354288 -0.00364891 
2.63063 1.61961 -0.973649 -1.05925 1.48197 -0.371132 -0.810921 -1.15121 1.21894 0.952187 0.428121 -0.161907 
2.5099 1.83927 -0.855153 -1.02897 1.03508 -0.263703 -0.673762 -1.34906 1.96733 0.842323 0.575679 -0.241322 
2.56025 1.78018 -0.904251 -1.51815 1.36932 -0.47638 -0.26662 -1.11868 2.34234 0.997456 0.444621 -0.267825 
2.69633 1.16191 -0.878709 -1.13725 1.63019 0.330899 -0.124315 -0.607028 1.85424 1.08786 0.132781 -0.329603 
2.77 1.08839 -1.00154 -0.877122 1.4955 0.616383 -0.757567 0.0858793 1.50889 1.16115 0.144666 -0.439725 
2.62705 1.08039 -0.648837 -0.815863 1.53377 -0.651906 0.787713 -1.24393 1.7267 0.979891 -0.196315 -0.341547 
2.39942 0.427173 -0.736793 -0.309995 2.11179 -0.28019 1.78294 -1.06455 1.2084 0.82894 -0.485382 -0.444486 
2.61465 0.317724 -1.41479 -1.12856 2.96398 0.634978 1.29016 -0.180866 1.09474 0.74547 -0.562867 -0.447331 
2.65917 0.305879 -1.89664 -0.685897 2.81919 1.20855 0.812418 0.122689 0.812625 0.422333 -0.370529 -0.428893 
2.58856 0.75191 -2.196 -0.243687 4.1253 0.761047 0.401833 -0.383213 0.128703 0.49461 -0.45767 -0.257023 
2.55429 0.23038 -2.43222 0.302757 4.05098 1.50744 0.612787 -0.696492 0.197278 0.165913 -0.257105 -0.215617 
2.51006 0.107598 -1.9746 0.287506 3.55507 1.96502 0.767401 -0.701257 0.590002 0.460071 0.119424 -0.139543 
2.53918 0.934343 -1.93679 0.31523 3.60207 1.35276 0.407501 -0.418877 0.496933 0.669333 0.125838 -0.131416 
2.60142 0.773653 -0.972961 1.23497 2.79135 1.17971 -0.192772 0.225779 0.770899 0.862453 0.0491779 -0.315229 
2.38213 0.92394 -0.492187 1.09901 3.21115 1.01224 0.898328 0.0163248 0.719056 0.818213 -0.0622724 -0.341625 
2.30472 1.34386 -0.783914 0.762836 3.88174 0.908993 0.741805 -0.71781 1.07407 0.807463 0.052074 -0.227082 
2.43334 1.28345 -0.680809 0.352963 3.39806 1.40023 0.661337 -0.309872 1.0714 0.677716 0.0504126 -0.223506 
2.32998 1.38968 -0.522188 0.770942 4.00304 1.1975 0.497194 -0.255763 0.850063 0.863684 -0.0324439 -0.266128 
2.39078 1.65009 -0.593109 0.678988 3.0959 0.840475 0.811367 -0.683059 1.50217 0.636307 0.0581442 -0.321555 
2.37039 1.19458 -0.406548 0.45365 2.80208 1.37381 0.256963 -0.319512 1.11997 0.473745 0.0888202 -0.165893 
2.32144 0.957595 -0.16573 0.854015 3.08701 1.58313 1.1619 0.0865417 1.15066 0.429886 -0.26149 -0.295532 
2.26517 1.29658 -0.264195 0.682023 3.71757 0.806802 0.852687 0.128031 1.16596 0.771176 -0.189172 -0.238151 
2.21954 1.54565 -0.429174 0.454036 3.63139 0.699034 0.629568 0.710541 1.20135 0.717237 -0.259697 -0.248678 
2.31953 1.22134 0.168255 0.0778919 3.03038 0.588676 0.382267 0.571838 0.925872 1.25738 0.282134 -0.0998029 
2.08742 1.51162 0.404356 -0.268047 3.50886 0.65789 0.150543 0.271005 1.50095 1.04142 0.211171 -0.14003 
1.97909 1.56737 0.584924 0.315338 4.36488 1.11495 0.357742 0.386896 1.10134 0.723154 -0.0891744 -0.229392 
2.0932 1.55968 0.333667 0.524307 3.54435 0.532887 0.935438 0.535786 1.2966 0.887644 -0.0606986 -0.086874 
2.25855 1.30894 0.372503 0.721581 2.91738 0.358497 1.3916 0.219202 1.26403 1.17463 0.128912 -0.0428026 
2.19551 1.41045 0.427646 0.812428 2.84475 0.949299 1.51613 -0.00435126 1.80137 0.737924 0.0488279 -0.0556617 
2.01188 1.34575 0.672309 0.962232 3.42695 1.80979 2.02796 -0.0447782 0.986021 0.599527 0.1574 0.123099 
1.96822 1.22592 1.05354 1.1726 3.23767 1.46539 2.34148 -0.000228693 1.24897 0.980857 -0.131029 -0.0274667 
2.11299 1.00539 1.07629 0.811605 3.04327 1.573 2.35223 0.362786 0.832582 1.21638 -0.0734576 -0.0998815 
2.01708 1.70826 1.03003 0.636815 3.02606 1.83916 0.957756 0.500778 1.18852 0.730324 0.039442 -0.129942 
1.99877 1.72567 1.48461 0.669243 2.57103 2.10098 0.880601 0.582159 1.30459 0.7086 -0.0187922 -0.131065 
1.86422 1.87137 1.45772 0.162132 2.67068 1.82029 1.02542 0.519983 1.58105 1.32012 0.123989 -0.0425587 
1.89159 1.37614 1.14893 1.13098 2.93956 1.74012 1.4071 0.17857 1.50386 0.791217 0.0125964 -0.023092 
1.92003 1.36338 1.12433 0.948972 2.78477 1.75147 1.3585 -0.0334056 1.19945 0.955669 0.0517174 -0.0466036 
1.86834 1.56971 1.21321 0.526396 2.96146 1.7987 1.89097 0.253706 0.388066 1.07638 -0.171278 -0.0893755 
1.86402 1.33183 1.30251 0.433266 2.58161 1.05333 1.45373 0.459874 0.740227 0.21739 -0.288575 -0.0918961 
1.83744 1.29145 0.891454 0.619649 3.37853 1.70593 1.02215 0.0618829 1.03701 0.127559 -0.0298762 -0.0205719 
1.64185 1.44313 1.25539 0.258075 2.87436 1.9269 0.885369 1.12596 1.51727 0.734952 -0.0952335 -0.113202 
1.72568 1.20928 1.78152 0.987373 2.73159 2.07367 1.89943 1.07638 0.703288 1.10772 -0.0424053 -0.0138066 
1.67134 1.60765 1.63806 1.53613 2.92112 2.23723 2.1635 1.31275 0.78649 0.533142 0.00088895 0.105326 
1.64313 2.01305 1.5822 1.41827 2.74602 2.14079 1.85389 1.97981 1.03761 0.81637 -0.049803 0.0550753 
1.69785 1.972 2.08826 1.83938 2.76142 2.03125 1.88449 1.02369 1.48555 0.796151 0.0787119 0.111806 
1.65457 1.9571 2.57766 1.84834 2.40361 1.5245 2.07619 1.21877 1.32749 0.91348 0.0424688 0.138523 
1.56419 1.99172 2.39691 2.03926 2.89947 2.08031 2.26434 0.752513 1.27542 0.823199 0.12537 0.195316 
1.46086 1.92597 2.56745 1.72513 2.59687 2.23885 1.91871 1.26749 1.96578 1.02758 -0.0363945 0.238283 
1.30199 1.73149 2.15713 1.69505 2.4872 2.07855 1.84445 1.4335 2.1077 0.716441 0.131354 0.281844 
1.31248 1.62268 2.46783 1.8393 3.70816 2.07635 0.739526 1.46065 1.50549 0.912188 0.369733 0.197679 
1.38793 1.58158 2.19199 1.95689 2.88049 1.29127 0.965683 1.44927 1.34592 1.0237 0.371424 0.229241 
1.3922 1.7283 2.32847 1.83862 2.22943 0.776842 1.09147 1.13204 1.70078 1.44073 0.123277 0.253891 
1.4082 1.46964 2.54959 1.11903 2.18243 0.991496 1.52767 1.49496 1.68106 0.640061 0.206361 0.251217 
1.20305 1.38907 2.79587 1.56801 3.01338 1.27596 1.84875 1.22092 1.37692 0.333852 0.143483 0.296653 
1.34244 1.5032 2.19899 1.16349 1.62536 1.55631 1.8866 1.17632 1.51601 0.97722 -0.182649 0.107996 
1.18595 1.53856 2.24786 1.37196 1.75821 0.634467 1.59873 2.21196 1.39767 0.759917 -0.00716557 0.179791 
1.13895 1.75284 2.35597 0.857074 1.69458 1.07312 2.22619 1.08783 1.34606 0.758894 0.374233 0.239575 
1.21373 1.39713 1.94107 1.31067 2.44632 1.55986 1.96856 0.572427 1.97111 0.385554 0.432451 0.293438 
1.13989 1.45095 2.68544 1.49704 2.95216 1.9548 1.47837 1.04484 1.61497 -0.0568457 0.580081 0.309661 
1.19544 1.60253 2.76869 1.52766 3.07888 1.53729 1.84249 1.39098 1.22734 0.0941194 0.422247 0.271377 
1.174 1.37851 2.00955 1.93534 2.31642 1.68789 2.6769 1.37137 1.02632 0.154822 0.170157 0.254898 
1.15884 1.17408 2.08072 2.79787 2.77992 1.38965 2.40248 1.03066 1.25322 0.159794 0.264642 0.304855 
1.09306 1.33279 2.23865 3.07853 1.06189 1.87755 1.74473 0.855157 1.74771 0.133115 0.450603 0.255535 
0.964391 1.02609 1.42902 2.22068 2.18582 0.99125 1.86226 1.71919 2.12541 0.495147 0.253266 0.276179 
0.998205 1.23935 1.83796 1.80009 2.20528 0.903143 1.83357 1.31101 1.43954 0.728947 0.490937 0.229608 
1.02102 1.50641 2.5559 0.674702 2.32958 1.78165 1.44757 0.703312 1.59393 0.504773 0.425304 0.30654 
0.97501 1.32027 2.4105 0.916242 1.55868 1.07698 1.76504 2.02652 1.11127 0.807945 0.527905 0.181828 
0.910267 1.38751 2.16971 1.37474 1.56228 0.588168 1.97302 2.2476 1.02937 0.375286 0.657813 0.206309 
0.88679 1.382 2.168 0.736739 1.93848 1.20598 1.73286 2.06861 1.33327 0.651422 0.528999 0.176012 
0.859284 1.28736 2.72252 1.74249 2.23514 0.487073 1.09792 1.00883 1.697 0.901962 0.0925753 0.311619 
0.89636 1.27111 2.86153 1.67137 1.77216 0.246219 2.25027 1.44736 1.10334 0.720921 0.064735 0.308156 
0.900834 1.21684 2.6452 1.65422 1.6093 0.989757 1.68755 1.55151 0.720691 0.704702 0.148066 0.150879 
0.87465 1.25064 2.17575 1.37387 1.36684 0.757155 2.068 1.27464 0.795416 0.295198 0.396941 0.0480092 
0.762107 1.14766 2.15169 1.12531 1.53117 0.408325 2.0174 0.446414 1.31432 0.963853 0.550874 0.0449957 
0.900193 1.09088 2.34896 1.38806 1.86261 0.288394 1.42456 0.744314 1.5587 0.630252 0.50834 0.171096 
0.868854 1.2514 2.19206 1.57561 1.86886 0.300619 1.94295 1.24103 1.38312 0.204221 0.186369 0.243488 
0.822008 1.36885 1.82556 1.68223 1.282 0.431337 2.00927 1.31991 1.41059 0.480454 0.560466 0.177503 
0.783919 1.1454 2.17183 1.64534 1.55671 0.747287 1.17099 1.07092 2.07383 0.478045 0.952107 0.169924 
0.905173 1.14182 2.14241 2.12646 1.8249 0.647648 1.18387 0.464076 1.87705 0.693589 0.679212 0.183861 
0.977771 0.987947 2.56658 1.01347 2.19188 1.18783 0.711666 1.19615 2.54494 0.703316 0.522086 0.34569 
0.898457 0.855675 2.40975 1.10456 2.11071 0.948351 1.5124 1.14823 1.91673 1.33811 0.306588 0.257564 
0.772151 0.882948 2.5395 1.728 1.50247 0.279709 1.79408 1.041 1.88708 1.28739 0.796434 0.192741 
0.824477 0.929924 2.18324 1.8435 1.31953 0.987929 1.34526 1.16933 2.16709 1.06744 0.423444 0.217031 
0.878969 0.84583 1.86767 1.87338 1.16521 1.10501 1.1879 0.968799 2.71357 1.00822 0.300532 0.18798 
0.911107 0.935456 1.74969 1.42345 1.6062 0.859908 1.4477 0.58343 2.02209 0.459655 0.467765 0.197428 
0.769614 0.888913 1.91859 1.64078 1.73955 0.402396 1.14743 1.09344 1.81664 -0.114587 -0.188345 0.30321 
0.642748 0.777333 2.10858 1.60981 1.49955 0.541004 0.453686 0.987635 1.37604 0.470428 0.186231 0.0950405 
0.685702 1.29645 2.10407 1.14124 1.8628 0.687161 0.707437 0.185834 1.24147 0.0789816 0.214027 0.0589671 
0.791169 0.857653 2.08154 1.1326 1.61952 0.616877 1.6177 1.32737 0.862791 -0.414765 0.168701 0.144574 
0.710152 0.989317 2.09773 1.63351 2.18333 1.03382 1.91208 1.58439 1.13521 -0.229808 0.563082 0.187594 
0.812046 1.19458 2.24823 1.18725 2.05877 -0.092883 0.764723 2.36694 1.27171 0.00403751 0.857299 0.132374 
0.760662 0.913634 1.75908 1.40556 1.60499 0.789199 0.953089 0.686659 0.603175 0.566216 0.490065 0.00864531 
0.725137 0.851172 2.1048 0.848382 1.34745 0.908397 1.32704 0.643391 1.29663 0.339487 0.32463 0.135322 
0.792758 0.883727 2.13068 0.61706 1.6397 0.112429 0.998963 0.514972 1.14518 0.310897 0.274979 0.21273 
0.85928 0.764611 1.96186 1.49839 1.34215 0.295285 1.29558 1.76274 0.881194 0.683927 0.640936 0.106755 
0.864725 1.10948 1.68482 1.70694 1.63062 -0.000672572 1.95383 1.73335 1.36614 0.411777 0.502604 0.168089 
