0.747642 0.734461 1.48015 0.728476 0.44942 0.614732 1.21138 -0.097426 0.5251 0.183756 0.257164 -0.129593 
0.869886 0.935142 1.33497 1.53762 0.896898 0.905141 1.28161 -0.649759 0.471633 0.204448 0.507556 -0.098946 
0.873151 0.743152 1.59397 0.921625 1.1534 0.809453 0.704037 -0.188743 0.4428 0.00886193 0.192878 -0.0672371 
0.758534 0.840084 1.69109 0.649299 0.67852 0.080274 0.511561 0.284553 0.693655 0.0513284 -0.205457 -0.0608004 
0.815241 0.761195 1.37536 1.00743 1.65549 -0.942042 0.344969 -0.0738596 -0.0071662 0.0952517 0.28091 0.0910026 
0.775607 0.494077 1.83735 0.721174 1.35673 -0.43927 0.993418 0.42609 0.931258 0.315498 0.571933 0.0262043 
0.779942 0.664103 1.92492 0.919809 0.476125 -0.0704924 1.30188 0.306143 1.3776 -0.00251479 0.0191756 0.0437343 
0.846538 0.997353 1.92296 0.898144 0.921928 0.767369 1.02817 0.760937 0.756794 0.0825131 0.601745 0.0235334 
0.890003 1.35307 2.15007 0.979006 1.47343 0.794404 1.46674 0.988474 0.735229 0.535406 0.608794 0.0853062 
0.838446 1.14058 2.35741 1.34063 1.94275 0.73151 1.40001 0.878404 1.41616 0.933465 0.840821 0.129863 
1.07048 1.11596 1.94297 1.61228 1.58897 1.47774 1.4023 0.61072 1.37509 0.764269 1.122 0.185023 
1.15639 1.38899 2.18552 2.15189 1.89828 1.20756 1.30022 1.02753 1.32082 0.625541 0.797754 0.247707 
1.27502 1.6542 2.74683 2.69165 2.22219 2.02046 1.71747 0.936042 1.65655 0.525943 0.401224 0.285078 
1.29957 1.69638 3.28038 2.65763 2.71318 3.25925 1.98334 0.923629 1.57993 0.452216 0.550193 0.356203 
1.26568 1.90969 2.87438 2.47378 2.69029 2.96878 2.24649 0.676434 1.06267 0.281301 0.829117 0.283382 
1.34374 1.97411 2.25321 2.5591 2.51544 2.44921 1.68496 0.364644 0.756357 0.660178 0.805395 0.256391 
1.42926 1.95108 2.52129 2.13526 2.15741 1.87444 1.45109 0.905747 0.429662 0.84783 0.715697 0.268841 
1.38222 1.98643 2.74723 2.16746 2.30792 1.64916 1.51258 1.01869 0.601498 0.889868 0.621266 0.255773 
1.49977 2.04831 2.39798 2.03115 2.53401 1.4033 1.12893 0.976761 0.877686 0.818222 0.623616 0.285493 
1.65516 2.2525 2.22708 1.86239 2.76457 1.86777 1.02769 1.1493 0.672203 0.669018 0.628981 0.27134 
1.79865 2.31969 2.13705 1.86566 2.9321 1.54882 1.25059 0.244251 -0.0605031 0.296427 0.713279 0.361942 
1.87396 2.31208 1.98007 1.44539 3.11107 1.53712 1.28467 -0.448589 -0.666826 0.225792 0.816099 0.507088 
1.86089 2.18022 2.12303 1.57392 2.61586 2.35271 0.995766 -0.490947 -0.114272 -0.317799 0.844145 0.452398 
1.87608 2.0057 2.10867 1.64223 1.9457 2.42504 1.41501 -0.0840289 0.144145 -0.236545 0.558898 0.346421 
1.80452 2.30173 2.09348 1.7534 2.41245 2.21079 1.84241 0.315861 0.290351 0.27531 0.53037 0.294676 
1.78942 2.47304 2.05777 1.94939 2.28948 2.42585 2.51672 0.567797 0.741295 0.171199 0.509459 0.274883 
1.73203 2.31717 2.46954 2.16466 2.31552 2.08438 2.69443 0.73757 0.4966 0.238196 0.575197 0.281617 
1.66441 2.23181 2.42618 1.85751 2.36568 2.52383 2.40829 0.56083 0.734746 0.301183 0.604488 0.325967 
1.76889 2.29086 2.2126 1.25528 2.59533 2.44415 2.01478 0.799227 0.622359 0.265089 0.583122 0.349021 
1.95473 1.98089 1.78452 1.26259 2.38251 2.15164 1.59676 0.765809 -0.125284 0.87607 0.681855 0.36795 
1.99526 2.04948 1.08593 0.765907 1.58322 1.42142 2.36313 0.013154 0.177122 1.51966 0.740413 0.417409 
1.90176 2.06215 1.00425 0.0459644 1.25306 1.46092 2.18604 -0.085324 0.136032 1.28625 0.723742 0.500503 
2.14632 1.58878 0.702201 0.368967 1.07593 0.725388 0.363158 0.566876 0.431523 1.29964 0.776859 0.233506 
2.30564 1.41307 -0.180544 1.12185 1.19618 -0.854854 0.795793 -0.278856 0.0593413 0.851886 0.58378 0.144306 
2.42126 1.5918 -0.200459 1.30134 0.127855 -1.73868 1.42353 -1.0643 0.376542 0.777174 0.941491 0.0107199 
2.28782 1.54457 0.128965 1.05067 -0.816878 -1.10316 1.12317 -1.67437 1.11598 0.910809 0.774096 -0.182947 
2.12233 1.34295 0.545826 1.1797 -0.787862 -0.794613 0.93925 -1.76547 1.62034 0.329435 0.503421 0.00232 
2.11162 1.26457 0.869597 1.20978 -0.869297 -0.748017 0.857509 -1.83233 2.08183 0.260723 0.282988 0.0572812 
2.13729 1.48374 0.920922 0.939171 -0.84963 -0.841744 0.297158 -1.82292 2.4039 0.392949 0.249204 0.0381959 
2.17821 1.16962 0.716563 1.09651 -0.855993 -1.11869 0.289256 -2.22599 1.86186 0.158945 0.167472 0.0343641 
2.01756 1.18002 0.843635 0.691449 -0.865693 -1.12802 -0.0505553 -2.91735 1.68095 0.150244 0.126482 0.0453411 
2.10819 1.05532 0.761662 0.527032 -0.912491 -1.25704 0.107027 -2.75766 1.55979 0.321412 0.174865 0.134008 
2.10813 1.05364 0.400975 0.612919 -0.372763 -0.227546 0.15794 -2.75997 1.51783 0.161792 0.47133 0.256352 
2.10771 1.1356 0.560733 0.663489 -0.404788 -0.357135 0.0629038 -2.47345 1.74477 0.221502 0.352626 0.189438 
2.09181 1.17767 0.406195 0.735565 -0.203864 0.0341788 0.819873 -2.9651 1.61055 0.216452 0.589527 0.180237 
2.05382 1.22985 0.521743 0.78119 -0.411413 0.00926906 1.16551 -3.02049 1.27869 0.615831 0.765201 0.164264 
1.99831 1.62642 0.776551 0.859368 -0.457068 -0.340143 1.04901 -2.66111 1.74194 0.83327 0.656082 0.0436252 
2.07873 1.66 0.591578 0.940127 -0.244146 -0.660057 1.30363 -2.5386 1.57053 0.730647 0.764606 0.0375862 
2.22309 1.7694 0.439557 0.947392 -0.121805 -0.964445 1.16638 -2.47096 1.59921 0.758387 0.725869 -0.068749 
2.35156 1.45891 0.391407 0.526897 -0.0985813 -1.33391 1.60412 -2.72791 1.01104 0.831158 0.520519 -0.0716775 
2.34292 1.53007 0.451184 0.288833 0.108949 -1.41818 1.49704 -2.30561 0.447438 0.880883 0.362307 -0.0808662 
2.44213 1.45524 0.129085 0.137939 0.70459 -1.10683 1.33683 -1.19081 0.141595 0.744216 0.430058 0.0976597 
2.25606 1.59581 0.00572295 0.895179 0.146599 -0.00875785 2.19916 -1.80633 0.646209 0.184192 0.526693 -0.137915 
2.3096 1.40961 0.445352 1.40878 0.0245951 -0.209244 2.29682 -1.93125 0.698174 0.215038 0.177862 -0.415641 
2.28863 1.55539 0.959926 0.512569 0.136982 -0.513857 1.93258 -1.48431 0.0622852 0.374711 -0.0304048 -0.172229 
2.24926 1.37531 0.810597 0.570449 0.337023 0.621775 1.43905 -0.70794 0.404193 -0.225177 -0.337949 -0.205063 
2.25374 1.08255 0.52241 1.11841 0.728227 -0.275291 2.61601 -1.08084 0.43504 -0.0498528 0.133458 -0.00909814 
2.09461 0.789119 0.369098 1.37649 1.59642 0.869293 2.95841 -0.850614 0.0639264 -0.150844 0.151263 0.0805937 
2.1901 1.05964 0.661756 0.364689 1.63806 0.756393 2.65537 -0.229048 0.120583 0.215284 0.0288331 0.159087 
2.33712 1.1404 0.567568 0.468599 1.57947 1.61674 2.22732 -0.186167 -0.205597 -0.0203328 0.0437376 0.106855 
2.14541 1.34759 0.617614 0.643708 2.29481 1.47177 1.72903 -0.486852 -0.47308 -0.060774 0.129891 0.175934 
2.10504 0.953837 0.811018 0.867495 2.21055 1.2697 1.97985 -0.389331 -0.666099 -0.341445 0.0639196 0.232038 
2.06224 1.17318 0.833743 0.682814 2.36288 1.8952 2.53559 0.101966 -1.14196 -0.0849966 0.00477554 0.131427 
2.06526 1.23581 0.560658 0.556792 2.96434 1.32476 2.19358 0.382032 -0.204469 -0.331092 -0.239508 0.151665 
1.9635 1.0405 0.432344 0.866097 2.67429 1.75072 2.79031 -0.535904 -0.3695 -0.202153 0.0127863 0.206873 
1.99135 0.961013 0.205434 1.06671 2.2731 1.65432 2.44261 -0.812421 0.20658 -0.0602712 0.258047 0.17357 
1.98426 0.755507 0.439412 0.88624 2.45404 0.643477 1.39701 0.0827943 0.391577 0.412767 0.255691 0.150357 
2.04835 0.571372 0.235594 1.57939 2.33205 1.48469 2.08045 -0.143763 0.76454 0.114653 0.0313974 0.0377097 
2.04897 0.69044 0.685515 1.20281 2.52243 2.00214 2.05015 0.613652 -0.0661614 0.315051 0.0289377 -0.0187885 
2.08439 1.04395 0.570152 1.16475 3.05896 1.09827 1.83301 -0.325586 0.477427 0.234839 0.05773 0.132185 
2.06661 1.2571 0.0995111 1.52809 2.75327 1.11825 1.15716 -0.59875 1.05847 -0.205982 0.149647 0.0647449 
1.98012 1.23572 -0.125799 1.13718 3.41597 2.33501 1.00832 -0.152961 0.342578 0.379583 0.0648802 -0.101672 
2.05182 1.37253 0.0641025 0.847941 3.17999 2.18591 0.972902 0.408657 0.320268 0.0483094 0.0991974 0.0437397 
1.86174 1.40575 0.211008 1.43898 3.72901 1.71899 1.52672 -0.41493 1.12971 0.228766 0.339789 0.11283 
1.83898 1.33567 0.12626 1.93383 3.45024 1.71337 1.21574 -0.499674 1.04207 0.679964 0.62182 0.115035 
1.75871 1.30683 0.714034 1.57191 3.39369 2.45894 1.48597 0.00140723 0.854906 0.740536 0.227668 0.0445248 
1.92455 0.925235 0.631563 1.73182 3.22088 1.80248 1.59435 0.0754879 1.50512 0.493878 0.24005 0.148881 
1.85825 1.01025 0.916678 1.94366 3.74377 2.06632 1.57201 0.152293 1.46594 0.136878 0.187891 0.220463 
1.73391 1.48595 1.54722 1.73338 3.21229 1.81418 2.10468 0.579813 1.09738 0.0251646 0.208243 0.235212 
1.77607 1.88681 1.39427 1.8637 3.49659 1.80381 1.66752 0.426765 0.581503 0.330674 0.297069 0.16393 
1.71759 1.99751 1.61461 2.21059 2.44758 1.63298 1.51607 0.344891 1.65411 0.201908 0.254083 0.065677 
1.72327 1.90473 1.78009 1.69796 2.36712 2.22711 1.23864 -0.340977 1.43912 -0.113086 0.559778 0.249147 
1.78803 1.55863 1.73769 2.15633 3.15894 2.07809 0.775915 -0.0451995 0.929293 0.484152 0.535739 0.184592 
1.79665 1.50423 1.54106 1.60535 3.08147 1.76279 1.74457 0.365697 1.5204 -0.0887984 0.35587 0.306019 
1.75971 1.5326 1.44805 0.774464 2.9251 1.56693 1.30306 0.893903 1.36355 0.0408564 0.356765 0.229271 
1.69237 1.61042 1.73118 1.09664 3.07728 1.48931 0.846655 1.06176 0.678122 0.438243 0.262264 0.0832492 
1.57909 1.51475 1.95205 1.3919 2.49843 2.11154 1.86985 0.949246 0.890357 0.269031 -0.0466368 0.0831657 
1.54443 1.83331 2.17578 1.25202 2.80846 1.6009 1.84125 0.699472 0.923541 0.450531 -0.0318236 0.104913 
1.55187 1.91547 2.31673 1.70696 2.69188 0.489594 1.73541 0.940971 0.895924 0.234817 0.172345 0.181589 
1.43685 1.8142 2.53964 2.15707 2.31023 0.743113 1.49023 0.779062 0.487665 0.372731 0.372958 0.157818 
1.34204 1.44584 1.7229 1.50946 2.02681 1.42207 1.42074 1.78713 1.41876 0.375301 0.0810971 0.102901 
1.29534 1.7944 1.30989 1.85222 1.47368 2.00832 1.68256 1.0327 1.68742 0.137089 0.280815 0.0755022 
1.23523 2.0276 1.32963 2.0129 1.67727 2.23878 1.9422 0.87564 1.62112 -0.0246927 0.399809 0.0790798 
1.3483 1.89454 1.88637 1.12408 2.00213 1.73872 1.67691 0.409846 1.65816 0.578415 0.414246 0.23405 
1.39897 1.91057 2.05586 0.444434 2.05994 1.77625 1.95453 0.563731 1.27396 0.796713 0.372272 0.303975 
1.3456 1.86474 1.52312 1.04638 1.96981 2.03105 1.8207 0.629025 1.1992 0.60888 0.463063 0.229652 
1.36984 1.49744 1.33561 1.52295 2.1926 1.98741 2.21041 0.140237 1.19941 -0.0379199 0.281806 0.163133 
1.23634 1.29587 1.45642 1.42409 2.53856 1.98598 2.56815 0.698485 1.28055 -0.360544 0.185915 0.237503 
1.16145 1.47965 1.85879 1.16809 2.29928 1.7368 1.76484 1.65614 1.01675 0.103753 0.0283938 0.14353 
1.18957 1.70286 1.57671 1.08712 2.33916 1.87384 1.48494 0.225535 0.844439 0.00143265 0.472651 0.140167 
1.23769 1.40446 1.86901 1.13217 1.5215 2.31728 2.24168 0.395377 0.746 0.304808 0.0721167 0.135765 
1.0984 1.2757 2.11549 1.48635 1.08404 2.01428 2.83178 0.649894 0.819332 0.267218 -0.100857 0.114253 
1.01912 1.32353 1.3856 0.902078 0.413902 1.65172 1.85776 0.49684 1.28659 -0.476079 0.12397 -0.0330633 
0.959075 0.857962 1.43308 0.0186221 0.910064 1.14814 1.00498 0.471841 0.517285 0.514646 0.0763998 0.0220567 
1.07259 0.834394 1.11022 0.520497 1.90484 1.55484 1.80101 0.359157 0.252866 -0.0200025 -0.155532 0.170354 
0.986007 1.11916 0.869104 1.25297 0.901218 1.28529 2.36299 -0.121938 0.994977 -0.217915 -0.0305821 -0.00164635 
1.03077 1.15274 1.69764 0.985768 1.0792 1.51114 2.52834 1.00838 1.12528 -0.18272 0.348456 0.111706 
1.06365 1.33032 1.94105 0.548846 1.56941 2.17307 1.78948 -0.121417 0.97487 0.00514622 0.319741 0.234251 
1.06068 1.41768 1.87888 1.18342 1.62825 1.99949 1.83737 0.143918 0.218206 0.185749 0.261598 0.135218 
1.05864 1.61782 1.85504 0.843231 1.38107 1.81462 2.10095 0.484046 0.293835 0.623065 0.512324 0.152564 
0.915419 1.31107 2.0356 1.4216 1.4017 1.27534 1.61639 1.17965 0.624408 0.654492 0.275238 0.113967 
0.909777 1.05799 1.69545 0.968534 1.39233 1.35885 1.44126 1.43833 1.22517 0.630073 0.585201 0.082209 
0.814557 1.12589 1.70611 1.61374 2.38455 1.24775 1.28155 1.01932 1.26853 0.768933 0.79575 0.0792269 
0.97988 1.28339 1.80529 1.55333 2.07783 0.560128 1.3099 0.98759 1.83533 0.570597 0.75092 0.193917 
1.11099 1.43634 2.15214 1.11179 1.25029 0.950392 2.40337 0.767155 0.704699 0.383736 0.652885 0.153083 
1.04614 1.68153 2.03476 0.471186 1.21066 0.515405 2.75495 1.02569 0.379275 0.242611 0.39309 0.0529132 
1.01779 1.26177 1.79269 1.03289 1.31387 1.326 1.88276 0.747997 0.0699981 0.767923 0.465831 0.0662998 
0.891711 1.18637 1.60837 1.2262 1.73945 1.93455 1.65596 -0.0589832 0.708593 0.301694 0.283088 0.0850472 
0.851168 1.25217 1.87535 1.22066 1.60236 1.50499 1.3186 -0.884607 0.814179 -0.0354069 0.805835 -0.0446361 
0.777322 1.26017 1.78674 0.80563 1.25338 1.24125 0.273905 -0.301763 0.477438 -0.420965 0.630935 -0.123684 
0.843466 1.23694 1.95252 0.262531 0.468969 0.822413 0.291676 0.00307565 0.724871 -0.0425624 -0.0167424 0.0685087 
0.915225 1.18288 2.63688 1.25659 1.56156 0.388164 1.70809 0.841467 1.31619 0.356958 -0.0308418 0.252828 
0.792924 1.37568 2.56693 0.801285 1.89511 0.220178 2.13453 0.152642 0.41471 0.435374 0.354433 0.0965576 
0.825849 1.37565 2.04086 0.894375 1.74722 0.610259 1.16955 0.305849 0.648123 -0.0187456 0.354704 0.0474483 
0.833288 1.53728 1.85708 1.28966 1.65341 0.371255 1.48841 1.17133 0.270917 0.264606 0.264071 0.0733102 
0.858437 1.13214 1.97142 1.32416 2.01718 0.501791 1.50248 0.328816 0.14702 0.477931 0.372808 0.029887 
0.884418 1.07564 1.99351 0.961776 2.03791 0.604012 0.933558 0.499725 0.217726 0.0169639 0.116571 0.0416882 
0.889458 1.05699 1.37684 0.466719 1.81247 0.449814 0.659871 0.509778 -0.120531 0.074769 0.179144 -0.0618813 
0.817296 0.736085 1.64585 0.754284 1.41172 0.764653 0.296861 0.464497 0.53661 0.0892609 0.366108 -0.0554334 
0.741346 0.915262 1.79261 -0.128739 1.23989 0.910813 1.54238 1.04799 0.494571 0.800744 0.642346 -0.162828 
0.723234 1.2239 1.38828 -0.0459317 0.701989 0.33853 0.68563 0.540928 0.11802 0.640099 0.477418 -0.249653 
0.824444 1.22833 1.47684 0.275168 1.11328 0.0819476 1.42839 0.15152 0.530452 0.0817018 0.29569 -0.0590328 
0.905006 0.92815 1.78682 0.194482 1.40534 0.409184 1.35156 1.00799 0.0203141 0.187543 0.306901 -0.0513388 
0.904674 1.29669 1.83171 0.680879 1.57388 -0.172709 1.50958 0.577066 -0.055456 -0.0189668 0.610789 0.0454416 
