0.665785 1.2137 1.92128 1.55463 1.95526 0.107991 1.787 1.00675 0.499404 0.952943 -0.0727605 0.244253 
0.780961 1.21297 1.98263 1.41383 1.79906 -0.027495 0.942861 1.28794 0.799692 0.586011 0.750894 0.0747472 
0.692882 0.937826 1.79769 2.13318 1.26017 1.02578 0.979034 0.795111 1.95398 0.415711 0.683551 0.035734 
0.640975 1.03679 1.65569 1.68061 1.40219 1.36146 1.12637 0.332821 0.955236 -0.137161 0.569183 -0.0115762 
0.628686 1.22847 1.20303 1.80471 1.00022 0.812016 1.39244 0.0846523 0.829916 0.704515 0.299825 0.0177941 
0.576869 1.29298 1.53611 1.49494 1.05801 0.663294 1.12677 0.232475 1.68286 0.721014 0.577282 0.0114869 
0.579037 1.57683 1.57378 0.597946 1.70211 1.77652 0.816938 0.0186127 1.30891 1.52794 0.714736 0.012657 
0.646257 1.1707 1.60828 1.00578 2.2437 1.25862 0.72961 0.655348 1.49116 0.671911 0.819106 -0.0706016 
0.786587 0.443524 0.921362 0.674143 1.92818 0.799077 1.40541 1.38187 1.42928 -0.245155 0.55367 -0.0499979 
0.805484 -0.0836207 1.25182 0.276938 0.262152 0.238087 0.160599 0.745663 0.265732 0.420525 0.505395 -0.133188 
0.727384 -1.42013 1.05357 -0.93558 -2.01291 1.29081 2.95632 -0.993895 0.29498 0.69323 0.212107 -0.351275 
0.605834 -1.26161 1.85516 -1.66775 -1.42674 1.26673 2.48639 -0.884814 0.423614 0.306555 -0.22819 -0.430113 
0.253968 -1.04556 1.8577 -1.67271 -1.41136 0.657064 1.97291 0.149917 1.04047 0.250913 -0.272324 -0.477187 
0.0292256 -1.13038 0.94544 -1.45091 -0.933358 0.823504 1.83963 0.629038 1.03616 0.344944 0.358755 -0.444726 
-0.0197836 -1.03668 0.5766 -1.51692 -0.769604 1.40648 2.01144 0.822393 0.214814 0.877297 0.497092 -0.503019 
0.33477 -0.609931 -0.236652 -1.36393 -0.824165 2.15331 2.08123 0.0198766 -0.392008 1.13627 0.261475 -0.397229 
0.512665 -1.35167 0.449848 -1.09555 -1.50438 1.19982 1.75147 0.361644 -0.0121042 1.11109 -0.21272 -0.397212 
0.584273 -1.44452 1.12454 -1.10597 -1.27984 -0.716163 1.34309 0.921729 0.7585 0.40604 -0.427284 -0.384253 
0.84768 -0.858175 0.751606 -1.44485 -0.474194 0.960518 2.25152 -0.111512 0.544229 0.34334 -0.217353 -0.248505 
0.846053 -0.900101 0.760472 -0.852214 -0.343529 0.765904 2.0903 -0.319283 0.290273 -0.231802 -0.375394 -0.00675166 
0.849175 -0.4705 1.38396 -0.126527 -0.460072 0.831803 2.02638 0.524748 1.64906 -0.276864 -0.226466 -0.423323 
0.808042 -0.457799 1.03531 0.0619585 -0.587484 1.14692 1.88991 0.674054 2.02687 -0.39499 0.180526 -0.405121 
0.901937 -0.951906 0.402325 0.186921 0.638771 1.63293 1.52564 -0.0245956 1.52227 -0.391548 0.107991 -0.290353 
0.932049 -0.95492 0.156988 0.31649 0.594487 1.13805 1.70665 1.13717 1.51441 0.807686 0.28684 -0.441517 
1.08928 -0.266567 0.417967 1.15612 1.05253 1.78441 2.06552 1.58219 1.39546 0.812148 0.431476 -0.28027 
1.45415 0.424693 1.24844 1.26164 0.87728 1.82093 2.45315 0.508575 0.96576 0.854907 -0.0282679 -0.11512 
1.99343 0.889913 0.84147 0.362135 1.06151 2.20841 2.61157 -0.0393992 0.870296 1.46369 -0.261681 -0.456634 
2.24617 0.65903 0.0839436 -0.151622 0.903683 2.67939 3.353 -0.120793 0.508998 1.13396 0.0335289 -0.330397 
2.33473 0.817346 -0.255552 -0.399745 1.05994 3.19206 2.88484 0.452579 0.185487 0.66825 0.0650912 -0.209894 
2.36379 1.05734 -0.28974 -0.482932 0.939027 3.44881 2.7879 0.225685 0.529051 0.658118 0.014554 -0.207026 
2.38329 1.12034 -0.228604 -0.773005 1.23175 3.75068 2.13589 0.216705 0.902736 0.535349 0.0407301 -0.148782 
2.31219 1.26333 -0.151064 -0.797663 1.61351 3.63337 2.20972 0.294976 1.04138 0.59968 0.110661 -0.126026 
2.40749 0.862834 -0.0214349 0.0077645 1.84483 3.16217 2.47097 0.708871 0.529854 0.974615 0.199593 -0.233981 
2.43961 0.960607 -0.141791 -0.224909 2.1076 3.57117 2.53081 1.02914 0.234944 0.669034 0.265499 -0.0641792 
2.44297 0.799336 -0.638465 -0.417847 2.2983 2.90366 3.40894 0.561944 0.613867 0.516099 0.248648 0.115691 
2.43822 0.724787 -0.757087 -0.140965 2.66759 3.01114 2.4074 1.0832 0.368956 0.466944 0.283474 0.0757101 
2.43921 0.754317 -0.587729 -0.131096 2.9203 3.16998 2.2538 0.534963 0.535996 0.304928 0.189213 0.102034 
2.27436 0.903955 -0.740703 -0.123439 3.00821 3.86301 1.54195 0.838954 0.510157 0.12221 0.233848 0.0980857 
2.27831 0.803776 -1.17725 -0.428741 3.34481 3.46266 1.32651 1.52697 0.597622 0.235104 0.182979 0.030683 
2.29264 0.739573 -1.45686 -0.688789 3.49104 3.10695 1.66185 1.71821 0.594413 0.241596 0.0693493 0.0131239 
2.28586 0.587668 -1.10071 -1.04498 3.25398 3.39606 2.00823 1.24594 0.288294 -0.0372299 0.153615 0.100447 
2.29254 0.388227 -1.01921 -0.833018 3.86874 2.62662 1.93524 0.804579 0.115204 0.0728539 0.00759366 0.133592 
2.14822 0.729455 -1.00919 -0.676285 4.51739 2.56221 1.20511 0.35964 -0.051283 0.0404415 0.115668 0.113145 
2.05686 0.708194 -0.617586 -0.957147 4.58225 3.20996 0.464955 0.28239 0.0478604 -0.326777 0.425162 0.0914167 
2.04399 0.483756 -0.760078 -0.802611 4.34087 2.95048 0.333389 0.148418 0.401025 -0.417878 0.225841 0.0480545 
2.04258 0.506471 -0.823761 -0.882635 4.0665 2.93156 0.505105 -0.0901198 0.480303 -0.522108 0.163679 0.0441578 
1.91961 0.839457 -0.742178 -1.02067 4.02329 2.80632 0.819297 0.106883 0.332673 -0.620817 0.253662 0.0249352 
1.94587 0.765321 -1.00886 -0.969189 3.92653 2.8386 0.510517 0.365815 0.301864 -0.537489 0.200368 -0.0891974 
1.94259 0.450174 -0.954773 -1.15261 4.17252 2.758 0.333119 -0.0638847 0.720505 -0.61438 0.0885989 -0.112354 
1.89217 0.466108 -0.562109 -0.276676 4.11965 2.52128 0.260917 0.183188 0.178061 -0.554934 -0.0751405 -0.0888381 
2.00127 0.828792 -0.333011 -0.515402 4.24081 2.82861 0.560355 0.0574357 0.299291 -0.485634 0.0126625 -0.0646297 
2.12943 0.563829 -0.0513239 -0.218625 4.3554 3.23392 -0.277333 0.0618674 0.389677 -0.549797 0.0673035 -0.0616377 
2.03608 0.838012 0.120919 0.330024 4.64502 3.34088 -0.0550015 0.0704439 0.238165 -0.572095 0.0975492 -0.0491185 
2.03038 1.29036 0.242443 -0.12321 4.72921 3.59616 0.702117 0.340718 0.307347 -0.467158 0.187641 -0.0686793 
2.06642 1.48625 0.645122 0.361143 4.86225 4.07445 0.700302 0.688779 0.657043 -0.355308 0.322041 -0.045437 
2.03038 1.45459 0.257332 0.628522 4.36162 3.83099 1.43033 1.09127 1.0726 -0.111813 0.0173585 -0.067593 
1.85007 1.24789 0.651339 0.945611 4.41131 3.75756 1.06728 1.85825 1.56923 -0.127107 -0.094219 -0.0721403 
1.90831 1.11169 0.182347 2.0139 4.70741 2.96803 1.15653 1.2799 1.2732 0.224478 -0.0370462 0.087344 
2.05491 1.31301 0.287069 0.878309 4.28693 3.94918 1.47048 1.04128 0.869476 0.148434 0.168077 0.0591642 
2.10511 1.13944 0.359676 1.17872 4.51544 3.40483 1.35924 1.43009 1.10798 0.174943 -0.0573955 0.00797422 
2.04034 1.04226 0.216906 0.953579 4.5488 3.46279 1.76233 0.945507 0.649939 0.19269 0.282189 0.264233 
1.99472 1.06692 0.207018 1.40717 5.13327 3.55886 1.82031 0.761646 0.651984 0.180361 0.274207 0.298501 
2.01359 1.01434 0.164782 1.63143 5.44154 3.87841 1.84445 0.694284 0.42782 0.341943 0.358393 0.321665 
1.99995 0.864579 0.0933349 2.1667 5.25611 3.77304 1.89029 0.702688 0.583149 0.327128 0.303108 0.342605 
1.80619 1.2462 0.39381 1.87221 4.91248 3.17923 1.81739 1.23812 1.37782 -0.0733406 -0.0150329 0.183634 
1.71875 1.3844 0.906245 1.85639 3.79226 2.67086 1.86985 1.96104 1.92139 0.158732 -0.252183 0.0418029 
1.73006 1.51463 1.05407 2.28472 4.27908 2.39188 2.22896 2.01841 2.12032 0.386811 -0.339955 0.0522973 
1.8573 1.27699 1.54778 1.7146 4.04618 3.25193 2.8986 1.41283 1.57374 0.329328 -0.196351 0.186751 
1.7262 1.4605 1.3786 1.75263 4.23387 3.34577 2.5996 1.53079 1.23661 -0.0524839 0.0640405 0.295613 
1.63601 1.64524 1.29828 1.57356 4.11498 2.66586 2.45331 1.63796 1.87459 -0.0685284 -0.00452893 0.1967 
1.69176 1.45095 1.53497 1.68035 3.56493 3.2998 2.81049 1.9493 1.37245 -0.106962 -0.172527 0.218878 
1.82492 1.84839 1.35696 1.39354 3.99887 3.70829 2.30443 1.52004 1.17046 -0.515143 0.073579 0.164514 
1.93691 1.79073 0.900396 1.46438 4.88537 3.35935 2.01181 1.09497 1.27198 -0.346869 -0.00203074 0.0516851 
1.85134 1.61323 1.3393 1.86335 3.94899 2.30479 3.3576 1.23003 1.46921 -0.207773 -0.208187 0.221086 
1.80809 1.80718 1.65123 1.67556 3.25382 3.11058 2.66339 1.25205 0.995632 -0.0379914 0.0842118 0.194524 
1.64294 1.90875 1.66464 1.52084 3.47985 2.82585 2.27963 2.07667 1.02437 -0.443595 -0.0737431 0.0786182 
1.53749 1.82582 1.65509 1.41207 3.85439 1.83894 1.93932 1.37181 1.37613 0.219223 -0.29621 0.0222842 
1.60366 1.52189 1.28832 0.479849 3.25435 2.11343 2.23317 1.86282 1.81643 0.417259 -0.336954 -0.019983 
1.56229 1.3151 1.87215 0.81198 3.27337 2.15937 2.19041 2.17602 1.36537 0.197147 -0.200516 0.103036 
1.50466 1.22276 2.0964 1.78435 3.89377 2.52759 2.3598 1.26581 0.92702 0.185303 0.155868 0.316922 
1.59071 1.43373 2.03113 1.77446 3.63083 2.92909 1.90025 1.71772 1.74263 0.116502 0.0214488 0.21876 
1.55888 1.42356 2.38529 1.10965 3.56346 2.46374 1.99777 2.33505 1.46627 0.587726 0.0491934 0.181868 
1.52936 1.69261 2.11827 1.13102 2.81191 2.85229 2.2994 1.56252 1.29476 0.809935 0.221493 0.267118 
1.45383 1.94019 1.53289 0.977405 2.58348 2.85325 2.46736 1.73186 1.35962 0.391269 0.272635 0.249962 
1.44161 1.79948 1.5258 1.23296 2.6931 2.94605 2.61505 1.2664 1.57573 0.334129 0.0644226 0.23056 
1.4097 1.56701 2.03692 0.90366 2.22999 2.64862 2.08623 1.59038 0.592067 0.395763 0.20317 0.175046 
1.40321 1.35359 1.58636 1.55842 2.10212 1.17347 1.87505 1.86242 0.606735 -0.0180105 -0.0264897 0.0707186 
1.34191 1.52163 1.9473 1.46801 2.79705 1.93912 1.95703 0.324113 1.57353 0.286363 -0.173688 0.151505 
1.46085 1.64336 2.07296 1.01345 2.85439 2.04454 1.91186 0.28561 1.57839 0.572734 0.338772 0.327177 
1.43187 1.77445 1.8294 1.62307 2.8376 2.04008 1.76279 1.43676 1.47857 0.578023 0.306109 0.220728 
1.34061 1.6627 2.26442 1.76053 3.07112 2.23697 2.58157 1.71634 1.44755 0.324613 0.166345 0.302742 
1.41183 1.83242 2.11252 1.57329 2.97638 1.26349 2.23777 2.16466 1.73745 0.701818 0.028943 0.23159 
1.42029 1.75688 2.3407 2.03094 2.92868 1.82688 1.63723 2.35588 1.57397 0.643257 0.194286 0.237112 
1.25564 1.60688 2.35445 2.20743 2.77912 1.8414 1.64286 1.37154 1.09371 0.524272 0.71408 0.298076 
1.29966 1.57412 2.46142 2.48579 3.42062 2.02025 1.49703 1.05353 1.0313 0.344742 0.768783 0.269728 
1.33451 1.84276 2.65905 1.71748 2.62337 1.36091 1.7699 2.12965 1.48838 0.112178 0.544622 0.275961 
1.28363 1.84806 2.49439 1.83889 2.46788 1.4241 1.79648 1.5512 1.93678 0.420901 0.313264 0.294751 
1.21889 1.61594 2.11969 1.60661 2.14243 1.13478 2.47685 0.743539 1.98922 0.853791 0.220264 0.307645 
1.19832 1.57516 2.52791 2.14309 2.49524 1.3199 2.22718 0.507714 0.96699 1.02668 0.386573 0.254677 
1.28774 1.74015 2.75904 1.6256 2.47072 1.43161 2.13079 1.59927 0.98123 0.243142 0.46324 0.2406 
1.24424 2.04124 2.44853 1.42158 1.75786 1.7065 2.44302 1.51984 1.14483 0.341918 0.509924 0.19893 
1.25641 1.90858 2.34467 1.34699 1.67069 1.33469 2.6414 1.13163 1.29768 0.361156 0.672056 0.251994 
1.28275 1.82079 2.32777 2.04408 2.32582 1.87359 2.78988 0.630004 1.0701 0.282494 0.669077 0.2842 
1.2581 1.44649 2.16934 2.3576 2.98308 1.68743 2.70306 1.2003 0.653772 0.64375 0.618502 0.336888 
1.28436 1.32126 2.45534 1.68804 2.7653 1.46223 1.63089 1.41566 0.78728 0.982542 0.655928 0.266988 
1.28314 1.84905 2.2247 1.70426 2.0956 1.29489 1.51502 0.346182 1.598 0.724903 0.708892 0.323667 
1.2445 1.92687 2.46215 1.92911 1.41263 1.324 1.49466 0.290516 1.99162 0.588404 0.562305 0.308105 
1.12501 1.67838 2.91867 1.89411 1.50937 0.688036 1.61154 0.884412 1.60285 0.786796 0.462151 0.345451 
1.13916 1.54105 3.00551 1.56363 2.4097 1.27227 0.834348 1.14938 1.1639 0.222888 0.256446 0.193167 
1.14558 1.41794 2.62129 1.2982 2.0256 1.82689 0.736967 2.15389 1.19323 0.594497 0.189113 0.170114 
0.985509 1.4557 2.00842 1.39286 2.37251 1.39923 0.664079 1.71249 1.28351 0.904736 0.768963 0.172511 
1.03353 1.48156 1.89639 1.40931 2.69844 0.635817 1.15135 1.857 1.26208 0.395614 0.989671 0.198438 
1.09856 1.49624 2.09962 1.16414 2.49259 1.74241 0.896422 0.765291 0.561119 0.68141 1.09735 0.179626 
1.15218 1.23019 2.29963 1.01876 2.14356 0.54795 0.757402 0.963555 0.795498 0.235258 0.652705 0.167126 
1.16089 1.28034 2.28465 1.34557 2.06149 -0.055383 1.65435 0.869691 0.890835 0.363021 0.80686 0.27891 
1.12932 1.44579 2.48484 1.88014 1.85622 0.960054 1.55988 0.0289996 1.27347 0.355026 0.621617 0.224443 
1.18955 1.7539 2.29034 1.42845 1.71463 0.606759 1.50542 0.85557 0.8252 1.14297 0.436077 0.235387 
1.08294 1.65408 2.05679 1.33436 1.81606 0.772947 1.4499 0.657052 1.14667 1.18483 0.217385 0.204374 
1.19712 1.3858 2.29027 0.945067 2.36298 0.507631 0.216142 0.410456 1.53563 0.464978 0.62668 0.216776 
1.17543 1.34112 2.44643 1.48373 2.6763 0.79784 0.302256 1.0167 1.79539 0.759912 0.313412 0.216271 
1.05815 1.32436 2.50088 1.42761 1.85894 1.13481 1.10108 1.46523 0.479227 0.486135 0.474298 0.107876 
1.06291 1.4017 2.62023 1.0613 1.5445 0.592892 1.108 1.09172 1.23327 0.931543 0.455616 0.240662 
1.06364 1.64639 2.56535 0.985238 1.74356 0.145724 1.15885 0.63712 1.2005 0.698362 0.91313 0.284692 
1.05477 1.30744 1.99723 0.627559 1.11263 1.05465 1.97391 -0.0269321 0.906326 0.839538 0.713761 0.142846 
1.00345 1.27232 1.80298 0.973422 1.08588 0.942411 1.92567 0.707215 1.21091 0.812356 0.28716 0.0678217 
1.11962 1.49782 2.21474 1.23655 1.18151 0.635051 1.19248 0.693638 1.0025 0.902619 0.583262 0.169289 
1.2723 1.25683 2.36766 1.04058 1.61968 0.0756729 1.7117 0.375247 0.893665 1.03931 1.04863 0.358728 
1.144 1.56748 2.06951 1.38353 1.3173 0.155679 1.02652 1.2427 1.24234 0.45112 0.915576 0.254193 
1.03024 1.71341 2.04524 1.39048 2.06233 0.846057 1.46063 0.928955 0.800076 0.39208 0.685089 0.162591 
1.02443 2.05589 2.55041 1.8733 1.31408 0.64275 1.23663 0.613981 0.703455 0.766624 0.911541 0.207403 
1.10308 1.96826 2.59752 0.980974 0.697962 0.685264 0.772724 0.700493 1.17794 1.47076 0.501129 0.337719 
1.08918 1.75616 2.07581 0.252473 2.25815 0.370035 1.16787 0.723859 1.48229 1.26716 0.472934 0.301898 
1.1363 1.69546 2.00505 0.945899 1.32355 -0.486936 1.39267 0.160669 1.43293 1.195 0.708804 0.3517 
1.17694 1.53186 1.78212 1.22461 0.669966 0.820922 1.65637 1.05308 0.814977 0.52177 0.928912 0.16636 
1.03547 1.23526 1.40389 1.40343 0.745553 0.682328 1.6874 1.09245 0.995961 0.474822 1.12561 0.119049 
1.00235 1.23668 1.77158 0.425739 0.289187 -0.206709 0.491175 0.707188 0.260286 1.25914 0.859963 0.0681129 
0.948326 1.23989 2.00479 1.25162 0.429367 0.152994 -0.29722 0.430784 1.47527 1.17236 0.64219 0.222092 
1.1217 1.20028 1.7033 1.55694 1.31039 -0.0961079 0.0663431 0.542636 1.01518 0.509936 0.602383 0.146624 
1.06759 1.61989 1.78127 0.782561 0.540433 0.653856 1.17279 0.698445 0.732653 0.729934 0.770708 0.129086 
0.954888 1.60831 1.54357 0.615808 1.01979 1.10919 1.40053 0.68354 0.675516 -0.0381009 0.91331 -0.0229375 
0.92145 1.71959 1.19469 0.156526 1.38461 0.681456 1.03925 0.682565 0.136629 0.180505 0.768335 -0.118417 
0.954036 1.34739 1.85043 0.224794 1.23051 0.830954 0.836031 0.789264 0.360556 0.219017 0.286298 -0.0495681 
1.09576 1.33512 1.82294 0.197411 1.97607 1.24592 0.827256 1.10816 0.668303 0.323232 0.713184 0.102928 
1.1154 1.62905 2.33598 0.210242 1.59322 0.755715 -0.0475474 0.0117738 1.44196 0.116185 0.391754 0.213214 
1.04025 1.36235 1.74114 0.0888385 0.828797 0.38625 0.849968 -0.573189 0.42475 0.180811 0.31491 0.0803875 
0.910197 1.40635 1.72886 0.391898 0.611727 0.477078 0.66035 0.259527 0.490341 -0.0186686 0.418626 -0.0233003 
0.90197 1.49544 1.76547 0.724475 1.21887 1.16488 1.66416 0.972056 -0.557864 0.340287 0.105408 0.0135184 
0.868482 1.38852 1.48402 1.78568 0.70426 0.554046 2.54127 0.277077 0.624631 0.191485 0.216387 0.0880031 
0.908417 1.21786 1.19292 1.80222 0.81793 0.513881 1.12299 0.0124301 0.900331 0.449461 0.345442 0.0206979 
0.880685 1.37832 1.56374 1.43434 0.485151 0.913521 0.842324 0.430253 0.298377 1.05362 0.790042 -0.0348121 
