0.464232 0.603832 1.91617 0.913935 0.773934 0.180301 1.94952 1.88987 1.66306 0.744727 0.828724 -0.182667 
0.487596 0.445217 2.00864 1.01564 1.57024 1.1434 1.12555 1.39219 1.84544 1.40407 0.502563 -0.202906 
0.56483 0.524871 1.94687 0.691617 1.06492 1.39977 1.12726 1.38338 1.74358 0.410732 0.166546 0.11483 
0.61774 0.750113 2.21348 0.687987 0.507965 1.377 0.957347 1.19199 1.01987 0.379259 0.188745 0.12758 
0.779232 1.2641 2.07082 1.28219 0.333881 0.549237 0.835256 0.750038 0.876215 -0.0855697 0.215121 0.0685484 
0.973494 1.85057 2.22032 1.10185 1.28588 -0.162654 1.30354 0.635945 0.450418 -0.875586 0.0367243 -0.0404354 
1.27301 1.81488 1.9994 1.31218 0.637802 0.0876671 0.487287 -0.414993 -0.0588511 -0.379512 -0.225064 -0.142869 
1.68207 2.17683 1.88807 1.26729 0.348728 -0.479673 -0.78352 -1.3677 -1.03865 -0.730704 -0.393376 -0.262644 
2.31105 1.9951 1.24389 1.03761 0.936787 -0.561088 -1.2022 -2.32805 -0.716532 -1.06843 -0.559034 -0.30105 
2.36791 1.73321 1.00685 1.26376 0.875937 -1.06821 -0.927605 -2.15057 -0.380198 -1.18766 -0.72684 -0.336338 
2.47884 1.38546 -0.620678 1.35262 0.673642 -0.702763 -1.14431 -2.37405 -0.148865 -0.833974 -0.328153 -0.384597 
2.40331 1.2566 -0.415078 1.46335 0.674606 -0.806407 -1.82905 -2.18747 -0.378009 -0.733671 -0.361576 -0.270188 
2.26013 1.04869 0.327805 1.64258 -0.165437 -1.02631 -1.69774 -2.86907 -0.435336 -0.62903 -0.358961 -0.306293 
2.4018 0.649769 0.433653 1.56731 -0.841164 -1.09896 -1.5705 -3.60792 -0.449851 -0.298156 -0.485034 -0.34728 
2.34377 0.389704 0.600384 1.30618 -1.05959 -1.42848 -1.44706 -3.5353 -0.382851 -0.0278703 -0.412335 -0.286411 
2.37787 0.411302 0.422628 1.03698 -0.983538 -1.35412 -1.7142 -3.28728 0.060195 -0.165901 -0.480049 -0.137862 
2.59519 0.338692 0.069111 0.500142 -1.00061 -0.628318 -1.36537 -2.99948 0.0480941 0.00121039 -0.493315 -0.114093 
2.62684 0.424833 0.104108 0.363701 -0.33207 -1.17262 -1.3891 -2.95904 0.143103 0.357792 -0.295507 -0.235615 
2.58919 0.539668 -0.0308376 0.289943 -0.0674203 -1.68197 -1.03443 -3.11692 0.361764 0.536081 -0.240656 -0.31988 
2.63065 0.565551 -0.277002 0.500825 -0.363238 -1.4096 -0.630089 -2.61499 0.966309 0.711553 -0.222331 -0.450528 
2.59314 0.742989 -0.461574 0.423126 0.267335 -1.56822 -0.800092 -2.09858 1.20471 0.408878 -0.412304 -0.524851 
2.46814 1.01556 -0.140131 0.739814 0.859399 -1.79457 -0.349791 -1.7628 1.08639 0.378976 -0.513604 -0.632073 
2.53962 1.04405 0.178419 0.486499 1.02815 -1.46608 -0.374718 -1.86138 1.21856 0.447765 -0.684512 -0.617382 
2.69892 0.549288 0.235445 0.19629 1.436 -1.19224 -0.457504 -1.21008 0.847844 0.69531 -0.746364 -0.607284 
2.71455 0.647868 0.247264 0.105408 1.71145 -1.21412 -0.375845 -1.01345 1.01773 0.899291 -0.717056 -0.620156 
2.58616 0.594031 -0.0204309 0.661637 1.09348 -0.564984 0.145065 -1.17553 1.27597 0.665957 -0.642887 -0.699228 
2.4474 0.560538 -0.423386 0.949484 1.16978 -0.375554 0.908032 -1.4286 1.42863 0.525146 -0.537177 -0.760768 
2.26524 0.767893 -0.299635 1.32791 2.03921 -0.538036 0.618128 -1.46321 1.04592 0.242334 -0.454444 -0.565237 
2.40623 0.506856 0.234732 0.774122 1.7599 0.392173 1.22066 -1.33098 0.73354 0.489211 -0.694719 -0.619419 
2.43611 0.442649 -0.101433 1.21521 1.95434 -0.0434702 1.02819 -0.190726 0.705034 0.123329 -0.579071 -0.475266 
2.27915 0.519975 -0.409562 1.65729 2.06608 0.126836 0.81207 -0.940639 1.02962 0.0086083 -0.162682 -0.246998 
2.13712 0.226347 0.361412 1.73768 2.35657 -0.0979357 0.750615 -1.08128 0.767517 0.402348 -0.0890863 -0.144759 
2.03873 -0.231006 1.62185 1.50168 2.49966 -0.215755 1.349 -1.34366 -0.00520454 1.10319 -0.388613 -0.188961 
2.11336 0.137433 0.939474 1.46761 3.4394 -0.0062518 0.8835 -0.989541 -0.0480891 0.665804 -0.274998 -0.138632 
2.00095 0.689141 -0.180742 1.48581 3.91682 0.0301057 0.810292 -0.389552 0.393631 0.606276 -0.306043 -0.198915 
1.9357 0.488314 -0.0243736 1.48493 3.90411 0.255084 0.448965 0.267934 -0.0928976 0.886563 -0.190234 -0.26259 
1.90228 0.0563491 0.953474 1.38816 3.20258 0.375871 1.09829 -0.620592 0.579269 1.23028 -0.247259 -0.292223 
1.82713 0.123262 0.633644 1.38399 3.61019 0.604186 0.864408 -0.600342 0.921879 1.12758 -0.26865 -0.261682 
1.90551 0.095832 0.199624 1.47369 3.85464 0.987847 0.908649 -0.397234 0.703717 0.999231 -0.0801372 -0.21423 
1.82857 -0.0605467 0.432322 1.35005 3.79901 0.960642 1.53847 0.0585704 0.468155 1.19853 -0.278075 -0.281645 
1.86487 -0.0487918 0.626582 1.59531 3.46497 0.654563 1.31711 -0.81673 1.00112 1.51242 0.0120494 -0.207745 
1.90255 0.304833 -0.308317 2.17591 4.54235 -0.8822 0.372456 -0.445699 1.73846 1.23563 0.128907 0.0697102 
1.85882 0.0524901 -0.157762 2.39012 4.11082 -0.312862 0.501918 0.0460892 1.73874 1.06058 0.169489 0.00827663 
1.79206 0.138761 0.567498 1.9509 4.5236 0.242464 -0.669058 0.297741 1.11198 1.1727 0.232221 -0.105893 
1.79039 0.308904 0.704079 2.07468 4.23459 0.413694 -0.291468 -0.32752 1.10763 1.08633 0.0810348 -0.160514 
1.73214 0.236243 0.740546 2.13382 4.42345 0.212051 -0.290959 -0.530797 1.3552 1.04876 0.173795 -0.06537 
1.76339 0.333617 0.390609 1.86795 4.53996 0.463146 0.0932069 -0.777144 1.41481 1.14947 0.238214 -0.0514404 
1.71976 0.176279 0.53766 1.73786 3.55698 1.35678 0.625987 -0.856909 1.49803 1.14671 0.333202 -0.0722605 
1.81491 0.582877 0.566219 1.33386 3.42109 1.41488 1.52957 -0.740877 1.12862 0.901644 0.183498 0.0160394 
1.72244 0.654709 1.38412 1.34505 3.52399 1.19156 0.874221 -0.37627 0.820255 1.23054 0.243242 0.00498503 
1.57462 0.929648 1.46679 1.48036 3.28805 1.18052 0.369065 0.252121 0.936914 1.49528 0.234758 -0.101921 
1.65776 0.765232 1.50413 1.49138 3.05874 1.72078 0.88762 0.526825 1.73974 0.709714 -0.197819 -0.0393337 
1.59316 0.626083 1.47567 1.99499 3.34124 1.96434 0.449938 -0.0228919 1.4995 1.17565 0.11192 -0.0894796 
1.54915 0.583392 1.54166 2.01257 3.56498 1.48137 0.932731 0.134946 1.2892 1.26541 0.0557204 -0.0570757 
1.60641 0.884006 1.74149 1.57042 3.17398 0.776198 1.27195 0.446602 1.62729 0.799198 -0.0983407 0.0985184 
1.64733 0.846769 1.79555 1.30702 2.82905 1.32247 0.787827 0.466365 1.79504 0.528953 -0.0280725 0.0940499 
1.45578 1.06063 1.9668 1.81681 2.49751 1.1981 1.29474 0.743748 1.19252 0.351131 -0.195612 0.024003 
1.25266 0.866809 1.90981 1.08824 2.72171 1.41171 0.757654 0.747785 1.16342 1.15872 0.0505407 -0.0251382 
1.22167 0.883535 2.12354 1.43453 2.30193 1.32237 0.6342 0.638929 1.14527 1.635 -0.106396 -0.0791729 
1.31207 1.11488 2.14399 1.92528 2.92558 1.32553 1.16221 1.32474 0.489192 0.904624 -0.12917 0.00037813 
1.27564 0.839287 2.021 1.80959 3.47439 2.18173 0.974345 0.830566 0.754101 0.721417 -0.0929421 0.0315981 
1.17843 0.892823 2.41078 1.49545 3.14017 1.73312 -0.240598 0.548316 1.09959 1.0136 0.209454 -0.0655042 
1.10572 1.05113 1.98642 1.64657 2.80664 1.70518 -0.0150636 0.244432 0.853567 1.34529 0.395262 -0.0435663 
1.06764 1.25619 1.71147 1.80208 1.46212 1.74999 1.14677 0.706519 1.29 1.13845 -0.148088 0.0930491 
0.975411 0.935936 1.38971 2.33024 1.19894 1.70866 2.32567 0.366374 1.1637 1.05421 0.210459 0.0255515 
0.723858 0.834624 1.93112 2.10511 1.93095 1.63303 2.21805 0.125208 1.41036 0.200763 0.619251 0.115239 
0.79377 0.996825 1.68147 1.20411 2.64394 1.78616 1.8543 1.2515 1.21426 0.501428 0.0223346 0.263088 
0.853757 0.882969 2.1157 1.68419 2.50656 1.1448 1.47532 2.04913 1.00586 0.996675 0.0109335 0.209938 
0.882027 0.774153 2.73039 1.59509 1.7918 1.15173 2.42629 0.474699 0.713404 0.774203 0.629769 0.126241 
0.767845 1.23315 2.789 1.61279 2.07444 0.55576 2.10378 0.992948 0.72625 0.988026 0.632074 0.136617 
0.791646 1.19387 3.19082 2.23383 1.43118 0.902613 2.01774 1.16546 0.685513 0.883528 0.701969 0.14432 
0.871824 1.29611 2.73614 1.68305 2.20438 1.62503 1.98277 0.240133 0.794629 1.36418 0.34912 0.17168 
0.741913 0.95323 2.67935 1.04381 1.19948 2.27266 1.96586 0.27841 1.53775 1.61287 0.370589 0.140487 
0.691946 0.530828 3.00892 1.37113 1.82881 1.28887 1.43251 0.406254 2.18878 1.59588 0.348073 0.151843 
0.576178 0.623173 3.02293 2.11871 1.86479 1.66496 1.45141 0.424092 1.83578 1.20602 0.477495 0.109826 
0.693482 1.00741 3.01741 1.7415 1.18227 1.40144 0.907786 1.20944 1.82201 1.0661 0.472279 0.253407 
0.873138 0.646862 2.65841 1.81936 0.80262 1.1078 1.02686 1.90057 1.40736 1.23539 0.699975 0.117815 
0.814739 0.61175 2.44974 1.74237 1.49677 1.61097 1.62562 1.03655 1.80057 0.727529 0.335799 0.217892 
0.790232 0.838742 2.90113 1.0025 2.16882 1.67529 1.97419 0.589038 0.876012 0.875927 0.787981 0.143425 
0.783378 0.577473 3.01486 0.568307 1.66835 1.28548 2.17555 0.705532 0.846556 1.57539 0.648231 0.0130894 
0.723279 0.817158 2.60985 0.669302 0.822748 1.76007 1.87181 0.524037 1.34548 0.921854 0.487765 0.0730013 
0.766728 1.16942 2.84537 0.568493 1.19736 0.660304 2.35845 0.894782 1.22682 0.604044 0.778495 0.0926913 
0.568121 0.978582 3.00869 1.3119 1.58987 0.455731 1.59519 1.46857 1.49006 0.497465 0.530062 0.191673 
0.596012 0.663687 2.89791 1.36501 1.93138 0.863943 2.09637 0.91126 1.64394 0.686603 0.384263 0.253709 
0.57556 0.884134 2.64387 1.82136 1.85636 0.715465 2.54712 0.454966 1.39789 0.59823 0.55743 0.19294 
0.59572 1.07156 2.53095 1.39233 0.828194 0.991344 2.72013 0.628743 1.77837 0.626854 0.180475 0.202662 
0.543233 1.10041 2.99517 1.49659 0.797049 0.777478 2.1 1.98736 1.26011 0.375411 0.759334 0.207343 
0.54858 1.01008 2.8899 1.76492 0.887721 0.845245 1.73503 1.94484 1.385 0.627801 0.955166 0.156055 
0.537801 0.768352 3.11698 1.4195 1.76289 0.355916 1.3245 1.05039 1.6734 1.03522 0.477331 0.175925 
0.316805 0.509917 3.24205 1.17557 1.97555 1.0063 1.74517 1.6208 0.54789 0.455029 0.441437 0.118659 
0.536795 0.628165 3.20966 2.03762 1.57475 0.456423 1.64495 2.03348 1.16814 -0.16402 0.824926 0.315481 
0.562199 0.822705 2.76611 2.0191 1.74313 0.461079 1.52687 1.46924 1.25613 -0.0200517 0.618854 0.245944 
0.471755 0.847506 2.55603 1.37575 1.31632 1.24762 2.51727 0.208845 1.02431 1.04944 0.357107 0.0323453 
0.672481 0.848213 2.5988 1.04513 0.712689 1.14681 2.79222 1.06267 0.848709 1.02127 0.476893 -0.0141237 
0.653045 0.736731 2.51973 0.348429 0.57715 2.01642 1.85831 1.26538 0.540446 0.834758 0.687993 -0.138684 
0.647209 0.486957 2.68004 0.575379 1.61387 0.920467 2.49025 1.59265 0.368007 0.749845 0.604197 0.028749 
0.644531 0.92019 2.54879 0.967189 0.985367 0.218709 2.32948 2.35782 0.906199 0.540744 0.721009 0.0572668 
0.530415 0.99841 2.5383 1.06581 0.499502 0.0287202 1.70606 2.41461 1.51103 0.366604 0.509281 0.204774 
0.464607 1.05908 2.6301 0.64721 0.260861 1.13235 2.5221 1.95036 1.62215 0.473829 0.742582 0.0142941 
0.41352 0.525474 3.32048 1.28035 0.619845 1.25023 1.87766 2.59378 1.28086 0.517575 0.719177 0.211648 
0.277979 0.397959 3.28526 1.14759 0.793518 0.844741 1.87463 2.29338 1.49109 0.404894 0.760693 0.114597 
0.258084 0.701088 3.08858 0.87542 0.368848 1.20536 2.7081 0.998858 1.15135 0.413201 0.395461 0.144353 
0.324236 0.650885 2.96766 1.38785 0.566234 0.708058 2.44844 1.32882 1.53504 0.469744 0.350579 0.276485 
0.373622 0.820767 2.72485 1.31028 0.197413 1.21359 2.33875 0.639249 1.17749 0.229501 0.462259 0.0168457 
0.489981 0.811083 2.38096 0.748511 0.751062 0.804161 2.45323 1.59403 0.488528 0.0245299 0.478777 0.0252346 
