1.14289 1.97423 2.09704 1.2979 2.49856 0.537876 1.12228 0.88451 0.816419 0.584175 0.295097 0.172419 
1.01216 2.1713 2.03913 1.05273 1.1325 1.38499 1.98528 0.0388493 0.608636 0.861434 0.631566 0.186691 
1.07068 1.894 1.83895 1.17939 1.53288 1.61687 1.99937 0.257354 0.606544 0.401976 0.744209 0.165425 
0.968689 1.75263 1.58853 1.21609 0.762699 1.67601 1.60847 1.31242 0.852865 0.574814 0.0655253 0.124993 
0.970668 1.75837 1.91882 1.70862 1.06474 0.835449 0.987957 0.355856 0.892935 1.1747 -0.0251192 0.199321 
0.888364 1.76715 1.92306 1.67309 1.52034 1.24339 1.01334 0.662298 1.62216 0.341755 0.541879 0.168965 
0.885079 1.88657 1.65661 2.07356 1.31737 0.912169 1.63926 1.62319 1.1503 0.0839854 0.545377 0.15641 
0.981867 1.9048 2.1466 1.96497 0.883154 1.18981 2.20566 1.82328 1.09342 0.395205 0.825772 0.164074 
1.03433 1.81827 2.40319 1.32573 1.70342 2.27523 1.62956 1.65537 1.23838 0.0991125 0.375289 0.199591 
1.01552 1.27682 2.36624 1.19031 1.65558 2.08844 2.07262 0.914772 0.741386 -0.0466301 0.144808 0.194939 
1.04286 1.07739 2.14714 1.6262 1.45138 1.57777 1.98594 0.502958 0.427459 -0.346126 0.17152 0.141382 
0.0108788 1.31579 3.00238 0.395212 2.11151 1.57259 0.880159 1.61755 0.549477 0.58066 0.603909 -0.164857 
-0.755202 0.957988 3.30766 0.551558 2.34888 1.33842 0.741427 1.20484 -0.268908 0.38062 0.598253 -0.22405 
-0.383325 1.4099 3.49811 0.420016 2.4055 1.40616 1.23414 1.84104 0.00898184 0.347167 0.761208 -0.141036 
0.331761 1.24881 3.35901 0.0353345 2.03927 1.59458 0.266731 1.30146 0.968175 0.117289 0.482826 0.0700086 
0.341675 1.19725 3.01369 0.224423 1.75281 1.84752 0.847755 1.32829 0.940929 0.559066 0.606353 0.0163779 
0.367733 1.22963 2.81826 0.579345 1.94508 1.79037 1.29019 0.994682 1.24518 0.341212 0.705419 0.0650781 
0.378336 1.00735 2.85747 0.213702 1.60341 2.10455 1.40592 0.211159 0.696865 -0.0898178 0.247222 0.166192 
0.397838 1.20284 2.88304 -0.81823 1.09221 1.88702 1.63197 0.367286 1.1263 0.0848342 0.352862 0.105353 
0.450523 1.24394 3.07755 0.349016 0.761612 1.43638 0.57438 0.912023 1.02158 0.37495 0.411184 0.145297 
0.454146 1.13967 3.12989 0.21706 1.83045 1.21984 1.26367 0.98749 1.14132 0.423582 0.0282143 0.308979 
0.407149 1.12319 3.13488 0.526906 2.08242 1.24898 1.81095 1.93472 0.679345 0.500579 0.427996 0.169343 
0.761057 1.55704 3.36167 1.35676 1.77947 1.48363 1.58327 1.48602 1.83617 0.344846 0.348669 0.421152 
0.900322 1.73804 3.5306 1.19801 2.3489 1.16626 1.18101 1.1497 1.84043 0.317784 0.483872 0.409837 
0.807663 1.73752 5.22006 1.72521 2.18206 2.02544 2.27054 0.90421 0.269191 0.844527 0.391684 -0.048666 
0.681656 1.52893 6.45913 2.05494 0.954425 3.14895 1.95715 0.89477 0.296706 0.662844 0.482164 -0.243509 
0.56053 1.56617 5.81054 1.82161 0.830148 2.9959 1.53256 1.81541 0.0763439 0.446146 0.387243 -0.0620715 
0.174179 1.18612 5.78885 2.77531 0.364528 3.39316 2.39411 -0.532212 1.24858 0.758706 -0.0665379 0.0278324 
-0.163461 1.01811 5.83001 3.43407 0.0621918 1.3809 2.89375 0.316438 -0.0471962 0.815341 0.0430583 0.0744247 
-0.285619 1.00047 5.12921 3.35432 1.28767 0.675414 2.18702 1.61893 -0.562382 0.323006 0.724859 -0.208896 
-0.289436 0.601777 5.2998 3.33484 1.20124 1.28151 1.76831 1.60949 -0.40753 0.259042 0.76082 -0.257106 
-0.249737 0.782179 5.75631 2.73067 0.804178 1.48168 2.31232 0.77789 0.120092 0.0509495 0.750809 -0.0911903 
-0.21464 1.21766 5.07702 3.35986 0.112913 1.59393 2.17864 0.741115 0.312901 0.0552013 0.962772 -0.209951 
-0.293414 1.04852 5.22217 4.01289 -0.417578 1.99546 2.50739 0.434019 0.743024 0.288867 1.04414 -0.317526 
-0.092961 0.490683 5.77608 4.06297 -0.242347 1.63443 2.37805 1.15957 0.378664 0.3057 1.00271 -0.0783195 
0.154943 0.30421 6.05787 3.50498 0.148694 2.40302 2.48287 1.32115 -0.031239 0.763116 0.614863 0.0820103 
0.247212 0.339687 5.85074 1.95669 1.16666 1.7001 2.96583 1.43248 -0.537908 1.22571 0.436996 0.0296127 
0.346816 0.455634 5.37029 1.86683 1.29784 0.464052 2.37108 1.71906 -0.751029 0.965465 0.549598 -0.0654105 
0.396513 0.473177 5.14792 2.10913 0.0307151 1.84402 2.13924 1.83724 -0.800089 0.575731 0.507813 -0.0720805 
0.66511 0.736236 4.22505 1.74357 0.272683 1.59604 2.16664 0.856716 -0.420579 0.582782 0.266216 -0.236339 
1.1748 0.674757 4.27005 1.29528 -0.615943 1.93464 2.29037 1.33838 0.237379 0.697789 0.0665399 -0.239922 
1.52395 0.568926 2.75324 1.25076 -1.33606 2.12346 2.36939 1.57448 0.648538 0.530324 -0.0295093 -0.193309 
1.70425 0.589796 2.0219 0.74506 0.0224921 1.96644 1.86424 1.12525 1.03982 0.852856 -0.356193 -0.303049 
1.95294 0.316913 1.38064 0.229643 1.27578 2.34401 1.35748 0.715145 1.2052 0.718539 -0.295909 -0.285039 
2.13429 0.06966 0.725818 0.571241 1.25017 2.60547 1.73654 0.0214942 1.26865 0.603785 -0.399479 -0.21603 
2.08234 -0.103951 1.42108 0.70544 1.41551 3.18367 1.52047 0.336489 0.610464 0.468461 -0.26585 -0.241213 
2.05857 0.330336 1.35065 0.709478 0.725818 2.61415 1.10518 1.2482 1.17412 0.949003 -0.342208 -0.52645 
2.06594 0.129358 1.39906 0.767651 1.28641 2.19513 0.841344 1.0318 1.83137 0.772042 -0.694092 -0.551163 
2.05018 0.283981 1.19591 0.869627 1.24485 2.36409 1.58771 1.12697 0.947957 0.866574 -0.477229 -0.591263 
2.04884 0.542002 0.594007 0.760578 2.24462 2.59503 2.11844 0.845649 -0.0742541 0.997304 -0.163171 -0.483434 
2.13494 0.368036 0.881107 0.439713 2.64701 2.36865 2.18073 0.328623 0.547893 0.892779 -0.368992 -0.391628 
2.11047 0.399265 0.881389 0.965672 2.75672 1.70864 1.97929 1.06207 0.625172 0.982702 -0.450531 -0.555611 
2.21608 0.392322 0.649474 0.884477 3.06914 1.58196 1.86145 1.37745 0.51547 0.797586 -0.406287 -0.516167 
2.14053 0.712235 0.638226 0.78616 3.54539 1.78508 2.02958 1.1198 0.106778 0.903734 -0.361819 -0.42097 
2.22012 0.682125 0.455579 0.914577 3.282 1.83486 1.39114 1.34722 0.780382 0.675856 -0.484722 -0.518828 
1.99937 1.1174 0.698581 0.827864 3.62412 1.13362 2.04442 1.54699 0.628723 0.998247 -0.792262 -0.466125 
2.11893 0.960507 0.606865 0.976936 3.04131 1.38379 1.64976 1.56942 0.847589 1.10643 -0.579526 -0.619822 
2.09994 1.05749 1.07072 0.961175 2.99955 1.49444 2.10797 1.66318 0.898865 1.3539 -0.641833 -0.660446 
2.15352 1.24107 0.76403 1.17519 2.35916 1.6772 2.0299 1.37374 0.838825 1.30237 -0.416168 -0.612993 
2.14816 1.41855 0.826575 0.939976 1.92983 1.64014 1.36492 1.36545 1.44224 1.15282 -0.417805 -0.583293 
2.31492 1.35348 0.651041 0.943341 2.1157 1.20602 1.88832 1.26433 1.2727 1.3115 -0.239174 -0.566021 
2.2608 1.18583 0.537158 0.881857 1.25794 1.54341 2.41903 0.616051 1.4153 0.94567 -0.262151 -0.4998 
2.17265 1.50342 0.0375391 -0.126502 1.04256 1.34057 2.32869 1.19512 2.05932 0.197491 -0.0614557 -0.147913 
2.14218 1.76923 0.196258 0.775397 1.9109 1.75523 1.73764 1.14177 1.30427 0.780119 -0.260571 -0.404906 
2.36725 1.87059 0.391297 0.664878 1.42652 0.800633 0.495194 1.10681 1.24573 1.29749 0.151772 -0.301174 
2.36537 2.04808 0.901988 0.683945 1.18678 0.889698 0.357318 0.317825 1.57226 1.24375 0.244179 -0.252751 
2.50815 2.29558 0.361076 0.50671 0.980533 1.24856 -0.0410654 -0.641764 2.32391 0.700619 0.345992 -0.337495 
2.50155 2.32861 0.327621 0.37374 0.945642 0.975282 0.502221 -0.214099 1.51709 0.35196 0.196176 -0.226667 
2.36065 2.42354 0.875352 0.645724 0.710768 0.483814 0.303014 0.20502 1.01563 0.360833 0.140316 -0.120518 
2.58506 2.44604 -0.151562 0.571077 1.01578 0.472371 0.299595 -0.533633 1.62641 -0.0739232 0.150992 -0.27404 
2.52148 2.70483 0.497429 0.45664 1.07688 -0.000106971 0.332206 -0.33133 1.02732 0.0733196 0.219507 -0.0429279 
2.4632 2.61754 0.736857 0.63898 1.53703 0.0366815 0.0456755 -0.311332 1.28417 0.270067 0.206345 -0.0944405 
2.30871 2.92125 0.923304 0.766654 1.84303 0.0160599 0.919644 -0.16813 0.547592 0.289226 0.0969294 0.0252485 
2.27555 2.90112 1.26813 0.328276 1.91913 0.197301 1.47552 0.365301 -0.00659906 0.071823 -0.207122 0.00918622 
2.362 2.62803 1.64078 0.412262 1.48449 0.874503 0.90613 0.253939 0.719138 -0.193869 -0.126133 -0.119121 
2.2874 2.67884 1.82918 0.626216 1.36356 0.709304 0.278541 -0.0947216 0.120397 -0.316663 -0.106268 -0.0994188 
2.3112 2.49964 1.08591 0.456726 2.0849 0.217263 0.104116 0.11884 0.674151 -0.244597 -0.238118 -0.254601 
2.21628 2.54437 1.26263 0.558205 1.13271 0.662848 0.959315 0.862499 0.637686 -0.706879 -0.354296 -0.273232 
2.16991 2.4 1.6515 0.685367 0.930042 0.57823 0.964809 0.841132 0.315975 -0.773 -0.319347 -0.209225 
1.95622 2.16873 1.90829 0.686331 1.05365 1.13367 2.15178 0.893354 0.510904 0.109261 -0.410339 -0.264357 
2.04095 1.99046 1.91781 0.351107 1.64493 0.894198 1.62746 0.55655 1.25423 0.141513 -0.454379 -0.228766 
1.93724 2.10302 1.47184 0.238932 1.17138 0.668721 1.23817 1.17641 1.02987 -0.0170214 -0.270542 -0.234461 
2.09739 2.41654 2.18529 0.569717 1.5725 0.859886 1.43859 0.598848 0.445842 0.0859413 -0.280231 -0.174266 
1.99689 2.25666 1.83127 0.674568 1.15319 0.988319 0.710671 0.305947 0.725858 0.500184 -0.290433 -0.277198 
2.00381 2.02557 1.48365 0.218695 1.36928 0.2814 0.0453161 1.04691 0.619406 0.455195 -0.0877098 -0.254723 
2.03592 2.1634 1.96477 0.242005 0.0559404 0.24159 1.19334 0.827424 0.0862455 -0.27108 -0.0592837 -0.119167 
1.89875 2.18537 1.44051 0.892381 0.549993 -0.496029 1.69801 0.28519 0.0772564 -0.23392 -0.11539 -0.126277 
1.77495 2.14925 1.72403 0.676893 0.526134 -0.273864 0.606037 0.221797 -0.0562496 -0.21993 0.0870101 -0.0333527 
1.86431 2.37064 1.91374 0.678281 0.753973 0.33116 0.810077 0.537515 0.833578 -0.346567 0.0752704 -0.0536704 
1.81044 2.36551 2.19723 1.10769 1.48793 0.480524 0.865043 0.517498 1.17363 0.317189 -0.0401686 -0.0264303 
1.72995 2.05118 2.76663 1.30825 1.50636 0.486541 0.897878 0.799093 1.36959 0.433876 -0.189738 -0.00200678 
1.73706 2.01249 2.35287 0.939194 1.52245 0.825972 1.75658 1.25777 0.92895 0.300837 -0.123735 -0.0674353 
1.92599 2.11818 1.93196 1.05698 1.53426 0.029338 1.21487 -0.178738 1.02036 0.550686 -0.120803 -0.0581748 
1.88647 2.10971 2.37585 0.979308 1.39654 1.3048 1.37717 -0.0543308 1.24015 0.630349 -0.113526 0.00410064 
1.82007 2.07578 2.56513 1.33504 1.49622 1.26701 1.74612 1.01124 1.11254 0.605847 -0.0313933 -0.0012465 
1.82627 2.48751 2.44485 1.31557 2.25614 0.655648 1.64107 1.31204 1.63171 0.717743 -0.0731669 -0.00139061 
1.65831 2.31525 2.49317 1.96441 1.344 0.816263 2.31561 0.975216 1.18608 0.279617 0.159276 0.0576183 
1.60244 2.25272 2.83234 1.51001 1.57045 0.50119 3.09832 1.16288 1.03669 0.578859 -0.0153956 0.0594454 
1.5377 1.85496 2.46995 1.39979 1.71398 1.00812 2.15792 1.41245 1.2633 0.639071 -0.410628 -0.0481287 
1.67074 1.93466 2.78324 1.1135 1.88621 1.16199 1.67532 1.02332 1.05239 1.03224 -0.365646 -0.0717905 
1.61524 2.36422 2.74318 1.0205 1.43018 1.14616 1.52615 0.655166 1.26678 0.635044 -0.116106 0.0388107 
1.47073 2.38226 2.96349 1.60948 1.55763 0.476795 0.733027 1.04522 1.80371 0.516702 -0.0309881 0.174801 
1.47104 2.48552 3.15286 1.42049 1.20647 0.288037 0.762263 1.40283 1.42189 1.00042 0.0411709 0.219586 
1.5535 2.31547 2.68672 1.37475 1.55644 0.827021 1.25966 1.62209 1.40971 0.0467754 0.237505 0.054954 
1.51842 2.27289 2.3686 1.1774 2.29127 0.67859 1.17902 1.10006 0.830465 -0.121756 0.166288 0.0246553 
1.46747 1.65307 1.99675 1.28632 2.15102 0.776772 0.696471 1.77996 0.604345 -0.0448508 -0.115249 -0.0384781 
1.44828 1.79529 2.15313 1.43381 2.02395 0.331892 1.56131 1.57944 1.4394 0.278328 0.1093 0.161671 
1.46913 1.96275 2.47602 1.52114 1.70393 0.645856 1.40566 0.522415 1.51793 0.111439 0.107416 0.143926 
1.45724 1.86598 2.83991 1.30528 1.48765 0.619225 1.65779 1.17781 1.03383 0.0452271 0.180672 0.109166 
1.34156 2.0178 2.50488 1.15087 1.44609 0.755176 1.44031 0.751333 0.708587 -0.186594 0.0791683 -0.0146176 
1.30119 1.77714 2.16273 0.882308 1.87315 1.15241 0.929778 -0.29875 1.47538 0.288804 -0.440568 0.0204486 
1.26052 1.77643 2.0238 0.763768 1.74512 1.05906 0.657773 0.414116 0.778219 -0.00645902 -0.0892647 -0.0356508 
1.29956 1.69124 1.93135 0.990482 1.38259 -0.132385 0.960369 1.37831 0.0309812 0.0452245 0.346007 0.0224571 
1.36353 1.79813 1.70043 0.945157 1.64206 0.554321 1.09293 1.03089 0.802791 0.0583369 -0.029329 -0.0363883 
1.25494 1.6844 1.98002 0.888034 1.48447 0.423174 1.69029 1.63381 1.49181 -0.062924 -0.196548 -0.00374953 
1.26108 1.6608 1.99659 1.5566 1.07144 0.15296 1.32676 1.06301 1.41843 -0.157631 0.00228452 0.0595097 
1.14664 1.73291 2.28633 1.40396 1.09237 0.278012 1.99223 1.2672 0.232501 0.0805836 0.517404 0.0162024 
1.28663 1.63309 1.79845 1.34027 1.44286 0.516866 1.79185 1.38074 0.993886 -0.410113 0.444362 0.105491 
1.32659 1.7704 1.95612 1.10883 1.52881 0.0904432 2.28459 0.584775 0.477235 -0.46676 0.185931 0.0859476 
1.20036 1.92005 1.96679 1.04812 1.45215 0.053651 2.43591 0.635744 1.13052 -0.0691306 0.312826 0.105696 
1.2127 1.87186 1.72024 1.03898 1.53363 -0.751461 1.43154 0.594336 0.744523 0.262731 -0.302025 -0.000767458 
1.13565 1.39532 2.51685 0.873166 2.2007 0.0714947 -0.0260768 0.456267 0.488244 0.366959 -0.141984 -0.0288413 
1.11416 1.23523 2.32932 0.663951 1.70315 0.176546 0.721525 1.27756 0.410836 -0.235954 0.138421 -0.00777286 
1.03966 1.46453 1.78822 1.56361 1.95537 -0.031142 1.52915 0.676414 -0.0583374 -0.116449 0.52892 0.0630559 
1.08067 1.36665 1.47671 1.50718 1.90159 0.146003 1.50298 1.3269 0.704457 0.817196 0.265363 0.151106 
1.14066 1.25188 2.16952 1.49153 1.92253 0.589336 1.56297 0.938489 1.12311 0.571091 0.412675 0.220481 
1.15738 1.38062 2.04106 1.21966 1.30723 0.545586 1.50763 0.656871 1.51063 0.66598 0.269537 0.20247 
1.1209 1.18288 1.63601 0.412843 0.752915 0.105589 1.3306 1.35455 0.45981 -0.100596 0.515294 0.040225 
0.932804 1.10591 1.46917 0.475081 0.500006 0.700595 0.948327 0.957621 1.28698 -0.437618 0.930974 0.042238 
1.0821 1.61598 1.62741 0.677276 0.629773 0.484291 1.53886 1.10175 1.00716 0.193995 0.704113 0.051006 
1.22528 1.44969 1.88767 0.474264 1.4487 0.136007 0.860198 1.1492 1.31568 0.689661 0.529053 0.164548 
1.18793 1.51641 1.87064 0.441663 1.07679 0.0635061 1.05993 0.682593 1.40644 0.148463 0.224351 0.0846845 
1.11008 1.46751 1.58695 0.832497 0.479045 -0.657573 1.67307 0.741076 1.28799 -0.111275 0.0879191 0.0236722 
0.983272 1.66347 1.60333 0.88861 0.917743 -0.492057 1.26959 1.41953 1.30899 0.492708 0.246783 0.110036 
0.916102 1.50705 2.21112 0.55299 1.14648 -0.0488411 1.22005 0.778467 1.67501 0.711733 -0.155083 0.180917 
1.00094 1.57549 1.75077 0.545773 0.833313 -0.22378 0.996598 -0.324769 1.18602 -0.192012 0.0278901 0.0362424 
1.13468 1.97647 1.77413 0.806034 0.67387 0.0485108 1.43138 0.446518 0.951258 0.180182 0.310452 0.0918785 
1.23373 1.65331 1.61796 0.855009 1.05962 0.35957 0.783658 0.87738 1.59936 0.00982732 -0.0923079 0.0323538 
1.12868 1.38582 1.53207 0.945609 1.42593 0.0700028 0.695396 0.330758 0.953294 -0.46279 -0.203499 -0.0231072 
1.05377 1.56009 1.15874 1.68204 1.04955 0.29701 1.57134 1.29339 1.03718 0.25542 -0.180731 0.0381694 
0.918988 1.68812 1.55209 0.950916 1.0683 0.311659 2.02031 1.64889 0.495592 0.665488 -0.179321 0.0821394 
1.0824 1.46361 1.06815 0.643534 0.813164 0.111406 0.622257 0.859715 0.955314 0.557847 0.477891 0.0379981 
