0.537532 0.600994 1.04703 0.547426 1.56381 0.758224 0.456119 0.766514 -0.191634 0.41805 0.189369 0.103239 
0.396499 0.732468 0.957522 1.32664 1.00071 0.26019 1.49587 0.914778 -0.267788 0.973065 0.0699162 -0.0542148 
0.44128 0.847467 0.759888 0.247657 0.830949 0.622359 0.547328 0.598871 0.245516 -0.329878 0.317535 -0.0348603 
0.366826 0.852224 0.690449 0.0327979 1.59884 0.619873 0.981468 0.439694 0.347218 0.0564149 0.342517 0.124092 
0.445734 0.939734 1.22902 1.14444 2.22139 0.968243 0.616984 1.17376 0.787394 0.303345 0.240673 0.0619139 
0.498261 0.791591 1.32244 0.888117 2.18757 1.21483 0.60574 1.30013 0.0766128 0.155994 0.229098 0.0676126 
0.591554 0.450342 1.31835 0.219456 0.999793 1.20531 0.32474 0.665864 0.42878 0.408808 0.435771 -0.000376438 
0.513121 0.687758 0.907258 0.881173 1.19205 0.382846 0.521681 0.237324 0.757268 0.336949 -0.114111 0.0198874 
0.407269 0.955822 1.15831 1.84598 2.11954 1.24668 1.0797 -0.161133 0.518624 0.00480234 -0.121906 0.304329 
0.524143 1.16336 0.528496 1.6097 1.81137 1.96817 1.60852 -0.150003 0.658265 0.691401 0.0807607 0.225687 
0.542594 1.09564 0.731997 1.04047 1.29864 1.02391 1.60926 0.331902 1.02999 0.622462 0.0247666 0.0996833 
0.405802 0.847154 0.886658 1.02978 0.689401 1.28589 1.7748 0.570231 0.75698 0.253924 0.203887 -0.0565018 
0.441922 0.800507 1.15266 0.601463 1.02859 1.69059 1.42321 -0.100643 0.779508 0.307263 0.653617 -0.0778316 
0.408454 1.01749 0.999085 0.401249 1.41648 0.878957 0.586351 -0.148942 1.04049 0.235334 0.251643 0.187893 
0.408497 0.944668 0.9282 1.03985 1.47756 1.20694 1.2005 0.221628 0.673266 1.04556 0.283382 -0.14796 
0.445601 1.15232 0.73014 1.2683 0.990558 1.37723 1.28014 0.777116 0.767037 0.67766 0.377682 -0.101603 
0.449487 1.35968 0.859875 0.666411 0.35276 1.81075 0.898919 0.702785 0.732467 0.0180742 0.662647 -0.126456 
0.502726 0.973004 0.940779 0.307262 1.13123 1.9479 1.21986 -0.388619 0.803232 0.419706 0.330559 0.0505686 
0.44677 1.06415 1.86724 -0.512645 1.96821 0.857196 1.52868 0.436114 0.273373 0.527122 0.641898 -0.0958717 
-0.424829 1.3275 3.331 0.276471 2.6216 1.39319 1.99125 2.06377 -1.121 0.42782 0.770784 -0.0615319 
-0.174659 1.64547 3.63964 1.07166 3.62251 2.00532 2.12776 2.32135 -0.813182 0.494575 0.931721 0.0621165 
0.937082 2.17394 3.84166 2.49039 4.15775 2.63454 1.35357 0.870138 0.613115 0.441097 0.827647 -0.0964247 
1.23157 2.5553 4.21597 1.848 3.99604 3.27804 2.86161 0.127821 -0.476093 -0.0556603 0.985965 -0.146202 
1.16814 2.49076 4.34604 2.28901 3.44949 3.04564 2.94883 -0.153174 -0.309316 0.396673 0.673715 -0.2183 
1.27593 1.31849 4.42322 3.65854 3.06267 1.81627 2.4887 1.26371 -0.420727 0.104087 1.18173 -0.0999764 
1.11741 1.38713 4.55464 3.52904 2.7995 1.16896 3.03691 1.31947 -0.214179 0.0305739 1.07043 -0.0283377 
0.975863 1.84757 4.50003 2.89327 2.91382 0.401039 2.70284 2.20802 0.14249 -0.289448 0.838804 0.154869 
0.953131 1.54466 3.96368 2.76488 2.68493 0.619615 2.52976 2.32441 -0.246674 -0.165455 0.735533 0.098369 
0.652435 1.48558 3.92698 3.19107 3.63891 -0.205445 2.81369 2.37402 -0.661879 0.642905 0.230398 0.248502 
0.656098 1.56335 3.94182 2.97862 3.21556 -0.387304 2.36853 2.74712 0.0558568 0.196566 0.383008 0.458117 
0.561765 1.07523 3.86782 4.45906 1.45357 0.319007 2.39145 1.84186 0.868348 -0.12212 0.925414 0.376711 
0.290517 1.15848 3.74152 3.95736 1.5042 -0.152343 2.1533 2.73724 0.132804 0.161698 1.12468 0.351811 
0.257498 1.14314 3.79399 3.8651 1.75056 -0.720132 1.99978 3.02083 -0.127876 0.102929 1.26501 0.290504 
0.433581 0.969973 3.09193 3.94889 2.46601 -1.07359 2.46304 2.48154 -0.142755 0.950755 0.413181 0.424578 
0.481861 0.376152 2.73378 3.62167 1.25737 -0.949428 4.04344 1.7382 -0.521003 0.919681 0.572062 0.28848 
0.182801 0.313309 3.96326 2.76252 0.22455 -0.273969 3.06405 1.32885 -0.647489 0.475023 0.746112 -0.0816759 
0.369051 0.21156 4.27921 2.61275 -0.176272 -0.77885 3.66208 1.35332 -0.846137 1.07601 0.63713 -0.0539479 
0.418413 0.557455 3.98296 2.9461 0.762788 -0.617044 3.66618 1.34014 -0.677082 1.2476 0.573866 0.0564654 
0.474876 0.968311 3.41535 2.8083 1.21243 -0.560576 3.05847 1.70827 -0.494136 0.779608 1.04518 0.0227863 
0.762637 1.16975 3.3333 2.63828 2.12451 0.621524 3.36117 1.66317 -1.08058 0.546822 0.951332 -0.038814 
1.27866 0.334295 3.20382 3.17053 1.20125 -0.111169 3.667 1.35532 -0.595361 0.671697 0.436562 -0.0255346 
1.53847 0.474378 2.58133 2.81463 1.19505 -0.236621 3.37608 1.51255 -0.278686 0.443557 0.218236 -0.0489198 
1.57747 1.03295 2.18655 2.43305 0.912564 -0.000401796 3.18558 1.71237 0.157286 0.532202 -0.18091 -0.192139 
1.5942 1.03996 1.83448 2.35691 0.962913 -0.0487804 2.5074 1.67175 -0.111292 1.01132 -0.287826 -0.313084 
1.68976 0.989095 1.41721 1.51393 1.90047 0.535025 2.13687 1.08638 -0.00557738 1.30693 -0.456975 -0.392346 
1.71218 0.927601 1.3308 1.22085 2.7351 0.858868 2.33494 1.17508 -0.134421 0.947504 -0.556457 -0.279355 
1.87736 1.19958 1.03641 0.651735 2.54415 1.28338 2.72867 1.19002 -0.264433 0.989451 -0.50971 -0.298075 
1.82827 1.42056 0.762783 0.943782 2.34504 0.999926 2.53099 1.33298 -0.566992 0.641561 -0.392785 -0.129749 
1.74093 1.65076 0.595019 0.855675 2.44853 1.16625 2.4548 1.77175 -0.984378 0.419702 -0.544479 -0.0259869 
1.79028 1.34657 0.798949 1.33681 2.34368 0.868632 2.71711 2.03276 -0.942022 1.01265 -0.632314 -0.250431 
1.83654 1.43742 0.832745 1.24027 3.12587 0.964358 2.28854 2.28074 -0.652194 0.784022 -0.747833 -0.217288 
1.84101 1.47701 0.986722 1.34623 2.41507 0.61587 2.35985 2.18001 -0.310252 0.782078 -0.63325 -0.247589 
1.87673 1.19653 0.870834 1.40811 2.45809 0.269021 2.57594 2.07852 -0.443503 0.71498 -0.558028 -0.242643 
1.5805 1.0362 0.453923 1.54621 2.42571 0.15564 2.17021 1.33124 -0.431863 0.643888 -0.347366 -0.0409814 
0.977661 1.13875 0.249199 0.771506 2.43926 -0.0873184 2.68295 1.28305 -0.53276 0.493755 1.16254 0.162501 
0.91547 1.34353 0.231198 -0.334733 1.4254 0.758444 3.15754 1.51862 0.432691 1.00033 1.12194 -0.0617692 
1.4761 1.35079 0.352661 -0.21587 1.59597 0.80633 1.85844 0.923972 -0.0125877 1.63084 0.588424 0.146835 
1.88145 1.51267 0.872622 0.462092 1.22419 0.281989 1.71085 0.485346 -0.166863 1.34685 0.272415 -0.0140026 
2.01409 1.82023 1.00042 1.2469 2.21955 1.37206 2.09526 -1.05865 0.354052 0.523789 0.0920874 -0.063724 
2.12727 2.06129 0.975621 1.84571 1.83348 1.2979 0.848929 -0.948587 0.213998 0.560204 0.254906 -0.103155 
2.16664 2.50105 0.828568 1.96178 1.08726 0.382011 0.447878 -1.54378 0.67434 0.660318 0.501871 -0.106904 
2.22552 2.24308 0.851536 1.44951 1.47706 0.0756371 -0.104997 -1.13666 0.646396 0.666846 0.386089 -0.0333898 
2.05081 2.52536 1.13331 1.46213 1.78788 0.0616423 -0.189132 -1.08094 0.500275 0.783348 0.234196 -0.041598 
2.14725 2.51524 1.3066 1.52712 1.80934 -0.247856 0.355631 -0.653716 0.0984901 0.453115 0.0625691 -0.00726639 
2.04012 2.76547 1.47014 1.25034 1.82229 -0.449022 -0.00320196 -0.0553232 -0.299394 0.258689 -0.0699572 0.0388842 
2.24822 2.94887 1.45662 1.23659 1.36008 0.0135452 0.526394 -0.85849 -0.050283 0.116101 0.0941677 0.0507276 
2.12616 2.9187 1.72207 0.870715 1.37555 0.639283 1.02282 -0.62667 -0.362479 -0.212728 -0.108675 0.0122099 
2.11826 2.93357 1.82253 1.38503 1.47638 0.198505 0.641046 -0.295168 0.0257068 -0.357639 -0.113008 -0.0895966 
1.93981 2.81284 1.86964 1.80228 1.54174 0.64061 0.796851 -0.404784 0.192826 -0.582362 -0.113884 -0.179707 
1.8444 2.58503 1.66622 1.5516 1.82565 -0.211703 0.392698 -1.02473 -0.101846 -0.330069 -0.187238 -0.141661 
1.88275 2.49051 1.29976 1.50814 2.38194 -0.610138 0.740473 -0.271991 0.361359 -0.264614 -0.358495 -0.157638 
1.94816 2.24781 1.89168 1.72884 3.00944 0.256413 1.42676 0.0579466 0.113892 0.277164 -0.366069 -0.114727 
1.97745 2.20295 1.86076 1.61533 2.2776 0.663036 2.08399 -0.16247 0.744451 0.554092 -0.386281 -0.208569 
1.96797 2.29364 1.82331 1.85775 2.02416 -0.305443 1.6133 -0.417361 0.287942 0.464298 -0.242241 -0.112447 
2.03885 2.25764 2.29876 0.829539 1.16667 -0.327175 0.933582 -0.651044 -0.522708 -0.409669 -0.291659 -0.0973309 
2.05692 2.33026 2.32987 0.933133 1.20333 -0.151176 0.040088 -0.655058 -0.143869 -0.240764 -0.171605 -0.0812642 
2.04429 2.3831 1.65862 1.29771 1.63423 -0.776115 0.0704082 -0.00920444 0.445935 -0.226246 -0.186779 -0.081701 
1.95932 2.29597 2.23826 1.3534 1.49512 -0.547617 0.652735 0.335664 -0.0279454 -0.0368424 0.0025104 0.056725 
1.8786 2.43928 2.14955 1.07009 1.61373 0.312853 0.743037 0.866475 -0.577262 -0.113794 -0.13683 -0.122225 
1.94685 2.1904 2.42704 1.25539 1.41375 0.393452 0.400958 0.584012 -0.204109 -0.965498 -0.178889 -0.166216 
1.85256 2.31764 2.64873 1.40697 1.23326 0.682105 1.40178 0.598191 -0.112297 -0.874792 -0.229402 -0.236706 
1.76602 2.16511 2.19747 1.03675 1.89737 1.18598 0.907577 0.0306346 0.769501 -0.238317 -0.46798 -0.247447 
1.79003 2.12669 2.42353 1.48318 2.07015 0.35197 0.147922 0.609354 0.261538 0.303317 -0.420418 -0.258023 
1.75957 1.8952 2.574 1.27061 1.85128 0.756425 2.01184 0.560881 0.284348 -0.167839 -0.287081 -0.0817541 
1.74455 2.21612 2.56566 1.12952 1.71725 0.930853 1.54965 1.00136 1.07797 -0.0124982 0.171862 0.0919161 
1.83533 2.38162 2.99755 0.921316 1.92918 1.7165 1.9574 1.62077 0.704922 0.128577 0.11014 0.000861115 
1.69863 2.5753 2.71357 0.890042 2.07213 1.14591 1.72241 1.31399 0.557413 0.478641 0.197206 0.0938264 
1.62248 2.63645 2.48199 1.56513 1.4799 1.21095 1.90615 0.802665 1.02251 0.346256 0.110611 0.0461323 
1.55663 2.55571 2.41372 1.35019 1.84153 1.29385 1.12727 1.21013 0.5507 -0.407717 0.141763 -0.0956048 
1.6011 2.27475 2.2979 1.18618 2.10989 1.17227 0.969437 1.10793 0.195244 0.0637079 -0.0634959 -0.0832789 
1.55147 2.3465 2.2854 0.694584 2.16462 0.375573 0.821956 0.636925 0.554945 0.646423 0.0171603 0.0883196 
1.59997 2.297 2.7778 1.37023 2.0711 1.16128 2.25376 0.888498 0.486521 0.526711 -0.251102 -0.0276679 
1.46544 2.27837 2.39332 2.21927 2.24091 1.94269 1.6477 0.724781 0.807644 -0.536832 0.43834 0.0497582 
1.46652 2.03015 2.42116 2.15224 2.53043 1.02573 1.69126 0.951938 0.753531 -0.105695 0.154416 0.0764664 
1.47574 1.93867 2.91032 1.9337 2.42502 0.606006 1.67797 1.65056 0.76398 0.438933 -0.198043 0.0477649 
1.41713 1.87901 2.89649 1.42755 1.56253 0.0679762 0.973446 0.94523 1.60548 -0.0327023 0.142919 0.241228 
1.4618 1.92511 2.81349 1.11136 1.28458 0.179091 0.755258 0.245899 1.54939 0.157644 -0.0878106 0.150949 
1.29186 1.82942 2.56823 0.511657 0.815783 0.289667 0.573661 -0.0861275 0.481424 0.151927 0.0886656 0.0234912 
1.24351 2.14193 1.97954 1.21743 1.25303 0.944628 1.73735 -0.102742 0.442534 -0.23052 0.225186 -0.0257425 
1.30564 2.1956 2.25387 1.54459 1.11324 1.56412 1.32081 0.0447513 0.767709 -0.408271 0.231518 -0.0391825 
1.46782 1.9728 2.26018 1.99785 1.498 1.30684 1.28442 0.284025 0.930689 -0.0303483 0.0213362 0.00337556 
1.38104 1.92392 2.45011 0.974934 2.23133 1.09281 1.29294 0.307947 0.58805 -0.427562 0.0687836 0.0202649 
1.33149 2.09206 2.32747 0.374126 1.75167 0.700726 1.56613 -0.00683193 1.25096 -0.230655 0.0963115 0.120172 
1.33119 2.04189 2.56476 0.5851 1.53966 0.635559 1.54698 0.0836435 1.25323 -0.164449 0.0578325 0.125581 
1.24364 1.82357 2.00031 0.156666 1.67459 1.23516 1.2052 0.184051 -0.244598 -0.334276 -0.016417 -0.0199504 
1.21477 1.76797 1.50713 0.182876 1.95094 -0.311339 0.697364 1.03877 0.494783 0.130736 0.480659 0.101453 
1.25835 1.54348 1.50187 0.979719 1.58907 0.17365 0.847187 0.474449 0.621619 0.48147 0.32374 0.107522 
1.22155 1.53407 1.76455 0.62202 1.55691 -0.151389 1.47363 0.801368 0.59149 0.759174 0.278126 0.09909 
1.27211 1.59052 2.08672 0.182504 2.077 0.100397 1.71116 0.473624 0.756114 0.638727 0.161226 0.213554 
1.10821 1.31067 1.53425 0.341342 2.07596 0.109675 1.61765 0.386034 0.700481 -0.027403 -0.162575 0.00652169 
1.41394 1.2015 -0.00197621 -0.537087 2.05947 1.28828 2.24454 0.592709 0.536284 0.204712 0.00242702 -0.0301817 
1.37154 1.3221 0.711636 -0.801362 2.03654 1.13833 2.23471 0.956578 0.555189 0.768665 0.0886293 0.116233 
1.19284 1.22575 1.59161 0.501017 1.36449 0.863062 2.18161 0.49942 0.784924 0.316641 0.308783 0.154994 
1.14463 1.35047 1.50155 0.683683 1.46594 0.572845 1.46405 -0.518581 1.69099 0.326461 0.311576 0.19908 
1.1786 1.2859 1.37093 0.604049 1.90577 0.570074 1.51097 0.582579 1.616 0.0233626 -0.112875 0.0594824 
1.16415 1.0115 1.67702 0.402965 0.795328 0.616191 0.827943 0.587944 0.757407 -0.0860484 -0.388175 -0.10281 
1.15136 1.18155 1.68678 0.709396 1.03727 0.267385 1.09278 0.995044 0.47726 0.202388 0.155286 0.0948461 
0.927207 1.54011 1.85605 -0.11972 0.635323 0.823757 1.67639 0.91861 1.03427 0.368715 0.100085 0.0714712 
1.00235 1.21939 1.46558 0.096381 1.24191 0.791463 1.09341 0.356248 1.48616 -0.353538 -0.14465 0.0437413 
1.02318 1.05949 1.42226 1.13243 1.98591 0.917264 1.2397 0.190566 1.0555 -0.46144 0.290527 0.164002 
1.01199 1.3947 1.60962 0.636084 1.26388 0.851341 1.879 -0.513249 1.47999 -0.0346615 0.499577 0.172191 
1.00525 1.07529 0.733236 0.213267 0.82192 1.22284 1.49292 -0.0150263 1.40631 0.00244384 0.744721 0.0384244 
1.10549 0.94569 0.414612 0.249891 2.13853 1.68402 2.14218 0.199445 1.42884 -0.134513 1.05173 0.172144 
0.993828 1.3781 1.04505 0.158192 1.73591 0.717448 1.77574 0.501016 1.46516 0.0287047 0.97674 0.100274 
0.918805 1.45 1.08676 0.253709 1.33925 1.26185 2.47283 0.052554 1.26475 0.314066 0.2803 0.117904 
0.885131 1.37293 1.14059 0.105573 0.203428 1.78996 2.11974 -0.206673 1.39739 -0.0344847 0.120291 0.114685 
0.95002 1.47666 1.6557 0.938433 0.948001 1.38237 1.28686 -0.534957 1.6639 0.212054 0.351137 0.110783 
0.928424 1.67716 1.41163 0.810445 0.974619 1.17173 2.0423 -0.611249 1.39676 -0.186217 0.237905 0.0472008 
0.715908 1.22867 1.54596 0.762095 0.854845 1.5059 2.26807 -0.318835 1.64355 0.19217 0.443451 0.0977407 
0.80067 1.34126 1.78106 0.133045 1.08114 0.591917 1.40971 0.232733 1.67408 0.292527 0.720702 0.101829 
0.88143 1.13945 1.29829 0.076425 1.16193 0.642857 1.61535 0.172901 1.60954 -0.278125 0.436716 0.0692753 
0.841117 1.49313 1.00344 0.406763 1.3317 -0.250326 2.10334 0.58375 0.718322 -0.216243 0.667929 0.0523269 
0.739422 1.46264 0.899773 1.11536 1.0129 -0.109513 2.15936 0.18659 0.749508 0.231662 0.547456 -0.0619152 
