0.710366 1.08991 0.712653 1.04367 0.488108 0.429587 0.732807 0.498862 -0.367817 0.414874 0.8091 0.029291 
0.657892 0.99074 1.01793 0.747041 0.583739 1.05087 0.971989 0.470472 0.825073 0.807064 0.157903 -0.0177963 
0.700523 0.880199 1.234 0.839344 0.981983 -0.110965 1.3426 -0.395657 0.937714 -0.00485719 0.214894 0.0171604 
0.759676 0.799702 1.09193 1.37037 2.28856 0.450713 1.50254 0.14841 0.273888 0.0449637 0.258231 0.0447168 
0.707425 0.658985 0.801753 0.834523 1.7704 1.57575 1.07628 0.451867 0.492555 0.359309 0.079518 -0.112653 
0.726148 1.04262 0.973516 1.23812 1.37257 0.827116 1.77609 -0.203062 1.41969 1.07978 0.176619 -0.114051 
0.700612 0.969381 1.17545 0.789438 1.02279 0.499768 0.916947 0.0143034 1.19655 0.927548 0.465962 -0.0889668 
0.555981 1.04949 0.614462 1.03555 -0.00142853 0.605109 0.373716 0.384992 1.28972 0.524425 0.000337474 0.0157926 
0.540757 0.824575 0.736878 -0.333808 -0.42195 0.875386 0.802478 -0.00228497 0.588315 0.90331 -0.0189675 -0.104116 
0.670589 0.635109 0.696417 0.202585 0.106 0.5878 1.03548 0.0286909 0.710499 0.899048 -0.534647 -0.111042 
0.620966 0.752069 0.913319 0.697301 1.18296 -0.458067 0.627889 0.940434 0.970596 -0.0484456 -0.190213 -0.114511 
0.589783 0.70233 1.87195 0.86867 0.73951 0.451955 1.61577 0.679075 1.69526 0.506413 -0.0602469 0.126737 
0.521971 0.664859 1.55517 0.84212 1.33701 1.14734 2.18493 0.155261 1.54693 0.442698 0.156481 0.0382327 
0.50738 0.600907 1.39053 0.152052 1.45195 0.474098 1.21378 0.172854 0.693823 0.768393 0.110554 -0.0536865 
0.406561 0.802587 1.15927 0.487289 0.282753 0.258666 1.12973 -0.0562566 0.952932 0.607242 0.0550818 -0.0176849 
0.453392 0.704953 1.20767 0.553731 0.343809 0.0316819 0.609562 0.554569 1.03097 0.190918 0.310591 -0.0598665 
0.386658 0.785325 0.895039 0.641124 0.579048 0.81199 0.58266 0.184201 1.00718 0.563733 0.42524 -0.13992 
0.52814 0.538164 0.862219 0.121604 0.645385 0.139061 0.315011 1.17482 0.911499 0.462316 0.328097 -0.106922 
0.668557 0.285254 1.27504 -0.699448 0.512027 0.78372 0.327551 0.626497 0.801236 0.923971 0.0527854 -0.119627 
0.708468 0.370865 0.869426 0.202754 0.16235 0.504058 0.966619 0.0981919 0.642993 0.452891 0.0436168 0.0565098 
0.846757 0.781655 1.25136 0.45609 0.285031 -0.179558 1.43452 0.263046 -0.151623 0.462691 -0.186917 0.0454004 
1.13308 1.57064 1.56821 0.919568 0.178639 -0.55623 0.285309 0.834621 0.364839 0.294482 0.211061 -0.0765511 
1.31624 1.42899 1.52372 0.0911587 0.621605 -0.611514 0.732446 0.629658 0.222583 0.250249 0.173657 -0.0926952 
1.57334 2.16718 1.99086 1.03926 2.13038 0.427395 0.552699 -0.554671 -0.239521 -0.482961 -0.427477 -0.238298 
2.69173 1.24456 0.269586 1.76221 2.65423 -0.526232 -1.4318 -2.3083 0.226457 -0.334066 -0.740977 -0.503764 
2.64781 1.01436 0.845757 2.29103 2.5498 -0.693439 -1.38299 -2.79493 0.129498 -0.458356 -0.942017 -0.529758 
2.42081 1.37131 2.00585 2.06048 1.92113 -1.25918 -1.96128 -1.49438 0.444014 -0.612305 -1.01641 -0.357956 
2.42816 1.51602 1.78794 2.23217 0.896775 -1.60034 -1.80046 -2.07871 0.179544 -0.729281 -0.847571 -0.306131 
2.846 0.668744 0.245911 1.39401 1.39778 -1.07935 -1.40187 -2.29527 0.0202317 -0.203722 -0.695151 -0.353952 
2.94886 0.545168 -0.390655 1.74076 1.57263 -0.98546 -1.66401 -2.12883 -0.0215272 -0.180845 -0.625823 -0.460559 
2.75356 1.16147 0.317249 1.04057 1.45584 -1.20386 -2.5609 -1.9907 -0.132388 -0.448368 -0.711611 -0.371919 
2.97508 0.717022 -0.0979574 1.21279 0.69282 -1.43896 -1.45254 -3.12456 -0.199167 0.0287338 -0.503217 -0.457053 
2.65283 0.912232 0.0411298 1.60435 0.556291 -1.48089 -1.91683 -2.48848 0.31245 -0.0738008 -0.436199 -0.379076 
2.72071 0.655024 -1.25306 0.681751 1.05504 -0.785202 -2.11069 -1.93663 0.469833 0.222538 -0.24917 -0.358369 
2.72837 0.717611 -1.20028 0.708801 0.494802 -1.3786 -1.80652 -2.47246 0.402114 0.109853 -0.197936 -0.423173 
3.08862 0.249333 -1.44095 0.578885 0.730422 -1.59836 -1.08373 -1.67673 0.468398 0.326402 -0.294103 -0.473835 
2.85047 0.511802 -1.39976 -0.0682092 0.832642 -0.767061 -1.21445 -1.41456 0.939915 0.474173 -0.318662 -0.475743 
2.9111 0.443422 -1.80365 0.149907 0.693376 -1.09393 -0.708279 -1.28479 1.18581 0.49103 -0.253199 -0.528486 
3.03748 0.195796 -1.85313 0.0875749 0.712992 -1.1165 -0.0489524 -0.866646 1.29014 0.627044 -0.274922 -0.56895 
3.0055 0.459043 -1.92719 0.404162 1.17277 -1.07141 -0.475486 -0.571348 1.62627 0.759998 -0.201381 -0.555643 
2.94229 0.818181 -1.68743 0.282953 1.57139 -0.999469 -0.455926 -0.575965 1.43067 0.604745 -0.366035 -0.590363 
2.92603 0.614236 -1.79506 0.0807097 1.54582 -0.647881 0.913285 -0.522775 1.54171 0.562245 -0.339197 -0.658129 
3.10699 0.454209 -2.07065 -0.0760697 2.28239 -0.817034 1.58417 -0.0348176 1.29053 0.358742 -0.453494 -0.415851 
3.06322 0.560128 -2.12979 -0.0861378 2.25858 -0.191662 1.2651 0.0784741 0.872143 0.167233 -0.246716 -0.203371 
2.89657 0.498348 -1.87341 0.254203 2.57805 0.302768 1.0606 -0.55119 0.955643 0.492822 -0.0341896 -0.255926 
2.97996 0.454826 -1.46812 0.498759 2.5108 0.58539 1.06895 -0.751114 0.724009 0.476426 -0.106366 -0.334786 
2.83461 0.81 -1.62106 0.406457 2.73834 0.524546 1.03521 -0.45528 0.657286 0.155504 -0.245839 -0.290466 
2.70999 0.565073 -2.18063 0.238678 3.1848 1.02366 0.45572 -0.006307 0.91895 0.502024 -0.273108 -0.373841 
2.62512 0.189847 -2.01929 0.465658 3.03251 1.07144 0.3373 -0.175015 1.19123 0.608058 -0.148626 -0.347641 
2.66418 -0.143075 -2.40366 0.937036 3.12766 0.556515 1.54662 -0.622028 1.67505 0.505702 -0.0461895 -0.362236 
2.81847 0.277474 -2.79711 0.661908 3.98649 0.84835 0.366659 -0.0779983 1.47507 0.892499 -0.223821 -0.40619 
2.83853 0.426359 -2.81765 0.377182 4.33128 1.08989 0.687175 -0.00760622 1.15958 0.707306 -0.446241 -0.399439 
2.80237 0.344295 -2.30915 0.659778 4.0396 1.33955 0.564038 0.15782 0.95758 0.636039 -0.310495 -0.35579 
2.70178 0.529561 -1.89259 0.235219 2.84507 1.11621 1.00939 0.879497 1.69705 0.612767 -0.528948 -0.563065 
2.62778 0.761283 -1.6572 0.21801 2.68489 1.31242 1.45449 0.669727 1.75555 0.434446 -0.50235 -0.527133 
2.69481 1.1099 -0.910747 0.25004 2.75652 0.654263 0.499593 1.00755 1.06772 0.673177 -0.352083 -0.393748 
2.58932 0.763417 0.108461 0.375194 2.23806 0.451536 0.0380289 0.685795 0.779968 0.667134 -0.115216 -0.327752 
2.47367 0.368988 -0.276721 -0.170315 2.71868 0.921263 0.319068 0.696612 0.977289 0.859934 -0.0417981 -0.290626 
2.34905 0.0993655 -0.367828 0.195602 3.24129 0.671714 0.261317 1.13891 1.42057 0.759974 -0.430585 -0.381637 
2.30346 0.570819 -0.589959 -0.0573464 3.3406 1.06132 0.479372 0.190969 0.460944 0.493099 -0.0341854 -0.0566813 
2.31792 0.404414 -0.628341 0.167391 2.56621 1.36175 0.508704 -0.408682 0.679022 0.62051 0.249558 -0.0434909 
2.24394 0.748122 -0.839379 0.835391 1.3947 1.21501 0.28767 -1.22299 1.03462 0.358547 0.297364 -0.112731 
2.17553 0.876459 -0.703495 0.226658 2.004 1.07584 0.475883 -0.234589 0.867852 0.503461 0.117987 -0.165363 
2.08541 0.677291 -0.0334969 -0.0329848 1.9181 1.79225 0.598258 0.794001 1.98929 0.156741 -0.284119 -0.186912 
2.09521 0.468737 1.08194 -0.150004 2.40612 0.921233 0.638823 0.599127 1.12622 0.221565 -0.8479 -0.358266 
1.92414 0.683521 0.578949 0.469462 2.9873 0.290505 0.447026 -0.0566316 0.180027 0.737973 -0.396594 -0.280415 
1.82878 0.628618 0.893698 0.425913 2.6229 0.2632 0.368571 0.394709 0.871513 1.05781 -0.296806 -0.26946 
1.73957 0.604203 0.226401 0.535894 2.1223 1.0758 0.0573958 -0.333769 1.38385 0.449441 -0.0445155 -0.174225 
1.71784 0.541953 -0.17086 0.392494 2.04025 1.39175 0.919146 -0.0813499 0.636805 0.508686 0.0791897 -0.165079 
1.63465 0.877088 0.525945 0.194857 1.70016 1.15534 0.534921 0.0113219 1.45211 0.682079 -0.1699 -0.293502 
1.67707 1.11359 0.805388 -0.023106 1.89318 0.993642 0.489757 0.808087 0.884954 1.08463 0.0193563 -0.248099 
1.71952 1.05595 0.450544 0.369209 1.99254 0.880154 1.18099 0.966578 0.826139 0.675651 0.129446 -0.0458087 
1.62365 1.02603 0.988303 0.707243 2.29437 1.1538 1.01602 0.995265 1.12144 0.694363 -0.0297689 -0.0753696 
1.65867 1.27882 0.992308 -0.00158867 2.96469 1.23945 1.31151 1.25072 0.778855 0.413509 -0.0518478 -0.0218238 
1.62207 1.12735 1.28098 -0.533491 2.20473 2.40404 1.05343 0.611649 1.36216 0.746646 0.193283 0.0656105 
1.48273 0.858861 1.2048 0.597649 1.53785 2.40954 2.06483 1.1297 1.17592 0.824667 0.0573619 0.0466885 
1.61286 1.10586 1.20408 1.16349 2.57452 1.32108 1.47225 0.493186 0.635299 0.640893 0.199894 0.0999105 
1.60369 1.07162 1.25353 0.850234 1.96531 1.70443 1.33711 0.32522 0.896656 0.379378 0.306374 0.148715 
1.54029 0.907618 1.4104 0.955125 3.15541 1.27414 1.20317 0.885117 1.01553 0.242007 -0.230216 0.0151324 
1.54148 1.1934 1.04955 0.878555 1.96691 1.4063 1.09905 0.524774 1.24986 0.303322 -0.295542 -0.143445 
1.63819 1.42749 0.778944 0.212676 1.9765 0.867739 1.30928 0.67878 0.714996 0.462434 0.128556 0.0480599 
1.6343 1.08487 1.18337 0.717977 3.02892 0.414501 0.50242 0.358492 0.866405 0.39654 0.434642 0.230664 
1.50992 1.048 0.881259 0.474972 2.57075 0.612534 0.862412 0.897721 1.50522 0.964549 0.0870161 -0.0213244 
1.51705 1.21604 0.906682 -0.031557 2.06966 0.822039 0.884419 0.715791 1.26088 1.38295 0.307829 0.0312823 
1.48376 1.00742 1.48785 -0.282908 1.95594 0.568025 0.614785 0.416165 0.594954 0.712106 0.386754 0.115261 
1.38298 1.36721 0.452458 0.517584 2.43914 0.775896 0.369291 0.124574 1.20826 -0.373962 0.778685 0.0402833 
1.29188 1.14869 1.23654 1.15566 2.33156 0.405991 1.03904 0.180926 1.33726 0.323347 0.338787 0.11204 
1.3315 1.07042 1.43644 -0.0264628 2.4196 0.342898 1.21406 1.22038 1.16049 0.250067 0.515459 0.160474 
1.23953 1.073 1.13008 0.346195 1.69747 0.926224 1.06402 0.781501 0.953039 -0.0950209 0.410313 0.019182 
1.32009 1.11738 1.72532 0.639394 1.44301 1.39194 0.77252 0.248476 1.84217 0.191822 0.345573 0.216156 
1.42312 1.32161 1.14309 0.907263 1.20933 1.07547 0.839867 0.550161 2.4688 0.525441 0.150523 0.0425031 
1.24868 1.44117 1.19861 0.613267 1.47368 0.969422 1.76372 1.10563 1.8042 0.150501 0.357169 0.0938699 
1.3343 1.21357 1.11465 1.1616 1.9308 1.2265 1.65119 1.16323 1.48286 0.23154 0.393229 0.173514 
1.26467 1.12824 1.31314 1.05184 1.52432 1.172 1.31328 0.64078 0.946186 -0.277572 0.339241 0.174069 
1.18398 0.996575 1.33056 0.694568 2.30786 0.561762 1.55651 0.27072 0.266362 -0.282111 0.189998 0.162705 
1.2557 0.819514 1.88264 0.182667 1.87017 -0.156164 1.24987 0.441659 0.663457 0.34315 -0.0714799 0.0808884 
1.21177 0.950286 1.38854 0.404021 1.76862 0.124205 0.921789 0.572217 0.414026 0.102772 0.0230601 -0.0685599 
1.17343 0.992117 1.03884 1.25792 1.46558 0.535114 1.34 -0.292052 0.449746 -0.258843 -0.141342 -0.0579268 
1.37088 1.11384 1.25031 0.555928 1.30364 -0.0904004 1.82874 0.534489 1.03002 0.0291959 0.125614 0.149288 
1.20672 1.05886 1.50757 0.0322204 1.76738 0.524082 1.47647 1.04701 1.87438 -0.0406295 0.193803 0.104742 
1.28324 1.06311 1.41539 -0.576537 0.969019 0.846631 2.10908 0.484433 1.44253 -0.0106988 0.409928 0.203074 
1.39384 1.33148 1.19617 0.72531 1.65546 0.0806438 1.8109 0.999029 1.792 0.545924 0.123616 0.122137 
1.21684 0.988236 1.27795 1.29256 0.877603 0.580395 1.52006 1.10229 2.25591 -0.0441765 0.144455 0.10836 
1.11316 1.03871 1.8167 1.41561 1.80457 0.702251 2.0304 0.84027 1.31929 0.385908 0.280708 0.179308 
1.25741 1.1169 1.76095 1.16794 2.25938 0.488632 2.29899 0.949621 0.746327 0.393876 0.518469 0.278237 
1.3562 1.34395 1.5756 0.14059 1.12272 0.295329 2.05682 0.164046 1.14308 0.732173 0.571872 0.235694 
1.22287 1.18488 1.40271 0.133486 1.40754 0.635522 1.19397 1.07966 1.67627 0.352435 0.147389 0.103774 
1.06723 1.32201 1.5885 0.699863 2.04456 0.263599 1.2302 1.1987 2.05396 0.388587 0.208204 0.147283 
1.13414 1.39216 1.37409 0.311575 0.958186 0.0324284 1.38035 1.35297 1.2801 0.620208 0.248146 -0.0247123 
1.14706 1.34276 0.966836 0.30376 0.261723 0.677047 0.926153 1.06211 0.920385 0.512219 0.0929333 -0.0428157 
1.2162 0.9733 0.855941 0.200108 0.760727 0.589097 1.04917 0.642898 1.0797 0.590768 0.233748 0.0232899 
1.09256 0.984607 0.89695 0.162843 0.745446 -0.142158 0.655285 1.05473 1.66562 -0.0166992 0.404844 0.059904 
1.03271 0.865854 0.936053 0.783646 0.220576 0.785142 1.44392 1.3032 0.406625 0.130717 0.801937 0.0455443 
1.21153 0.68375 1.30872 0.647996 0.146689 0.210378 1.05421 1.39137 1.0607 0.526701 0.870967 0.12018 
1.22372 1.27975 1.06565 0.359838 1.16263 0.225877 1.18631 0.8743 0.413194 0.496824 0.501283 0.0755318 
1.04881 1.3289 1.45357 0.851358 0.794454 -0.116349 1.57266 0.260567 1.15625 0.473905 0.665784 0.0648735 
0.920623 1.27194 1.65658 0.0635717 0.828866 -0.201199 1.07785 0.437118 1.08826 0.355257 0.593017 0.109762 
0.765317 1.33191 1.65211 0.0973383 1.12254 0.481417 0.973066 0.889523 1.12235 0.146883 0.484069 -0.00211308 
0.929872 1.66137 1.19105 0.913202 1.05343 1.26225 0.538522 0.991925 0.642864 -0.344615 0.403948 -0.0380302 
1.13774 1.83452 0.620352 0.765067 0.781273 0.495037 0.882256 1.82767 1.69761 -0.186794 0.253668 -0.139307 
0.939348 1.3594 1.4937 0.204403 1.25588 -0.817372 0.284494 2.27526 1.22735 0.359557 0.0573337 0.00115827 
