0.559173 0.948302 1.02896 0.745526 0.218604 0.779658 -0.151888 0.282526 0.102341 0.708343 0.596645 -0.0151289 
0.629991 0.837876 1.24487 0.797894 0.232976 1.43918 -0.195857 1.53132 1.18366 0.695059 0.188213 -0.0211924 
0.63156 0.808728 1.35938 0.863194 0.502937 0.850745 0.318698 1.7921 0.413343 0.71966 -0.0511195 0.0481709 
0.479955 0.705138 0.766958 0.67302 1.06355 0.812697 0.622131 0.420357 0.156853 0.0495503 -0.132884 0.183038 
0.572893 0.560279 1.07671 0.138293 0.866218 0.52173 1.29892 -0.166225 0.450797 0.242168 0.0332054 0.104729 
0.430693 0.708895 1.44253 0.666504 0.646883 0.356575 0.0683113 0.0786813 0.916689 0.941475 0.322498 0.0771389 
0.375824 0.955892 1.40335 0.725972 1.56486 0.303451 0.400122 0.308994 1.28469 0.363235 -0.121271 0.235145 
0.477513 1.15028 1.28054 0.293732 1.33952 0.253796 0.98664 1.41104 0.750658 0.840204 -0.49128 0.233076 
0.488848 0.7672 1.67721 0.704215 0.198703 0.943217 0.846847 1.34501 0.919161 0.733684 -0.253207 0.0132609 
0.665583 0.880754 1.26703 0.717057 0.576527 2.49157 1.24172 1.29355 0.734787 0.689874 -0.00908594 0.0960509 
0.584306 1.2071 0.99749 0.794673 1.73823 1.52978 2.366 0.481523 0.994104 0.917919 0.375127 0.0915537 
0.559574 1.16281 1.33581 1.25016 1.18686 1.17508 1.07632 0.532123 1.32186 0.906883 0.593839 -0.0502353 
0.718546 1.17296 1.49772 1.20855 1.16719 0.307723 0.958245 1.30984 0.933958 0.781957 0.602936 0.0396802 
0.697995 1.33956 1.51168 1.41584 1.80846 0.408662 1.86938 1.55943 0.671805 0.567644 0.764724 0.0905577 
0.579118 1.24497 1.99496 0.917174 0.956131 1.29727 2.12946 1.14622 0.360867 0.323882 0.8587 -0.0550752 
0.568597 1.06553 1.51362 0.620229 2.85918 1.368 1.93568 1.66823 0.533807 0.523989 0.874459 -0.00389919 
0.601281 1.49116 1.53406 1.42893 2.11617 1.58422 1.54321 1.32153 1.58154 0.381019 0.738633 0.0973151 
0.734406 1.60119 1.66908 1.78156 2.7247 1.51801 1.8172 1.55107 1.02554 0.117631 0.486023 0.2117 
0.915322 1.85837 1.83014 2.01155 2.49403 1.87754 1.05929 1.48332 0.0267215 0.220346 1.09658 0.0452686 
1.2212 2.3877 2.16511 1.86598 2.29258 1.30725 1.79302 2.07879 -0.0422454 -0.00773502 0.518591 0.0416456 
1.65067 2.6279 2.63349 2.64891 2.43122 1.44078 1.40077 0.598745 -0.379133 -0.618253 0.332338 -0.0386306 
1.92937 2.43522 2.32847 2.13405 3.11515 0.761681 0.702393 -0.583656 -0.705001 -0.790168 -0.0236991 -0.0287311 
2.15687 2.30032 1.4528 2.16178 3.56759 0.75789 0.681414 -1.32096 -0.182123 -1.49533 -0.21539 -0.038851 
2.0763 2.03399 0.808442 2.01279 3.75811 -0.0229373 0.489626 -1.38438 -0.432077 -1.727 -0.32915 0.0647793 
2.09873 1.93968 0.767761 1.40365 4.12165 0.0149039 0.024929 -1.24665 -0.710152 -1.72099 -0.496042 0.0441326 
2.21714 1.99556 0.470854 1.3778 4.27694 0.301726 -0.0837382 -2.03392 -0.250364 -1.94507 -0.518916 -0.0489715 
2.22327 2.15558 0.0697953 1.62105 4.28666 -0.377376 0.332992 -2.42255 -0.220041 -2.00708 -0.512009 0.0330973 
2.13952 1.99912 0.236751 1.70619 3.73972 -1.06111 0.350516 -2.16798 -0.53147 -1.88586 -0.413028 0.233118 
2.3636 1.71169 0.00335597 1.7925 3.34024 -1.17136 0.176243 -2.15154 -0.520841 -1.70378 -0.487544 0.264739 
2.45933 1.65043 -0.266572 1.5421 3.1868 -1.44765 0.202466 -1.74942 -0.663664 -1.65203 -0.631868 0.343274 
2.4177 1.72372 -0.384213 1.02296 3.12175 -1.47389 -0.0624805 -2.01683 -0.254087 -1.72239 -0.772794 0.213956 
2.39364 1.73591 -0.723934 1.15832 2.37164 -1.68753 -0.39607 -1.85162 -0.491965 -1.9449 -0.60372 0.251167 
2.41888 1.73192 -0.899915 0.78519 2.35906 -1.91082 -0.596967 -1.53455 -0.691894 -1.59402 -0.658343 0.322118 
2.50087 1.75887 -1.19483 0.746378 2.00976 -2.22728 -0.594463 -1.28673 -0.491579 -1.2889 -0.570817 0.36521 
2.39275 1.78766 -1.48787 0.954571 1.38038 -1.89139 -0.885907 -1.04353 -0.0542783 -1.31197 -0.384079 0.232732 
2.30921 1.80212 -1.31187 0.920093 1.13776 -2.27482 -0.975683 -0.840621 0.46668 -1.10456 -0.351225 0.123348 
2.35244 1.97437 -1.68825 0.786451 1.26563 -2.27939 -0.717886 -0.666799 1.10356 -0.697209 -0.429926 -0.0644746 
2.40684 1.57792 -1.78897 0.799777 1.68322 -2.64785 -0.777687 -0.59901 1.41663 -0.189567 -0.394438 0.00438966 
2.36154 1.55084 -2.0022 0.729203 1.99833 -2.73551 -0.151793 -0.812447 1.58306 -0.29846 -0.329655 0.0894969 
2.41004 1.18859 -1.78478 0.722928 2.51813 -2.40153 0.212375 -0.671842 2.10199 0.163246 -0.275147 0.00307009 
2.39608 0.872369 -1.41182 0.475065 2.57457 -1.90198 0.284894 -0.673133 2.01374 0.46599 -0.20455 -0.0224937 
2.44224 1.25783 -0.618244 0.513145 1.47551 -1.66083 -0.279579 -0.666114 1.83899 0.421083 -0.0820211 -0.0916824 
2.35358 1.60958 -0.00431161 0.943061 1.51713 -1.04646 -0.328491 -0.442551 1.05859 -0.144171 0.0567336 0.166965 
2.3385 1.33399 -0.155113 0.353404 2.09894 -0.532181 0.320572 -0.791015 1.06954 -0.101421 0.219111 0.37265 
2.23855 1.3933 -0.410167 0.219401 2.74235 -0.349641 0.118348 -1.35865 1.12104 -0.19178 0.223666 0.293253 
2.32945 1.3089 -0.338533 0.450487 2.64186 -0.718258 0.523647 -1.00962 1.22678 -0.209432 0.0313826 0.355944 
2.34379 1.32964 -0.201306 0.341266 2.63192 -0.207533 1.48179 -0.693219 0.229182 -0.574384 -0.0350393 0.470416 
2.20693 1.43078 -0.541379 0.689655 2.58826 -0.0569871 1.28108 -0.362396 0.374936 -0.717317 -0.099502 0.247241 
2.18588 1.5219 -0.119488 0.285325 2.36694 -0.215278 0.0734183 0.0729547 0.855134 -0.0342425 -0.0559382 0.022951 
2.31942 1.40134 0.727139 0.429421 2.89421 -1.37688 -0.382774 -0.617832 1.41592 0.781857 -0.182932 0.116892 
2.31999 1.29849 0.587506 0.133946 3.1038 -1.06304 0.0920626 -0.46787 1.38845 0.0153407 -0.490771 0.23793 
2.18889 1.19105 0.489859 0.291586 2.59233 -0.174865 0.358429 -0.420131 1.29306 -0.301053 -0.0404978 0.321088 
2.07861 1.43234 0.643839 0.624929 2.12656 -0.207705 0.470671 -0.568171 1.32572 -0.249576 0.465553 0.460186 
2.18084 1.56956 0.918732 1.08207 1.79873 0.0549919 0.532919 -0.544315 0.900082 -0.433073 0.26233 0.342683 
1.99661 1.79122 1.15365 1.32181 1.83656 -0.000311435 1.09672 -0.271607 0.760842 -0.796834 0.181968 0.222203 
2.01521 1.6967 0.94036 1.17738 2.37786 -0.178618 0.426431 0.594413 0.692267 -0.130581 -0.0821145 0.0302951 
2.08363 1.90972 0.939852 1.10247 2.0875 -0.298902 -0.172915 0.19164 1.63181 -0.734347 -0.0598507 0.0176419 
1.92671 1.81813 0.883652 1.08394 1.15257 -0.108307 -0.0267239 0.78585 1.37912 0.054002 0.194042 0.0137736 
1.82948 1.63525 0.811471 0.351029 1.41602 0.450455 0.423599 0.138774 1.54235 0.212916 0.480817 0.109777 
1.89674 1.28711 0.782625 0.54556 1.64975 -0.0814328 0.70603 -0.154644 1.40847 0.141979 0.433408 0.26295 
1.80055 1.60594 1.27815 1.08225 1.56796 -0.384643 0.424749 0.13296 0.964957 0.329619 0.541626 0.290734 
1.78743 1.75233 1.75549 0.893331 2.60721 -0.191693 -0.109078 0.0955806 1.12817 0.108368 0.521417 0.328652 
1.83612 1.9789 1.48552 0.915974 2.48021 -0.129623 0.557468 0.214892 0.386049 0.169429 0.569617 0.392478 
1.76618 1.78297 1.83719 1.27264 2.43786 0.237573 0.247738 0.700864 0.537591 0.163992 0.630036 0.327056 
1.72174 1.88949 2.48343 1.24826 2.5864 -0.14308 0.593047 0.410048 0.4616 0.261524 0.238539 0.228135 
1.67434 2.31546 1.92529 1.67655 1.83176 0.432708 1.11297 0.113647 1.10313 -0.217069 0.357186 0.124298 
1.72595 1.66867 2.2472 1.32859 2.21773 0.745781 1.47486 0.702165 0.683628 0.0755756 0.291447 0.230626 
1.68256 1.65174 2.27249 1.08108 2.39956 0.0458902 0.707615 0.941469 1.16925 0.210279 0.470907 0.330654 
1.66646 1.90123 1.67787 1.4577 1.7777 -0.555565 0.892964 0.400584 1.79893 1.25433 0.595885 0.370665 
1.68336 1.88607 1.48114 1.10319 1.89357 0.350934 0.437029 1.07328 1.51573 0.817564 0.729649 0.301641 
1.66243 1.64712 1.516 1.03882 2.87913 0.333782 0.73484 1.02808 1.04436 0.210403 0.592668 0.315114 
1.4956 1.59274 1.88517 2.06337 1.83817 1.00619 0.875666 0.491417 1.36782 0.584802 0.537101 0.242382 
1.44234 1.62882 2.44058 2.10408 1.46287 0.826497 1.07189 0.353796 1.25757 0.26356 0.332207 0.210928 
1.4402 1.835 2.01668 1.27605 2.20618 0.602645 1.39249 0.789002 1.11102 -0.275315 0.31281 0.158645 
1.48001 1.92634 1.73667 0.873898 1.71585 1.13309 0.223677 0.183237 0.926467 0.543051 0.496913 0.190532 
1.49003 1.93565 2.06353 0.563865 2.35575 0.622534 0.179 0.148204 0.669142 0.49826 0.480487 0.212743 
1.52052 2.0926 1.86233 0.750571 2.27427 0.499402 0.420611 1.01505 0.626667 0.436759 0.0882227 0.0284411 
1.36527 1.54097 2.72543 1.16175 1.38581 0.380647 0.257439 1.12647 0.646566 -0.156718 0.0532583 0.0333541 
1.31862 1.67589 2.55695 0.421139 1.69094 1.30123 0.386314 0.397136 0.730514 0.116254 0.234254 0.112964 
1.22733 1.73942 2.15668 0.723428 1.46218 1.72378 0.527452 0.187984 0.38594 -0.0251939 0.159203 0.0998107 
1.26091 1.81155 2.30492 1.197 1.91216 2.03156 1.18389 0.143274 0.550168 0.0464052 0.356807 0.157337 
1.24629 1.53394 2.07486 1.36663 1.32856 2.10044 1.78907 0.890463 0.729792 -0.106177 0.375992 0.169781 
1.10969 1.52655 2.49766 0.997321 1.90862 0.748374 1.59605 1.04451 1.0816 0.479774 0.5784 0.230938 
1.2513 1.7142 2.39873 1.09231 1.73128 1.25775 1.63696 0.946263 0.759369 0.131987 0.368268 0.15326 
1.25953 1.54499 2.02017 1.07471 1.47598 0.752523 0.927875 1.22233 1.75441 0.222234 0.680495 0.261058 
1.10169 1.76276 2.11213 0.812804 2.55965 0.482814 0.691447 0.951089 1.13201 1.07399 0.72658 0.246943 
1.15756 1.52945 2.06687 1.79944 2.36864 0.487932 1.08521 0.966865 0.379161 0.499254 0.949758 0.202367 
1.23864 1.64675 2.11164 1.47946 2.26925 1.05739 1.21508 0.829528 1.1253 -0.108844 1.09696 0.280012 
1.15146 1.70935 1.91114 1.41442 2.52353 1.6262 1.81617 1.28869 0.405292 0.752644 0.478984 0.229434 
1.03766 1.40578 2.57597 1.51112 1.95511 1.64348 1.25323 1.62309 1.29858 0.357988 0.316044 0.239052 
1.15423 1.30703 2.30774 1.55423 1.75851 0.837611 1.91499 1.91915 1.48157 0.668297 -0.0975407 0.219218 
1.11009 1.2724 2.36573 1.29834 1.87498 0.481676 1.63226 1.66043 1.66749 1.54074 -0.00540539 0.264578 
1.16603 1.33711 2.62053 1.61373 2.35833 0.957929 2.1107 1.32423 1.76022 0.483647 0.0901326 0.351205 
1.11242 1.10589 2.24135 1.81128 0.910351 1.04598 2.55204 1.1895 1.95507 0.419585 0.658452 0.284932 
1.09456 1.58419 2.01623 1.18957 1.37321 0.784746 2.66505 0.52507 1.95275 0.673224 0.749185 0.290597 
1.07292 1.8957 2.10067 1.06707 2.29887 1.31023 1.96225 1.65315 1.01371 0.0612578 0.882198 0.178118 
1.01411 1.73982 1.90417 1.61146 2.31036 0.191965 1.08515 1.58213 1.6905 0.249825 0.764201 0.231076 
0.967987 1.24888 1.92013 1.44468 2.01124 1.04201 1.95798 1.88396 0.793767 0.982868 0.305106 0.212044 
1.03943 1.24566 1.99222 1.14366 2.1925 0.468004 2.19424 2.04448 0.766277 0.632557 0.426702 0.240663 
1.04199 0.942453 2.03471 1.08993 2.33936 0.732856 1.41545 1.29569 1.15546 1.23218 0.402576 0.174706 
0.985205 1.04469 1.99599 1.63277 2.03034 1.4218 1.29837 0.795641 1.42305 0.359653 0.352757 0.201999 
0.872075 1.50365 1.61793 1.27727 1.71128 0.224477 1.22817 1.1279 1.80055 0.722299 0.570637 0.187936 
0.966108 1.30574 1.5277 1.18623 1.02893 0.566215 1.73172 0.991886 1.61666 0.613049 0.619777 0.160309 
0.944534 1.07798 1.78373 0.879344 0.885866 1.24219 1.01308 1.39852 1.4464 0.948754 0.742142 0.0795518 
0.80992 1.00487 1.92595 0.254706 1.36663 0.768385 1.10413 0.845751 0.504738 0.166045 0.358216 0.0207437 
0.904705 1.08982 1.97151 0.844157 2.30913 0.410563 1.50915 0.718155 0.83868 0.131175 0.173241 0.203391 
0.912709 1.0603 1.71256 0.60824 1.45834 0.780876 1.599 0.776093 0.46954 -0.0455 0.543728 0.0833622 
0.757412 1.31043 1.79181 1.31889 1.41581 0.641243 1.31156 1.7357 -0.0109071 0.384964 0.304706 0.0544453 
0.869176 1.55806 1.65925 0.507567 1.18215 1.28127 0.113395 0.410771 -0.247046 0.504368 0.870858 -0.00577235 
0.950431 1.39238 1.10558 0.0616667 1.44293 0.171827 0.409069 0.539773 0.920417 0.626765 0.960042 0.0931534 
0.845837 1.4172 0.993327 -0.0420891 0.438011 0.291342 0.497365 0.653124 1.14749 1.04714 0.683408 0.147173 
0.912931 1.40267 1.56701 0.535874 0.00864747 1.13477 0.937578 0.52359 1.20119 0.733646 0.700736 0.0668167 
0.876234 1.19022 1.58676 0.360149 1.32421 0.798025 1.14714 0.672037 -0.0734478 0.340277 0.811401 -0.0408541 
