0.885538 1.37205 0.925174 0.784246 0.966154 0.0232254 0.700109 0.879885 0.060414 1.38799 0.879604 0.104671 
0.723706 1.29987 1.69616 0.493695 1.0105 0.272711 0.248202 1.28136 0.329746 1.74532 0.738675 -0.0244796 
0.637518 1.19292 1.41931 0.801581 1.17068 0.878587 0.271954 0.959438 0.486411 0.777774 0.52355 -0.0433864 
0.629452 1.05236 0.962979 1.27796 1.15932 1.11459 0.628682 0.641326 -0.159391 -0.485385 0.108277 0.00214091 
0.847161 1.34015 0.724932 1.14141 0.363547 1.0181 1.10262 0.961114 0.493944 0.490661 0.31255 -0.0108685 
0.799607 1.3738 1.2602 0.633281 1.43638 0.628209 1.54575 1.00244 0.733902 0.955923 0.239991 0.0704142 
0.532045 0.857107 1.19419 0.932322 0.535023 0.825812 0.679381 0.176647 0.892424 0.606372 0.686842 -0.110917 
0.702729 0.985743 1.01391 1.14714 0.0317816 1.18005 0.734907 0.796031 -0.0840545 0.846962 0.55512 -0.033197 
0.725505 1.20724 1.43208 1.0695 1.10586 0.98947 0.970574 0.702054 1.38317 0.692436 0.291021 0.0346595 
0.678029 1.26468 1.76291 0.595945 1.16856 1.0354 0.530244 0.199636 1.70927 0.782663 1.09556 -0.0542439 
0.555179 1.3118 1.55842 0.630495 1.07513 1.59987 0.93599 -0.030611 1.00093 1.18499 0.594666 -0.000302636 
0.579172 1.38349 0.858857 0.656591 1.08308 0.312385 0.889342 0.450022 0.656985 0.495778 0.596321 -0.0354713 
0.67738 1.31215 0.872048 0.908973 1.40971 0.297083 1.47604 0.181979 0.327667 0.932987 0.718391 -0.077884 
0.729869 0.912884 1.28258 1.08228 0.63634 0.411598 0.639932 1.06571 1.17171 0.549882 0.540203 -0.0381374 
0.815195 0.968743 1.08588 1.05325 0.800139 0.751192 0.0916748 1.24118 1.4187 0.192152 0.558104 0.0275749 
0.749246 1.03697 1.44094 1.21451 -0.126274 -0.58703 0.497225 1.11793 0.634118 0.74274 0.626212 0.0562489 
0.643344 1.09237 1.25053 0.590478 0.169007 -0.105136 0.53396 0.665614 1.35644 0.0913508 0.420238 -0.028378 
0.620769 0.940414 1.0501 0.604346 1.22314 0.334954 0.394618 1.03707 0.701561 0.0198753 0.0339777 0.00725954 
0.848267 0.699159 1.14984 0.583152 0.563424 0.610864 0.2254 0.214421 -0.203103 -0.00871968 -0.0601608 -0.0809559 
0.653452 -0.968875 1.81472 -1.0478 0.665478 1.85258 0.555066 -0.746338 0.168812 -0.23786 0.372818 0.201967 
0.760501 -0.56468 2.35879 -1.00421 1.09437 1.85587 0.911484 -0.67486 0.0535902 -0.446884 -0.12398 -0.109885 
0.759334 0.326105 2.47806 -0.337858 0.451456 0.546075 1.12285 0.659629 0.765923 -0.71236 -0.377192 -0.265749 
0.447525 0.303943 2.48793 -0.475649 -0.41565 1.29929 1.88474 0.603085 0.992084 -0.482661 0.119509 -0.643069 
0.410913 -0.41818 2.77667 -0.296843 -0.495513 1.10926 2.02348 0.737574 0.886054 -0.226459 0.0628478 -0.375146 
0.364302 -1.08387 1.69776 0.173456 -0.543794 0.847528 1.89229 -0.244357 1.16839 -0.612774 0.0391765 -0.308599 
0.527825 -1.46997 1.38278 0.324985 -0.679239 -0.411585 1.69834 1.03867 0.336106 -1.0504 0.16938 -0.300467 
0.450186 -2.1087 0.822915 0.505481 -0.574889 -1.466 1.70664 1.55926 1.09392 -0.0330043 0.0485034 -0.379217 
0.417971 -2.10853 0.245872 0.773303 0.191726 -1.41696 1.26686 0.731068 1.45801 0.0127664 -0.551864 -0.304875 
0.511191 -1.6268 0.836296 1.20938 0.893661 -0.712259 0.924858 0.400755 2.38092 0.201331 -0.46976 -0.280231 
0.464283 -1.69731 0.46893 1.15944 1.11856 -0.915621 0.658675 0.891901 1.52785 0.804181 -0.18233 -0.468563 
0.351238 -2.25508 -0.137064 0.184282 0.965729 -0.691829 1.11918 0.380385 0.720701 0.991994 0.152898 -0.364809 
0.509529 -2.36671 -0.704084 0.74911 1.50966 -0.734583 1.25036 0.413598 0.954579 0.721742 -0.570018 -0.222424 
0.575856 -2.18639 -0.607379 0.307271 1.83695 -0.885415 0.122394 1.32551 2.43472 0.522636 -0.697485 -0.340294 
0.841715 -2.53185 -1.15996 0.161163 2.24938 -0.169138 0.948997 1.25129 0.592225 1.28093 -0.265465 -0.24668 
1.01752 -2.36607 -0.672628 0.517862 2.24286 0.93128 0.584969 0.451993 -0.751243 0.315745 0.251744 0.131672 
1.01696 -2.26686 0.590077 1.44717 2.44101 0.698275 0.642432 1.10525 -0.441277 0.0819267 0.0919142 -0.18279 
1.09116 -1.66438 0.823502 2.16759 2.41338 0.712283 1.5368 1.60812 0.484696 0.410729 -0.0651509 -0.158482 
1.59444 -0.676594 0.807574 1.69984 2.79467 1.23066 1.53931 1.41158 0.453048 0.393381 0.0366508 -0.0617904 
2.16869 -0.524934 -0.569948 0.868406 3.62727 2.26346 0.899764 0.199123 1.07849 0.0914762 -0.171421 0.130353 
2.32369 -0.518232 -1.46693 1.67187 3.86389 1.78746 1.42859 -0.0631504 0.831078 0.0879499 -0.0291352 0.140405 
2.15662 -0.535153 -0.694435 1.95827 4.41606 1.99544 1.00906 0.0879312 0.282675 -0.0345052 -0.0684961 0.203842 
2.09053 -0.0362226 -0.553907 1.73139 4.67604 2.12738 0.972976 0.21309 0.146611 0.0360495 -0.0401705 0.168665 
2.09718 -0.106749 -0.61165 1.88039 4.47567 2.226 1.02797 0.242286 0.225203 0.0219718 0.00644848 0.189924 
2.10854 -0.0571394 -0.834672 1.21617 4.45398 1.77429 1.40686 -0.290496 1.06229 0.174329 -0.126865 0.181164 
2.11762 0.0464023 -0.780685 1.95749 4.90022 2.3271 0.869351 -0.629165 0.833558 0.242732 -0.0139147 0.0950152 
2.05167 0.324479 -0.818273 2.49971 5.45564 1.94635 1.12381 -0.632988 0.749108 0.212056 -0.0288567 0.116212 
1.88903 0.397003 -0.541616 2.3749 5.09983 1.63076 1.68956 -0.52378 0.618209 -0.00648219 -0.0782707 0.191352 
1.85878 0.366685 -0.688697 2.39647 4.52742 1.46223 1.40379 0.0531858 0.766774 -0.291278 -0.238186 0.150594 
1.74969 0.626569 -0.858516 2.53773 4.87964 1.86336 1.15707 -0.394691 0.857833 -0.110383 -0.125527 0.0352476 
1.83162 0.614691 -1.10935 2.03232 4.87686 1.32216 1.19814 -0.324897 0.946172 -0.0946705 -0.0641082 0.143796 
1.64409 0.907606 -0.742204 1.30891 5.17968 1.85761 0.800312 -0.446872 0.762742 -0.285056 -0.00204724 0.0115588 
1.67221 0.902107 -0.897654 1.63466 5.12078 2.01744 -0.15723 -0.185022 0.411713 -0.291442 0.0892093 -0.0163309 
1.66656 0.868144 -1.01445 1.64626 5.05662 1.8691 0.331428 -0.686008 0.647343 -0.295473 0.172339 0.0165268 
1.60475 0.882856 -0.649217 1.39884 6.04034 1.58469 0.820765 -1.00124 1.02346 -0.199986 0.0653022 0.089009 
1.56617 0.766517 -0.258033 0.998744 6.20512 1.7843 0.216256 -0.745222 0.809626 -0.24064 0.105944 0.0329606 
1.7114 0.771618 -0.922096 0.565741 5.43688 1.48078 0.46613 -0.234655 0.575791 -0.118432 -0.0305911 0.0549711 
1.65233 1.0402 -0.488979 0.508929 5.53749 1.93 0.883145 -0.747221 0.822666 -0.479231 0.149777 0.0716937 
1.71382 1.04493 -0.495414 0.937461 5.5499 2.59953 0.383168 -0.587119 0.659536 -0.22754 0.274934 -0.0297301 
1.88342 0.72448 -0.140179 1.27189 5.95502 2.20791 0.463138 -0.221118 0.637354 0.0238444 -0.0438896 0.103447 
1.85589 0.964645 0.256661 0.874839 6.42799 2.21573 0.538472 -0.23146 0.944532 -0.148203 -0.0851559 0.0702075 
1.91569 1.2216 0.672376 0.483489 6.35616 2.40273 0.555621 0.0454211 0.908011 -0.254866 0.0254587 0.0340624 
2.04753 0.934059 0.143815 1.16433 5.54543 2.02178 1.21542 0.545775 0.553923 0.271213 -0.308875 0.0343733 
2.03561 0.918406 -0.775203 1.88755 4.79058 2.10475 1.69442 0.572907 1.24883 0.107177 -0.343454 -0.00868682 
2.01419 1.19754 -0.948882 1.45194 5.18297 3.16415 1.23894 -0.243232 0.791005 0.282343 0.310001 0.0735197 
1.92077 1.40804 -0.392255 1.87646 6.32113 3.15483 1.33237 -0.36051 0.822357 0.14375 0.412365 0.185767 
2.02281 1.32388 -0.751117 2.43866 6.23924 1.98449 1.95013 -0.231272 0.964448 0.217596 -0.0410844 0.305743 
1.9714 1.14467 -0.278697 2.18193 5.98003 2.79227 2.14851 0.0520686 0.827488 0.320158 0.025181 0.2353 
1.74847 1.04394 0.0274971 2.25746 5.86079 3.16472 1.89036 -0.0466671 1.25489 0.270614 0.192649 0.229865 
1.83553 0.886858 0.0753725 1.69793 5.33497 3.77578 1.59511 0.273044 0.892145 0.454529 0.251003 0.183862 
1.80152 1.03621 0.0460687 1.94887 5.85165 2.81904 1.85862 0.0932993 1.54124 0.118007 -0.0563506 0.154627 
1.99228 0.893055 -0.00969062 2.5968 6.18509 2.82128 2.31878 -0.281238 1.49477 0.329559 -0.00786643 0.227577 
1.89921 1.03269 -0.405468 2.74812 5.83546 2.78875 2.56427 -0.417886 1.55615 0.256783 0.33816 0.28976 
1.84004 1.21005 0.381528 2.17593 6.21391 3.56953 2.04246 -0.0604103 1.40253 0.416797 0.471982 0.322618 
1.89196 1.17179 0.540345 2.62692 5.46908 3.22911 2.04525 0.657256 1.267 0.304233 0.40666 0.384931 
1.78346 1.2968 0.852153 2.1777 4.76381 3.22924 2.1938 1.27133 1.10777 0.460665 0.224082 0.28748 
1.79738 1.31643 1.06695 1.85358 4.90725 3.36375 2.27888 1.76717 1.72642 0.294732 -0.153056 0.155185 
1.74802 1.26942 0.740247 2.3699 4.50847 3.15858 2.49951 1.35698 1.97687 0.508299 -0.393722 0.0111069 
1.60709 1.16215 0.654786 2.243 4.21931 3.32054 1.91903 1.16142 1.37869 0.508211 -0.33637 0.0386975 
1.64593 1.21087 0.681504 1.32958 4.10897 3.27834 1.94263 0.959341 0.808496 0.15613 -0.163015 0.080474 
1.72395 0.959521 0.772905 1.54189 3.6104 2.58044 1.49348 1.05792 1.33701 0.00103282 -0.369628 -0.0601113 
1.68218 0.883367 1.03377 1.75867 3.70611 2.83457 2.03939 0.989378 0.969142 0.80324 -0.501656 -0.133372 
1.62568 1.12201 1.04246 2.02535 4.71134 2.43041 1.93032 0.898073 1.64301 0.727856 -0.248277 0.0670505 
1.58972 1.06666 1.22392 1.99685 5.03626 2.71082 1.66604 0.865278 1.78832 0.203317 0.10628 0.26817 
1.59395 1.40711 1.48346 1.93148 3.92524 2.63801 2.76891 0.924295 1.03142 0.177803 0.252007 0.362856 
1.46269 1.40915 1.53134 2.18909 3.38619 2.80004 3.22605 1.05917 1.27498 0.0155824 0.109557 0.352782 
1.46532 1.11838 1.08821 1.81489 4.02818 3.2114 2.32182 0.492447 2.09733 0.295934 -0.193469 0.215877 
1.48945 1.24445 0.816588 1.92264 3.97379 2.86154 1.45187 1.00144 1.56822 0.400749 -0.199714 0.0227151 
1.33114 1.03477 1.32167 2.06312 3.00351 1.61106 0.910126 0.658431 1.64985 0.60116 -0.180091 -0.035588 
1.33917 0.940368 1.24368 1.19827 3.45054 2.28748 1.476 0.741423 1.51277 0.167694 -0.289285 0.0741269 
1.21148 0.998061 1.29976 1.45589 4.03974 2.68737 1.32832 0.288855 2.04062 0.286111 0.229393 0.260114 
1.16978 0.970694 0.878873 1.65331 3.62935 1.88317 1.07645 0.976538 2.71154 0.482215 0.0714336 0.0892213 
1.27392 1.248 1.43754 1.32645 3.33482 2.09576 1.87919 1.25217 1.7312 0.167279 -0.0778338 0.205469 
1.32431 1.36164 1.91647 1.08814 3.08373 2.71924 1.31462 1.12467 1.51305 -0.121831 0.278089 0.226738 
1.50778 1.23024 1.2296 1.80626 2.55359 2.24699 0.969988 1.15381 1.43136 0.0684228 0.350143 0.207991 
1.49297 1.60849 1.97631 1.77079 2.78779 1.41946 1.45838 1.25453 1.22429 1.13571 0.232242 0.188903 
1.26265 1.89306 2.63751 1.95013 2.76348 1.70185 2.07541 1.48255 1.6153 0.843741 0.131908 0.306179 
1.3009 1.78698 1.89589 2.44852 3.42175 1.9906 1.6666 1.18777 2.12513 0.421011 0.298348 0.238053 
1.37751 1.6921 2.05189 2.70205 3.21678 2.16325 2.42251 0.961932 1.75199 0.496757 0.354111 0.291081 
1.32407 1.58106 2.41139 2.00721 3.23381 2.22717 2.31988 1.40124 1.55199 1.12901 -0.0932756 0.282113 
1.19448 1.58847 2.03581 1.83698 3.10011 2.14087 1.95699 1.49953 1.65095 0.626415 0.215256 0.304826 
1.14978 1.6589 1.96063 1.72758 3.19338 2.19202 2.45963 1.27481 1.06262 0.310688 0.557642 0.335083 
1.16982 1.71075 1.86736 1.60576 2.9603 1.7511 2.03708 1.1136 1.36592 0.727897 0.497405 0.302037 
1.24813 1.4962 2.32083 1.76604 2.93057 1.99596 2.3782 1.032 1.25557 0.873063 0.373262 0.336481 
1.18634 1.68842 2.49064 1.67008 3.08199 1.99711 1.73562 1.50696 1.56666 0.92323 0.241892 0.321547 
1.20517 1.67493 2.63821 1.97373 3.14869 2.38374 1.49877 1.59467 1.0465 0.841598 0.490564 0.277025 
1.20833 1.45025 2.19026 2.05959 3.18402 1.77067 1.5007 1.49003 0.906551 1.03709 0.547658 0.266866 
1.22724 1.43935 1.97072 1.75655 2.63108 1.88416 1.93542 1.43685 1.24317 0.990523 0.412629 0.286328 
1.28447 1.44877 2.07951 1.5923 2.31722 1.26432 2.28276 1.12886 1.44346 1.03604 0.39256 0.296998 
1.30247 1.84798 2.44143 1.44123 1.85453 1.20097 2.86079 1.70442 1.70035 0.769381 0.198914 0.264933 
1.30413 1.71648 2.50549 1.55555 2.14522 1.74576 1.94011 2.12902 1.46547 -0.108717 0.631158 0.267035 
1.20596 1.76305 2.37317 1.19772 1.80712 1.45314 1.83447 1.25498 2.10462 0.104382 0.823351 0.322484 
1.06024 1.54366 1.99607 1.78211 1.89573 1.64216 1.55489 1.45577 1.39536 0.699968 0.84453 0.261759 
1.20914 1.33737 2.67291 1.55079 2.28816 1.52985 1.51095 0.767452 0.959247 1.50039 0.52597 0.246165 
1.29553 1.15987 2.79533 0.902471 1.6904 1.30632 1.42922 1.5079 1.72876 1.39311 0.381499 0.275738 
1.28102 1.25176 2.40856 1.38874 1.80292 1.24227 0.973205 1.20622 2.08787 0.701386 0.487332 0.32245 
1.16593 1.42582 2.00988 0.736194 2.71169 1.27805 1.32821 1.528 0.995188 0.500876 0.542294 0.174785 
1.19166 1.4619 2.35492 0.0760788 2.36476 1.93372 1.21102 1.48535 0.906486 0.591452 0.513044 0.176998 
1.13281 1.43596 2.60788 0.542548 2.57668 1.28494 1.27594 1.42879 1.50444 0.853072 0.673465 0.300478 
1.18656 1.78823 2.70491 1.47997 1.89743 0.218688 1.57301 1.75553 1.65687 0.642914 0.679275 0.377676 
1.05996 1.6676 2.4223 1.70862 1.37865 0.143789 1.73632 1.72093 1.92571 0.725653 0.659592 0.36644 
1.13198 1.30696 2.17744 1.08868 1.82964 1.0418 2.26848 1.73319 1.37816 0.537215 0.650379 0.267226 
1.18754 1.454 1.99437 0.57734 2.21195 0.724354 2.17031 1.87737 1.24522 0.979225 0.563302 0.249468 
1.20862 1.47463 1.90555 0.978834 1.67804 0.068095 0.42642 0.892093 1.40832 1.65748 1.08272 0.316687 
1.27772 1.26216 2.00838 0.77315 1.52957 0.600712 -0.260762 1.04578 1.0663 1.32668 0.819174 0.155216 
1.22024 1.39951 2.19026 0.453542 0.989761 1.10903 1.32691 1.29522 0.660517 0.738167 0.392062 0.0592853 
1.25167 1.35182 1.97212 0.567347 0.487055 1.30332 2.11168 0.421727 1.57113 0.265104 0.634531 0.173736 
1.23597 1.57926 1.75167 0.606738 1.23011 0.617626 1.17483 0.0945138 1.69902 1.23757 0.675224 0.269534 
1.09567 1.31178 1.3547 0.704237 0.658017 1.72363 1.72531 0.985218 1.13677 0.991123 0.91783 0.125171 
1.25363 1.6194 1.73117 1.0452 0.640931 0.654756 0.881463 0.480498 2.07977 0.710332 1.06477 0.310054 
1.33016 1.55244 1.72838 1.0381 1.31284 0.441934 0.811435 0.367254 1.65818 0.895202 1.01694 0.317405 
1.36181 1.34296 2.26179 0.507618 1.85159 0.819353 1.43466 0.387072 1.71949 0.621731 0.590144 0.385134 
1.22915 1.40277 1.88943 0.111486 1.96567 0.88902 1.39013 0.860043 1.41929 0.950476 1.11768 0.323993 
1.19993 1.4405 2.05495 0.347186 1.69976 0.986418 0.8365 1.55909 1.21962 0.674573 1.41322 0.245104 
1.20755 1.44413 2.2692 1.1103 1.90085 1.15187 0.542929 1.15604 0.888861 0.90367 0.999519 0.228271 
1.04958 1.4628 2.00867 1.47169 1.75761 1.62227 1.22152 0.208936 0.996252 0.642325 0.626353 0.170568 
1.12874 1.59214 1.51934 1.25238 1.22336 1.03561 1.43184 0.622279 1.22402 1.00426 1.30317 0.241469 
1.08598 1.92445 1.52969 1.02686 1.73995 0.144596 1.5746 0.442333 1.37475 1.57442 1.06032 0.351565 
1.13928 1.98589 1.64972 2.14543 0.923452 0.795035 1.45834 0.28224 1.42129 0.982227 0.870741 0.233904 
1.09063 1.77296 1.95149 1.03957 1.49151 0.861076 1.13665 1.29289 1.22541 0.79345 0.883679 0.22138 
0.945936 1.94333 1.93225 0.792965 1.81072 0.520323 1.23283 1.08104 1.93857 0.993844 0.765855 0.263395 
1.21126 1.52366 1.60273 0.817542 1.51921 0.775568 1.09619 1.16176 1.41693 1.09756 1.11191 0.26005 
1.15094 1.48219 1.65493 1.6624 1.16272 0.93307 0.768693 0.585383 1.86031 0.5437 0.698479 0.196908 
1.18276 1.55786 1.56505 1.26011 0.826462 -0.00388492 1.41079 0.198462 1.32056 0.46607 0.236777 0.154975 
1.22048 1.25245 1.74517 1.05431 1.46311 -0.0125355 1.62229 1.28306 0.954311 0.673836 0.409911 0.185863 
1.01123 1.38468 1.57852 1.12987 1.17436 0.595262 1.04825 1.00669 0.403568 0.971263 0.493718 0.0755305 
0.913772 1.37533 1.29837 0.643525 0.796724 0.715484 0.0291829 0.698039 0.585032 -0.184261 0.0938798 0.0636499 
1.00948 1.52233 1.90219 1.07239 1.54307 0.66365 0.0201574 0.889539 1.03899 0.704678 0.259763 0.134873 
1.01866 1.41435 1.91766 0.815278 1.64285 1.00386 0.711391 0.315048 1.60694 1.21162 0.301877 0.207115 
0.896496 1.3653 1.68987 0.719383 1.64958 0.297585 2.19681 0.970721 0.853563 0.613065 0.624134 0.093815 
0.841978 1.32015 2.14221 0.609218 1.75421 0.894667 1.64651 0.694982 0.355751 0.646147 0.284521 0.129501 
