0.63649 1.42351 -0.06337 -1.00516 -0.238672 -0.167649 0.735659 -0.0702278 1.34317 0.459218 0.342768 -0.0173444 
0.614755 1.33083 -0.519608 0.0883591 0.242349 0.682492 1.52451 0.379812 0.792319 0.507851 0.85354 -0.0866974 
0.613916 1.09262 0.030809 -0.3364 0.250819 0.198392 0.46009 0.289976 0.915508 0.459645 1.25816 -0.0542204 
0.626003 1.32014 -0.0635133 -0.423899 0.198483 0.112832 0.798711 0.312876 0.701963 -0.252903 1.07037 -0.02896 
0.766464 1.0699 -0.141981 -0.278473 0.111095 -0.399357 0.426054 0.706354 0.298929 0.135007 0.332042 -0.152446 
0.767006 0.949116 -0.708202 -0.605758 0.217679 -0.209853 0.746539 0.400468 0.058566 -0.221882 0.0684758 -0.400285 
0.878142 1.07887 0.0338895 0.293092 -0.695028 0.919548 1.12216 0.0610845 1.12685 -0.0889583 0.198239 -0.391716 
0.817481 0.817137 -0.100434 -0.300621 -0.364449 0.8255 1.44931 0.22217 1.36474 0.0806804 0.355499 -0.265483 
1.00886 1.09769 -0.00971345 0.0797757 0.757639 1.09558 1.44026 0.744682 1.35851 -0.493011 0.178348 -0.274993 
0.977986 1.35221 0.290167 0.385926 0.153584 0.366605 1.01537 0.552779 1.21698 -0.329052 0.0268568 -0.24691 
0.963292 1.29581 0.911377 -0.0319408 0.81621 0.637202 0.223282 0.610465 0.670782 0.266921 0.0867468 -0.176377 
1.12505 1.16305 1.7708 -0.140335 0.0390378 0.189724 -0.0486731 0.27883 0.647603 0.324798 -0.333379 -0.197199 
1.18041 1.53319 1.62413 0.0359409 0.373462 -0.165012 0.658262 0.230046 0.973157 0.0490167 -0.213592 -0.180117 
1.45431 2.03226 1.56305 0.495397 1.32464 0.211349 2.16867 0.707214 0.797894 -0.279972 0.296198 0.0749861 
1.50348 2.05259 1.89989 2.25125 2.49362 1.22597 0.37212 -0.254243 0.338943 0.0104951 -0.266854 -0.218693 
1.72811 2.04329 1.94861 3.04907 3.23057 0.525538 -0.312245 -0.847784 0.353263 -0.0392295 -0.318323 -0.351182 
1.84356 2.2709 2.10057 3.41702 3.58106 0.495434 -0.513515 -1.08189 0.29321 -0.299877 -0.430564 -0.452993 
1.93488 2.65242 1.87063 3.86812 3.48263 0.871326 0.422058 -1.21652 0.511193 -0.393005 -0.224032 -0.454803 
1.64227 2.37987 2.5216 3.01507 2.8092 1.06137 0.393375 -0.27229 -0.122506 -0.407768 -0.205318 -0.277593 
1.90727 2.207 1.53483 2.95487 3.87179 1.13792 0.106543 -0.20547 0.357989 0.212192 -0.260368 -0.308425 
1.88322 2.32802 1.69777 3.13467 3.94692 0.72013 -0.452926 -0.656964 -0.107687 -0.393952 -0.347634 -0.389253 
1.83817 2.35904 1.77979 3.40092 3.89306 0.239005 0.193546 -0.770126 -0.260519 -0.548287 -0.319325 -0.289638 
1.89847 2.3294 1.8729 3.45094 3.78202 0.372998 0.160493 -1.11728 -0.198425 -0.64581 -0.308759 -0.349402 
1.82935 2.56542 1.59409 3.04269 3.73807 0.627131 -0.0146245 -1.58758 0.0191558 -0.577346 -0.149129 -0.396122 
1.94547 2.52402 1.54031 3.08998 4.35742 0.492048 -0.169212 -1.36916 0.048894 -0.750328 -0.323855 -0.43105 
1.84321 2.51347 2.17695 3.18658 4.16172 0.65233 -0.414307 -0.929077 -0.154775 -0.361736 -0.398249 -0.450573 
1.75023 2.45511 2.23912 2.99859 3.93537 1.088 -0.198151 -0.682299 0.129306 -0.185851 -0.21097 -0.371819 
2.02539 2.52248 1.94402 2.90823 3.9332 1.33301 0.0584002 -0.595705 0.408443 -0.446681 -0.185555 -0.327794 
1.90444 2.66609 2.11152 3.13856 4.29155 1.00896 -0.0310118 -0.740452 -0.333376 -0.53193 -0.281876 -0.383585 
1.85267 2.64227 2.52349 3.02371 3.6883 1.50421 0.19622 -0.754128 -0.660399 -0.652451 -0.186487 -0.354672 
2.02114 2.70376 1.96714 3.15083 4.25522 1.76273 -0.191958 -1.01802 -0.278006 -1.01313 -0.169485 -0.447321 
1.91246 2.49918 1.81648 3.69725 4.66411 1.11802 -0.375504 -1.12588 0.0130357 -0.707766 -0.234404 -0.514655 
1.91755 2.53837 2.29373 3.02644 3.97568 1.08015 0.58193 -0.448243 -0.76925 -0.684327 -0.213741 -0.260803 
1.79464 2.32899 1.95984 2.61853 3.72894 1.2977 -0.020747 -0.498425 -0.178263 -0.0685525 -0.0895974 -0.265744 
1.88619 2.48248 2.16783 2.44139 3.65743 1.52601 0.556696 -0.634252 -0.110408 -0.715421 -0.0136231 -0.197692 
1.87131 2.67337 1.47724 2.81756 4.5082 1.3809 -0.319987 -0.62909 0.285293 -0.632083 -0.00879703 -0.423369 
1.88946 2.74775 1.63568 2.71481 4.60289 1.63646 0.151188 -0.358072 0.317966 -0.923792 0.0695481 -0.374091 
2.0198 2.6646 2.25355 2.84856 4.38391 1.68953 1.00359 0.191896 0.24249 -0.972413 -0.0769222 -0.185155 
1.9085 2.7344 2.40463 2.88865 3.63556 1.47629 0.897758 -0.382708 -0.339029 -0.71307 -0.0757598 -0.205663 
1.85142 2.91499 2.63185 2.60447 3.31333 1.67653 1.21538 -0.492547 -0.350166 -0.950628 -0.0494108 -0.22561 
1.97108 2.94135 2.27261 2.81498 3.41845 1.41922 0.183565 -0.464192 0.256992 -0.740018 -0.112112 -0.295266 
1.8715 2.91343 2.6803 3.31693 3.70277 0.910509 0.0297773 -0.842006 0.724991 -0.641478 -0.278996 -0.371362 
1.95184 2.76614 2.58144 2.94214 3.31801 1.4645 0.481209 -0.659935 0.634278 -0.849331 -0.112683 -0.267734 
2.03354 2.59233 2.34788 2.89096 2.95914 1.42147 0.0701417 -0.799944 0.20086 -0.504179 -0.127108 -0.217778 
2.12007 2.54416 2.48395 3.00973 3.90889 0.711866 -0.535206 -1.08088 0.276735 -0.0758654 -0.384435 -0.365075 
2.19698 2.504 2.0986 3.05423 3.9396 0.632396 -0.255432 -1.41937 0.407106 -0.0155523 -0.306693 -0.351623 
1.892 2.40024 2.13465 2.6593 3.17104 1.11616 -0.629464 -1.34647 -0.210942 -0.0561281 -0.0939888 -0.253076 
2.10838 2.50136 2.39967 2.11091 3.67595 0.788464 -0.643001 -1.03516 -0.012744 -0.00665607 -0.216674 -0.266814 
2.05456 2.61422 2.61213 2.19728 2.30648 0.539257 -0.332596 -0.84244 -0.0418195 -0.16569 -0.245169 -0.1751 
2.12681 2.83716 3.00033 1.81473 2.01815 0.313264 -0.554207 -0.770034 0.383039 -0.441697 -0.222367 -0.117632 
1.94893 2.49257 2.87749 2.21891 1.75128 0.401278 0.717044 0.173858 -0.194671 -0.213753 -0.162703 -0.127491 
1.88428 2.65279 2.79239 2.23426 1.91216 0.181614 -0.266044 -0.33429 -0.30842 -0.214059 -0.196112 -0.0874885 
1.77331 2.41191 2.50611 2.26506 2.25056 0.960879 1.16184 0.103298 -0.141336 -0.447126 -0.0802922 -0.120077 
1.77154 2.35236 3.33598 1.92638 2.79993 0.14881 1.07914 -0.276763 0.175378 -0.1138 -0.31166 -0.0275498 
2.00649 2.95128 2.48864 -0.3266 0.327938 -0.522445 1.04266 0.209242 1.29425 0.181377 -0.0145123 -0.0437905 
2.00266 2.87875 1.48709 -0.758213 0.357964 -1.30728 0.400779 1.41066 1.46698 0.139019 0.0654599 -0.282472 
2.08239 2.3643 2.0824 0.162419 0.679753 -0.475771 1.13539 1.807 1.76084 0.0365314 -0.160874 -0.251369 
1.9589 2.78129 2.75421 0.53046 0.967406 -0.611984 0.882141 1.49649 0.985301 0.210599 0.17838 -0.0703625 
1.89775 2.57674 2.33632 0.562833 1.16504 -0.152013 0.765699 0.71503 1.60747 0.541692 0.0111981 -0.0406828 
1.88686 2.42533 2.43102 0.600013 1.06228 0.409936 1.80021 0.257579 1.44317 0.843483 -0.274605 -0.0861806 
1.79388 2.29926 2.24099 0.876529 1.60781 0.091599 1.85783 1.66787 1.08505 0.912528 -0.360345 -0.184327 
1.73085 2.5265 2.6044 1.00186 1.34329 0.6326 1.14687 1.09513 1.07233 0.581139 -0.127439 -0.0822426 
1.69003 2.35844 2.63188 1.52342 1.31042 0.53396 1.51403 1.52249 1.88023 0.313925 -0.0421467 -0.0224614 
1.69793 2.33253 2.73536 0.956083 1.75602 0.578393 1.41521 1.99224 1.72864 0.543196 0.0572662 0.00953573 
1.71216 2.11394 2.55744 1.87417 1.71893 0.801258 1.5307 1.35562 1.51657 0.565323 0.0470539 0.0837946 
1.68973 2.10623 2.50643 1.92945 1.28966 0.665437 2.1323 1.00172 0.907177 0.489376 0.202946 0.0973261 
1.68061 2.60115 2.7715 1.19515 1.16897 0.283043 1.3394 1.51807 0.219676 0.0287909 0.325217 0.00545774 
1.59188 2.36162 2.69621 0.962342 1.35719 0.068068 1.30512 1.79439 0.772649 -0.0184511 0.371335 0.0290923 
1.56711 1.98841 2.82821 1.29201 1.68778 0.232454 1.90994 0.877223 1.18817 0.152166 0.043281 0.135439 
1.52979 2.18975 2.53645 1.11402 1.28225 0.438098 1.98008 0.388307 1.60625 0.331131 -0.134335 0.0699713 
1.50688 2.28078 2.95283 1.41648 1.16177 0.297391 1.21917 0.972788 1.50208 0.68056 0.123041 0.188543 
1.60974 2.26847 3.13039 1.29158 1.56832 0.531989 1.69861 0.53098 1.22772 0.057293 0.22352 0.192921 
1.46806 2.01996 2.85454 1.04799 2.09723 1.5362 1.25077 -0.0965352 0.818551 0.0368626 0.0460583 0.136123 
1.44319 2.16803 2.71307 0.867683 1.5948 1.64173 0.543162 1.10211 1.54991 0.466931 -0.00360931 0.0996162 
1.39825 2.1373 2.62698 1.0479 0.943304 0.838954 1.34285 0.834152 1.37671 0.633802 0.0276201 0.122128 
1.36442 1.69799 2.64959 1.10698 1.45433 0.362526 1.3173 0.610326 0.775178 0.52847 -0.0418893 0.0740481 
1.34844 1.60624 3.04574 1.07961 1.99942 0.47739 1.77525 1.75447 0.413479 0.400703 0.0598729 0.0532912 
1.37032 1.71048 2.65259 1.89408 2.56996 0.583925 2.27076 1.73083 0.589653 0.0335758 0.00586454 0.127702 
1.41339 1.63383 2.16532 1.64648 1.80581 0.859744 2.57969 1.54634 0.898142 -0.0729982 -0.142385 0.0369868 
1.34856 1.72266 2.05521 0.843836 2.26891 1.27788 1.97067 0.774289 1.08062 0.505893 -0.0914296 0.113835 
1.33781 1.77744 1.30327 1.15961 3.1255 2.2686 1.53953 0.468088 0.683463 0.543583 0.188696 0.138007 
1.32858 1.77453 2.36021 1.24704 2.39932 1.4033 1.34214 0.374188 1.28346 -0.278503 0.0192645 0.074925 
1.25537 1.6302 2.21255 0.64207 1.9125 0.765054 1.17521 1.13305 1.23478 -0.378159 0.0496721 -0.00232764 
1.21571 1.27812 2.18847 1.49407 1.57632 0.586006 0.717798 0.311761 0.488677 0.00634074 0.385391 -0.0034577 
1.00525 1.49295 2.07424 1.72071 1.77267 0.0837097 1.35075 0.693876 1.22629 0.0232595 0.559039 0.179107 
1.15509 1.61471 2.30194 1.69294 1.28046 0.609339 1.66341 0.45884 1.46663 0.164497 0.322485 0.198075 
1.10558 1.36118 1.83102 1.18772 1.2422 0.610434 1.31067 0.618805 2.0669 -0.105933 0.365196 0.165022 
0.976459 1.45412 1.75594 1.18121 1.15967 0.428741 1.52052 0.189987 1.26635 -0.160439 0.277725 0.0512398 
0.964613 1.31688 1.39211 0.529699 1.2232 0.72702 1.32103 0.182378 0.892288 0.288887 0.00201202 -0.0812748 
1.01343 1.43528 1.3566 1.0372 2.76463 1.25461 1.43743 0.14327 1.27367 0.586936 0.327956 0.168546 
1.17078 1.61724 2.14846 1.24482 2.1981 0.632297 1.11485 0.601038 1.95243 0.0983771 0.213875 0.215594 
1.08166 1.60128 2.01413 0.357687 1.17337 0.322954 1.35766 1.36617 0.918544 -0.67041 0.493511 -0.0141406 
1.14359 1.25626 2.31885 0.980067 1.16098 0.77513 1.00449 1.94855 0.978808 0.102861 0.213185 0.114136 
1.04032 1.1376 1.74202 1.21731 2.09258 1.27183 1.16447 1.55161 1.53225 0.425001 0.43155 0.175215 
0.99304 1.46306 2.00573 1.16695 1.80632 0.726997 1.7301 1.04323 1.12297 0.721737 0.207276 0.199473 
0.993682 1.26923 2.17088 1.1615 1.42671 0.125508 0.981691 1.35888 0.880978 0.864681 0.0969021 0.167419 
0.976645 1.29992 2.05652 0.605323 1.64652 0.962121 1.8807 1.58987 1.0619 0.205953 0.316341 0.161542 
0.959479 1.16855 1.89221 0.553496 0.913307 1.32802 1.52394 1.35963 0.992142 0.336904 0.853279 0.0923838 
0.923489 1.33245 1.8804 1.13451 1.04375 0.901853 0.713751 0.963521 1.93313 -0.521495 0.813186 0.0997826 
0.982732 1.10924 2.24857 0.811137 1.08313 0.667501 1.31144 1.22711 1.41839 0.269781 0.567746 0.178287 
0.923254 1.05663 2.11868 1.0645 1.58244 1.34665 1.36095 1.25393 2.04415 -0.141983 0.411302 0.236438 
0.943512 1.4866 1.36089 1.3616 0.918944 0.608815 0.687584 0.358149 1.63225 0.0581546 0.494154 0.0542404 
0.839826 1.22772 1.56846 0.935843 1.80515 0.427484 0.969302 1.1745 0.87054 0.391685 0.113532 0.075998 
