0.804129 1.48616 1.19216 -0.55676 0.859001 -0.487746 1.27321 0.196776 0.734161 -0.122026 0.321029 -0.129311 
0.873358 1.21478 1.61397 -0.554814 0.290437 -0.816534 0.638568 -0.527024 0.866961 -0.0198281 0.276122 0.00860737 
0.868039 1.13895 1.80221 0.391325 0.778631 -0.258658 1.39124 0.325667 1.67125 -0.306502 0.717452 0.0544998 
0.799577 1.21865 1.55435 0.524353 1.55078 0.327893 1.82063 0.198977 1.269 -0.624994 0.0779686 0.0709196 
0.810208 1.18526 1.87212 1.01274 0.952237 -0.115281 1.77816 -0.324083 1.49233 0.610671 0.579124 0.0733659 
0.766571 1.52079 1.64571 0.575223 0.95476 -0.812808 1.27105 -0.234593 1.45015 0.775815 0.706712 0.071127 
0.730977 1.53833 1.32488 0.249172 0.564681 -1.01407 1.50318 -0.450321 0.372301 -0.433835 0.374974 -0.145733 
0.699703 1.1359 0.968246 0.0455323 1.05565 -1.09816 1.28871 -0.101084 0.613164 -0.470326 0.913836 -0.0339359 
0.931063 1.37571 1.31146 0.593828 1.46647 -0.61232 1.60908 0.138758 0.975748 -0.170268 0.545191 0.0539245 
0.876772 1.15644 1.53712 0.460232 1.16211 -0.384098 0.676462 0.308752 0.717419 0.357085 0.554096 -0.0309995 
0.952996 0.835133 1.88589 0.258604 0.922083 -0.524838 -0.0954616 -0.282931 0.182528 1.44892 0.0709497 -0.116554 
1.10197 0.958236 1.495 0.875428 0.658505 0.0384392 0.28125 -0.186754 0.422479 0.80023 0.555751 -0.0340257 
1.05905 1.14314 0.902401 1.00316 1.13312 0.280057 1.34319 0.0698726 0.767902 -0.0144399 0.925229 0.0533912 
1.36501 1.2165 0.354706 -0.334658 2.05681 0.119301 -0.124286 -1.51805 0.757861 -0.193655 1.30295 0.187593 
1.47269 1.44017 0.751811 -0.142433 1.71655 0.539615 0.264905 -1.66369 1.05913 -0.177795 1.20666 0.301355 
1.58679 1.81614 1.6349 1.18626 0.902931 -0.284097 1.04641 -0.462169 1.5373 0.51874 0.487895 0.169352 
1.75625 2.41069 0.90424 1.13232 3.23821 0.0308399 -0.220126 -0.463308 1.53353 0.985856 0.132096 -0.181776 
1.82859 2.38669 0.791917 0.635978 3.48784 0.48831 -0.940584 -0.548661 1.51117 0.865343 0.51971 -0.262854 
1.95351 2.40965 0.726399 0.405398 3.72924 0.653694 -0.759979 -0.797851 1.40913 0.754716 0.492441 -0.309863 
2.00868 2.29595 1.02694 0.536996 3.83117 0.877547 -1.12901 -0.577244 1.08437 0.871266 0.531753 -0.253721 
1.84703 2.38948 0.727356 0.997988 3.88636 0.996547 -0.70952 -0.47752 1.1292 0.754681 0.508232 -0.252561 
1.68636 2.69089 0.478689 1.19547 3.84354 1.50896 -0.488259 -0.164238 1.30295 0.794601 0.517341 -0.376441 
1.70473 2.27742 1.22167 1.48556 3.87377 1.49961 -0.946429 0.342865 0.884623 0.814249 0.247898 -0.302789 
1.82988 2.13986 1.7308 2.04288 3.47585 0.509321 -1.28349 -0.09206 1.01991 0.578847 0.0643185 -0.196917 
1.8436 2.32921 1.29604 1.45731 4.04935 0.273965 -0.753171 -0.405746 0.832698 0.298689 0.193509 -0.17538 
1.93132 2.21347 1.29681 1.92566 3.99737 0.294739 -1.09122 -0.646188 0.789593 0.385614 0.0773174 -0.217663 
1.86238 2.42135 1.71881 2.22963 3.92542 0.49563 -1.1196 -0.768921 0.52273 0.384403 0.0596345 -0.230133 
1.93032 2.59784 1.7566 1.69109 3.62696 0.661755 -0.794186 -0.973593 1.0276 -0.149197 0.27038 -0.165416 
1.77695 2.76417 2.07231 1.83693 3.87106 0.859547 -0.969607 -0.51202 0.489488 0.160734 0.259899 -0.184459 
1.88494 2.41524 1.60755 1.95775 4.18334 0.773401 -0.123196 0.176539 0.382633 0.797721 -0.0352512 -0.147836 
2.07974 2.7633 0.91207 1.78114 4.16227 1.71944 0.0192507 -0.154919 1.30289 0.53072 0.29008 -0.329869 
1.85928 2.44841 1.87432 2.37019 3.52484 1.82231 -0.0756169 0.0420951 0.468987 0.419165 0.0617156 -0.169608 
1.85818 2.78292 1.99641 2.91124 4.2152 1.52459 -0.622443 -0.0697607 0.118679 0.821314 -0.138085 -0.279403 
1.79126 2.74519 2.13907 2.39057 4.48837 1.21935 -0.891005 -0.231504 0.219333 0.59136 -0.0924052 -0.359387 
1.88037 2.48124 1.63183 1.26411 3.78159 1.83013 0.268353 0.104001 0.604374 0.0713345 0.178074 -0.162357 
2.03723 2.45039 1.28603 0.823505 3.86076 1.08563 0.518 -0.0100931 0.723072 0.0561959 -0.00506388 -0.162895 
2.01023 2.43945 1.2423 1.57135 3.41786 0.997861 -0.084023 -0.637952 0.938213 0.191226 0.0513178 -0.229573 
1.84949 2.57961 2.05036 2.34639 4.07828 0.828499 -0.101101 -1.30679 0.662454 0.548935 -0.0465816 -0.191525 
1.78025 2.49691 2.05315 2.06985 4.30537 1.22045 0.522102 -0.773295 0.748783 0.550574 -0.0162049 -0.127173 
1.86155 2.7493 2.44547 1.03967 3.74843 0.977366 1.45453 -0.568236 0.779633 0.101339 -0.099995 0.0923588 
1.79029 2.60651 2.71013 2.2153 3.22661 1.36019 0.663026 -0.714808 0.743408 -0.375903 0.0222814 -0.0716152 
1.83153 2.60419 2.61251 2.27318 3.93239 0.865564 1.05547 -0.95518 1.28852 -0.580094 -0.0149213 -0.0385707 
1.65924 2.81536 2.56132 1.86491 3.44957 0.991755 1.49431 -0.0247501 0.915756 -0.606312 0.125312 -0.0459019 
1.76575 2.56699 2.93262 1.97969 3.77035 0.890394 1.73039 0.105453 0.39677 -0.438783 -0.0114876 0.0493732 
1.73984 2.4338 2.59365 2.73592 3.92416 0.802198 1.46718 -0.208379 0.761382 -0.26017 0.00104326 0.00236581 
1.70691 2.64553 2.7655 1.50771 4.34256 0.935328 1.00008 -0.141704 0.988862 -0.28377 0.0528519 0.0181983 
1.5767 2.39673 2.70566 2.3091 3.48632 1.34624 1.55161 0.149773 1.02396 -0.131941 0.157385 0.0558057 
1.65094 2.57829 2.3308 1.88398 3.33955 1.85455 1.55087 -0.418891 1.48279 -0.169631 0.220008 0.0466176 
1.5784 2.78507 3.2131 1.42026 3.13047 1.49834 1.40658 -0.712974 0.859148 -0.447739 0.112796 0.122006 
1.48849 2.53689 3.40817 2.1949 2.8807 1.14655 1.27177 -0.0710463 0.64657 -0.108321 0.0612888 0.0280744 
1.54145 2.73284 3.64288 2.35117 3.35582 0.979172 2.12903 -0.183593 0.418982 -0.55553 0.170338 -0.0122427 
1.49855 2.54553 2.78879 2.95751 3.58336 1.22749 2.13206 -0.244505 0.672242 0.00535997 0.239562 0.0214947 
1.56892 2.66248 2.63911 2.60658 3.1705 1.01053 2.84448 -0.204706 0.946263 0.117204 0.230324 0.140309 
1.5596 2.78112 2.68333 2.44451 3.28711 0.440257 2.1519 -0.513265 1.2774 -0.0887377 0.315777 0.187225 
1.45028 2.49331 2.25161 2.33127 3.0064 0.560975 2.62462 0.580657 1.5893 -0.0519501 0.386225 0.211067 
1.42672 2.3037 2.0838 2.05734 2.62264 1.06392 2.8755 0.628376 1.3384 -0.754834 0.373333 0.0887036 
1.33121 2.35036 2.28874 1.64533 2.35291 1.42813 2.14053 -0.44112 1.64325 -0.188308 0.479536 0.193844 
1.38611 2.04647 2.36355 1.78182 2.81303 0.609123 2.00086 0.616982 0.913415 -0.270369 0.603699 0.255609 
1.31821 1.88358 2.57961 1.72897 3.33775 1.03207 2.51324 0.79296 1.04472 -0.709418 0.601565 0.282466 
1.4561 2.01636 2.24584 1.54903 2.99782 1.21785 2.32037 0.74768 2.02962 -0.76909 0.195932 0.178349 
1.34435 2.18507 2.25796 1.88336 2.86333 1.47013 2.17248 0.107072 2.22847 -0.555666 0.317055 0.138319 
1.19316 2.25103 2.71064 1.80501 2.67667 0.973743 2.47944 0.68202 1.63021 -0.433865 0.17591 0.141922 
1.17345 1.8154 2.9394 1.63081 3.02797 1.07671 1.67029 0.871241 1.09289 -0.271594 -0.145126 0.121527 
1.29753 1.80723 2.3067 1.46788 3.11839 0.712221 1.7577 1.0398 1.06886 -0.329003 0.304045 0.172532 
1.34737 2.10865 2.4526 2.01078 2.1198 1.13259 1.92767 1.16426 0.953841 0.041132 0.331248 0.123791 
1.20395 1.92788 2.81426 1.98873 1.80283 1.59735 1.67577 1.08726 0.782732 0.0798842 0.546069 0.13235 
1.19254 2.2426 3.0877 1.56373 2.28672 1.18363 1.41942 1.63741 0.895476 0.540479 0.456314 0.194123 
1.29729 1.88913 3.10212 1.75005 2.45426 1.0461 1.89146 1.31783 1.23185 0.419347 0.343151 0.275817 
1.26198 1.55431 2.55776 1.89649 2.5618 1.37767 2.49823 1.00472 0.901878 0.7558 0.34829 0.276783 
1.21403 1.83412 2.53584 1.8273 1.93009 1.97738 3.00474 0.71229 1.18756 0.0169001 0.393124 0.205941 
1.21307 1.88005 2.71289 1.75184 2.15786 1.39958 2.26476 1.18976 1.46064 0.0980636 0.170749 0.212238 
1.24129 1.92532 2.74036 2.00034 1.73515 1.50599 1.35317 1.01256 1.17287 0.708574 0.277691 0.221273 
1.28381 1.88536 2.61544 2.0006 1.65439 1.98017 2.48393 0.780237 1.1778 0.422127 0.221005 0.164534 
1.23267 1.94633 2.35807 1.65576 1.72552 1.17882 2.15321 0.476424 1.0948 0.729523 0.350462 0.221788 
1.23637 1.76246 2.0655 1.59886 2.59883 0.915962 1.78274 0.640627 0.864328 0.196841 0.559714 0.213521 
1.2129 1.26147 2.56627 1.58942 2.06399 0.170936 2.08321 1.32992 0.805313 0.280769 0.233479 0.248343 
1.12605 1.56658 2.41715 1.11994 2.89351 0.329407 1.63684 1.74805 0.634967 0.355627 0.0627634 0.181215 
1.1583 1.43767 2.42535 1.0196 2.55334 0.686312 2.02576 1.52513 0.32294 -0.388391 0.124938 0.127787 
1.2156 1.31488 2.10348 1.6518 1.98822 1.89475 2.31052 0.613306 1.08631 -0.339714 0.245962 0.208931 
1.27864 1.48456 2.05192 1.3368 1.9294 1.33237 2.00614 0.0935761 1.46005 0.484635 0.210735 0.195787 
1.17278 1.54864 1.89065 0.911506 2.23384 1.38319 2.04163 0.685452 1.3153 0.829721 0.117646 0.216074 
1.26994 1.51931 2.50572 1.51701 2.33647 0.655676 2.51822 0.630376 0.9629 0.652603 0.234565 0.259081 
1.14835 1.6305 2.42557 0.840861 2.17039 0.844989 2.05624 1.59971 0.799293 -0.0200014 0.565473 0.122186 
1.01031 1.71316 2.50101 1.2531 1.94215 0.704768 0.910329 1.37621 1.06652 0.315166 0.506202 0.109089 
1.1642 1.4491 2.21488 1.46414 1.76522 -0.615537 1.02637 0.939218 1.12176 0.490917 0.818357 0.250946 
1.24465 1.04442 2.22311 0.915935 2.45986 -0.763837 0.696267 1.73683 0.92181 0.500176 0.754679 0.27407 
1.17486 1.22862 2.3439 1.13281 2.17929 -0.60768 0.913309 1.48109 1.44144 -0.234907 0.0289553 0.299536 
1.01508 1.42182 1.97754 1.22087 2.06682 0.335252 1.34099 0.283299 1.27046 0.577214 0.661442 0.20195 
1.03242 1.34846 2.32415 0.817879 1.57548 -0.384271 0.799064 0.210056 1.06667 1.07371 0.240667 0.214424 
1.14809 1.51453 1.73014 0.568891 1.50421 0.216428 0.696897 1.35348 0.641149 0.476783 0.195417 0.0231684 
1.13223 1.38556 1.65445 0.719874 1.02239 0.824977 0.709906 1.8933 0.36369 -0.0788103 0.346843 -0.0461744 
1.0479 1.46639 1.63168 1.64033 1.41567 0.768048 1.29135 0.920771 0.966247 -0.0430712 0.224284 0.0953016 
1.12377 1.54322 1.9325 1.69596 2.07031 -0.208746 1.43434 1.30184 0.908017 -0.412191 0.402775 0.17246 
1.10432 1.1471 2.45934 1.11633 1.58678 -1.07041 0.71041 0.951827 0.661012 0.594161 0.341946 0.199922 
1.19499 1.22342 2.21181 0.481215 0.95514 -1.17069 0.390046 0.56617 1.08267 0.538384 0.321424 0.197083 
1.10355 1.29377 2.03389 0.760176 0.823002 -0.48393 0.629307 0.161164 0.292599 0.00294905 0.421053 0.100225 
1.13763 1.09251 1.69759 0.397066 1.04063 -0.850506 0.584275 0.990453 0.0433236 0.619991 0.130342 0.0832424 
1.10367 0.787514 1.73944 0.0918877 1.86488 -0.540876 0.809798 0.83487 0.677702 0.148751 -0.178652 0.169911 
1.17661 0.967943 2.15999 0.296125 1.37004 -1.10069 0.539402 1.02073 0.839985 0.191983 0.234803 0.257152 
1.28685 1.49996 2.29025 -0.0255784 0.655916 0.0857792 0.45888 1.74772 0.86148 0.0520839 0.49882 0.0140014 
1.28259 1.89534 1.83383 0.723953 0.77966 0.0263609 1.16227 1.15849 1.23609 -0.189119 0.0496915 -0.0302119 
1.2779 1.4536 1.67141 1.40177 0.823002 -0.340758 0.989696 0.644206 0.980059 -0.159108 -0.0781398 -0.0268471 
1.3078 1.2979 1.59302 0.839945 0.494171 -0.766665 0.0925191 0.308551 0.963143 0.420319 0.445556 0.0868254 
1.1724 0.956809 1.59711 0.31462 0.808112 -1.09285 0.261667 0.0374229 1.41513 0.324816 0.530703 0.210051 
1.30999 0.721864 2.01874 0.480993 0.40893 -0.591007 1.01488 1.00615 1.21572 0.277037 0.379402 0.224254 
1.13219 1.20836 1.82147 0.868869 0.600169 -0.860832 0.478359 1.37915 1.49222 0.169694 0.15038 0.16652 
1.01804 1.50762 1.35956 0.93098 1.25619 -0.833589 1.57247 0.745839 1.73741 -0.491535 0.577897 0.0605868 
1.02086 1.5697 1.16556 0.856227 1.84771 -0.658636 1.46713 0.917173 1.82924 -0.527104 0.577259 0.0733837 
1.11766 1.56723 0.850847 0.0988741 0.724747 -0.289798 2.27027 0.281474 1.2722 -0.204064 0.561792 -0.00257102 
0.945082 1.23176 0.467041 0.0054111 0.763889 -0.0085617 2.06607 -0.851422 0.841823 -0.107292 0.448427 -0.0124247 
0.945504 1.05498 1.52399 0.151124 1.11934 -0.239336 1.45716 -0.54471 1.38213 -0.0587751 0.5037 0.092654 
1.21245 1.48225 1.34003 -0.200009 0.974447 -1.13629 0.936507 0.0824626 1.67823 -0.761444 0.814574 0.17733 
1.14773 1.55107 0.949734 0.0351076 0.704088 -0.974375 0.637723 0.297287 2.20626 -0.632899 0.171955 -0.094253 
1.16098 1.6083 1.10376 0.0678496 0.348379 -0.543395 1.35038 0.79368 1.43692 -0.192201 0.492949 -0.0393151 
1.18486 1.79878 1.34207 0.134909 0.87236 0.092649 1.64712 0.344791 1.06842 -0.0300622 0.374689 0.0264475 
