0.461433 1.03858 1.90248 1.42289 1.42681 0.405064 1.26164 1.0075 0.0365965 0.106353 0.508226 -0.0438453 
0.391343 1.15473 1.39698 1.3847 1.40276 0.965769 1.01925 0.323059 0.689496 0.332258 0.389618 -0.152436 
0.367909 0.819605 1.25693 0.939014 1.6081 1.24512 0.902194 0.475229 1.05533 0.0922066 0.234293 -0.18173 
0.369809 1.00473 1.28701 1.33722 1.23176 0.617327 1.28683 0.451067 0.63384 0.246945 -0.00328681 -0.0122691 
0.477708 1.15976 1.5538 1.37431 1.70522 0.740828 0.387811 0.688947 0.889703 0.573626 0.0652189 0.0307028 
0.523479 1.21082 1.17921 0.874565 1.423 2.01592 0.571039 0.582783 1.11527 0.332708 0.168715 0.01183 
0.56149 0.951817 1.27635 1.22926 1.38866 1.81565 0.949233 0.461722 1.36499 0.659782 0.108666 0.0935159 
0.721046 0.773787 0.815802 0.871594 0.5462 0.165659 1.49836 0.970042 1.2449 0.0425479 -0.219281 0.180012 
0.733283 0.972675 0.327278 1.27332 0.101981 -0.111057 0.884318 0.700291 1.39874 -0.0285166 0.205696 -0.124958 
0.765466 0.592844 0.537068 0.599508 0.316148 0.326787 0.879391 0.191131 0.785519 0.35689 0.346182 -0.0887287 
1.13623 -0.0316497 -1.09997 0.301808 0.814762 1.23305 1.59124 -0.960111 1.05992 0.34043 0.318815 -0.399814 
0.851784 -0.362185 -0.180372 0.241333 0.588183 1.61297 1.29613 -0.546537 0.562087 -0.111508 0.210487 -0.566454 
0.527871 -0.504469 -0.100825 0.0415527 0.570112 1.3705 2.03918 -0.672424 0.734435 -0.393644 0.568389 -0.487691 
0.349879 -0.216515 -0.79695 0.108473 0.289836 1.1819 2.49499 0.170075 1.06835 0.210905 0.862885 -0.243709 
0.782877 0.577431 -0.163603 0.889043 1.30203 1.81011 1.98367 0.440543 0.864844 0.184596 0.392884 -0.0743196 
1.79371 1.00183 0.154982 0.568923 1.07131 0.801103 2.28266 0.652508 2.19839 0.971192 -0.00566924 -0.308715 
2.20265 0.896531 -0.127205 0.482183 1.61251 0.638111 1.97725 1.00143 2.0522 1.44252 0.10398 -0.375043 
2.20699 1.12837 0.0545712 0.265072 1.54383 0.878101 1.75439 0.685085 2.51163 1.51419 0.146369 -0.348491 
2.29106 1.30674 0.160437 0.889086 0.939109 0.668991 2.23919 0.42733 2.43909 1.42013 0.220879 -0.410354 
2.41246 1.48839 0.133809 0.0227751 0.520747 0.61804 1.79471 1.025 2.7134 0.980237 0.12652 -0.24598 
2.40638 2.09519 -0.135247 0.057331 -0.55077 0.00613767 1.96961 1.48415 2.91501 0.510343 0.283731 -0.275975 
2.40203 1.75455 0.253301 0.22667 0.432135 -0.0459168 1.7354 1.21816 2.67293 0.685563 0.124744 -0.181968 
2.3775 1.69964 0.0902652 -0.141544 0.709613 0.227542 1.59747 1.22504 2.05023 0.676342 0.0501232 -0.212629 
2.31273 1.80299 -0.0232744 0.382271 0.176089 -0.181535 2.1096 0.52825 2.56249 0.36886 0.264844 -0.212969 
2.10783 1.93569 0.360648 0.858562 -0.0723658 -0.750061 2.49402 0.398305 1.74017 0.597409 0.554261 -0.0824313 
2.04254 2.31171 0.69492 1.07923 0.205749 -0.219587 1.6248 0.468607 1.80896 0.512703 0.359012 -0.133699 
1.8343 2.35775 1.08624 1.49571 0.830017 -0.853825 1.69827 0.202907 1.72324 0.881628 0.267474 -0.0143613 
1.97905 2.33547 1.34562 0.941765 0.917113 -0.0602328 1.12439 0.504873 1.88772 0.781696 0.229393 -0.0481719 
2.10885 2.80788 1.20221 -0.00808377 2.47718 -0.654596 1.05477 0.231762 2.238 0.890657 0.282844 0.0327059 
1.79357 2.7666 1.54138 1.04406 1.9634 -0.402102 1.54164 0.627035 1.56162 0.866182 0.10862 0.101095 
1.88892 2.87208 1.27112 1.67139 1.94768 -0.372704 1.68067 0.0138101 2.10966 1.03747 0.267627 0.0589597 
1.87888 2.96006 1.81615 0.777349 2.19472 -0.163066 1.41493 1.19959 1.90831 0.929448 0.166002 0.0300501 
2.02261 2.63434 2.11402 0.467547 1.85858 0.114304 1.83083 1.65796 0.598234 0.809248 -0.0610525 -0.0251597 
2.03814 2.60315 1.96757 0.838437 2.2348 -0.633145 2.04875 1.58201 1.4593 0.530273 -0.212364 -0.0136862 
1.7777 2.31029 2.57692 1.46062 2.17072 -0.80355 1.11474 1.28229 1.72037 0.498102 -0.252246 0.0446722 
1.7401 2.60145 2.18832 1.06787 3.34173 -0.0480716 0.908505 1.58489 1.23088 0.263724 -0.18812 -0.119237 
1.69321 2.96956 1.92914 0.182659 3.26128 -0.78153 1.23056 2.09553 1.30007 0.0362503 -0.0733436 -0.259064 
1.73981 2.76227 2.49521 0.608949 2.82453 -0.44899 1.82872 1.59882 0.96592 0.167033 -0.0934011 0.014589 
1.79812 2.78108 2.41527 0.693327 2.59362 -0.576776 1.8915 0.793705 1.40157 -0.333956 -0.0224765 0.0757993 
1.87291 2.64566 2.46089 1.06541 2.73875 -0.507237 1.06818 0.0267315 1.52766 -0.366545 -0.0914872 0.0793277 
1.9385 2.70091 1.96187 1.47227 2.27744 -0.605112 1.20015 0.180779 1.74085 0.154511 -0.0823274 -0.0201156 
1.81461 2.63435 2.11076 1.30432 2.03486 -0.433503 1.39242 0.838468 1.72775 0.216087 -0.0904767 -0.0305858 
1.97915 2.76582 2.59838 1.09253 1.86102 -0.0932839 1.73615 0.865381 1.85889 0.261284 0.0746224 0.060456 
1.92934 2.94876 2.83744 1.09442 1.58182 -0.05922 2.02179 0.812364 1.46963 0.375246 0.146406 0.0886507 
1.74136 2.70664 2.82454 1.02789 1.77513 0.334662 2.25195 1.46031 1.08624 0.698287 0.047133 0.0476913 
1.76875 2.43352 2.52234 0.960714 1.38114 0.897441 2.45263 1.78487 1.79793 0.62173 -0.00936182 -0.0422342 
1.65251 2.54523 2.91555 1.04593 1.11872 0.758567 1.61939 1.86492 1.49528 0.279657 0.362575 0.0295493 
1.75321 2.5065 2.83299 0.1581 1.27894 0.684879 2.41898 1.87483 1.31268 0.690745 0.0205639 -0.0497324 
1.68911 2.21933 2.22507 0.787649 1.36504 0.378204 2.02862 2.07219 1.73438 0.58345 0.0502399 -0.0282587 
1.68884 2.13265 2.48143 0.924287 1.56351 0.296164 2.28858 1.83049 1.63773 1.05197 -0.00688915 0.0631119 
1.60085 2.13449 2.25795 0.923151 2.24026 0.781445 2.16774 1.50712 1.48222 0.612035 0.0573887 0.136905 
1.72617 2.51824 2.04222 1.11035 1.85679 0.432259 2.38511 1.3302 1.55485 -0.0114205 0.32883 0.131551 
1.75594 2.67099 2.55748 1.01833 1.24769 0.0250609 2.39145 1.89605 1.07432 0.475176 0.387159 0.0981143 
1.63573 2.35934 2.83491 0.843904 1.75183 0.686733 1.95847 1.70048 1.24716 0.775627 0.268582 0.148566 
1.71197 2.11751 2.64052 0.381921 1.58591 1.52484 2.01894 2.37953 1.38906 0.402528 0.127331 -0.0306033 
1.648 1.97871 2.05079 0.947163 1.23482 0.807901 1.99628 2.04745 1.14587 -0.0589513 0.332341 0.068454 
1.4843 1.7331 1.70359 1.07987 1.16357 0.322388 1.80775 1.44157 1.76244 0.427733 0.170196 0.0582183 
1.48003 1.31749 2.12055 0.406796 1.82672 0.660581 1.44018 1.1154 1.62627 0.501843 0.0419156 0.12288 
1.57653 1.63578 2.71696 0.211728 1.61249 0.169978 1.76516 0.912709 1.15539 0.68428 0.12892 0.226519 
1.60193 1.48832 2.14606 0.562571 1.66327 0.909142 1.52312 0.744235 0.727331 1.12054 0.554349 0.267069 
1.50648 1.78906 1.53598 1.02061 1.18443 0.94554 1.67921 0.986467 2.09539 0.651006 0.649731 0.247866 
1.6768 2.17377 1.99554 0.786439 1.19195 0.19805 1.76755 0.90474 2.16235 0.429692 0.609266 0.298876 
1.55834 2.07821 2.47071 0.536706 1.90025 -0.165555 1.81013 1.78599 1.85515 0.481093 0.467458 0.294118 
1.41248 1.74795 2.45271 1.05353 1.2407 -0.185635 0.794043 1.08784 1.32504 0.477376 0.463805 0.274549 
1.32149 1.60959 2.09132 0.61301 0.837995 0.212715 0.555749 1.61536 0.955848 0.398709 0.11458 0.00231959 
1.35583 2.16002 2.33551 0.853568 1.30246 -0.0407933 0.696078 1.37248 1.21501 0.519725 0.345638 0.149247 
1.36752 2.45615 2.2417 0.995256 2.03748 0.577679 0.7496 1.01363 2.00711 0.67711 0.25585 0.195883 
1.4257 2.22374 1.97358 0.763574 2.40536 0.424123 1.74331 2.04129 1.50893 0.209402 0.364834 0.117356 
1.49147 1.9887 2.16741 0.962537 1.71315 -0.581843 2.24322 1.64128 1.41752 0.517598 0.59218 0.351703 
1.4235 1.81512 2.30884 1.02687 1.69839 0.0372118 1.09178 1.50798 1.0007 1.15885 0.667607 0.31412 
1.42478 1.87525 2.40724 0.100713 1.4859 1.01236 0.264747 0.781034 1.20329 1.14806 0.670117 0.297708 
1.46811 1.51541 2.14139 0.449946 1.01801 -0.21871 0.611605 0.802043 1.31529 0.700877 0.598178 0.226456 
1.43541 2.04888 2.24184 0.44151 0.819998 -0.188672 0.478135 1.06041 1.29333 0.647392 0.702429 0.24586 
1.4303 2.03986 1.84159 0.943652 1.02384 0.0680807 0.899476 0.591816 1.34519 0.655792 0.25476 0.135613 
1.4229 1.49864 2.04429 0.6188 1.25327 0.396558 1.0174 0.882202 0.588275 0.675645 0.833235 0.224653 
1.37684 1.39631 1.82519 0.651434 0.778219 -0.358887 0.746597 1.27279 0.61149 1.05197 1.08427 0.235567 
1.35567 1.80698 2.36215 0.410953 0.163661 0.200364 0.703335 1.24 0.612951 1.22891 0.623341 0.137827 
1.33129 2.0225 2.295 0.553444 0.476779 0.283427 0.707629 1.75321 1.08877 1.10337 0.56193 0.179684 
1.1711 1.76371 1.87482 0.416806 1.053 0.245038 0.748349 0.627118 1.40725 1.51416 0.379732 0.238125 
1.12085 1.64998 1.13904 0.166966 0.436932 -0.0552436 1.26243 -0.318731 0.970096 0.271338 -0.244013 -0.0398978 
1.34298 1.5953 1.77604 0.37391 1.03932 -0.434345 1.70617 0.859525 0.273326 0.261776 0.378104 0.107015 
1.31939 1.57788 1.46068 0.312106 1.18278 0.0843015 0.409744 1.10933 1.60258 0.254339 0.406373 0.0627568 
1.22898 2.06602 1.71208 0.512226 1.74286 -0.352157 1.12189 0.828143 1.05667 0.824356 0.572593 0.231737 
1.11545 1.67601 1.76941 1.08829 1.73886 -0.0892482 0.949495 1.15301 0.223245 -0.0502796 0.581303 0.0830772 
1.13989 1.59594 2.11183 1.30117 1.39819 0.25666 2.3778 1.22359 0.725651 -0.152767 -0.176994 0.0476143 
1.13461 1.79224 1.83391 1.66336 1.03605 0.530256 1.88653 0.931675 1.22621 0.644199 0.390484 0.133033 
1.15215 1.45708 1.86323 1.36432 0.83553 -0.332605 1.12886 0.702654 1.23377 0.810876 0.562392 0.153877 
1.1452 1.67849 2.31411 1.17674 0.897859 0.330723 0.55277 0.340542 1.04084 0.416857 0.435465 0.121908 
1.28801 1.57644 2.40207 0.416326 0.692467 0.34512 0.469428 0.892425 0.772542 0.39813 0.921481 0.239366 
1.20636 1.72761 2.36133 0.615696 0.911717 0.499923 0.701038 1.08973 1.17321 0.485881 0.683028 0.22265 
1.08778 2.21761 2.17745 0.689412 0.87303 0.600719 1.55955 0.0595595 1.50335 0.702581 0.537832 0.266578 
1.16085 1.60245 2.24325 0.501164 0.709823 1.58039 0.938478 0.780446 1.01714 0.899901 0.547684 0.212012 
1.18627 1.3275 2.57862 0.533616 1.01502 0.512043 0.868823 1.67199 0.968943 0.641749 0.473008 0.135693 
1.08695 1.24838 1.9924 1.06726 1.32987 0.745594 1.84321 1.41332 0.919148 1.25328 0.434062 0.160785 
1.00185 1.42657 1.98888 1.39573 1.9395 0.45792 1.35243 0.749038 0.628261 0.815379 0.631966 0.173788 
0.968831 1.60839 1.66921 0.977567 1.11422 0.91477 0.273694 0.789326 0.482835 0.086105 0.46401 0.0120296 
0.96782 1.39655 1.86859 0.830295 1.51949 1.58815 1.14385 0.28171 0.411711 -0.0758317 0.542873 0.0351675 
0.887779 1.55367 1.68051 0.547611 1.23996 1.27062 0.687014 0.829178 0.576177 0.686141 0.598308 0.0755271 
