0.447775 0.369849 1.02006 0.902476 0.83914 0.243963 0.625015 0.431972 -0.058342 0.304726 -0.478959 0.0363801 
0.383319 0.826502 1.57114 0.68569 1.29505 0.854692 0.891683 0.3079 0.441019 0.417188 -0.134273 0.133177 
0.448342 0.906368 1.44258 0.664852 1.20074 1.40081 0.74397 -0.40321 0.548611 -0.0449099 0.162233 0.0216125 
0.399019 0.659137 1.14448 0.520445 1.35532 0.586507 1.31686 -0.568828 0.00394901 -0.246869 -0.0406195 0.0681774 
0.544939 1.00274 1.29543 1.10751 1.31016 1.15608 1.76343 -0.204325 0.342138 0.19949 0.214166 -0.040748 
0.474532 1.02035 1.13879 0.786605 1.03491 0.958231 0.437837 0.015718 -0.0452469 0.155955 0.296786 0.0318351 
0.358474 0.528445 1.38447 0.675026 1.42302 0.642821 0.632014 0.154876 -0.737542 0.261392 -0.0665925 0.0586892 
0.322792 0.619399 1.94213 1.04603 1.24398 0.653209 0.989189 -0.512604 -0.104472 0.47551 0.173666 0.0204751 
0.370254 1.01477 1.16359 0.390786 1.56235 1.34863 1.05481 0.0144432 0.444413 0.692992 0.520018 -0.00922782 
0.364124 1.17656 1.09955 0.0841805 0.921848 0.761507 0.213234 0.233968 1.03913 0.618156 0.118288 -0.0215738 
0.480085 0.775585 1.52934 0.534612 1.36794 0.61593 0.715354 0.49656 0.727035 0.283821 0.129981 -0.0530756 
0.399347 0.750141 1.36832 1.26804 0.916716 0.893272 1.28104 1.19545 0.155994 0.155518 0.0564034 -0.00259564 
0.495757 0.612492 1.60688 1.06198 0.876341 1.05297 1.52313 1.14678 -0.219458 0.31549 -0.0547192 0.0427457 
0.44901 0.731916 1.25502 1.65651 0.870578 1.34748 0.386959 0.721081 1.14023 0.601241 0.0983761 -0.00954134 
0.36248 0.6841 1.39909 1.49149 1.68094 1.13198 1.17962 1.1674 1.56912 0.115291 0.253097 -0.0112473 
0.395839 0.740096 0.943885 0.54857 1.6784 0.823633 1.31756 0.78207 0.0653623 0.338165 0.13181 0.0118454 
0.407328 1.01442 0.555434 0.594077 0.467069 0.620271 0.78841 0.175981 0.308757 0.624326 0.00126861 0.000470911 
0.589062 0.95407 0.779378 0.913447 0.563623 -0.187769 -0.117428 -0.124683 0.532042 0.892126 0.5982 -0.0991811 
0.671311 0.758643 1.10736 0.596086 1.3271 -0.229983 0.361733 0.225804 0.506545 0.460795 0.349429 -0.101866 
1.26659 0.471638 -0.574645 -1.49624 0.817989 -0.131391 1.13191 -0.20543 0.942796 0.218304 0.504266 0.00507448 
1.08104 0.794413 -0.954319 -1.24475 1.21089 0.329452 0.557532 -0.651545 1.42692 -0.0354316 0.737398 -0.372337 
0.907609 0.841526 -0.91327 -0.212807 1.5215 0.0021523 0.520373 -0.169286 1.51886 0.0254655 0.945513 -0.591701 
0.875976 0.795117 -0.658862 0.222576 1.73694 -0.741273 1.09897 1.20085 1.79336 -0.14701 1.22681 -0.170076 
1.32548 1.19819 0.717289 1.13878 1.7262 0.14108 1.92077 1.09983 1.27114 -0.241752 0.228775 0.0291893 
1.94709 1.64946 0.158276 0.681952 2.20197 0.938614 1.07506 0.159846 2.12184 0.946703 -0.137974 -0.465231 
2.13086 1.64025 0.00681535 0.991555 2.47985 0.30927 0.71451 0.393754 1.53783 0.915054 -0.173842 -0.379103 
2.29326 2.00346 0.0449123 1.20696 2.58053 -0.0388488 0.993512 0.154482 1.18489 0.735926 -0.114199 -0.236258 
2.25671 2.48059 0.321999 0.884951 2.47161 -0.0928336 1.26486 0.065128 1.5875 0.262859 -0.159686 -0.255808 
2.14183 2.17459 0.80825 0.778997 2.83778 -0.146113 1.19646 0.0929069 0.972597 0.599555 -0.282062 -0.157097 
2.1843 2.33358 1.37352 0.554555 2.0898 0.136009 1.04669 0.969791 0.853544 -0.288222 -0.335749 -0.182104 
2.17154 2.68564 1.68781 1.20642 2.75236 -0.327857 0.252837 0.185292 1.08295 0.145749 -0.18198 -0.146443 
2.14631 2.63885 1.79588 0.966515 3.64039 -0.473171 -0.00322662 0.302951 1.1332 0.335761 -0.310178 -0.20312 
2.09156 2.5396 1.81138 1.12419 3.16302 0.540956 0.207349 0.649199 1.14763 0.0512321 -0.172645 -0.250226 
2.09289 2.67491 1.98212 1.99338 2.66501 0.657785 0.310111 0.371138 0.845852 -0.414853 -0.204709 -0.211538 
2.06574 2.59814 2.23455 2.22244 3.31033 0.189823 -0.155426 -0.12593 1.08039 0.12206 -0.275851 -0.213838 
1.99218 2.65418 2.0478 1.7858 3.87651 0.754047 -0.230118 0.215632 0.451544 0.37969 -0.192817 -0.276199 
2.06088 2.68366 2.42545 1.81004 3.36082 0.308867 -0.259796 0.45495 0.51719 0.397704 -0.204325 -0.194029 
2.26191 2.29253 2.60644 1.80725 2.86912 0.669217 0.69735 0.0801091 0.34367 0.170712 -0.184148 -0.0927313 
1.92394 2.53506 2.85253 2.42792 3.15907 0.591555 -0.41083 -0.0500649 0.344757 0.326093 -0.278816 -0.189744 
1.69941 2.46516 2.50953 2.26145 2.73858 0.927231 -0.0623464 0.249181 0.458683 0.259397 -0.161646 -0.127384 
1.9861 2.62755 2.27051 1.90734 2.61812 0.687228 0.855869 0.24709 0.483325 -0.199829 -0.0573883 -0.0573938 
2.03994 2.50505 2.37586 1.28735 3.58336 0.925912 0.42194 0.297227 0.351741 -0.323733 -0.114322 -0.125678 
2.06942 2.7022 2.68908 1.3522 3.27953 0.593108 0.793935 -0.320186 0.346574 -0.359961 -0.20429 -0.0401435 
2.10564 3.01285 2.87221 1.31797 2.53762 0.301022 0.630234 -0.250283 0.912615 -0.336597 -0.0597235 -0.00719034 
2.03079 3.218 2.60366 1.30568 2.50705 0.56339 0.821032 0.587737 0.462568 -0.5579 -0.0334757 -0.149324 
1.86105 3.17012 2.56541 2.07044 2.9156 0.766658 1.4668 0.82562 0.0477171 -0.644997 -0.0315115 -0.126713 
1.84133 3.0387 2.76683 2.60763 3.2616 0.575271 1.04773 -0.338002 0.553518 0.0781706 -0.152332 -0.047453 
1.92109 2.9605 2.93126 2.58879 2.80705 0.50985 1.42819 -0.216744 0.476394 0.150976 -0.132223 -0.0144644 
1.9757 2.74116 3.03774 2.05111 3.61458 0.935966 0.660427 0.63675 0.825495 -0.102185 -0.0524703 -0.067352 
1.78276 2.45277 2.68985 2.61064 3.30366 0.973393 0.756219 0.659472 0.692871 -0.13731 -0.0102484 -0.0511481 
1.76875 2.73902 3.13584 2.74268 3.01657 0.132281 0.653183 0.208873 0.370965 -0.385839 -0.160075 -0.0669926 
1.82208 2.85878 3.39086 2.29337 3.21839 0.745951 1.46702 0.111327 -0.00749137 -0.497141 -0.14489 -0.106701 
1.77838 2.72612 3.41915 2.43307 3.19989 1.35748 0.777661 0.614444 0.00649196 -0.397705 -0.0306779 -0.166607 
1.91244 2.70359 3.18535 1.89229 2.99446 1.53964 0.724147 0.621119 -0.215824 -0.142535 -0.076279 -0.156937 
1.66023 2.45295 3.24083 2.36417 2.60269 1.37942 0.892226 0.403322 -0.104223 0.00385518 -0.120285 -0.154973 
1.73149 2.44563 3.1277 1.90283 3.24737 1.12179 0.94772 0.794265 0.356795 -0.488834 0.00236662 -0.0994918 
1.75391 2.65312 2.5486 2.00413 2.8685 1.01456 1.16292 0.256549 0.648468 -0.330221 0.10809 -0.00601633 
1.74835 2.71574 3.0387 2.61221 2.39714 0.86761 1.47647 0.322818 0.306468 0.180156 0.044593 0.0234131 
1.77613 2.64838 3.03984 2.0153 2.90293 1.30671 0.636049 0.374467 0.701391 0.45661 -0.10699 -0.0388148 
1.78748 2.51021 2.78265 1.64548 3.02888 1.12525 1.01857 0.654125 0.813554 -0.124559 -0.119355 -0.0915466 
1.6683 2.38302 2.41192 1.98526 1.81117 2.08676 1.92193 1.10903 0.759428 -0.373923 -0.0875337 -0.102327 
1.5936 2.57848 3.19583 2.12715 1.96459 1.72816 1.36402 0.516296 0.380633 -0.0324944 0.0131406 -0.0566616 
1.56978 2.43205 2.93334 2.39032 2.80887 0.469551 0.661219 0.188184 0.16333 0.245266 -0.109368 -0.0162814 
1.42602 1.94968 3.24887 2.55716 2.84205 1.17026 0.561406 0.86571 0.12306 -0.221619 0.320762 -0.0297292 
1.43332 2.04706 3.28202 2.09226 3.39875 1.2455 1.01108 1.38668 0.765012 0.219036 0.135652 0.0581706 
1.58625 2.46481 3.01029 2.16013 2.97593 1.8921 1.52953 0.168175 0.664576 -0.171298 0.385306 0.101243 
1.59401 2.23519 2.51446 1.46546 2.94672 1.92946 1.74628 1.41941 0.303835 0.154346 0.210619 0.0669458 
1.56928 1.86336 2.42066 1.87371 2.42607 1.87606 2.23865 1.02088 0.793898 0.180612 -0.0602794 0.0540099 
1.44861 2.01705 3.04347 1.54643 2.82326 1.79857 1.29713 0.717157 0.397641 0.648846 0.267862 0.125577 
1.36958 1.89232 2.95409 1.65552 2.49312 0.890406 1.63512 0.206915 0.389944 0.734738 0.383656 0.214467 
1.42488 2.01297 2.94923 1.92721 2.19888 1.42922 1.91228 0.242835 0.692764 0.329376 0.366305 0.178626 
1.3815 2.22521 2.81638 2.18265 3.32646 2.12629 1.70274 -0.0687283 1.07619 0.457059 0.218064 0.153073 
1.42822 2.04464 3.03256 2.95706 3.04081 1.61358 1.7917 0.780008 0.694328 0.702502 0.0318685 0.063538 
1.48374 2.06548 2.83226 2.21576 2.79608 1.25018 1.58919 0.54571 1.02392 0.520242 -0.08031 0.0786858 
1.48472 2.0608 2.84174 1.24233 2.46784 1.41424 0.992655 0.621738 0.671743 0.641402 0.360574 0.192834 
1.5193 2.09098 2.53083 1.50104 2.7424 1.54944 1.36304 0.965801 1.04882 0.377591 0.460792 0.225826 
1.45402 2.01366 2.92952 2.02274 2.68777 2.33176 1.98264 0.92617 0.729982 0.343352 0.483472 0.21249 
1.4922 1.90883 2.55785 2.21415 1.91923 1.8031 1.39125 0.695043 0.999224 0.79763 0.537348 0.267999 
1.42087 1.88373 2.59611 1.62287 0.774202 1.07594 1.88535 0.678971 1.5279 0.697133 0.818406 0.347872 
1.3465 2.08645 2.75974 1.89348 1.20483 0.660929 1.69274 0.54123 1.47046 -0.0226423 0.888389 0.296171 
1.26644 2.15128 3.06383 1.93438 2.45808 0.912885 1.88471 0.603991 1.08111 0.278546 0.324598 0.216817 
1.19093 1.93201 2.95086 1.60744 2.0638 1.3345 1.878 0.7891 1.34558 0.413448 -0.0412831 0.203188 
1.1402 1.59339 2.40078 1.14722 1.38701 0.82133 1.67904 1.15146 0.852616 0.25201 -0.0302989 0.0579001 
1.12997 1.46554 1.64679 0.677823 1.33865 1.36795 1.50366 0.797993 1.70569 0.11709 0.18123 0.106016 
1.23149 1.42966 1.9273 0.703297 1.3249 1.35038 1.92098 0.830623 1.53526 0.864227 0.375506 0.208118 
1.1933 1.35825 2.24982 0.950955 1.76437 0.816736 1.33627 1.20393 0.861159 0.905032 0.707448 0.204009 
1.14813 1.55867 2.1584 0.794684 1.97982 0.891489 1.70094 1.89019 0.678453 0.369623 0.579837 0.142085 
1.14712 1.67763 1.59286 1.39119 1.79957 0.825601 1.28698 1.67562 0.780158 0.533487 0.994785 0.211405 
1.31352 1.49973 1.44199 1.05175 1.17372 0.978432 1.18827 1.60074 1.00196 0.202234 0.947821 0.224293 
1.23676 1.65851 1.91248 0.792558 1.29153 0.13191 1.72137 1.65107 1.11859 0.760824 0.772816 0.233967 
1.227 1.68924 2.57391 0.736491 2.00192 0.119316 1.97428 1.91094 1.10492 0.976129 0.516769 0.284385 
1.23282 1.93507 2.46046 0.715623 1.95233 0.60644 2.11239 0.608136 1.69614 0.753946 0.487717 0.376957 
1.17981 1.90711 2.33434 1.2009 2.42404 0.931423 1.74691 0.415673 1.67217 0.156362 0.627989 0.295051 
1.26036 1.69881 1.7452 0.691626 2.32383 0.643893 2.10171 1.09192 0.810477 0.349222 0.920204 0.314552 
1.23747 1.71468 1.67236 0.765774 1.96215 0.431787 1.77436 1.17669 1.44898 0.650662 0.5733 0.237413 
1.1827 1.55216 1.92703 0.878813 1.84695 0.576972 1.76832 1.23586 1.64753 -0.0700839 0.53947 0.202372 
1.12382 1.37641 2.22489 0.84094 1.59194 0.397034 1.83624 1.42627 1.10376 -0.21041 0.472965 0.184989 
1.01358 1.42844 2.27594 0.931573 1.52153 0.895483 1.30236 1.07189 0.962996 0.453487 0.573328 0.127839 
1.16661 1.40352 2.00091 0.879291 1.33869 0.0757303 1.15233 0.928062 0.225262 0.704682 0.763677 0.0961161 
1.19763 1.47875 2.14692 1.12539 1.65577 -0.193767 1.8216 1.17784 0.749979 0.902227 0.240622 0.15342 
1.22758 1.46466 1.92434 0.458434 1.39446 -0.171845 0.91945 1.15648 -0.149525 0.787996 0.546108 0.0390719 
1.07947 1.41685 2.01527 0.521868 0.60728 0.231419 1.57976 0.674787 0.495648 0.356653 0.899579 0.0483025 
1.1031 1.59006 1.58669 0.971166 0.814394 0.793731 1.94301 0.579534 0.974499 0.65194 0.769031 0.0938789 
0.942184 1.70112 1.70864 1.22156 1.4216 0.980906 1.24592 1.03202 0.907954 0.346985 0.912978 0.0404137 
1.03503 1.67365 2.33248 0.987725 0.886784 0.563087 1.36054 1.22509 1.1066 0.653921 0.819373 0.163713 
1.08407 1.54675 2.15845 1.10461 1.15365 1.16031 1.4605 1.34492 0.866255 0.354404 0.541095 0.118777 
1.03896 1.55398 2.01852 1.11242 1.62112 1.27051 1.44622 0.542735 0.509242 0.925993 0.812155 0.159213 
1.05046 1.79238 1.88408 1.09778 1.94812 0.628218 0.996308 0.680776 0.81381 0.770741 0.549455 0.168917 
0.875402 1.83842 1.52994 0.836904 1.76441 -0.301571 0.85024 1.19198 0.55599 0.964097 0.275561 0.147891 
0.883556 1.661 1.65027 0.843913 1.35333 0.990831 1.05776 0.669869 0.944727 0.904186 0.395911 0.0945255 
0.939331 1.53565 1.83139 1.40166 0.68754 0.132173 1.72879 0.427548 1.14449 0.953274 0.357725 0.134437 
