0.775314 1.01293 1.47924 1.02838 0.961862 0.801882 0.901033 0.513911 0.0635254 0.607947 0.538646 -0.00657145 
0.816769 1.19272 1.37677 1.32812 1.25861 0.563357 0.834826 0.208847 0.813634 -0.12375 0.499024 -0.0300161 
0.90503 0.97538 1.55389 1.51411 0.313508 0.867767 0.535762 0.492531 1.3237 -0.0979295 0.164438 0.106207 
0.88884 0.861804 1.51141 1.10832 0.281265 1.20419 -0.0574188 0.690108 0.886028 -0.152391 0.182727 0.0637524 
0.645726 1.3412 1.48934 1.43775 0.494853 0.735714 0.57942 0.471459 1.15444 0.311134 -0.312199 0.100432 
0.711118 1.23805 1.12605 2.01359 0.0907717 0.14235 0.970535 0.2874 0.917356 0.0935891 -0.0689254 -0.120502 
0.606505 1.30707 1.50773 1.5575 0.495613 0.178361 -0.222285 0.344286 0.453642 -0.132197 0.509661 -0.0443358 
0.568168 1.52574 1.25281 0.98544 1.01451 0.933421 0.0650981 0.770824 0.227438 0.0545186 0.143801 0.0296296 
0.768899 0.783877 1.31863 0.838495 1.52631 1.18607 -0.260587 0.639937 0.654747 0.0658795 0.332955 -0.0826078 
0.673638 0.804102 1.43793 0.956458 1.59779 0.489142 0.749494 0.681409 1.15801 0.412934 0.36242 -0.00142138 
0.652868 1.26765 0.998316 1.43129 0.948728 1.17945 2.17441 0.544952 0.523941 0.509184 0.397611 0.027075 
0.756813 1.14897 1.76594 0.956196 0.964157 0.757082 1.23504 -0.296814 0.936778 1.05256 0.145875 0.0789691 
0.643609 0.848667 1.63459 0.43733 0.796561 0.478541 -0.0232292 -0.429595 1.33302 0.461125 -0.255344 0.238375 
0.700977 1.03674 1.38194 1.33732 0.765723 0.0857103 0.746148 0.48205 0.980378 -0.41793 0.240988 -0.00700405 
0.751419 0.989131 0.938038 0.826209 0.380407 -0.710811 1.1382 0.161313 0.72337 -0.305593 0.012654 -0.141544 
1.13806 1.11947 0.431328 0.605445 1.72104 0.388336 0.94609 -0.783594 0.531824 0.778387 0.235686 -0.0964802 
1.60773 0.823835 -0.440752 1.5439 2.51742 -0.614957 0.258532 -1.35864 1.61729 0.359148 0.630978 -0.123694 
1.49121 1.04358 0.0810289 2.42753 2.81696 -0.618726 0.161357 -0.393634 2.0137 0.473292 0.826467 0.0834649 
1.32178 1.81901 1.79318 2.14105 2.65401 1.11514 0.904371 0.423121 1.32391 0.334625 0.101994 0.0382076 
1.75773 2.561 1.10928 1.47842 3.36721 0.490434 0.274771 -0.89994 2.24115 0.433515 0.416003 -0.172372 
1.79481 2.58476 1.48108 1.52414 3.35835 0.339703 -0.106446 -0.484924 2.10876 -0.147037 0.228475 -0.234774 
1.72756 2.81795 1.53244 1.84919 3.7097 0.520456 -0.282743 -1.32587 1.87842 -0.157068 0.423909 -0.271329 
1.66084 3.04563 1.60173 2.15564 3.85157 1.01001 -0.937982 -1.23833 1.8057 -0.0369448 0.542717 -0.408375 
1.67784 2.99219 1.56733 2.95639 3.41508 0.344845 -0.311783 -1.36823 1.76168 0.272579 0.141378 -0.282826 
1.89106 2.595 1.87135 2.35242 3.13198 0.139461 0.221369 -2.15026 1.60373 -0.187827 0.266199 -0.0679078 
1.70501 2.66506 2.25087 2.31675 3.44188 0.0413761 -0.704647 -2.07891 1.59336 -0.113642 0.0572834 -0.148839 
1.66719 2.98728 2.2349 2.60509 3.34297 0.259264 -1.10304 -0.954003 1.22366 -0.531813 0.159321 -0.266866 
1.74847 3.0349 1.77337 2.59037 3.77858 0.183092 -0.494899 -1.15431 1.42802 -0.411336 0.174277 -0.335929 
1.65647 2.78061 1.91324 2.78159 4.01179 0.72235 -0.113528 -1.54766 1.52466 0.085692 0.104805 -0.309629 
1.59321 2.79919 1.85912 2.33751 4.104 1.02421 -0.392109 -1.46555 1.42695 0.0455049 0.27959 -0.317978 
1.71111 2.41786 1.60101 2.08744 3.92234 1.39509 0.286699 -0.154512 1.23138 -0.0412484 0.227382 -0.180272 
1.75288 2.68627 2.25535 2.21615 3.5214 1.62445 0.450864 -0.465181 1.10957 -0.504763 0.312108 -0.116547 
1.76755 2.48237 2.53384 2.14926 3.91828 1.28144 0.920742 -0.818523 1.09978 -0.368063 0.164512 -0.00616948 
1.69715 2.6174 2.48984 2.64823 4.00141 1.1633 0.567429 -0.874486 1.40361 -0.258931 0.194416 -0.110091 
1.72931 2.88218 2.1074 2.38263 3.97122 1.29518 0.607239 -0.0318811 1.14345 0.142754 0.242366 -0.0918882 
1.77419 3.00871 1.88142 1.98701 3.55383 1.47173 1.08401 0.139408 1.26072 -0.349855 0.421884 -0.0821729 
1.86304 2.66253 2.38916 2.07771 3.58377 1.5142 1.1418 -0.104554 1.75445 -0.581848 0.2863 -0.00419868 
1.84321 2.72954 2.67011 2.30246 4.16153 1.63111 0.812804 -0.637118 0.898881 -0.320016 0.153871 -0.0806465 
1.88035 2.88507 2.91609 2.38514 4.48206 1.74752 0.679062 -0.681935 0.535343 -0.862623 0.133104 -0.182649 
1.73514 2.89594 2.80461 2.66667 3.42637 1.59465 1.22231 -0.367389 0.173706 -0.836177 0.156899 -0.162704 
1.83186 2.90658 2.88183 2.94216 3.433 1.4369 1.32306 -0.433483 0.672652 -1.01967 0.120458 -0.163824 
1.76831 2.87172 2.87582 2.76689 3.45191 1.01797 1.65734 -0.501715 0.936629 -0.876097 0.128246 -0.0892626 
1.55389 2.92747 2.40021 1.74394 3.69778 0.954451 2.3375 0.267985 1.17005 -0.937073 0.349887 -0.0351913 
1.56218 3.00528 2.70158 1.43037 3.6077 0.742835 2.30189 0.486857 0.992185 -1.26435 0.398884 -0.0916817 
1.62255 2.82801 2.63707 1.56515 3.48104 0.610157 2.6938 0.934282 0.738069 -1.56713 0.280178 -0.0860951 
1.65058 2.72049 2.84058 1.57854 3.55833 1.24153 2.27814 0.712011 0.446379 -0.901764 0.220246 -0.00492654 
1.65558 2.48265 2.71039 2.71288 3.82123 1.20808 1.65593 0.167075 0.640586 -0.318517 0.103972 -0.019802 
1.69545 2.72238 3.12037 2.70086 3.88089 1.09656 1.44912 -0.478811 0.676816 -0.481243 0.0494601 -0.0505002 
1.72912 2.93448 2.58213 1.73024 3.71369 1.19352 1.84037 0.681227 0.713376 -0.835221 0.274003 -0.0367978 
1.79324 2.9474 3.15211 1.40143 3.66507 1.72165 2.17345 0.129913 0.796247 -0.857129 0.18058 0.0786357 
1.60524 2.83567 3.02408 2.69108 2.65568 1.67773 2.08123 -0.350716 1.16794 -0.132683 0.272544 0.0514616 
1.67889 2.47694 2.84389 2.47347 2.0446 1.4702 1.73757 0.79022 0.864321 0.504124 0.282493 0.148417 
1.60855 2.47746 2.90645 2.42846 1.94863 1.39705 1.66202 0.871007 1.14399 0.941758 0.225592 0.209162 
1.45707 2.34305 2.93999 1.96864 2.8179 2.06045 1.70339 1.04844 0.871673 0.782157 0.38216 0.234598 
1.54663 2.41184 3.16153 1.06833 2.76123 2.42518 2.00287 0.995116 0.284187 0.287647 0.541094 0.236414 
1.50014 2.44276 3.0321 1.62292 2.28951 1.34165 1.91106 0.365922 0.827085 0.433379 0.368679 0.237822 
1.32927 2.47671 3.37351 1.97004 2.6033 1.82339 2.08952 0.477842 0.9985 0.404577 0.246218 0.171433 
1.39195 2.42493 2.69911 2.46968 2.7165 0.939216 1.48653 0.301684 0.702868 0.0446859 0.231822 0.047281 
1.45054 2.60142 2.90648 2.40545 2.95822 0.876108 0.904448 0.0708647 0.767158 -0.649465 0.462194 -0.0256801 
1.46442 2.706 3.07195 1.81664 1.7742 0.88641 1.90411 -0.328637 0.704615 0.0171207 0.165571 0.0631207 
1.48298 2.392 2.77224 1.34935 1.8519 0.751 1.28748 0.854382 1.06918 0.599144 0.214688 0.158634 
1.53636 1.97045 2.48165 1.30321 2.38177 0.616658 0.911048 0.938377 0.460898 0.00185203 0.371798 0.105635 
1.35898 1.79866 2.32583 0.980539 2.10862 0.604783 0.489838 0.742806 0.67747 -0.204229 0.631872 0.10481 
1.35248 1.82791 2.58984 1.19426 2.01958 0.828088 0.967971 1.0968 1.30138 0.155413 0.370837 0.201985 
1.43744 2.14878 2.94061 1.43441 2.26542 0.751422 1.45231 1.79467 0.730889 0.818035 0.299382 0.180181 
1.49852 1.90704 3.24412 1.8599 2.63314 0.680384 1.84286 1.80988 0.607368 1.31464 0.00954067 0.146186 
1.42456 2.1425 2.61313 1.52297 2.20498 1.5238 2.67919 0.692629 1.18629 0.861985 0.0558406 0.225441 
1.40285 1.85655 2.43045 1.55417 1.67724 0.826708 2.17001 0.411307 1.85002 0.864893 0.00727509 0.216709 
1.40821 1.68052 2.42778 1.0697 1.13551 0.120432 1.1185 0.447057 1.63587 0.759392 0.436394 0.276849 
1.54609 1.63272 2.35935 0.73854 1.41375 0.281856 0.933173 0.778943 1.26037 0.447204 0.713886 0.349224 
1.56285 1.71869 2.45701 0.764923 1.18837 0.212468 0.5727 1.18448 1.51714 1.15564 0.372671 0.227074 
1.39992 1.93648 2.40328 1.47536 1.78873 1.79554 1.49553 1.13476 1.32405 0.628093 0.012592 0.129417 
1.37954 2.08025 2.30261 1.55581 2.11573 1.49371 2.37279 0.393401 1.59509 0.364312 0.23055 0.206534 
1.46746 1.91919 2.39468 0.637033 1.80051 0.304487 1.84593 0.111929 1.17485 0.218732 0.550209 0.363169 
1.48684 1.62167 2.37047 0.681296 2.24509 0.782826 1.00401 0.431104 0.481251 0.512584 0.513755 0.256482 
1.44348 1.89776 2.49862 1.44972 1.41199 -0.396136 1.21916 0.664113 0.966227 0.666698 0.526177 0.333273 
1.45678 2.28255 2.51214 1.17024 1.71759 -0.161753 1.39215 0.745569 1.28826 0.0388278 0.418946 0.228612 
1.40595 2.11941 2.86309 0.972239 2.02505 1.63299 1.63316 0.556727 0.822729 1.00421 0.156626 0.247787 
1.29989 1.9051 2.77914 1.19183 1.71028 1.02708 1.9538 0.644937 0.9488 0.513679 0.751212 0.296005 
1.38705 1.60836 2.61389 1.82953 1.29848 0.735415 0.798794 0.892473 0.77023 0.969856 0.862007 0.314771 
1.31357 1.7529 2.68735 0.953422 1.42906 1.73449 1.80951 0.633342 0.0784617 1.01299 0.847954 0.241849 
1.31769 1.80421 2.37985 0.482335 2.12299 2.20412 1.97734 1.1059 0.0701378 0.49126 0.664392 0.241734 
1.3345 1.84465 2.16068 0.740467 1.52408 0.249802 1.94617 1.84189 0.368142 0.822384 0.677677 0.213326 
1.26889 1.80072 1.9477 1.0502 0.961089 -0.343673 1.54607 0.562927 0.740613 1.00147 0.622846 0.25922 
1.15355 1.52496 2.41192 1.27932 1.30107 -0.183281 0.53539 0.695882 0.845386 0.516644 0.457192 0.165035 
1.1782 1.09945 1.85353 1.36983 2.74568 -0.315624 0.721166 0.514202 0.652713 0.809666 0.466924 0.12877 
1.14392 0.492358 0.922886 2.16731 4.3786 0.0200096 1.51871 -0.720743 1.19553 0.73939 0.113698 0.129095 
1.28728 0.86433 1.04401 1.90053 3.97089 -0.0137113 1.28968 -0.0806987 1.18423 0.581313 0.314804 0.195903 
1.24438 1.26086 1.39502 1.59064 1.63064 0.147258 1.37979 0.348385 1.68097 0.300071 0.209239 0.0514171 
1.28314 1.52868 1.44353 2.09292 1.9483 0.433083 1.14404 0.808938 1.37149 0.434685 0.223848 0.0883388 
1.25831 1.50925 1.8464 1.27539 1.53042 -0.618761 1.30599 0.185708 1.51715 0.753377 0.543111 0.248711 
1.2671 1.26604 2.07533 1.53246 1.20097 -0.317493 1.54918 0.12142 1.31727 1.03099 0.307652 0.167556 
1.13321 1.55398 1.77985 0.823163 1.02425 0.604541 1.19403 0.235364 0.74242 1.07908 0.743117 0.148938 
1.1453 1.18806 1.73661 0.859637 1.36688 1.16436 1.17522 0.272809 0.381751 0.490008 0.235414 0.0322198 
1.17814 0.999703 1.58202 0.642519 1.65314 -0.796864 0.715939 0.636825 -0.135468 0.842507 0.278756 -0.00572685 
1.15483 1.11582 1.93699 -0.0566726 1.4458 -0.841972 1.19427 0.137973 -0.110239 0.420353 -0.062681 0.0320109 
1.19591 1.63801 2.20414 0.283604 1.11963 -0.115954 0.347232 1.05871 1.18813 0.71726 -0.13273 0.0740787 
1.28901 1.57151 1.8703 0.864932 1.98432 0.627229 1.19398 1.61195 1.42607 0.314768 0.375426 0.164774 
1.3038 1.5024 1.43499 1.45616 1.87944 0.429164 1.53297 0.140106 1.59017 0.861952 0.323992 0.189364 
1.16392 1.48199 2.01259 0.845035 1.92555 0.0145032 1.37643 -0.539763 0.877489 0.0836566 0.327868 0.219876 
1.21717 1.31745 2.3403 0.646333 1.73848 -0.190745 1.45236 0.0812577 0.943929 0.372936 0.27016 0.280216 
1.20784 1.77608 2.06943 0.811789 1.25555 -0.332706 0.974834 1.1832 0.21634 0.382432 0.896886 0.17341 
1.00278 1.60869 1.73854 0.368392 0.901971 -0.281472 0.93118 0.314009 0.73624 0.939356 1.05353 0.167521 
1.09499 1.57449 1.70367 1.38924 1.26609 0.720658 1.18647 -0.142366 1.12328 0.199946 0.603654 0.120653 
1.10915 1.70443 1.68101 1.04782 0.952559 0.546687 1.04717 -0.00881916 1.34315 0.437963 0.372566 0.156554 
1.08888 1.56086 1.75998 1.03002 0.76418 -0.45451 1.06745 0.234795 0.953476 0.57981 0.33506 0.142126 
1.09646 1.74338 1.84682 1.68097 1.56161 -0.0149064 1.04254 0.744143 0.666535 -0.0522743 0.485164 0.0826519 
0.93497 1.72707 2.33997 1.01465 1.12064 0.316707 0.0593556 0.962669 0.373462 0.28795 0.54028 0.0182345 
1.00763 1.69381 1.81647 1.21104 1.3357 -0.675044 0.568216 1.27465 0.500923 0.292302 0.168617 0.127707 
1.00648 1.51746 1.99912 0.918975 1.60393 0.108147 0.527689 1.01201 0.936958 0.0301337 0.125306 0.106799 
0.93554 1.3555 1.24114 1.17078 1.65379 0.562155 0.610127 0.442014 1.15926 -0.826213 0.22322 0.00379033 
1.00673 1.20509 1.46817 0.986637 1.14609 0.0106667 0.607038 -0.0146294 0.70631 0.123894 0.467587 0.0275843 
0.961459 1.13996 1.57877 0.869361 0.915369 -0.108389 1.24073 0.0838452 0.703384 0.22622 0.322495 0.0454644 
0.872428 1.2629 1.92011 0.527188 0.682897 -0.379907 1.40859 -0.786898 0.941635 -0.282904 0.237323 -0.0004651 
0.83602 1.69415 1.96044 0.578711 1.08014 -0.391623 1.4054 -0.111756 0.984214 -0.462429 0.371547 0.0967123 
0.781187 1.82448 1.7235 1.31353 1.25195 -0.199011 1.25304 0.0347369 1.74674 0.108507 0.290855 0.17481 
0.725167 1.69158 1.80359 1.08728 1.95292 -0.409036 1.73449 0.627134 1.75438 0.184341 0.580007 0.177658 
0.776441 1.67631 1.62018 0.754816 1.50558 -0.37651 0.878379 0.633775 0.566533 0.364851 0.31764 -0.00308048 
0.750756 1.57665 1.34417 1.24065 1.9504 -0.0958824 1.22818 0.417489 1.47169 -0.181009 0.37905 -0.0373985 
0.817741 1.5161 1.61865 1.40193 2.06699 0.108178 0.872458 0.264569 1.45002 -0.0467068 0.409444 0.0652071 
0.805 1.3901 1.78634 1.62715 2.01759 0.730965 0.793986 -0.265053 1.77255 -0.0040792 0.531768 0.0803205 
0.663 1.36533 1.71727 1.30156 1.99261 -0.496193 1.80638 -0.0322215 1.03872 -0.174803 0.362583 0.0369034 
0.595037 1.4481 1.50132 0.575141 1.99848 0.0482403 0.706249 -0.940676 0.441733 -0.367863 0.276317 0.0193218 
