0.464288 1.12412 1.36167 1.15215 1.3776 0.766609 0.736534 0.504874 0.707643 0.352337 -0.030093 0.0691926 
0.541207 1.10906 1.23416 1.46769 0.963892 0.682804 0.570762 0.869089 0.194734 0.230988 0.232739 -0.0603443 
0.588045 1.05303 1.51933 0.996974 0.949349 1.10017 0.970489 0.360338 -0.321333 0.447324 -0.0477714 -0.0767139 
0.579124 0.793537 1.2341 0.948158 0.898864 0.820553 1.3375 0.707607 -0.516122 0.125202 0.320165 -0.111016 
0.629351 1.04978 1.42117 0.924118 1.25519 0.348364 0.538903 0.64559 0.836651 0.209599 0.379733 0.0782173 
0.558569 1.61948 0.891988 1.46427 1.21295 0.622447 0.62991 -0.00157002 0.707358 0.571152 0.197841 0.0815453 
0.514864 1.45771 0.864792 0.889357 1.15073 0.385896 0.0577748 1.11948 0.858102 0.00600823 0.243746 0.0107681 
0.554546 1.44866 1.00713 1.00774 1.34264 -0.0394178 0.276553 1.18424 0.0954338 0.0273469 0.434844 0.031279 
0.489939 1.14749 1.46417 1.14885 0.963154 0.44511 0.5302 0.587416 0.0610225 -0.112216 0.450247 0.017801 
0.566399 0.961447 1.88805 1.35231 1.66475 0.467511 0.241716 0.513064 1.43274 -0.654342 0.333199 0.0862724 
0.517933 1.1583 1.79929 1.37543 0.596033 0.494424 0.495614 0.568 0.806971 -0.0157084 0.244897 0.0968687 
0.658978 1.13893 1.47331 1.43118 0.803188 1.25382 0.722932 0.479741 1.27275 0.261141 0.0701837 0.097365 
0.615693 1.16056 1.34625 0.807874 1.76821 1.40383 0.531731 0.166344 0.586475 0.451912 0.0286736 0.147282 
0.665871 1.18667 1.38444 1.48901 0.959042 0.86235 0.705716 1.15731 0.372385 1.02699 0.0809142 0.0555079 
0.543604 1.13466 1.40069 1.41511 1.61794 1.06673 0.144077 0.866368 1.86633 0.640148 0.0983952 0.113325 
0.628202 0.91111 1.33491 1.20557 1.58968 0.919582 0.272356 1.05152 1.30135 0.445297 0.258598 0.0836586 
0.707213 1.37024 1.51815 1.98613 0.576184 0.844322 0.498388 1.19021 1.21614 0.127287 0.0397757 0.220963 
0.643631 1.66113 1.35642 1.88012 1.92299 0.736627 0.471212 1.42438 1.17274 0.431926 0.304558 0.114755 
0.77423 1.74353 1.63968 1.21763 2.78296 1.78083 0.550349 0.983828 1.00907 1.1942 0.727426 0.11418 
0.851677 1.76943 2.08687 1.64378 1.79446 1.44061 1.03508 1.17739 1.45181 0.886428 0.516522 0.224746 
1.07912 1.91625 2.41576 2.35427 1.69708 1.86098 2.33265 0.86323 1.57682 0.389386 0.28533 0.216648 
1.26058 2.23497 3.14409 2.87608 2.13739 3.11674 1.93525 1.24351 0.838848 0.431784 0.516382 0.179483 
1.49523 2.67524 3.30056 2.22347 2.588 3.40014 2.79905 1.04403 1.18741 -0.233653 0.672859 0.180082 
1.60825 2.71708 2.71153 2.47172 2.83666 2.65054 2.43539 0.600178 0.91977 -0.236954 0.603128 0.144598 
1.71978 2.70306 2.90387 3.26662 2.43874 2.06353 1.88098 -0.414879 0.103488 -0.524274 0.476979 -0.0148899 
1.66868 2.64155 2.7835 2.66822 2.67315 1.62475 1.03824 0.21035 -0.472073 -0.508915 0.242093 -0.0797949 
1.858 2.79901 2.61597 2.14261 2.48805 1.88559 1.19371 0.0279759 -0.992853 -1.06575 0.0340449 -0.125535 
1.99197 2.63084 2.40739 2.03044 2.79446 1.70031 1.47191 0.0601579 -0.650182 -1.22716 -0.0436768 -0.0617905 
2.02364 2.53188 2.09462 2.21017 2.98429 1.92768 0.985454 -0.278512 -0.557964 -1.07824 0.00720559 -0.0493891 
2.34059 2.38567 1.62081 1.84314 3.54162 2.13698 0.35663 -0.416019 -0.472136 -1.27426 -0.237956 -0.0877439 
2.54404 2.35072 0.933244 1.14927 3.72735 2.0358 0.838678 -1.37518 -0.278016 -1.19343 -0.294941 -0.0637227 
2.63472 2.07963 0.603915 0.733308 3.58831 1.75776 0.907114 -1.98543 -0.253482 -1.15802 -0.425702 -0.0543477 
2.53895 1.79394 0.602171 0.728521 3.19748 1.09427 0.469363 -1.94265 -0.712203 -1.32621 -0.545368 -0.0203445 
2.4915 1.90939 0.256438 0.200973 3.39907 0.528046 -0.12456 -2.70776 -0.679271 -1.71734 -0.666546 -0.070202 
2.53501 1.9668 -0.336869 0.0788469 3.63011 -0.0412614 -0.200714 -2.40726 -1.06515 -1.36693 -0.745165 -0.0732189 
2.58385 1.63766 -0.056493 -0.26548 3.32417 -0.0499678 -0.341909 -2.46639 -1.05719 -1.17872 -0.69159 0.0244718 
2.5882 1.43663 0.21726 -0.137269 2.73149 0.0225267 -0.159989 -2.48274 -0.664777 -1.24748 -0.714009 0.0875121 
2.61291 1.65176 -0.315059 0.386647 2.27206 -0.437589 -0.297593 -2.7624 -0.184314 -1.50216 -0.611292 -0.019776 
2.63153 1.56892 -0.495091 0.228581 2.3424 -0.993698 -0.246598 -2.25899 -0.161336 -1.24346 -0.663119 0.0508421 
2.61612 1.64442 -0.547439 -0.134506 2.35352 -1.55126 -1.14895 -1.41082 -0.542059 -0.87956 -0.673006 0.110892 
2.75199 1.53338 -0.920862 0.219112 1.99335 -1.60394 -1.50008 -1.40826 -0.461489 -0.786956 -0.604562 0.103308 
2.60978 1.60641 -1.25371 0.381193 1.49756 -1.45014 -1.41298 -1.54696 0.147294 -0.619941 -0.2989 0.0334896 
2.64967 1.74232 -1.59065 0.627189 1.95537 -2.17553 -0.849595 -1.70325 0.596591 -0.253637 -0.131388 0.114048 
2.67663 1.78138 -1.78676 0.262513 2.16577 -2.19207 -0.543475 -1.66035 0.760997 -0.0344432 -0.194278 0.0815925 
2.6934 1.73981 -1.91844 0.240504 2.04452 -2.17512 -0.470304 -1.39584 0.518971 0.117756 -0.0562305 0.201854 
2.67651 1.57533 -1.91193 -0.0599779 2.13387 -1.70419 -0.395247 -0.926487 0.489923 0.29706 -0.0612007 0.2074 
2.70974 1.61622 -2.01565 -0.332703 2.36958 -1.32797 -0.305813 -0.859055 0.388649 0.387164 -0.141816 0.171671 
2.7751 1.01448 -1.52689 0.0959264 2.50365 -1.30902 0.243438 -1.1395 0.336907 -0.112473 -0.29999 0.119451 
2.67964 0.954373 -0.970095 0.192309 2.38423 -0.37233 -0.614663 -0.319968 0.125697 0.0994634 -0.273447 -0.0902008 
2.64024 1.10725 -0.118139 0.227612 3.08358 0.794417 -0.0560506 -0.120348 -0.319123 0.143798 -0.139481 -0.14393 
2.7018 1.77484 -0.130109 -0.2054 2.84443 1.20719 0.414639 -0.2328 -0.65849 -0.0543717 -0.0140142 0.0210911 
2.68287 1.85783 -0.505131 0.0102304 2.91753 0.98465 0.456864 -0.775223 -0.279831 -0.165816 -0.0276619 0.0776836 
2.52694 1.62927 -0.00988118 0.233366 2.54518 0.969391 0.487405 -1.51179 0.299595 -0.592682 -0.169569 0.0339807 
2.49427 1.53452 0.456235 0.450339 2.86847 -0.439743 0.246906 -0.894154 0.456103 0.0255965 -0.268674 0.110255 
2.53751 1.50986 0.668679 0.260246 2.41012 -0.630503 1.02042 -0.49722 0.0815991 0.224246 -0.0996512 0.272124 
2.38231 1.57604 0.846879 0.296691 1.76804 -0.147204 0.083475 0.66791 0.4028 -0.0752079 0.0486043 0.194355 
2.35467 1.36386 0.33995 0.447192 2.22128 0.622316 0.42536 0.106229 0.540755 0.0536933 0.138801 0.203208 
2.39844 1.40018 0.272222 0.38941 2.47494 0.93038 0.594177 -0.555291 1.04933 0.111985 0.0344005 0.094207 
2.36555 1.63689 0.598504 0.421998 2.34238 1.10418 -0.808306 0.364636 1.09031 0.112077 0.0168387 -0.118108 
2.29837 1.73955 0.722271 0.33906 2.21054 0.225853 0.11093 -0.198243 1.24244 -0.0514487 -0.146428 -0.0642504 
2.30904 1.97618 1.11752 0.159266 1.44292 1.19257 0.479997 -0.564382 0.747909 -0.00165561 0.156393 0.099471 
2.28111 1.53498 1.16442 0.466314 1.95855 0.611965 0.983054 0.0622105 0.676763 -0.350676 -0.148423 0.158004 
2.21063 1.48697 0.659134 0.355261 2.29348 0.697538 1.07487 -0.22891 0.727394 -0.0820243 0.219452 0.329846 
2.12329 1.33347 0.463265 0.505537 1.86473 0.634574 0.126534 -0.108658 0.938649 0.117121 0.321896 0.198487 
1.99091 1.35181 0.594514 0.390146 2.16728 0.969927 0.0722802 0.0450928 1.23574 0.028213 0.116513 0.00516081 
2.01133 1.63391 0.601081 0.0194494 2.27566 1.27482 0.640442 -0.368021 1.25141 -0.273923 0.269005 0.139283 
2.08984 1.58144 1.17142 0.648323 2.13463 1.40292 -0.0319433 0.217786 0.641364 0.266361 0.276334 0.0754096 
1.95736 1.88263 1.33711 0.404939 2.28396 1.18639 0.586002 -0.0250107 1.0697 0.13932 0.441441 0.224839 
1.84244 1.91536 1.27887 0.584165 1.31269 0.810423 1.26778 -0.346961 1.03441 -0.321405 0.532027 0.317725 
1.86832 1.61608 1.3834 0.031907 1.00823 1.51 1.29159 -0.592176 0.770771 0.0204175 0.513762 0.430382 
1.86952 1.73921 1.34235 0.0596448 1.2273 1.2293 1.14347 -0.928262 0.0491816 0.0689038 0.221092 0.245921 
1.85734 1.8747 1.44487 0.558295 1.57543 0.941749 0.782024 -0.74065 0.507907 -0.278877 0.0504364 0.0733739 
1.81579 2.06197 1.80464 0.647871 1.73436 0.402115 0.147073 -0.261217 0.522864 0.300724 0.197256 0.108653 
1.89156 2.0495 1.74022 0.849959 1.00444 0.42075 0.538205 -0.107591 0.788547 0.703452 0.287711 0.15088 
1.9211 1.7617 1.59212 0.446535 2.04647 0.107081 0.884328 0.29634 0.567412 0.749551 0.32468 0.240263 
1.7579 1.71052 1.20841 0.33378 1.63837 0.611799 1.4071 0.192841 0.267254 0.487308 0.663828 0.395458 
1.67498 1.76304 1.40466 0.193951 1.28653 0.908464 1.24129 0.0477695 1.25904 0.583616 0.685186 0.361457 
1.60771 2.11809 1.60707 0.721023 0.900537 0.503104 1.31037 0.108847 1.6557 0.642278 0.321306 0.164863 
1.46173 2.00262 1.80384 0.941817 1.09867 0.783366 0.870871 0.982177 0.514284 0.268883 0.472069 0.155276 
1.40926 1.95923 1.77338 0.552156 1.5839 0.836015 1.51474 0.434041 0.338862 0.290797 0.507428 0.213599 
1.46822 2.18424 2.36485 0.700647 1.62117 0.404946 1.78283 0.591714 1.06291 0.0812781 0.356846 0.193836 
1.45036 2.36647 2.58075 0.757089 1.64646 0.0459157 0.78584 0.394621 1.45595 0.226405 0.435401 0.259521 
1.39902 1.84956 2.54005 0.836361 0.992988 0.172292 0.416951 0.6371 0.78562 0.0957366 0.485192 0.190013 
1.12707 1.40223 2.0154 1.10199 1.33639 0.69759 0.115884 -0.225109 -0.101896 0.0300943 0.191663 -0.0557241 
1.08173 1.23192 2.0571 1.12347 1.24991 0.592631 0.530967 0.0448588 0.116045 -0.263739 0.273651 -0.0393606 
1.1543 1.48105 1.87256 0.937401 1.27782 0.211005 0.919108 0.0220539 1.44157 -0.251551 0.265582 0.102288 
1.26559 1.49376 1.87156 0.832756 0.140375 0.940056 0.56915 -0.501639 1.38027 -0.229813 0.73014 0.213926 
1.20631 1.48345 2.06904 0.855557 0.604907 1.0977 0.511059 0.296768 0.87906 -0.103102 0.537171 0.0969399 
1.15023 1.85404 2.65832 1.64435 0.868028 -0.0123311 1.17776 0.498104 0.716056 0.146007 0.550983 0.153031 
1.23476 1.84795 2.16317 1.30545 0.770981 -0.191655 1.16151 0.936567 1.00236 0.641926 0.546452 0.204187 
1.15763 1.39292 2.21528 0.954224 0.970814 -0.20598 0.719678 0.518476 1.03422 0.584975 0.370398 0.10323 
1.20628 1.65317 2.20351 0.87101 1.10046 -0.303084 1.74932 0.764891 0.905496 0.273264 0.015762 0.0645753 
1.16255 1.59985 2.24126 1.11094 0.884697 -0.238397 1.38816 0.151123 0.864252 0.612471 -0.110137 0.127119 
1.18964 1.7021 2.50717 1.32339 1.19925 0.154618 1.71771 0.327948 0.897337 0.111002 0.38367 0.164712 
1.12657 1.55455 2.26073 1.14092 1.92494 0.305267 1.85482 0.737757 0.562648 0.562058 0.255055 0.184384 
1.15935 1.1814 2.37127 0.386016 2.11121 0.380536 1.94428 0.450884 1.16745 0.716243 0.274722 0.33981 
1.08197 1.77601 2.3226 0.716523 2.29959 0.287494 1.66446 0.845474 0.552717 0.180376 0.736899 0.190441 
1.00781 1.53761 2.16293 1.32353 1.5992 -0.028251 2.04018 1.04607 0.437519 -0.6278 0.890403 0.107032 
0.995442 1.49346 2.0341 0.917769 1.53793 0.873149 1.46483 1.33188 0.445881 0.284749 0.407345 0.0428225 
1.04603 1.38377 2.19952 1.51531 1.36673 0.585567 1.46339 1.63979 0.875435 0.489588 0.276501 0.181844 
1.00076 1.40541 2.14031 1.95512 1.52882 0.451777 1.75998 1.00348 1.02591 0.620508 0.858117 0.214808 
0.90749 1.50522 1.98247 1.86322 0.796511 1.19457 2.47727 1.21988 1.35207 0.309148 0.659926 0.140039 
0.911116 1.43501 1.71497 1.83528 1.16931 0.717141 2.22134 0.38374 1.16234 -0.118097 0.106903 0.0958569 
0.957611 1.46849 2.29768 1.11854 1.5617 1.1541 2.01703 0.931966 0.689199 0.00293979 0.74075 0.121696 
0.944162 1.35234 2.22099 1.08237 1.31604 0.998794 1.13152 1.32131 1.05945 0.214279 0.326191 0.152163 
0.844531 1.73203 2.16405 1.03864 1.34023 0.717757 1.14134 0.940743 1.14983 0.900513 0.534367 0.16988 
0.764255 1.7985 2.03363 1.08662 1.21695 0.229795 1.86123 0.986999 0.58506 1.21002 0.600396 0.0963588 
