0.414552 1.04783 1.60657 1.32459 1.32464 1.31107 1.15569 1.13418 0.463576 0.68032 0.347178 -0.0541953 
0.343209 1.14672 1.44104 1.30592 1.1535 1.15965 0.754592 1.22834 1.04373 1.04889 0.0295374 -0.00645597 
0.399578 0.846155 1.59756 1.25287 1.31851 0.94967 1.13894 0.702491 1.50137 0.59451 0.0890343 -0.0479482 
0.507888 1.13442 1.36621 1.01989 1.44162 1.88844 2.19817 0.11241 1.284 0.726554 0.668719 -0.0502377 
0.44413 1.1259 1.45994 1.6169 1.07656 2.12237 1.62148 0.229994 0.720982 0.902546 0.253497 0.0502342 
0.385636 1.21379 1.51991 0.88631 1.16328 1.83093 0.821501 0.445449 0.944809 0.41358 0.297207 0.0638458 
0.343945 1.19974 1.27042 0.316506 0.52975 0.789041 0.206851 0.331851 0.776837 0.0944406 0.411918 0.0102997 
0.489694 1.22089 1.20328 1.33944 0.738849 1.20483 0.721104 0.364993 0.5388 0.341299 0.446208 -0.0685005 
0.432353 1.08104 1.39069 1.07896 1.22435 1.47054 0.327935 0.359542 0.845513 -0.0842341 0.547244 -0.177229 
0.532371 1.44439 0.942023 0.395938 0.871564 0.640638 -0.122175 0.615814 1.19118 0.246511 0.41479 -0.0962715 
0.724931 1.13897 1.34234 0.911982 0.700405 0.666551 1.05128 0.0245356 1.30711 0.59406 0.471642 0.0392328 
0.759184 0.976356 1.79539 0.889687 0.779897 -0.349691 -0.161775 0.0730653 1.08866 0.53149 0.322567 0.0811279 
0.869824 0.969055 1.40292 0.415129 0.292507 -0.248274 0.906558 -0.0598477 0.673415 0.698269 0.306171 0.0432985 
1.51632 0.989638 -0.377564 -1.04937 1.58557 1.22892 1.28727 0.547168 0.501678 0.633875 -0.057593 -0.317242 
1.34599 0.72913 0.212842 -1.03102 1.86579 1.07085 1.66645 0.689527 0.336807 0.638904 -0.0535817 -0.306374 
1.24693 1.02547 0.910261 -0.640615 1.33897 -0.0424423 2.09646 0.545712 2.10566 1.10447 0.491663 0.0989408 
1.29421 1.45696 1.01098 0.184414 0.731024 -0.470162 2.33359 1.51775 2.38695 1.02755 0.63148 0.063379 
2.0012 1.75918 0.518093 0.541411 2.03315 1.18716 0.589771 1.00615 1.97713 1.37887 -0.00359212 -0.384185 
2.28182 1.83104 -0.592365 -0.0331586 2.73625 0.103773 0.458239 0.47552 2.31296 0.983652 0.0270859 -0.358976 
2.34258 2.26762 0.011421 -0.314754 2.52618 -0.404823 -0.194401 0.87106 2.07794 0.883401 0.0975585 -0.264621 
2.27901 2.22033 0.962666 -0.209482 2.96582 0.231214 -0.631819 1.05439 2.0279 0.88111 0.202636 -0.340023 
2.17017 2.38827 1.25323 0.460438 3.03668 -0.0391627 -0.524806 0.499537 2.28514 0.779238 0.136735 -0.276767 
2.32362 2.34453 1.3841 0.207063 3.10023 0.00172115 -0.498239 0.38918 1.94075 0.886857 0.118748 -0.231173 
2.18384 2.35467 1.22233 1.03684 2.4513 0.240416 -0.0237562 0.571129 1.5529 0.728364 0.0378312 -0.193005 
1.90577 2.22434 1.25587 1.34615 2.48711 0.680307 0.231221 0.865176 1.23765 0.601016 -0.17338 -0.237831 
1.81245 2.64934 1.61491 1.4345 2.78798 0.0919744 0.106169 0.778406 1.02636 0.570528 -0.19074 -0.174672 
2.00769 2.38204 1.84837 0.499477 3.84365 0.229781 0.040925 1.22264 1.26384 -0.116787 -0.213201 -0.304655 
1.92497 2.46226 1.86039 0.640897 3.80841 0.42033 0.319413 1.3358 0.956362 -0.0501991 -0.13803 -0.259666 
1.83196 2.8537 2.15576 0.650891 4.3955 0.196346 -0.363305 0.256388 0.657965 0.470262 0.0682143 -0.23622 
1.97915 2.62575 2.16921 0.692837 3.65811 0.280806 -0.540512 0.910377 0.316897 0.49064 0.0495132 -0.224862 
1.85607 2.6376 2.43465 0.37127 4.1911 -0.609227 -0.523171 1.18131 0.418813 -0.437067 -0.0447573 -0.290477 
1.86939 2.56662 2.62538 0.834783 3.87748 -0.230665 -1.16161 0.749407 0.0705987 -0.132458 0.0244193 -0.269189 
1.74439 2.74757 2.73105 0.403303 3.66873 -0.110086 -0.878791 1.03598 0.404165 0.295369 0.216167 -0.207986 
1.69286 2.89054 2.53837 0.773064 3.49978 0.786862 0.0225618 1.52189 0.376316 -0.0595839 0.221524 -0.256289 
1.81289 2.72833 1.99761 1.08303 4.13287 1.08086 0.134581 1.2842 0.827186 -0.045251 0.143646 -0.282588 
1.93878 2.85112 2.24499 1.06131 3.76434 0.794816 0.961333 1.63967 0.638132 -0.865742 0.0135871 -0.214191 
1.82137 2.80972 2.56552 1.27113 3.08079 0.987335 0.800294 1.50681 0.360328 -0.56279 0.208627 -0.118501 
1.93184 3.01486 2.75792 0.608122 3.46702 0.890001 0.68891 1.77054 0.784816 -0.429538 0.236432 -0.216284 
1.78983 2.70666 2.86856 1.01887 4.32389 1.03476 0.161319 1.665 0.817685 -0.208977 0.314433 -0.201962 
1.75601 2.69925 2.7568 1.66574 3.38904 1.82687 0.73357 1.05953 0.763335 -0.139108 0.294953 -0.0339718 
1.78892 2.72684 2.7123 1.51327 3.12613 0.990451 0.394847 1.10462 0.301699 0.140722 0.150987 -0.0495643 
1.85532 2.78269 2.8099 1.43957 2.48177 0.988385 0.418971 1.76333 -0.137068 -0.372975 0.150742 -0.149703 
1.8924 3.07728 3.10517 2.07173 3.22285 0.682769 -0.25864 1.10656 0.289186 -0.453775 0.048336 -0.191368 
1.80707 2.88824 3.09609 1.43998 3.18956 0.930844 0.681718 1.04571 0.335966 -0.309381 0.0614416 -0.133261 
1.81229 2.89966 3.28381 1.15765 2.77336 0.759591 0.895112 0.755279 0.66678 0.149312 -0.0237007 -0.0217644 
1.78902 3.02331 3.30588 0.950687 2.7704 0.252451 0.686234 0.787435 1.34289 0.0510281 0.174961 0.0693419 
1.71153 2.87694 2.55759 1.95144 1.99242 1.79169 1.14245 1.04857 0.355634 -0.645407 0.180804 -0.111742 
1.79985 3.05418 2.54475 1.72525 2.87171 0.624294 0.942757 1.61318 -0.124377 -0.50221 0.00404641 -0.170279 
1.86955 2.77393 3.11103 1.18506 3.49374 0.236092 0.909235 1.14589 0.925099 0.121863 -0.118547 -0.0423244 
1.71974 2.8779 2.91427 1.74731 3.19401 1.25882 0.94743 1.62739 -0.0759633 -0.653915 0.184777 -0.205347 
1.73443 3.11079 2.75799 2.2331 2.81923 0.881725 0.193053 1.16066 0.691944 -0.327883 0.11425 -0.147953 
1.84192 2.96184 2.56084 1.98368 2.21529 1.84351 0.930763 1.46959 0.636118 -0.584868 0.174238 -0.113123 
1.81616 2.94309 2.59319 1.7767 1.72428 1.8774 1.15783 1.49243 0.923723 -0.0349592 0.24186 -0.00166156 
1.72605 2.62871 2.80588 1.48638 1.7383 1.27086 1.02563 1.65465 1.19699 0.565568 0.26472 0.0834357 
1.64521 2.4968 2.87827 2.20159 2.21551 2.48098 1.95382 1.26366 0.67604 0.0332945 0.341828 0.0949713 
1.71878 2.43332 2.89937 2.18876 2.04937 2.2812 2.00443 1.08988 0.903428 -0.113823 0.385987 0.134594 
1.71029 2.65706 2.78288 2.44761 2.53521 1.32785 1.20921 0.674008 1.07174 0.173519 0.313932 0.125606 
1.69206 2.49953 2.51634 2.67563 2.47594 1.21407 0.859959 1.00367 1.91047 0.174758 0.412632 0.184775 
1.51719 2.18114 2.35352 1.84267 1.81188 0.467241 1.00124 1.13683 1.36546 0.91582 0.631034 0.361348 
1.53757 2.08758 2.56943 1.78797 1.76947 0.43289 1.20823 1.0169 0.949231 0.816471 0.615674 0.341293 
1.55729 2.2956 2.6778 1.96595 2.06033 1.0253 2.32995 1.06307 0.744452 0.593515 0.323543 0.193574 
1.61334 2.3023 2.58754 1.40234 2.5527 0.862586 2.17948 1.82795 1.02997 0.701057 -0.000130346 0.0970442 
1.46519 2.38211 2.82961 1.09816 2.03185 1.64369 2.00075 0.8188 0.769071 0.416645 0.0263065 0.0864999 
1.4931 2.14492 2.20929 1.55929 2.00254 0.622314 0.826723 0.790198 0.836965 0.029339 0.455199 0.131028 
1.51919 1.83681 2.23779 1.21118 2.38483 0.465944 1.00854 1.0416 0.330848 0.475463 0.666718 0.265137 
1.36948 1.74502 3.24893 1.77377 2.47619 1.48702 2.20635 1.14457 0.693575 0.0745924 0.639805 0.250789 
1.45283 2.42246 3.10739 1.61514 2.18029 1.38111 3.15746 1.63505 0.18002 -0.00146561 0.524465 0.0459303 
1.53017 2.31412 3.35129 1.41082 2.16285 1.01351 1.99614 1.95242 0.926567 0.0952407 0.340462 0.0789618 
1.42426 1.96413 2.85156 1.08791 1.59793 1.76178 1.9591 1.87134 1.30663 0.317285 0.0759922 0.0823909 
1.42217 1.96188 2.49599 0.511771 2.2652 0.8936 2.07329 1.7228 0.671499 0.39921 0.186213 0.116714 
1.29412 2.04975 2.37108 1.04563 1.63438 0.718648 1.77671 0.437222 -0.260539 0.541834 0.415466 0.136276 
1.31554 1.79099 1.57004 1.12562 2.0001 0.734602 1.34859 1.13196 0.640209 -0.102036 0.423682 0.0992573 
1.35648 1.7462 2.09464 1.51958 1.90574 1.03098 2.19566 0.664662 0.472997 0.0182128 0.449371 0.175289 
1.29731 1.85835 2.37707 1.67026 1.99024 1.07155 2.2447 1.27132 1.34494 0.148368 0.412394 0.222798 
1.2483 2.21325 2.76303 1.35842 2.33678 1.68375 2.25339 0.156482 1.64785 0.466279 0.212922 0.30851 
1.36596 2.05216 2.46626 1.00079 2.43256 1.84632 1.65805 0.967308 1.59853 0.358528 0.254438 0.227452 
1.41545 1.773 2.67212 2.08831 2.15522 1.14755 1.29405 0.610269 1.61212 0.138168 0.306104 0.232649 
1.33883 1.73582 2.17381 2.06021 2.36905 0.87154 2.03127 0.845414 1.39418 0.0841474 0.235942 0.206335 
1.37207 2.01292 2.30883 1.6698 2.27362 0.629099 1.50699 1.41986 1.24606 0.339892 0.171834 0.171159 
1.22105 1.88438 2.42147 1.32995 1.36269 0.740477 1.19351 0.968948 1.24633 0.52602 0.787444 0.267961 
1.06883 1.86165 2.79546 1.67411 1.66399 1.12859 1.55211 1.20625 0.219467 0.915844 0.608644 0.130975 
1.21737 1.9388 2.78708 1.42133 1.62021 0.949186 2.00796 1.65743 1.08057 0.848642 0.303278 0.211364 
1.42395 1.99101 2.48501 1.22969 1.95977 0.861936 2.34496 0.68605 1.35885 0.72486 0.202414 0.250652 
1.37595 1.84381 2.11724 1.36668 1.73525 1.24838 2.92364 0.52891 1.30545 1.2321 -0.025297 0.203423 
1.39997 1.42585 2.75766 0.35534 1.41082 1.56492 1.74736 1.18449 0.827489 1.21562 0.466262 0.203594 
1.22724 1.74424 2.72273 0.842016 1.83466 1.0473 1.8281 0.991486 0.636636 0.174691 0.770654 0.217811 
1.25534 1.72128 2.71135 0.909316 1.08493 0.762422 1.14003 0.507562 1.15168 0.493134 0.386081 0.23328 
1.27447 1.60187 2.09208 0.921997 1.0841 0.973557 0.930962 0.60457 1.34966 0.665344 0.0191694 0.0748069 
1.20469 1.46806 2.04746 1.00533 1.88648 1.23325 1.60617 1.11816 0.916298 0.575682 0.138048 0.0821368 
1.21405 1.26836 2.80364 1.21085 1.69005 1.04052 1.82607 1.21551 0.631031 1.06263 -0.0830685 0.053939 
1.17412 1.24331 2.6756 1.1693 1.4242 0.809361 1.58089 0.429472 1.16921 0.540118 0.513351 0.215094 
1.14778 1.48735 2.47627 0.977637 2.39246 0.971424 1.75091 1.54662 1.22678 0.611435 0.127727 0.214641 
0.998859 1.78375 1.83526 0.751086 2.06632 0.266073 2.07079 1.88768 1.46947 0.302639 0.170289 0.145151 
0.900421 1.60527 2.0618 1.33709 1.55559 0.735657 1.83986 1.68575 1.25233 -0.166543 0.448092 0.076129 
1.0636 1.79521 2.62267 1.08073 1.62896 1.48803 2.27069 0.662249 0.281759 0.551933 0.193484 0.0789111 
1.22269 1.52149 1.73139 1.46361 2.20955 0.618913 1.89235 0.707016 0.696811 0.521951 0.148283 0.15074 
1.08022 1.68523 1.57244 1.72118 1.94604 0.292572 1.84149 0.747023 1.41017 -0.0603897 0.648026 0.158891 
0.965951 1.90987 2.10807 1.53605 1.22626 -0.361887 0.552638 0.49342 1.37796 -0.0432598 0.465028 0.131208 
0.939304 1.85659 1.71262 1.16542 1.23057 -0.0530405 0.813182 0.636851 1.3653 0.254583 0.370508 0.0819561 
0.869807 1.49953 1.82716 1.471 2.01019 1.0505 1.61006 1.34407 1.39163 0.29614 -0.106858 0.213203 
0.92961 1.71811 2.10495 1.0645 2.09974 1.19211 1.6381 1.40358 1.0695 0.364413 0.431149 0.161043 
0.960265 1.51775 2.20219 0.501548 2.26408 1.59559 1.60278 1.1682 1.10339 0.42471 0.26282 0.199369 
0.943715 1.46661 2.1273 0.817965 1.14208 1.11942 1.9666 0.70101 1.32439 0.802849 0.350345 0.192116 
1.00061 1.25924 2.17543 1.16666 1.08035 0.893327 1.70615 0.379647 0.848323 0.661116 0.3031 0.13123 
0.953577 1.38371 1.99657 1.06639 0.988864 0.814367 1.48663 1.28493 0.849271 0.711063 0.729511 0.107938 
1.00883 1.42992 2.0783 1.02646 1.80342 0.33409 2.38594 1.04359 0.366405 0.15608 0.581726 0.15266 
0.876176 1.55226 2.30135 0.937109 0.879395 0.802492 1.54552 0.404244 0.111934 0.249474 0.0700863 0.0306344 
0.831389 1.69953 1.88518 1.1431 1.12524 1.23352 0.926011 0.0894602 0.687046 0.114824 0.374342 0.0261599 
0.814203 1.74485 1.5549 0.571527 1.40732 1.51954 0.778448 0.514837 0.969141 0.505057 0.799717 -0.0125921 
0.897062 1.4826 1.82219 1.43964 1.5512 1.10153 0.630695 0.971195 0.505327 0.976875 0.619763 0.0607005 
0.93222 1.45304 1.66333 1.22531 1.98881 1.0818 0.903291 0.252897 0.874844 0.612825 0.665705 0.096487 
0.777927 1.68706 1.42024 1.3387 1.56397 1.18662 1.12537 0.779603 1.62222 -0.0659139 0.489172 -0.00307545 
0.753629 1.45371 1.90152 1.14263 1.45765 0.766267 1.51231 0.414343 0.480405 0.359102 -0.212189 0.0944607 
0.698618 1.49783 1.76049 1.26384 1.14548 0.429088 2.0601 0.517567 0.881664 0.0425414 -0.0956367 0.058674 
0.788658 1.35743 1.33408 1.24252 1.58855 0.224019 1.40229 0.619815 0.615094 -0.0816199 -0.526457 0.0468933 
