0.44146 0.621837 1.31578 0.861159 2.02453 1.31933 0.568331 0.807537 0.511024 0.507676 -0.134068 0.104509 
0.285638 0.709905 1.59703 1.06456 1.31835 1.01007 0.825195 0.999931 0.550415 0.746667 -0.247745 0.18764 
0.356697 0.7856 1.55821 0.695845 1.59244 0.89141 1.16695 1.17597 0.778254 0.859543 -0.328921 0.217793 
0.411867 1.1164 1.90997 1.11525 1.49112 0.842659 1.62162 1.38541 1.29125 0.218554 0.422735 0.10599 
0.502111 1.04598 1.62662 0.877012 1.41108 0.482868 0.970277 1.17882 0.903392 0.196869 0.186953 0.0916099 
0.492808 1.01156 1.80127 1.43867 1.67397 1.04445 1.88055 0.789498 0.567545 -0.24986 0.150503 0.205122 
0.480562 1.34631 1.27534 1.10962 1.49381 1.09618 1.76232 -0.196717 0.0794386 0.612486 0.856199 -0.111596 
0.449774 1.03132 0.987166 1.43169 1.39087 1.06704 0.482031 0.559458 -0.183493 0.379369 0.268804 0.0763724 
0.308584 1.10051 1.53094 0.995376 1.67508 2.16629 0.829919 0.21068 0.38283 0.534381 -0.115551 0.161034 
0.367126 0.990344 1.01283 0.663222 0.970636 1.32984 0.510219 0.896802 0.268519 0.633924 0.149974 0.0438961 
0.474694 1.06972 0.850805 0.674606 1.57524 1.4659 0.924538 1.34017 0.813769 0.470949 0.765629 -0.166656 
0.50936 1.13472 1.62534 0.142754 1.2499 0.734356 0.474804 0.821497 1.33792 1.17674 0.599483 -0.0914007 
0.48763 0.816244 2.01426 1.31715 1.37568 1.49271 1.61301 1.53629 0.849008 0.821677 0.191792 0.125615 
0.548309 0.985883 1.34401 1.70643 1.00823 1.06537 1.7437 1.52909 -0.0256866 0.285913 0.409571 0.120461 
0.494293 0.587979 1.14782 1.00067 0.705719 0.70056 1.50773 0.642308 -0.567566 -0.0218326 0.588725 0.0495224 
0.507104 0.774306 1.29986 0.850233 0.982738 1.30689 0.606885 0.394198 0.417123 -0.0182556 0.459728 0.0841456 
0.576603 1.42013 1.9518 1.40452 1.95476 1.24308 1.9743 0.727854 0.937771 0.722947 0.535408 0.115343 
0.612863 1.49683 1.44791 2.0443 1.79234 1.61314 2.71816 0.94258 0.620446 1.20017 0.48936 0.181347 
0.768717 1.72627 1.66323 2.41839 2.07745 2.21815 1.5262 1.90752 1.57069 0.23926 0.186697 0.322365 
1.0051 2.05058 2.76572 2.97861 2.83291 3.12271 1.92979 1.51021 0.719081 0.55768 0.486433 0.224407 
1.36738 2.64862 3.26294 2.6369 2.61851 3.01131 2.23281 0.961098 0.581184 0.177063 0.591843 0.087768 
1.58171 2.74 3.4145 2.52292 3.42316 2.23735 1.72017 1.07285 1.1159 0.0101175 0.514158 0.125452 
1.48491 2.88097 3.58338 2.44137 3.54479 1.80285 1.65024 1.02267 0.512782 0.310407 0.320865 0.05424 
1.56635 2.66647 3.0303 3.19864 3.06719 1.6272 1.45986 1.14526 -0.39342 -0.112408 0.330603 -0.0527824 
1.61921 2.7745 2.78996 3.51374 3.3608 1.22547 1.74402 0.366084 0.481976 -0.110248 0.24089 -0.0230518 
1.57052 2.63178 2.97393 2.78763 2.8938 1.59595 1.26516 0.43367 0.280174 -0.0140154 0.18135 -0.0376438 
1.70814 2.75283 3.18275 2.72316 3.03495 1.51102 1.41561 0.492987 0.230859 -0.200058 0.0736278 -0.0818942 
1.94077 2.74959 3.48717 2.83021 3.24751 2.20681 1.51373 0.0552085 0.493666 -0.433954 0.0154674 -0.0761258 
1.84604 2.80128 2.9726 2.82856 3.2897 2.5043 1.0369 -0.115109 -0.0819715 -0.205574 0.0723031 -0.114491 
2.22994 2.57145 1.79855 2.7606 4.40674 2.2322 -0.0962419 -0.646333 0.100639 -0.602836 -0.0362564 -0.269842 
2.17626 2.05151 1.50843 2.61255 4.25027 1.31623 -0.76059 -1.19036 -0.0807544 -0.748829 -0.257551 -0.324203 
2.44927 1.63792 0.573688 2.67995 4.38829 0.995012 -1.22303 -1.692 -0.500602 -0.734728 -0.506624 -0.341142 
2.29695 1.67647 0.527218 2.20301 4.52298 1.24968 -1.71683 -1.45351 -0.685878 -0.812885 -0.427227 -0.359538 
2.48441 1.56643 0.335139 1.80776 4.85199 1.26203 -1.60001 -1.76221 -0.826748 -0.862919 -0.557757 -0.340338 
2.55458 1.31492 0.374268 1.53699 4.27626 1.45553 -1.83885 -1.92727 -0.740249 -1.07205 -0.598527 -0.301324 
2.51393 1.4755 -0.00485666 1.6092 4.00257 0.770642 -1.68359 -2.33824 -0.80705 -1.07653 -0.576614 -0.267542 
2.60453 1.44123 -0.240037 1.26381 4.10977 0.00441937 -1.66012 -2.45635 -1.27216 -1.07565 -0.696472 -0.144372 
2.61866 1.38161 -0.697016 1.1368 4.05972 -1.07761 -1.332 -2.94641 -0.942799 -1.03374 -0.854152 -0.0546046 
2.4703 1.36108 -0.607259 0.808157 3.48849 -1.23146 -1.49218 -3.11825 -0.826169 -1.32266 -0.691847 0.043404 
2.59766 1.6546 -0.76942 0.458843 3.21888 -1.45143 -0.658828 -3.18849 -1.03342 -1.19241 -0.54852 0.207809 
2.80718 1.46631 -0.99969 0.61782 2.65493 -1.33005 -1.06819 -2.50601 -0.7075 -0.917604 -0.465306 0.143828 
2.80591 1.37508 -0.751724 0.0756132 2.09005 -0.9832 -1.23821 -2.1365 -0.789985 -0.739283 -0.334486 0.148631 
2.77324 1.48069 -1.26454 0.363815 1.77639 -1.52802 -1.2256 -2.38468 -0.0498051 -0.683123 -0.281646 0.0360444 
2.62674 1.47361 -1.26416 0.106064 1.44159 -1.27279 -1.0409 -2.5903 0.384534 -0.576924 -0.0792464 -0.0620639 
2.68422 1.35649 -1.42253 0.318502 1.47361 -1.69328 -0.844115 -1.95175 0.299391 -0.266699 0.0270974 0.064418 
2.41765 1.06582 -1.03865 0.351405 0.830906 -1.24553 -1.14737 -1.36057 0.625022 -0.0270867 0.149321 0.00595141 
2.63298 1.06772 -1.97487 0.437796 1.35295 -1.17403 -1.12556 -1.56778 0.87855 0.0184603 0.0879017 -0.098941 
2.56436 1.18751 -1.69453 -0.286798 1.53503 -0.671707 -1.17335 -1.3058 0.336577 0.136795 0.114939 -0.00935806 
2.74259 1.37508 -2.31512 0.585677 2.29551 -0.884216 -0.708669 -1.65202 0.56455 -0.0977528 -0.0332368 -0.055578 
2.7596 1.43769 -2.33155 0.599276 3.36048 -0.735909 -0.029575 -1.63096 0.541503 0.0483217 -0.185474 0.0154801 
2.68965 1.25901 -1.43549 0.464504 3.21665 -0.169279 -0.469235 -1.1486 0.389334 0.433096 0.0448072 0.073937 
2.57836 1.38242 -0.601622 -0.108718 2.46277 0.063936 -0.703386 -0.484125 0.700381 0.603242 0.196742 0.0202113 
2.52718 1.37583 -0.590399 0.154767 2.61765 0.479935 0.369116 -0.914062 0.975425 0.038778 -0.031186 0.0251948 
2.46542 1.35382 -0.188626 0.141742 2.85792 0.940706 -0.301578 0.112234 1.02216 -0.124071 -0.393287 -0.225705 
2.64394 1.20595 -0.0263276 -0.0464374 3.2377 0.496461 -0.477071 -0.203227 0.275186 0.315834 -0.0357063 0.0402901 
2.44693 1.21658 -0.0580855 0.617664 2.91555 0.781758 -0.762959 -0.858751 0.422513 -0.226833 0.0906756 0.238509 
2.47188 1.48418 -0.059198 0.17626 3.19753 0.500251 -0.658663 -0.519242 0.889268 -0.201145 -0.117207 0.105675 
2.35704 1.69371 0.116318 0.509116 2.34001 0.453334 -0.585907 -0.0237492 1.15847 -0.132045 -0.0359036 0.00749227 
2.45392 1.47182 0.105153 0.818302 2.61366 0.377725 -0.146699 -0.886603 0.923922 -0.140944 -0.0824219 0.0622636 
2.34779 1.5641 0.657784 0.929267 2.70332 0.570087 -0.103835 -0.441011 0.819012 -0.28674 -0.0926242 0.0918137 
2.38528 1.36385 1.02559 0.183161 2.52251 0.577594 0.133976 -0.11717 1.11763 0.375041 -0.0660575 0.0344968 
2.30182 1.35182 0.74185 0.148334 3.35347 0.541687 -0.0139212 0.999623 0.961549 0.616558 -0.105102 -0.134923 
2.24474 1.62753 0.0412166 1.07791 2.98625 0.663446 -0.459961 0.303941 0.97018 0.39252 0.285748 0.16788 
2.17538 1.69409 0.398804 1.42577 2.49113 0.342021 0.118367 -0.146434 0.967707 0.412068 0.430735 0.228227 
2.08184 1.62057 0.647297 0.390654 2.71689 0.163679 0.448708 -0.0414961 0.559808 0.251179 0.689964 0.542277 
2.10938 1.3735 0.721073 0.792017 2.33391 0.379038 0.920574 0.307053 0.708415 0.365096 0.576633 0.447566 
1.96548 1.66808 0.824207 0.632715 1.9448 0.991704 2.14503 -0.238213 0.565934 0.24476 0.650158 0.474594 
2.00583 1.9097 1.20736 0.767577 1.6214 0.656894 1.6895 -0.281995 0.0356543 0.119285 0.66745 0.515563 
2.02688 2.24932 1.729 0.263973 1.56809 0.275024 0.610442 -0.00101189 0.742365 0.284666 0.347088 0.254061 
1.86041 2.05444 1.40421 0.433358 2.12074 0.659683 0.479831 -0.117509 0.570325 0.518796 0.280928 0.147446 
1.71141 1.98412 1.48319 0.780451 2.3491 0.427201 0.274422 -0.0558165 1.08757 0.610358 0.0902101 0.0348621 
1.81887 1.67484 1.97754 1.27553 1.47474 0.434324 0.75446 0.921436 0.54909 0.434703 0.0460293 0.0192979 
1.7843 1.34951 1.45076 1.06367 2.20644 0.996902 1.66192 0.730738 0.83882 0.568064 -0.0515498 0.0367774 
1.71806 1.79437 1.0636 0.981067 2.53984 0.625249 1.46709 0.540489 1.08275 0.0606913 0.271558 0.201589 
1.81432 1.79386 1.04368 1.04285 2.19407 0.875177 1.41065 0.344957 0.667764 -0.166631 0.487927 0.325419 
1.83301 1.82598 1.22986 0.586267 2.07545 0.111086 1.22819 0.266504 0.812021 0.793869 0.701675 0.448121 
1.71449 1.83376 1.37518 0.92258 1.46933 0.687067 0.633243 0.422221 1.28474 0.778721 0.854889 0.374787 
1.61226 1.85097 1.69654 0.629354 1.13139 0.2309 1.136 -0.0238318 1.21233 1.15258 0.900914 0.462122 
1.6682 1.72722 1.93589 0.877326 0.68129 -0.0205689 0.934029 0.356742 1.22432 1.07013 0.701467 0.364669 
1.6682 1.27987 1.90403 0.936022 1.21441 0.635618 1.6049 1.0175 1.20608 -0.111457 0.764023 0.471499 
1.5736 1.71022 1.95022 1.27803 2.24689 1.22327 1.53372 0.288535 0.671219 0.338042 0.724097 0.355543 
1.53427 1.80343 1.79329 0.847078 2.35008 0.730921 1.53977 0.534124 0.408809 0.684391 0.714979 0.373602 
1.48272 1.67695 1.62207 0.807284 2.17464 1.28341 1.48307 0.22627 1.46399 0.202065 0.741533 0.344532 
1.46595 1.72885 1.39235 1.2058 2.22601 1.35279 1.4847 -0.0249622 1.18068 -0.440229 0.470105 0.176114 
1.39462 1.79569 1.78489 1.25095 1.55158 -0.198474 0.831691 0.387937 0.618125 -0.401318 0.399751 0.0939486 
1.37994 1.62183 2.15734 1.36162 1.47606 -0.344381 0.189417 0.435643 0.93453 0.511131 0.0320348 0.118316 
1.203 1.56881 2.01083 0.959501 2.29504 0.246376 0.787369 0.184183 1.23852 0.535692 0.250415 0.207411 
1.31263 1.69557 2.13135 1.22444 1.56163 0.154845 1.02825 0.327672 1.49969 0.619992 0.158302 0.215001 
1.23034 1.47027 2.26743 0.21831 1.52496 1.19733 1.34647 0.748917 1.14157 0.827953 0.47381 0.237442 
1.07923 1.46886 2.58714 1.04684 1.53507 0.644436 1.46455 0.23813 0.832129 0.742118 0.569398 0.220911 
1.02962 1.71083 2.42517 1.05314 1.58465 0.307989 0.420156 0.428874 0.977232 0.714612 0.9429 0.206759 
1.05687 1.64332 2.46921 1.34499 1.04629 -0.0134796 0.726975 0.467252 0.484526 0.576759 0.819805 0.139608 
1.04216 1.64494 2.36007 1.03255 2.24867 0.74045 1.78771 0.139849 0.79938 0.758599 0.621718 0.25496 
1.08533 1.77453 1.92152 1.16686 2.00195 0.567643 2.21536 0.0511769 1.12885 0.440538 0.902555 0.273979 
1.07025 1.64013 1.8464 0.910329 1.77711 -0.0525985 1.77646 1.46806 1.71797 0.80568 0.81205 0.281415 
1.06411 1.32775 1.99235 1.04467 1.37691 1.6712 2.16565 1.03094 1.70941 0.118412 0.629077 0.237027 
1.0073 1.63224 2.56095 0.969475 0.978011 1.05275 1.76145 0.766111 1.29882 0.461884 0.820998 0.211229 
1.03282 1.80685 2.31468 0.850563 2.6026 0.324883 1.37891 0.970669 0.768075 1.26615 0.644811 0.291018 
1.0854 1.69666 2.16263 0.941942 1.73814 0.0708145 1.74659 1.15563 1.0198 1.30128 0.384555 0.284013 
1.17035 1.68688 1.96856 0.889294 1.86871 0.0729728 1.64031 1.08304 1.27892 0.941913 0.593902 0.290555 
1.04694 1.64163 1.90271 1.0505 1.28033 0.533885 2.16268 0.863684 1.38443 0.733833 0.92552 0.23095 
0.893576 1.47237 2.12961 1.51389 1.40714 1.11959 1.55077 1.28249 1.64873 0.904034 0.663276 0.242972 
0.926405 1.43456 2.36839 1.64602 1.72264 0.942363 1.38753 0.942679 1.06408 0.462293 0.776766 0.185403 
0.903097 1.50704 2.149 0.938254 1.51563 0.767936 1.1982 0.442709 1.03478 0.425471 0.723878 0.133737 
0.830529 1.88238 2.21614 0.754389 2.0278 0.189282 0.76171 1.4574 1.01102 0.317769 0.194974 0.170956 
0.852372 1.53741 1.5862 0.353694 1.86283 -0.184941 1.93199 2.34901 1.00213 -0.233141 0.113783 0.0713727 
0.792208 1.45179 1.69615 0.678296 2.12889 0.32396 2.11147 1.60831 0.568278 -0.188763 0.46804 0.0415072 
0.977581 1.45723 1.99907 1.40995 2.18324 0.218444 1.79898 0.660291 0.88959 0.0608896 0.763903 0.184855 
1.05396 1.34222 2.06085 1.51724 2.01158 1.25002 1.40249 0.412482 0.961364 -0.335142 0.683613 0.172892 
0.961669 1.3154 2.14842 1.11406 2.03513 1.62389 1.73938 1.26369 0.610779 -0.297777 0.55343 0.15212 
0.772493 1.19588 2.1729 0.476403 1.04349 0.918974 0.875167 0.588709 0.0914504 -0.163082 0.660555 0.00415938 
0.708412 1.27325 2.29417 1.00138 0.921794 0.59417 1.0233 0.604753 1.23422 0.360889 0.623767 0.11133 
0.731635 1.37034 2.52651 1.06302 1.4161 0.575282 2.03487 0.851636 0.308315 -0.119587 0.217146 0.129969 
0.798312 1.05733 1.68852 1.05432 1.68658 0.776724 2.12135 1.38237 0.721044 0.476437 0.412453 0.120465 
0.789617 1.44123 1.55475 1.91421 1.73935 0.798734 1.46989 0.835408 1.02803 0.411237 0.583487 0.114037 
0.815582 1.44074 1.82968 1.12032 1.39074 1.37972 1.256 0.113625 1.184 0.69898 0.478846 0.160218 
0.707319 1.66645 2.07041 1.30685 1.60413 0.689948 0.638603 1.27782 1.13982 1.02406 0.347297 0.193676 
0.656332 1.51418 1.81796 1.94704 1.97335 0.561164 -0.111162 1.13567 0.0716386 -0.261355 0.321831 -0.00736697 
