0.477169 0.880554 0.79776 0.833966 -0.0780914 1.61464 0.891627 0.555456 -0.00727508 0.766476 0.675381 -0.200651 
0.491835 0.969088 1.23682 1.04338 0.994641 1.75365 0.82943 0.276565 0.137285 0.399419 0.380537 -0.119605 
0.448917 0.650936 1.7832 0.978536 1.33354 0.944025 0.559076 0.242512 -0.273586 0.667049 0.106769 -0.0449321 
0.336497 0.849718 1.12398 0.679637 1.40954 1.33734 0.681112 1.18069 0.638756 0.0432593 0.420694 -0.137529 
0.323286 1.21077 1.08818 0.663425 1.08937 0.821412 0.545956 0.675327 0.784245 0.526225 0.296521 0.0132245 
0.505653 0.812757 1.40915 0.620598 1.53648 0.868573 0.822007 0.197858 0.514748 0.368148 -0.122386 0.167097 
0.515402 0.867574 1.41797 0.86003 1.43517 1.02873 1.79869 0.561992 -0.162154 0.70533 -0.057997 0.109851 
0.50662 0.837005 1.59549 1.0601 0.883699 0.0244937 1.53397 -0.45177 0.255894 0.963466 0.13222 -0.116437 
0.404191 0.728452 1.37755 1.37317 1.20003 1.97506 2.01644 0.277847 0.403494 0.408673 0.0709786 0.0435641 
0.485689 0.839515 1.28973 1.60426 0.710561 1.40887 1.29953 0.490633 0.723007 0.152929 0.0959122 0.0462754 
0.562373 0.74115 1.26077 1.31666 0.979781 1.33904 1.71377 0.315247 0.574128 -0.210062 0.233544 0.0426957 
0.478869 0.912158 1.46769 1.05958 1.09899 1.39646 0.863752 0.68548 0.789431 -0.266075 -0.119722 0.120454 
0.320599 0.867751 0.967659 0.900594 1.04342 1.05911 1.03633 0.528801 0.103043 0.231291 -0.364004 0.218246 
0.352053 0.584985 1.51949 1.07089 0.939275 0.883264 0.269494 0.462932 0.191061 -0.336235 -0.394462 -0.0294385 
0.380837 0.74782 1.95433 1.14705 0.519884 0.779217 0.0371811 1.30561 0.236053 -0.309287 -0.60671 0.109062 
0.390491 0.813387 1.10588 0.564806 1.03132 0.854963 0.452246 0.812121 0.282888 0.264142 -0.530177 0.291906 
0.635559 0.823961 0.500637 0.363255 1.32331 0.46713 0.798949 0.0827796 0.800023 0.00797182 -0.0968159 -0.123508 
0.692097 0.9726 1.08697 0.605493 1.57397 0.283963 0.965153 -0.841976 0.63882 0.113599 0.019825 -0.137134 
0.755567 0.556469 0.600033 -0.983851 0.88137 -0.10506 1.36748 -0.124184 -0.63617 0.555611 0.621883 -0.26356 
0.788382 0.48119 0.341933 -1.38646 1.77844 0.308591 1.73191 0.183475 -0.775949 0.316534 0.1408 -0.470099 
0.753275 0.185861 0.696886 -0.63744 1.93918 -0.223494 1.2758 1.52882 -0.647107 0.0327752 0.00558138 -0.731526 
0.717552 -0.22049 0.658918 -0.24668 1.20719 0.444211 1.46164 1.41894 -0.625057 -0.237825 -0.0373813 -0.596839 
0.866491 -0.481878 0.258495 -0.576773 1.52678 0.923329 1.30414 0.189947 -0.580913 -0.587589 0.493614 -0.346457 
0.897141 -0.425514 0.732378 -1.04419 0.642409 1.64296 2.19803 -0.506909 -0.419158 -0.67655 0.493844 -0.100007 
1.04585 -0.303616 0.379869 -1.53722 1.17789 0.0234633 2.38059 1.28901 -1.13924 -0.413613 0.274099 -0.286169 
1.02294 -0.0539997 0.183473 -0.816107 1.41804 -0.18135 2.28902 1.38112 -0.488303 -0.918121 0.213306 -0.248845 
0.872458 -0.574563 0.273581 0.32417 0.265508 1.44797 2.44347 -0.423436 -0.199376 -0.330089 0.0390229 -0.351226 
0.549262 -1.28378 0.699212 -0.0414847 0.649317 0.80571 1.6065 -0.801536 -0.0281918 0.568586 0.313603 -0.426122 
0.551906 -1.17477 0.407563 -0.573415 0.438466 1.00785 2.06884 -1.21196 -0.4688 0.364836 0.697987 -0.268688 
0.712853 -0.637935 0.789885 0.437043 0.510237 0.573754 2.16119 -0.995173 0.448909 -0.225888 -0.168707 -0.439386 
0.539727 -1.49445 0.797092 0.563965 1.24219 0.974524 1.2499 -1.33223 -0.692856 0.730467 0.375137 -0.535069 
0.744981 -1.51623 0.180966 -0.27836 1.27283 0.298337 1.45707 0.220435 -0.53635 0.719928 0.513064 -0.620048 
0.7132 -1.53343 -0.0756768 -0.439083 0.55787 0.396747 1.86697 0.488791 -0.460438 0.519382 0.318203 -0.453226 
0.767747 -1.47056 -0.170098 -1.02185 0.222109 0.876618 2.37923 -0.177919 -1.21992 0.377853 0.269457 -0.305157 
0.895568 -0.740597 0.442503 0.173195 0.903548 1.4141 3.19319 -0.202974 -0.973231 0.00361306 0.481879 -0.0459461 
0.90751 -0.230348 0.415454 0.462808 1.47365 0.477615 2.84108 0.258491 -0.406711 -0.463863 0.470883 0.301169 
1.14024 0.302586 1.22222 1.25791 2.21074 1.01175 1.94282 0.903418 0.745765 -0.222887 0.50502 0.207495 
1.87842 0.808417 0.171266 -0.180499 2.64086 2.97803 2.08344 -0.0751699 0.0734461 0.445566 0.0848868 -0.00173792 
1.91937 1.23551 -0.730701 -0.433123 3.03147 3.44291 1.06619 0.675338 -0.141262 0.188321 0.0999986 -0.155021 
1.80681 1.18328 -0.591381 -0.695525 3.22588 3.2053 1.37032 0.715003 -0.116142 0.210115 -0.107455 -0.249821 
1.81629 0.991358 -0.106008 -0.293144 4.27252 3.34256 0.869815 -0.0701257 -0.0625692 0.0771798 0.121169 -0.135464 
1.58189 0.69174 0.215312 0.499041 4.26208 3.33995 0.117263 0.421097 -0.121295 0.194803 0.329413 -0.0796279 
1.61657 0.612857 0.0143071 0.395492 3.6886 3.48618 0.164351 0.882006 0.0805537 0.340304 0.148779 -0.173251 
1.67553 0.472852 -0.202647 0.309132 3.75597 3.04292 0.416079 0.636861 0.464384 0.336479 0.0868131 -0.209267 
1.71364 0.59658 -0.0671492 0.262697 3.5826 2.54418 1.17298 0.239964 0.730324 0.644072 -0.0547685 -0.222048 
1.72877 0.866824 -0.325223 0.308171 4.00927 2.57054 1.70205 -0.139988 0.392785 0.446783 -0.0138467 -0.0755432 
1.75318 0.792324 -0.266835 0.657424 3.74363 2.7663 1.38733 0.304526 0.112429 0.485064 -0.174502 -0.190589 
1.65859 0.672173 0.0104704 0.578418 3.29755 3.36671 0.594406 0.781072 0.102393 0.378186 -0.169595 -0.233365 
1.56661 0.829069 0.452355 0.881089 3.45591 3.80563 0.427276 0.906934 0.437757 0.295088 -0.137913 -0.115419 
1.69508 0.979111 0.390206 1.00582 3.77666 3.0349 1.42165 1.1045 0.334652 0.721664 -0.276759 -0.156234 
1.75571 1.23028 0.281174 1.28251 3.89132 2.56732 2.60001 0.240804 0.656499 1.09318 -0.197583 -0.0682952 
1.70075 1.10356 0.90674 0.914096 4.16557 2.53385 2.0888 0.946752 0.609639 0.385813 -0.251149 0.0500891 
1.70878 1.08776 1.31139 1.13913 3.82339 3.01599 1.88813 1.21731 0.83157 0.351685 -0.324026 -0.0213974 
1.66494 1.28882 1.58807 1.08176 3.56848 3.26658 1.46767 1.59996 0.726737 0.204706 -0.288591 -0.0691734 
1.62556 1.40031 1.09608 1.94721 3.82922 2.44752 1.71281 0.999027 0.382053 0.722372 -0.417533 -0.0986209 
1.64481 1.58316 0.709625 1.46216 4.48256 1.81415 1.68907 1.60465 0.5183 0.44715 -0.688899 -0.127519 
1.53976 1.4365 1.38729 1.40968 4.06448 2.21255 1.24795 1.73955 1.08499 0.00860963 -0.549469 -0.139319 
1.59944 1.26716 1.10038 1.57321 4.29411 2.91375 1.04435 1.35216 1.00339 -0.0572093 -0.306582 -0.0719219 
1.56968 1.6612 1.21246 1.50054 3.86362 2.11725 1.39528 1.86183 0.561859 0.274984 -0.277446 -0.0387233 
1.58147 1.42041 1.09582 1.96095 3.48216 2.58174 2.31923 0.518426 1.09313 0.402802 -0.25709 0.0311759 
1.59123 1.48984 1.41144 2.03606 3.70759 2.38858 1.85905 0.563059 1.38047 0.0992607 -0.134335 0.0472337 
1.44208 1.67856 1.21454 1.84299 3.14 2.34793 2.60156 0.623384 0.954991 0.355907 -0.350792 0.0670391 
1.46534 1.69032 1.19911 0.821057 3.27906 2.11883 2.46285 1.11381 0.914392 0.240415 -0.608501 -0.00186686 
1.44898 1.35034 1.72161 0.58677 3.56354 2.72168 1.80023 1.06937 1.12832 0.14993 -0.490562 0.0398719 
1.39672 1.53777 2.14031 0.739695 3.4792 2.28926 2.14084 1.32067 1.08534 -0.0367322 -0.325564 0.127635 
1.43572 1.73446 1.95648 0.893808 2.96215 2.17964 1.78764 0.580319 0.827889 0.231914 0.101298 0.15539 
1.40606 1.58466 2.02991 1.22057 2.16901 1.89543 2.41357 0.601364 1.1692 0.591583 -0.182493 0.115562 
1.26357 1.55112 2.02674 0.858763 2.11536 1.55148 1.53857 0.402563 1.73051 0.797093 0.272465 0.249843 
1.33266 1.42129 1.4205 1.32602 2.50224 1.30237 1.83992 0.776155 1.70608 0.566878 0.649142 0.286096 
1.27044 1.37849 1.40212 1.74812 2.07941 1.1575 2.7924 1.55064 1.03032 0.91315 0.317386 0.254785 
1.20163 1.32744 1.93443 1.25895 2.09371 2.03283 2.78485 1.43191 1.4513 0.304723 0.105934 0.27519 
1.25717 1.84074 1.84848 0.984095 1.71877 2.08549 2.1641 0.901708 1.48857 0.2476 0.522651 0.239805 
1.29224 1.71424 2.06769 1.76308 2.53209 2.17992 1.5142 1.35614 0.861618 0.303869 0.236319 0.166908 
1.32036 1.58302 1.96229 1.78473 1.6954 1.563 2.97994 0.86055 1.24551 0.147952 -0.00925393 0.115475 
1.2366 1.45718 2.1954 1.73074 1.43431 0.906449 2.52426 1.10647 0.675388 0.590843 0.226097 0.0985671 
1.15799 1.42595 2.5281 0.623569 2.32455 0.855067 1.35648 1.33869 0.587709 0.308979 0.148561 0.0447703 
1.16719 1.06416 2.21307 0.764668 1.58855 0.750952 1.7423 1.90569 1.04626 0.172163 0.147837 0.0561684 
1.28051 1.01416 2.32797 1.14 1.63886 1.00928 2.1209 1.75854 0.356105 0.481169 -0.0268972 -0.0174549 
1.23386 1.25798 2.25729 1.29475 2.12846 1.03211 1.58278 0.832589 1.02246 0.761997 0.276335 0.172386 
1.2595 1.42882 1.94691 1.45365 2.38506 0.842193 2.0447 0.479779 1.39814 0.389287 0.605162 0.298998 
1.25171 1.1825 2.28231 1.51831 2.39345 1.3902 2.00168 0.498792 1.49525 0.664294 0.27038 0.287425 
1.16177 1.25673 2.44947 1.17257 2.08598 1.57561 1.17473 0.568344 1.2194 1.15383 0.48355 0.232727 
1.09099 1.23383 2.37723 1.21477 1.75768 1.1581 1.0381 1.09933 1.40526 1.32289 0.436574 0.208553 
1.1609 1.39338 2.03395 0.89611 1.63464 1.04363 1.69681 1.20904 1.05762 1.20231 0.190483 0.162254 
1.17963 1.23898 2.23823 1.11044 1.78458 0.928055 1.97167 0.604928 0.701041 0.962701 0.0443249 0.131251 
1.13528 1.22724 2.30674 1.26068 1.58565 0.657681 1.58405 0.546323 1.64906 0.449962 0.0502231 0.197293 
1.06382 0.958864 2.56874 1.12819 1.6876 1.08482 1.49048 0.981261 1.24686 0.412212 -0.0793249 0.197315 
1.09231 1.2592 2.27012 0.918802 1.45317 1.57284 2.41425 0.978195 1.41249 0.518244 0.169551 0.218016 
1.06974 1.26114 2.05533 1.26589 1.71634 1.78084 2.43363 0.666438 1.74187 0.766899 0.322254 0.269699 
1.15312 1.26378 2.38808 0.437245 1.60858 1.93608 1.64818 1.21103 1.82843 0.877336 0.403202 0.288065 
1.18494 1.02196 2.15836 0.189859 2.65431 1.20794 1.34291 0.836192 1.51741 1.08077 0.41113 0.268148 
1.16403 1.07495 1.5866 0.681215 1.99423 1.08866 1.85366 0.534501 0.341218 0.497271 0.307374 0.146827 
1.07042 1.05445 1.97977 0.597802 1.57722 0.725782 1.59431 0.264447 0.203685 0.769284 0.204711 0.123588 
1.08372 1.23274 2.07632 0.706558 0.797467 1.00471 1.10471 0.802515 0.352707 0.992526 0.700835 0.0951588 
1.07185 1.19708 1.65223 0.902485 1.20773 1.31037 1.5337 1.14675 0.740806 0.85813 0.860011 0.135755 
1.04293 1.13076 1.98076 0.899392 1.36961 1.61944 1.73749 -0.301076 1.25718 0.700874 0.856554 0.204309 
0.952417 1.41031 2.13425 1.38431 1.03181 1.7908 2.08243 0.0954166 1.1904 0.184946 1.0423 0.125099 
0.931558 1.43435 2.33305 1.88244 1.15339 1.72417 2.49067 0.765893 0.968106 0.198555 0.911423 0.131864 
1.0501 1.43331 2.81011 1.04537 0.501349 1.2281 2.17413 1.02922 1.07331 1.06949 0.62691 0.15894 
1.1161 1.34604 2.15163 1.02003 1.1462 1.66615 1.25775 1.37889 1.68753 0.255627 0.375479 0.223461 
0.975905 1.33254 2.26323 1.1509 1.93746 1.58059 1.05069 0.485997 1.529 0.206178 0.533219 0.222968 
0.944039 1.00024 2.65671 1.86056 2.15497 1.38662 0.582491 -0.299728 1.04693 0.234771 0.42427 0.0583769 
0.975641 1.19142 2.4182 1.56604 1.34815 1.64306 0.945739 -0.0313715 0.813483 0.373846 0.345456 0.0728872 
0.898463 1.18482 1.43727 1.21219 0.50655 0.942715 1.3407 -0.0112848 1.62312 -0.222808 0.0936461 0.119573 
1.01176 1.03859 1.90683 0.821009 1.71461 0.125338 2.01116 0.888165 1.64321 -0.034581 0.353252 0.201812 
1.02018 1.15237 2.40683 1.4783 1.78211 0.0107944 1.59768 0.88537 1.42682 -0.129714 0.180333 0.28199 
1.04364 1.19519 3.12611 1.06136 1.39584 0.769919 0.992006 0.438579 1.07968 0.786437 0.553126 0.224751 
