0.647896 0.620743 1.24732 0.165091 -0.0410621 0.959818 1.53312 0.497288 1.6111 1.02655 0.609004 -0.138831 
0.596923 0.624699 1.36388 0.26644 0.242565 0.353872 0.985591 0.867398 1.53061 0.970773 0.618141 -0.140244 
0.495917 0.783254 1.49062 0.71393 0.510698 -0.2556 0.311799 -0.179845 1.70471 1.12342 0.282101 -0.382523 
0.634832 0.939757 1.47518 0.393178 -0.00944687 -0.285354 0.155242 0.278537 1.13703 1.05409 -0.0235129 -0.193896 
0.769552 1.03167 1.15247 0.607913 0.00346578 0.102044 0.722552 0.250891 0.756029 1.05 0.237217 0.0215629 
0.902505 1.20764 0.967543 1.50012 1.08609 0.112356 -0.406699 0.133931 0.896525 0.184336 -0.125269 -0.133225 
1.20458 0.985664 1.21032 0.903573 1.58387 0.331162 -0.372968 -0.513335 1.33029 0.0729629 0.228348 -0.119397 
1.40242 1.22955 1.33577 1.4368 1.23849 0.378817 0.293032 -0.0908372 0.702894 -0.138901 0.293232 0.0761378 
1.70602 1.91198 1.3358 1.34555 1.29411 -0.0596244 -1.16617 -0.912511 0.0833221 0.0393673 -0.45343 -0.352725 
2.89538 1.51885 -0.204155 1.34749 1.67901 -0.799455 -1.4387 -2.1894 0.101607 -0.614769 -0.755283 -0.496266 
2.59823 1.68919 0.300714 1.06943 1.83249 -0.385326 -2.16844 -1.99299 -0.0931659 -0.958568 -0.807344 -0.443932 
2.83219 1.37249 -0.324384 0.961585 1.5995 -0.221194 -1.97634 -2.13372 -0.252064 -0.531167 -0.629228 -0.409025 
2.86194 1.29579 -0.40128 1.13732 1.6163 -0.908606 -2.1802 -2.23109 -0.438082 -0.655384 -0.692415 -0.374094 
3.04366 0.615821 -0.93933 1.2314 1.07675 -1.44114 -1.36561 -2.37288 -0.276175 -0.491679 -0.556354 -0.347153 
3.1392 0.792891 -1.48951 0.833298 1.52362 -1.43376 -1.9853 -2.17064 -0.236671 -0.440258 -0.523922 -0.246708 
3.095 1.24271 -1.23526 -0.425647 1.09085 -0.997714 -2.12278 -1.69873 -0.437883 -0.473063 -0.640033 -0.31115 
2.91603 1.09168 -1.12601 0.0818247 1.01647 -0.741837 -1.81043 -1.76386 -0.0472729 -0.232039 -0.531778 -0.429507 
3.09538 1.28513 -1.6575 -0.0255365 1.00301 -1.34659 -2.13545 -2.17027 -0.11691 -0.113475 -0.400757 -0.394593 
3.03988 1.37788 -1.85048 -0.0226001 0.808679 -1.33633 -1.54737 -1.68922 0.414675 -0.155429 -0.509997 -0.517688 
2.9417 1.37375 -1.46698 -0.703523 0.802212 -1.04705 -1.77643 -1.26138 0.528669 0.344219 -0.313948 -0.485757 
3.25496 1.09519 -1.75092 -1.32055 0.93846 -0.452665 -1.48246 -0.620265 0.394709 0.384249 -0.40208 -0.57076 
2.83752 1.4059 -1.66507 -1.1325 0.673924 -0.457351 -1.34809 -0.373102 1.09974 0.681348 -0.267448 -0.645674 
2.69063 1.31581 -1.55109 -1.10415 0.650762 -0.235018 -0.967757 0.0331189 1.24039 0.477607 -0.362392 -0.634607 
3.17458 1.08935 -1.6195 -0.602426 0.936066 -1.09634 -0.261959 -0.331049 1.2152 0.410585 -0.580502 -0.6649 
3.06546 1.07423 -1.40757 -0.379781 0.772575 0.151004 -0.0351354 -0.0883916 0.999921 0.311875 -0.525365 -0.675105 
2.95204 1.25756 -1.5111 -0.441174 1.40417 1.00647 -0.0286644 0.234784 0.498061 0.312075 -0.397062 -0.581436 
3.00774 1.21508 -1.43281 -0.292322 1.69594 1.30515 0.243979 0.118876 0.20326 0.228177 -0.270589 -0.459999 
2.99083 1.2755 -1.20621 -0.297774 2.16958 0.79064 0.763893 -0.374413 0.455065 0.109487 -0.352138 -0.36563 
2.98685 1.33849 -0.813523 0.126908 2.38361 0.367039 0.213067 -0.198425 0.661587 0.0827828 -0.623215 -0.485889 
2.81326 1.40932 -0.707548 -0.0164499 2.4302 0.592887 0.805799 -0.172699 0.470921 -0.222603 -0.603816 -0.321449 
2.63803 1.27151 -1.03187 -0.34997 2.10471 1.22755 0.33602 -0.503491 0.649613 -0.025415 -0.0611625 -0.104833 
2.84102 1.17597 -1.11576 -0.396221 1.62015 1.37688 0.389521 -0.603046 1.02886 0.627167 0.117098 -0.280975 
2.81464 1.09533 -1.17451 -0.0624003 2.05322 1.43638 0.728576 -0.0672873 0.884847 0.518512 -0.0880789 -0.389768 
2.65888 1.13907 -1.20345 -0.0145674 2.56032 1.0634 0.0652872 0.332802 0.821942 0.463781 -0.194729 -0.297193 
2.7666 0.716043 -1.04775 0.338088 3.29928 0.808715 -0.0448938 0.105986 0.698845 0.63338 -0.201935 -0.290306 
2.60385 0.893936 -0.799444 0.524226 3.39178 0.811033 0.837677 0.150984 0.754703 0.576581 -0.463249 -0.475241 
2.66847 1.02688 -0.84265 0.239896 3.26517 1.1203 1.2543 0.0957098 0.597121 0.48475 -0.317078 -0.340547 
2.61711 1.07648 -0.881425 -0.345478 2.88669 1.06974 1.03272 -0.583096 0.874779 0.65295 0.0124003 -0.158277 
2.71949 1.21959 -0.482799 -0.628657 2.64177 1.45495 0.632179 -0.462722 0.572335 0.395554 -0.0397164 -0.15142 
2.70802 1.17903 0.0674666 -1.19287 1.99867 0.763915 0.226547 0.329171 1.19472 0.424943 -0.288866 -0.262811 
2.71139 1.18985 -0.149848 -0.621823 1.2818 0.234552 0.706129 0.625958 1.85581 0.243832 -0.57472 -0.322357 
2.4912 1.20229 -0.34909 -0.175115 1.21773 0.245658 0.948816 1.0059 1.94216 0.0682298 -0.566784 -0.376004 
2.5439 1.38478 0.0662972 -0.863869 2.22127 -0.110137 1.09962 0.554718 1.62315 0.684961 -0.410001 -0.213731 
2.49078 1.78677 0.0139823 -0.326824 1.95143 0.547287 0.780533 0.343305 1.23384 0.00756729 -0.253899 -0.181074 
2.43755 1.79411 0.118046 0.106818 1.29033 1.02936 0.649408 0.134718 1.05854 0.361905 -0.0497931 -0.275171 
2.27844 1.85593 0.314395 0.212444 1.84998 0.887714 0.688552 0.270609 1.24927 0.284459 -0.130157 -0.282265 
2.16293 1.60226 0.878103 0.569675 1.84405 1.27245 0.887953 -0.021544 1.76349 0.648524 -0.0393533 -0.191912 
2.192 1.49479 1.24276 -0.0808261 2.16466 0.66519 1.42419 0.643619 0.758569 0.19003 -0.590111 -0.256717 
2.19396 1.29093 0.638423 1.15252 2.33539 0.338957 1.39795 -0.429636 0.642421 0.293576 -0.472297 -0.312428 
2.16831 1.46493 0.518069 0.472536 2.12867 1.0396 0.735843 0.111017 0.54124 0.0373175 -0.105153 -0.0533456 
2.09691 1.06536 1.19409 0.359681 1.36539 0.571047 1.4107 -0.81036 1.70262 0.638823 -0.13597 0.0911056 
2.02134 1.1555 1.17233 0.0659147 1.29415 1.23588 1.99385 -0.144161 1.0717 0.453283 -0.208875 -0.00882588 
2.04741 1.56269 1.05935 0.632559 0.919214 1.67132 1.7258 0.308156 1.73859 -0.149154 -0.133211 -0.00948444 
1.94816 1.5898 1.14815 1.03328 1.14484 1.62764 1.27825 0.361738 1.37318 0.254433 -0.00162248 -0.0389579 
1.70013 1.55919 1.19908 0.588549 1.94069 0.868923 2.36853 0.769467 1.24148 -0.208581 -0.148122 0.0400218 
1.70682 1.32384 1.53271 0.6444 1.98441 0.539899 1.48944 0.654121 1.71734 0.339935 -0.000620478 0.110612 
1.72867 1.307 1.73428 1.05751 1.68451 1.02189 1.17301 -0.0724347 1.06381 0.908465 0.314356 0.141357 
1.57532 1.27965 1.56821 0.858459 0.89327 1.16565 0.812571 0.643627 1.56993 0.68275 0.411816 0.140649 
1.43025 1.38255 1.16659 0.791635 1.30577 1.39487 1.5591 0.861632 0.733048 0.842025 0.214603 0.0429136 
1.57627 1.46984 0.590093 0.576203 1.36158 0.963333 1.3893 0.863765 0.54458 0.701638 0.443389 0.123293 
1.60566 1.25609 0.921538 -0.221454 1.57259 1.66142 1.16829 0.11998 1.35131 0.711478 0.417983 0.109654 
1.59838 1.0964 1.70271 -0.362667 1.16127 0.499185 1.15904 -0.112841 0.714078 1.3647 0.453322 0.177914 
1.59322 1.42714 1.45681 0.438555 0.669222 0.0739419 2.08011 -0.306569 0.660661 1.19005 -0.0587474 -0.027932 
1.61467 1.38084 1.04703 1.20832 0.883229 0.130251 1.58975 0.747015 0.258794 0.716771 0.243165 0.059849 
1.44366 1.31321 1.2302 0.761496 1.19635 0.780619 1.24305 1.22611 0.686757 0.582986 0.374298 0.105069 
1.46621 1.26749 1.32933 0.551829 1.17057 0.605117 1.33003 0.927619 1.1335 0.799098 0.19336 0.0849582 
1.40552 1.12507 1.87822 0.657296 0.12142 0.986917 0.749368 0.431911 0.620937 0.758643 0.428838 0.168195 
1.39832 1.29727 1.56823 0.580051 0.791423 0.673527 1.03601 0.896369 1.52006 0.56274 0.427245 0.161928 
1.48289 1.74556 1.50598 0.700169 0.592805 -0.00696022 1.55296 0.442308 1.79738 0.318382 0.145067 0.071413 
1.46193 1.46764 1.67547 1.11288 1.12143 0.196473 1.33632 0.0804573 0.567185 0.480651 -0.231183 -0.0301778 
1.41062 1.20951 1.57584 0.0343858 1.25488 0.275273 0.420864 1.0333 -0.106665 0.544026 0.216612 -0.0876947 
1.30065 1.25267 1.50765 0.111519 1.62791 0.386747 0.899838 0.999819 -0.039897 0.452059 0.609657 0.0874122 
1.48663 1.45174 1.19859 0.453809 1.22704 0.551493 1.60472 0.738478 0.82287 0.585744 0.341352 0.156474 
1.51109 1.49313 1.39247 0.229191 1.72252 0.196438 0.947021 1.34772 0.401573 0.0102982 0.32059 0.102667 
1.3839 1.25581 1.12636 0.770352 1.16899 0.133533 1.3292 1.43815 0.937009 0.305709 0.533698 0.161912 
1.26605 1.33662 1.23714 0.593006 1.83602 0.91142 1.71047 0.81777 1.52101 0.196717 0.9287 0.260205 
1.26509 1.37091 1.41527 0.813028 2.13642 0.953656 2.12277 0.553827 0.928862 0.452437 0.189781 0.189609 
1.28422 1.4394 1.41485 1.22115 1.65711 -0.0758573 2.0115 0.812325 1.16437 0.912865 0.0528875 0.119492 
1.32522 1.44161 1.08852 0.516785 0.954779 -0.0956836 1.97255 1.02676 0.912104 0.855388 0.133666 0.0220227 
1.16282 1.41611 1.64049 0.27235 2.14011 -0.0430268 1.17777 1.38804 0.984773 1.18573 0.720825 0.14724 
1.1677 1.57576 1.64064 0.721079 2.17221 0.305267 0.743074 1.14592 0.565698 0.629044 0.704426 0.129588 
1.14018 1.35674 1.73644 0.427496 1.73515 0.643318 1.07792 1.33445 0.997413 0.790601 0.510726 0.125034 
1.25906 1.56265 1.58163 0.48617 1.65872 0.909447 1.81025 0.350398 1.28729 0.212698 0.313469 0.155809 
1.25267 1.61114 1.34118 0.441796 0.954875 0.875736 2.07566 1.10763 1.87009 0.579601 0.204569 0.0595091 
1.13261 1.56707 1.90892 0.171429 1.64665 0.833984 2.43999 1.4692 1.41966 0.32078 0.207835 0.156331 
1.26764 1.47228 1.70958 -0.220361 1.5141 0.404653 2.10508 1.84881 1.03406 0.484758 0.668522 0.179221 
1.22299 1.58221 1.97246 0.372286 1.19891 0.242749 1.85524 1.39385 0.606459 0.345829 0.566569 0.122333 
1.04493 1.32689 2.27361 1.45031 1.31138 0.27041 1.45752 0.657413 0.954916 0.462857 0.212394 0.139736 
1.19252 1.18164 1.88723 1.16655 1.32816 0.151567 1.24277 0.803127 0.98714 0.0496674 0.734334 0.230959 
1.16554 1.13455 1.71929 0.702698 1.44359 -0.377558 0.928658 1.58922 1.77558 -0.00863729 0.955836 0.273527 
1.23989 1.24349 2.08839 1.03068 0.758321 0.639337 0.968212 1.67746 1.56284 0.305168 0.860801 0.241441 
1.13025 1.30852 2.24078 1.44002 1.26216 1.09625 1.58636 0.921027 1.34481 0.149768 0.597048 0.208658 
1.03991 1.22652 1.94826 1.16481 2.05832 0.796097 1.20369 1.22478 1.44887 0.6127 0.0224913 0.183148 
1.14873 1.68306 1.33805 -0.016624 2.04102 0.79419 0.918712 1.32735 1.39114 0.98004 0.152035 0.0666275 
1.31252 1.26879 0.894355 0.576196 1.40572 0.609587 1.24835 1.20131 0.490618 -0.157676 0.114074 0.0617907 
1.25746 0.935061 0.837244 0.835527 2.39431 0.526055 0.831111 1.66971 0.0359645 -0.164507 0.449457 0.203316 
1.16952 1.28048 1.54569 0.21148 2.03457 0.160187 0.927177 1.25743 0.714119 0.609051 0.697692 0.122904 
1.16227 1.5457 1.4239 0.189472 1.77929 0.291297 0.896598 0.680323 0.861351 0.927424 0.483789 0.143571 
1.08879 1.395 1.44614 0.208087 1.27284 0.616472 0.332415 1.20681 0.881434 0.44321 0.427816 0.0916482 
0.956047 1.01725 1.79933 -0.104556 1.01266 0.0233924 0.398518 1.19252 1.388 -0.275506 -0.0900415 0.120492 
1.03981 1.40876 1.8125 0.470532 1.05572 0.920136 1.33279 1.62741 1.04014 -0.0780237 0.563945 0.035028 
