0.326998 -0.413776 1.09999 1.85905 2.3682 0.106046 0.787379 0.297798 1.36178 0.0400327 -0.382015 0.112208 
0.0718005 -0.653323 1.13333 1.88194 2.43995 0.698898 1.23983 0.262737 1.20585 0.169369 -0.382534 0.447843 
-0.167756 -1.22117 1.82357 2.17204 2.11947 -0.975499 0.824097 0.986186 1.00755 0.199004 -0.277458 0.254581 
-0.233911 -1.37768 1.89457 2.34532 1.08863 -1.12058 1.86819 1.17925 0.380571 -0.402932 0.113524 0.140503 
-0.115269 -0.922734 2.43613 2.96226 0.30284 -1.28492 2.86109 0.327099 0.415114 -0.200139 0.244043 0.228167 
-0.255558 -1.01331 2.24628 2.31375 1.74393 -1.18426 1.36685 0.891514 1.0899 -0.121418 -0.0183118 0.0435751 
-0.45849 -1.09852 1.90028 1.47558 1.65205 -1.91726 0.22567 1.49847 0.742834 0.0404059 -0.227674 -0.0248497 
-0.508009 -1.21744 2.01323 1.78352 0.955521 -1.4647 0.79552 1.29864 1.37814 0.0146282 0.0489026 0.217167 
-0.512769 -1.59852 1.79917 1.7439 1.27934 -1.44039 0.735046 1.54139 1.22392 0.0113291 0.427103 0.20668 
-0.646038 -1.82766 1.90064 1.01969 0.741782 -1.65571 1.25078 1.38555 1.23488 0.310104 0.148999 0.317866 
-0.952146 -1.93787 1.94695 1.37382 0.497248 -0.848857 1.53835 0.000923509 1.61258 0.735478 -0.281479 0.232954 
-0.966323 -2.19073 1.81771 1.44795 -0.158446 -0.303843 1.97722 -0.53596 0.939377 0.42742 -0.141621 0.158301 
-0.920182 -1.86552 2.13685 1.67239 0.566239 -0.428466 1.20901 0.135136 1.22461 0.391009 -0.117992 0.278375 
-1.1404 -1.97618 2.4765 2.08254 -0.167018 -1.3055 1.72673 0.795761 0.691372 0.925643 0.0231752 0.222734 
-1.05757 -2.08682 2.84894 2.04197 -0.316025 -0.725053 2.78784 -0.859471 0.632133 1.39047 -0.0995014 0.20054 
-0.959986 -1.95262 2.28175 1.04984 -1.01201 -0.913406 2.8402 -0.131217 1.22573 1.24416 0.0555857 0.118705 
-0.950098 -1.67314 2.15177 0.538096 0.116845 -0.564879 2.07069 0.0437074 1.4603 0.735628 0.173736 0.135705 
-1.01127 -2.13112 2.38757 0.800304 0.000926423 -0.443154 2.21189 0.537109 1.236 0.895844 -0.150251 0.248433 
-1.02126 -2.12142 1.6689 0.919156 -0.556084 0.835344 2.22665 -0.949014 1.69389 1.01147 -0.270488 0.083184 
-1.13658 -2.08951 1.6438 0.997584 -0.0680237 0.266064 1.79045 -0.207351 0.676346 0.606128 -0.325746 0.271261 
-1.13858 -2.11891 1.91627 -0.187337 -1.09544 -1.05556 1.67293 0.62961 1.01225 0.298391 -0.32957 0.162989 
-1.03999 -1.90225 2.20732 -0.359964 -0.823873 -0.797168 1.11069 1.6107 1.82945 0.706672 -0.451889 0.395755 
-1.04116 -2.18931 2.69539 -0.458694 -0.683833 -0.162165 1.29909 1.07219 1.41435 1.05341 -0.31833 0.179746 
-1.39962 -2.41228 2.69543 -0.133352 -0.352569 -0.131882 1.70224 -0.119927 0.549201 0.781663 -0.566114 0.102647 
-1.25537 -2.22986 2.49412 -0.00145623 -1.62419 -0.602321 2.32778 0.181227 1.26037 1.20405 -0.694693 0.020582 
-1.21573 -1.8404 2.57654 0.193268 -1.30335 -0.0920625 2.50989 -0.308503 1.118 1.12742 -0.391036 0.0444297 
-1.27043 -1.9145 2.23328 -0.0907705 0.0624339 1.08584 2.65802 -0.220755 -0.057211 0.792267 -0.149064 0.262321 
-1.1497 -1.97889 1.93855 0.54201 0.393353 0.70743 2.63301 0.138773 -0.30513 1.11956 0.0450531 0.198521 
-0.591093 -0.954448 2.34503 -0.203462 -1.50007 0.0892888 2.39689 0.350145 0.590581 0.412049 -0.0241825 -0.078666 
-0.207839 -1.06799 2.32465 0.0847214 -1.59859 -0.30501 2.72171 0.0345058 0.386442 -0.156437 -0.0639364 -0.291132 
0.0652437 -0.727837 2.70259 0.558082 -0.560192 -0.0711383 3.35519 0.341901 -0.495784 0.323218 -0.08813 -0.402869 
0.949009 -0.467087 1.86116 0.00939289 0.0543626 1.42191 2.81915 -0.179392 0.614858 0.74619 -0.0362473 -0.624067 
1.6153 -0.718628 0.379969 0.222972 0.913171 1.63886 1.66911 0.3073 0.968836 0.91466 -0.372017 -0.772683 
1.71478 -0.613696 -0.183627 1.06051 0.68781 0.986167 2.20037 0.492046 0.888144 0.812394 -0.454821 -0.90454 
1.86717 -0.186342 -0.465406 0.390941 0.989326 0.94224 2.76695 0.562129 0.267321 0.66285 -0.306521 -0.75151 
1.83006 -0.379516 -0.226147 0.0264304 1.03665 1.2526 2.8234 0.324714 0.458518 0.581919 -0.472745 -0.708877 
1.74501 -0.550792 0.315023 -0.0944831 0.909453 1.9262 2.42088 0.377808 0.547724 0.536166 -0.662683 -0.705949 
1.61421 -0.16429 0.292161 0.248079 0.624219 1.61066 3.26427 0.177748 0.452117 0.658935 -0.663045 -0.703381 
1.49695 -0.108805 0.249562 -0.217219 1.36236 1.98724 2.81439 0.647854 0.0570673 0.256797 -0.435077 -0.420959 
1.32088 -0.684158 0.504314 0.415272 1.15651 1.69322 3.48296 -0.0940349 -0.0453742 0.374003 -0.193895 -0.314879 
1.26302 -0.701386 0.4921 0.658852 0.691602 2.02268 3.98284 -0.477744 -0.151809 0.715951 -0.257042 -0.596027 
1.3243 -0.186952 0.826911 0.187433 0.537095 1.77084 4.25073 -0.478941 0.129312 0.887112 -0.435996 -0.478704 
1.47677 -0.311698 0.882313 -0.277989 1.09325 2.27097 4.10271 0.170413 -0.377877 0.914199 -0.0691302 -0.225127 
1.31938 -0.310793 0.871201 0.025793 0.339565 2.66091 3.99413 0.963543 1.00254 0.534547 0.242156 -0.132349 
1.45523 -0.050031 0.597319 0.467799 0.902684 1.93166 3.66064 0.895834 1.56897 -0.138156 0.305876 0.188141 
1.49221 -0.210768 0.998956 0.742883 0.542145 2.02596 4.13402 0.432594 1.06395 0.475059 0.0635603 0.0134827 
1.53224 0.237138 0.798489 0.952667 0.151707 1.53203 4.0775 0.165506 1.14287 1.39138 0.0864403 -0.351527 
1.47561 0.0999557 0.909569 1.05999 0.382545 2.17384 3.70024 1.38897 0.756121 0.687744 0.138273 -0.129983 
1.32743 -0.173695 1.17683 0.446765 0.143404 2.77248 3.69971 1.25564 0.846724 0.968557 0.384979 -0.152242 
1.42186 -0.0403791 1.03067 0.840056 0.982383 1.99981 3.29685 1.35473 0.84906 0.873994 0.116226 -0.133076 
1.48281 0.304421 0.993087 0.713867 1.62515 1.63815 3.44669 0.80108 0.45242 1.06764 0.0399159 -0.0565945 
1.31598 -0.204037 1.33679 0.713501 1.33286 2.19291 3.29041 1.02493 0.742492 1.47359 0.150009 -0.190059 
1.47102 0.0763855 2.02917 -0.153943 0.589377 0.745255 2.19951 0.297977 0.844218 1.145 0.246848 0.107274 
1.26675 0.895685 2.41591 -1.2424 0.0613326 0.679115 0.562391 -0.367711 1.16855 0.868907 0.0926162 0.160234 
0.530099 0.849855 2.95165 -1.46019 0.320243 0.95404 1.43318 1.13518 0.979989 0.895395 -0.497316 -0.1018 
0.177017 0.523602 3.36338 -1.53197 0.0544059 0.961935 1.20365 1.78723 1.68401 0.370903 -0.497343 -0.00255707 
0.0867944 0.335509 3.42485 -1.14191 -0.974918 0.482811 1.69434 0.908989 2.38856 0.400908 -0.0666926 -0.00126019 
-0.0696114 0.587933 3.86854 -0.962764 -0.872277 0.0687237 2.06345 1.33947 2.08923 0.551871 0.0945145 -0.0442688 
-0.187328 0.489328 4.11822 -1.76991 -0.289891 0.860427 1.76122 1.29269 1.69948 0.542735 -0.535424 -0.00622393 
-0.181902 0.05573 4.02861 -2.07577 0.307004 0.777282 1.70065 0.92429 1.76067 0.717363 -0.583494 0.085333 
-0.420092 0.0940151 3.87293 -1.35913 -0.728845 1.11679 2.1874 0.525246 1.75062 0.463263 -0.493806 0.102288 
-0.565172 0.203863 3.99017 -0.933161 -0.326045 1.47076 1.89496 0.511311 1.56106 -0.139211 -0.401658 0.202166 
-0.546526 0.404345 3.40108 -1.41941 -0.712131 1.58419 2.08692 0.532739 1.68163 -0.251939 -0.625077 0.0771551 
-0.529774 0.409889 3.85218 -1.13559 -0.496129 1.84945 3.09144 0.347906 1.49019 0.243647 -0.625506 0.335142 
-0.6079 0.274578 4.0923 -1.5523 0.0049784 2.08271 2.58537 1.03243 1.26821 0.0412717 -0.696123 0.29679 
-0.534059 0.449299 3.91426 -1.88269 0.10847 2.00662 2.30237 0.216912 2.09016 0.0790705 -0.741065 0.30852 
-0.399779 0.399327 3.61844 -1.50365 0.249372 1.72656 2.38093 0.491904 1.30077 0.332821 -1.01044 0.20552 
-0.515863 0.316757 3.8786 -1.28641 -0.0465686 1.5251 1.88329 1.27608 0.528583 0.177766 -0.763523 0.0999691 
-0.4481 0.0744134 4.0665 -1.44359 -0.835071 1.53036 1.48684 0.665302 0.802122 0.31716 -0.262627 0.129748 
-0.544871 0.633672 3.99404 -1.52279 -0.307101 1.46859 1.81326 0.206846 1.21781 0.636473 -0.522526 0.270912 
-0.467423 0.362738 3.46285 -1.35122 0.0143067 0.509312 2.24635 0.212749 1.51618 0.836751 -0.711771 0.259106 
-0.366992 0.0112155 3.79284 -1.19215 -0.0358812 0.298082 2.98313 0.503812 0.868017 1.07119 -0.283633 0.133614 
-0.465431 -0.123489 3.90298 -1.00128 -0.173799 0.604484 2.23697 0.591817 0.267713 0.681213 0.238209 0.0482149 
-0.531919 0.236897 4.15421 -1.20505 -1.25274 1.4788 2.03509 0.78637 0.388024 0.756751 -0.13004 0.165529 
-0.450075 0.109109 3.75422 -0.914727 -0.120008 2.44393 1.46567 0.0234271 1.91277 -0.335213 -0.0788783 0.434249 
-0.416405 0.147664 3.65621 -0.428166 -0.385659 1.73148 2.30229 -0.183827 2.01715 -0.410091 0.0212969 0.408426 
-0.367592 0.151384 4.25575 -1.22856 -1.17776 1.55379 2.18365 0.193086 2.44958 0.0386502 -0.314567 0.277935 
-0.306866 0.250471 4.44726 -0.51877 -0.698462 1.08915 2.59541 0.656021 1.44763 0.514771 -0.320253 0.319177 
-0.256966 0.288445 4.00292 -1.04722 0.391417 1.4863 2.49655 1.27815 1.84854 -0.0713396 -0.158228 0.469895 
-0.172641 0.31108 4.14407 -0.93389 -0.617737 2.52199 1.70409 0.518275 2.68604 -0.120327 -0.0477799 0.369741 
-0.030584 0.309534 4.35951 -0.325638 -1.87655 1.1149 1.66847 0.253851 2.53974 0.732755 0.244611 0.28191 
0.0944125 0.232344 4.06543 -0.0567439 -0.141046 0.613078 2.08918 1.01433 2.62439 0.517995 0.189016 0.307173 
0.224346 0.203657 3.96661 0.31721 0.235748 1.04997 2.0082 0.547784 2.04101 0.693276 0.187119 0.218977 
0.317493 0.130273 3.75095 0.740131 -0.126133 0.808623 2.38875 0.637636 1.76437 1.01312 0.448274 0.0114002 
0.321578 0.303643 3.5949 1.08702 -0.467941 1.60659 2.51574 -0.685702 1.59959 0.620524 0.256612 0.00548987 
0.283927 0.651845 3.70066 0.5308 -0.16193 2.01418 2.00862 -0.0306977 1.91279 0.345564 0.214186 0.191858 
0.216211 0.439534 3.39653 0.209698 -0.0299317 2.27746 1.87431 0.182361 1.91726 0.0885657 0.107346 0.223643 
0.224714 0.28503 3.80235 0.0771512 0.36422 1.91966 2.2543 0.452763 2.07139 0.315728 0.0889207 0.305564 
0.324929 0.378681 3.53051 -0.0424162 -0.915376 1.53918 1.63301 0.71258 1.9835 0.411276 0.339956 0.136668 
0.363242 0.222283 3.42261 0.18128 -0.474112 1.76275 1.15137 0.796601 1.61592 0.379069 0.155202 0.0818342 
0.455299 0.364524 3.69413 0.831754 0.307961 1.59316 0.3783 -0.00794167 2.10427 0.352782 0.383496 0.231923 
0.40037 0.581282 3.05172 0.147568 0.845562 0.646314 0.450285 0.176787 1.81592 0.0304599 0.111656 0.36935 
0.366547 0.471279 2.6275 -0.269749 0.581514 0.832284 1.06598 0.780677 1.52836 0.189124 -0.0663659 0.127555 
0.380915 0.885256 2.77543 -0.63944 0.0463889 1.26393 2.80029 1.21019 1.25095 0.215243 0.143615 -0.0890936 
0.48288 0.887577 2.27216 0.0787863 0.728788 0.894404 1.75312 1.42315 1.06346 0.199363 0.0746298 0.0945698 
0.49207 0.465179 2.31726 0.111286 0.249691 0.970336 1.47211 0.0414328 1.37813 -0.427731 0.192406 0.252728 
0.56889 0.1016 2.52195 -0.0485799 -1.35489 1.24394 1.56793 -0.149245 1.44231 -0.374107 0.491988 0.0825378 
0.579955 0.500167 2.72162 0.264845 -0.440039 0.594017 1.98628 0.324725 1.8754 -0.296605 0.580557 0.226588 
0.557253 0.452411 2.50088 -0.139752 0.771539 1.52532 1.68933 0.533703 1.36494 -0.0603345 0.186172 0.149997 
0.601074 0.0749591 1.74258 -0.00111909 0.995325 1.22309 1.35585 0.310011 0.769203 -0.00959005 0.180044 0.0933859 
0.591529 0.0866184 2.24313 -0.229328 0.723481 0.452586 1.2085 -0.233443 0.98201 -0.124034 0.348474 0.0789374 
0.749697 0.520776 2.42308 -0.543717 0.587995 0.831676 0.930655 0.0732295 1.63307 -0.229692 -0.0582033 0.296468 
0.7436 0.51808 2.71044 -0.153184 0.0484456 0.945667 0.527889 1.04511 0.928143 -0.115221 -0.0776891 0.193089 
0.794453 0.475999 1.71653 0.0203574 -0.278239 0.358793 0.227549 1.48743 0.108174 -0.218326 0.164577 -0.0736569 
