0.29769 0.962293 -0.488126 -2.23294 2.42787 -1.28777 1.99052 0.879231 -0.114183 0.0820973 -0.261279 -0.099344 
0.19339 1.12924 -0.31335 -1.85911 1.28865 -0.821299 1.54839 0.730678 0.296087 -0.423307 -0.0536773 -0.215933 
0.389927 0.583651 -0.423168 -1.65471 0.0104 -1.15449 0.80361 0.144172 0.746871 -0.540004 -0.108504 -0.240859 
0.190441 0.817209 -0.56178 -1.44227 0.29858 -1.19177 1.83882 -0.405243 0.888534 -0.281928 0.0198491 -0.417324 
0.279654 0.908332 -1.21357 -1.88112 0.369256 -1.57254 1.82406 0.139806 1.25706 -0.746781 0.290689 -0.401683 
0.481164 0.881794 -0.728058 -0.626915 0.0484673 -1.85335 2.12957 0.111355 1.39775 -0.873638 0.52097 -0.279316 
0.551556 0.561631 -0.256484 -0.00834548 0.75684 -1.29286 1.58402 0.419732 0.931835 -0.33473 0.203821 -0.319051 
0.56386 0.605933 0.0373726 -1.39018 1.12854 -0.989683 0.421416 0.435613 0.73417 0.102086 -0.404557 -0.379618 
0.55611 1.13197 0.239822 -1.95288 -0.0977553 -1.48515 1.12063 -0.315938 -0.177469 0.138351 0.333591 -0.269574 
0.694088 1.19658 0.483655 -1.01603 0.362743 -0.715214 1.62887 0.250955 0.249022 -0.0422849 0.204818 -0.54743 
0.93437 1.49834 0.855748 -0.470318 0.0572914 -1.33792 1.3475 -0.202574 0.732662 0.0629177 0.286252 -0.147154 
1.06297 1.48221 1.20407 0.283624 0.773607 -0.490912 1.30898 -0.0344703 0.639073 0.161261 0.042882 0.0172905 
1.38043 2.24585 2.41078 1.55124 2.03903 0.633461 1.02473 0.340439 -0.0508304 -0.177384 -0.265892 -0.163156 
1.61724 2.48843 2.2054 2.26993 3.14862 -0.609739 1.26935 0.133519 -0.088874 -0.655322 -0.366858 -0.0966174 
1.68166 3.07463 1.79366 2.06727 4.2528 -1.22686 1.69483 0.228781 -0.363268 -1.00243 -0.709112 -0.0672404 
1.53246 2.87681 2.07975 1.89402 3.30532 -0.0805749 1.62312 -0.00857509 -0.217974 -1.07056 -0.147541 -0.218535 
1.65591 2.85682 1.6731 2.36186 4.52569 -0.913522 0.662588 -0.229817 0.380979 -1.16143 -0.464489 -0.273752 
1.63796 2.76664 1.31017 2.66976 4.51148 -0.823189 0.726705 -0.122549 0.643364 -1.20001 -0.439433 -0.254219 
1.6765 2.82003 1.36458 2.36587 5.07038 -1.1563 0.676893 -0.249943 0.0753927 -1.14171 -0.666676 -0.206242 
1.72156 2.76208 1.36901 2.45884 5.57274 -1.65913 0.515899 -0.54187 0.0332248 -0.886542 -1.01336 -0.130004 
1.74846 2.73588 1.34562 2.30628 5.37506 -1.57474 0.840741 -0.62469 0.170072 -1.08549 -0.927124 -0.0879654 
1.75721 2.70394 1.57611 1.95249 5.66073 -1.43271 0.566914 -0.315073 0.113432 -1.27669 -0.858048 -0.191928 
1.62457 2.57875 2.15904 2.30896 5.08003 -1.40814 0.30503 -0.221428 0.365855 -1.07837 -0.677001 -0.216717 
1.57833 2.72997 2.20546 2.65006 5.01378 -1.16023 -0.0912404 -0.784114 0.843761 -1.23433 -0.539775 -0.418818 
1.61092 2.68906 1.88722 2.44622 5.46145 -1.07439 0.0850626 -0.727399 0.50641 -1.20344 -0.504564 -0.393922 
1.66482 2.69876 1.80688 2.43891 5.32483 -1.22863 0.453859 -0.285987 0.767693 -1.23704 -0.594031 -0.261079 
1.53794 2.68108 1.60671 3.0434 5.39279 -1.10292 0.65979 -0.360303 1.13989 -0.802368 -0.527102 -0.231566 
1.36742 2.33337 1.74279 2.7407 4.99697 -0.650844 1.08185 0.240446 1.68516 -0.530578 -0.414599 -0.109747 
1.59541 2.50138 1.87151 2.32671 5.9742 -0.915323 0.624795 -0.117574 0.932074 -0.949393 -0.433413 -0.194021 
1.56159 2.72479 2.06547 2.73051 6.21422 -1.18389 -0.122671 -0.542674 0.772268 -0.934034 -0.612338 -0.483984 
1.57553 2.58988 2.32514 2.87303 5.52948 -1.11496 -0.221734 -0.780243 0.608072 -1.07494 -0.657499 -0.442435 
1.60601 2.63991 2.30124 2.86393 5.27278 -1.05539 -0.295714 -0.780481 0.452874 -0.801588 -0.752818 -0.43411 
1.75099 2.71444 1.55098 2.58258 6.20547 -1.40607 0.0118585 -0.725155 0.178689 -0.83699 -1.03409 -0.337909 
1.75827 2.22727 1.94768 2.55581 5.18966 -0.792508 -0.000430422 -0.406562 0.544675 -1.17542 -0.622992 -0.230097 
1.69805 2.3564 1.91972 2.31566 5.35315 -0.673931 -0.315974 -0.512039 0.546959 -0.882195 -0.555129 -0.370229 
1.83495 2.37028 1.28219 2.31755 5.16672 0.0518631 -0.139632 -0.587312 1.11713 -1.11324 -0.359697 -0.413462 
1.76545 2.04131 0.581287 1.90096 5.34825 0.110226 0.623786 -0.0722249 1.26209 -0.65776 -0.576781 -0.266739 
1.82706 1.97096 0.786651 1.98597 5.66532 -0.238861 -0.17934 -0.608094 1.12876 -0.354357 -0.609442 -0.340701 
1.90104 2.06462 0.639658 1.23775 5.71893 0.0547291 -0.226783 -0.577767 0.956131 -0.654732 -0.560076 -0.424671 
1.85609 2.03931 0.680549 1.18692 5.2411 0.171454 -0.31415 -0.023586 1.0638 -0.521937 -0.512279 -0.46795 
2.00593 2.09055 0.781677 1.03258 5.44144 0.0941733 -0.359717 -0.0843211 0.954911 -0.289944 -0.672767 -0.482569 
2.04554 1.94513 0.911716 1.63102 4.68802 0.0684425 -0.35786 -0.436973 1.08428 -0.211608 -0.57374 -0.366201 
1.9947 2.2222 0.459112 1.81662 4.20616 1.33045 -0.349125 -0.234556 1.19441 -0.573747 -0.237217 -0.521752 
2.0213 2.05026 0.697996 1.36261 3.65329 1.54229 0.356918 0.913666 0.931051 -0.663199 -0.487085 -0.387588 
2.02635 2.41403 0.902515 1.08723 3.33685 1.03332 1.32383 1.51827 0.84937 -1.28273 -0.631249 -0.351759 
1.75967 2.39771 1.76914 1.43619 3.0865 0.4768 2.14597 1.4094 0.86906 -0.908016 -0.266694 -0.0930993 
1.80765 1.78992 1.63271 1.65953 2.97961 0.374015 0.633439 -0.245423 1.08061 -0.392998 -0.245156 -0.0504564 
1.63599 1.84116 1.39013 1.88729 2.96347 1.09478 0.911741 -0.268297 1.09282 -0.241516 -0.272173 -0.188781 
1.53804 1.7362 1.60834 1.96006 3.22015 1.34307 0.419627 0.443201 1.10374 -0.42376 -0.27109 -0.175543 
1.55126 1.75583 1.98736 1.18134 3.45838 1.30615 1.62489 0.569676 1.17735 -0.508516 -0.403434 -0.0288762 
1.77934 1.76593 1.78265 0.900991 2.53288 -0.161798 1.26471 1.11189 1.51197 0.248885 -0.47934 -0.104368 
2.06447 2.02907 1.43787 0.190386 1.49985 -0.869619 1.27791 1.92359 1.18007 0.386114 -0.48902 -0.31229 
1.97765 1.65723 1.70273 0.872561 1.47115 0.664692 1.09843 1.99161 0.662436 0.333343 -0.501994 -0.419504 
1.78849 1.50254 2.17966 0.411519 2.05862 0.482091 1.23554 1.8618 0.357302 0.471088 -0.675213 -0.431076 
1.83236 1.60088 1.49135 0.632781 1.96757 -0.03167 1.54086 1.16306 0.464637 0.235086 -0.644434 -0.27394 
1.85221 1.44625 1.30746 0.472164 2.30792 0.544739 0.924461 0.963305 0.643883 0.10618 -0.645497 -0.348524 
1.71778 1.53613 1.49091 0.507208 1.93405 0.0998427 0.422048 0.530858 1.52943 0.39744 -0.382532 -0.199796 
1.65414 1.46325 1.60551 0.0847293 1.57307 0.329979 1.57451 0.941233 1.46353 0.673863 -0.596471 -0.229153 
1.59039 1.1574 1.50266 0.342136 2.22318 0.348703 1.49906 1.53515 1.25612 0.0470004 -0.697599 -0.189056 
1.60901 1.73481 1.17087 0.53664 1.04839 1.06777 1.02799 0.648646 1.19632 -0.0619227 -0.366844 -0.219901 
1.53706 1.59253 1.5375 0.504174 1.22466 0.558482 1.31707 0.298405 0.980114 -0.0826668 -0.684614 -0.234647 
1.61836 1.57309 1.442 0.641275 1.24045 0.457327 0.383917 0.988199 1.07382 -0.391609 -0.192122 -0.164121 
1.54581 1.75828 2.17388 0.531992 1.40169 0.54953 0.342941 0.884001 1.74994 -0.355463 -0.218543 -0.0775482 
1.6391 1.75485 2.31876 0.5477 1.35922 0.754413 0.604268 0.7433 1.78489 0.249197 -0.438907 -0.114137 
1.57995 1.38092 2.89864 0.935478 2.12076 0.298606 1.16594 0.691814 0.822046 0.381148 -0.144205 0.117094 
1.38461 1.8255 2.29827 1.46027 2.31738 0.374256 1.82792 0.927405 0.638672 -0.0391255 -0.109278 0.0498533 
1.42522 1.92249 1.87119 1.31433 2.01874 0.491274 1.08502 0.409743 0.408242 -0.0841715 0.165018 0.0521969 
1.41802 1.58722 2.68916 1.31327 0.779683 0.047985 1.08393 0.548902 1.05731 0.643403 -0.190691 0.0225586 
1.38062 1.72921 2.14719 0.587909 0.636756 -0.145031 1.14656 1.00763 1.52597 -0.110886 -0.132909 -0.0560002 
1.38473 1.60508 2.03446 0.821108 1.11174 0.160656 1.08642 0.875135 1.59008 -0.00717787 -0.0472067 0.0520116 
1.39617 1.50866 1.52112 1.18412 1.54056 0.122331 1.65572 0.368424 1.38992 0.540789 -0.221683 -0.00163252 
1.4059 1.78568 1.5559 1.27263 1.68012 -0.373477 1.29204 0.383396 1.36171 0.372422 0.0209706 0.0756335 
1.42798 1.75378 1.69613 0.927393 2.40166 -0.138324 1.12491 1.72 1.10077 -0.00899513 0.221054 0.123203 
1.17125 1.60112 1.73732 1.14616 2.50835 0.34028 0.770758 1.8969 1.26478 -0.167983 0.643984 0.138707 
1.18334 1.36845 1.55183 1.19208 2.14309 0.965865 1.56594 0.685572 2.073 0.0434006 0.478822 0.215134 
1.12855 1.59029 1.96639 1.22599 1.71813 0.552203 1.11647 -0.175204 2.16143 -0.577434 0.306663 0.159575 
1.02923 1.50761 1.8096 1.20763 1.50253 0.61426 0.970533 -0.438796 1.64729 -0.604845 0.791153 0.0389621 
0.961466 1.7936 2.16659 0.687048 1.10127 0.695402 1.34489 -0.834573 0.862681 -0.0220596 1.08347 0.0255553 
0.911057 1.62511 1.58756 0.228685 1.33423 0.593252 1.9644 0.0342413 0.685781 -0.200626 0.999991 -0.0350683 
1.04182 1.60455 1.48668 0.506144 1.07422 0.00722784 1.87606 -0.261785 1.14971 -0.109459 0.798546 0.0595527 
1.07216 1.51834 1.76529 0.478688 1.06153 0.474105 1.84292 0.340362 0.817746 -0.262438 0.830404 0.00790967 
1.06992 1.59856 1.7354 0.052647 0.856744 0.354272 1.61929 -0.169192 0.219453 -0.25661 1.0383 0.0218838 
1.08771 1.5273 1.49659 0.971657 0.849816 0.780229 1.8604 -0.592286 1.29141 0.1004 0.618196 0.0524456 
0.895685 1.6568 1.67712 1.13894 1.98326 -0.662694 0.657263 0.0530476 0.692255 0.301622 0.520168 -0.0450485 
0.956116 1.71653 1.53248 0.25283 0.434595 0.0170525 2.18794 -0.345312 1.09005 -0.298896 0.682482 -0.0483666 
1.01641 1.47546 1.57984 1.17911 0.620009 -0.00708386 2.36153 0.223758 1.45582 -0.405478 0.61489 -0.00181852 
0.993967 1.42851 1.30525 1.15512 1.59759 0.120557 2.03162 0.21109 1.20537 0.180041 0.65933 0.0720859 
1.04618 1.42173 1.44519 1.49786 1.17752 -0.0911742 1.44172 -0.0328182 1.59035 -0.486635 0.82661 0.119522 
0.859957 1.3119 1.8557 1.36988 1.35881 -0.330253 1.37473 0.0372506 1.06136 -0.506534 0.881078 0.0540601 
0.817047 1.1905 1.18597 1.35446 1.77736 0.814583 1.96846 -0.0076988 1.47041 -0.424193 0.78104 -0.026692 
0.767828 1.39134 1.68387 1.10083 2.40514 0.656135 1.4937 -0.00299127 1.156 -0.684952 0.380909 0.130415 
0.869956 1.57991 1.40895 0.514394 2.3522 0.0779802 0.76723 0.1001 1.40545 0.106916 1.14202 0.0614235 
1.04712 1.28514 1.10317 0.463847 1.20443 0.42899 1.29797 -0.442766 2.04109 -0.0243567 0.846961 0.115322 
0.908827 1.38323 0.787829 0.487932 1.29638 0.0172149 1.72971 0.386805 1.63732 -0.422707 0.69739 -0.0145855 
0.898488 1.70476 0.954255 1.04229 2.03288 0.122392 1.19726 -0.081082 1.07199 -0.452593 0.651529 -0.100155 
0.863784 1.4217 1.37668 0.6396 1.31017 0.651173 2.09726 0.0599837 0.906893 0.0467938 0.680397 -0.00609519 
0.766534 1.26421 1.29992 0.536111 0.139513 -0.66003 1.36212 -0.518662 1.06541 -0.105097 0.366305 0.0197517 
0.748817 1.61062 1.76629 0.70203 0.626425 -0.400716 1.40309 0.350851 1.51536 -0.0738461 0.687706 0.0253954 
0.869312 1.41272 1.14468 0.854449 0.80645 -0.531519 0.979204 0.244199 0.60141 -0.429558 0.656812 -0.0460994 
