0.436864 0.58378 1.70847 1.06956 0.960624 0.562771 0.140337 0.867544 0.555639 0.852484 0.353897 -0.0747144 
0.420097 0.811468 1.70777 1.15095 1.84284 1.205 1.21596 1.62026 0.844454 0.304866 0.293147 0.0708376 
0.434486 0.811373 1.23369 0.541177 1.51522 1.35263 1.14355 1.32414 0.604227 -0.356917 0.0552791 0.187073 
0.391998 0.974499 1.43297 0.702913 1.03654 1.01775 0.884264 0.918613 0.896479 -0.656005 -0.224062 0.286506 
0.319505 0.661339 1.46102 0.927791 1.77691 1.05574 0.124278 0.30156 0.368113 0.0127844 0.0431539 0.0936764 
0.375733 0.426907 1.23279 1.29742 0.78602 1.16079 1.87734 0.75078 0.443325 0.0820081 0.0634561 0.00820205 
0.192318 0.220483 1.91896 1.70082 0.187405 1.13101 1.93075 1.0649 0.504752 -0.0622491 0.0565699 0.132006 
0.0352634 0.460106 2.28553 1.30349 -0.332838 1.29221 1.9495 -0.151881 1.08507 0.0577908 0.190072 0.0679411 
-0.279084 -0.296073 2.67159 2.36104 -0.571902 0.593652 2.55037 0.42917 0.819241 0.41128 0.249945 -0.122035 
-0.462888 -0.747005 3.40868 2.74144 -1.4681 -0.173988 2.87773 1.51301 0.666812 -0.0940464 0.568246 -0.0558647 
-0.655607 -0.983906 3.24085 2.94015 -1.78725 -0.313487 2.25063 0.475542 0.648363 -0.727959 0.535211 0.0472072 
-0.904481 -0.722069 3.06366 2.86152 -1.84767 0.143629 2.5901 -0.556811 0.410607 -0.333728 0.362145 -0.0553566 
-0.939135 -0.895321 3.35101 2.89549 -1.36783 0.377809 2.94418 -0.612384 0.0833882 -0.208617 0.681552 -0.249197 
-0.996456 -0.680406 3.44158 2.35442 -1.99646 0.37728 3.42954 -0.899898 -0.0995905 0.33387 0.645194 -0.363279 
-1.25781 -0.521964 3.93528 2.55878 -2.08325 1.27679 2.39998 -0.430461 -0.174977 0.418244 0.661488 -0.435822 
-1.3758 -1.05483 3.99013 2.29938 -1.92502 1.61721 1.86081 -0.00298513 0.0472971 0.196872 0.728533 -0.426612 
-1.51587 -1.14059 4.69944 2.13775 -1.52458 1.71148 2.19012 -0.541084 0.404133 0.0836692 0.621675 -0.3507 
-1.45734 -0.728991 3.99029 1.7664 -1.72023 1.27088 2.33564 -0.296349 -0.00637856 -0.101869 0.627269 -0.444006 
-1.47203 -0.775303 3.27527 1.71657 -1.13029 0.710384 1.46677 0.334981 0.823359 -0.463373 0.560503 -0.15594 
-1.48749 -0.869412 3.53746 1.59075 -1.65439 1.53632 1.69675 -0.408229 0.86407 -0.176704 0.431888 -0.13889 
-1.44247 -0.69401 3.72946 1.13111 -2.31835 1.00577 1.78316 -0.397938 0.852559 -0.272585 0.5267 -0.0819331 
-1.41871 -1.01817 3.05754 0.700372 -2.25978 1.09508 1.95988 0.0972129 0.769568 -0.172911 0.381374 -0.0716273 
-1.21753 -0.317189 3.26181 0.7073 -2.06209 0.644415 1.67064 0.264048 1.00036 0.24865 0.109074 0.0830726 
-1.06136 -0.126588 2.96297 0.546801 -2.41489 0.584085 1.27659 0.639187 1.51596 0.45933 0.347356 -0.102272 
-0.489976 0.0915764 3.27523 1.2987 -1.28012 0.806436 1.33164 0.352589 1.19741 -0.258365 -0.0633988 -0.292166 
-0.0754075 0.0709531 3.19098 1.44791 -0.795151 0.854117 2.02187 0.32914 0.862215 0.155664 0.0380776 -0.0815052 
0.446876 0.203353 3.9405 1.42916 -0.146929 0.697463 2.72627 0.0951478 0.334104 0.451575 -0.314846 0.0391892 
1.61299 0.712613 1.95412 -0.561213 -1.22242 1.09148 1.59092 -0.356435 0.741173 0.927734 0.0322586 -0.173482 
1.97999 0.509274 1.06191 -0.204026 -0.764205 0.354898 1.85277 -1.12457 0.697687 1.02535 0.0342147 -0.21464 
2.27716 -0.0283107 0.231839 0.523283 -0.0716242 -0.0825219 0.889097 -1.27946 1.37224 0.629756 -0.201782 -0.138088 
2.3813 -0.15713 -0.100849 0.19062 0.336114 0.675365 -0.173281 -0.772086 1.54045 0.279536 -0.287763 0.0140162 
2.27738 0.582185 0.0434716 -0.303576 -0.382338 0.910522 0.724227 -1.15036 1.31824 0.461862 0.0296092 -0.0546069 
2.24089 0.566313 0.0321308 0.365049 -0.382439 0.261949 0.191608 -0.422641 1.0346 0.322822 0.0698041 -0.0985222 
2.40126 0.194252 -0.145271 -0.0846025 0.626158 0.315489 -1.27564 -0.190754 1.25669 0.182711 -0.13896 -0.127197 
2.46512 0.426192 -0.15306 -0.362919 0.00282783 0.991684 -0.792934 -1.0151 1.46042 0.404873 -0.104087 -0.0470805 
2.28246 0.723771 0.874358 0.363265 -0.490096 0.389873 -0.318104 -1.37164 1.21933 0.677659 -0.273197 -0.254253 
2.3687 0.282524 0.59471 0.56979 0.107049 0.0766414 -0.81209 -1.31905 1.32552 0.548727 -0.426093 -0.273269 
2.46448 0.542991 0.154561 -0.326884 -0.221909 0.0778385 0.0807133 -1.54881 1.35967 0.2377 -0.323834 -0.00547001 
2.3079 1.31572 0.472559 -0.811611 -0.397812 0.334493 0.615977 -0.30993 0.0631363 -0.0637143 0.272871 0.200778 
2.26442 1.24854 0.839055 -0.417248 -0.370006 0.169709 0.875033 -0.0736529 0.262495 0.0435933 0.219982 0.133095 
2.27158 0.759123 1.27255 0.0670803 0.116228 0.799342 1.19882 -1.11408 0.607763 0.445468 -0.0518504 0.0913643 
2.32215 0.704015 1.42839 0.362143 0.35849 0.0923768 0.00996709 -0.899477 1.99387 0.962887 -0.0564355 0.170414 
2.36092 0.621624 1.12714 0.484497 0.811618 0.567343 0.194994 -0.271353 1.90861 0.987286 0.148649 0.176715 
2.22572 0.980872 0.737023 1.25409 1.58622 1.70336 1.54647 -0.510151 0.707351 -0.363952 -0.0899514 0.16687 
2.16497 1.59956 0.91719 0.764697 -0.0520131 1.42176 0.892397 -1.03354 1.29671 0.191175 0.116161 0.0536473 
2.25079 1.36076 1.29872 0.860346 -0.460374 1.02959 0.719628 -0.79096 1.31077 0.333468 -0.0644015 0.0475141 
2.29593 1.47254 1.12082 0.111717 -0.507573 1.1298 1.00152 -0.532896 0.124826 0.142153 0.119232 0.092643 
2.29727 1.03925 1.85201 0.806207 0.664381 0.156459 0.0109668 -0.980417 0.730618 0.372625 -0.169238 -0.0263352 
2.17241 1.44186 1.87168 0.877629 0.859853 0.0466398 0.0588679 -0.97444 0.932682 0.441205 -0.118317 -0.0437084 
2.15875 1.64306 2.0094 1.37539 1.13172 -0.416776 -0.340985 -1.14051 0.535157 1.22377 0.080336 -0.130932 
2.29922 1.8354 1.41366 1.17335 1.15002 -0.129075 -0.230461 -0.522506 0.668016 0.755274 0.149043 -0.0854336 
2.31831 1.79004 1.03074 1.16145 1.23458 -0.603916 -0.708852 -0.375054 1.55002 0.654301 -0.0120452 -0.169618 
2.34103 1.61363 0.818058 1.53229 1.37205 -0.555616 0.128093 -1.07794 1.76651 0.465258 -0.115751 -0.275839 
2.3211 1.58042 0.798067 1.47881 1.60064 -0.125106 -0.596212 -0.262752 1.49214 0.535418 -0.177063 -0.282359 
2.34644 1.35474 0.762145 1.34571 1.52152 -0.341204 -0.395723 -0.390878 1.769 0.692019 -0.0802027 -0.184457 
2.33129 1.48948 0.959181 0.97801 2.11137 -0.398375 -0.102081 -0.702276 1.53082 0.336743 -0.174963 -0.0566224 
2.23641 1.4065 0.892205 1.64087 1.77778 1.09738 0.529344 -0.442689 0.137347 0.0382604 0.153924 0.0374302 
2.23873 1.56661 0.971162 1.64778 1.18906 1.19524 0.032939 0.140063 0.401564 -0.105327 -0.0112227 0.0266231 
2.15171 1.64011 1.07896 1.37066 1.75862 0.844784 0.584632 0.179547 0.735876 0.14457 0.113019 0.0415129 
2.13971 1.48174 1.15336 0.72785 2.16221 0.264344 1.13068 0.714271 0.553168 0.669821 0.289743 0.188525 
2.27505 1.56125 1.49428 0.266705 1.77925 0.177758 -0.038991 0.815185 0.810201 0.561264 0.246642 0.0628827 
2.05516 1.98984 2.25439 0.833262 2.16099 0.460519 0.128747 0.24923 1.17974 0.904106 -0.0643423 -0.102256 
1.94139 2.01082 1.76171 0.979911 1.93354 0.048727 0.301282 -0.045203 0.943205 0.486797 0.145215 0.0708967 
2.09674 1.59918 1.08279 0.665293 2.76392 0.503046 1.34417 -0.388891 0.245456 -0.324645 0.185106 0.385599 
2.13862 1.94579 1.05527 -0.0558203 2.3849 0.684255 1.47959 -0.636463 0.727081 0.477964 0.320791 0.317219 
2.06519 1.66048 1.61614 0.603228 1.8813 1.35014 1.6529 -0.339752 0.702996 0.701937 0.366712 0.284979 
1.87878 1.70996 1.60944 0.891959 1.76799 1.58389 2.1612 -0.467116 0.463164 0.447174 0.551961 0.401374 
1.89635 1.68111 1.79708 0.989018 2.53709 1.54691 1.5801 0.321118 1.17257 0.10184 0.219398 0.242456 
1.80134 1.80108 2.04285 1.0262 2.72812 0.579237 1.01939 1.44379 0.622363 0.551329 0.175047 0.108553 
1.66786 1.71555 2.10826 0.728722 3.04962 0.179568 1.09206 1.40419 0.548017 0.616147 0.238936 0.203831 
1.52286 1.63233 2.03958 1.90203 2.00277 0.853462 1.48591 0.15932 1.25486 0.889553 0.102956 0.124721 
1.58671 1.67819 1.47564 1.00633 1.36206 1.33847 1.46613 0.197742 0.73125 0.157272 0.954979 0.404827 
1.70004 1.61459 1.54286 0.418949 1.464 0.7251 1.69129 0.303921 1.31276 0.919606 0.814566 0.440792 
1.61555 1.81058 2.36826 1.26875 1.57845 0.973499 1.72764 0.256354 1.70476 0.848302 0.139591 0.218463 
1.466 1.92309 2.19809 1.41186 1.97425 1.78416 2.2595 0.141465 0.33522 0.126897 0.580564 0.252752 
1.49303 1.55742 1.9375 1.25787 1.67466 1.2147 1.58632 0.565338 0.70519 0.201861 1.1601 0.442617 
1.41474 1.49685 1.83567 1.04139 1.25869 0.640281 1.72462 1.26371 1.01555 0.156716 0.96783 0.330123 
1.34811 1.54162 2.06077 1.3815 1.66892 1.18879 1.65998 0.423613 0.718292 -0.162907 0.347552 0.14405 
1.30726 1.55868 1.89699 0.955731 1.71256 1.76235 1.24247 0.727004 0.144538 0.278813 0.651916 0.166349 
1.21581 1.49772 2.06486 0.523023 2.28803 0.953604 1.96932 0.672385 0.670355 0.629733 0.906993 0.307642 
1.28172 2.1006 2.62063 1.16239 2.10092 1.24761 1.30777 1.09536 0.645005 0.423641 0.519125 0.172354 
1.24503 1.71767 2.55259 1.4964 2.68224 1.12392 1.9262 0.864867 0.381006 0.190923 0.58761 0.208245 
1.1996 1.3663 2.44254 1.38516 2.57547 0.965843 2.41227 0.77926 0.364271 -0.136379 0.773876 0.292733 
1.17987 1.46533 2.07259 0.787409 1.77943 0.668718 1.82785 0.692227 0.775158 0.255173 1.07606 0.280641 
1.12857 1.30837 2.11606 0.586698 1.86777 1.79101 2.06256 -0.00606479 1.12513 0.619198 0.776319 0.334482 
1.06641 1.39729 1.77842 0.33549 3.0288 2.62727 2.28064 0.492485 0.73947 0.116325 0.572328 0.393024 
1.12264 1.58577 1.78721 0.363229 2.53997 1.99552 2.42461 0.318691 0.523401 0.518981 0.739549 0.355621 
1.2064 1.24044 2.5192 1.50691 2.10978 0.965838 1.8225 1.22046 1.35063 0.839634 0.116702 0.255272 
1.08124 1.35678 1.94209 1.95797 1.95398 1.31863 0.751732 0.732019 1.65585 1.08845 0.342933 0.199333 
1.10957 1.59823 1.85945 1.16435 2.06995 0.464723 1.03099 0.779428 1.0646 0.901431 0.365819 0.194662 
1.1403 1.50628 1.66541 0.933708 1.48671 0.632386 1.93967 -0.372191 1.00546 0.447979 0.149051 0.143804 
1.10302 1.41863 2.172 1.48499 2.07502 1.57075 1.40308 -0.00762556 1.06394 0.204204 0.201535 0.159002 
1.04754 1.65436 2.15051 1.10956 1.84489 1.29528 1.65246 0.895172 1.46126 0.744238 0.420449 0.239636 
1.03412 1.7339 2.18779 1.68839 1.17568 0.519537 0.721692 1.18537 2.47352 0.414225 0.587925 0.325933 
1.10931 1.77807 2.20777 1.55094 1.43739 1.43056 2.03267 0.197677 0.689917 0.517823 0.810868 0.177025 
1.30741 1.35667 1.84009 1.14681 1.16908 0.823087 1.9363 0.816029 0.711769 0.814016 1.09252 0.287179 
1.0296 1.43999 2.18731 0.923115 1.72513 1.3079 1.85143 0.778703 0.500654 1.05689 1.06841 0.179235 
1.00793 1.42177 2.67462 1.20652 1.80915 1.78377 2.39768 0.211963 0.639109 0.571632 0.746237 0.185743 
1.04791 1.40035 2.29866 0.363325 1.22451 1.34849 2.5666 0.781404 0.948854 0.602908 0.802577 0.16165 
1.15258 1.28189 2.41073 0.406676 1.5302 1.00874 1.96102 1.40338 1.03063 0.457259 0.699058 0.174269 
1.14196 1.23791 2.64248 0.938696 1.18244 0.261078 1.61721 1.39454 0.912725 0.132103 0.985829 0.22 
1.08229 1.03207 2.13614 1.43886 1.30124 0.160623 1.40977 1.63648 1.4896 0.776965 0.874748 0.226331 
0.9228 1.29602 2.10148 1.37563 1.48199 0.442275 1.25439 1.41796 1.87733 1.16235 0.684537 0.23028 
0.972613 1.32401 2.37918 0.531927 1.35695 0.947832 1.49336 1.20969 1.31899 0.99263 0.539379 0.174804 
1.04001 0.909445 2.05235 1.35831 1.76294 1.45563 1.52133 0.804 0.682361 0.810155 0.182482 0.0859652 
0.955955 0.941227 1.6061 1.3808 0.713526 -0.0805875 0.880352 0.253309 1.43769 0.557426 0.638526 0.099062 
0.879724 1.33432 1.9384 0.647988 1.34913 -0.579712 -0.218115 1.40197 1.61052 0.232859 0.0733816 0.191039 
1.02488 1.33657 1.76585 0.267885 1.62722 0.329337 0.65969 1.01926 1.03168 0.689882 0.181999 0.129838 
0.936113 0.981102 1.93638 0.758761 1.48427 -0.087038 1.09177 0.380733 1.1042 0.650688 0.413124 0.130539 
0.916554 0.774005 2.06637 0.666839 1.12746 0.993512 1.60229 -0.332927 1.04096 0.336769 0.690576 0.141994 
1.07317 1.52204 2.5408 0.958848 1.01639 0.246882 1.48229 0.31339 0.678703 0.0745592 1.07291 0.16097 
