0.586345 1.31978 1.1553 0.883681 0.51248 0.698416 0.631079 1.34384 0.501553 0.305072 0.41127 -0.0614424 
0.642752 1.19512 0.566105 0.296331 0.885444 1.29798 0.610625 0.0686562 0.82739 0.78288 0.269595 -0.0533497 
0.632257 0.7059 0.914473 0.561838 1.07025 1.45428 0.978716 0.810546 0.654941 0.480964 0.434062 -0.0828825 
0.527861 0.848763 0.964176 0.575555 0.607769 0.379049 0.718953 0.46794 0.389132 0.508606 0.685693 -0.0806853 
0.652127 0.926149 1.09699 0.773474 0.443539 1.60696 1.2999 -0.327978 0.420448 0.262368 0.843228 -0.0895399 
0.576378 0.91297 0.9991 0.264388 0.251745 0.699496 1.35054 -0.175628 0.69661 0.779274 0.254286 0.0248867 
0.559308 0.656697 0.762948 0.738003 0.893242 0.654791 1.17503 0.911189 0.963328 0.386906 0.0730595 0.0382396 
0.537056 0.852591 1.15214 0.839367 1.01795 1.01848 1.49791 0.686111 0.852532 0.632394 0.347953 0.00531867 
0.517689 1.04534 1.13481 0.866376 0.880165 0.570913 0.623448 0.897216 0.837464 0.734594 -0.0763651 0.00762771 
0.622162 0.724643 1.25423 0.623127 1.05659 1.00931 1.16956 0.965435 0.12067 0.989325 0.423394 -0.15472 
0.386282 0.413492 1.46613 1.40875 1.4203 1.33002 0.614703 0.546565 0.698942 0.187774 0.0572849 0.107334 
0.456016 0.729802 1.09684 1.5136 1.111 0.922406 0.664802 -0.120538 0.171189 1.16883 -0.323143 0.183778 
0.465508 1.20415 0.958903 0.506297 0.912607 0.16192 1.33393 0.85695 0.894788 0.966437 0.17941 -0.0799045 
0.567826 1.32307 1.49946 1.30634 0.594689 0.466994 0.974845 0.752646 1.3906 0.940208 0.375441 0.0332368 
0.601591 1.29409 1.70174 1.82694 1.92056 0.749591 1.38498 1.76233 0.957135 0.748057 0.590042 0.0974693 
0.813642 1.38547 1.83197 1.84732 2.89476 1.42543 1.66734 0.957846 1.16306 0.0969966 0.332168 0.218846 
0.961844 1.90903 2.32692 2.34699 2.7425 1.61364 1.75036 1.38054 1.17002 0.0842455 0.568922 0.197326 
1.33454 2.62326 2.6063 2.9052 2.84428 1.46323 1.68246 1.49405 0.820761 -0.121021 0.416238 0.0509619 
1.58097 2.98745 2.75387 2.64859 2.56499 1.90855 1.54275 0.421169 0.618148 -0.0365891 0.107559 -0.0496918 
1.9263 2.48048 2.93007 2.41534 3.32445 2.07498 1.48162 -0.337382 0.742091 -0.111869 0.00628566 -0.0138708 
1.58803 2.22763 2.41329 2.17025 2.74678 2.49411 1.43644 0.514794 0.1872 0.289251 0.0471857 0.00520918 
2.05286 2.56947 2.13384 1.42139 3.16085 2.85431 1.49204 -0.201916 -0.411196 0.24583 0.124903 0.0848346 
2.05356 2.43374 1.99482 1.19802 3.25681 2.33281 1.75995 0.23595 -0.513624 0.237502 0.0240131 0.0586095 
1.9085 2.38568 2.15992 1.62394 3.00419 2.54673 1.56837 0.415722 -0.262464 0.150314 0.0835397 0.0399518 
1.98755 2.53413 2.2275 2.1656 3.43371 2.23731 2.10108 -0.0610302 -0.10049 -0.113158 0.123383 0.0784531 
2.07378 2.1014 1.83652 1.10682 3.36019 3.12742 1.99378 -0.28679 0.798322 0.111825 0.157513 0.161755 
1.989 2.13375 1.77626 1.68011 3.29235 2.25536 1.70134 0.504609 0.354923 0.18963 0.0916818 0.0497427 
2.17781 2.07404 1.36262 1.21288 3.28443 2.29785 2.44051 0.106713 0.558131 0.0276962 -3.54509e-005 0.0937954 
2.01621 2.14923 1.13902 0.993989 2.5443 2.59538 2.15849 0.189456 0.0496602 0.0180498 -0.0328048 0.0468618 
2.20637 2.29008 0.973805 0.768295 2.72756 2.77391 2.23343 0.0604464 0.00228668 -0.296152 -0.0115461 0.0836041 
2.17965 2.46354 1.53044 0.47691 2.50834 2.65146 2.32595 0.634359 -0.430945 -0.0153629 -0.167606 0.0543522 
2.15667 1.94385 1.19096 0.970771 2.5976 2.84236 2.11486 0.160389 0.0812133 0.061018 0.131539 0.146215 
2.16422 2.06896 1.27571 0.981159 2.51625 2.66265 1.86494 0.290388 0.734933 -0.111155 0.0179547 0.040578 
2.17643 2.00371 0.777281 0.766853 2.51059 1.3983 2.19402 0.259117 0.492583 0.328379 -0.0562798 -0.0163394 
2.52097 1.75448 0.450567 -0.249279 1.28821 1.0313 1.3147 -0.380698 0.230882 0.62252 0.313169 0.0307694 
2.60655 1.50014 0.631292 -0.0704818 -0.134464 1.13243 1.34711 -1.94974 0.214674 0.832901 0.356961 0.00328109 
2.51967 1.34734 0.0666096 0.246486 0.325799 0.0547162 0.877408 -1.94602 0.294267 0.651118 0.418884 -0.116861 
2.51841 1.64583 0.904413 0.655012 0.711083 -1.24182 0.934841 -2.25982 0.251421 1.12223 0.317173 -0.137413 
2.23013 1.75447 0.65629 0.564884 0.455597 -1.75547 1.61972 -2.69082 -0.201874 1.16011 0.403436 -0.0625217 
2.34667 1.23943 0.363495 0.237919 0.608043 -1.68674 1.40731 -2.46545 -0.396058 0.895348 0.343202 -0.0460565 
2.24668 1.33859 -0.337529 0.186823 1.02107 -1.86268 1.01005 -2.51429 -0.0019862 0.540444 0.360974 0.0223699 
2.31112 1.15798 -0.353733 0.374657 1.37147 -1.96976 0.883347 -2.47774 0.0650295 0.47448 0.333422 0.0693366 
2.37902 1.37154 -0.443625 0.825167 1.41435 -1.16789 0.379258 -2.40156 0.00409309 0.07434 0.107671 -0.248886 
2.39672 1.22092 -0.232677 0.758959 1.21692 -1.45266 0.456801 -2.73376 0.329929 0.220862 0.0362907 -0.311976 
2.41263 1.52377 -0.435639 0.443865 1.86175 -1.07218 -0.66576 -2.02508 0.404656 0.349733 0.0477646 -0.213993 
2.41813 1.5392 -0.508663 0.316978 2.17133 -0.979215 -0.498317 -1.98495 0.294469 0.212218 -0.0790264 -0.216313 
2.41865 1.63311 -0.69047 0.123721 2.3306 -1.77956 -0.327852 -2.1874 0.338934 0.285717 -0.0941292 -0.0614371 
2.30829 1.52308 -0.447783 0.38093 2.3246 -1.69323 -0.0742643 -2.15731 0.0762732 0.323246 -0.0943443 -0.0728352 
2.42333 1.32526 -0.646831 0.392676 2.17693 -1.87212 0.166901 -2.2603 -0.0628896 0.323289 -0.000356715 -0.031328 
2.47212 1.13217 -0.572275 0.447478 2.09018 -2.17543 -0.154214 -2.53741 -0.0412913 0.210909 -0.0920171 -0.0224128 
2.57119 1.16207 -0.626428 0.388031 1.93976 -1.6023 -0.344862 -2.21901 0.0295849 0.117388 -0.0329099 -0.0351461 
2.57099 1.21909 -0.509819 0.0732966 1.47022 -1.39974 0.580489 -2.35391 0.452953 0.169327 0.0137454 -0.0500455 
2.53688 1.44695 -0.404798 0.146677 1.53006 -1.87191 0.340063 -2.13369 0.642173 0.359796 0.0355777 -0.0507404 
2.63844 1.0478 -0.207737 0.363292 1.24192 -1.74106 0.081926 -1.90397 0.436057 0.598667 0.115364 -0.081453 
2.57578 1.27871 -0.269031 0.026564 0.993522 -1.3399 -0.00661039 -1.45392 0.619608 0.633221 0.10042 -0.179476 
2.59393 1.35003 -0.415346 -0.350526 0.69162 -1.50037 0.622454 -1.94674 1.46616 0.578453 0.0157086 -0.20773 
2.77058 0.957428 -0.851246 0.130935 0.679657 -1.77777 0.786541 -1.94991 1.66352 0.875249 0.103297 -0.399477 
2.70941 1.07159 -0.423952 -0.0402956 0.738978 -1.3301 0.92977 -1.4515 1.08232 0.777629 -0.0221124 -0.358327 
2.69802 1.65348 -1.40544 -0.826065 1.50686 -0.927903 0.845755 -0.982051 1.60767 0.643512 -0.0115226 -0.353848 
2.60407 1.47288 -1.09791 -0.360476 1.71341 -0.769298 0.845462 -0.667898 1.58226 0.803457 -0.0653697 -0.417467 
2.50476 1.14469 -0.839668 0.0974403 1.81105 -0.470929 1.74639 -0.333201 1.145 0.443921 -0.27409 -0.421423 
2.43619 0.794115 -0.936483 0.522108 1.96149 0.207664 2.8665 -0.242506 0.724263 0.0674876 -0.304276 -0.423776 
2.78305 0.844062 -0.880542 0.380371 1.97415 0.7166 2.21857 -0.679133 0.713644 0.075578 -0.407995 -0.472481 
2.58799 0.84463 -0.894074 0.724283 2.26828 -0.0575855 1.65887 -0.714465 0.72287 0.161046 -0.347469 -0.45025 
2.53153 0.597618 -0.157886 0.781041 1.56074 0.085995 1.9203 -0.392449 0.508711 0.337856 -0.267006 -0.370388 
2.48551 0.459187 -0.234104 0.337448 1.76279 0.592136 1.1613 -0.711173 0.91385 0.779744 0.00961225 -0.170738 
2.47532 0.560335 0.232765 0.877336 1.82148 -0.021701 1.24381 -0.611006 0.519072 1.05499 0.262215 -0.151443 
2.3434 0.938556 0.500879 1.10391 1.99915 0.621679 1.48971 0.0439709 0.243282 0.966949 0.108781 -0.330363 
2.34571 1.00238 0.375618 0.898344 1.95678 0.453694 2.09542 0.0974349 0.671666 1.01459 -0.00233422 -0.332399 
2.38744 0.70551 1.03138 1.10343 1.5596 0.399588 2.40461 -0.0228533 0.258637 1.61049 0.132241 -0.556486 
2.22923 0.931713 0.748833 1.10617 1.33468 0.949871 2.30412 -0.496537 0.24665 1.37135 -0.0357694 -0.581299 
2.38271 1.15886 0.279644 0.890148 1.95815 0.456443 2.08187 -0.0788609 1.05851 1.01331 -0.0143788 -0.346089 
2.23246 1.17954 0.500666 0.92553 2.32343 0.559108 1.79616 -0.0694882 1.14415 1.18987 -0.215476 -0.432727 
2.2599 0.908313 0.490255 1.13455 2.97601 0.900607 1.32342 0.153957 0.769225 0.997632 -0.244365 -0.404306 
2.30988 0.962983 0.864797 1.35474 2.0839 0.509275 1.59209 -0.458531 0.706869 1.33481 0.108069 -0.323244 
2.28997 0.826477 0.718001 1.18274 1.85993 0.369136 0.551947 -0.340749 1.06159 1.16178 0.149556 -0.197592 
2.29559 1.04 0.65933 1.4447 2.66345 0.33873 0.669732 0.15715 1.38601 1.20415 -0.0811102 -0.328553 
2.23993 0.635407 1.08187 1.33504 1.90321 0.00398113 1.54299 0.294705 0.966486 1.57012 0.0696625 -0.349922 
2.08714 0.809401 1.02291 1.93557 1.45582 0.365746 2.00971 0.365846 0.530761 1.1895 0.090118 -0.371933 
2.14335 1.129 1.18815 1.20064 2.82571 -0.173817 0.682806 0.785113 1.22282 1.86921 0.0767148 -0.230954 
2.11618 1.27876 1.26685 0.493889 2.20532 0.427482 0.654084 0.571295 1.23549 1.15783 0.00635603 -0.152755 
2.11045 1.60194 1.36734 1.0147 2.59802 1.17414 1.24989 -0.495625 1.73091 0.815168 -0.22804 -0.202104 
2.0667 1.8544 1.40316 0.953515 1.72465 1.52188 1.18602 -0.0231255 0.873566 0.717759 -0.0869334 -0.17387 
2.04724 1.66825 1.19253 1.2728 1.48447 0.387082 0.752892 0.707836 0.907656 0.679802 -0.137853 -0.208743 
1.99777 1.8599 1.32295 1.16894 1.3943 0.507766 0.429618 0.276692 0.78702 0.962876 -0.0129791 -0.158362 
1.76697 1.67119 1.33875 1.18107 1.75325 1.55625 0.918179 0.132653 1.25445 -0.085537 -0.228822 -0.135728 
1.89228 1.35151 0.943597 0.309655 1.32612 1.43793 0.871609 0.189133 1.73253 0.565499 -0.183568 -0.189798 
1.98758 1.38508 1.11496 0.207513 1.22098 0.644297 0.927706 0.3678 1.45936 0.707673 -0.0828114 -0.14663 
1.85502 1.57022 1.55935 0.784004 1.69622 0.877867 1.07206 -0.343212 1.21435 0.47011 -0.359632 -0.181221 
1.66958 1.81064 1.64127 1.06228 1.53126 0.766932 1.33757 0.174771 1.67162 0.867639 -0.203346 -0.071722 
1.79647 2.20132 1.53177 1.57508 2.25566 0.990984 2.16383 0.712182 1.47862 0.872026 -0.173909 -0.0711999 
1.91594 1.73482 1.89211 1.40863 2.16178 1.30318 2.13862 0.724804 1.34052 0.772849 -0.287966 -0.133298 
1.72387 1.9833 1.84932 1.68015 2.62047 1.67545 1.69865 0.501635 1.1665 0.605914 -0.251669 -0.0795941 
1.74424 2.41942 2.17097 1.58447 2.31448 1.42733 2.531 0.642561 0.719513 0.362711 -0.0376595 0.061764 
1.70096 2.31888 2.25222 0.621619 2.47886 1.36322 2.03796 1.72065 0.610783 0.92796 0.0755971 0.101885 
1.67334 2.24069 2.10678 0.880903 2.52288 1.93163 1.27678 1.75497 1.27598 0.514675 0.292345 0.0955422 
1.69593 1.94032 2.17552 1.46783 2.24329 1.68749 1.76236 1.17611 1.42616 0.00920953 0.321516 0.208931 
1.60373 1.97678 2.85393 1.20425 2.07075 0.813552 2.68935 1.45506 1.48909 0.342575 -0.0547883 0.15225 
1.33602 1.65785 2.75108 1.73778 2.11557 1.28154 1.9566 1.23625 1.35173 0.279602 0.0552431 0.21028 
1.40567 1.53725 2.30015 2.4288 2.28167 1.71818 1.37762 0.520671 1.24087 0.622337 0.387542 0.20908 
1.46693 1.86181 2.14537 1.68696 2.37146 1.22979 1.41301 1.87938 1.61293 -0.111246 0.504499 0.229639 
1.43527 2.10527 2.03143 1.52477 1.73063 1.13743 2.16704 1.60912 1.5594 0.61109 0.276346 0.176467 
1.35497 1.99718 2.61986 1.86302 2.32849 1.49829 2.06044 1.09677 0.970824 0.64332 -0.086349 0.125242 
1.33077 1.8059 2.56595 2.62628 3.05116 1.94484 1.72282 1.35512 1.33519 0.117399 0.0394494 0.149482 
1.30011 1.71384 2.83472 2.63317 2.70533 1.13861 1.96102 1.00095 0.783495 0.9213 0.0142521 0.166799 
1.18759 1.54196 2.67976 1.79521 2.22518 0.847982 1.56333 1.09882 1.27194 0.862573 0.208904 0.282256 
1.27421 1.45241 2.33358 1.869 1.90611 1.32207 1.88279 1.30498 1.4816 0.493224 0.401666 0.279891 
1.27098 1.72986 3.109 1.93887 2.78986 1.89889 1.96931 1.37841 1.26247 0.279966 0.199884 0.244308 
1.15293 1.62684 3.3296 1.5902 2.96961 1.66397 2.76122 0.846972 0.775611 1.04511 0.0945537 0.309777 
1.22563 1.48585 2.74187 1.40429 1.99774 0.888491 2.68285 1.02373 0.713018 1.10438 0.398755 0.269969 
1.23367 1.80874 2.24823 1.47948 2.14729 0.759241 2.27407 1.1072 0.314353 0.315933 0.570199 0.201022 
1.17888 1.92347 2.46163 2.23459 2.34752 1.51525 2.37293 1.54157 1.17 0.397098 -0.0601675 0.196558 
1.10546 2.09176 3.25093 1.51411 1.60461 0.823621 2.24629 1.50876 1.16376 0.948508 0.336965 0.292786 
1.05979 1.85313 2.77427 1.79039 2.4997 1.04826 2.035 1.80191 1.46172 0.284826 0.603398 0.315114 
0.993469 1.54917 2.71205 1.99742 2.34796 1.42662 1.88455 1.06648 1.6252 0.458798 0.618708 0.328723 
1.02755 1.69172 2.34514 1.69869 2.63422 1.35635 2.2139 0.713233 1.493 0.567615 0.31262 0.314268 
1.07924 1.4475 2.32964 1.34202 2.08538 1.26401 1.41259 0.749425 1.29751 0.64959 0.0606151 0.218965 
0.974568 1.30781 2.31631 1.30288 1.59326 0.828326 1.88915 0.809655 0.988043 0.488348 0.802516 0.183463 
0.930115 1.23084 2.95952 1.93742 1.72918 0.894445 1.90093 0.883809 1.22863 0.658604 0.479807 0.260831 
1.0057 1.19549 2.13522 1.09192 1.81028 1.01884 1.97399 0.94733 1.33789 0.804014 0.61205 0.223891 
1.03198 1.83017 1.93131 0.360798 2.01869 1.00984 1.8841 0.479811 1.50673 0.572436 0.254427 0.205867 
1.10518 1.69749 1.75927 0.69149 1.47682 0.82187 2.29536 0.0357325 1.78109 0.68557 0.115036 0.174 
1.04161 1.77526 2.31508 1.04682 1.36154 0.608164 1.69642 1.17125 1.59835 0.33956 0.507433 0.202937 
1.03885 1.46566 2.40567 0.744322 1.33118 0.783339 2.16073 1.36483 0.816922 0.614938 0.707298 0.134822 
1.09079 1.30397 2.02744 1.289 1.16414 1.21255 2.32057 0.0948059 0.814902 0.210865 0.619287 0.0813749 
1.13997 1.52652 2.70128 1.17182 1.11268 1.34844 2.39576 0.944415 0.517799 0.580471 0.675097 0.121629 
0.872255 1.72575 2.67774 1.01999 1.04902 0.803941 2.18992 1.76777 1.18465 1.09856 0.510428 0.213486 
0.905713 1.38847 2.18751 1.49171 1.41851 0.65388 2.01774 1.29658 1.44574 0.932828 0.756463 0.208107 
0.919843 1.39434 2.50339 0.930368 1.60755 0.775466 2.11733 0.968953 1.26613 0.864423 0.894962 0.204541 
0.776278 1.28213 2.47882 1.03548 1.78689 0.85429 1.73046 1.14339 0.486153 1.0992 1.27385 -0.0188832 
0.834194 1.41555 2.32982 1.74288 1.46378 0.290736 1.29571 0.71247 0.911349 0.376261 0.886266 0.0952664 
0.872748 1.56169 2.09344 1.86046 0.96509 0.693109 2.28154 0.812787 0.67282 0.00510281 0.666218 0.0637724 
0.823427 1.00388 2.44798 0.87469 1.69544 0.493081 2.26314 1.10487 0.991884 0.991147 0.0329234 0.203334 
0.773045 1.18364 2.57671 1.38393 1.59302 1.10921 1.43581 1.61874 1.10365 0.131266 -0.297492 0.311488 
0.747187 1.17804 2.44188 1.54272 0.738491 1.11384 2.23634 1.89861 1.72984 0.611077 0.193163 0.267925 
0.92907 1.17444 2.42015 1.45951 1.29191 0.791424 1.34053 1.55091 1.32294 0.504398 0.485646 0.187292 
0.9258 1.39346 2.30653 1.18833 0.809776 -0.00602728 1.69559 0.657712 1.23734 0.33691 0.656304 0.143106 
0.785489 1.31157 1.66046 0.736495 1.4172 0.925086 2.02185 1.1801 0.465379 0.161283 0.753676 -0.0154338 
0.846465 0.898306 1.55668 1.04981 0.821074 0.559868 2.2381 0.898112 0.495821 -0.00707578 0.0780265 0.0649193 
0.882572 0.857996 2.05174 1.72349 0.911637 0.157292 1.00488 0.413398 0.969661 -0.372592 0.214182 0.175974 
0.907598 1.1536 2.54367 1.16305 1.06328 0.719362 1.58568 -0.0188312 0.875253 0.680205 0.313945 0.15292 
0.813197 1.24686 2.09158 0.828378 0.533201 0.633955 1.54287 0.73285 0.697777 0.360899 0.39122 0.0654652 
0.787319 1.19734 1.90474 1.01449 1.25753 0.881693 0.943545 0.927117 0.594132 0.824863 0.659765 0.0409318 
0.840343 1.56433 2.20853 1.65612 1.63168 1.46445 1.3812 0.855281 1.0505 0.344388 0.571453 0.157586 
0.955745 1.63868 1.9644 1.78892 1.31573 1.0958 1.39635 -0.190082 1.23706 0.354012 0.518945 0.118249 
0.770005 1.46829 1.80473 1.31779 2.18674 0.448738 1.19767 0.614827 0.67149 0.492513 0.586939 0.0647133 
0.802265 1.54721 2.05538 0.458399 1.61284 0.0944998 1.59607 1.04789 0.216903 0.466961 0.168064 0.0894098 
0.852855 1.38216 2.01649 0.476935 1.68028 0.890252 1.16034 1.57305 0.9512 1.02538 0.517335 0.108497 
0.750014 1.29032 2.12798 1.32661 2.15014 0.641151 1.15179 1.29431 1.71505 0.258436 0.752337 0.173331 
0.687654 1.25373 2.02692 1.70344 1.83834 1.02624 0.989564 0.850705 0.84895 0.932042 0.189755 0.110311 
