0.649836 1.16157 0.696923 1.04677 0.571188 1.15581 0.630601 1.20207 1.09622 -0.271267 0.510746 -0.20301 
0.621828 0.827477 1.03537 1.1478 0.452584 0.453087 0.91227 0.834678 1.26223 0.133234 0.446961 -0.280405 
0.614021 1.04962 1.35565 1.31479 0.866788 0.440496 1.34849 1.62509 0.923442 0.287348 -0.1642 0.0321744 
0.67568 1.34499 1.57939 1.11773 0.331474 0.35986 1.47547 0.604478 1.53731 0.450972 0.390895 0.0637054 
0.615914 1.31304 1.38629 0.998663 1.37385 -0.0931452 1.36658 0.251673 0.900198 0.546436 0.66206 -0.0680678 
0.603733 1.57427 1.48582 1.19042 1.69893 0.857848 1.22563 0.805795 0.487467 -0.0940095 0.330777 -0.00548238 
0.623567 1.30498 1.26245 0.975631 1.57951 0.933439 0.860816 0.421051 0.130595 0.220476 0.34934 0.0573623 
0.573192 1.57362 1.25738 0.930041 1.53831 0.64874 0.444547 1.28405 0.705323 0.294447 0.693272 -0.138591 
0.634587 1.33083 1.05735 1.33781 0.451286 -0.048193 1.62398 0.578328 0.6657 0.469547 0.311544 -0.073451 
0.701748 1.19332 1.48913 0.998083 1.31899 0.0576036 0.911352 0.956374 -0.280513 0.757845 0.0503746 0.0911754 
0.62385 1.0241 1.49431 1.12158 1.77015 1.04038 0.63795 1.68575 0.212418 0.722931 0.482035 0.000552603 
0.675055 0.914031 0.737556 1.51734 1.06576 0.675663 0.373103 0.780433 0.618982 0.206177 0.328733 0.041857 
0.690216 1.10324 1.15514 1.51483 0.663238 0.388868 1.10041 1.07944 0.139371 0.0215335 0.0652384 0.120993 
0.700395 1.05556 1.66765 0.52131 1.13193 0.845338 1.74255 1.50448 0.381689 0.634946 0.528215 -0.0233468 
0.579544 1.05527 1.33353 0.0601463 1.34686 0.930437 1.28169 0.938907 0.64944 0.933061 0.553446 -0.0912503 
0.572555 1.33749 1.17587 0.582784 1.23556 1.11849 0.992609 0.789805 0.708081 0.765532 -0.13451 0.10103 
0.584374 1.3184 1.54345 1.05782 1.87359 0.521937 1.25522 2.05393 0.440267 0.421843 0.197758 0.0803745 
0.64036 1.05397 1.69234 1.29943 1.24755 -0.0979642 1.67346 1.63869 1.23947 0.985137 0.577915 0.00114156 
0.65077 1.08712 1.61124 1.14903 1.21077 -0.0558556 0.819481 1.07412 1.3412 0.0493801 0.345601 0.00388055 
0.79014 1.09835 1.83874 0.643868 1.92328 0.463834 2.05991 0.853696 1.51972 0.155663 0.498373 0.154744 
1.00388 1.59787 1.51886 1.16042 1.72436 0.775304 2.24584 1.00261 1.25854 0.492808 0.289819 0.142165 
1.15054 1.81661 1.75655 1.13224 1.67055 1.2149 1.76639 1.3878 1.7682 0.77078 0.127002 0.177181 
1.43964 2.64315 2.86868 1.677 2.1671 0.78219 1.16734 1.47518 1.69665 0.585326 0.0725568 0.155116 
1.83582 2.83461 2.87757 1.97709 1.92772 0.780018 1.39111 1.25348 1.54574 0.484498 0.0640374 0.0127077 
2.19186 2.41038 2.45738 2.54097 0.993939 -0.535751 0.884055 1.54603 2.51298 0.333518 0.0813808 0.0517436 
2.20125 2.5363 2.29373 1.95221 1.53907 0.0173095 0.730685 1.21907 2.46603 0.437373 0.00252975 -0.0808335 
2.05134 2.80746 2.50579 1.36994 1.23445 0.474779 1.18467 1.2902 2.00495 0.654538 0.108787 -0.0831826 
1.9029 2.43513 2.50074 1.78923 1.16919 0.388381 0.764713 1.63431 1.58641 1.01917 -0.058435 -0.070779 
1.99848 2.07081 2.35951 2.02389 2.15599 -0.333007 0.797517 1.45485 1.72971 1.4493 -0.232393 -0.112147 
2.04049 2.14474 2.3062 1.72908 1.9117 -0.379621 0.795791 0.955784 2.27615 1.57041 -0.1022 -0.0645802 
1.83463 2.13045 2.41334 1.4125 1.53623 -0.236628 0.173598 1.46025 2.04663 1.1681 -0.202139 -0.0792317 
1.70262 1.84096 2.66108 1.17676 2.03721 -0.327082 0.299576 1.99915 1.60672 1.18626 -0.231117 -0.0378945 
1.45246 1.8232 2.27235 1.25849 1.3487 -1.15672 0.674302 2.20306 1.57996 1.35477 0.170304 0.263818 
1.3988 1.4376 2.13374 1.27249 0.815507 -0.939482 0.702504 2.31151 1.54429 1.25342 0.316184 0.197991 
1.22862 0.431984 3.2868 1.23066 0.399439 0.372949 1.59233 1.74352 0.211721 0.693159 0.0851572 -0.184901 
1.18058 0.347324 3.75109 1.46334 0.534052 -0.709871 2.37697 2.14754 0.215632 1.20406 0.390533 0.0500785 
0.977542 0.906678 3.52868 2.82872 0.58587 -1.37067 3.06925 2.23624 -0.488722 1.3365 0.574946 0.229893 
0.88361 1.22321 3.14045 3.90326 0.211412 -0.308076 3.88607 1.55786 -0.0760053 0.763978 0.724268 0.16391 
0.671958 1.87953 3.34456 3.09909 0.967468 0.140382 3.07105 1.95723 -0.405148 0.916463 0.83287 0.144424 
0.350843 2.10604 3.07853 3.21539 0.868174 0.302168 3.04613 1.40567 -0.102751 1.08826 0.8642 0.0756973 
0.347347 1.55548 3.35531 3.36756 2.45689 0.398048 3.18421 1.53885 0.203416 0.352775 1.02357 0.133838 
0.329628 1.39315 3.71797 3.35209 2.01279 0.778629 2.89084 1.56622 0.294852 0.222736 0.963164 0.147135 
0.331635 1.72937 2.96297 2.03389 1.88669 0.241848 2.51567 1.13169 0.429561 0.111706 1.14971 -0.138629 
0.303503 1.69512 3.07793 1.18658 1.4022 -0.215575 1.96355 0.961853 1.21719 0.0879785 1.11562 -0.0912249 
0.221336 1.03933 2.88487 1.95418 0.230034 -1.19522 1.88778 1.6944 1.25236 0.00503511 0.928826 0.015168 
0.202356 0.955374 3.03087 2.3998 -0.186401 -0.852435 1.40503 2.39849 0.174731 0.533716 0.586959 0.0457203 
0.0351433 1.48837 2.85344 3.25894 1.05124 0.2272 0.966771 1.80028 0.261138 0.230121 0.720358 -0.143175 
0.205005 1.13377 2.83302 2.95491 1.24267 0.319367 0.799357 2.44278 0.203607 0.206056 0.982798 -0.107954 
0.326133 1.00128 2.47978 2.87932 1.03744 -0.00576447 1.75802 1.9944 0.0688553 0.170875 0.924658 -0.0907009 
0.631737 0.918972 2.08902 2.26693 1.37034 -0.247666 1.42022 2.74191 0.0569886 -0.245389 0.917079 0.0321811 
0.90758 1.25347 1.43259 1.43567 2.20343 0.0772905 1.00337 3.23504 -0.660523 -0.26955 0.664931 -0.0241795 
1.33076 0.651424 0.147677 0.552346 2.15281 1.08397 0.719911 2.41395 0.334778 0.774148 0.119956 -0.23497 
1.79627 0.498171 -0.869482 0.766739 2.28478 0.934015 1.325 1.53157 1.18415 0.707608 -0.196077 -0.341555 
1.84055 0.670772 -1.42063 0.403665 2.92329 0.919362 1.12891 1.44752 1.37845 0.733927 -0.263616 -0.360442 
1.83348 0.732919 -1.34992 1.21693 2.47538 1.12928 0.975284 1.01752 1.86486 0.752732 -0.124314 -0.427585 
1.90362 0.673607 -1.22301 0.604071 2.83063 1.21461 1.23872 1.64153 1.22371 0.858523 -0.209934 -0.322585 
2.02869 0.738518 -1.21671 0.449276 3.47484 0.999626 0.70503 1.9371 1.18685 1.1575 -0.481005 -0.475587 
2.04929 0.477868 -1.28327 0.91648 3.58907 2.04864 1.27088 0.766076 0.828655 0.677739 -0.117711 -0.264902 
1.97612 0.621967 -1.57009 0.660807 3.44378 2.35605 0.994249 0.628807 1.11701 0.493359 0.0767752 -0.196063 
1.94452 0.692499 -1.71335 1.01522 3.95475 1.7387 1.19412 0.587318 0.944777 0.723006 -0.119993 -0.214897 
2.05562 0.546661 -1.69994 0.743011 3.95867 1.83278 0.916398 1.23261 0.763885 0.940445 -0.310646 -0.341446 
2.05899 0.794728 -1.97779 0.636957 3.55909 1.72544 1.16927 1.11941 1.26157 0.808683 -0.292889 -0.359508 
2.02848 1.01105 -2.10579 0.192027 3.39129 2.14983 1.20175 0.891427 1.45725 0.750146 -0.0911896 -0.42299 
2.01876 0.846353 -1.96906 0.16606 4.12097 1.66192 1.19933 1.24822 0.754516 1.0639 -0.348995 -0.29967 
2.17524 0.612037 -1.52499 0.312596 4.10783 1.53512 1.29249 1.35961 0.649916 0.943075 -0.305819 -0.26758 
2.16811 0.864264 -1.60936 0.863542 3.4803 1.89765 0.895371 1.14129 1.28486 0.792729 -0.275776 -0.34985 
2.247 0.997524 -1.62963 0.478717 4.03473 0.966746 1.1803 1.56098 1.46406 1.3067 -0.565398 -0.438079 
2.20119 1.03402 -1.07161 0.409777 3.52027 1.23506 1.38591 1.49732 1.54121 1.36887 -0.306778 -0.476752 
2.06606 0.836239 -0.827568 0.585627 3.28948 1.33806 1.67074 1.21422 1.89123 1.04095 -0.0896655 -0.266364 
2.02058 0.546649 -0.903797 0.565382 3.82616 2.22465 1.32516 0.925234 1.65822 0.684287 0.110825 -0.0542064 
1.79702 1.0298 -0.691741 0.635187 3.78689 1.80435 1.36458 1.04584 1.22824 0.823717 -0.0777643 -0.158984 
1.55403 1.08195 -0.742139 0.0632369 3.9258 1.60369 0.781173 1.17629 0.960401 0.630868 -0.267372 -0.369708 
1.70552 0.810842 -0.233084 0.595907 3.31786 1.10509 0.207726 0.896962 1.62216 0.639502 -0.337214 -0.441035 
2.06155 1.45743 -0.243225 0.869766 2.90743 0.390432 -0.2411 0.350833 1.5082 0.690313 -0.26104 -0.448209 
2.31851 1.70915 -0.441113 0.826233 2.12158 0.688803 -0.244394 0.399942 1.14426 0.270796 -0.2603 -0.373363 
2.35013 1.96255 -0.8829 0.720832 2.29069 1.14927 -0.175883 -0.291345 1.02717 0.343851 0.0475251 -0.367497 
2.16629 2.43849 -0.49948 1.29314 2.12226 0.711399 -0.735079 -0.432641 0.957208 0.742369 0.249366 -0.298306 
2.28668 2.12348 -0.993509 0.830505 2.33612 1.3302 -0.503234 -0.317003 1.29258 0.579231 0.227775 -0.4183 
2.38777 1.9044 -0.294118 1.03211 2.06297 0.849755 -0.633359 -0.112965 1.52114 0.241778 -0.154065 -0.421033 
2.28633 1.91125 0.226029 0.308421 3.20353 0.217284 -1.03938 0.351682 0.761635 0.619421 -0.0903435 -0.350747 
2.10055 2.32708 0.303961 -0.0226846 3.06439 0.0104146 -0.683348 0.676578 0.27651 0.321471 -0.0278987 -0.243715 
2.13207 2.62186 -0.159109 0.665589 2.79262 0.455051 -0.730074 0.310069 1.05682 -0.0169228 -0.0555501 -0.443753 
2.05958 2.34616 0.32283 1.57498 3.23316 1.05209 -0.257759 -0.527182 0.953879 0.00449432 0.0706937 -0.32563 
2.11097 1.92359 0.571576 1.41431 3.42347 1.2217 0.4623 0.345897 1.40646 0.0993838 -0.316316 -0.367152 
2.10513 1.67781 0.920875 1.63556 3.43856 1.88415 1.0334 0.368778 1.7004 0.231032 -0.427863 -0.391972 
1.92911 1.79581 1.08734 1.95868 3.09442 2.04486 1.30044 0.679762 1.77763 0.089291 -0.378874 -0.299519 
2.2146 1.71706 1.18322 1.95126 2.6937 2.3173 1.47295 0.638772 1.7128 -0.50976 -0.498205 -0.215601 
2.05173 1.98903 1.14575 1.74576 3.03849 2.33565 1.51346 0.692713 1.75225 -0.355878 -0.317424 -0.254995 
2.01963 2.27553 0.922863 1.62048 3.61683 2.06803 1.09796 0.924046 1.31964 0.712413 -0.10926 -0.269166 
2.0327 2.14713 1.2983 1.67228 3.62113 1.75418 1.32144 0.481831 1.36321 0.374514 -0.150425 -0.207305 
2.06752 2.08325 1.63746 1.6347 2.81511 1.71545 1.83825 0.692033 1.58795 0.426219 -0.233615 -0.193774 
1.87412 2.04859 1.82425 1.50387 2.63195 1.37412 1.83874 1.04084 0.893593 0.541235 -0.352018 -0.177743 
1.95304 2.03676 2.03774 1.34179 3.09449 1.37085 1.58282 0.826216 0.46822 0.229798 -0.28441 -0.137009 
1.9798 2.34352 1.97124 1.15625 3.21595 1.34619 1.16588 0.941847 0.0998478 0.330751 -0.178926 -0.138954 
1.95106 2.2267 1.99229 1.17977 2.95771 1.37995 1.44235 0.524237 0.522335 0.313427 -0.250582 -0.140039 
1.83274 2.16696 2.21662 1.412 3.1639 0.737009 0.0966525 0.651015 1.23168 0.67618 -0.389777 -0.284171 
1.66685 2.12373 2.42988 1.58511 3.02462 0.905237 -0.119575 1.10323 1.06495 0.641858 -0.478271 -0.280593 
1.68251 1.93036 1.99347 1.95456 2.76642 1.18489 0.00669575 0.391616 0.764161 0.655009 -0.479642 -0.30468 
1.75919 2.39246 2.0962 1.57294 2.63451 1.21535 0.855025 0.358811 1.16225 0.107909 -0.284811 -0.203012 
1.80544 2.15614 2.17138 0.923235 2.62333 1.4751 1.07484 0.14537 1.95384 0.463602 -0.496414 -0.218746 
1.7128 1.98774 2.09496 1.51418 2.83032 0.955647 0.385597 0.640408 1.2261 0.584745 -0.583352 -0.30857 
1.66714 2.20162 2.44612 1.48279 2.516 0.60035 0.472924 0.295131 1.06306 0.426663 -0.501208 -0.192531 
1.76365 1.85832 2.51484 1.21564 2.4604 2.01031 1.22296 0.0709642 0.382274 0.520525 -0.34697 -0.148247 
1.74082 1.87969 2.62283 1.51581 2.31197 1.42058 1.2205 0.554535 1.60049 0.542912 -0.494026 -0.121511 
1.80081 1.81476 2.6217 2.07557 2.20812 1.40087 1.91931 0.792129 1.78889 0.144398 -0.402409 -0.05836 
1.75998 2.1066 2.52376 1.16345 2.03268 1.27277 2.09398 0.872927 1.00686 -0.189062 -0.201435 -0.0429382 
1.5521 2.17764 2.21368 0.820919 1.99657 0.154754 0.605583 1.11413 1.20277 -0.0536831 0.053481 -0.0305021 
1.46675 2.19038 2.04016 1.42701 1.25945 0.437863 0.41631 0.983009 1.11985 0.115624 0.25684 0.0677541 
1.41584 2.06243 1.77346 1.84357 2.00026 1.20494 1.8383 1.28542 1.65378 0.126304 0.128322 0.0786121 
1.63779 2.53811 2.7487 1.77935 2.45342 1.07579 1.86629 0.869675 1.03368 0.552229 0.0451685 0.108758 
1.6821 2.29356 2.47373 2.14871 2.88581 1.10406 2.23301 0.908922 0.875004 0.919258 0.01968 0.14298 
1.62547 2.44649 2.15299 1.74358 3.25005 1.13289 2.20055 1.22893 1.01887 0.256502 0.328671 0.220783 
1.56621 2.34133 3.07655 1.40787 2.7832 1.94986 2.11956 1.23344 0.907005 0.352107 0.253697 0.168903 
1.43137 2.21945 3.18607 1.81666 2.31927 1.53534 2.39315 0.974414 1.25079 0.129277 0.251308 0.17848 
1.54643 2.26535 2.90504 1.48176 1.85542 1.24426 1.80239 0.925999 1.30311 -0.0758229 0.258866 0.131182 
1.3883 1.71408 2.50418 1.39246 2.56253 1.94966 1.34127 0.756846 1.20692 -0.394285 -0.00633753 0.0870682 
1.28311 1.53012 2.11567 0.944253 2.30448 1.55237 1.07575 0.88333 0.655407 0.239532 -0.223926 0.00346384 
1.33142 1.97895 2.07797 1.03667 1.74014 0.949426 2.59373 1.02756 0.547449 0.131929 0.116164 0.0807215 
1.26797 1.78376 2.15884 1.43744 1.88496 1.23972 3.08899 1.57163 0.580329 0.191245 0.204478 0.133242 
1.47093 1.54008 2.71677 1.20058 1.5749 1.5404 2.3232 1.10846 1.23796 0.579261 -0.000678715 0.142853 
1.49033 1.82981 2.23278 1.75924 1.81347 1.43222 1.4871 0.519113 0.951401 0.190932 0.180663 0.100073 
1.33045 1.98452 2.16608 1.44579 1.07925 0.392299 1.63663 1.02362 0.840386 -0.323576 0.385872 0.0301929 
1.1445 1.29386 1.96587 0.618137 1.34564 0.485348 2.27896 1.57816 1.1316 -0.00625475 -0.239571 0.0576998 
1.4305 1.34966 1.06365 0.121254 1.76384 1.27236 2.23086 1.97707 1.12711 0.214762 -0.377515 -0.0967905 
1.58806 1.40781 0.96817 0.687291 1.28045 1.33799 2.89127 1.88185 0.941622 0.142767 -0.344162 -0.102139 
1.39806 1.46291 1.89848 1.34033 1.96271 2.07488 1.35696 1.80791 0.6392 -0.349416 -0.115991 -0.00202816 
1.27547 1.56916 2.4295 0.966202 2.53519 1.81467 2.16754 1.84256 0.569283 -0.581961 0.196669 0.0902032 
1.17814 1.68416 2.0075 0.958283 1.06272 1.92498 2.32432 2.44012 0.607527 -0.331994 0.372393 -0.000243799 
1.16742 1.64914 1.8134 0.981686 1.22466 1.67375 1.53286 0.783694 1.22235 0.235817 0.326585 0.119864 
1.21274 1.56862 1.82339 0.829638 1.44848 1.24264 2.13369 1.16569 0.416806 -0.312098 0.230523 0.0683378 
1.2144 1.6165 1.89193 1.05599 0.895397 0.449996 1.80869 1.24513 0.926723 -0.799594 0.73869 0.0919635 
1.16445 1.3894 2.11209 1.15561 0.395168 0.557308 1.4385 1.01215 1.29575 -0.612167 0.668735 0.111981 
1.29336 1.23971 2.59513 1.41692 1.72738 0.86425 1.01143 0.78762 1.34259 -0.18444 0.23268 0.225778 
1.29505 1.10731 1.92392 1.41831 1.44153 -0.198265 1.01312 0.475873 1.29618 0.249597 0.440651 0.26071 
1.23161 1.1584 1.48204 1.19153 1.17897 0.737335 0.428212 0.314597 0.773006 0.834936 0.401507 0.0693745 
1.26387 0.261832 0.0724915 1.68409 2.6283 0.0822921 0.276835 0.873445 1.03908 0.217863 0.289021 -0.0187532 
1.11556 0.452962 0.549532 1.79646 2.28007 0.248884 0.297304 0.855477 1.1029 0.176058 0.596029 -0.0460142 
1.04173 1.27266 1.98433 1.50976 1.38908 0.414311 1.35328 1.23506 1.40201 0.198374 0.337255 0.177906 
1.13961 1.47058 1.78376 1.46756 1.86761 -0.384666 2.11702 0.989973 1.53887 0.459949 0.604485 0.312942 
1.09398 1.27586 2.55148 1.84996 2.16076 0.398334 1.52406 1.00049 0.810431 0.588213 0.608365 0.229546 
0.979518 1.59482 2.32952 1.83145 2.20461 1.03696 1.20985 1.45786 1.07211 0.22767 0.431423 0.19004 
1.19005 1.45092 2.14292 0.965063 2.62453 1.34933 0.887448 1.26794 0.744622 0.224769 0.0489708 0.0714156 
1.08145 1.35038 2.37027 0.628519 1.33419 0.321066 0.588766 1.01919 0.554774 0.303192 -0.0239906 0.0464738 
1.0889 0.921748 2.33144 1.3237 1.76085 0.296698 2.02434 1.47366 0.493048 0.918216 -0.0325051 0.131598 
1.00119 0.974249 1.57531 1.77797 1.7721 0.123553 2.11811 1.17897 0.653995 1.45699 0.629536 0.1497 
1.24045 1.43601 1.62467 1.63869 2.10377 -0.25622 0.959619 0.998971 0.986922 0.557497 0.140582 0.192554 
1.26054 1.50761 1.96069 1.04982 1.90005 0.506918 1.43669 0.740425 1.01577 0.272902 0.947843 0.301606 
1.11215 1.58664 2.10365 0.798076 2.11753 1.18145 2.34531 0.216578 0.817317 0.409435 0.517946 0.250758 
1.09778 1.25951 2.04388 0.763042 1.86154 1.38144 1.89118 0.565454 0.414628 0.253667 -0.0418245 0.111309 
1.02984 1.32741 1.50673 1.02694 1.54345 0.593615 1.60012 0.619521 0.0343885 0.246347 0.595033 0.0746949 
