0.448756 0.848198 0.580215 0.922424 1.25046 0.262714 0.768389 0.811453 0.354558 0.154662 -0.167107 0.15667 
0.557646 0.862167 0.694847 1.39058 0.924804 0.465919 1.07586 0.373334 0.237238 0.257857 0.210486 -0.0178353 
0.51662 1.08421 1.31673 1.53877 0.80491 0.961289 1.30214 0.962958 0.648997 0.293822 0.461982 0.04614 
0.506616 0.872388 1.39427 1.32954 0.707825 0.840793 0.513673 0.790177 1.00445 0.0704693 0.374188 0.06689 
0.49778 0.76081 1.00091 1.22876 0.949811 1.64942 0.854936 0.0710397 0.951803 -0.0316942 0.315675 -0.0163175 
0.552802 1.01658 1.28363 1.5331 1.69025 1.92974 0.575238 1.19498 0.945382 -0.0818617 0.199143 0.0955949 
0.482764 0.901165 1.45822 1.56497 1.18577 1.67829 1.01342 0.917977 1.02406 0.873311 0.273264 -0.0069146 
0.513983 1.16772 1.36969 1.127 0.810948 1.6147 0.756556 1.57138 1.67806 0.468943 0.31018 0.0780143 
0.406696 1.36906 1.05377 0.455745 0.909158 1.51767 1.17314 1.91447 1.13191 0.194109 0.116698 0.0776838 
0.409138 0.357088 1.40285 0.279846 0.664224 1.3208 0.88357 0.0725801 0.999161 0.293046 -0.0251401 0.218393 
0.2993 0.218366 1.99715 -0.0833208 0.327112 1.68035 0.774402 -0.600614 1.36904 -0.0204662 -0.108818 0.288713 
0.328155 -0.00656586 2.24885 -0.0456674 0.367594 2.60093 0.348741 -0.753088 1.53942 0.271198 -0.283954 0.374642 
0.3208 0.261995 2.09405 -0.698158 2.1772 2.59816 0.0398402 -0.759531 1.51567 1.01444 -0.124338 0.240122 
0.130269 0.472509 2.07997 -0.870495 2.40971 2.85201 0.189965 -0.183372 2.19879 0.751439 0.139764 0.166407 
-0.0257363 0.295787 2.95393 -1.35965 0.750638 2.60707 -0.130778 0.556209 0.703051 0.212437 -0.412383 0.214814 
-0.405633 0.183045 3.62871 -0.925232 0.767199 3.30782 0.865101 -0.282451 0.480203 0.310257 -0.176567 0.386696 
-0.507133 -0.140951 3.3576 0.314854 0.333113 3.34829 2.177 -0.587976 0.925336 0.283554 0.0141532 0.380248 
-0.512614 -0.569288 4.33877 0.0515954 -0.369638 3.09365 2.20817 -0.252658 1.28054 0.228837 0.0367414 0.155096 
-0.712987 -0.553509 5.01694 -0.7891 -0.0155315 2.49682 0.627353 -0.361917 0.650232 0.759372 -0.148499 0.0850993 
-0.805001 -0.32521 4.93771 -1.94164 -0.110068 2.25675 0.206761 -0.885444 1.03429 0.661218 -0.512212 0.344713 
-0.883842 -0.558857 5.49649 -2.07921 0.137664 2.6992 0.00332903 -0.792058 2.24138 -0.0494033 -0.401632 0.724552 
-1.01462 -0.785938 5.49109 -1.81903 1.24102 3.4817 -0.846775 0.492196 1.84104 -0.569953 0.239 0.491936 
-1.05961 -0.444574 5.58499 -1.5872 0.393812 3.34192 -0.0117698 0.150108 0.997072 -0.0542777 0.0154996 0.176516 
-1.06882 -0.562198 4.7235 -1.2179 -0.730149 2.49976 0.194599 -0.526403 0.738038 1.03188 -0.554298 0.360212 
-1.20876 -0.356205 5.05168 -0.640532 -0.463543 2.69583 0.0861596 -0.698387 1.18991 0.534125 -0.580196 0.454074 
-1.137 -0.542939 5.00699 -0.659854 -0.302915 3.26184 0.785358 -0.641408 1.75995 0.155979 -0.303453 0.508164 
-1.17376 -0.714885 5.17822 -1.03801 0.869184 3.06935 1.00827 -1.06041 2.24341 -0.125331 -0.372016 0.725377 
-1.28287 -0.604532 4.95781 -1.47993 0.602522 2.41177 0.205542 -0.871641 1.8471 0.0363998 -0.455695 0.657476 
-1.38478 -0.827672 5.39407 -1.34765 -0.182041 1.62498 0.502333 -0.327817 1.46671 0.164618 -0.22315 0.598274 
-1.49171 -0.847165 4.67499 -1.53044 -0.771973 1.44378 0.357087 0.147814 1.82964 0.169876 0.00324798 0.566837 
-1.40555 -0.613101 4.88716 -1.02152 -0.511066 1.39958 -0.168143 0.333941 1.41909 -0.102509 0.194527 0.511414 
-1.35754 -0.771134 4.80997 -1.5289 -0.437984 0.982251 0.0675039 0.668989 1.40088 0.0259628 0.396953 0.381452 
-1.34955 -0.844933 4.44586 -2.29311 0.00951401 0.833379 0.0841086 0.405588 2.15506 0.421164 0.132019 0.457732 
-1.17428 -0.471161 4.28187 -1.70548 -0.297783 0.965735 0.780736 0.282297 2.07463 -0.316095 0.513809 0.31532 
-1.25461 -0.808977 4.17672 -1.74284 -1.40305 1.27304 0.97392 0.860049 1.93925 -0.15815 0.445217 0.238914 
-1.4777 -1.11148 3.8558 -2.23267 -0.245874 0.794568 0.123449 1.31668 1.54917 0.436203 -0.0854498 0.26923 
-1.39911 -0.719367 4.19675 -1.56609 0.931709 0.852317 -0.817708 1.00892 1.06332 0.717348 -0.164829 0.350978 
-1.29993 -0.548307 3.80902 -1.17648 0.0630695 0.670594 0.0252675 -0.331384 1.20258 0.399941 -0.27763 0.350709 
-1.15424 -0.706362 4.12589 -1.6976 -0.767727 0.965867 0.783631 0.262241 2.07894 0.133045 -0.073736 0.42618 
-1.0676 -1.49324 3.74452 -1.77507 -1.20093 0.703788 1.16967 1.07628 2.184 1.21663 -0.516958 0.335825 
-1.01211 -1.73368 3.47317 -1.04812 -0.459718 0.439401 1.42305 0.290628 1.31342 1.10807 -0.409211 0.228398 
-0.559231 -0.938921 3.30234 -1.9394 -0.879549 -0.189466 1.69496 0.562111 1.30936 0.75141 -0.425957 0.259071 
-0.0512102 -0.460587 3.15997 -1.70951 -1.10652 0.796035 0.747108 0.800503 2.44819 0.104263 -0.515592 0.0451276 
0.343047 0.184141 2.39462 -1.16485 1.15458 1.32259 0.444082 0.765126 2.30345 -0.0539696 -0.251962 -0.31976 
1.55233 -0.00616431 1.175 -1.0536 1.46528 1.79573 -0.0734456 0.217882 2.00623 0.833665 -0.474183 -0.533812 
2.11191 0.0902486 0.342155 -1.59478 1.49714 1.90727 0.231514 -0.256072 2.24932 0.565851 -0.570564 -0.41649 
2.2333 -0.449922 0.10901 -2.023 2.11228 1.91601 -0.186415 0.255276 2.11295 0.468477 -0.578858 -0.436142 
2.14206 -0.146767 -0.500488 -1.29877 1.58283 2.41471 -0.138027 -0.121874 2.37501 0.284851 -0.43809 -0.496284 
2.15395 -0.671882 -0.598833 -1.02367 1.77854 2.79008 -0.288441 0.110721 2.50123 0.144308 -0.645077 -0.487793 
2.19461 -0.337979 -1.09399 -1.23655 1.99825 3.08253 -0.0993433 0.0908739 2.31166 0.140934 -0.459597 -0.549638 
2.18316 -0.43201 -0.909427 -1.23574 2.32097 2.9785 -0.0485963 0.343312 1.77161 0.177494 -0.341915 -0.580406 
2.33331 -0.855261 -0.646824 -1.93731 2.66996 3.44185 0.115504 -0.0582402 2.04169 0.312743 -0.559843 -0.460861 
2.30925 -0.686692 -0.999992 -1.71682 2.603 3.39123 0.388721 0.206585 2.06934 0.224446 -0.547371 -0.505511 
2.16668 -0.855133 -0.346946 -1.89641 3.17807 3.32488 0.562956 0.737414 1.86723 0.232249 -0.514928 -0.418314 
1.93008 -0.22733 0.202663 -1.68755 2.46737 2.79482 0.792906 0.684196 1.49971 -0.0757236 -0.627141 -0.464076 
1.86211 -0.0661852 0.224637 -1.81966 1.30928 3.10901 2.10425 0.316835 1.04746 -0.00176187 -0.473393 -0.190434 
1.79784 -0.283632 0.258598 -1.49906 1.8022 3.46253 1.98768 0.567404 1.97553 0.628245 -0.0170005 0.0491146 
1.78201 -0.0846597 0.687396 -1.32861 1.7707 3.16436 1.76798 0.470814 1.93514 0.969191 0.057486 0.0258984 
1.86519 -0.568534 0.706452 -1.71485 1.83103 3.0009 2.37679 0.535675 1.65569 0.630953 -0.108956 0.343747 
1.75036 -0.303834 0.761085 -2.03918 2.27692 3.07771 1.36756 1.53179 1.79544 0.535053 0.217103 -0.0369672 
1.92721 0.274955 0.32066 -2.02961 2.63506 2.81062 0.817357 1.52844 2.07663 0.34259 0.101135 -0.232665 
1.88511 0.38088 -0.235933 -0.862498 2.20228 2.29016 1.29561 1.33932 1.2325 0.270874 -0.309116 -0.456422 
1.85206 0.341891 0.0605792 -1.02473 2.84084 3.15848 0.730856 0.303 1.11042 -0.0233506 -0.143614 -0.257688 
1.7708 0.413565 0.351175 -1.37335 3.16602 3.49786 0.529795 0.0634798 1.11865 -0.332676 -0.00579067 -0.0846697 
1.76331 0.217654 0.252143 -1.46491 1.90332 3.14746 1.41059 0.463294 1.3573 -0.534477 0.0642311 0.160674 
1.82339 -0.058431 -0.0336033 -0.766003 2.06142 2.91887 0.942089 0.837278 2.36676 0.201349 0.0205394 -0.0324787 
1.85191 0.0618038 -0.343806 -0.75116 2.05473 3.27526 1.73683 0.317157 2.27305 0.299226 -0.0533705 -0.0461511 
2.01973 0.403841 -0.0138655 -1.05556 2.37183 2.68403 0.610204 0.352005 1.68807 0.239425 -0.180683 -0.310099 
1.81259 0.293997 0.139041 -1.30173 1.87771 1.8952 1.40103 0.0761957 1.01086 -0.179371 -0.429002 -0.219326 
1.74268 0.280582 0.0969679 -1.25293 1.67783 2.08153 1.54324 0.310065 1.33399 -0.0351482 -0.321447 -0.242138 
1.64652 0.395925 0.616929 -1.46897 0.361755 2.65088 0.648288 -0.188913 1.692 0.021589 -0.0846042 -0.010846 
0.935345 0.0357294 1.98703 -2.84502 1.22415 2.14298 0.944816 -0.177069 1.47636 0.915863 -0.323241 0.0343409 
0.447771 -0.223149 2.84705 -2.97146 1.29246 2.14907 1.85379 0.293809 1.61295 0.599722 -0.818067 -0.217266 
0.1712 0.163812 2.50367 -2.62388 0.93453 2.72211 1.31025 -0.0896242 2.60395 0.0613488 -0.489406 -0.0570583 
-0.051091 0.236053 2.26077 -2.06358 1.3998 2.75851 0.773543 0.0173898 1.69382 -0.19606 -0.167768 0.033958 
-0.00935351 0.279816 2.65068 -1.56605 1.98173 2.62362 1.43968 0.0991331 1.04051 0.0847228 -0.268007 0.209156 
0.0563321 0.407768 3.08906 -0.94574 1.70924 3.23435 1.95672 0.113157 0.824421 0.137328 -0.383514 0.373191 
-0.0112599 0.17151 3.26297 -1.75931 1.10596 2.52023 1.84093 1.13953 2.20539 -0.156328 -0.442699 0.192351 
-0.127958 0.402388 3.21505 -1.13083 0.362011 3.27484 1.52919 0.726391 1.58194 -0.0304678 -0.382102 -0.0895844 
-0.225693 0.198354 3.76969 -0.519002 0.818864 2.67134 1.12452 0.0893224 1.13814 -0.167427 -0.287406 -0.143909 
-0.188006 0.0577521 3.86407 -0.367732 0.553532 2.63817 1.22749 -0.178112 1.27749 -0.169295 -0.445126 -0.10572 
-0.119543 0.0947667 3.68837 -1.45136 0.530935 2.13838 1.48336 0.793877 2.06543 -0.292202 -0.83672 -0.0178513 
-0.114713 0.10926 3.36115 -1.74528 1.15997 2.21028 1.04617 1.04695 1.8933 -0.0151526 -0.544189 0.027333 
-0.173477 -0.168971 3.80767 -1.12491 0.609868 1.88255 0.801889 0.999109 1.7265 -0.243204 -0.502305 0.106273 
-0.382422 -0.494379 4.02324 -0.139122 1.16516 1.91349 0.971556 -0.329846 2.38435 -0.411572 -0.512544 0.343287 
-0.505186 -0.157179 4.33733 -1.664 0.385832 1.82834 1.59395 0.470336 2.25981 -0.326178 -0.400548 0.387742 
-0.446573 0.480884 4.73374 -2.17897 -0.225851 2.49966 1.79355 0.822134 2.39963 0.118545 -0.366557 0.268576 
-0.45721 0.102683 4.14287 -1.21477 -0.290311 2.26181 0.680436 0.843926 2.79047 -0.658119 0.102332 0.126134 
-0.520307 -0.0128727 3.68398 -0.409298 -0.378727 2.57776 0.816652 0.702315 1.40846 -0.535202 0.0348977 -0.0352181 
-0.474616 0.193778 3.30697 -0.782034 0.714829 2.13276 0.54669 0.902236 1.42109 -0.0821047 -0.246788 0.293816 
-0.562686 0.722995 3.3745 -0.235279 1.19739 1.45893 1.02347 1.49437 1.78188 0.0385936 -0.0934006 0.267811 
-0.396372 0.54033 3.32895 -0.238527 0.462908 1.84107 1.51611 1.11434 2.25489 -0.0480784 -0.0302817 0.0715918 
-0.426051 -0.1453 4.19802 -0.420469 0.172853 2.60272 2.00485 1.33183 1.78945 -0.0627026 0.042973 0.00394024 
-0.366508 -0.235562 4.19558 -0.420864 0.683894 2.52503 2.39816 0.896764 2.17246 -0.130192 -0.0422307 0.294544 
-0.220341 0.195413 4.31495 -0.632722 0.599687 1.7903 2.26305 0.970054 2.04857 0.21939 0.102954 0.251791 
-0.130236 -0.177389 3.62001 0.0790764 -0.155859 0.797993 1.75641 1.0487 3.01207 0.019724 0.139886 -0.00846524 
-0.158503 -0.0195256 3.4499 0.741967 -0.209569 1.01537 1.75822 1.13864 2.64895 0.129026 0.0366203 0.0627551 
0.0621723 0.0360571 3.26566 0.6466 -0.466973 1.32355 0.900131 1.37956 3.01414 0.474056 0.0144106 0.0411229 
0.0442589 0.52366 3.37189 -0.00122073 -0.933489 1.29597 1.2845 0.389665 2.6433 0.416672 0.116733 -0.115923 
0.253685 0.226445 3.43419 -0.469296 -1.34354 1.48578 1.48732 0.149258 2.39456 0.577028 -0.151048 -0.131757 
0.251466 0.4167 3.2291 -0.374518 -0.567658 0.601609 1.46349 0.722302 2.27712 0.614352 0.238633 0.102687 
0.282096 0.199178 3.19892 -0.772743 0.118579 1.56143 0.764424 1.00533 2.21728 0.55895 0.0837418 0.0239235 
0.226005 0.392585 2.75366 -0.435517 -0.134249 0.945651 1.16659 0.256569 1.58057 -0.0687639 0.208186 -0.0778646 
0.187893 0.251233 3.19969 -0.650149 0.239749 1.69332 1.23484 0.392435 1.59011 0.146784 -0.0435743 -0.138063 
0.278915 0.261729 3.56732 -0.062734 0.371848 1.87577 0.712899 1.27967 2.25832 0.246131 0.310787 0.0802197 
0.30998 0.305037 3.36414 -0.20893 0.630083 2.31905 1.25851 0.60242 2.27487 0.352516 0.3633 0.0892639 
0.272844 0.543631 3.30184 -0.787293 0.808376 1.34374 0.177102 -0.173004 2.33756 0.436257 0.374584 0.139139 
0.245567 0.535952 3.60902 -0.538531 0.238189 2.01204 0.398833 0.0228096 2.2817 0.230412 0.262399 0.0738787 
0.369164 0.592705 3.33788 -0.767036 1.29493 1.84152 1.16011 0.891958 2.46036 0.681031 0.115711 0.18422 
0.36745 0.615399 2.91095 -0.585267 1.07913 1.02708 0.978798 1.37457 1.8159 -0.218818 0.298561 0.229115 
0.34182 0.799439 2.89806 -0.209481 0.106746 0.315903 0.601079 0.573461 1.11391 0.250175 0.685379 -0.0380147 
0.486615 0.865909 3.40935 -0.640635 0.488771 0.225176 1.03982 0.451966 1.59387 0.844657 0.689685 0.132958 
0.541413 0.885342 3.60719 -0.598886 -0.331557 1.41409 0.547126 0.354696 1.20195 0.67481 0.210673 0.116329 
0.517267 0.380008 3.4804 -0.144245 0.738876 0.358123 -0.371749 0.357722 1.12302 0.222029 0.386469 0.0210506 
0.613825 0.706294 3.02952 0.264867 1.18924 0.310197 0.651521 0.636325 0.742404 -0.123481 0.244931 0.0457208 
0.746515 0.996264 2.45312 0.528133 0.22365 0.353095 0.949428 0.474855 0.642302 0.172378 0.287473 -0.0231601 
0.510363 0.594839 2.65939 0.646813 0.27532 0.878235 0.8285 0.117519 1.12447 0.324776 0.646053 -0.274415 
0.464687 0.686915 2.66948 -0.297681 -0.407338 0.317861 0.0153108 0.315861 0.928253 -0.000779579 0.553422 -0.0728812 
0.54564 0.756593 3.20458 -0.836621 0.135228 0.527501 0.262735 0.740094 0.724101 -0.245267 0.248862 -0.10765 
0.619263 0.635473 2.6058 0.0173489 0.787047 0.983989 0.270495 0.613551 1.11025 -0.204855 0.342456 -0.0994708 
