0.513076 1.00065 1.53894 0.370369 0.552074 0.182263 1.61446 0.0470203 0.799728 0.795368 -0.163609 0.120583 
0.44171 0.887072 1.00121 0.179811 1.26732 0.943321 1.66361 0.518475 1.35108 0.322835 0.168936 -0.0502501 
0.450973 0.920961 1.2203 0.411499 1.22336 1.32321 1.88844 0.765349 0.495194 0.678176 0.352136 -0.0110233 
0.378784 0.923763 1.30481 0.462787 1.14128 1.14739 1.13735 0.904956 0.505997 1.02649 0.171473 -0.153108 
0.510066 0.805281 1.00765 0.0721639 1.05311 1.47031 1.1062 0.648409 0.5152 0.673957 0.502188 -0.152984 
0.626541 1.12787 0.806847 0.841832 1.29889 0.993202 0.974359 0.0399869 1.5625 0.712216 0.232718 0.0321382 
0.494225 0.91434 1.14308 1.08113 1.89138 0.959015 1.26866 1.15278 1.08716 1.16815 0.102551 0.0360248 
0.491614 1.18984 1.13733 1.07785 0.239782 0.452579 0.908213 1.65538 0.034671 0.413659 0.348223 0.012585 
0.520557 1.16572 1.09437 0.796328 0.435578 0.0449687 1.16757 1.74614 -0.326061 0.350081 0.399484 -0.00146777 
0.478416 1.02051 0.949771 -0.203412 1.11745 1.06392 0.738608 0.225737 -0.0299682 0.344846 -0.0426882 -0.0330402 
0.707938 1.05937 0.785508 -0.449476 0.00785885 0.894658 1.19774 -0.200337 1.24037 0.401374 0.364056 -0.0706917 
0.833382 1.00216 1.3527 0.0293039 0.0108274 -0.356713 0.492226 0.183313 1.00364 0.675195 0.396461 0.106451 
1.3708 1.17302 -0.57528 -2.0386 0.745411 0.616471 1.14395 0.0663247 0.630472 0.341591 0.0239677 -0.114304 
1.46241 1.48499 -0.7331 -3.11738 2.25998 0.833691 0.355788 -0.184438 0.331947 -0.33945 0.366523 -0.346032 
1.4631 1.36006 -0.0370996 -2.60288 2.52539 0.504288 0.262161 -0.262091 0.390669 0.128255 0.468424 -0.0666007 
1.70417 1.89681 0.744213 -0.686974 2.29064 0.623317 1.51874 0.091261 1.02835 0.780475 -0.0617473 -0.0302117 
2.27086 2.28756 -0.671398 -0.766963 3.60958 0.385175 0.20823 -0.22093 1.40061 1.0861 0.236705 -0.407557 
2.3806 2.06501 -0.618656 -0.700972 3.76415 0.313769 -0.392593 -0.461479 1.2434 1.33992 0.454449 -0.226594 
2.31738 2.3867 -0.81359 -0.893696 3.62504 0.31477 -0.33323 -0.15158 1.41543 1.08622 0.477268 -0.340118 
2.31055 2.3308 -0.967509 -0.806456 4.26772 0.0830086 0.0356809 0.538694 0.797628 1.39589 -0.138156 -0.29211 
2.15961 2.08395 -0.329286 -0.206476 3.97499 0.227323 -0.0155708 0.521732 1.39944 0.998602 -0.0186012 -0.336518 
1.91463 2.32678 0.0224251 -0.0761179 4.06337 0.352604 0.39574 1.0755 1.01902 1.07003 -0.128692 -0.343673 
1.77182 2.62242 0.379898 -0.23847 3.89059 0.619477 0.679871 1.12521 0.916325 0.944996 0.0124522 -0.322092 
1.85964 3.19699 -0.129153 0.647295 3.87267 -0.08587 0.312686 0.561815 0.827153 1.28644 -0.0917621 -0.156019 
1.67582 3.17277 0.239274 1.31279 4.33431 -0.769242 0.113632 0.0941893 0.858437 1.48516 -0.327693 -0.0166279 
1.58895 3.11949 -0.00554939 1.05554 3.97633 -0.0252186 0.663644 0.70236 0.774863 1.51121 -0.421703 -0.0479345 
1.68154 2.88688 0.951754 1.37645 3.3012 0.333788 -0.428909 0.833064 0.845226 1.06787 0.0161063 -0.154193 
1.69497 2.76724 1.01453 1.64158 3.30904 0.860686 -0.754826 0.499866 1.35319 0.753165 0.21285 -0.28097 
1.58188 2.60055 1.12625 1.25913 3.80244 0.867753 -0.0593246 0.397423 1.78126 0.801162 0.0998722 -0.306773 
1.80204 2.47506 0.504167 1.5214 3.89091 1.06017 -0.108241 0.635669 1.70725 0.462974 0.0435537 -0.424474 
1.76548 2.80037 0.635388 2.08799 4.16711 0.153656 -0.0622632 0.286549 1.74416 0.529171 -0.0775256 -0.338909 
1.55231 2.7423 1.27298 1.65719 4.14929 0.909905 -0.120705 0.426792 1.53034 0.515811 0.1752 -0.316107 
1.47438 2.77991 1.04433 1.46299 3.51452 1.83332 -0.117075 0.979496 1.33137 0.548211 0.188998 -0.300405 
1.47457 2.68194 1.18712 1.96404 3.16555 1.78798 -0.635024 0.484106 1.23161 0.561012 0.187379 -0.239387 
1.46583 2.77431 1.68516 1.50349 3.42265 1.43794 -1.0077 0.12904 1.05087 0.472915 0.317519 -0.228533 
1.55016 3.04554 1.26769 1.63522 3.48084 0.983167 -0.670833 -0.157455 0.588529 0.661725 0.269707 -0.162102 
1.73865 2.91291 0.719977 1.83587 3.67413 0.704663 -0.732823 0.330511 0.404443 0.482764 0.119371 -0.205994 
1.72428 2.58073 1.24429 0.870225 3.51121 1.04845 0.105517 0.588862 0.296026 0.0448286 0.240823 -0.136401 
1.58223 2.7006 1.19755 0.456574 2.92019 1.82315 0.409523 0.960077 0.464085 -0.0625453 0.238187 -0.177333 
1.63972 3.01603 1.17939 0.509927 2.81922 1.02191 1.23971 0.518017 0.0590845 -0.124474 0.0446895 -0.0330421 
1.53287 2.63053 1.33346 1.19753 3.07283 0.954256 0.906044 0.357897 0.476566 -0.0937959 0.0443352 -0.0730801 
1.38365 2.19555 1.87058 1.53354 3.35589 2.00983 1.07847 0.893534 1.50337 0.0518137 -0.111479 -0.0573472 
1.59707 2.52489 2.52385 0.492968 2.85703 1.64285 1.37846 0.817323 0.762976 0.226758 -0.0554466 0.00802928 
1.62986 2.89779 2.67168 0.930379 2.9647 1.33954 0.314553 0.108373 0.208166 -0.2732 0.222746 -0.0537866 
1.70707 3.05181 2.61553 1.117 2.56103 1.70641 0.691645 0.313072 0.0277529 -0.705843 0.247315 -0.0990109 
1.55521 2.74919 2.22981 2.01138 2.67413 2.12393 0.46095 0.309521 0.779363 0.325905 0.121043 -0.0168616 
1.62498 2.61378 2.72983 2.28901 2.63302 1.33255 0.191158 -0.433729 0.985794 0.153792 0.0273416 -0.0204685 
1.64964 2.96366 2.87237 2.52362 2.562 1.27486 -0.111454 -0.625701 0.152312 0.309124 -0.160776 -0.0359864 
1.74419 2.70475 2.49951 2.00212 3.56767 1.57336 -0.269727 0.172229 0.390599 0.321191 0.123192 -0.109419 
1.8158 2.63463 2.56216 2.18772 3.94683 1.10666 -0.0274512 0.27151 0.7653 -0.0658192 0.167612 -0.083427 
1.89171 2.61733 3.14735 1.52119 3.96554 1.61001 1.62725 1.02072 0.186605 -0.098713 0.180462 0.0756473 
1.84493 2.62279 2.55843 1.87763 3.31177 2.91282 1.04912 1.27731 1.26125 -0.428131 0.45294 0.0566466 
1.64321 2.73948 2.75828 1.81407 2.81352 2.5839 1.34679 1.46706 0.883499 -0.420071 0.540556 0.054436 
1.53511 2.76144 2.99476 1.91973 2.57412 2.51085 1.86197 1.36819 0.666525 0.0283686 0.405123 0.070403 
1.52321 2.7479 2.85297 2.61378 2.83218 2.48385 1.69474 1.52216 0.893664 0.320364 0.342254 0.0988471 
1.62155 2.76937 3.27899 2.05158 3.83838 1.70637 0.878228 1.28933 1.14295 0.303124 0.296225 0.0459284 
1.57676 2.69681 3.04073 2.09984 3.7553 1.70554 1.55851 1.29597 0.526361 0.454556 0.269289 0.0839009 
1.55589 2.72784 2.94032 2.21072 3.23641 1.89096 2.04172 1.32884 0.930571 0.325661 0.385794 0.147543 
1.7232 2.71863 3.13866 1.90729 3.77642 2.32657 2.06991 1.34395 0.884951 0.192724 0.450038 0.170694 
1.68699 2.26617 3.11249 1.96351 3.65079 2.77338 0.982096 1.32152 1.20734 0.756235 0.427915 0.161835 
1.6752 2.52036 3.17578 2.35837 2.9402 2.01914 1.84738 1.60348 0.630243 0.668505 0.29027 0.125595 
1.55312 2.60521 3.4249 2.38771 2.82502 1.73059 1.72037 1.90813 0.584236 0.803052 0.214398 0.103115 
1.42427 2.48018 3.00127 2.55089 2.91657 1.90088 2.28249 1.3987 0.993384 0.808835 0.179839 0.190152 
1.52418 2.52564 2.60934 2.16773 3.05847 1.49844 1.62641 1.44763 0.265552 0.194894 0.253309 0.0607438 
1.48901 2.20213 2.81911 1.47955 2.95576 1.35551 2.14697 1.62946 0.490392 -0.359924 0.232088 0.0336754 
1.47582 2.09049 2.70599 1.83306 1.9441 1.58566 1.23641 0.350886 1.71497 -1.08524 0.428955 0.109096 
1.31757 2.02949 2.34739 2.02346 1.65768 1.43518 1.40417 -0.277522 0.872657 -0.113215 0.270773 0.0135529 
1.38669 1.95334 2.41721 1.42109 1.77842 1.86209 1.30983 0.770126 0.657307 0.220461 -0.0405194 -0.00674527 
1.34149 2.00891 2.98907 1.72808 2.04914 1.67295 1.86138 0.417462 0.224739 0.422428 -0.0172095 -0.00785335 
1.32873 2.00012 3.11799 1.11431 2.55555 0.964469 1.01716 0.735689 0.943911 0.528599 -0.0858649 0.122585 
1.37756 1.73977 2.84149 1.09054 2.4433 0.932918 0.672977 0.86576 0.544244 0.517752 0.178569 0.0559992 
1.33083 1.82531 2.1264 1.68884 1.87601 1.03477 1.17395 1.00342 0.208676 0.28725 0.328743 0.035019 
1.35216 1.88196 2.43152 0.743677 2.36977 0.385646 1.15794 0.973903 0.636573 0.206171 0.481386 0.144493 
1.43687 2.06712 3.07975 0.666363 2.87763 0.479487 1.44263 0.536364 0.661483 0.504156 0.304587 0.303638 
1.22032 2.07445 2.78546 1.38794 2.65743 1.35939 1.8128 0.778969 0.884415 0.583869 0.254763 0.203765 
1.31188 2.23247 2.53586 1.61037 2.41975 0.470099 1.65959 1.14057 0.973816 0.331688 0.283035 0.166385 
1.30774 1.82453 2.99368 1.17923 1.87942 1.04133 1.08827 0.957166 1.45173 0.357723 0.0646893 0.200253 
1.21555 1.76937 2.72142 1.67597 1.07837 0.510144 0.620706 0.92504 1.26672 -0.109018 0.00341316 0.135089 
1.17886 1.96626 2.07881 1.49016 1.67353 0.304792 1.12845 1.76529 0.597557 0.33602 0.554794 0.142299 
1.24368 1.83469 2.3018 1.07076 1.8989 1.09098 1.72547 1.45512 1.07799 0.610962 0.805189 0.264328 
1.24262 1.95561 1.90072 1.5314 1.94656 1.36898 2.13476 1.03385 1.47834 0.638085 0.721408 0.290154 
1.27496 2.15744 2.28715 1.85957 2.53432 1.79925 1.8441 1.27124 1.72977 0.187643 0.577983 0.242244 
1.34625 2.21054 2.59941 2.1183 2.55056 1.6063 1.57848 1.47731 1.57763 0.414861 0.437317 0.244785 
1.36948 2.12854 2.64539 1.9133 2.13515 1.38253 1.74593 1.0866 1.19585 0.955932 0.420847 0.290981 
1.29164 2.04626 2.36187 1.74187 1.78684 1.69021 1.58573 0.373591 1.54191 0.997055 0.516622 0.323856 
1.19178 2.12759 2.44774 1.60124 2.10843 2.10037 2.33906 0.511343 1.16049 0.221462 0.771639 0.249938 
1.25241 2.22702 2.21773 1.03828 2.57001 0.797767 0.92525 1.60177 1.88449 0.572389 0.626923 0.227353 
1.21405 1.99077 2.44348 0.776124 2.64724 0.4093 1.70716 1.65499 1.76404 0.898514 0.373244 0.328953 
1.22948 1.69683 2.728 1.6173 2.50284 0.993376 1.56125 1.65897 1.62118 0.767923 0.304901 0.319182 
1.2481 1.81446 2.63537 2.01636 1.79034 0.401896 2.05937 1.2557 1.97748 0.546109 0.440997 0.373207 
1.20735 1.49317 2.28414 1.29775 1.96404 0.738081 1.63191 1.42786 2.09376 0.641501 0.679145 0.356119 
1.22405 2.03804 2.20433 1.48308 2.34608 0.719603 1.03334 1.30803 1.51775 1.17912 0.553311 0.332361 
1.21867 1.87567 3.06187 1.76182 2.13422 1.29954 2.33172 1.43036 1.05671 0.798257 0.398834 0.273936 
1.17903 1.93106 2.89885 1.44484 1.49157 0.594904 2.49067 0.882949 1.33032 0.767605 0.466521 0.294014 
1.0159 1.71968 2.56823 1.15114 2.23899 1.00038 1.88949 0.991124 0.62634 1.17211 0.680122 0.236027 
0.991867 1.7802 2.67074 1.11936 2.66491 0.4741 1.54458 1.37357 0.944786 1.03321 0.750317 0.278702 
1.10327 1.50312 2.21505 1.19344 2.26194 0.045627 1.53698 1.2497 1.93147 0.821666 0.901082 0.380249 
1.00385 1.47839 2.10701 0.892824 2.22141 1.11971 2.20856 1.23691 1.65251 0.885686 0.399998 0.294896 
1.00097 1.44053 2.34867 1.40747 2.11681 1.92801 1.53981 0.823342 2.15164 0.288382 0.658251 0.327374 
1.12778 1.62174 1.8434 1.60794 2.37868 0.332275 1.68152 1.51136 2.07326 0.770135 0.385131 0.300733 
1.12988 1.58247 2.42969 1.99355 1.89905 0.415291 1.44742 0.966563 1.02284 0.860351 0.207018 0.22002 
1.21324 1.30021 2.3127 1.04817 1.65119 0.635967 1.91323 0.958789 0.761861 0.852006 0.424385 0.179526 
1.07377 1.47255 2.48968 1.0386 1.16414 0.535989 1.88287 0.545246 1.81181 1.08518 0.815433 0.321925 
1.06729 1.64378 2.34098 1.44768 1.16809 0.327331 1.3779 0.818927 2.15475 0.896375 0.993153 0.358236 
0.947862 1.88163 2.40984 1.58965 1.89442 0.695124 1.94324 1.02507 1.01732 1.28986 0.546403 0.298006 
0.967888 1.71343 2.22582 1.56638 1.50955 1.20004 1.86363 0.245004 1.33859 1.08486 0.703985 0.237112 
0.974461 1.47031 2.43847 1.77499 2.37829 1.01792 1.78093 0.599851 0.976449 0.751672 0.579416 0.205994 
0.887132 1.50645 2.08928 1.94447 1.95546 0.439549 1.62027 1.10555 1.28388 0.42758 0.981997 0.167529 
0.894565 1.95396 2.10332 1.08659 2.25087 0.351788 2.08902 1.26079 1.00198 0.167904 0.395299 0.147161 
0.934642 1.792 1.92376 0.461321 1.59401 -0.0174406 1.54144 0.6116 1.27254 -0.262421 0.400601 0.0590306 
0.937642 1.84972 1.88113 1.23412 3.10789 0.0412479 1.54275 0.882736 0.82788 0.320845 0.360276 0.177057 
0.980599 1.83925 1.92316 2.15455 2.46257 -0.326589 1.40355 0.784134 0.947608 0.423263 -0.163737 0.237493 
1.06945 1.36953 2.07304 1.62583 2.07867 -0.593676 1.79266 0.681853 0.928012 0.712628 -0.126074 0.246343 
0.983848 1.68885 2.24064 0.86726 1.70867 0.0101646 1.9698 1.0294 1.28037 0.769725 0.45604 0.240091 
0.824693 1.64374 2.48487 0.882175 1.59975 0.699089 1.70581 1.572 0.638153 1.01247 0.474302 0.128667 
0.83819 1.29714 2.81181 1.09202 2.01047 0.425248 1.71356 1.68181 0.888169 0.0410828 -0.174893 0.257645 
0.970285 1.58057 2.54555 1.30241 1.10398 1.31215 1.55331 1.40457 0.97101 0.268894 -0.136726 0.162944 
0.963639 1.74987 1.81608 0.961901 1.77595 1.05318 1.86192 1.36428 0.889294 0.837327 0.621764 0.16212 
0.883077 1.21391 1.93397 1.20745 1.89558 1.05379 1.8671 1.97367 1.11258 1.16001 0.402986 0.160514 
0.776826 1.33993 1.94674 1.35797 1.93265 1.35066 0.783918 1.66993 1.41592 1.31641 0.162495 0.188382 
0.788234 1.33895 2.22071 0.826048 2.62622 1.01138 0.70216 1.19986 1.31261 1.13509 0.603854 0.128353 
0.81417 1.52929 1.58775 0.980088 2.51927 1.12233 1.66242 0.829246 2.13996 0.894963 0.460837 0.208335 
0.782197 1.8309 1.49321 1.37493 1.92287 1.11315 0.912879 1.5832 1.05165 0.74704 0.723355 0.0793176 
