0.288536 1.18984 0.438107 1.80073 0.933752 0.936964 1.22676 -0.809028 0.340958 0.553211 0.532215 -0.0897253 
0.376365 1.44309 0.112076 1.20612 -0.480946 0.855474 1.51617 -0.885816 0.784955 0.167126 0.457993 -0.217797 
0.34582 1.08606 -0.119992 0.793079 -0.584902 0.00139653 1.76789 -0.536874 0.459755 0.0209801 0.508077 -0.116844 
0.391796 0.85551 -0.179036 0.930546 -0.502849 -0.661627 1.29203 -0.00732879 0.715093 0.844167 0.0118081 -0.0264049 
0.503104 1.00395 0.0157937 1.07791 -0.490549 0.322792 0.885289 -0.128921 1.17707 1.37439 0.362755 -0.222426 
0.524295 1.14298 0.424114 0.144997 -0.782064 0.839271 0.279625 -0.749121 1.03894 0.778918 0.37851 -0.13201 
0.450534 0.844313 -0.517251 -0.444351 -1.10917 -0.240714 0.499594 -0.309382 0.64609 0.419567 0.137569 -0.431017 
0.569918 0.8432 -0.166739 -0.315303 0.219104 -0.352489 1.07455 0.0609362 0.528938 0.606626 -0.0235379 -0.365389 
0.809494 0.906966 -0.293876 0.27731 -0.192472 -0.712387 1.59032 -0.648277 0.504664 0.909719 0.40193 0.00827167 
0.924903 0.84615 -0.0627615 0.065752 -0.549006 -0.933145 1.3618 -1.05844 0.115865 -0.019641 0.00361784 -0.203726 
1.03352 1.07012 0.215063 -0.102599 -0.596363 -1.05826 1.64811 -0.0804302 0.0466666 -0.352942 0.246765 -0.299807 
1.09945 1.16239 0.635156 0.45836 -0.248346 -1.65542 0.996487 -0.0909077 0.0162912 0.279123 0.00415922 -0.159287 
1.07041 0.96592 0.608496 1.49273 -0.17688 -1.12749 0.625893 -0.774658 -0.324692 0.126901 0.26302 -0.316482 
0.961224 0.515186 0.863429 1.77326 -0.290954 -1.03818 1.62987 0.0459837 -0.830842 0.208201 0.0386818 -0.488563 
0.989012 0.46486 1.41813 1.21093 -0.565673 -1.12989 1.53294 0.457122 -0.843949 0.312631 0.093506 -0.4567 
1.07385 0.679071 1.87452 1.64594 0.159778 -0.673949 1.82803 0.106506 -0.797234 0.298518 0.349255 -0.204024 
1.15216 0.834163 1.62464 2.18217 0.748505 -0.800883 1.55152 0.492539 -0.0658684 0.0239552 0.324433 0.0506372 
1.33095 1.6118 1.9897 2.38026 1.75799 0.741144 0.770262 0.249161 -0.248045 -0.471897 -0.166571 -0.194023 
2.14597 1.55599 1.2765 3.65904 3.49295 0.768195 0.143009 -1.35665 0.387897 -0.54705 -0.21082 -0.316558 
2.09511 1.93749 1.40999 3.90023 2.629 0.621384 1.65785 -1.45429 -0.240644 -1.49713 0.137182 -0.221847 
1.93972 1.97779 1.98797 3.81052 1.9773 0.706995 2.46753 -1.03245 -0.444848 -1.15838 0.207457 -0.272836 
1.83398 1.92455 1.97272 3.41444 2.43545 0.906775 1.24188 -0.988601 -0.492613 -1.00743 -0.019864 -0.263212 
1.63361 2.21125 2.16352 3.20946 2.58615 0.74397 1.69191 -0.907901 -0.566271 -1.19386 0.172152 -0.251538 
1.95496 1.98447 1.39188 4.28625 2.81874 0.534741 2.57052 -1.33336 -0.152733 -1.03087 0.497404 -0.256876 
1.72522 2.23782 1.80103 3.05359 3.03351 1.21661 1.14474 -1.26498 -0.496421 -1.30232 0.206908 -0.233991 
1.57717 2.2983 1.65193 2.86536 2.76737 1.85734 2.29923 -0.843096 -0.216958 -1.29256 0.455919 -0.147464 
1.78863 2.63488 1.44005 3.33429 2.82379 1.30089 2.90534 -1.25715 -0.83094 -1.67775 0.388735 -0.164261 
1.76992 2.26599 1.78967 3.14373 3.08124 0.473665 1.38464 -1.64697 -0.25004 -1.18025 0.061219 -0.246933 
1.89142 2.39642 1.47532 2.99151 3.55576 0.76267 0.7697 -1.69392 -0.506582 -1.38111 -0.0527812 -0.282086 
1.65076 2.62193 1.56021 3.42871 3.84164 -0.233931 1.31545 -1.46898 -0.593106 -1.66277 0.0563297 -0.24326 
1.83556 2.31453 1.09817 3.03842 4.0457 0.533146 0.850841 -1.5527 -0.114119 -1.15013 0.0197112 -0.230988 
1.76785 2.25923 2.14379 3.0713 3.20088 1.60873 1.01751 -0.486614 -0.968256 -1.32649 0.207333 -0.162256 
1.74995 2.24008 2.20579 3.3693 3.37398 1.75124 1.93761 -0.480271 -1.08362 -1.27395 0.41911 -0.0883321 
1.87339 2.52766 2.09771 3.31192 3.88339 1.29627 2.20609 -0.974195 -0.639361 -1.38454 0.201664 -0.0910349 
1.65471 2.43061 2.68682 3.33514 2.78865 1.668 1.5383 -0.493439 -0.425286 -0.833678 0.22917 -0.225887 
1.72006 2.28782 2.87035 3.66675 2.55185 1.4605 2.41598 -0.555122 -1.11634 -0.507406 0.296127 -0.250535 
1.54565 2.38682 2.5328 4.33841 3.42717 -0.307802 2.19005 -1.16516 -0.265018 -0.429886 0.0377013 -0.257749 
1.74055 2.22729 2.65648 4.36174 3.13635 -0.481647 1.99442 -1.71263 -0.241575 -0.496205 -0.101455 -0.365033 
1.77497 2.05581 2.94616 3.51614 2.60241 0.454068 1.48256 -1.51815 -1.01369 -0.244343 -0.128567 -0.365398 
1.65759 2.2705 2.68709 2.76269 2.96391 0.628598 1.05576 -1.02726 -0.315453 -0.92317 -0.00250218 -0.206053 
1.70078 2.23464 2.71829 3.47763 3.45703 0.283286 1.20888 -1.05656 0.230121 -0.885068 -0.0861758 -0.216784 
1.79889 2.11115 2.64182 3.76515 3.84322 0.661197 0.967031 -0.577677 0.412439 -0.281467 -0.160692 -0.220621 
1.64449 2.15748 2.61427 3.97973 4.09906 0.632396 1.29785 -0.888522 0.50113 -0.37825 0.0864984 -0.212149 
1.77191 2.40417 2.64454 4.13354 3.52444 0.342611 1.5561 -1.091 0.578306 -0.398733 -0.0829468 -0.247801 
1.72981 2.25982 2.61529 3.9712 2.94929 0.390971 1.60565 -1.25012 -0.48178 -0.356897 0.0869098 -0.264994 
1.81099 2.39552 2.5159 3.69322 3.17886 -0.1083 1.24015 -1.60253 -0.181736 -0.406933 -0.080854 -0.19226 
1.80495 2.35774 2.8901 4.14852 2.4769 -0.145776 1.38428 -1.92538 -0.36423 0.049706 -0.23145 -0.381611 
1.86143 2.2457 2.71516 3.38191 2.16638 0.263448 0.879253 -0.779913 0.00823159 -0.294332 -0.0769242 -0.134362 
1.98438 2.19501 2.71263 2.69732 2.10098 0.110478 1.54396 -0.935919 -0.336501 -0.216257 -0.0267375 -0.0433106 
1.8608 2.46623 2.75637 2.67638 2.65801 0.163036 0.872573 -0.752842 -0.160565 -0.18037 -0.141351 -0.0658325 
1.86449 2.23406 2.61779 2.35354 2.55817 0.592018 0.619993 -0.412575 0.0776158 -0.741078 -0.078009 -0.0684138 
1.97491 2.3138 2.84632 2.8796 2.54409 -0.336626 1.34907 -0.0950709 0.307556 -0.760828 -0.253329 -0.029454 
1.92873 2.33263 2.92007 2.52926 2.1726 0.0843377 0.603938 0.391782 0.515929 -0.403898 -0.234149 -0.0753133 
1.89273 2.43485 3.04415 2.20116 1.70899 0.829914 1.09627 0.55159 0.464705 -0.345575 -0.0406211 -0.0587267 
1.69055 2.21104 2.9383 2.92162 1.35982 0.347257 1.62164 0.984367 0.205725 0.0233502 0.152438 0.0127561 
1.95726 2.41065 3.1035 2.09182 1.40872 -0.274265 1.27971 0.620753 0.204493 -0.454521 0.0261626 0.00489401 
2.12531 2.52597 2.58866 0.747588 -0.218735 -1.61086 0.0126373 0.971687 0.683753 -0.269379 0.203222 0.0158728 
2.18599 2.38494 2.43707 0.713222 0.0814309 -1.00889 -0.4789 0.874923 0.64284 0.284573 0.0819069 -0.0844568 
2.14473 2.21569 2.37422 1.2668 0.759698 -0.779997 -0.596866 0.76261 0.566225 -0.366326 0.0713981 0.0687528 
1.94462 2.5608 2.50204 1.78851 0.221084 -0.86926 0.55012 0.368662 1.00363 -0.717953 0.287113 0.0586524 
1.77963 2.39728 2.41763 1.78794 0.463509 -0.891384 1.05048 0.613573 1.56373 0.0693904 0.237259 0.0768788 
1.81243 2.21841 3.25225 2.71641 0.549518 -0.63445 1.02771 0.541191 0.860712 -0.129285 0.22362 0.183008 
1.64578 1.93912 2.89015 2.40152 1.66016 0.13703 1.41207 0.881014 0.611141 0.216691 0.162429 0.144192 
1.76004 2.11359 2.73822 1.39254 2.05583 0.257981 1.24693 1.82252 0.360868 0.21966 0.112046 0.0332943 
1.72858 2.38354 2.84852 2.1404 1.61576 -0.389778 1.41031 1.03364 0.604624 -0.0151611 0.127533 0.101764 
1.75573 2.10218 2.67674 1.78204 1.00557 -0.967376 1.40096 0.385991 1.19466 0.377913 0.0981094 0.176118 
1.71828 1.79764 2.80908 1.75468 0.911449 -0.460331 1.34015 0.915987 1.16554 0.368574 0.0159192 0.10789 
1.68745 2.08348 2.81469 2.35204 1.29102 -0.490003 1.99898 0.570968 0.489496 -0.0823935 0.0628996 0.0450837 
1.59432 2.28772 2.72908 2.16949 1.32682 0.0715995 0.95554 1.3295 0.182236 0.126808 0.0523542 0.0303082 
1.59549 1.93867 2.50225 1.9274 1.50187 0.370633 0.991356 0.685762 0.40183 0.158822 0.240513 0.120926 
1.61956 1.7826 2.72326 2.07292 1.51627 0.14257 1.13681 0.786971 0.579805 0.294893 0.127974 0.10908 
1.57831 2.01029 2.60183 0.787142 1.80242 -0.240377 1.63214 0.951058 0.725531 0.125269 0.180052 0.168902 
1.59933 1.64776 2.86989 0.554468 1.13555 -0.206052 1.40156 0.754674 0.0346884 0.53651 0.0676016 -0.0138566 
1.56535 1.54312 2.13978 1.22656 0.418978 0.408639 1.43815 1.46103 -0.0459255 0.255438 0.184221 -0.10034 
1.56634 1.80695 1.85246 1.34281 0.858477 0.218268 1.21496 0.535377 0.144033 -0.332677 0.407142 0.0696479 
1.49358 2.09362 2.21564 1.01117 1.70465 0.233961 0.97223 0.623739 0.525748 -0.0695654 0.239719 0.051988 
1.57489 1.74593 2.23918 2.0309 2.20495 -0.656683 0.626759 1.02745 0.651938 0.294546 0.16099 0.20385 
1.54413 1.44998 2.37241 0.765976 1.69219 0.0725276 0.424688 1.49474 -0.0584379 0.314444 0.545707 0.108468 
1.36384 1.52948 2.19302 0.650056 1.62815 0.34778 1.49802 0.743333 0.619434 0.696119 0.226278 0.136734 
1.28924 1.59908 2.27078 1.52236 1.72383 -0.0666535 1.59482 0.325564 0.67838 -0.155187 0.378057 0.133713 
1.33776 1.60074 2.43505 1.12275 1.21697 -0.529063 1.07367 0.868419 -0.587599 0.361181 0.379338 0.0195574 
1.23529 1.72013 2.81752 0.835323 1.12037 -0.799139 1.4603 1.24298 0.612468 0.440274 0.0999483 0.160247 
1.30052 1.96254 2.52521 1.59111 1.13364 -0.123015 1.50204 1.25551 0.98654 0.454485 0.490233 0.2317 
1.29803 1.92634 2.52366 1.70342 1.24907 0.821812 1.72995 0.01825 0.0869339 0.0549158 0.708165 0.0984621 
1.25394 1.94899 2.08963 1.27672 1.22574 0.244853 1.20981 0.076501 -0.12078 0.4287 0.493733 0.121816 
1.31908 1.71606 2.28672 0.695784 1.25478 -0.347494 1.85303 0.670093 -0.218498 0.0960263 0.579702 0.137591 
1.21767 1.84532 2.09059 0.679652 1.22479 -0.592797 1.13745 0.238325 -0.750333 0.181398 0.835864 0.171529 
1.30266 1.70147 2.13228 0.857725 1.96554 -0.406551 0.732657 -0.0115013 -0.17501 -0.160014 0.616508 0.197876 
1.41967 1.27007 2.2256 1.0187 0.718598 -0.647664 1.88508 0.805829 -0.0658784 0.310646 0.60669 0.19483 
1.27231 1.37982 1.95745 0.860178 0.741209 -0.501936 1.29853 1.05015 0.222602 0.275377 0.804795 0.189759 
1.1505 1.51359 2.35959 1.18008 1.09722 -0.0434231 0.743968 0.512277 1.22486 0.272522 0.842503 0.270137 
1.12993 1.68359 2.29225 0.463906 1.11776 -0.234737 0.355366 0.42561 1.03469 -0.0258178 0.878384 0.209238 
1.32332 1.4957 1.88735 0.746377 0.966089 -0.335767 0.265409 0.597272 -0.0211924 0.120725 0.647474 0.140972 
1.38683 1.25544 2.22187 0.995423 1.61968 -0.304611 0.536635 0.354643 0.516654 0.439288 0.502109 0.219704 
1.30857 1.50184 2.67357 0.849168 0.451112 -0.739781 0.417314 0.247784 0.592523 0.161054 0.344378 0.212378 
1.25447 1.47664 2.63315 0.706901 -0.0130067 0.0190465 1.10782 0.613701 -0.511362 -0.0130181 0.398347 -0.0275437 
1.11016 1.42126 2.40188 1.02426 0.0844904 -0.464656 0.110372 0.581851 -0.021417 0.0187254 0.502749 0.133233 
1.14751 1.52321 1.93819 0.664255 -0.165048 -0.450328 0.45135 0.192301 0.975408 0.235147 0.428743 0.20889 
1.03188 1.56215 2.10824 0.799098 0.512206 0.100839 1.28917 0.482651 1.71483 0.948086 0.541561 0.225933 
