0.463798 0.764641 1.70247 1.05456 0.761177 1.55592 1.11998 0.534724 0.161265 0.146432 0.338418 0.0202245 
0.499762 0.900005 1.39742 1.28743 0.48678 0.399859 1.23242 0.433195 0.854216 0.0966412 0.252266 -0.00997755 
0.408666 0.931324 1.25868 1.02176 0.835319 0.00120692 0.572437 0.470828 0.568496 0.557094 0.469436 0.0880521 
0.505197 1.19158 1.14608 1.64268 0.913956 0.638416 0.543812 1.61835 0.969068 0.264295 0.771007 -0.0225376 
0.336663 1.19746 1.05045 1.63762 0.856066 0.303368 0.822118 2.03575 1.11085 0.565053 0.52044 -0.114949 
0.354675 0.784495 0.840883 0.696304 1.30144 0.482904 1.321 -0.192629 1.00517 0.673434 0.124007 -0.0363528 
0.307248 0.880005 1.105 0.47616 -0.0417074 0.985637 0.628686 -0.436067 0.775653 0.402586 0.397846 -0.039516 
0.384656 0.803037 0.866189 1.001 0.490401 0.3215 0.835607 0.0524714 0.363453 0.179949 0.556416 -0.132967 
0.445238 0.755238 1.73125 1.60063 1.46172 0.0812518 1.29413 1.63033 0.866525 0.179944 0.416015 0.0160902 
0.314351 0.999208 2.22536 1.48603 1.64866 0.673982 0.728217 1.90486 0.830408 0.668284 -0.133686 0.207642 
0.50071 0.808279 1.69709 1.06967 1.56197 0.694649 1.36467 0.668831 -0.28913 0.412867 -0.211799 0.0475618 
0.892521 1.15662 2.03746 1.03496 0.726227 0.524732 0.35023 -0.447567 0.410288 0.419501 -0.292777 0.01821 
0.991926 1.44405 1.74966 0.503182 0.441251 0.726142 1.09605 -0.548384 0.491835 0.18338 0.371291 0.0112784 
1.53619 2.47364 2.08784 0.842173 0.713284 0.0350204 0.0749068 -1.81493 -0.568682 -0.991646 -0.258389 -0.213647 
2.41172 1.99403 0.403047 0.907927 0.834408 -0.124676 -0.607725 -2.28843 -0.805632 -1.52929 -0.409268 -0.152592 
2.32612 2.1356 0.430922 2.03533 0.0696269 -0.395812 0.403866 -2.64607 -1.21985 -1.86492 -0.183579 -0.344648 
2.33021 1.98524 -0.364569 1.56206 1.53456 -0.110642 -0.505696 -2.29902 -0.640631 -1.33357 -0.141412 -0.194751 
2.44418 1.8581 -1.02237 1.88111 0.852824 -0.189377 -1.16349 -2.83102 -0.7657 -1.48282 -0.00485108 -0.256122 
2.43492 2.0567 -0.586362 1.63435 -0.0452736 -0.597891 -0.56233 -2.73192 -1.00819 -1.59579 -0.0732663 -0.331671 
2.55211 1.77109 -1.36672 0.729388 0.247889 -0.139075 -0.9799 -2.70869 -0.666902 -1.27562 0.0871196 -0.0966211 
2.49874 1.7319 -0.807623 0.63337 0.185441 -0.380712 -1.37338 -2.35682 -0.676623 -0.966447 -0.110134 -0.122283 
2.60697 0.920675 -1.2267 0.31121 -0.131206 -0.499164 -1.00136 -2.88709 -0.355915 -0.639489 0.0380877 -0.0597835 
2.38558 1.25998 -0.352248 0.423885 -1.27272 -0.638724 -1.27855 -2.84587 -0.647285 -1.04111 -0.150965 -0.0214703 
2.53583 1.03576 -1.1752 1.14658 -0.0585722 -0.131866 -1.62934 -2.98195 -0.436635 -0.907302 -0.265464 -0.262972 
2.52521 1.20938 -0.879428 0.688905 -0.365826 -0.876927 -2.08549 -2.15213 -0.262607 -0.619929 -0.37839 -0.283988 
2.62481 1.08727 -0.733035 0.0114616 -0.696955 -1.07471 -1.48291 -2.01535 0.596637 0.250517 -0.0894188 -0.360752 
2.38438 1.0358 -0.391535 0.163252 -1.12558 -0.93092 -1.38869 -1.95805 0.789166 0.313699 -0.0819978 -0.36022 
2.72735 0.980426 -2.16669 -0.779098 0.380677 -0.285675 -0.733985 -1.29276 0.961849 0.193481 -0.215287 -0.57919 
2.60573 1.16351 -2.00211 -0.768513 0.373502 -0.40234 -0.764577 -1.34331 1.21203 0.0894621 -0.209592 -0.627271 
2.71327 0.572514 -2.18832 -0.526954 1.45581 -0.480161 0.176091 -1.04554 0.672624 -0.124627 -0.622852 -0.635244 
2.57873 0.185759 -2.1927 0.615031 0.243801 0.0521652 1.90567 -1.28959 1.55174 -0.0874329 -0.264922 -1.00299 
2.48538 0.53113 -1.9159 -0.102707 1.14639 0.502876 1.55436 -1.62602 0.618102 -0.658076 -0.30873 -0.442507 
2.54027 0.441327 -1.93565 -0.475886 2.02259 0.771025 1.54156 -1.60123 0.634347 -0.315503 -0.305574 -0.320077 
2.54024 0.254841 -1.92842 -0.150988 2.70839 0.73321 1.31753 -1.1082 0.643514 0.144787 -0.167451 -0.268392 
2.24551 -0.299361 -2.08948 0.343889 3.16798 0.413185 1.86986 -1.14631 0.732276 -0.159787 -0.270477 -0.175392 
2.27269 0.188463 -1.44991 0.55318 3.28402 0.299089 1.32487 -1.03819 0.333059 -0.0366291 -0.251388 -0.120562 
2.35253 0.235271 -2.72642 0.00287193 4.14282 0.972664 0.965333 -0.614287 0.498701 0.416534 -0.24501 -0.237707 
2.2416 0.307486 -1.97345 0.67578 3.62158 0.529988 0.193342 -1.33709 0.805104 0.475427 0.161849 -0.148195 
2.25871 0.214588 -2.52591 0.845665 4.63868 0.287165 -0.13828 -1.25733 0.499647 0.676389 -0.118431 -0.144633 
2.25118 0.271501 -1.92898 0.550057 4.00896 0.228468 0.0542059 -1.00917 0.56839 0.572475 -0.0878856 -0.157642 
2.23445 0.0640919 -2.89756 1.13216 5.28758 0.798954 0.563935 -0.89851 0.67686 0.601681 -0.326717 -0.18247 
2.28373 0.422169 -2.38583 0.59996 4.43994 0.529067 0.472749 -0.478934 0.079566 0.526344 -0.403177 -0.160389 
2.29001 0.226044 -2.7484 0.938566 5.38457 0.944374 -0.215602 -0.681306 0.159786 1.07818 -0.209014 -0.124679 
2.25814 -0.208786 -1.95795 0.825987 4.61195 1.19798 0.0959695 -0.679394 0.371748 0.702729 0.0548688 -0.127956 
2.17722 -0.715088 -2.32145 1.24454 5.57468 1.74915 0.0847362 -1.02096 0.490406 0.813568 0.0535071 -0.158273 
2.06801 -0.373501 -2.26931 0.983428 4.55676 1.75606 0.146783 -0.971695 1.20951 0.721981 0.20245 -0.218911 
2.12048 0.053831 -2.68884 0.593605 4.65784 1.64199 0.709285 -0.941857 0.684246 0.435903 0.116262 -0.0787135 
2.09128 0.0889942 -2.16745 0.610905 4.49799 1.70753 0.893871 -1.3082 1.00023 0.371398 0.28165 -0.0456855 
2.09434 -0.104915 -2.41529 0.387353 4.83368 1.99523 1.55961 -0.413631 0.818957 0.147322 -0.151725 -0.0109704 
2.09225 -0.242204 -2.26173 0.802304 4.67702 1.56719 1.8944 -0.326359 0.869008 -0.236028 -0.341319 0.0873693 
2.06991 0.242182 -2.25696 0.54784 3.78866 1.36952 2.57641 -0.485039 1.34276 -0.257531 -0.174103 -0.138045 
2.10252 0.0993801 -2.61685 1.22472 3.7648 0.990936 2.51302 -0.107556 1.59117 -0.480046 -0.207147 -0.165019 
2.01222 0.0657198 -2.33214 0.0778678 3.37037 2.29507 2.80771 -0.307756 1.84439 -0.430421 -0.20443 -0.265939 
2.03186 0.234976 -1.8651 0.101893 3.00143 1.82562 1.96677 -0.326701 2.17888 -0.184088 -0.102178 -0.259864 
1.96558 0.302713 -1.79019 0.609751 3.04826 0.981798 2.09776 0.137366 1.67511 -0.702863 -0.449168 -0.14331 
2.02076 0.253275 -1.66765 0.219003 3.72146 1.46513 1.32266 -0.573782 1.84851 0.177735 0.0145905 -0.149211 
1.97515 0.347517 -1.4338 0.243338 3.43568 1.94642 1.57303 -0.62854 1.77028 -0.15851 -0.0679592 -0.135696 
1.99381 0.805131 -1.56858 -0.912922 3.95024 1.73348 1.00615 0.120484 1.66935 0.0399709 -0.0778993 -0.309078 
1.85984 0.628874 -1.32573 -0.29306 3.87551 1.92325 1.63727 -0.547707 1.49886 -0.176662 0.0436195 -0.0802793 
1.86225 0.671903 -1.19631 -0.357737 4.10062 1.93176 1.30587 -0.763575 1.33044 0.167266 0.189097 -0.0734543 
1.70203 0.431039 -0.970073 -0.533824 4.16813 1.92902 1.17874 -0.117624 0.936789 0.0125315 -0.0106605 -0.119496 
1.73926 0.815224 -1.17506 0.328724 3.61366 2.41414 1.46162 0.340909 1.59591 -0.299131 0.0242513 -0.0952592 
1.71513 0.730769 -0.59837 0.37873 3.75122 1.80718 1.46338 -0.0722417 1.65311 -0.32658 0.0783954 0.0842105 
1.5793 0.796582 0.00206981 -0.18769 4.26903 1.93109 1.19644 0.481985 1.17671 -0.538105 -0.0282199 0.0812638 
1.58454 0.947803 0.422509 0.457935 4.68449 1.86377 1.02922 -0.312065 1.028 -0.406993 -0.185516 0.025028 
1.49233 0.977416 -0.109206 -0.363998 4.22864 1.51605 0.527652 0.504705 0.912483 -0.461624 -0.0694069 -0.252726 
1.45348 1.58572 -0.00131874 -0.576375 5.03146 1.74256 0.529138 0.639995 1.21209 -0.328632 0.278049 -0.411098 
1.19589 1.32502 1.02915 -0.88616 4.88776 2.43687 0.330416 0.876448 1.08935 -0.410697 0.196678 -0.192727 
1.12746 1.15629 0.891741 -0.661019 5.13839 1.83199 0.656446 1.06716 0.853032 -0.390867 0.107644 -0.131164 
1.23818 1.10881 0.454418 -0.0527826 4.65537 1.48901 0.857829 0.988874 0.976261 0.276692 0.437976 -0.047968 
1.34005 0.919963 0.475386 0.476445 3.55952 1.85498 0.423569 0.901282 0.570879 -0.14762 0.281861 -0.060721 
1.37301 1.02641 1.04314 0.39032 3.77214 2.60366 0.962478 1.26673 1.05611 0.00305864 -0.106675 -0.0166037 
1.31857 0.920795 0.75382 0.655808 3.46625 2.52793 1.17843 1.17887 0.938574 0.00773011 -0.124199 0.0465315 
1.35361 0.943519 0.768559 0.820314 3.66422 2.23028 0.853159 1.55209 1.3983 -0.0450088 -0.0764912 -0.00194176 
1.36247 0.646525 0.664532 0.710667 3.61355 2.46462 1.10521 1.04083 1.47225 0.360576 0.0363134 0.0476971 
1.22153 0.479827 0.637351 0.855467 3.61915 2.39334 2.09281 1.00708 1.76739 0.284188 -0.33069 0.178714 
1.26625 0.660288 1.18251 1.23375 3.33256 2.14491 2.71084 1.67001 1.24888 0.251461 -0.361692 0.294526 
1.35129 1.14469 0.979182 1.07962 2.96941 2.15342 2.5235 1.80782 0.550077 0.201483 0.15465 0.279859 
1.22338 1.00865 0.680212 1.1978 3.27812 2.91188 2.31205 1.35034 1.41923 0.32148 -0.0463674 0.258003 
1.12004 1.29437 0.971777 1.05705 2.75494 2.859 2.3038 1.52788 1.51354 0.0903387 -0.041714 0.250367 
1.10853 0.866345 1.50013 0.870609 2.96306 2.33644 2.00794 1.64525 1.32289 0.725559 0.0602305 0.232465 
1.02475 0.856554 0.645414 0.823349 2.76911 1.46544 2.79405 2.2469 1.9101 0.399516 -0.0412129 0.123052 
1.03639 1.03689 0.877125 0.724692 3.11547 1.6847 2.25946 1.28849 1.8181 0.200574 0.16009 0.196634 
1.10872 0.885477 0.741157 0.264305 2.97281 2.333 2.03386 0.951199 1.57029 -0.031947 -0.0946061 0.16865 
1.0762 0.780287 0.717472 1.23263 2.82257 1.47505 2.18831 0.458708 0.99952 0.616921 -0.277697 0.0924822 
0.993766 0.758583 1.43716 1.03249 2.86384 1.42306 1.21143 1.12229 0.889809 0.452029 0.430177 0.0909874 
1.09252 0.696089 1.26198 0.568314 2.62438 1.73743 1.72935 1.7565 1.38898 0.14919 0.105209 0.141744 
1.00275 1.01595 1.01763 0.558739 2.83964 2.33553 1.78081 1.00713 0.891704 0.366437 0.255114 0.161887 
0.96601 0.945888 1.28086 0.338111 3.07406 1.70836 2.23563 1.1047 0.708889 0.638579 0.371074 0.203295 
1.02608 1.22391 1.82005 0.0376394 2.30546 0.888787 2.034 0.789189 0.346757 0.281582 0.12142 0.132035 
0.927437 1.08372 2.0348 0.459191 1.88164 0.736171 2.13669 0.375252 0.56886 0.492103 0.188956 0.1074 
1.12397 1.00398 1.99326 0.667563 2.13673 0.753805 2.02347 1.34705 1.13496 0.425768 -0.194497 0.146636 
1.08059 1.08104 1.38734 0.153165 2.88211 0.914763 1.36428 1.27754 0.926289 -0.196304 -0.00953603 0.0833298 
0.727224 0.693838 1.51171 0.108589 2.49051 0.796248 0.727208 0.475342 0.71247 0.0991264 0.0151938 0.0272178 
0.82987 0.630877 1.55197 -0.152886 2.29896 0.923776 1.7877 0.618963 1.21022 1.03292 -0.0658819 0.0320805 
0.784569 1.02249 2.00381 0.608717 1.36075 0.88486 2.2264 2.1689 1.07566 0.551808 0.304729 0.0235537 
0.779141 1.04334 1.83003 0.788842 1.43018 0.954419 1.12346 1.43989 0.513344 0.630538 0.0118888 0.048256 
0.832825 0.96579 1.77598 1.13747 1.9749 1.61109 -0.0338269 1.2077 1.18107 0.574371 0.137403 0.056864 
0.819248 1.05833 1.71825 1.17604 1.79345 1.42072 1.60149 1.32398 1.86297 0.370907 0.353425 0.185935 
0.642849 1.12974 1.6985 2.14764 1.62601 1.04014 1.58196 0.790531 1.54743 0.40072 0.644506 0.0783337 
0.740621 1.21603 2.36124 1.52276 2.11543 0.733342 1.52986 0.46547 1.11248 0.442939 0.863215 0.0918074 
