0.126619 -0.760312 1.70428 -1.3377 -0.412466 0.835349 0.952054 -0.586444 1.15656 0.0877153 0.633953 0.162764 
0.123843 -0.731117 1.06091 -0.81032 -0.624964 1.02332 0.222084 -0.975764 0.223592 -0.623885 1.04644 0.0335175 
0.383894 -0.199803 1.22965 -0.246423 -0.0466366 1.00846 0.540399 0.199783 0.232197 -0.867277 0.559525 -0.579766 
0.405757 -0.286482 1.82801 -0.704487 0.687116 0.709718 1.36725 0.201389 0.272944 -0.133043 -0.186248 -0.76658 
0.302265 -0.541573 1.19304 -0.399066 0.27156 0.01377 1.70799 0.278973 1.12925 -0.917983 0.0113211 -0.5595 
0.340427 -0.389592 0.513038 -0.946451 -0.0478851 0.943766 1.84102 0.329546 0.0287897 -0.362714 0.564092 -0.400728 
0.567182 0.0727489 0.327197 -1.90783 -0.694905 1.31955 2.84611 -0.512366 0.125603 0.144319 0.500419 -0.7323 
0.439249 -0.577956 0.801927 -1.27301 -0.282109 0.276006 2.12871 0.0589698 0.311022 -0.364296 0.338758 -0.677065 
0.432324 -1.3021 0.477517 0.270489 0.891138 -0.599586 1.34603 0.291349 0.630428 -0.162566 -0.0435503 -0.0769883 
0.56312 -1.93799 -0.346724 -0.306576 0.870414 -0.370185 1.10014 -0.213769 1.12429 1.16887 0.22971 -0.407869 
0.588423 -1.57347 -0.231237 -0.332421 0.863 0.0983325 0.571542 0.276549 1.05242 0.872035 0.467108 -0.489458 
0.439122 -1.50804 -0.224886 -0.0603699 1.32139 0.791738 0.296788 -0.0084626 0.61752 0.928811 0.620486 -0.208508 
0.436988 -1.89997 -0.301706 0.179985 2.45318 1.61544 0.0737186 -0.77399 0.195058 0.233468 0.560185 0.00795029 
0.426762 -1.98959 -0.740489 0.0997195 1.16928 0.636761 0.896401 -0.166086 0.70074 0.420282 0.125107 0.0282934 
0.3598 -1.64171 -0.691298 0.580781 0.328261 -0.197687 1.66191 0.377107 1.60681 0.609973 0.325087 -0.379 
0.459731 -1.49913 -0.606287 0.289556 1.01869 0.544895 1.07952 -0.134309 0.337293 0.172158 0.600101 -0.270743 
0.762616 -1.31544 -0.316146 0.55859 1.20003 0.409763 0.981122 0.0361018 1.41101 -0.0898321 0.253062 0.0511891 
1.08535 -0.571504 0.293509 0.655782 1.70083 0.843958 1.18466 1.09812 2.0278 0.352437 0.126929 -0.166344 
1.73563 0.247901 1.2112 0.940893 2.76133 2.14996 0.731045 0.847933 0.841556 -0.260603 -0.392403 -0.0839766 
2.29497 0.243215 -1.07344 -0.506004 2.83091 1.66436 1.07705 1.26331 1.18896 0.0861304 -0.329508 -0.223252 
2.45258 0.526669 -1.41475 0.0426064 2.68316 1.04358 1.46932 0.95047 0.769693 -0.119714 -0.518415 -0.231937 
2.41014 0.730416 -1.04536 0.173433 3.02157 1.03276 0.756951 1.23378 0.276898 -0.211912 -0.679926 -0.291232 
2.29515 0.731978 -0.994229 0.343836 3.02695 1.08399 0.809354 0.673223 0.510915 -0.329315 -0.618308 -0.243649 
2.27805 0.805636 -1.42819 0.493673 3.49995 0.920417 0.981918 0.466118 0.477454 -0.308273 -0.626323 -0.155512 
2.45658 0.576953 -1.59442 1.10962 4.02901 0.994651 1.50108 0.421121 0.172974 -0.523648 -0.687624 -0.0251018 
2.38815 0.371207 -0.962494 1.29372 4.17013 0.949088 1.87448 -0.0104146 0.188343 -0.530937 -0.68588 -0.00986335 
2.13157 0.509326 -0.857648 0.666136 4.01705 0.925451 1.38129 0.785043 0.0528724 -0.426342 -0.783392 -0.0768673 
2.24817 0.635189 -0.895711 0.718682 3.87537 0.952665 1.56786 0.511325 0.257771 -0.39362 -0.781386 -0.130963 
2.38276 0.321513 -1.02771 1.1023 4.244 1.33604 1.28583 0.519679 0.257492 -0.333095 -0.724114 -0.119586 
2.27223 0.395106 -1.28594 1.10595 4.70234 1.22574 1.12086 0.839704 0.236354 -0.129516 -0.740916 -0.0424661 
2.11679 0.662584 -1.16881 0.340835 4.05432 0.86325 1.85483 1.03516 0.19437 -0.0995765 -0.535286 0.118482 
2.10333 0.713096 -1.10724 0.171273 3.70493 1.50826 1.36524 1.20568 0.0900089 -0.192086 -0.540321 -0.0932687 
2.07484 0.669385 -1.31361 -0.406109 4.13607 1.65423 1.20086 0.949459 0.120033 0.0658776 -0.49597 -0.207952 
1.95046 0.653027 -0.54741 0.577013 4.51948 1.68812 0.898733 0.943293 0.129798 -0.0619999 -0.514297 -0.124149 
2.02567 0.608544 -0.382022 1.05565 4.29448 1.79031 0.90459 1.2949 0.0129551 -0.0112327 -0.486246 -0.105554 
2.17324 0.859641 -0.412844 1.06001 4.54228 2.39904 0.789424 1.73362 -0.401536 0.101821 -0.494783 -0.173122 
2.06973 0.986833 -0.0596021 1.46606 4.96441 2.185 1.08872 1.11725 0.155295 0.0523443 -0.463715 -0.0656632 
2.12116 1.18306 0.134154 1.25027 5.59447 2.35902 1.19493 1.44202 -0.183544 0.310474 -0.356815 -0.0271444 
2.09172 0.795397 0.575378 1.17165 5.24968 2.56552 1.77478 1.52493 0.00867191 0.186324 -0.352935 0.0028841 
2.00036 0.897485 0.0851945 1.30241 4.59141 2.62282 2.0772 0.654234 0.589965 0.245763 -0.245044 0.0289583 
1.88041 1.11354 0.12268 1.41408 5.10931 3.28572 2.31213 0.335605 0.360814 -0.0831255 -0.0556937 0.228449 
1.86529 1.17695 0.436371 1.01625 5.45067 2.20731 1.83069 0.733573 0.18787 -0.381161 -0.302777 0.217588 
1.76997 1.05722 0.79618 1.46575 4.26664 2.35979 1.44883 1.53873 0.429069 -0.329204 -0.451969 -0.0105136 
1.8618 1.34222 0.646061 1.36301 4.34771 1.81789 1.60161 1.55644 0.752946 0.277902 -0.701466 -0.236626 
1.86179 1.40531 0.828747 0.915517 4.78172 2.05429 1.72405 1.57094 0.846231 -0.264117 -0.75866 -0.19711 
1.93073 1.26361 0.782218 1.36385 4.46995 2.13223 1.63443 1.46133 1.16973 0.0179959 -0.845568 -0.306048 
1.95292 1.56656 0.570775 1.10708 4.35863 2.29487 1.40024 1.41003 0.895912 0.123264 -0.560044 -0.303138 
1.87091 1.20964 1.08438 0.94751 4.06518 2.74312 2.19745 1.39938 0.801301 0.201229 -0.589515 -0.162052 
1.72612 1.0772 0.804408 1.68311 4.28932 3.18383 2.25628 0.921372 0.881469 0.060202 -0.403989 0.044075 
1.79333 1.1259 0.838793 1.58866 4.1023 2.80737 1.63339 1.3248 0.957767 0.144603 -0.355723 -0.0626412 
1.88744 1.07356 1.01078 1.45088 3.89444 2.35867 2.59579 1.10896 1.17254 0.48026 -0.489338 -0.0733602 
1.68636 1.21701 1.26147 1.60623 3.89549 1.9834 1.67045 2.06024 1.38339 0.326526 -0.724847 -0.1591 
1.58332 0.982367 1.514 1.67184 3.37096 2.55588 2.07183 1.64817 1.42369 0.539732 -1.06081 -0.196496 
1.60471 1.27848 1.24857 0.712043 2.92113 2.03813 1.98927 2.02027 0.821178 -0.08632 -0.508719 -0.0995788 
1.59002 1.13451 1.26818 0.520849 2.80938 1.72887 1.95776 1.94576 0.669952 -0.124351 -0.574486 -0.120907 
1.48938 1.3672 1.16107 0.234013 1.76554 1.73622 1.9945 1.4327 1.13904 -0.510557 -0.682619 -0.220035 
1.45996 1.34618 1.22832 1.34912 3.1646 2.16327 1.94803 1.1725 1.00461 -0.293446 -0.35404 0.0492101 
1.53361 1.3621 1.14759 0.923479 3.75444 2.34405 2.32709 0.973005 0.839793 -0.396497 0.0762588 0.28526 
1.49163 1.19123 1.39287 0.96923 2.56853 2.69723 2.07127 2.02967 1.36669 0.168681 0.0233286 0.177468 
1.48369 1.27146 1.66716 1.08927 3.2099 2.06995 1.36003 1.83722 2.38599 0.0953687 -0.0139732 0.15832 
1.46532 1.45414 1.64639 1.37412 2.41462 1.36427 2.30241 1.57479 2.01252 0.371976 -0.200395 0.117639 
1.40424 1.598 1.21219 1.02561 3.18599 1.71561 1.98845 1.78428 1.33091 0.397612 -0.613231 -0.0337526 
1.30076 1.46466 1.58897 0.420361 2.4515 1.84164 2.21962 1.67798 0.50366 -0.303469 -0.44708 -0.019473 
1.19168 1.18094 1.7273 0.8884 2.25942 1.6996 2.08493 1.2019 1.21292 -0.264221 -0.308118 0.114362 
1.08891 0.951745 1.69635 1.24696 2.86522 2.0685 1.3808 1.04061 1.4068 0.331625 -0.18189 0.208793 
1.2715 1.16775 2.01064 1.88597 2.67184 1.52296 1.97525 2.22488 1.59556 0.194795 -0.325947 0.227548 
1.51267 1.25864 1.89607 2.07854 3.13423 1.17776 2.33561 1.20198 1.98765 0.100845 -0.034848 0.29708 
1.39979 1.43965 2.04776 1.50356 3.15086 2.31767 2.47003 0.873677 1.64189 0.109323 0.28831 0.367617 
1.22064 1.21949 1.98744 1.31828 2.75918 1.86131 2.13716 1.63189 1.51703 0.982426 -0.0272983 0.253373 
1.21812 1.09617 2.48958 1.48857 3.08516 1.85112 1.91106 1.7132 0.939835 0.753862 0.264149 0.262451 
1.41075 1.25818 2.47566 1.81797 2.16357 2.32533 1.86218 0.823788 0.766238 0.147584 0.638829 0.302627 
1.39681 1.38939 2.27838 1.61434 1.6713 1.80097 1.62836 0.270569 0.761309 0.96353 0.639964 0.249114 
1.22536 1.55638 2.10422 1.54647 2.04582 0.819078 1.73474 1.25492 1.57174 0.742742 0.45614 0.277734 
1.21634 1.35987 1.65379 1.08476 2.56976 0.513468 2.52344 1.19472 1.03859 0.356603 0.344073 0.29184 
1.17895 1.30052 1.72734 0.172566 1.70847 0.995445 2.45632 0.788123 0.794311 -0.0899249 0.22283 0.0829632 
1.06414 1.48438 1.77895 0.175752 1.83325 1.07571 2.31606 1.03966 0.763536 -0.160942 0.456791 0.0456752 
0.974747 1.11425 0.960492 0.470931 2.64033 2.35624 3.03435 0.464069 0.279453 -0.38548 0.502761 0.354467 
1.25494 0.37556 -0.62094 0.259075 2.88232 2.20193 4.68453 1.15234 -0.145619 -0.540201 0.682522 0.578918 
1.26563 0.365554 0.268785 -0.286756 2.79251 2.49454 4.12374 1.43479 -0.545905 -0.00496436 0.680463 0.504196 
1.15989 0.943273 1.74237 1.30062 2.29608 0.979659 2.75758 0.416203 0.316348 0.54453 0.246123 0.233723 
1.16108 1.06521 1.19567 0.975053 1.92223 1.23443 2.13776 0.610819 1.00617 1.09611 -0.011183 0.0873329 
1.1631 0.965145 1.03779 0.552433 2.31838 1.56467 2.3619 1.05059 0.875336 0.818952 0.50018 0.17975 
1.19364 0.790404 1.15109 0.847043 2.67983 1.65894 2.09904 1.06098 1.31091 -0.26943 0.511722 0.292077 
1.08173 0.777603 1.19475 0.649964 2.52795 1.51141 2.40625 0.872993 0.777746 0.522765 -0.0702126 0.146153 
1.06433 0.70223 1.8683 0.24426 2.44789 1.47427 2.24895 1.52952 0.871965 1.18803 0.179985 0.121014 
1.18431 0.675837 2.094 0.246993 2.66728 1.88379 2.07977 1.20525 0.330009 0.702599 0.540282 0.235594 
0.995394 0.787242 1.83603 1.26742 1.97205 1.64317 1.62221 1.22505 0.76368 0.225063 0.69785 0.201467 
0.988508 1.29025 1.39782 1.58081 1.82917 2.17147 2.31686 0.684926 0.806981 0.482849 0.604141 0.207118 
1.02663 1.41021 1.96596 0.931243 1.5975 1.85999 2.48626 0.527429 0.707943 0.214176 0.364695 0.181733 
1.03333 1.12648 0.880319 0.512867 2.29786 1.46231 1.69125 0.686505 0.619727 -0.578412 0.383208 0.16747 
0.956713 0.962427 1.26219 0.425771 2.22548 1.31341 1.6526 1.17586 0.773269 0.361967 0.233526 0.0564782 
0.997616 0.897684 1.55773 1.20608 1.98174 0.763554 1.30462 0.905365 0.454154 0.763866 0.659336 0.0765023 
1.05867 1.3583 1.85082 1.28014 1.47886 0.902961 0.855609 1.57517 0.105701 0.26464 0.878647 0.106417 
0.915714 1.08895 1.9202 0.93891 1.11232 0.649604 1.10414 0.986169 0.214199 0.946693 0.117823 0.0639245 
0.953239 0.87875 1.60265 0.674932 1.44077 0.923013 1.68774 0.73774 0.267426 0.47821 0.0277105 0.108254 
0.955768 1.07929 1.65054 0.734775 1.44749 1.31327 1.98501 1.49201 0.944008 0.609059 0.30672 0.08778 
0.826727 1.15384 1.7239 1.54363 1.58666 1.43482 2.27218 1.52161 0.987351 0.301632 0.692304 0.139057 
0.906371 1.28216 2.19274 1.17769 1.56434 1.48685 2.71863 0.728879 0.500751 -0.242296 0.606274 0.143632 
0.922384 1.17076 2.78795 0.14641 1.6311 0.590305 1.77628 1.0683 0.463148 0.329642 0.439485 0.140124 
0.893153 1.32179 2.27335 0.389848 1.18835 0.120779 1.55761 1.04684 0.709717 0.864224 0.735656 0.123128 
0.898034 1.24856 2.109 0.894195 0.966375 0.891624 1.25223 0.909314 0.280132 0.580758 0.32001 -0.000435729 
0.954707 1.20475 1.79014 0.814698 1.08039 0.823475 1.3437 1.66595 0.831367 1.19946 0.379143 0.0835359 
0.916558 1.20138 1.68608 1.09035 1.49367 0.869415 1.66466 1.33839 0.921983 0.784989 0.953938 0.0981409 
