0.481552 0.951437 1.46498 1.02912 1.98546 1.18546 0.604881 0.647155 0.200161 -0.0364678 0.130815 0.204813 
0.555985 0.832726 1.13699 1.03555 0.826459 1.2115 0.761749 1.19953 0.760446 0.277129 0.348919 0.0855694 
0.546087 0.903818 1.06246 1.44265 1.68983 1.13366 1.38248 1.10462 1.13718 1.01114 -0.056224 0.108896 
0.54229 0.810502 1.10485 1.94074 2.54669 1.10805 1.02104 0.228014 0.783509 0.72297 0.0265394 0.0945422 
0.589298 0.943183 0.883394 1.42793 1.65689 0.335852 1.39834 0.626086 1.24101 0.418095 0.0991322 -0.0552049 
0.575167 0.56806 0.819614 1.50199 0.170571 1.38981 1.583 0.0285956 1.33334 -0.189331 0.360381 -0.0501048 
0.525298 1.13598 1.04584 1.44504 0.151835 1.56543 0.760096 0.237079 1.09058 0.209185 0.448367 0.0242821 
0.46534 1.21637 1.00692 1.15743 0.35414 1.12061 0.101294 -0.317763 1.69956 0.481685 0.219838 0.153751 
0.516681 0.870535 1.3495 1.2586 0.714137 1.37439 0.600451 0.91194 1.67682 0.330019 0.0496194 0.130455 
0.380549 0.961216 1.41428 1.57328 0.390053 0.882153 0.503031 0.0956321 0.363662 -0.289955 0.284599 0.00268692 
0.397382 1.00694 1.25429 1.30246 0.0764099 0.535509 -0.297547 0.708928 0.212026 -0.435926 0.375564 -0.0115037 
0.35399 0.755595 2.10086 0.69644 0.388158 1.60754 -0.0257967 -0.189438 0.511019 0.781787 0.109797 -0.0687132 
0.309541 0.205716 2.36095 0.734378 0.0695696 2.7034 0.79378 -1.00258 1.50174 1.13196 0.203463 -0.203099 
0.073473 0.0408388 3.40448 0.154035 0.775456 1.83653 2.03687 -0.479989 0.941588 0.862062 -0.165616 0.102621 
0.128165 -0.424411 2.95778 -0.73453 0.854743 1.34184 0.509491 -1.54902 0.911545 0.235439 -0.502449 0.297664 
0.0592834 0.016805 3.38957 -1.17937 0.730328 1.7929 0.420785 -0.675313 1.55758 0.468769 -0.426402 0.30673 
-0.243399 -0.0568554 3.96549 0.134836 1.21339 1.51123 0.582311 -1.46485 1.3467 0.701147 -0.489549 0.192219 
-0.412628 -0.644831 4.07093 1.26788 1.6168 1.24557 0.77898 -2.3918 1.68482 1.34263 -0.808269 0.180592 
-0.662087 -0.699871 4.28406 0.93731 1.68561 1.00217 0.825086 -1.3167 1.88464 0.958435 -0.599007 0.340762 
-0.753735 -0.748616 4.78892 0.70568 1.22723 1.24584 1.7127 -0.667393 0.710147 1.28863 -0.443897 0.160041 
-0.990437 -1.29118 4.83313 0.472359 0.0702247 0.680034 1.40395 -1.24901 1.15933 0.589199 -0.53387 0.2416 
-1.14128 -1.30316 4.78882 0.763447 -0.942558 1.26929 1.17039 -1.43652 1.48482 0.952129 -0.727512 0.365196 
-1.14617 -1.00475 5.23751 0.342162 -0.678943 2.15565 1.09115 -1.20909 1.83668 0.489095 -0.510726 0.474803 
-1.25922 -1.0019 4.86126 0.243224 -0.481851 1.69735 0.949773 -1.12513 1.78445 0.545568 -0.573489 0.525477 
-1.29126 -0.902428 4.72721 0.0565643 -0.771231 1.49027 0.7101 -1.1175 2.05897 0.607109 -0.557684 0.622364 
-1.38976 -0.548253 4.58557 -0.242536 -0.586679 2.54008 1.27375 -1.85328 2.04696 0.706115 -0.700749 0.563871 
-1.34548 -0.383718 4.5565 -0.132086 -0.711113 1.90316 0.719547 -0.605754 1.26055 0.703174 -0.375639 0.35279 
-1.16085 -0.461922 3.59211 -0.0849528 -0.639144 1.27616 0.021758 0.833191 1.53115 0.333747 0.114491 0.253645 
-1.0886 -0.550745 4.09762 -0.834064 -0.346567 0.9909 0.384396 0.421885 1.40051 0.461074 0.0490281 0.224864 
-1.22236 -0.861847 4.01333 -0.668524 -0.891897 0.598613 0.803227 0.117041 1.78641 0.433764 -0.0428039 0.25618 
-1.17283 -0.920439 3.87317 -0.801597 -0.745757 -0.165452 0.755437 0.6966 2.20446 0.279838 -0.0822593 0.45087 
-1.09965 -1.06591 4.21485 -0.285095 -0.808285 0.466408 0.635368 0.235448 1.59324 0.705733 -0.317213 0.495678 
-0.98926 -1.00783 3.62575 -1.14747 -1.27742 1.0499 1.11338 0.403033 1.255 1.52538 -0.442472 0.258462 
-0.851733 -1.33193 2.99536 -1.2247 -1.26127 0.488188 0.948172 1.30874 1.87337 1.33009 -0.231282 0.141051 
-0.727198 -0.9325 2.93965 -0.770264 -2.49435 0.698572 1.22629 1.42864 2.3825 0.758303 -0.00113502 0.0585407 
-0.144565 -0.570134 2.72569 -0.768997 -2.41849 1.16648 1.31226 -0.00275446 2.8189 0.6402 -0.263923 -0.230461 
0.0743859 -0.244869 2.90784 -1.04684 -1.68598 0.657063 0.554519 -0.117314 2.32602 0.390676 -0.601148 -0.406866 
0.810899 -0.172241 3.34226 -0.159718 -0.567151 1.33103 1.08364 0.891484 1.33706 0.452651 -0.784699 -0.266927 
1.72652 -0.295496 0.829414 -0.721303 1.19463 2.00731 0.77836 -0.283473 1.78471 0.934207 -0.449832 -0.457172 
1.83754 -0.3567 0.123923 -0.389633 1.34297 2.05196 0.151921 0.0113171 2.60553 0.412691 -0.519932 -0.431571 
1.96671 -0.316604 0.701213 -0.89851 1.53663 2.03665 0.636567 -0.296683 1.67882 0.903603 -0.624061 -0.546938 
2.11989 -0.667223 -0.372168 -0.713653 1.69762 2.33139 0.658778 -0.53476 1.94318 0.704307 -0.589662 -0.520615 
2.19706 -0.73774 -0.946998 -1.02035 2.56529 2.45432 0.300848 -0.261791 2.06598 0.596507 -0.487391 -0.525948 
2.27275 -0.467493 -1.00648 -1.13148 2.15159 2.91826 0.778241 -0.525357 1.89458 0.587888 -0.42312 -0.488321 
2.14153 -0.589639 -0.803545 -0.860555 2.21197 2.73506 1.43697 -0.597792 1.4874 0.454759 -0.559534 -0.442045 
2.06494 -0.822611 -0.925529 -0.46427 1.90688 2.66392 1.24983 -0.395675 1.94468 0.256508 -0.801076 -0.503308 
1.95905 -1.03093 -0.829654 -0.428659 1.99092 3.56278 1.83561 -0.837128 2.21817 0.256197 -0.89201 -0.278808 
1.97778 -0.618906 -0.205025 -1.11209 1.96854 3.55236 1.71265 -0.523285 1.61524 0.324055 -0.707623 -0.292146 
1.84332 -0.800951 0.207068 -1.16873 2.02285 3.42057 1.05612 0.397414 1.32268 0.0736204 -0.439738 -0.397955 
1.73964 -0.579067 0.805482 -1.39286 1.52577 3.39511 1.0955 0.178041 1.45462 0.410539 -0.179276 -0.156211 
1.67803 -0.476762 0.863949 -0.878973 1.30532 3.56937 1.82837 0.163184 2.33258 1.26286 -0.169221 -0.0644065 
1.74299 -0.474695 0.853024 -0.770466 1.3787 3.80608 2.14857 0.238711 2.04189 1.15068 -0.330369 -0.108268 
1.58811 -0.38323 0.704985 -0.58401 1.52749 3.27003 2.39738 0.67679 1.84761 0.779232 -0.332072 -0.112126 
1.58922 -0.0401686 0.907493 -0.812965 1.44239 3.39616 2.91101 0.23719 1.56889 0.860364 -0.345742 0.0324395 
1.71512 0.140898 0.936613 -1.52372 1.22445 4.22429 2.64476 0.151064 1.40905 0.491723 -0.535594 0.0784798 
1.89218 -0.109323 0.148655 -1.07691 1.46633 3.38973 2.15244 -0.205521 1.97685 0.117218 -0.532383 0.040091 
1.89277 -0.104323 0.453494 -0.757791 1.60725 2.97117 1.83171 -0.325195 1.75683 0.3366 -0.544848 -0.053643 
1.83768 -0.197329 0.821548 -0.266442 1.15906 3.58169 2.18302 -0.396145 1.17502 -0.052847 -0.527334 0.181571 
1.65154 -0.168403 0.556859 -0.537847 1.44712 3.69586 2.27723 -0.248886 1.37052 -0.00836386 -0.478446 0.10021 
1.69234 0.543221 0.382525 -0.949101 1.91422 3.25026 1.84549 -0.0278711 1.56286 -0.019773 -0.458998 -0.0872409 
1.83405 0.248923 0.528831 -0.79082 1.62606 2.64897 1.41205 0.752211 0.795986 0.406977 -0.298582 -0.360982 
1.83541 0.0697221 0.44447 -0.767424 2.16468 2.26569 1.5891 0.348333 0.380915 -0.103269 -0.406528 -0.180587 
1.72185 0.197253 0.715227 -1.2767 1.46807 3.01027 2.13204 -0.466644 0.994911 0.289857 -0.497044 -0.0424208 
1.6503 0.0696446 0.500892 -1.23431 1.37986 2.95932 2.03573 -0.166051 0.793289 0.162964 -0.221255 -0.055126 
1.74806 0.0614125 0.947722 -1.02279 1.6566 2.48865 1.27469 -0.476666 0.541051 0.421161 -0.12542 -0.0633279 
1.87507 0.579334 0.92236 -1.2264 -0.105141 1.31737 -0.0459099 -1.19967 1.74637 0.873183 0.147854 0.108117 
1.13238 0.429757 2.38956 -1.83869 -0.469863 1.79932 0.386173 -0.734915 1.78527 0.97748 0.0139555 0.0802443 
0.378244 0.0579277 2.90019 -1.83776 -0.404838 3.49236 1.56251 -0.824478 2.4523 0.0516316 -0.550198 0.0545667 
0.195466 0.0287711 3.2766 -1.86404 -0.667432 2.54439 1.17125 -1.08025 2.3999 0.0543631 -0.539285 0.0232795 
0.0141462 0.129096 3.44234 -1.53596 -1.04884 3.08837 2.04971 -0.164666 2.28359 0.0586603 -0.462468 -0.0396509 
-0.0982473 0.247222 3.71433 -1.74288 -0.444151 2.76429 2.27479 0.533766 1.89573 0.113614 -0.297145 -0.0532831 
0.019872 -0.108619 3.41905 -1.92026 -0.0570314 2.54858 2.04868 -0.318409 2.08469 0.364996 -0.177456 0.0613869 
0.0108829 0.0961833 3.48811 -1.72909 -0.0434857 3.12359 1.73059 -0.640232 1.74191 -0.0110344 -0.264923 -0.0276777 
-0.124036 0.127443 3.7324 -0.991453 -0.0919887 2.79701 1.58185 -0.767331 1.77915 -0.143516 -0.625229 -0.0219169 
-0.331183 0.145489 3.68848 -0.728691 -0.340067 2.98953 2.33764 -0.354901 1.53882 -0.0475931 -0.845767 0.0744507 
-0.122916 0.206287 4.34701 -1.29189 -1.00445 3.06077 2.15148 -0.74381 2.00131 0.268117 -0.811313 0.165221 
-0.203169 0.163947 3.55586 -1.49443 -1.11897 2.8817 1.6393 -0.119335 1.66191 0.250713 -0.647375 -0.140395 
-0.307526 -0.0939169 3.27379 -1.46121 -0.791904 2.25415 1.65652 -0.499891 1.70351 0.476918 -0.438463 -0.0704188 
-0.518385 0.100159 3.35159 -1.24289 -1.45443 2.64533 2.49808 -1.20846 1.8198 0.42519 -0.396028 0.030087 
-0.497185 -0.0082771 4.21013 -1.11986 -1.11876 2.0485 2.80629 -0.73645 1.16068 0.537882 -0.55035 -0.20983 
-0.422246 -0.111076 4.65817 -1.11494 -0.414629 2.3103 2.84511 -0.142991 0.776778 0.754052 -0.258546 -0.128871 
-0.371786 0.105886 4.76453 -1.21727 -0.388845 2.36492 2.44967 -0.0911161 0.664423 0.84221 -0.389496 0.106979 
-0.513054 0.0228067 4.53168 -1.03722 -0.488498 2.63318 1.88625 -0.536868 1.23482 0.317408 -0.286692 0.205334 
-0.519536 0.0593779 4.14872 -1.57021 -0.666831 2.42145 1.62059 -0.515139 2.06025 -0.440948 -0.150488 0.319652 
-0.387005 -0.0847947 4.96717 -1.73244 -0.0307919 2.52476 2.10827 -0.0151744 2.61337 -0.255963 -0.475418 0.501498 
-0.339808 -0.227216 4.9058 -0.877824 0.416022 3.04747 1.42535 -0.212427 2.2418 -0.0832715 -0.193889 0.569617 
-0.413852 -0.0980287 4.7782 -1.30774 -0.379275 2.25987 1.84134 -0.22333 2.23718 0.333017 -0.267201 0.427817 
-0.37177 -0.292307 3.84716 -0.764369 -1.52755 1.85253 1.78634 -0.444002 2.51124 0.523437 -0.069984 0.100649 
-0.439673 -0.11036 3.39709 0.173546 -1.12498 2.14133 2.44727 -0.718362 1.5756 0.531984 -0.129812 -0.0894378 
-0.548603 0.358242 3.4573 -0.630994 -1.11723 0.840784 2.58534 -0.835852 2.00072 0.213959 -0.0744489 0.00349224 
-0.577106 -0.352901 3.73302 -0.47598 -1.15335 0.857287 2.03635 -1.12247 2.5357 0.00754085 -0.105578 0.312464 
-0.427746 -0.213892 3.85062 -0.247696 -1.48537 1.34935 1.61997 -0.179188 2.32766 0.245411 -0.126099 0.231965 
-0.290203 -0.273098 3.4991 -0.824689 -2.60529 2.41337 2.37285 -0.840433 2.11757 0.601892 -0.450311 0.147351 
-0.178004 -0.725142 3.69829 -0.156903 -1.32979 2.53802 2.55682 -1.21182 2.20257 0.178471 -0.170559 0.021914 
-0.101055 -0.476854 3.94651 0.836895 -1.04094 2.17421 0.738437 -1.83818 2.05225 -0.122946 -0.136732 0.0566339 
0.0078403 -0.126502 3.98383 -0.102327 -1.02073 0.916367 1.4907 -1.08873 2.10116 0.231525 -0.17274 0.0788285 
0.0385042 0.0993653 3.90341 -0.302784 0.401134 1.07683 0.994538 0.381773 2.3831 0.00213941 0.0533942 0.3744 
-0.0456415 0.109329 4.04343 -0.50756 -0.765988 1.42019 1.04505 -0.136278 2.34837 0.152947 0.275265 0.275492 
-0.120106 0.00854063 3.74537 -0.548533 -1.27768 1.00353 1.44986 -0.389471 1.97773 0.189138 0.0870223 0.13136 
0.119212 0.151581 3.46693 -0.890863 -0.186889 1.09626 0.886214 0.210963 1.51321 0.492794 -0.0301398 -0.0046864 
0.190744 0.117196 3.51471 -0.151719 -0.524714 1.13401 1.43985 -0.0358257 2.01881 0.411895 0.324259 -0.00484199 
0.156901 -0.234158 3.22043 -0.439021 -1.24334 1.75099 1.73961 -0.568885 1.83523 0.141953 0.264945 0.00426739 
0.226873 -0.117803 3.43626 -0.830092 -0.360273 1.28977 1.38464 0.126132 1.80614 -0.146876 0.0746333 0.31978 
0.299861 0.0175344 3.21394 -0.162639 -0.392903 1.86999 1.46776 -1.17911 1.58081 -0.357224 0.219294 0.189965 
0.48051 0.056497 3.51343 -0.0892441 -0.461875 1.90744 1.70337 -1.03053 2.50814 0.456354 0.384698 0.207188 
0.409758 0.0279851 3.47257 0.0146705 -0.350449 1.86555 1.82119 -0.534877 2.85956 0.671751 0.330076 0.151423 
0.4814 0.309218 3.41679 -0.0121542 0.507761 1.3697 1.21303 0.387886 1.4114 0.400429 0.269935 0.0225255 
0.392956 0.276978 3.53647 -0.102618 -0.160161 1.2234 1.29124 0.0470081 2.41659 0.258487 0.360406 0.209259 
0.385692 0.308389 3.2119 -0.441538 0.14081 1.82582 0.398166 -1.07332 1.91953 -0.111722 0.0876435 0.151594 
0.461897 0.0450401 3.02929 -0.0965377 0.0801263 2.28322 1.22439 -0.656297 1.92979 -0.0180898 0.382528 0.187152 
0.531889 -0.129046 2.91642 -0.536152 -0.376935 2.669 1.51786 -0.78664 1.48911 0.0906733 0.206216 0.112846 
0.49986 0.112345 3.19633 -0.828825 -0.58767 2.21604 0.742043 -0.0632312 1.71503 0.270775 0.421399 0.164076 
0.489189 0.351949 3.16343 -0.0377743 -0.0698321 1.65149 0.818006 -0.271562 1.31439 0.298222 0.490502 0.0575823 
0.581258 0.530258 2.50673 0.182241 0.153243 1.47393 0.904705 -0.839842 0.369928 -0.425357 0.281594 0.0157206 
0.705622 0.824312 2.67851 0.391629 0.502452 1.28803 0.746457 -0.461999 1.19222 0.0562192 0.180096 0.148259 
0.662499 0.630131 3.07216 0.425212 0.823202 1.88687 1.55649 -0.248468 0.998739 0.0628907 0.101532 0.236164 
