0.400802 1.09838 1.29584 0.428868 1.07362 0.570254 1.46025 1.59853 -0.037634 0.5483 -0.372427 -0.0619258 
0.4747 0.89295 1.27559 0.913404 0.405063 0.530728 0.847531 0.596072 0.470837 0.210562 -0.539758 -0.184295 
0.455859 0.915751 1.40751 1.03034 1.18737 0.210717 0.522333 0.512812 0.43247 -0.229505 -0.109658 -0.232376 
0.297899 1.13443 1.36668 1.24385 1.06881 0.495282 0.207316 0.298543 0.510549 -0.513141 0.162649 -0.0390752 
0.436068 1.12005 1.38711 1.52044 1.0727 0.148333 0.432229 0.178157 0.155193 -0.23505 -0.101724 -0.10178 
0.462952 1.14826 1.09408 2.07969 0.860582 -0.157187 0.81522 0.984968 0.537225 0.0491181 -0.230455 0.069218 
0.398638 1.03985 1.22546 1.82426 0.950175 1.3282 1.2072 0.320202 0.226613 0.300597 0.221494 -0.0567938 
0.398088 0.821275 1.55451 1.19064 0.6397 2.02467 0.825676 1.05856 0.359402 0.216725 0.0200572 0.153824 
0.424525 0.854375 1.37944 0.927403 0.812485 1.60669 1.55154 1.1694 0.740777 0.352598 0.422768 -0.0311516 
0.450407 0.960999 1.32163 1.11675 0.808998 1.05089 1.35567 0.573574 0.753937 0.542903 -0.0545293 -0.0557918 
0.418334 0.636851 0.408842 0.723514 0.622352 -0.0296824 0.861249 0.63159 0.66988 0.569055 0.288285 -0.0772551 
0.418484 0.471569 0.861941 0.193237 0.238723 0.308471 0.752931 -0.0521032 0.38885 0.714859 0.050435 -0.106803 
0.478413 -0.79309 2.5857 -0.234467 -1.04038 0.189309 0.584106 -0.988432 1.18095 0.413394 0.00871011 -0.148713 
0.693538 -0.952331 2.23212 -0.671574 -1.70946 0.0948697 0.0887442 -0.723991 0.784448 0.391784 0.0873537 -0.0608528 
0.788521 -0.248925 2.68254 -1.05164 -0.990427 0.00996814 0.845017 -1.14122 -0.102286 0.54099 -0.219186 -0.243895 
0.638162 -0.0647994 2.94493 -0.952486 0.0102955 1.52921 0.492639 -1.69052 0.340437 -0.035548 0.129499 -0.0119912 
0.347383 -0.674396 1.92346 -0.469703 0.571455 1.96882 1.06394 -0.986694 -0.182289 -0.794826 0.234499 0.104959 
0.125982 -1.03505 1.44934 -0.81951 -0.229716 -0.180953 0.444278 0.356958 0.438093 -0.548641 0.00605312 0.0537379 
0.239034 -0.859525 1.86134 -0.418215 0.230188 0.723178 0.918837 -0.293049 0.585412 -0.663035 -0.00295309 -0.258522 
0.551851 -0.572689 1.36755 -0.5453 -0.256942 1.72981 2.0037 -0.534923 -0.167806 0.00346521 -0.0498409 -0.600902 
0.669647 -0.434226 1.32611 -0.605942 -0.274483 0.622655 2.63799 -0.080241 0.582785 0.563461 0.206998 -0.579332 
0.718016 -1.11908 0.757729 -1.45889 -0.047197 0.0437177 1.89883 0.672252 0.226517 0.534056 0.301234 -0.20074 
0.507205 -2.0494 -0.015939 -0.963588 0.362239 -1.30979 0.529776 1.32062 0.929326 1.17491 0.0237513 -0.426603 
0.524096 -2.11267 -0.516565 -1.37715 1.64582 -0.494702 0.509711 0.402351 0.879743 1.365 0.159574 -0.277213 
0.360515 -1.98543 -0.820435 -0.845454 1.14934 -0.161673 0.761988 0.199027 0.834905 1.18871 0.358883 -0.202071 
0.386757 -2.107 -1.59976 -0.93596 1.803 -0.256621 -0.407659 0.23518 1.39644 1.26477 -0.384475 -0.377891 
0.647258 -1.38649 -2.06436 -0.698701 2.27299 0.237383 -0.198058 -0.189704 1.94403 1.15977 -0.118388 -0.352812 
0.778502 -1.69542 -2.0012 -0.902819 1.22504 0.693598 1.87856 0.115917 0.491368 0.927443 0.132659 -0.0335973 
1.02117 -1.71766 -1.1707 -1.77357 0.757995 0.727359 1.28069 0.781804 -0.0579268 0.199864 0.331289 0.136444 
1.00744 -1.43061 0.23549 -0.459657 1.30067 0.783248 0.536765 1.19291 1.32071 0.591625 -0.0434496 -0.0859981 
1.26502 -0.055355 0.933066 0.941053 1.77211 0.383104 1.74235 1.75248 1.58076 0.890688 -0.094913 -0.233153 
2.03538 0.196744 -1.10608 0.480706 3.54155 1.59879 1.4215 0.196988 1.1969 0.0323464 -0.131812 -0.00535644 
2.23841 0.276617 -1.73916 -0.16988 3.8951 1.77664 1.09021 0.499045 1.01088 0.186121 -0.124275 -0.00729121 
2.44697 0.0201594 -1.51244 0.058018 3.72548 2.11684 1.00046 0.627225 0.818108 0.158923 -0.135594 0.0408892 
2.20309 0.321558 -1.22357 0.761276 3.37677 1.97653 1.55696 0.235983 0.943745 -0.0950645 -0.123294 0.0396434 
2.24573 0.387753 -1.01134 0.631458 3.98038 1.75996 1.66604 -0.179029 0.946775 0.170813 -0.086002 0.0904515 
2.19719 0.495336 -1.05771 0.775323 4.06819 2.19654 1.70794 -0.898977 1.16657 -0.0380907 0.0552251 0.131823 
2.12546 0.541684 -0.946848 0.728953 3.98089 2.3267 1.46345 -0.824725 1.34365 -0.00955347 0.145944 0.128602 
2.03844 0.840997 -1.01344 0.900605 4.89711 1.93412 1.15382 -0.704527 1.14266 0.132377 0.160917 0.10914 
2.03864 0.833821 -1.04 1.25334 5.09272 2.04861 1.3285 -1.06435 1.16481 -0.0249407 0.131343 0.0984058 
1.9122 0.895586 -0.758773 1.0039 5.05751 2.2762 0.801161 -0.449667 0.943343 -0.213246 0.0961833 0.0662721 
1.94786 0.837108 -1.12698 1.46501 4.19496 2.25483 1.1522 0.0155 0.768681 -0.139132 -0.0475563 0.0182841 
1.88502 0.964476 -1.13252 1.34921 3.88498 2.83596 0.926816 -0.0148999 1.04998 -0.0575926 0.0761197 -0.105154 
1.81998 1.11779 -1.51168 0.893334 4.52891 2.11277 1.42443 -0.306557 1.10968 -0.0970783 0.296407 0.0389512 
1.84938 0.929096 -1.1681 0.719201 5.13778 2.49601 1.02269 -0.807678 0.992914 -0.0768512 0.284691 0.00143489 
1.85806 0.743565 -1.23355 0.577371 4.93406 2.13132 0.848228 -0.866937 0.987835 -0.0122698 0.175374 -0.0331001 
1.80191 0.670379 -1.23544 0.869454 4.86716 1.79274 1.1197 -0.683383 1.39798 -0.100654 0.0455201 0.00749377 
1.7513 0.689498 -1.01049 0.874114 5.2889 1.90449 1.13506 -1.13077 0.92273 -0.128 0.256822 0.197486 
1.78989 0.674673 -1.10791 0.873005 5.50606 1.75124 1.25402 -1.39297 0.901362 -0.0988924 0.205632 0.211543 
1.81366 0.657642 -1.07474 1.53428 5.66569 2.05342 1.1811 -1.01604 0.91322 0.0594437 0.0850813 0.122605 
1.88878 0.804444 -0.316307 0.922941 5.90636 2.77054 0.501113 -0.996605 1.02561 -0.133993 0.321874 0.125821 
2.16758 0.724231 -0.333691 0.641012 5.21202 2.78563 0.540303 -0.104425 0.745801 0.0963425 0.0487543 0.0594991 
1.97669 0.717044 -0.253358 1.45985 5.24881 3.21435 0.642589 0.225133 1.02328 0.181408 0.0479687 0.0199667 
2.07014 0.728768 -0.624887 1.60747 4.89561 2.75598 0.873978 0.596375 1.1013 0.238584 -0.0793842 0.049534 
2.02606 0.905181 -0.708852 1.71089 4.62464 2.6198 0.962815 0.522433 1.35274 0.183611 -0.0842033 0.00590501 
1.88812 0.974213 0.0170359 1.76737 4.66804 3.34061 1.27785 0.687213 1.01174 0.188892 -0.0439237 0.0394336 
1.98932 0.874765 -0.115762 1.83401 5.30816 3.28909 1.37976 0.164979 1.04693 0.282377 0.0288658 0.0671003 
1.98931 1.26272 -0.362753 1.33425 5.33829 3.50145 0.625476 0.468097 0.988063 0.197444 0.1483 -0.0841293 
1.78083 1.37524 -0.53817 1.2614 5.25829 3.20413 0.769257 0.660039 1.1481 0.058936 0.278272 -0.0340761 
2.00303 1.26465 -0.350291 1.36985 4.88734 2.80952 1.79628 0.8241 0.993002 0.288156 -0.134778 0.00579197 
1.87293 1.39055 0.207972 1.54209 5.40301 2.74455 1.4961 1.16969 1.47036 0.086819 -0.302364 -0.0864799 
1.77644 1.19055 0.268125 2.40778 5.07668 2.71165 1.52242 0.97605 1.63836 0.733703 -0.157154 -0.0314092 
1.84407 1.20901 0.232652 2.2795 5.06027 3.03413 1.58704 1.51826 1.49124 0.618391 -0.18664 0.0245387 
1.92711 1.22947 0.155816 2.19006 5.4275 2.92584 1.85191 0.802791 1.82407 0.456199 0.0191002 0.101426 
1.77167 1.20202 0.499841 2.52407 4.98271 3.10835 1.39754 1.20096 1.63101 0.675413 0.1454 0.125807 
1.68995 1.393 1.0736 2.50193 4.00417 2.9313 1.49952 1.5341 1.55409 1.01945 0.018881 0.0608329 
1.69762 1.35316 1.07672 2.71769 4.57265 3.14115 1.86525 1.38114 2.07001 0.784907 -0.220555 0.0110076 
1.85003 1.29615 0.919526 2.58345 4.60774 2.55074 2.81985 1.22479 2.41617 0.507658 -0.429643 -0.00571153 
1.89717 1.29824 0.418686 1.74133 4.5749 2.55067 2.81437 1.04701 1.70197 0.26842 -0.387655 0.0208527 
1.76766 1.25827 0.803597 1.60655 5.04119 2.64484 1.4795 1.20893 1.62984 0.302809 -0.246129 -0.0334063 
1.76912 1.28599 0.861464 2.02067 4.21134 2.45173 1.52064 1.50917 2.04536 0.379451 -0.546734 -0.185053 
1.7201 1.01827 0.579042 2.03725 3.3637 2.1791 1.94304 1.20346 2.08438 0.424297 -0.734712 -0.271537 
1.63065 1.14112 0.758531 1.5401 3.63052 2.15175 1.45309 0.925005 1.82161 0.235352 -0.507576 -0.176651 
1.59186 1.28714 0.831243 1.35123 3.35121 2.19876 1.44309 1.11636 1.34965 0.00731073 -0.145405 -0.0261528 
1.58515 1.17403 0.929586 1.93956 3.48142 2.39777 1.83173 1.23114 1.19107 0.699443 -0.336637 -0.0336152 
1.58708 1.26045 0.982743 1.29028 3.92789 2.10733 1.88758 1.20355 1.71069 0.950428 -0.376012 -0.0590705 
1.5925 1.51129 1.34528 1.48757 3.61202 2.74897 2.2762 1.19347 1.83057 0.792518 -0.402948 -0.0114259 
1.5388 1.69012 1.88368 1.87924 3.1404 2.79588 2.7036 0.831621 2.12733 -0.289636 0.0203834 0.219768 
1.59175 1.44469 1.67303 1.82174 2.74734 2.02321 2.79321 1.44197 1.37984 -0.0800946 -0.0152682 0.199615 
1.57038 1.39177 1.20993 1.42988 2.75552 2.45547 2.28311 1.68347 0.702577 0.24386 0.0664381 0.176836 
1.4898 1.09374 1.30749 1.44061 3.89417 1.99634 1.71839 0.993561 1.08046 0.100647 0.115263 0.233365 
1.36076 1.09125 1.2847 1.58294 3.6924 2.04249 1.52745 1.48692 1.63172 0.261793 -0.226491 0.127901 
1.2168 1.16315 1.34457 1.51245 3.32335 2.3541 0.931995 1.37575 1.89728 0.813989 -0.271633 0.0854061 
1.25213 1.3569 1.2712 1.49416 3.24857 2.20412 1.20936 0.983942 1.57736 0.664107 0.168759 0.147709 
1.39365 1.40102 1.66848 1.84984 3.42323 2.1895 1.72058 1.30953 1.92895 0.902066 -0.299894 0.115783 
1.45799 1.24747 2.0032 1.76283 3.41427 2.33619 1.46853 1.63858 2.75909 0.73525 -0.436482 0.130913 
1.44256 1.43746 1.74046 1.78818 2.92115 2.39453 1.61655 1.50005 1.97947 0.325318 0.217456 0.236591 
1.49499 1.49946 2.23094 2.29448 3.28843 2.46968 2.07953 0.935706 1.18455 0.792848 0.387674 0.275732 
1.36776 1.80743 2.81303 1.87567 3.42117 1.69047 1.86908 1.28735 1.27489 0.828891 0.321369 0.29467 
1.33388 1.28567 1.90815 1.53996 2.68605 1.18031 1.95591 1.33484 1.40622 1.01915 0.389426 0.277164 
1.28536 1.61393 2.13561 1.89584 2.67559 1.46735 1.87401 1.11222 1.55953 0.632183 0.365486 0.275316 
1.27603 1.76124 2.19646 2.07795 3.39902 1.72215 2.03711 1.32266 0.736879 1.01538 0.271234 0.26204 
1.20911 1.43423 2.53235 2.03579 3.20225 1.95291 0.967696 1.30753 1.47377 0.745924 0.429169 0.241183 
1.21199 1.40006 2.08373 1.93603 2.48405 1.43041 1.73337 0.817371 1.36672 0.636371 0.779303 0.294697 
1.23793 1.59907 2.40582 1.99046 2.51662 1.81366 1.68357 1.06033 0.777563 1.048 0.540135 0.24802 
1.32161 1.72591 2.94255 1.82611 2.90227 1.15751 1.92254 1.0775 0.62196 1.14985 0.469768 0.278744 
1.37702 1.77796 2.65724 1.43822 3.01956 0.948375 1.12113 1.69874 0.619962 1.12983 0.611147 0.253686 
1.22351 1.92757 2.49085 2.27302 3.08324 1.64014 1.03839 1.35377 1.13066 0.955293 0.473489 0.247844 
1.20713 1.76027 2.7913 2.45513 3.77623 1.60873 2.12488 1.58201 0.799847 0.786181 0.466206 0.290734 
1.32034 1.82941 2.67633 1.42547 3.29029 1.77107 2.34777 0.799521 1.13788 0.862707 0.335589 0.358025 
1.14962 1.50792 1.88946 1.67686 2.6671 1.8136 1.80847 0.617522 1.72698 1.35833 0.235489 0.285502 
1.09866 1.45796 1.70472 1.53177 3.06071 1.64045 0.966224 1.6857 1.3658 1.07207 0.510542 0.20404 
1.19526 1.5523 2.03893 1.55062 1.90972 1.09063 2.4543 1.42311 1.0581 0.655045 0.532943 0.24975 
1.16898 1.81682 1.69084 1.31555 1.5403 1.49938 2.0373 1.0435 0.886722 1.22593 0.375055 0.23515 
1.14817 1.70669 1.7721 1.13598 1.56437 1.83706 1.70493 1.46152 0.760044 1.1678 0.499562 0.212676 
1.1271 1.57144 2.27958 1.53791 1.73083 1.3471 1.28212 0.692119 0.940499 1.15585 0.324556 0.183475 
1.17218 1.61771 2.53348 1.8969 1.71273 0.993975 1.84137 0.201229 1.01257 1.39349 0.0436011 0.201986 
1.13933 1.16807 2.26111 1.53097 2.24071 0.726711 2.47562 0.542763 1.25788 1.17748 0.172117 0.267499 
1.19761 1.18593 2.5191 1.22697 2.4575 2.0512 1.52711 1.15886 0.725294 1.05057 0.418144 0.185493 
1.10945 1.62143 2.62227 1.53853 1.86478 2.20546 2.03045 1.58414 0.457429 0.878112 0.478111 0.193198 
1.13842 1.60322 2.49209 1.90286 2.26473 2.22062 2.25724 0.533251 0.948722 0.882892 0.37232 0.255471 
1.16364 1.19688 2.66042 1.50716 1.52107 1.59927 1.32744 1.58363 0.720003 1.18705 0.840711 0.190403 
1.18769 1.26658 2.49552 1.42129 2.44802 1.09166 0.95951 1.98295 1.03833 1.04313 0.569401 0.205025 
1.0765 1.60689 2.45247 1.58047 2.51486 1.27745 1.70773 1.51336 1.06163 0.533052 0.50809 0.251224 
0.991104 1.61122 2.00918 2.04878 2.80565 1.30889 1.40553 1.29617 0.924297 0.585953 0.630024 0.205269 
1.06415 1.38606 2.13213 2.21473 3.16047 0.863936 1.7716 1.26908 0.411088 0.857291 0.195273 0.204149 
1.06374 1.41366 1.89376 1.85894 2.22823 0.534825 1.93072 0.0086057 1.01629 0.685578 0.425266 0.192933 
1.00936 1.32784 1.38697 1.28327 2.36015 0.198213 1.67549 0.261969 1.79832 0.668304 0.424453 0.197877 
0.984857 1.53032 1.61378 1.4316 2.28473 1.15385 1.06481 0.62146 1.41037 0.686843 0.136224 0.119348 
1.05488 1.448 1.97495 1.69817 1.95961 1.37608 1.74572 0.746737 0.891838 0.48521 0.437657 0.163739 
1.04952 1.24722 1.77925 1.08647 2.01077 0.36077 1.62245 1.09718 1.07349 0.632975 0.429777 0.150482 
1.00032 1.5343 1.61486 1.80567 2.20402 0.277068 1.3114 0.83031 0.65374 0.042199 0.242902 0.0868539 
1.0867 1.28609 1.95877 1.62185 2.62301 0.826021 1.62452 0.924785 0.462518 0.538692 0.464229 0.168815 
1.07033 1.40153 1.82767 1.17976 2.31525 1.79996 1.7207 1.49665 0.856104 0.482908 0.463838 0.203749 
1.07384 1.5352 1.63458 1.44002 2.49916 1.00315 1.58387 1.24865 1.22883 0.86284 0.157679 0.205335 
1.07885 1.26124 2.20322 1.67565 2.38135 0.685254 1.28785 0.704112 1.39009 0.96865 0.590573 0.247438 
1.02124 1.24335 2.5027 1.60717 2.39292 0.827547 1.35319 0.976929 0.941126 1.15088 0.642555 0.210967 
1.05666 1.36943 2.22509 1.68592 1.27726 1.1117 1.46062 1.15371 1.26718 0.737704 0.639729 0.205242 
1.03903 1.54014 2.36673 1.30722 1.44413 1.53849 1.28391 1.03377 0.821415 0.756652 0.887258 0.183181 
1.11898 1.70692 1.91117 1.61416 2.1683 0.826097 0.992003 1.83425 0.895123 0.202923 0.84333 0.192765 
1.08569 1.53553 1.8387 2.04517 2.06369 0.751658 1.31351 1.74934 0.942109 0.670389 0.738865 0.242649 
1.06965 1.22679 1.6835 0.735742 2.68508 1.20194 1.13317 1.83651 1.39421 1.07829 0.128886 0.109063 
1.02249 1.1245 1.75636 0.780965 1.61898 0.923435 0.482491 0.954358 1.41752 0.681707 0.253769 0.0550721 
0.882694 1.33448 2.07812 1.37511 1.39214 1.1626 1.22903 0.265533 0.407447 0.143305 0.349091 0.0194525 
0.93318 1.44828 1.74908 0.96295 1.22081 0.603198 1.60778 0.836877 0.375564 0.297287 0.223821 0.0367114 
0.925687 1.1272 1.62687 0.685112 1.83172 0.766553 0.753992 0.0513023 0.883909 0.73432 0.0332129 0.088478 
0.982656 1.16369 1.87073 1.402 1.25574 1.4681 0.475483 0.580594 1.08757 0.800308 0.368877 0.122059 
0.863282 1.33922 1.46796 1.31602 1.71737 1.09671 1.18808 0.635432 0.0388326 0.0753537 0.854932 0.0224912 
0.803602 1.94373 2.11249 0.75133 1.45274 0.256114 1.61436 0.322852 0.264587 0.0509594 0.490154 -0.0676983 
0.854471 1.77151 1.59705 0.824018 1.59467 0.823764 1.64079 0.468173 0.670295 0.228354 0.417244 0.0735344 
0.827525 1.18063 1.5681 1.79934 1.3574 0.272648 1.65751 0.577493 0.497002 0.872562 0.418009 0.0915409 
0.901967 1.3644 1.79346 2.15548 1.52069 0.863125 1.18174 0.485533 0.876199 -0.408285 0.617924 0.0353216 
0.757007 1.05116 1.20732 1.68913 2.36097 1.53902 0.607546 -0.0507347 1.64438 -0.0249352 0.675516 -0.0372838 
0.668921 0.822075 1.69354 1.37912 1.11269 0.878258 0.928059 -0.200997 0.451796 0.335471 0.388907 -0.18257 
0.831469 1.06487 1.57359 0.761355 1.28941 1.35499 1.57496 1.25458 0.601593 0.728182 0.230082 0.0718589 
0.858376 1.22712 1.71585 1.99982 1.66056 1.56713 2.06743 1.72658 0.803139 0.109885 -0.225064 0.287072 
0.848094 1.17828 1.36979 1.91766 2.03583 0.626401 2.23294 0.497368 0.530866 0.164324 0.390916 0.171602 
0.787815 0.906207 1.56936 1.34736 1.13932 0.55156 1.29795 -0.0777978 0.761115 0.396839 0.510357 0.0845345 
0.693545 1.06877 1.50462 1.25031 0.286717 0.81731 1.46276 1.05459 0.954626 0.156495 0.494423 -0.0607412 
0.639432 1.07568 1.31309 1.4788 0.708565 1.54273 1.18028 0.92888 -0.0155795 -0.222842 0.188309 0.0124943 
