0.485209 1.03008 0.970426 1.43547 0.324403 0.282356 1.17937 0.619469 1.20025 0.66477 0.0526849 0.0487176 
0.494803 0.636385 1.28037 0.926033 1.41028 0.981158 1.75846 0.759391 0.731368 0.348749 0.233291 -0.129832 
0.559646 0.713506 1.25867 0.341775 1.15663 1.37935 1.01739 0.952805 1.07957 -0.0460808 0.0767073 0.0136257 
0.546342 0.658796 1.18382 0.313136 0.604742 0.37659 0.710341 0.490621 0.862549 -0.115423 0.153742 0.231852 
0.458295 1.08111 1.31983 0.81227 0.586602 0.462931 0.917411 0.44694 0.170947 0.404031 0.264037 0.0614771 
0.310519 1.13902 1.16868 0.686663 0.873145 1.08398 0.0683367 0.64218 0.397369 -0.0415411 0.260598 -0.0936244 
0.502209 1.55731 0.724754 0.712993 1.09089 1.43791 1.04334 0.629333 0.908218 -0.176521 0.587237 -0.0173478 
0.642591 1.18702 1.08129 1.63069 0.245512 0.993432 1.5354 0.226768 0.943115 0.510682 0.321568 0.0664961 
0.65711 0.811839 1.40955 1.3583 0.815024 0.49146 1.04681 0.669635 0.868865 0.549606 0.167504 0.139745 
0.577458 0.944632 1.15201 1.12182 1.63606 1.77505 0.966497 0.772456 0.866607 -0.115907 0.243134 0.160667 
0.701583 0.944703 1.38066 1.31092 0.512839 1.2957 0.435128 1.34368 1.25367 0.0331918 0.599985 0.0866095 
0.647198 1.05719 1.04831 1.02714 0.240203 1.10596 0.297549 1.15761 0.924896 0.0986257 0.607694 0.0782549 
0.654967 1.14786 1.27571 1.4301 1.10626 1.02554 0.570019 1.19368 1.12391 0.531284 0.402519 0.0503798 
0.653674 1.11465 0.847502 0.880879 0.708635 0.376763 0.816052 0.356716 1.48146 0.190397 0.270639 -0.0356014 
0.579776 0.932054 0.609714 1.16812 0.107554 0.0904011 0.899768 0.128398 1.09573 -0.032147 0.365242 0.0696183 
0.531813 0.665504 0.731638 1.09524 0.327603 1.3945 0.950391 0.373038 1.32103 -0.234132 0.456449 0.0691429 
0.497496 0.937007 1.29451 1.56624 0.435213 1.05765 1.13424 0.898007 0.899704 -0.130725 0.356985 0.0513964 
0.482222 0.707044 0.742429 0.759633 1.0474 0.834652 1.39385 0.726542 0.608614 0.209424 0.218173 -0.0302197 
0.514799 0.941666 1.11889 1.61753 0.959501 1.31824 1.16189 0.852835 0.998491 0.306071 0.698921 -0.125492 
0.589595 1.1725 1.18261 1.62598 0.643936 0.719478 1.07478 1.63002 0.762219 -0.0190516 0.259811 0.0154318 
0.707598 1.29746 1.72722 1.21245 0.844915 1.02561 0.899163 1.74966 0.412899 0.0345697 0.221887 0.0722152 
0.761053 1.48817 1.64314 1.47919 1.43762 2.29984 0.97136 1.69472 1.3933 0.647224 0.463374 0.166531 
0.936892 1.95059 2.6847 2.16736 2.22846 2.58613 1.75469 0.907681 0.589096 0.885078 0.390554 0.200329 
1.34229 2.44699 3.44164 2.73144 2.76194 1.9154 1.63752 1.19939 1.08845 0.664284 0.11269 0.162285 
1.54648 2.86689 3.78428 2.71442 2.6713 1.52054 1.10403 0.898536 0.341316 0.839866 -0.0736835 0.0748583 
1.67234 2.97361 3.51895 2.70651 2.89358 1.82488 1.56294 0.0919536 -0.113119 0.150224 0.0461152 -0.044424 
1.71362 2.58706 2.77736 2.65523 2.3524 2.14042 1.21978 0.212385 -0.273486 -0.144596 0.203869 -0.0211845 
1.82274 2.66501 2.57426 2.37583 2.27117 1.88471 0.781723 -0.217618 -0.701427 -0.737027 0.0024887 -0.139539 
1.92491 2.84833 2.07837 2.43381 3.43186 1.76758 1.05281 -0.502418 -0.500496 -1.28222 0.0867918 -0.141256 
1.9208 2.84566 1.8466 2.4038 2.68684 2.31509 1.21925 -0.565527 -0.891953 -1.52872 0.0862125 -0.112999 
2.20023 2.5829 1.59868 2.13016 2.85808 2.67745 0.800766 -0.660928 -0.647186 -1.7558 -0.14168 -0.0641578 
2.29798 2.20732 1.30853 2.31534 2.35416 2.97531 0.620071 -1.28477 -0.291064 -1.69258 -0.206581 0.00343837 
2.35922 1.78768 0.995347 2.14291 2.54383 2.36157 0.658954 -1.6422 -0.245904 -1.52321 -0.268926 0.0319943 
2.46849 1.61284 0.368372 1.97513 2.73349 2.29528 0.0804229 -2.00197 -0.204394 -1.36989 -0.368625 -0.0726284 
2.45313 1.18499 0.890544 1.24441 1.80881 2.17887 0.474953 -2.15482 -0.741355 -0.893734 -0.343531 0.0285501 
2.53137 1.24745 0.423091 1.79876 1.22521 2.15914 0.0751457 -2.97208 -0.686439 -1.19312 -0.502877 -0.0624091 
2.43366 1.3763 0.446248 1.21513 1.85817 1.09054 -0.594319 -2.50413 -0.799295 -1.49142 -0.409979 0.0292948 
2.5689 0.952808 1.0416 0.739107 1.01159 0.968145 -0.130923 -3.17073 -0.999191 -1.00017 -0.584832 0.107077 
2.4173 1.30718 0.543717 0.52122 1.25581 0.669671 -0.780053 -2.36247 -0.886003 -1.23242 -0.315377 0.101894 
2.63142 1.39979 0.144947 0.00730703 2.21053 -0.280536 -0.731184 -2.16205 -0.818774 -1.0075 -0.482637 0.10622 
2.7704 1.05029 -0.106343 0.0124557 1.82899 -1.04265 -0.695175 -2.23298 -0.435964 -0.693918 -0.577869 0.153774 
2.79039 1.15278 -0.664192 0.189041 1.46223 -1.38981 -0.925116 -1.56285 -0.245177 -0.317443 -0.142611 0.204489 
2.88028 1.08053 -0.755458 -0.239852 1.84668 -1.49666 -1.88551 -1.2226 -0.580047 0.114632 0.0319198 0.219182 
2.73781 1.10001 -0.939934 0.138062 1.40932 -1.03074 -2.0002 -1.35792 -0.3385 -0.0662752 0.0170819 0.1571 
2.57588 1.06416 -1.16194 0.0974442 1.72976 -0.90618 -1.76503 -1.18042 -0.0393342 0.0207395 0.0219216 0.114692 
2.84512 0.731252 -1.44363 -0.195703 1.93457 -0.845512 -1.51137 -1.21103 -0.114548 0.106931 0.059801 0.192751 
2.88277 0.75152 -1.53556 -0.27793 2.01525 -0.105638 -1.38413 -1.00627 -0.177651 0.158059 0.13537 0.163409 
2.67963 0.981647 -1.8162 0.201656 1.86975 0.100333 -0.620226 -1.17239 0.0834258 0.0741388 0.283445 0.186128 
2.57834 1.04505 -1.28805 -0.475236 2.46414 0.774558 -0.890339 -1.07355 -0.0974144 0.292993 0.444052 0.219904 
2.43321 1.08101 -0.629355 -0.85693 2.21464 0.406148 -0.0653731 -0.787336 0.315804 0.230384 0.416169 0.337476 
2.37661 1.21304 0.1155 -0.964755 1.94306 0.844097 -0.359569 -1.74881 1.11994 -0.165329 0.276672 0.428278 
2.28214 1.2163 0.171023 -0.404918 2.72376 0.842201 -0.818487 -1.58834 0.967572 -0.295266 0.186619 0.24435 
2.26071 1.31334 0.0424846 -0.341631 2.40227 -0.0935493 -0.763665 -1.38401 0.777518 0.0779298 -0.0431515 -0.0668286 
2.33504 1.54976 -0.181952 -0.639757 2.18997 0.23293 -0.715097 -1.91348 0.227054 -0.523703 0.0302503 -0.000723781 
2.25228 1.9317 0.0237919 -0.317056 1.4399 0.00728292 -1.00393 -1.61084 -0.399621 -1.0135 0.0252015 0.0301035 
2.21202 1.89252 0.825997 -0.0483034 0.814873 0.28423 -0.0978234 -1.71999 0.272693 -0.425199 -0.125189 -0.0663875 
2.0793 1.87757 1.42607 0.791751 1.07383 -0.402006 -0.952492 -1.14326 0.939695 0.481108 -0.195884 -0.203133 
2.11763 1.70739 0.895271 0.167023 1.96148 0.335954 -0.701288 -1.41454 1.17085 -0.442312 -0.112898 -0.0855766 
2.21942 1.30181 0.67204 0.585582 1.7246 0.843368 -0.373471 -1.16693 1.0144 -0.311769 -0.112305 0.00257371 
2.16395 1.35581 0.758391 0.83076 2.14925 0.828783 -0.482394 -1.59179 1.19901 -0.587108 -0.110528 0.0326017 
2.03666 1.10343 0.887032 1.09935 1.87245 1.14902 0.720651 -0.924208 0.429115 -0.820117 -0.23762 0.087897 
2.02161 0.765803 1.58913 0.0719589 2.05261 0.362801 1.22124 -0.574689 0.0189031 -0.309455 -0.228249 0.387575 
2.13723 0.958633 1.34341 -0.0982187 1.6962 0.610116 0.661372 -0.998517 0.696317 -0.258258 -0.032335 0.517118 
2.05036 0.932391 1.42277 0.480933 1.64993 1.13319 0.081804 -0.695621 0.79326 -0.531577 0.187453 0.508513 
2.0012 1.22302 1.58546 0.125233 1.56783 0.831338 0.0927269 -0.876381 1.47383 0.0682486 0.218051 0.413642 
1.93207 1.58237 1.58482 0.336142 1.47963 0.71511 0.774325 -0.505285 0.946178 0.272658 0.263599 0.2706 
2.04123 1.58801 1.14869 0.394772 2.2659 1.03532 1.10788 -0.448019 0.502119 -0.223981 0.246263 0.331885 
1.95119 1.65202 1.45555 0.461419 2.35161 1.71356 0.210335 -0.288968 0.3404 -0.605295 0.562658 0.40127 
1.882 1.8265 1.64568 -0.129586 2.54643 2.22146 0.473042 -0.261991 0.460989 -0.314818 0.801149 0.483465 
1.79324 1.51668 1.63508 -0.0293489 2.3963 2.02229 1.08137 -0.0510287 0.804011 0.347806 0.578221 0.404278 
1.81392 1.55178 1.11825 0.442477 2.58422 1.66035 2.02512 0.325514 0.79841 0.0275861 0.558104 0.448652 
1.81864 1.6191 1.57477 0.768564 1.21661 2.44374 1.66901 -0.386101 1.1122 -0.497282 0.632776 0.543408 
1.77036 1.67788 1.87055 0.368265 1.04441 1.89997 1.76051 0.184821 0.975308 -0.0288084 0.558303 0.436111 
1.70389 1.69016 2.36529 0.154082 1.84124 1.80168 1.70288 -0.284318 0.980682 0.200197 0.446601 0.499169 
1.73073 1.74172 2.39932 0.954924 1.83554 1.55351 1.31283 -0.725925 1.45813 0.34419 0.301918 0.378433 
1.74847 1.65491 2.72137 1.73526 2.60438 1.58548 1.18549 -0.0611565 1.64226 0.468264 -0.0128368 0.187987 
1.68122 1.45639 3.04169 1.87664 2.38685 1.54589 1.99475 0.0389296 1.60941 -0.0227427 -0.0958282 0.303663 
1.54843 2.09538 2.76251 1.42722 2.16706 1.59076 1.59154 0.14095 1.23309 -0.188292 0.244399 0.194087 
1.59282 2.18091 2.35979 1.39315 1.90803 1.41612 0.648245 0.335107 1.56619 0.311383 0.277753 0.173572 
1.54981 2.03535 2.66112 1.87647 2.48769 0.844797 0.858731 0.218828 1.44171 0.190804 0.288719 0.221991 
1.60733 1.84867 2.68424 0.993782 2.50412 0.841681 1.82101 0.880366 1.27297 -0.159416 0.391035 0.345256 
1.5718 1.80145 2.38479 0.711551 2.14669 1.3178 1.42186 0.385072 1.30121 0.104067 0.505471 0.346917 
1.5326 1.85924 2.36915 0.943394 1.56729 1.9265 2.28467 0.0719568 1.0328 0.120452 0.460134 0.31943 
1.53596 1.86675 2.31152 0.754325 2.14512 1.55585 2.6811 0.489598 1.04578 0.149988 0.279075 0.305952 
1.72317 1.35878 2.86418 0.589081 1.95955 1.39107 1.66211 0.805982 1.11588 0.26495 0.0714961 0.260097 
1.50566 1.61491 2.56019 0.670417 2.02292 2.21532 1.38926 1.07643 0.665554 -0.116279 0.359136 0.173255 
1.23496 1.6996 2.40016 0.846141 1.84187 1.07986 2.17403 0.447478 1.58448 -0.0148182 0.140956 0.221957 
1.2584 1.38843 2.45555 0.895214 1.72907 0.280692 2.66188 0.854958 1.6918 0.100627 0.142358 0.329901 
1.24619 1.34107 2.33938 0.540718 0.894041 1.62246 2.3038 0.962939 1.19195 0.163157 0.446222 0.180168 
1.16573 1.38301 2.19692 0.674413 2.06148 0.574783 1.75745 1.35142 1.2982 -0.135591 0.677194 0.230701 
1.12454 1.39299 2.02945 0.723941 2.45032 0.359752 2.05296 1.55116 0.690081 0.357108 0.477337 0.207717 
1.00616 1.31752 1.62856 0.761174 2.42881 0.77973 2.14527 1.06311 1.00262 0.548766 0.258077 0.208085 
0.984466 1.56078 2.35784 1.46332 0.815908 1.04826 1.59544 0.369231 1.89859 -0.0735826 0.593917 0.177037 
0.983177 1.77497 2.38986 1.49216 1.66604 0.192772 1.16726 0.527871 1.81739 -0.174506 0.53519 0.207027 
1.15221 1.82331 2.50102 0.649506 1.99282 0.644569 1.36622 0.747132 1.76169 0.762569 0.386537 0.324274 
1.09466 1.77506 2.63746 1.0936 2.14281 1.62268 1.25167 1.08437 1.85832 -0.0411172 0.420628 0.259991 
0.989214 1.78846 2.43726 1.1747 2.71228 1.88061 1.71711 1.25581 1.7171 0.178738 0.225164 0.287201 
0.979579 1.62582 2.2756 1.27383 2.33279 1.8157 1.88146 1.63741 1.61541 0.602828 0.0654031 0.304341 
0.991615 1.60584 2.22471 1.67395 1.97725 1.69619 1.35865 0.765886 1.56051 0.403814 0.836806 0.235435 
0.935753 1.66473 2.44629 1.54506 2.09925 2.04646 1.11457 1.17663 1.02262 0.923226 0.518469 0.241607 
1.09755 1.65668 2.76424 1.57529 1.26392 1.58884 1.85399 1.11714 1.39427 0.792969 -0.115699 0.242391 
0.985991 1.52723 2.11012 1.47489 1.29186 0.466534 1.7755 0.83107 2.26974 1.32512 0.1756 0.327967 
0.971259 1.38473 1.96735 0.795203 1.96168 0.673912 2.17002 2.00944 1.25811 1.08916 0.477544 0.209818 
1.08843 1.35143 2.44961 0.700018 1.41737 0.436588 2.23329 1.33102 1.25591 1.11729 0.411351 0.243583 
0.969362 1.55437 2.78475 1.11156 1.80672 0.78867 2.46512 0.562807 1.25165 0.666718 0.495565 0.279205 
0.877694 1.3239 2.65228 1.44124 1.61775 0.544814 1.56368 0.985433 1.85681 0.829504 0.176317 0.343091 
0.899977 1.12814 2.26478 1.01639 1.71897 0.956944 2.64026 1.19297 1.75374 0.942563 -0.498021 0.334009 
0.872781 1.37843 2.00737 1.01731 0.42655 1.90148 2.78145 0.783167 1.58003 -0.0576544 -0.059291 0.120113 
0.902059 1.55938 1.82016 1.22765 0.635574 2.36011 2.03501 0.954965 1.55858 -0.119056 0.162385 0.148196 
0.887407 1.32803 2.34876 1.06378 1.29476 1.34579 1.80169 0.754282 1.82924 0.569075 0.808102 0.231036 
0.849062 1.46696 2.33078 0.608274 1.55608 0.451208 1.83655 0.935195 1.21205 1.04413 0.806309 0.190384 
0.744928 0.931862 2.36561 0.997843 0.656818 0.2228 2.37799 1.2404 1.57794 0.797084 0.692515 0.0865919 
0.831399 1.06982 2.00594 1.5573 1.40605 0.851863 2.22007 1.15981 1.426 0.559271 0.332679 0.195829 
0.864132 1.05588 2.05315 1.54004 1.65374 0.82088 1.35134 -0.00334345 1.16039 0.579119 0.0769805 0.184143 
0.768627 1.03714 2.29797 0.60498 1.63013 1.0503 1.94547 1.41448 0.595132 1.05769 0.434026 0.0471213 
0.687327 1.0652 1.95085 0.874584 1.28636 -0.256457 1.87555 1.73395 0.968315 0.353553 0.315092 0.0866281 
0.789319 1.18231 1.8842 0.78584 1.24852 0.132932 2.0894 1.25932 1.73018 0.469518 0.741342 0.117575 
0.733444 1.68414 1.63008 0.602695 1.02536 0.792085 2.04019 1.44002 2.52843 -0.133881 0.511144 0.0695757 
0.679505 1.30072 1.66788 0.948195 1.64961 0.851287 1.69362 1.50661 1.49894 0.71244 0.107195 0.16785 
0.806115 1.3307 2.02152 1.03706 1.28545 0.731489 1.5185 1.0067 1.15127 0.684358 -0.0228585 0.190358 
0.781359 1.16152 1.9825 0.950816 2.44538 0.107288 1.49592 1.43786 0.738989 0.425517 0.842499 0.0643864 
0.752931 0.783354 1.79767 1.57283 1.87391 0.7962 0.886084 1.56502 0.945905 0.199096 0.497523 0.107326 
0.818742 0.97653 2.24256 1.55245 1.37123 0.89858 1.44605 1.35052 0.774976 0.592831 0.473213 0.088959 
