0.720501 1.10539 1.02477 0.805961 0.901846 1.38199 1.08856 1.52201 0.974038 0.205105 0.188895 -0.0715181 
0.746097 1.09034 1.42605 0.878368 0.579069 0.408653 -0.288054 0.325628 0.88693 0.545366 -0.294218 -0.0153131 
0.673336 1.25101 1.04637 0.854899 0.214898 0.26971 0.0417954 0.399435 1.19077 0.0717787 0.344605 -0.053608 
0.63381 1.37246 1.12481 1.24523 0.358157 0.157596 1.57252 1.30306 1.06871 -0.293363 0.0965195 0.00861852 
0.661974 1.09142 1.16514 1.28664 0.180163 -0.338225 0.703091 0.569886 0.627485 0.519909 0.12596 0.121071 
0.752583 1.01276 0.996344 0.715817 0.210282 0.52466 0.24254 0.306913 0.669569 0.827897 0.378743 -0.159153 
0.729116 1.20538 1.05155 0.418086 0.640011 0.348562 1.12483 0.102629 1.14041 0.442153 0.586589 -0.0780487 
0.629763 1.04974 0.897242 1.06998 0.444093 0.677173 0.377158 0.779252 1.0124 0.756164 0.659104 -0.0967335 
0.632047 0.814588 1.12662 0.476532 0.65016 0.633632 -0.422169 0.452342 1.12127 0.565908 0.356371 -0.03363 
0.632157 0.92304 0.542008 0.778436 0.359795 0.41001 -0.790485 0.730589 0.822698 0.127047 0.207079 0.0595333 
0.687034 1.15446 0.821686 0.736047 0.195491 0.0496725 0.331215 0.95936 0.780454 0.559134 0.127052 0.0866649 
0.7089 1.3402 1.39442 -0.00591257 0.566496 1.31759 0.867377 0.513755 0.653306 0.739451 -0.0660967 0.0998383 
0.754526 1.14542 1.09742 -0.501059 0.384316 0.929367 0.964436 0.625422 0.0563299 0.571882 -0.013422 -0.000274766 
0.707958 1.19733 1.39278 0.790306 1.10021 0.758512 0.546643 0.609112 0.592454 -0.116441 -0.19187 0.0840715 
0.749745 1.36431 1.71173 0.510092 1.29767 0.399005 1.10404 0.645007 0.491247 0.597407 -0.367583 0.137157 
0.94257 1.58824 2.11543 0.531267 1.61455 0.831528 0.911583 0.267633 0.598611 0.658013 -0.247986 0.156552 
1.14105 1.93074 1.92234 2.27517 1.19011 1.7024 1.11056 0.769234 1.07238 0.529823 0.148597 0.135358 
1.44569 2.70048 2.59171 2.47677 1.78413 1.77238 1.35925 0.754347 1.05281 -0.00212459 0.0192848 -0.0343972 
1.75536 2.78232 2.55001 2.02955 2.40413 1.37794 1.31392 0.802428 0.801241 0.0598165 -0.0849287 -0.0943576 
1.84474 3.0044 2.61942 1.55441 2.48286 1.57307 1.7573 1.25194 0.499842 -0.142149 -0.0938425 -0.144404 
2.23992 2.68922 2.24747 1.18478 2.25985 1.77519 1.34492 1.54051 0.496842 0.290085 -0.113431 -0.175321 
1.96875 2.48729 2.50386 2.14163 2.53052 1.51275 0.791178 1.01597 0.760776 0.198327 -0.0932923 -0.11483 
2.07486 2.19359 1.9477 2.14073 2.25144 1.19419 0.741789 0.982228 1.26718 0.515143 -0.171703 -0.179602 
1.90741 2.25091 2.14676 1.77948 1.76517 1.17095 1.05309 1.0985 1.58191 0.855285 -0.260141 -0.192799 
2.16006 2.19453 2.0951 1.70595 2.03567 1.27331 0.699122 1.10157 1.60363 1.00818 -0.0628598 -0.202408 
2.10281 2.32777 2.10544 1.6836 2.56436 0.463819 0.325477 1.32133 2.16684 0.549364 -0.169488 -0.188372 
2.07647 2.12768 2.24397 1.56289 2.395 0.220074 0.243519 1.28074 2.40908 0.673416 -0.191882 -0.121429 
1.88416 2.09882 2.29231 2.30575 2.81633 1.21716 0.458657 1.15635 1.91729 0.570511 -0.0919145 -0.0453069 
1.5702 1.99179 2.31033 2.62983 2.8557 1.47832 1.27429 1.09507 1.8057 0.479589 0.167951 0.157851 
1.54315 1.77611 2.98791 2.96069 2.40571 0.993238 1.3324 0.795469 1.29801 0.94408 0.043875 0.168298 
1.40088 1.69639 2.2769 2.80797 3.42682 0.867383 0.62099 2.43599 1.53053 0.567452 -0.297644 0.139791 
1.03577 2.29114 1.8799 2.6182 3.00618 0.134046 1.34722 1.91185 1.26792 -0.226995 0.219179 0.15654 
0.767415 1.69833 1.70835 2.57154 2.81534 -0.446721 0.190287 1.03809 1.81817 0.612182 0.592986 0.12041 
0.630742 1.49756 2.28024 2.64026 3.132 -0.274355 0.682716 1.30337 1.33965 0.894417 0.397162 0.159688 
0.5381 1.15448 3.42168 2.11438 2.92962 -0.45047 1.14701 1.80527 0.903178 1.03377 0.181142 0.312573 
0.118887 1.20775 3.11903 2.43544 2.12647 -0.832805 1.45308 1.97475 1.39907 0.811755 0.801402 0.0874262 
-0.0619792 1.20339 3.10341 2.62114 1.98842 -1.0444 1.65636 2.41421 1.11977 0.842929 0.882066 -0.00419023 
0.10049 1.01215 2.64507 3.33521 2.36527 -1.52092 1.55809 2.72152 0.888401 0.257285 1.28211 -0.0786889 
0.116494 1.12515 3.12868 3.67137 1.96841 -0.627753 1.71932 1.82527 0.665711 -0.28796 1.1512 -0.0329689 
0.239392 1.54858 3.42129 2.4728 1.3767 -0.271101 2.11212 2.03621 -0.32824 0.287059 0.734864 0.126376 
0.284506 1.78577 2.95821 1.92123 1.69406 0.105086 1.18099 2.12821 0.250729 0.373982 0.536359 0.147236 
0.25294 1.41843 2.62671 3.6051 2.51421 -0.167603 1.43946 1.2765 0.182483 0.118312 0.877734 -0.231381 
0.451554 1.34987 2.44241 3.42653 1.68481 0.491601 1.53503 1.51354 -0.262488 -0.297063 1.09621 -0.159656 
0.566209 1.39955 1.99402 3.31381 1.96486 0.757318 1.63998 0.896009 0.0514722 -0.338872 0.993252 -0.146291 
0.862349 1.22325 1.62663 2.45143 1.66937 0.484582 1.49665 1.51172 0.103786 -0.242273 0.767137 0.0485206 
1.13033 1.09454 1.89211 2.22262 1.317 -0.193894 2.00908 2.09286 0.0442609 0.0581486 0.213241 0.127616 
1.35777 1.09687 1.82405 1.72659 0.985202 -0.245532 2.26166 2.11416 0.525674 0.187071 -0.0733484 0.0113952 
1.66384 1.12099 0.99697 1.20248 0.596294 0.691608 2.45636 1.55115 1.09572 0.110221 -0.0710486 -0.108252 
1.72091 1.03647 1.07358 1.84913 1.15513 0.807565 1.51472 1.98978 0.776981 0.422178 -0.348155 -0.184184 
2.02283 0.944373 -0.151627 0.648167 1.36021 1.56987 1.38823 1.83248 0.738643 0.691196 -0.123938 -0.26136 
2.03735 1.24758 -0.556869 0.595187 1.45691 1.9523 1.7706 0.644827 1.59353 0.262387 -0.186968 -0.377865 
2.03227 1.26656 -0.660828 0.725367 2.42152 1.11954 1.58291 0.739218 1.12712 0.408181 -0.251721 -0.296816 
2.1819 1.20388 -1.21263 0.331836 2.52852 1.16294 1.3842 1.55925 0.610703 0.605887 -0.372639 -0.27368 
2.18416 1.12138 -0.955988 0.861346 2.46699 1.55114 1.1242 1.3457 0.796997 0.333446 -0.461753 -0.349327 
2.15598 1.18198 -0.827978 0.190186 1.85474 1.02619 1.88921 1.60888 0.436208 0.716735 -0.270254 -0.328775 
2.15229 1.33805 -1.67075 1.04818 2.22394 1.17043 1.29213 1.36352 0.818908 0.316427 -0.599349 -0.386298 
2.23713 1.36859 -1.50331 0.682455 1.51679 1.03901 1.68301 1.23464 1.01064 0.450513 -0.210491 -0.367935 
2.16007 1.73738 -1.07053 0.644353 1.33939 1.25615 1.99678 1.24684 0.508652 0.499376 -0.345713 -0.356091 
2.13929 1.70757 -0.364886 0.123508 1.04719 1.49933 1.75296 1.3652 0.639535 0.333487 -0.352662 -0.359142 
2.25431 1.50071 -0.106769 -0.497726 1.08074 0.877762 1.57336 2.53617 0.31212 0.303814 -0.383496 -0.345234 
1.81987 1.44793 -0.510467 -0.0308602 1.26693 0.577365 2.46883 2.00552 1.76248 -0.25436 0.044218 -0.0181358 
1.45519 1.64676 -0.0826705 -0.187572 2.01657 1.23107 1.63158 1.48783 2.13489 -0.642064 0.227665 -0.234939 
1.27658 1.5954 -0.457394 -0.152247 1.76287 0.513811 1.58195 1.43338 1.58779 -0.260034 0.760583 -0.199052 
1.77946 1.99406 0.175104 -0.333878 1.13705 -0.0627073 0.707414 0.889968 0.804934 0.336858 0.370212 -0.0026455 
2.25127 1.99352 0.242229 -0.0830889 1.17807 -0.286175 -0.0489384 0.663363 0.759576 0.662059 0.2315 -0.0430716 
2.45803 2.09964 0.461793 -0.103701 1.47307 -0.495043 0.260141 -0.256888 0.872839 0.837783 0.334886 0.0392682 
2.40089 2.13279 0.919727 0.0776454 1.31766 -0.0713951 -0.504499 -0.191199 0.874267 0.518251 0.313082 0.0107165 
2.3866 2.45604 0.239827 0.377537 1.41525 -0.681942 -0.716817 0.788822 0.823784 0.200454 -0.0845781 -0.0913215 
2.29541 2.26749 0.401059 0.64324 1.27097 -0.22919 -0.599174 0.648293 1.17708 -0.201101 -0.1128 -0.162747 
2.38868 2.03092 0.849825 0.633608 1.35855 -0.336343 -0.380693 0.381345 0.802015 -0.327808 -0.195286 -0.0766544 
2.33853 2.20264 1.0436 0.902673 1.09714 -0.0652919 -0.443211 -0.446713 0.431809 -0.6368 -0.0600585 0.0145922 
2.3362 2.55769 0.929528 0.551302 0.896995 -0.0345449 0.0246476 -0.0738625 -0.341773 -0.822142 -0.144996 0.0277376 
2.44269 2.70146 0.797178 0.474099 1.09214 -0.451865 -0.129302 0.266455 0.384709 -0.880573 -0.373178 -0.166867 
2.42697 2.4871 0.973393 0.245553 1.22604 -0.276605 -0.538122 0.648159 0.455995 -0.78595 -0.400686 -0.231838 
2.40443 2.62063 1.00211 0.315483 1.69389 -0.580077 -0.685994 0.561224 0.409778 -0.267204 -0.32576 -0.261639 
2.19427 2.48375 1.44669 0.470443 1.41074 0.516418 -0.0104587 0.324409 0.235674 -0.446669 -0.191541 -0.20574 
2.19653 2.37295 1.60595 0.47036 0.932152 0.665753 1.09315 0.502195 -0.117114 -0.647014 -0.405541 -0.228351 
2.14187 2.31509 1.67546 1.06152 1.37758 0.691888 0.916784 0.627742 0.244458 -1.07981 -0.413433 -0.216523 
2.18838 2.20018 1.81368 0.780969 2.12997 0.0825659 0.902792 0.758054 0.534452 -0.720025 -0.459237 -0.166232 
2.06914 2.21457 1.98155 0.59783 1.70702 0.455692 1.0078 1.09392 0.166205 -0.675267 -0.316233 -0.182061 
2.30627 2.3354 1.47981 0.770415 2.18186 0.387361 0.487107 -0.00779842 0.503157 -1.26242 -0.569659 -0.222554 
2.10492 2.11079 1.4247 0.815611 1.99827 0.0442784 -0.688663 -0.100254 0.986098 -0.445981 -0.190068 -0.216392 
2.03242 2.22311 1.89116 0.744383 0.328638 -0.0154681 -0.160772 0.0323756 0.538819 -0.557726 0.0241208 -0.0215716 
2.09676 2.34376 1.78115 0.555047 0.440318 0.209387 -0.27861 -0.117265 0.566795 -0.533976 0.0459223 0.0116155 
2.07219 2.42716 1.84941 0.0442146 1.07001 -0.729799 0.536103 0.649468 -0.258059 -0.552713 -0.187528 -0.0691358 
2.05096 2.14441 1.93964 -0.135049 0.660131 -0.872635 1.71395 0.671518 0.186487 -0.719427 -0.335188 -0.083489 
1.97456 1.90812 1.68199 0.327939 1.64513 -0.189073 1.71104 0.637895 0.800801 -0.165596 -0.418074 -0.12709 
1.99554 2.2305 1.70995 -0.485712 1.54211 0.635901 1.78697 0.215322 0.758746 -0.397742 -0.416246 -0.103568 
2.03455 2.03522 1.35267 0.217892 1.43891 0.286035 1.45775 0.0914645 0.66994 -0.450481 -0.406198 -0.180718 
1.82168 1.96532 1.66778 1.28656 1.36311 0.620105 1.06772 0.697598 0.734048 -0.127318 -0.120775 -0.0900487 
1.8888 2.13436 2.45935 1.38863 2.0683 -0.0957118 1.35917 1.10188 1.06608 -0.338049 -0.318837 -0.088265 
1.93367 2.24382 2.27832 1.95759 1.67542 0.613384 1.57267 1.17617 1.0112 0.161793 -0.167182 -0.111454 
1.86652 2.27264 2.07602 1.56831 1.60766 0.584459 1.25334 0.208005 1.5291 -0.167164 -0.0229807 -0.0180972 
1.8059 2.10256 2.48028 1.8189 1.6108 0.411775 1.61721 -0.0946566 0.823379 -0.0295363 0.026803 0.0645082 
1.82699 1.97172 2.63721 1.67334 1.67387 0.50211 1.21267 0.611673 0.51866 0.201947 -0.0400496 -0.0113019 
1.76663 2.1258 2.27036 1.31727 1.36485 -0.287866 0.501394 0.434902 0.392299 -0.145649 0.0602903 0.0310569 
1.64653 2.13132 2.29827 1.29143 2.06145 -0.174304 0.292946 0.205052 1.20785 -0.0913607 -0.0259717 0.0503326 
1.52393 2.30114 2.69884 1.55654 1.65194 0.336966 1.02532 1.61009 0.695528 0.0197301 0.110079 -0.0106547 
1.5775 2.23965 2.39599 1.67327 2.3097 0.711184 0.39265 1.2751 0.828327 0.444915 0.0405478 0.0149554 
1.63156 2.09421 2.51657 1.85018 1.79869 -0.216834 0.252528 0.77492 1.00871 0.798287 -0.209139 0.0361338 
1.66204 1.82195 2.48104 1.37521 2.09151 -0.449746 1.191 0.501144 0.997502 0.397299 -0.188124 0.106061 
1.57335 2.08792 2.3373 1.69112 1.49278 -0.025143 1.06929 0.167338 0.792939 0.269785 0.193673 0.128949 
1.57489 2.04587 2.54672 1.09037 0.509959 -0.0169425 1.17343 -0.354761 0.538934 0.398944 0.177807 0.0917647 
1.29367 1.88154 2.20586 1.57973 1.16026 0.459835 0.995747 -0.386048 0.873841 0.295529 0.326636 0.106867 
1.3546 1.76821 2.68919 1.63683 0.86513 -0.331344 1.27358 0.556653 1.5019 0.187731 -0.0614812 0.184493 
1.40679 1.99353 2.73022 1.74511 1.11726 -0.0189688 1.79707 0.924358 1.119 0.517257 -0.0194598 0.111968 
1.431 1.95179 1.95501 1.25287 1.30957 0.267503 0.804428 0.1497 0.753264 -0.0702862 0.205957 0.00950313 
1.44079 1.89153 2.15913 1.09323 1.30357 -0.337001 0.893295 0.953533 0.497567 0.4231 0.128455 0.0430995 
1.19481 1.52887 2.30451 0.508438 0.943071 -0.912415 0.121117 0.410105 0.789002 0.603577 0.429549 0.186393 
1.19559 1.438 2.28561 0.7154 0.752332 -0.0559754 -0.487514 0.654029 1.4752 0.986168 0.640948 0.249844 
1.3255 1.74528 2.1663 1.2543 1.16166 -0.343871 0.20608 0.644421 1.30404 0.299816 0.767317 0.272417 
1.39213 2.04177 2.26855 0.389097 1.24082 -0.704398 0.40019 0.523514 -0.28401 -0.00322171 0.594412 0.100001 
1.4195 1.96243 1.71587 0.556699 1.91803 -0.116049 0.0355493 0.535005 0.169716 0.220759 0.510949 0.0964344 
1.39038 1.8337 1.92862 1.00053 1.02569 0.298532 0.489539 -0.04039 1.27595 0.119075 0.838904 0.242551 
1.43209 1.46202 2.02215 0.977369 1.18374 0.523633 0.805854 -0.436219 1.12653 0.0279475 0.868223 0.298638 
1.21814 1.35232 2.32498 1.50791 1.14048 -0.177972 -0.252608 -0.180314 1.2267 0.192297 0.0769708 0.0673296 
1.21737 1.62648 1.76476 0.569233 0.834047 0.407981 -0.0796043 0.85715 1.50222 0.237444 0.518221 0.0499549 
1.24802 1.55964 2.1159 1.01782 0.551296 1.64203 0.411034 0.234524 1.41551 0.514442 0.569633 0.211579 
1.32961 1.21713 2.21921 1.0888 1.20955 0.757427 1.14667 0.577057 1.48046 0.0162374 0.554613 0.250187 
1.27037 1.3475 1.67142 0.789089 1.65695 -0.053517 0.97713 0.478154 0.487583 0.627974 0.894208 0.194496 
1.17865 1.32031 2.16465 0.237756 1.72622 0.180711 0.500913 0.481576 0.594949 0.481399 0.843468 0.177762 
1.20462 1.4995 1.99992 0.512917 1.19329 -0.401834 0.614247 0.426944 1.39984 0.420944 0.94637 0.290888 
1.26713 1.09943 1.93282 0.587892 0.854769 0.0792298 0.861896 0.200524 1.00599 0.98119 0.566424 0.0861459 
1.16698 1.42537 2.20649 1.32831 0.876082 -0.202848 0.0014114 0.235164 0.802253 0.72716 0.329805 0.107706 
1.06364 1.43653 1.75089 0.706942 1.11953 0.713203 0.293572 0.0698786 1.01605 0.840052 0.372106 0.081957 
1.06017 1.67974 1.89821 0.275142 1.70235 0.870627 0.424944 0.73929 0.820689 0.87495 0.341272 0.12177 
1.10398 1.80735 2.17546 0.848541 1.32859 0.570452 0.559155 0.777325 1.33321 0.57378 0.266543 0.177632 
1.16859 1.6352 1.80362 0.505054 2.06077 1.22193 0.726845 0.743249 0.971537 0.833396 0.25315 0.12358 
1.3261 1.32072 1.70648 0.433221 1.61136 0.437547 0.127383 0.734539 0.188577 0.417465 0.880848 0.159627 
1.27164 1.49791 1.90358 0.935392 1.18416 0.289328 0.0991731 0.0886198 1.4219 0.095781 0.803192 0.239989 
1.06756 1.27255 1.74831 1.24349 0.861616 0.456484 0.342644 0.46405 1.38688 0.549587 0.596428 0.108523 
0.959564 1.39297 1.75578 0.279619 0.681788 0.310594 1.11129 0.351147 0.861432 1.12215 0.171668 0.157726 
0.976574 1.60807 1.93269 0.111767 0.780618 0.364526 0.398388 0.238855 0.665851 0.551805 0.583597 0.0701875 
1.03414 1.36216 1.44423 0.736281 0.786783 0.762907 0.084902 0.359675 0.521671 0.66866 0.649137 0.0797695 
0.96272 1.36479 0.885048 0.380307 1.01189 0.980219 1.12289 0.361745 0.931256 0.287845 0.685686 0.046568 
0.879073 1.32095 1.25891 0.52614 1.70566 -0.204698 0.23084 0.126921 0.844844 0.300688 0.604253 0.0371246 
0.977573 1.1855 1.23934 0.149944 -0.210455 -0.685515 0.260712 0.839885 1.13563 0.36389 -0.85226 0.123981 
0.910324 1.19044 1.2711 0.249074 -0.344455 0.516374 1.31607 1.14194 0.818639 0.519147 -0.329683 0.0385325 
