0.587617 0.883811 0.913411 0.483958 1.39406 1.02875 0.865511 0.926923 0.827025 1.73153 -0.0493123 -0.00717275 
0.561306 0.972902 1.2268 0.215552 0.80072 0.427309 0.833795 0.538976 0.716796 1.3293 0.284783 -0.0768509 
0.515822 0.524804 1.1929 -0.386005 0.662753 0.00601887 0.480209 1.16968 0.722759 1.262 0.241197 -0.357293 
0.524152 0.43351 1.54071 -0.463641 0.723239 0.746071 1.04248 0.647591 1.53793 1.92867 -0.00433698 -0.139214 
0.657806 0.104033 1.03486 -0.0265425 1.01412 0.219365 0.887079 0.509949 1.17667 1.37058 -0.0318027 -0.160078 
0.513262 0.134228 1.2046 -0.304693 0.832546 0.471562 0.625019 -0.178196 1.15115 1.46878 -0.47155 0.0270224 
0.427531 0.274443 0.819853 -0.555832 0.900439 1.0939 0.678301 0.556 1.10766 1.53555 -0.347556 -0.117176 
0.411117 0.337049 0.526541 -0.825986 0.0474601 0.595693 0.879937 0.284875 1.4642 1.29 0.00247695 -0.117063 
0.539471 0.255033 0.314965 -0.477774 -0.00960124 -0.236617 1.24606 -0.480907 1.91837 1.21254 -0.27302 0.0250978 
0.496348 -0.0145911 0.345591 -0.459447 0.128938 -0.405816 0.491726 -0.215329 1.18315 1.64734 0.193271 -0.0431622 
0.547443 -0.0420597 0.462869 -0.637577 0.518524 -0.600326 1.08523 0.258448 1.58137 1.15188 0.342521 -0.130021 
0.566538 0.0407683 0.0878676 -0.579133 -0.196575 -0.0227167 0.776047 -0.169668 2.11372 0.956986 -0.301648 0.0443637 
0.547013 0.0445582 0.0206232 -0.999564 -0.752635 0.224515 0.975091 0.155341 1.86546 0.586184 -0.253844 0.228825 
0.716708 -0.159403 -0.227427 -1.21244 -0.721755 -0.0615284 1.31951 -0.814366 1.04593 0.484953 0.0438585 0.0243185 
0.562382 -0.381959 -0.125925 -0.504118 -0.354094 -0.358691 1.04332 -1.74477 0.828405 1.1933 0.176682 -0.00653214 
0.663666 -0.16049 0.151741 -1.14504 -0.467246 0.0168965 1.06494 -1.47457 1.18027 1.25855 0.19649 -0.191263 
0.825494 0.04114 0.0138447 -1.51502 -0.442189 0.60648 1.0125 -1.63136 1.41678 0.944209 -0.240281 -0.0449569 
0.849152 -0.107224 -0.106248 -1.74669 0.112607 -0.12536 1.31133 -0.517213 1.10703 1.07781 -0.0468324 -0.00882742 
0.829652 -0.128092 0.228704 -0.918988 0.246975 0.0542253 1.31884 -0.250986 1.28847 0.923663 -0.153628 -0.145086 
0.721045 -0.054488 0.796361 -1.27833 0.582614 0.775933 0.630572 -0.375928 1.08539 0.940567 -0.0836967 -0.0413112 
1.18101 0.302047 0.69122 -1.36265 0.834527 0.668621 0.388702 0.0829851 0.402588 0.626135 0.0334182 -0.208435 
1.19658 1.0182 0.567861 -0.437825 -0.0151452 -0.0395847 1.43906 0.0720982 0.414051 -0.119655 -0.203569 -0.370533 
1.14827 1.13822 0.699213 0.267234 1.12773 0.0669182 1.11375 0.197658 1.20284 -0.244615 -0.138033 -0.181267 
1.48498 1.89036 1.91312 1.54071 3.19517 0.532376 1.00509 -1.0662 0.509167 -0.146922 -0.361812 -0.143102 
1.76127 1.78779 0.733484 3.22934 5.26617 -0.970321 0.504574 -1.58623 1.1664 -0.145935 -0.650287 -0.257167 
1.74399 1.94869 0.985581 3.13114 5.4369 -1.10718 0.329457 -1.48918 1.01607 -0.371849 -0.669835 -0.220008 
1.95935 2.15048 0.333737 3.59819 5.84503 -1.11975 0.380045 -1.80981 1.0798 -0.302014 -0.750878 -0.20365 
1.97346 1.66443 0.716855 3.48855 5.79452 -0.916336 0.0418563 -1.54156 1.03518 -0.0678016 -0.706208 -0.240578 
1.84999 1.7563 0.887132 2.91894 5.62267 -0.524706 -0.165907 -1.52458 0.99646 0.0967461 -0.582896 -0.344892 
1.75184 1.71153 0.635141 2.96414 6.00191 -0.77015 -0.133101 -1.68597 1.15435 0.111065 -0.601986 -0.32253 
1.94556 1.61826 0.288561 3.19762 6.29827 -0.944709 -0.0696565 -1.89018 1.02507 -0.0151648 -0.736383 -0.202221 
1.80672 1.71171 0.469343 3.43037 6.631 -1.25353 -0.227357 -1.71145 1.05126 0.129753 -0.89948 -0.239413 
1.68854 1.73752 0.564706 2.92987 6.53391 -1.1705 -0.335407 -1.58579 0.936389 0.187909 -0.826012 -0.283808 
1.68643 1.74678 0.534679 2.22286 6.33093 -0.640185 -0.0666199 -1.37499 1.02717 0.329497 -0.683703 -0.297534 
1.7629 2.08793 0.256635 2.19321 6.87224 -0.635845 -0.0402641 -1.65655 0.90648 0.447877 -0.731566 -0.328942 
1.77888 2.02209 0.472895 2.4879 6.5672 -0.847019 -0.394017 -1.77799 0.795563 0.286247 -0.796422 -0.379895 
1.82161 1.96724 0.362056 2.64284 6.11979 -0.951118 -0.527882 -1.83039 0.685677 0.0375608 -0.744015 -0.343929 
1.98303 1.69091 0.366873 2.24331 5.75777 -0.651837 -0.312066 -1.26893 0.47762 -0.10768 -0.798444 -0.207186 
1.93776 1.81835 0.4319 2.49848 4.86308 -1.12287 -1.02197 -1.42523 0.340232 -0.0702204 -0.655586 -0.269201 
1.85778 1.79233 1.25217 2.83645 4.41265 -1.60041 -1.22083 -1.05124 -0.236086 0.0284042 -0.77034 -0.266374 
1.9178 1.69467 0.59838 1.66991 3.99968 -0.108788 -0.463099 -0.916251 0.798513 0.25417 -0.276428 -0.293882 
2.05151 1.73702 0.285941 1.37874 4.29061 -0.23717 -0.79925 -0.815561 0.684499 0.410765 -0.342583 -0.316193 
1.8454 1.98846 0.733596 1.76277 4.60458 -0.769159 0.150082 -0.856037 0.172358 -0.386376 -0.470005 -0.037825 
1.79628 1.81476 1.55328 1.81038 4.17726 -0.688862 0.0267799 -1.12629 0.500275 -0.530974 -0.340319 -0.0152666 
2.24051 1.57451 0.645072 1.27602 3.03779 0.762006 0.259908 -0.372525 1.0748 -0.617465 -0.554404 -0.253428 
2.08431 1.95141 0.890401 1.33229 3.97738 0.359374 -0.270086 0.106386 0.77836 -0.171981 -0.460674 -0.315252 
1.87383 1.85275 1.27284 1.53387 4.36034 -0.343588 -0.09984 -0.399377 0.593336 0.113009 -0.46123 -0.15685 
1.83077 1.58238 1.48591 1.21244 4.06737 0.231052 0.276613 -0.196605 0.702393 -0.163006 -0.584509 -0.205023 
1.78645 1.61916 1.81534 1.15312 4.06208 0.274134 -0.0678816 0.246665 0.283247 -0.311025 -0.393521 -0.189961 
1.77764 1.60148 2.01601 1.2654 3.3328 -0.376659 0.0443682 0.529994 0.16903 -0.325818 -0.470138 -0.0912261 
1.82407 1.44356 1.32786 0.486287 1.98584 0.0990579 0.0611117 0.306022 1.52479 0.345922 -0.55996 -0.372544 
1.93615 1.84411 0.4188 -0.149554 0.795957 -0.0418303 0.439805 0.170781 2.22925 0.322328 -0.224484 -0.486177 
1.94891 1.19794 0.769329 0.076434 1.06388 0.188103 1.17541 0.435065 1.92459 0.947944 -0.321194 -0.321603 
2.04463 1.51361 0.796682 0.127221 1.937 -0.30353 0.170421 0.288965 1.53759 0.733892 -0.111987 -0.139514 
1.98603 1.82714 1.38232 -0.213182 1.22589 -0.121799 1.48147 0.0616577 1.82301 0.42111 -0.229417 -0.0191951 
1.91575 1.80264 1.39562 0.221647 1.71313 -0.306976 1.45543 0.300407 2.42375 0.411487 -0.134668 0.042129 
1.96928 1.86328 1.34249 0.232017 1.37188 0.479484 1.47404 0.736432 1.77987 -0.0404367 -0.277824 -0.150312 
1.77167 1.7588 1.28929 0.619713 1.99994 0.703246 1.44463 0.324422 1.42965 0.146934 -0.0273232 0.0112057 
1.65861 1.66437 1.2649 0.665379 2.0142 0.371101 0.358856 0.312332 1.80454 0.149742 -0.136218 -0.156377 
1.63281 1.25943 1.21791 0.642488 1.26491 0.277644 0.231857 0.306679 1.9306 0.273346 -0.0482945 -0.0865535 
1.50787 1.32114 1.19115 0.557361 1.48822 0.728741 0.798281 0.205061 1.98229 0.615428 0.0978859 -0.0636355 
1.63132 1.66949 1.86635 0.500564 1.80094 1.32813 1.97368 0.453863 1.59997 0.20041 -0.264477 0.0198585 
1.69628 2.02576 1.99075 0.73564 2.11144 0.390525 1.45355 0.606605 1.02938 0.779538 -0.0805616 0.0783616 
1.76083 1.85408 2.23075 0.715114 1.70841 1.03851 1.05082 0.741138 0.75317 0.923569 0.0262626 0.016794 
1.62362 1.9072 1.9112 0.877052 1.52738 1.21047 0.884194 0.652162 1.16529 0.567608 0.132021 0.07078 
1.51188 1.80228 1.91233 0.680377 1.83258 0.230331 0.975305 0.233542 0.705752 0.000958937 -0.0724126 -0.00882558 
1.47264 1.58154 1.9833 0.355883 2.24681 0.0716567 1.57531 0.531922 0.140523 0.118451 0.150548 0.124989 
1.40568 1.74863 2.215 0.998017 2.11241 0.366801 1.42834 1.52055 0.272762 0.159812 0.43638 0.152621 
1.36746 1.73285 2.14396 0.791202 2.3115 0.311783 0.11554 1.25685 1.16852 0.409465 0.701293 0.201585 
1.32903 1.22148 1.99284 0.231823 1.65899 -0.284865 0.889075 1.54912 1.07636 0.653154 0.490919 0.145238 
1.21138 1.60088 2.08674 0.906368 1.92466 -0.581627 0.853044 0.317845 1.11182 0.47597 -0.161179 0.112348 
1.25675 1.31892 2.2414 1.70924 2.17251 0.0671513 1.01659 0.85306 0.778865 0.965542 -0.157343 0.101686 
1.3034 1.25068 2.096 1.6025 1.94666 0.496351 1.1623 0.119992 1.46206 0.663164 0.353644 0.235154 
1.35476 1.5211 1.82806 1.38901 1.68105 0.28841 0.677859 0.0538442 1.17673 1.22388 0.555406 0.252136 
1.29111 1.45209 1.5643 1.04708 1.05975 -0.0433865 1.30377 1.19063 0.653433 1.27709 0.571677 0.170328 
1.2399 1.28877 1.56964 1.25839 1.71882 -0.375246 0.753299 0.42967 1.15609 1.41404 0.578964 0.180717 
1.17484 1.12698 1.97534 1.32703 1.62757 0.285467 1.1592 0.164012 0.306429 0.841862 0.311659 0.0404248 
1.16445 1.13163 1.52781 1.37852 1.94077 0.585399 1.38759 0.5566 0.935572 -0.174782 0.679267 0.166376 
1.22284 1.21038 1.66447 0.86028 2.18876 0.784203 0.780734 0.818802 0.948039 0.185701 0.725457 0.188617 
1.22961 1.2252 2.53487 0.688789 1.57787 0.264472 1.2701 0.6474 -0.0573469 0.364427 0.335681 0.0877681 
1.19301 1.28464 1.70827 1.57298 1.53054 -0.173013 1.69877 0.850346 0.135114 -0.288884 0.130881 0.0400354 
1.1922 1.19656 2.25294 1.20076 1.94673 0.30696 1.89857 -0.044454 0.953802 0.248927 -0.025345 0.171607 
1.11132 1.40109 1.99096 1.22319 1.9365 0.697319 1.29166 -0.837822 0.890794 0.835426 0.246566 0.15334 
1.06275 1.44122 1.7195 0.0961959 1.87913 0.406611 1.27054 0.167717 0.699348 0.595187 0.966813 0.191406 
1.11766 1.19944 2.11328 1.13543 0.887093 0.207968 1.5167 1.17784 0.742305 0.867646 0.427742 0.124543 
1.15125 1.40651 2.09604 1.32189 0.884923 0.0521036 1.27443 0.874991 0.961454 0.398071 0.510036 0.159783 
1.08296 1.48011 1.73001 0.937935 1.15269 -0.536355 0.913915 0.745343 0.968552 0.409826 0.446396 0.178429 
1.0137 0.951578 1.70293 1.18101 0.905238 0.0749226 0.240179 0.158652 0.931213 0.188717 0.227947 0.0743514 
0.946854 1.09669 1.79571 0.624157 0.813239 0.898736 1.49703 0.685255 1.32809 1.0569 0.0375686 0.0867428 
0.927603 1.15413 1.65823 0.591485 1.53183 0.407302 1.98508 0.637358 1.81058 0.595975 0.670504 0.161272 
1.00163 1.24197 1.53343 0.529255 1.43088 0.531985 0.86664 0.460917 1.03538 1.18586 0.71226 0.08884 
0.957828 1.31995 1.67571 0.90621 1.93874 1.22744 0.837969 0.0259108 0.65813 1.56079 0.724314 0.10694 
0.98369 1.44095 1.88618 0.784574 2.15883 0.463869 1.72205 1.11876 1.08396 0.524683 0.922678 0.191089 
0.983197 1.67008 1.52947 1.00962 1.932 0.138978 1.55444 0.973012 1.53708 0.313326 0.814245 0.18161 
0.909572 1.37978 1.51822 0.902684 0.687506 -0.00545178 0.997933 0.891987 1.54056 0.666214 0.82055 0.162303 
1.01574 1.02662 1.92605 0.953238 1.37814 0.436991 0.846211 1.30351 1.8692 0.82939 0.742349 0.18832 
0.877315 1.02374 2.13829 0.861273 2.19171 -0.127129 0.71983 1.42604 1.59469 0.347271 0.397395 0.203438 
0.892005 1.136 2.25077 0.997777 1.62326 0.164206 1.52378 1.36156 1.37695 0.556523 0.549285 0.19582 
0.993271 1.41808 1.45606 0.620296 1.47529 0.203524 1.83235 1.18902 0.925013 0.744197 0.531539 0.15315 
0.937062 1.37357 1.57708 0.105978 1.52529 -0.592725 1.10359 0.769062 0.712812 0.872685 0.266971 0.188667 
0.869914 1.16243 1.56394 0.653339 1.03261 0.0802083 1.42872 0.475252 0.782634 0.955206 0.394841 0.119015 
0.915168 1.08128 1.76182 0.937534 0.64533 1.01573 0.944607 0.680616 1.26556 0.64443 0.408839 0.147943 
0.800569 1.1874 1.82456 1.07164 0.310403 0.983677 0.85186 0.361988 1.77233 0.511617 0.959877 0.0708056 
0.773069 1.28586 1.30515 1.08267 0.83014 1.12293 0.149498 0.384795 1.87276 0.471504 0.856747 -0.0137914 
0.720292 1.02932 1.23508 0.978999 0.73207 1.81419 0.594429 0.491412 1.28952 0.891258 0.759194 0.0258605 
0.791164 1.11377 1.30239 0.822345 1.3993 0.308234 1.51607 0.709244 0.357394 0.927229 0.57666 0.0190553 
0.734538 0.925427 1.22448 0.739218 0.739518 0.467684 1.23096 0.678825 1.06953 0.542876 0.436427 0.0382015 
