0.595789 1.29629 1.00878 0.743666 1.62879 0.0525609 0.71797 0.870261 0.184755 0.106823 0.364568 -0.0295332 
0.686155 0.980531 0.916557 1.20029 0.977796 0.460542 -0.0713744 0.746613 0.460527 0.33016 0.179599 0.0777345 
0.65306 0.980132 1.11899 0.907121 0.69707 0.351973 0.0261814 0.703884 1.05644 0.330016 0.217766 0.154618 
0.66633 0.841128 1.27676 0.985068 1.2142 0.476349 1.45805 0.194338 0.611849 0.848698 0.157363 0.0411546 
0.585245 0.595227 1.19052 0.649564 0.675556 0.576911 0.897521 0.197489 0.772559 0.369238 0.330551 -0.0163557 
0.671887 0.816668 1.75148 0.100545 1.22623 0.530002 1.19879 -0.106855 1.09739 0.240296 0.382568 0.169928 
0.569003 1.40719 0.881094 0.0236869 1.07653 0.586199 1.00692 0.17632 0.357476 0.197746 0.113839 0.161461 
0.633568 1.17434 0.906473 0.7528 0.8187 0.502237 0.564245 0.36867 0.511394 0.094031 0.504405 0.125449 
0.666666 1.03862 0.930188 1.32145 0.619292 0.749884 1.34334 0.423503 0.605465 0.644714 -0.0448927 0.138164 
0.617744 0.960671 0.73468 1.26584 0.438891 0.12799 0.482921 0.296542 1.258 0.493991 -0.0833887 0.0245059 
0.58418 0.652781 0.995521 1.01973 1.17287 0.919145 0.175675 1.28859 0.828983 -0.0622056 -0.0466501 0.0762263 
0.657791 0.976861 1.12429 0.778776 1.19081 0.983494 0.739749 0.333402 -0.218224 -0.485902 0.393122 0.0431467 
0.67016 1.05163 1.15904 1.35544 1.65595 0.62646 1.21357 1.13786 1.1661 0.0398291 0.026592 0.150794 
0.724276 1.20516 1.10195 1.39498 1.34522 0.435054 0.240612 2.11642 1.69139 0.233612 0.11241 0.0210432 
0.76054 1.27064 1.46599 1.05683 2.11686 1.26427 0.726523 1.45563 -0.471829 -0.241585 -0.39025 0.121286 
0.901188 1.35722 1.49123 0.868068 2.41389 1.61008 1.8162 0.881165 0.217531 0.357853 -0.183394 0.175082 
1.08492 1.48031 1.59005 1.3281 1.92789 2.12687 2.12056 1.31014 0.542825 0.541998 0.185653 0.180538 
1.36145 2.02649 2.69623 2.09932 2.34885 1.69567 1.45141 2.04022 0.910296 0.0470979 0.296257 0.107826 
1.57224 2.50828 3.05263 2.44199 2.91176 1.41983 1.75905 1.21413 1.43287 -0.254658 0.341205 0.100716 
1.63705 2.79151 2.88925 2.44009 3.14297 1.56317 2.85128 1.08977 0.0288843 -0.0207943 0.264599 0.0589954 
1.65953 2.42643 2.30681 2.15851 3.38699 2.22623 3.0472 1.68111 0.175949 -0.415097 0.340976 0.164781 
1.69692 2.30837 2.36363 1.56808 2.35224 2.47526 2.96592 0.652556 0.0802219 0.059946 0.119789 0.126338 
1.77974 2.06632 2.06933 1.33778 2.23181 2.14493 2.27406 0.285054 0.264543 -0.133784 -0.0740391 0.0172313 
1.83031 2.06929 2.1002 1.35332 2.6173 1.84806 1.0977 1.53021 0.248193 -0.117114 0.0614759 -0.0418037 
1.69832 2.04176 2.34373 1.70552 1.67352 1.21654 0.942107 1.57553 0.399054 0.251259 0.20713 0.0403142 
1.59472 1.99358 2.61872 1.52101 1.94174 1.74115 1.84666 0.603204 0.564855 -0.315231 0.16765 0.045287 
1.70521 2.18291 2.60595 1.25087 2.54303 1.80083 2.47957 0.641198 0.441904 0.395498 -0.175948 0.0223156 
1.91858 2.63082 2.3847 1.13853 2.38229 1.36834 1.61718 0.98328 0.458098 0.444022 -0.0070026 0.00340207 
1.79336 2.42786 2.89225 1.54009 2.56443 1.74736 2.3967 1.38309 0.6223 -0.0618752 0.185848 0.0868072 
1.72601 2.17842 2.70266 1.67452 2.5652 2.05727 2.82237 1.30486 0.685487 -0.488047 0.374484 0.206677 
1.74467 1.92065 3.06628 1.46161 2.47713 1.95522 1.55372 1.7698 1.11911 -0.103393 0.291251 0.154211 
1.69777 2.11384 2.54743 1.3834 2.61343 1.40744 1.77792 1.0238 0.597793 0.288267 0.0666969 0.0710157 
1.62207 2.03471 2.52389 1.6166 2.7725 1.68853 2.08484 -0.153818 0.352591 0.0601494 -0.116776 0.0219405 
1.75598 2.37428 2.95845 1.70451 2.0539 1.20327 1.12303 -0.949577 1.12532 -0.328453 -0.219478 -0.0132606 
1.76824 2.72952 3.22099 1.68592 2.51917 0.772394 1.11087 -0.685493 0.225449 -0.863619 -0.159063 -0.10044 
1.86839 3.03875 2.3188 1.33073 3.09271 0.861728 1.4207 -0.565739 -0.257594 -1.93698 -0.0517519 -0.213379 
1.89472 3.10681 1.92389 1.57112 3.31464 0.573314 1.39547 -0.811941 0.0828778 -2.0264 0.0178819 -0.222569 
1.99083 2.9027 1.62162 1.34244 2.92904 0.481709 1.30027 -1.06246 0.0533138 -1.91989 -0.105173 -0.139292 
2.00278 3.04197 1.61337 0.672368 3.1304 -0.0499584 1.53069 -1.21951 -0.777155 -1.58514 -0.423491 -0.0174614 
1.93945 2.95874 1.5025 0.625955 2.38943 -0.612579 1.84494 -1.75975 -0.93717 -1.60468 -0.480331 0.0445163 
2.10809 2.9909 0.97307 0.178685 2.3798 -0.867682 2.11981 -1.52969 -0.856349 -1.96414 -0.770056 0.0565096 
2.22086 3.08016 0.766784 -0.633192 3.16436 -0.00633057 1.01107 -1.06971 -0.853947 -1.53034 -0.569054 -0.101457 
2.26185 2.8786 0.299168 -0.0528221 2.50722 -0.139478 0.767958 -1.99087 -0.0231075 -1.69858 -0.216494 -0.116666 
2.22843 2.80296 0.0606281 -0.451115 2.80474 -0.741351 0.3249 -1.77623 -0.0785456 -1.482 -0.319756 -0.122873 
2.30592 2.68027 -0.217884 -0.187689 2.38218 -1.10419 0.779834 -1.78057 -0.210691 -1.35256 -0.438314 0.0546588 
2.2193 2.44549 -0.297782 0.265145 1.98723 -1.60111 1.33731 -1.59726 0.0348742 -1.6311 -0.448932 0.127234 
2.27251 2.26832 -0.371777 0.0624868 1.71662 -1.61697 0.412092 -1.38397 0.261243 -1.44296 -0.33397 0.109193 
2.3062 2.26098 -0.561568 0.166134 1.41432 -2.39393 0.143414 -0.996508 0.128951 -0.863333 -0.333775 0.241953 
2.26466 2.47952 -0.777834 0.17203 1.40222 -1.98575 -0.139502 -1.01257 0.287337 -0.109048 -0.0812365 0.150393 
2.27841 2.20829 -0.901816 0.748302 1.40129 -2.19601 -0.276159 -0.968172 1.05682 0.305487 0.210727 0.142455 
2.34268 1.73623 -0.787702 0.622267 1.02186 -1.9502 0.780831 -0.978834 0.866291 0.244005 0.528074 0.232614 
2.43034 1.4652 -1.26714 0.592578 1.51426 -2.22534 0.871275 -0.528511 1.00931 0.32617 0.444944 0.367136 
2.46643 1.14957 -1.28034 0.367481 1.69338 -1.78419 0.325231 -0.186378 1.29276 0.650914 0.369783 0.262845 
2.63186 1.61938 -1.54279 -0.232051 2.44823 -1.2007 0.00799763 -0.157342 1.1605 1.2543 0.266741 0.167455 
2.33118 1.86159 -0.48918 0.176636 1.75278 -1.10469 0.132767 0.185386 0.786264 0.692784 0.148992 0.103471 
2.24603 1.93977 -0.300597 0.531383 1.88185 -0.0554002 -0.334965 0.323235 0.218824 -0.0122219 -0.111406 -0.0116182 
2.34673 1.84821 -0.271089 0.906258 2.26725 -0.537178 0.405462 -0.0386175 -0.0363412 -0.409235 -0.305264 0.0967641 
2.29061 1.72785 0.277293 0.481455 2.47062 -0.151999 0.380382 -0.442303 -0.60118 -0.778032 -0.227054 0.188087 
2.2931 1.83445 0.567375 0.184335 3.10403 -0.0415274 -0.488588 -0.513632 -0.415309 -0.527934 -0.118278 0.122689 
2.25879 2.17775 0.623409 0.121882 2.68908 0.0341121 0.468051 -0.887754 -0.499659 -0.272139 -0.0222503 0.174791 
2.26191 2.27279 0.553538 0.81082 1.80599 -0.435232 0.13794 -0.654457 0.12064 -0.0131695 0.0234182 0.0357237 
2.31874 2.32261 0.469955 0.9319 1.84449 -0.668325 0.754001 -0.151162 -0.166029 -0.506223 -0.18794 0.143799 
2.30639 2.13683 1.03782 0.980435 1.12052 -0.544382 0.903186 0.236874 -0.365385 -0.531032 -0.0422046 0.173541 
2.30567 2.09708 0.319421 0.302397 1.544 -0.217255 0.916556 0.359871 -0.569717 -0.126031 0.0450443 0.275323 
2.27273 2.25393 0.512272 -0.197598 1.95486 -0.55257 0.0992397 0.513052 -0.125233 0.695846 0.0787063 0.0765918 
2.22192 2.21455 0.880075 -0.102719 1.47396 -0.148024 1.03935 -0.64329 0.280804 0.41491 0.131054 0.112353 
2.14221 2.02068 1.12959 -0.127332 1.14818 0.583221 1.00784 -0.351064 0.303469 0.220153 0.139885 0.0868869 
2.02489 2.21937 1.64177 0.0804393 1.17565 0.966423 0.447896 0.564138 -0.00305879 -0.181069 0.162092 0.0472345 
2.06911 2.21482 1.62822 1.45887 1.79932 -0.41805 0.0730329 -0.0807003 0.70101 0.75706 0.195571 0.0848184 
2.01477 2.24291 1.33808 1.01969 1.92781 -0.0776878 1.00955 -0.537904 0.742738 0.441291 0.216432 0.13479 
1.97442 2.30461 1.52364 0.787032 1.30007 0.00146886 0.993591 0.0153879 0.985797 0.328265 0.110731 0.0217692 
1.96531 2.04395 2.22592 0.226878 0.542153 -0.946021 0.87123 0.374244 1.26525 0.531482 0.256481 0.189605 
1.84558 1.87989 1.75495 0.705044 0.741753 -0.252803 0.617624 0.731052 1.15392 0.59864 0.585251 0.267322 
1.83433 2.03742 1.79148 0.0386631 1.87454 -0.0548738 0.710204 0.0837111 0.765952 0.632819 0.54459 0.367381 
1.81559 2.06699 1.45783 0.794122 2.68543 -0.244609 0.455383 -0.0633539 0.614448 0.16693 0.405658 0.277124 
1.76602 2.09204 1.78089 1.08075 1.48366 -0.284347 0.809041 0.0692353 1.4203 0.263726 0.249514 0.156445 
1.81478 1.9801 1.69588 1.049 1.00413 0.632208 0.663746 0.0720054 0.811724 0.230454 0.50798 0.253153 
1.76254 2.23158 1.73382 1.0213 1.13621 -0.193289 0.970308 -0.131975 1.11412 0.156564 0.346568 0.179875 
1.64245 2.12515 2.09952 1.04604 1.84295 0.0697347 1.14241 -0.0308002 1.37497 -0.534502 -0.00490882 0.0428355 
1.61886 2.26298 2.32042 0.792914 2.07388 0.679465 1.58057 0.0855933 0.874351 -0.175268 -0.0940333 0.0391549 
1.5143 2.47133 2.2612 1.58291 2.13857 0.921509 1.35313 0.491916 0.525349 -0.578637 0.304906 -0.00285537 
1.56471 2.18823 2.51256 1.7098 1.89177 0.697921 0.841927 1.1336 1.07285 -0.268047 0.217039 0.0721051 
1.55459 2.19075 2.41056 1.40827 2.38994 1.10961 1.11233 0.717111 1.00738 -0.0897292 0.0889148 0.0443994 
1.7013 2.17638 2.14663 1.16137 2.49109 0.791731 1.08987 0.99376 0.363975 0.00747929 0.19812 0.085958 
1.69036 2.14993 2.20348 1.11331 1.85418 0.220592 1.71233 1.3588 0.172642 0.232416 0.327096 0.170356 
1.6459 2.14989 2.47851 1.1551 1.44941 1.01496 1.04262 0.989904 0.674582 0.476426 0.264556 0.115775 
1.63082 1.94551 2.54466 1.18363 1.24131 1.29955 0.814708 0.563088 1.67402 0.459519 0.264921 0.223037 
1.58957 1.89199 2.8346 1.37092 1.79679 0.200513 0.774093 1.06525 1.52391 0.694145 0.232065 0.262814 
1.47634 2.2923 2.71349 2.1194 1.50007 0.493614 0.499493 1.08897 1.26208 0.311704 0.452777 0.262517 
1.50247 2.29518 2.56831 2.16819 1.10569 0.502811 1.0937 1.19734 1.01593 0.21575 0.406045 0.181935 
1.60269 1.80953 2.78124 1.84267 1.77391 0.221081 1.1551 0.57332 0.788262 0.338564 0.409026 0.271075 
1.51614 2.03999 2.14322 1.99882 1.90203 0.489928 1.45218 -0.287727 1.12236 0.758768 0.450326 0.260709 
1.55209 1.94371 2.50437 1.1316 1.75998 1.08665 1.41642 0.65104 1.09477 0.455802 0.394989 0.247499 
1.50111 1.95808 2.18353 1.03118 1.82889 0.800489 1.93644 1.73917 0.868502 0.195919 0.463076 0.184462 
1.29458 2.09608 2.08088 1.20294 2.16766 1.21556 0.898893 1.70982 1.58418 0.717211 0.337592 0.188589 
1.27733 2.14298 2.11434 1.68756 2.36841 1.31546 0.994584 0.733949 1.52454 1.16387 0.185078 0.266642 
1.2379 1.68567 2.16232 2.5009 2.61411 0.827348 2.0216 0.304509 1.70935 0.585096 0.473158 0.276439 
1.28264 1.86069 2.28598 2.23255 2.01177 0.571628 1.55957 0.714499 1.80153 0.398025 0.464771 0.283423 
1.31955 1.77937 2.13025 1.92818 2.34836 1.16169 1.4479 1.20989 1.71741 0.330115 0.143409 0.193332 
1.35068 1.66401 2.65141 1.90828 2.50928 0.362982 2.36098 0.835115 1.02606 0.674885 0.074433 0.270766 
1.30457 1.63635 2.59567 1.63213 2.44903 1.22417 1.46831 0.347845 1.49586 0.282971 0.0370641 0.212109 
1.24763 1.88654 2.13001 1.60293 2.58606 1.08859 1.31291 0.449596 1.64526 0.43286 0.168357 0.184474 
1.15063 2.0559 2.54066 1.39379 1.64935 1.14864 0.831254 0.991663 1.16315 0.254785 0.542283 0.180679 
1.22514 1.71346 2.35113 1.07134 1.83717 0.0223565 1.27798 0.724476 0.905461 0.0176212 1.08144 0.298474 
1.33677 1.57028 2.45645 0.678302 2.02604 -0.376473 1.52098 1.23513 0.292189 0.294876 0.890368 0.307841 
1.09534 1.68795 2.53677 1.20635 2.59222 -0.10206 1.06158 1.18481 1.14784 0.385251 0.556448 0.252091 
0.990689 1.60917 1.95562 1.24504 2.45829 0.203375 1.82683 1.00966 0.949816 0.996701 0.565627 0.268036 
1.01526 1.67173 1.8298 0.599877 2.29827 0.0154158 1.7517 1.35489 0.802405 0.810925 0.378513 0.20091 
1.0416 1.68253 2.20437 1.1218 2.07703 0.142658 1.8599 0.965291 0.575859 0.617348 0.374808 0.194029 
1.13203 1.42435 2.33548 1.25734 1.8072 0.456788 0.957439 0.886476 1.55527 0.43032 0.693385 0.287451 
1.12822 1.50914 2.53063 0.848772 2.02524 0.710684 1.10555 0.606445 1.68973 0.828844 0.464582 0.33033 
1.14968 1.84801 2.00195 1.45776 1.67482 0.627855 1.00413 -0.413011 1.41446 0.662346 0.555011 0.228882 
1.05916 1.62743 1.56891 1.22033 1.1233 -0.392603 0.1181 0.385088 1.09433 1.31065 0.61873 0.208625 
1.12643 1.52693 2.19627 1.20807 0.804062 -0.0648115 1.11512 1.10716 1.95611 1.05373 0.119099 0.251483 
1.03603 1.62551 2.20121 0.76158 0.581991 0.472522 0.942577 0.340603 1.88327 1.34762 0.16551 0.331882 
1.02831 1.46703 2.40734 0.1707 1.0391 0.376343 1.37542 0.395 1.30934 1.05011 0.694031 0.25167 
1.11358 1.13181 2.0675 0.479062 1.59858 0.146325 0.595167 0.619424 1.17877 0.824016 0.238716 0.164853 
1.09742 1.24586 1.70903 1.05419 1.53248 1.1816 1.1487 0.355791 1.69639 0.798428 0.334079 0.190351 
0.986704 1.37612 2.16989 0.987578 1.19272 1.04258 0.83105 0.535964 1.67958 1.24915 0.647546 0.224451 
0.883932 1.42968 2.05373 0.803669 0.80241 0.218784 1.23074 0.494472 1.52653 1.15322 0.46611 0.145805 
0.9681 1.40591 1.88944 1.49631 1.25772 0.831487 0.833973 0.415642 1.44413 -0.260859 0.493904 0.0994162 
1.03186 1.56498 1.70564 1.52755 1.4081 0.158387 0.311508 0.791814 1.68802 0.775756 0.532438 0.193886 
0.842111 1.41263 1.42217 0.822034 1.22541 0.241954 0.840729 0.0548195 1.63923 0.384349 0.0466944 0.139213 
0.854732 1.6534 1.53763 0.453266 1.63997 0.676516 1.44149 0.460349 1.25697 0.987887 0.455068 0.153945 
0.920861 1.60995 1.32081 0.955688 1.25656 0.312619 1.60487 1.30622 0.279823 1.00316 0.566005 0.157793 
0.848082 1.58831 1.79894 1.01307 1.93911 0.327394 1.81944 0.718201 0.604913 0.902411 0.295135 0.191269 
0.790396 1.1294 1.50575 1.56671 1.71219 0.289912 1.35799 -0.0277516 0.923622 0.50935 0.336522 -0.0107642 
0.727053 1.01102 1.32264 0.541994 0.304628 0.140567 0.0136554 0.065855 0.622168 0.119513 0.412141 0.0185705 
