0.535655 0.826404 0.826907 0.851444 0.789789 0.806986 2.00049 1.04661 0.725023 0.423812 0.394937 0.0281445 
0.482572 0.860391 1.03882 0.293138 0.731069 0.063559 2.27905 0.787814 0.813149 -0.0819366 0.119428 -0.0287303 
0.29658 1.28312 0.85953 0.598772 0.845706 0.443228 1.97802 0.386957 0.846503 -0.439624 0.186497 -0.261672 
-0.0325255 1.47858 1.08103 -0.191103 3.00772 0.568659 1.33976 1.5598 -0.784105 0.438508 0.405361 -0.27686 
-0.369673 1.4609 2.25009 -1.13444 4.00744 0.220661 1.40486 3.41064 -0.859754 0.785377 0.194577 -0.113934 
-0.663654 1.3111 2.9526 -1.09193 3.39461 0.118257 1.07211 2.36049 -0.375517 0.775504 0.34129 -0.196792 
-0.861356 1.27023 2.6029 -0.636241 2.50266 0.16533 1.81313 1.20543 0.274287 0.160281 0.634225 -0.433261 
-0.945238 1.22051 2.82366 -0.631625 2.22007 -0.423893 1.60457 0.424453 0.0142752 0.375096 0.70884 -0.445386 
-1.20787 1.39013 2.40684 -1.22844 3.75083 -0.836977 0.624553 1.52943 -0.731013 0.368811 0.215392 -0.273564 
-1.09908 1.32946 2.44145 -1.85043 3.11854 -1.46599 1.19567 1.40307 -1.67669 0.941096 -0.190899 -0.180605 
-1.04328 1.38954 2.78437 -1.91394 3.20208 0.116412 0.471286 1.04489 -0.912819 0.78023 -0.22462 -0.122539 
-1.21018 1.36665 2.95428 -1.57504 3.05392 0.921547 1.49761 1.01005 -0.272125 0.820897 -0.302828 0.083172 
-1.34896 1.8066 2.58148 -0.423582 2.51775 -0.368568 1.30815 0.437516 -0.120923 0.910698 -0.237866 0.0295988 
-1.44275 1.83411 2.96648 0.0634926 2.51519 -0.148022 1.01198 -0.0396769 0.0815336 0.681484 -0.30972 -0.0764671 
-1.42601 1.81415 2.86032 -0.0262574 3.71287 0.675533 0.740752 1.04937 0.850261 0.337558 0.126566 0.0610944 
-1.41357 1.44081 2.68634 -0.445584 2.69022 0.132185 0.359867 0.704295 1.74031 -0.45579 0.0817198 0.126551 
-1.38307 1.6006 3.25623 -0.0277844 2.23194 0.648513 0.595863 1.08495 1.75488 -0.652768 0.283654 0.124953 
-1.33734 1.29598 3.74903 -0.06177 2.5115 0.116595 0.554309 0.967724 1.68555 -0.292103 -0.0769619 0.433609 
-1.28138 1.15582 3.46053 -0.104983 1.7778 -1.28977 -0.211718 0.847724 2.00003 -0.704127 -0.0436648 0.512109 
-1.23492 1.24038 3.31708 -0.0603299 1.63232 -1.06583 0.482099 0.879436 1.77357 -0.580303 0.0985758 0.36464 
-1.09816 0.472614 3.60541 -0.558224 1.8993 -1.11427 0.703975 0.87119 1.96941 -0.796427 -0.27352 0.41787 
-1.06157 0.244219 3.8064 -0.246678 0.850877 -1.01707 0.120878 0.714 1.57823 -0.25887 0.0251285 0.234236 
-0.996872 0.341041 4.04839 -1.02055 1.92341 -0.175803 -0.526545 0.352723 1.65049 -0.405797 0.24234 0.165898 
-0.856414 0.557777 3.36908 -0.730489 2.07744 -0.333241 -0.389346 0.390745 1.4518 -0.215354 0.108186 0.133795 
-0.791037 0.19591 3.00587 -1.05402 2.01447 1.72716 -0.0534619 0.945719 0.610473 -0.0283961 -0.152176 0.12133 
-0.404721 0.430877 2.6845 -1.29853 2.18068 0.835872 -0.0866752 1.64732 1.00789 -0.128808 -0.733121 0.0616141 
0.0767117 0.374166 2.59862 -0.888327 1.2297 0.0577811 0.101931 1.77872 1.48752 0.136192 -1.12819 0.0189811 
0.410427 0.719331 2.82685 -1.19464 1.34783 0.471133 0.269432 1.81514 1.24589 0.715823 -0.881798 -0.125017 
1.75414 0.325003 0.228308 -1.81873 3.19588 0.584559 0.555436 1.3338 0.761933 0.607303 -0.470385 -0.564046 
2.14042 -0.029126 -0.792604 -2.18207 4.00089 0.554558 0.442477 1.18721 1.20778 0.774635 -0.694835 -0.497776 
2.2511 0.0366286 -1.60603 -1.95615 4.22659 0.84319 0.208184 1.15294 0.869807 0.980181 -0.524107 -0.698066 
2.32659 0.222777 -2.11988 -1.8211 3.51312 1.71109 0.23441 1.23594 1.07868 0.570713 -0.426112 -0.767135 
2.1461 -0.156326 -1.72521 -1.73663 3.7542 1.66039 0.430607 1.17029 1.46761 0.26815 -0.597354 -0.711551 
2.22321 -0.265327 -1.56769 -1.67207 3.80968 1.44989 0.533935 1.68642 1.08454 0.32419 -0.638371 -0.667733 
2.15071 -0.00631924 -1.64195 -1.58944 3.55118 1.86046 0.646935 1.40514 1.2191 0.143464 -0.581126 -0.672819 
2.07934 0.0677787 -1.6959 -1.65067 3.83125 1.62816 0.542126 1.79084 1.02478 0.336307 -0.555354 -0.726047 
2.05602 -0.507577 -1.09946 -1.6114 3.80498 1.48977 0.822368 1.90575 1.42547 0.118035 -0.695579 -0.482173 
1.8371 0.0563743 -0.601031 -1.83377 3.90016 1.40676 0.726756 1.94938 1.35928 0.235888 -0.299324 -0.499282 
1.90916 -0.577445 -0.29873 -1.54263 3.53267 2.04069 0.339015 1.52973 1.74334 0.350524 -0.32821 -0.485351 
1.8213 -0.614205 -0.53312 -1.67912 3.42711 2.03597 1.09433 1.68006 2.11148 0.585843 -0.227403 -0.236989 
1.78483 0.0401022 -0.813798 -1.60291 3.76925 2.23443 1.80863 1.83359 1.79667 0.575552 0.248987 -0.0689649 
1.85267 0.163462 -0.783557 -1.07892 3.89994 2.87431 1.18927 1.32313 1.44215 0.0948515 0.271915 0.00264004 
1.98099 0.186383 -1.34222 -1.91705 4.35361 2.33281 1.40313 2.11808 1.34573 0.538819 0.166341 -0.221852 
1.88233 0.292634 -0.686626 -1.57356 3.89434 1.33147 0.958436 2.08855 1.42152 1.10821 0.0276085 -0.420325 
1.87598 0.432503 -0.596359 -1.26226 3.96615 1.20965 0.971583 2.15476 1.18247 1.0353 -0.062495 -0.395483 
1.88214 0.22792 -0.987091 -1.55637 4.14946 1.89134 1.20422 1.94441 1.03562 0.232486 -0.17395 -0.320139 
1.80099 0.400997 -0.420446 -1.63827 3.34033 2.15152 1.56187 1.25445 0.840493 -0.194934 -0.11381 -0.136618 
1.89617 0.316123 -0.574796 -1.45906 2.8882 2.17999 1.5436 1.45956 1.38646 -0.189993 0.0945614 0.00498988 
1.79522 0.0400777 -0.341078 -1.18711 3.93245 1.43907 1.13007 1.594 1.97062 0.762326 -0.0258224 -0.126516 
1.82375 0.315812 -0.779349 -1.2909 4.27218 1.69672 1.12549 2.45649 1.61244 0.27239 -0.109575 -0.231575 
1.92221 0.291593 -0.531145 -0.92626 3.39501 1.3193 0.763201 2.26532 1.71101 0.617842 -0.26539 -0.461445 
1.83077 0.344259 -0.0983437 -1.20759 3.30052 1.70153 1.05781 1.11016 0.590552 0.0857121 -0.243354 -0.245782 
1.66058 0.358029 0.935556 -2.18027 1.50544 -0.104573 -0.0921264 -0.273825 1.53765 0.195701 0.0757108 0.363047 
1.39246 0.881052 1.3652 -2.31692 1.35226 0.0956185 0.367507 -0.414376 1.42845 0.279164 0.160202 0.176901 
0.723816 0.568236 1.71228 -3.02204 2.40429 1.72923 1.75608 0.361129 0.449598 0.0391259 -0.24743 -0.0765178 
0.310351 0.676246 1.76412 -3.25294 2.56955 1.70583 1.35266 0.883376 0.864967 0.750045 -0.433262 -0.39193 
0.0359677 0.759124 1.79699 -2.62334 1.78629 1.35314 1.32422 1.02132 1.06199 1.30435 -0.698783 -0.337853 
-0.0788779 0.955391 1.91774 -2.87267 1.81942 1.46274 1.19033 0.641755 1.22087 1.02675 -0.219116 -0.291941 
0.0190627 0.688718 2.47198 -3.03837 3.15507 1.52273 1.62539 0.617803 1.11919 1.02052 -0.459982 0.0128272 
0.00373653 0.768645 3.08601 -2.72069 2.75875 2.09553 1.61165 0.945569 1.47552 0.53995 -0.282277 0.184355 
-0.043981 0.820644 2.68303 -2.51074 2.14468 2.02112 1.37204 1.59596 2.44003 0.375805 -0.417159 0.156808 
-0.113978 0.662892 2.42958 -2.3496 1.9608 2.29313 1.29242 1.55544 2.51906 0.337111 -0.421649 -0.27519 
-0.211689 0.767414 2.82434 -2.33065 2.12451 1.83815 1.40801 0.949251 1.2614 0.0177273 -0.451011 -0.19285 
-0.166261 0.995997 2.9475 -1.97604 2.55063 2.04203 1.1353 0.437708 1.52823 0.0390525 -0.287115 -0.0205907 
-0.187568 0.730801 2.96703 -1.65096 2.44007 1.63088 1.27756 0.479276 1.82011 -0.497728 -0.0957386 -0.036838 
-0.347502 0.545771 3.1828 -1.77795 2.0366 1.84656 1.27902 1.68198 1.51191 -0.622557 -0.310404 0.0932264 
-0.434753 0.547057 3.31404 -2.34785 1.86384 0.911832 0.613028 1.95626 1.45416 0.0366181 -0.248036 0.109734 
-0.488407 0.223754 3.2389 -2.96135 2.07075 1.4322 0.638658 1.16518 1.00456 0.019034 -0.325124 0.287699 
-0.515657 0.706114 3.3221 -3.84479 2.62087 1.57993 0.932988 0.791065 0.966259 0.0957858 -0.405153 0.413722 
-0.363439 0.832073 3.27903 -3.40653 2.03519 2.07282 1.27333 1.08492 1.16575 0.392577 -0.517963 0.276444 
-0.341513 0.826013 3.39007 -2.81516 1.05815 2.07076 1.22494 1.07632 1.12915 0.648736 -0.538984 0.137898 
-0.336072 0.89216 4.06748 -2.39363 0.101581 1.63647 1.05608 0.7839 1.43658 0.684501 -0.227636 0.0524466 
-0.482327 0.614054 3.9819 -2.17604 0.047231 1.17021 0.94986 0.951923 1.88841 0.355628 -0.072909 0.136876 
-0.229262 0.279336 4.21164 -2.51114 1.76334 1.65812 0.216591 1.63346 1.30286 -0.0539179 -0.205893 0.234324 
-0.135768 0.689546 4.3517 -2.24799 1.57721 1.69182 0.125573 1.76138 1.98255 0.205339 0.00031219 0.230078 
-0.0681725 0.757835 3.49836 -1.84179 1.30077 2.26048 0.674108 1.71443 2.54187 0.497717 -0.020268 0.084642 
-0.0613753 0.736391 3.57526 -2.02786 1.52555 2.50556 0.783443 1.80159 2.62399 0.365753 0.0706921 0.134161 
-0.0326337 0.927956 3.82606 -2.12339 1.43899 2.18137 0.377033 0.873224 2.4015 0.26347 0.180504 0.260981 
0.151706 0.70088 3.64165 -1.71831 1.27771 2.07212 0.125356 0.677632 2.38032 0.585658 -0.0187136 0.285063 
0.228506 0.855214 3.20424 -1.53235 1.80144 2.42783 0.200183 1.69804 2.07352 0.613132 0.0816689 0.217406 
0.274526 1.0003 3.13995 -1.26515 2.00889 1.65376 0.39537 1.15133 2.28957 0.693654 0.361205 0.161229 
0.235222 1.33403 3.28353 -2.01543 2.3396 2.26444 0.627222 0.840954 1.78554 0.0672175 0.701232 0.122698 
0.213005 0.881308 3.5727 -0.685517 2.0374 2.25761 1.02008 1.28882 1.20417 -0.192917 0.572669 0.160803 
0.212219 0.681985 3.13881 -0.369829 1.7747 1.42744 1.44213 1.80657 0.953088 -0.16558 0.432753 0.129088 
0.329175 0.9324 3.16995 -1.15659 1.47985 1.16143 -0.142608 0.573966 1.82178 0.309605 0.427784 0.120136 
0.496264 0.792501 2.92701 -1.74181 2.16753 1.65588 0.199371 0.472562 1.50445 0.23885 0.282528 0.164918 
0.435885 0.952274 3.0996 -0.851191 2.05128 1.05662 0.732659 1.15414 0.905857 0.150553 0.234686 0.147973 
0.405121 0.998328 2.98558 -0.632397 1.53468 1.68151 0.249594 1.65477 1.56936 0.0660044 0.277487 0.176669 
0.405331 1.10809 2.60725 -0.59839 1.97942 1.84201 0.392955 2.3663 1.61681 0.323105 0.315181 0.0990799 
0.506048 0.855689 2.34087 -0.55425 2.1835 1.30692 0.640685 1.42864 1.46558 -0.327375 0.418403 0.128092 
0.623265 0.956074 2.63871 -0.485894 1.93934 1.909 1.33725 1.40053 2.31519 -0.080291 0.374148 0.288457 
0.638067 1.04111 3.15363 -0.628374 1.94129 1.56161 0.642232 1.44262 2.21786 0.372535 0.310543 0.333063 
