0.56269 0.688647 1.17063 1.29021 0.942687 0.0247449 0.628713 0.826719 0.204395 0.704744 0.119089 0.0247538 
0.393896 0.82331 1.767 0.943502 0.29349 0.387911 0.872075 0.422513 0.474289 1.17091 0.239391 -0.0514096 
0.591981 1.15785 1.08936 1.25393 0.533489 0.882163 0.531989 0.779478 0.0608104 1.42066 0.558821 -0.0712534 
0.502413 1.20378 0.913842 1.74884 0.818745 0.571698 0.633099 1.47175 0.115666 0.922663 0.459877 -0.112881 
0.522801 1.10712 1.13425 0.310751 0.0464651 0.49478 0.647951 0.781437 0.666169 0.289412 0.0560774 0.185141 
0.427849 0.859873 0.93819 0.708142 1.02123 0.961137 1.62895 1.00168 0.258215 0.277406 0.122748 0.134587 
0.396664 0.691793 1.50936 1.35352 1.31269 0.588905 1.12124 1.41325 1.21331 0.531766 -0.00556776 0.0494424 
0.530672 0.913625 1.30504 1.50234 1.37845 0.585903 0.933953 0.683706 0.673636 0.866139 -0.45321 0.161186 
0.559926 0.974034 1.87713 0.803956 1.93845 0.912661 1.66505 1.57543 0.69623 0.17824 0.0905789 0.117771 
0.639651 1.73972 2.09795 1.25044 1.63828 0.861795 1.62844 1.80807 1.09965 0.642384 0.583882 0.137251 
0.746906 1.76146 2.28515 2.07958 2.2302 2.03497 1.30179 1.00557 1.06505 0.106715 0.63723 0.1026 
1.12506 1.96683 2.7598 2.80565 2.80403 2.43808 2.20398 0.578996 0.906562 0.340814 0.270926 0.115765 
1.38919 2.53283 2.97699 2.46784 2.90042 2.25866 1.56335 1.16902 0.240403 0.127995 0.318034 -0.0110174 
1.63635 2.63268 2.914 2.22047 3.04216 2.2836 2.0577 1.16044 -0.434841 -0.796697 0.4247 -0.0786703 
1.86561 2.60582 2.36277 1.47344 2.20199 2.34124 2.30109 -0.10454 -1.06845 -1.19725 -0.103608 -0.0493969 
2.0721 2.25166 1.9716 1.27971 2.39441 2.67999 1.72093 0.0845108 -1.51704 -0.794465 -0.0833639 0.0559927 
2.33114 2.10177 1.3335 1.0074 3.05776 1.94855 2.44318 -0.293156 -1.17587 -0.652259 -0.148179 0.18284 
2.34156 2.14387 0.699469 0.530232 3.28937 2.41903 1.46629 -0.59753 -0.772383 -1.07015 -0.157178 0.0855553 
2.48685 2.07624 0.511845 -0.078725 3.20171 2.49855 1.39046 -0.899232 -0.741974 -1.20255 -0.261957 0.0745703 
2.66604 1.9093 0.3649 -0.684299 3.47097 2.88353 0.625313 -1.75482 -0.752058 -1.49272 -0.331729 0.0476371 
2.58235 1.88594 -0.0293115 -0.615611 2.70334 3.09139 0.315361 -1.35241 -0.729703 -1.5842 -0.26794 -0.00428975 
2.73544 1.65347 -0.208811 -0.811538 2.54783 2.64317 0.641527 -2.11496 -0.776956 -1.39499 -0.352826 0.0912323 
2.68313 1.70885 -0.675406 -0.904239 2.15276 2.08911 -0.142978 -1.97075 -1.30704 -1.45249 -0.304125 0.0320595 
2.9531 1.57008 -1.16329 -1.09644 2.46883 1.0906 0.759529 -2.77996 -1.45478 -1.24577 -0.434609 0.104045 
2.74669 1.66735 -0.995598 -1.57452 2.61165 1.01839 0.688094 -2.76348 -0.965403 -1.2698 -0.441778 0.109176 
2.8065 1.37465 -1.14387 -1.22866 2.55419 0.20343 0.775446 -2.26321 -0.791207 -0.772658 -0.468663 0.163539 
2.83089 1.42705 -1.16611 -0.972598 2.03914 -0.404288 0.654738 -2.18398 -0.44615 -0.78213 -0.375431 0.231502 
2.96178 1.07216 -1.01904 -0.75106 1.53057 -0.62088 0.32114 -1.80448 -0.513249 -0.653995 -0.414945 0.189821 
3.02679 0.724823 -1.41406 -0.089085 1.07005 -1.42315 0.337327 -1.6498 -0.233282 -0.554019 -0.139936 0.259889 
2.93153 0.699006 -1.79169 -0.413792 0.696626 -0.886854 -0.369721 -1.43263 0.139232 -0.192846 -0.00163414 0.146142 
2.79376 0.621882 -2.34233 -0.0175705 0.452486 -1.3386 0.367089 -1.41552 0.534922 -0.310926 0.357367 0.181079 
2.75298 0.527716 -2.23313 -0.0435071 1.0291 -1.37855 0.170626 -1.12075 0.73983 0.0587479 0.378341 0.276991 
2.86835 0.665221 -2.21836 -0.503144 2.07967 -0.912621 0.113325 -0.764491 0.834621 0.456859 0.172158 0.262988 
2.75647 0.83562 -1.73508 -0.756551 2.04654 0.46395 -0.605009 0.129136 0.345551 0.607038 0.294621 0.115252 
2.83276 0.825257 -1.57774 -0.427336 2.14156 0.435562 0.098969 -0.164769 0.11806 0.332875 0.172466 0.0890489 
2.73483 1.14992 -1.14412 -0.0931978 2.1965 0.194693 -0.10911 -0.297095 0.128032 0.307451 0.0780921 0.0309835 
2.58114 1.36705 -0.484184 -0.279239 2.26062 0.519841 -0.792882 -0.235331 0.0630981 0.123523 0.130647 0.077406 
2.55956 1.50865 -0.767602 -0.206318 2.2157 0.25765 -0.37166 -0.33896 0.412766 0.127514 0.0568976 0.0620137 
2.53987 1.41165 -0.541797 0.494622 1.67735 0.726269 -0.0717354 -0.845511 0.456612 -0.49225 -0.180407 -0.0321099 
2.6336 1.57123 -0.0220775 -0.128798 1.73368 0.729611 0.283998 -0.903015 -0.161517 -0.964355 -0.377595 0.0870231 
2.63095 1.65156 0.0384497 0.144912 2.07031 1.14868 0.0268443 -0.454976 -0.165342 -1.07896 -0.523832 -0.0300383 
2.6532 1.69494 -0.407649 0.333288 1.81515 0.867048 0.256915 -1.00211 0.104677 -0.804124 -0.302024 -0.0228129 
2.48158 1.88651 -0.290962 0.201548 2.2274 1.04734 -0.198957 -0.777954 0.0136868 -0.809718 -0.233734 -0.0683141 
2.5476 1.55341 0.318077 -0.284012 2.74917 0.747209 0.36778 -0.616619 -0.194252 -0.491781 -0.330753 0.0267579 
2.51335 1.63027 0.194445 -0.234676 1.82172 0.992542 0.611535 -0.387711 -0.00794253 -0.290613 0.00819278 0.126874 
2.64105 1.7268 -0.233819 -0.481736 2.77585 1.19006 0.599137 -0.829055 0.534217 -0.330294 -0.175648 0.0145645 
2.45329 1.73267 0.119039 0.242682 2.8404 0.839707 0.103126 -0.846999 0.434714 -0.232988 -0.113867 -0.0361122 
2.35806 1.61532 -0.0540643 0.0800838 2.22741 1.5028 0.576746 -0.35669 0.711226 -0.410954 -0.193029 -0.105844 
2.28423 1.37065 0.358283 -0.368883 2.30316 1.37331 0.908458 0.230799 0.925697 -0.117897 -0.238415 -0.0735352 
2.42701 1.47631 0.486066 -0.392219 2.93284 0.596192 0.382266 -0.272721 1.08391 0.173838 -0.0912685 0.113748 
2.36117 1.58156 0.833764 0.0881126 1.57565 0.879845 1.10261 -0.434472 0.94168 -0.214958 0.0604847 0.262882 
2.14612 1.92218 0.638996 -0.0688272 1.45548 1.26631 1.36752 -0.176917 0.382743 0.0469488 0.374761 0.266537 
2.09859 1.71295 0.705807 0.232823 1.80813 1.95123 0.459431 -0.0652836 0.357401 -0.3177 0.288894 0.1731 
2.04248 1.46688 0.68784 0.540763 1.95271 1.58986 1.06893 -0.180515 0.448038 -0.125003 0.0638502 0.0624338 
2.20865 1.34609 0.591692 0.41373 2.07502 0.616971 0.303756 -0.499739 0.409434 0.102464 0.239745 0.200876 
2.08907 1.43946 0.634838 0.0238159 2.21169 -0.0423443 -0.896014 0.0545824 0.187879 0.252187 0.158728 0.00998146 
2.03271 1.47392 0.612346 0.196186 2.70676 -0.0446929 -0.229978 0.171775 0.381673 0.22086 0.142073 0.111483 
2.01612 1.68192 0.398515 0.1597 2.43928 0.456973 0.0816453 0.148649 1.08227 -0.440959 0.0377712 0.0156551 
1.71274 1.75317 0.873166 0.412675 2.50807 0.324335 0.742594 0.278693 0.26229 0.339423 -0.14693 -0.00943503 
1.68905 1.67722 1.24655 0.983921 2.09813 0.581297 0.287179 0.193273 0.851914 0.400813 0.125752 0.0395757 
1.79481 1.70806 1.13219 0.398709 2.23717 0.572737 0.734239 -0.0340958 1.06575 0.237926 0.101467 0.0680392 
1.77074 1.71002 1.35587 0.346547 2.11163 0.656361 0.444238 0.25693 1.0435 0.248735 0.225985 0.0937829 
1.7397 1.67029 1.32862 0.579815 1.78128 0.315625 0.845083 -0.319126 0.977666 -0.152189 0.247018 0.188017 
1.70799 1.9793 1.05551 0.13317 2.14354 0.716675 0.86868 0.22007 0.23059 -0.208159 0.473263 0.264362 
1.568 1.63409 1.42571 0.767463 1.89502 0.804032 1.2509 0.869118 0.3696 0.104751 0.728736 0.331836 
1.67816 1.54253 1.01052 0.859083 2.53734 0.111977 1.24924 0.144509 1.39884 0.595823 0.625344 0.365037 
1.48796 1.67958 1.26905 0.713893 2.063 0.962441 0.897465 0.293068 0.642358 0.903736 0.765675 0.291389 
1.43996 1.83333 1.33136 0.762854 1.77772 0.765079 0.73942 0.820556 0.424374 -0.381451 0.506948 0.124013 
1.4901 1.73085 1.21296 0.687012 1.22137 0.501533 1.1866 0.261805 -0.107767 -0.834877 0.497991 0.198013 
1.40674 1.61563 1.56036 0.0373862 1.12537 0.364653 1.60311 -0.631596 0.0311778 -0.435984 0.33571 0.226715 
1.37891 1.59697 1.61275 0.0292724 0.820774 0.569051 1.48795 -0.574571 0.00756126 -1.10558 0.148914 0.047051 
1.35747 1.66799 1.72137 0.333216 0.958463 0.791037 2.04724 -0.300925 0.0191719 -0.38116 0.225956 0.086575 
1.23796 1.3571 1.88462 0.300346 1.69886 1.00001 1.61938 0.198137 0.20011 0.10888 0.0762004 0.100853 
1.23323 1.51858 2.24573 1.00703 1.94116 0.663477 1.3835 0.723249 0.641682 0.247351 0.234037 0.140193 
1.30267 1.60747 1.79773 1.28777 1.78039 0.714456 0.484851 0.575264 0.901307 -0.154506 0.427138 0.114526 
1.41035 1.26263 1.99086 1.26295 1.11981 0.658772 0.579351 -0.679451 1.1768 0.157649 0.433861 0.21554 
1.24356 1.47703 1.68254 1.08516 1.49795 0.30572 0.748948 -0.867572 1.11445 0.059363 0.386245 0.105905 
1.1173 1.54605 1.89897 0.814221 1.0341 0.406624 1.77917 -0.0412488 0.509827 -0.372885 0.157647 0.00557713 
1.20027 1.46003 2.00573 1.12828 1.04508 0.710649 1.80346 0.820888 0.243566 0.0213306 0.355057 0.0732973 
1.12235 1.35946 1.74271 1.05924 1.68605 0.338895 1.78873 0.161859 0.526563 0.906586 0.443869 0.207571 
1.20022 1.2734 1.78759 0.569164 1.37689 0.731741 1.7073 -0.0359941 1.10004 0.935591 0.339648 0.219946 
0.940512 1.58507 2.06204 0.496173 1.2068 1.04013 1.02072 0.0863403 0.763184 0.550734 0.318706 0.0928933 
1.03713 1.40349 2.05826 0.584635 1.1497 0.489053 1.34715 1.44175 0.772961 0.145629 0.514126 0.0773282 
1.19946 1.55896 1.97413 0.657009 1.62723 0.769343 1.80346 1.16743 0.538317 0.18276 0.641564 0.167778 
1.04075 1.83475 2.18872 0.930076 1.46449 1.35918 0.904422 0.470358 0.933491 0.323992 0.553429 0.176686 
1.21886 1.75972 1.60122 1.41669 0.510044 0.579861 1.62249 0.654208 1.00458 -0.0360516 0.580564 0.0979111 
1.15397 1.46799 1.63367 0.532998 0.951887 1.00853 1.79723 0.298074 0.680053 0.0394401 0.437298 0.139012 
1.05263 1.37858 1.75314 0.403914 1.29479 0.846189 1.90344 1.2318 0.909276 0.155872 0.715767 0.144396 
1.00079 1.27155 1.21139 0.623945 1.97602 0.608911 1.5491 1.09624 1.45334 0.60725 0.536831 0.143513 
0.916602 1.3903 1.49826 1.12665 1.50887 0.699959 1.02455 0.617213 0.900283 0.274977 0.449045 0.0339466 
0.976716 1.669 2.02864 1.81374 1.27485 0.364808 1.76134 1.30318 -0.135165 0.461377 0.559854 0.0632369 
1.00527 1.33231 1.49435 0.917131 0.93826 0.193232 1.91106 1.44538 0.454699 0.252754 0.605937 0.0246762 
