0.521785 1.33842 1.1824 0.213476 1.39536 0.326444 0.165053 1.32851 1.11889 0.0192165 -0.0547554 0.187007 
0.621601 1.45066 1.38817 0.714114 1.92654 0.434134 0.482226 0.747056 0.570133 0.470288 0.571158 0.045957 
0.687133 0.993219 1.44861 0.913998 1.66417 0.681114 1.61993 0.735165 0.677127 0.617829 0.773377 0.0407367 
0.618399 1.10089 1.39595 0.328379 1.67531 1.83633 0.747045 0.212325 1.28227 0.43793 0.248108 0.116737 
0.514855 1.17235 1.56225 0.883838 0.989674 1.35453 1.09414 0.77988 1.28945 0.766409 0.222254 0.0329409 
0.404284 0.866565 1.33682 1.639 1.04881 1.55737 0.755643 0.171203 0.58321 0.141135 0.527741 0.0450376 
0.311184 0.877881 0.771749 1.10912 1.11442 0.56994 0.962242 0.620201 1.32091 0.180472 0.367896 0.0254004 
0.349206 0.534276 0.807768 0.550621 1.11038 0.276484 1.14634 0.585828 0.559465 0.245261 4.42901e-005 0.0746497 
0.417279 0.76294 0.791315 0.772474 1.28484 0.596204 0.576131 0.964359 0.585464 -0.328972 -0.23368 0.380076 
0.603964 0.804965 1.16774 0.465769 1.90058 1.37963 1.58949 0.789078 1.41581 -0.375631 0.449369 0.0859872 
0.558601 0.692222 1.34593 1.29842 1.68349 0.905156 1.99729 1.09004 0.485129 0.352457 0.71446 -0.119787 
0.484762 1.15003 1.13007 1.64519 1.55157 0.389457 1.62559 2.03743 0.986697 0.293268 0.409827 -0.00849106 
0.56336 1.28181 0.76975 1.93266 2.06038 0.497426 0.737698 1.63908 1.24158 0.273207 0.206265 0.0931668 
0.483677 0.940927 1.17869 1.87579 1.20518 1.29574 1.4124 0.737811 0.419838 0.415568 -0.0703601 0.189361 
0.442908 1.08388 1.59449 2.05519 0.946199 1.21659 1.72695 0.585684 0.937527 -0.196974 0.314216 0.0904972 
0.588106 1.2021 1.62353 2.15205 0.65967 0.604229 0.321541 0.784646 1.5036 0.543456 0.274419 0.0737977 
0.583206 1.3549 2.09591 1.45379 0.708159 1.52018 0.529829 0.690482 1.1941 1.35773 0.691931 0.00745417 
0.391658 1.32414 1.8242 0.458286 2.18838 0.628354 1.35071 1.68884 0.916538 0.806765 0.288746 0.055073 
0.401905 1.43662 2.30839 0.717279 1.9685 0.892487 1.73406 1.69969 0.890062 0.521517 0.679273 0.000220897 
0.579553 1.52265 2.05311 1.06533 1.00437 1.2293 1.52358 1.61182 1.39242 0.115528 0.483965 0.0973841 
0.875836 1.99256 2.20991 1.49972 1.69866 1.5591 1.38285 1.70181 1.28043 0.445746 0.530274 0.187108 
1.30359 2.30928 2.51613 1.93396 2.4042 2.47131 1.53018 0.89129 0.548314 0.221921 0.662419 0.174542 
1.71322 2.83139 2.82696 1.71576 1.74105 1.28141 1.52388 0.42521 -0.0663723 -0.177872 0.337816 0.0858933 
2.10719 2.91208 2.26184 1.21593 1.55095 1.52922 2.21015 0.345816 -0.144345 -1.34136 -0.0782312 0.0322823 
2.1337 3.02198 2.24393 0.460031 1.77387 1.73566 2.12838 0.2212 -0.131484 -1.35997 -0.168356 0.0800119 
2.15753 2.91636 2.1168 0.404455 2.07817 1.02505 2.13618 -0.107635 -0.155573 -1.69308 -0.373049 0.0140198 
2.02569 2.77097 1.89461 0.903824 2.03882 1.50789 1.39654 0.540175 -0.619484 -1.42347 -0.193233 -0.0918783 
1.96768 2.30707 1.44342 1.21473 1.869 1.67217 1.52731 0.790532 -0.0746884 -0.884231 -0.101305 -0.0258499 
2.41202 2.0698 0.904451 1.56882 3.19294 0.600508 1.50786 0.064242 0.408651 -1.28582 -0.665141 -0.0298944 
2.29265 2.13523 0.925817 1.94935 3.27787 0.397649 1.30203 0.106588 0.0852348 -1.13774 -0.439536 0.0659928 
2.33198 2.06907 0.662474 1.86813 3.46473 0.308847 1.08981 -0.401532 -0.170546 -0.805088 -0.340024 0.0912638 
2.56789 1.61094 0.0871384 1.85962 3.7162 -0.536381 1.32331 -0.907329 -0.227434 -0.981945 -0.545124 0.231632 
2.46727 1.34953 -0.198767 1.5353 3.22402 -0.609739 1.09013 -0.925232 -0.699311 -1.09577 -0.529751 0.20234 
2.42404 1.51955 -0.527395 1.39792 2.95126 -1.04003 0.582343 -1.49586 -0.836919 -1.32459 -0.557157 0.18279 
2.48141 1.62259 -0.696467 1.2212 3.03877 -1.12773 -0.0820982 -2.14201 -0.982527 -1.46915 -0.630185 0.146022 
2.4335 1.83183 -1.10599 0.940431 2.92325 -1.10683 -0.176841 -2.35148 -0.725361 -1.55225 -0.651444 0.0479919 
2.41662 1.97444 -1.45955 0.684233 3.15712 -1.45965 -0.208212 -2.30452 -0.532131 -1.32365 -0.773754 0.0911063 
2.43273 1.71533 -0.950486 0.310871 2.93479 -1.55919 -0.318522 -2.36561 -0.440349 -1.36464 -0.72778 0.131887 
2.64551 1.78235 -1.26997 0.157714 2.73989 -2.03062 -0.351647 -2.48274 -0.548169 -1.29598 -0.816958 0.222169 
2.44562 1.91929 -1.29282 -0.331094 2.29577 -1.77712 -0.447317 -2.16642 -0.215962 -1.32596 -0.647558 0.0996895 
2.4204 1.77912 -1.26735 -0.49058 2.15922 -1.89203 -0.888145 -1.91338 0.0648222 -1.17256 -0.636418 0.056495 
2.75223 1.50014 -1.58001 -0.329445 1.92307 -2.10111 -0.641982 -1.99905 0.0818624 -0.887487 -0.676984 0.102215 
2.71847 1.45892 -1.91692 -0.230248 1.43453 -1.58622 -0.608619 -1.78905 0.366981 -0.822086 -0.413766 -0.0161822 
2.82429 1.44642 -2.07646 -0.645611 1.50743 -1.55293 -0.672964 -1.56422 0.192606 -0.325152 -0.281235 0.0476077 
2.72075 1.11824 -2.54484 0.203894 1.46629 -1.80472 -0.429095 -1.45704 1.0676 -0.456989 -0.161932 -0.0877771 
2.84655 0.721788 -2.65544 0.457299 1.28552 -1.85897 -0.311536 -1.56165 1.22779 -0.454907 -0.0467678 -0.114358 
2.83978 0.462213 -2.29519 0.230371 1.7424 -1.79519 -0.240508 -1.37311 0.816916 -0.311196 -0.251921 0.00432673 
2.85577 -0.0867924 -1.9523 0.618251 2.16041 -2.15615 0.45204 -1.34371 0.554688 -0.341993 -0.418098 0.0510122 
2.75606 0.347021 -2.20401 0.218736 2.69279 -1.61572 -0.242898 -1.27173 0.825715 0.00890061 -0.460607 -0.0934245 
2.9054 0.391003 -2.10597 -0.225163 2.97195 -1.74396 -0.0515034 -1.54672 0.711695 0.458246 -0.420301 -0.0467502 
2.65548 0.878696 -1.23568 0.0908792 2.46025 -0.258248 0.0210119 -0.939327 0.570972 -0.0949082 -0.336928 -0.0303422 
2.62386 0.936507 -1.02555 0.227251 2.57028 0.455327 0.309323 -0.736311 0.425441 -0.136938 -0.277072 -0.0343514 
2.69764 0.960411 -1.13216 0.34373 3.45179 0.164703 0.577411 -0.654727 0.178558 -0.196136 -0.521389 0.00893291 
2.71198 1.36607 -1.41887 0.322642 3.22767 -0.196142 0.336398 -1.09565 0.543449 -0.152598 -0.489743 -0.111602 
2.65713 1.42255 -1.09085 0.492179 2.97926 -0.901219 -0.519273 -1.1904 0.629438 0.0839685 -0.396935 -0.0875329 
2.55856 1.29457 -0.463503 0.679243 1.85612 -0.0947892 -1.45004 -0.564437 0.734198 0.119578 -0.1479 -0.078452 
2.76204 1.23725 -0.30871 0.0812641 2.38116 -0.384205 -0.493036 -0.530706 0.774376 0.17351 -0.376684 -0.0921444 
2.66025 1.4652 -0.767035 0.106708 2.68203 0.198779 -0.621958 -0.712141 0.294114 0.0990034 -0.0665932 0.0571182 
2.56215 1.54568 -0.510886 0.688778 2.86536 0.801102 -0.612152 -0.526989 0.174841 -0.0874668 -0.0322694 0.0769879 
2.45002 1.60388 -0.440009 0.842116 2.84414 1.50407 0.343738 -0.381858 0.224277 -0.564084 -0.183011 0.0256578 
2.49111 1.32093 -0.145088 0.404323 3.1141 0.468068 0.989844 -0.445123 0.40689 -0.571196 -0.382082 0.221828 
2.49756 1.43141 -0.16235 0.258104 2.6185 0.424148 0.253018 0.552144 0.218607 -0.162821 -0.143129 0.167632 
2.5333 1.40484 -0.413217 0.124201 2.87494 0.229407 0.988996 -0.550823 0.636431 -0.215175 -0.0163512 0.406957 
2.29553 1.53276 0.197538 0.0494529 2.42215 0.437885 0.58258 0.338696 0.882337 0.1392 0.266806 0.318416 
2.44055 1.14712 0.185332 -0.158693 1.52404 0.70799 2.00765 -0.167069 1.03525 0.214506 0.232244 0.436931 
2.401 0.930076 0.307314 -0.0732793 1.76822 0.543253 1.34919 0.131182 1.37208 0.44711 0.271383 0.447991 
2.33256 1.10429 0.136839 0.162466 1.5638 1.11921 0.936852 -0.572546 1.73015 0.225351 0.316113 0.364539 
2.2637 1.24661 0.058182 0.387778 2.30971 0.605304 0.50304 0.131005 1.51712 0.230674 0.124856 0.162657 
2.17128 1.45471 -0.0684936 0.701109 2.63164 0.367292 0.565003 0.162062 1.04571 0.342663 0.131652 0.112209 
2.07011 1.61056 0.708694 0.57581 3.06124 0.52825 0.360556 0.0267266 0.229768 0.281345 0.00297651 0.0445941 
2.10725 1.58507 0.642703 0.939409 3.36365 1.23701 -0.0564352 0.38762 0.496403 0.443327 0.00152738 -0.127008 
2.11442 1.7701 0.41979 0.909727 2.26523 1.77492 0.913852 -0.106139 0.417114 0.139615 0.330758 0.158825 
2.01164 1.79227 0.574422 0.496009 3.11466 1.32141 0.683349 0.205599 0.433248 0.294475 0.326684 0.148359 
1.97801 1.39103 1.26502 0.513344 2.4721 0.618278 0.420116 -0.557248 1.10003 0.7479 0.414944 0.258982 
1.93494 1.28203 1.30326 0.838653 2.11674 0.537198 0.299478 -0.352363 1.59107 0.766671 0.49904 0.292772 
1.91246 1.59901 0.930473 0.633781 2.20227 0.332121 0.372339 0.346056 1.53121 1.04393 0.810942 0.347783 
1.81613 1.60524 0.701824 0.0768509 2.12703 0.630848 0.88376 0.61322 0.893611 1.19091 1.17971 0.530937 
1.83739 1.53206 0.471215 0.367072 2.69877 0.450245 0.557596 0.670713 1.0941 0.923159 1.2072 0.563487 
1.76189 1.40023 1.01264 0.937883 2.54031 0.593366 1.18373 0.0541142 1.07597 1.31484 1.03024 0.468912 
1.70613 1.44752 1.8362 0.605012 2.20022 0.517279 1.44528 0.251988 0.612849 1.69867 0.645819 0.347116 
1.60955 1.44215 2.03024 1.00211 2.06202 0.728232 0.941475 0.406343 0.643764 0.953131 0.901917 0.404867 
1.64907 1.4424 1.31384 0.436942 2.13728 1.35498 1.51402 0.915887 0.942794 0.0455713 0.689792 0.378455 
1.66964 1.63297 1.33766 0.0203337 2.64277 0.572519 1.61171 0.823315 0.944153 0.35065 0.644143 0.437911 
1.6457 1.59208 1.88347 0.66234 2.09269 1.03146 2.28426 0.679092 0.71432 0.838984 0.42199 0.32587 
1.52612 1.76675 1.88925 1.5094 2.03929 1.19055 2.27917 1.33032 1.20187 0.238615 0.34803 0.224972 
1.51339 1.67228 1.78462 1.04583 2.39601 1.66352 2.17985 1.6816 1.51123 0.427809 0.148624 0.179108 
1.45987 1.93725 1.38083 0.738512 2.2816 1.77326 1.8503 1.29161 1.33619 0.226651 0.593365 0.235721 
1.35751 1.64292 2.03205 1.15672 2.17807 1.02602 2.07813 1.27862 1.03422 0.463883 0.48446 0.257958 
1.39304 1.63905 1.86714 1.19279 1.70977 1.02807 1.91554 0.353401 1.08859 -0.409456 1.03074 0.340918 
1.27146 1.65596 1.95571 0.713928 2.02221 1.43109 1.82623 0.243819 1.83759 0.551009 0.623697 0.334541 
1.25675 1.53489 2.32476 0.789726 1.98543 1.07494 1.67037 1.52071 1.4086 0.82636 0.487432 0.261297 
1.23575 1.57107 2.32404 0.89563 1.56461 0.619789 1.66741 1.49264 1.07861 0.724994 0.870466 0.273524 
1.30004 1.65972 2.15679 1.07245 1.11911 1.4014 1.99966 0.723661 0.615888 0.491451 0.677952 0.211256 
1.31473 1.62677 2.06505 0.572806 1.66766 0.460737 1.78799 0.701199 0.0210437 0.705753 0.684896 0.24532 
1.30653 1.78833 2.24469 0.934888 1.18467 0.338978 1.14785 0.881445 0.235112 0.65502 0.601283 0.167642 
1.33558 1.84776 2.04217 1.24559 0.381761 0.418218 1.48261 0.726467 1.23856 0.450436 0.297444 0.0962496 
1.31309 1.68862 1.34056 1.81275 0.703488 0.336454 1.89121 0.442934 1.21497 0.451997 0.767652 0.164636 
1.2032 1.62724 1.92068 1.80582 1.27379 0.58416 1.05218 0.543054 0.761904 0.619453 1.02442 0.251218 
1.2089 1.7277 1.8397 1.30598 1.8545 0.404062 1.50064 0.893034 0.950208 1.11276 0.373992 0.23988 
1.1607 1.34079 2.09992 1.17105 1.99255 0.662317 1.493 1.81876 0.645702 0.638081 0.700417 0.195972 
1.14985 1.46823 2.30068 1.02958 2.17998 0.334597 1.50103 1.60435 1.46113 0.0343839 0.524022 0.273258 
1.04708 1.60834 2.10101 1.19983 1.44317 0.850326 1.38165 1.37985 1.88847 0.485881 0.745045 0.265108 
1.111 1.34366 2.14612 1.03421 1.70932 0.847065 1.23255 0.822314 1.81388 1.04828 0.928944 0.313482 
1.25005 1.48441 2.24735 1.44623 1.6304 0.148318 1.58718 0.694722 1.30943 0.699601 0.726631 0.328721 
1.21668 1.5421 2.01257 0.923586 1.0466 -0.194236 1.52654 0.719871 1.83769 1.00596 0.958595 0.373971 
1.24115 1.51113 2.01304 0.436056 1.16808 0.21109 1.80351 0.216154 1.01017 1.48333 1.31641 0.43693 
1.19498 1.42513 2.15106 0.80876 1.82824 0.471104 1.71453 0.894484 1.07184 1.2032 0.753883 0.301389 
1.11668 1.22775 1.93138 1.2641 1.82386 0.687787 1.50638 0.635453 1.07325 0.325125 1.00334 0.230285 
1.1529 1.41326 1.58262 1.14461 1.77113 0.639919 1.82333 0.421214 0.645227 0.606016 0.829152 0.216696 
1.08752 1.32814 1.92592 0.937294 1.17936 0.301174 0.469561 0.865417 1.69594 1.20008 0.486054 0.24086 
0.974823 1.26908 2.29907 0.350872 1.01255 0.204612 0.791166 0.585986 1.34932 1.08766 0.921669 0.227952 
0.958119 1.23484 2.01602 0.619489 1.23636 0.0473872 1.73447 1.29251 1.14041 1.20416 0.773029 0.128177 
1.03029 1.39844 2.20224 0.364377 2.07619 -0.176566 2.01575 1.44216 0.92293 0.708095 0.706822 0.248739 
1.09489 1.19592 1.91933 1.14294 1.55925 -0.11073 1.26995 1.89867 1.01994 0.738791 0.619157 0.214638 
1.00876 1.54517 1.90406 1.70132 1.78872 0.552586 1.23074 1.56253 0.565587 0.387117 0.806142 0.170586 
0.971724 1.3788 1.81596 1.28665 0.945464 0.621146 1.41889 1.10918 0.911741 0.394402 0.578889 0.147807 
0.85297 1.3102 2.05235 0.999374 0.606085 0.609283 0.867353 0.770996 1.33972 0.419081 0.690105 0.164803 
0.83626 1.28921 2.06943 1.37042 1.13726 0.976139 0.757815 1.21885 1.3096 0.579509 0.0661875 0.219654 
0.994122 1.56771 1.60928 0.927471 0.773437 0.631642 1.0965 0.36477 0.13488 0.503736 0.0789526 0.109335 
1.06965 1.71081 1.74272 0.245686 0.90019 0.997054 0.99985 0.252594 0.243062 1.01193 0.454012 0.225628 
0.996037 1.30204 1.74323 0.436214 1.34484 0.897903 0.414318 0.907445 1.12217 0.904364 0.282539 0.156882 
0.90684 1.41237 1.83021 0.318681 0.378815 0.854086 0.832435 1.2876 0.327768 0.197496 0.324236 0.0438232 
1.01201 1.3928 1.93455 -0.0862393 -0.175146 -0.742025 0.349092 0.614946 0.886503 0.0870725 0.56275 0.194584 
0.838255 1.53974 1.84676 0.545261 0.510027 -1.14374 0.493495 1.01533 0.326966 0.330675 0.928295 0.104562 
0.885699 1.6544 1.53054 0.483601 0.469666 0.39395 1.40872 0.576206 -0.0587473 0.308447 0.679625 0.0165086 
1.00641 1.30501 1.59851 0.327646 0.262919 -0.0501574 0.356121 0.74647 0.338098 1.09352 0.435528 0.156165 
0.95298 1.30982 1.69252 -0.217577 0.0974974 0.365588 -0.818515 0.0412416 0.507637 0.559227 0.22376 0.164501 
0.87346 1.37071 1.45024 -0.244867 0.434835 0.380923 0.26241 0.14921 0.539116 0.401803 0.211576 0.00324989 
