0.51667 0.800044 1.22212 0.908645 0.835841 0.774016 0.538914 1.17085 0.560825 0.49968 0.212865 -0.00943557 
0.452174 0.736315 1.24641 0.910278 1.29418 0.760332 0.0583521 0.580373 0.671558 0.0953897 0.302306 -0.0310919 
0.494374 0.583207 0.556962 1.31125 0.499152 -0.0392465 -0.0777123 0.367284 0.261952 0.301347 0.439676 -0.0534781 
0.52343 0.746608 0.853542 1.2943 0.939409 0.584502 0.867933 1.02507 0.488932 -0.505373 0.780888 -0.0125456 
0.369472 0.798706 0.740018 1.45187 0.287209 0.823236 0.492036 1.29977 0.6437 -0.258978 0.315253 0.0270765 
0.453646 0.805548 1.42328 0.744442 0.514679 0.783844 -0.0969243 0.528282 0.878853 0.15516 0.0114406 0.201905 
0.520839 0.743423 1.06785 0.41725 0.759406 0.904069 -0.323711 0.0453508 0.510965 0.51514 0.38616 0.172841 
0.423409 0.656272 1.1065 0.975617 0.32814 0.716093 0.786959 0.588453 -0.040803 0.552979 0.79446 -0.139355 
0.358048 0.42857 1.29927 1.47514 0.751144 0.572903 -0.0478889 -0.440312 -0.56956 0.648074 0.610637 -0.292414 
0.290267 0.689872 1.04918 0.624796 0.424903 -0.330406 0.202798 -0.221664 -0.37253 0.479641 0.58666 -0.311374 
0.347888 0.0781586 1.29083 1.51106 0.0939898 -0.427529 0.809286 0.395482 0.0340315 0.0451854 0.300251 -0.094172 
0.408875 -1.27171 2.23803 2.31062 0.097417 -0.273526 1.66909 0.114611 0.0781865 0.126311 -0.0867548 0.0251082 
-0.15934 -1.11124 2.27455 3.28685 1.21808 -0.181719 1.34956 -0.100965 0.129906 0.143969 -0.0644622 -0.00532135 
-0.582372 -1.55169 2.58368 3.89317 1.64478 -0.264448 1.90067 0.71253 0.347254 -0.100185 0.668891 0.0837408 
-0.358835 -1.47826 3.36259 3.01695 -0.663178 -1.28155 3.55041 0.560835 -1.21234 0.50804 0.651145 -0.201114 
-0.561418 -1.55967 4.25607 2.60676 -2.86596 -0.905331 3.95713 -0.516365 -1.67457 1.23721 0.673789 -0.519001 
-1.09096 -2.01466 4.30532 3.51583 -2.3611 -0.575169 3.26712 -1.11383 -0.431826 0.569618 0.253943 -0.272663 
-1.17151 -1.98857 4.05157 3.8955 -1.9476 0.125657 2.95659 -0.671087 1.06422 -0.364616 0.383873 0.0865247 
-1.17001 -1.81567 4.50576 3.77913 -1.05748 0.8173 2.55122 -0.243446 0.739235 0.23514 0.0799231 0.169493 
-1.23789 -1.65377 3.6657 2.90098 -1.56058 0.407533 2.32725 -0.255342 -0.0802996 1.12599 -0.143836 0.118453 
-1.32793 -1.64437 3.3386 2.49203 -1.5997 -1.04685 2.94658 -0.278347 0.751238 -0.532447 0.887944 -0.0894986 
-1.29868 -1.82579 3.31426 2.43149 -1.33983 -0.594695 3.24385 -1.18222 0.867985 -0.478993 0.862231 -0.317104 
-1.3739 -1.42724 3.58572 2.56344 -1.22543 -0.637369 3.48965 -1.32645 0.961295 -0.0710774 0.695 -0.258477 
-1.42126 -1.16164 3.8072 2.97421 -0.945234 -1.03392 3.43606 -1.17767 1.03853 -0.276878 0.582195 -0.13422 
-1.71692 -0.987772 3.44388 2.2663 -1.24868 -0.591401 2.986 -1.41599 1.6542 -0.552182 0.271484 0.224473 
-1.80553 -0.882025 3.2375 2.56715 -1.417 -0.344702 2.18482 -1.12299 1.06771 -0.746837 0.473754 -0.225056 
-1.57478 -1.17122 2.71957 2.07539 -2.55347 -0.449719 3.01877 -0.949679 1.71657 -0.368488 0.611583 -0.127909 
-1.48549 -1.3114 2.42201 1.6247 -2.13925 -1.01369 3.66861 -0.858112 1.89451 0.165609 0.334088 -0.02619 
-1.28659 -1.48765 2.45096 1.20831 -0.470107 -1.05057 3.72737 -0.860758 1.35923 0.23878 0.13239 0.110828 
-1.12405 -1.22615 2.03645 0.835822 -0.457172 -0.625157 3.51758 -0.934285 0.879918 -0.0976374 0.0613559 -0.0699002 
-0.921677 -1.34071 2.63046 0.346387 -0.116418 -0.595867 2.66039 0.792302 1.05229 -0.213877 0.0153862 -0.0523734 
-0.58884 -1.26277 2.43483 1.19728 -0.786454 -1.75566 2.99868 0.210369 1.94642 -0.0567926 0.0651052 0.138498 
-0.201919 -0.727693 3.1813 1.64989 -0.932009 -1.41224 3.39596 0.0341818 1.92964 0.0595985 0.35421 -0.08831 
-0.00152813 -0.433945 2.28798 1.75854 -0.00310453 -0.0411315 4.14292 -0.724157 0.667849 0.000783263 0.184489 -0.238872 
0.134244 -0.0704755 2.22783 2.44203 0.170742 0.12412 4.32405 -1.02937 0.953893 -0.140992 0.338018 -0.10945 
1.22993 0.569223 0.886761 0.829721 0.170835 -0.321271 2.53295 -1.36052 0.923904 -0.0362222 0.728077 -0.181833 
1.99873 -0.0291372 -0.268909 0.929059 0.0731776 -0.691713 2.08984 -1.40609 0.965809 0.0221739 0.239406 -0.149434 
2.06294 0.241048 -0.549761 0.915294 0.240951 -0.321241 1.79268 -1.60456 1.11155 0.00852801 0.260173 -0.260445 
2.00763 0.237413 -0.213483 0.660624 -0.142724 -0.161846 1.7727 -1.46238 0.754836 -0.47135 0.0853527 -0.072878 
2.11069 0.0940738 -0.455579 0.918659 0.177833 -0.756819 1.75515 -2.09345 1.16748 -0.00159528 0.0443341 -0.269672 
2.29913 -0.223501 -0.950822 0.58664 0.662073 -1.13087 1.34049 -2.2845 1.52804 -0.0404108 -0.279095 -0.105295 
2.38005 0.0982557 -1.15426 0.243315 0.899816 -1.30845 0.704138 -1.90611 1.47765 -0.0440584 -0.210877 -0.127386 
2.30144 0.398257 -1.07547 -0.195117 1.3221 -1.02091 0.251279 -1.94858 1.6346 0.106115 -0.169302 -0.176842 
2.33151 0.256963 -0.70786 0.209785 0.899913 -1.11257 0.645266 -2.00659 1.82129 0.397817 -0.284326 -0.277155 
2.37442 0.896042 -0.359151 0.0446148 0.247571 -1.69988 0.974735 -1.40815 1.76688 0.000154366 -0.287773 -0.250417 
2.5443 0.0978755 -0.612789 0.458528 0.434572 -1.34039 1.14178 -1.86488 1.2532 0.444052 -0.296585 -0.258497 
2.43948 0.699447 -0.0949485 0.434032 0.232625 -1.37119 0.996352 -2.08748 1.45794 0.234094 -0.113772 -0.0939002 
2.38754 1.10842 0.0239508 0.152463 0.493258 -1.59449 1.52246 -1.40949 1.12809 -0.179031 -0.0264749 0.119449 
2.3571 1.19373 -0.188165 0.122266 1.07119 -1.10945 1.03449 -1.42593 1.27484 -0.340694 -0.0585762 0.11221 
2.34027 1.16167 0.496298 0.401675 0.615028 -1.40159 0.769499 -1.42598 1.58941 0.0527128 -0.133872 0.0730013 
2.39248 0.8898 0.709429 -0.0568029 0.358543 -0.694554 1.42429 -1.44852 0.811577 0.276039 -0.141388 0.143962 
2.35341 0.689896 0.871965 0.424889 0.200912 -0.333389 0.71281 -1.38766 0.610214 0.64304 0.131237 0.0513831 
2.24546 0.864878 0.603963 0.702292 -0.035735 -0.242354 0.805074 -1.2538 0.894217 0.617891 0.480822 0.192624 
2.1939 1.21304 0.690729 0.399476 0.178448 -0.191824 1.37486 -0.712915 0.718974 0.39243 0.443428 0.209861 
2.29013 1.27776 0.891294 0.315739 0.290779 -0.064097 1.88025 -1.44424 0.577418 0.383929 0.24433 0.169207 
2.44714 1.2422 0.202815 0.336806 0.683316 -0.132639 0.972672 -1.26305 0.853259 -0.134453 0.132679 0.194416 
2.45625 1.25521 0.600906 0.230662 0.562876 -1.04514 0.96977 -1.26817 0.744541 0.119548 0.0919622 0.229265 
2.41767 1.36091 0.589469 0.522317 0.939184 -1.04708 -0.396625 -1.27431 1.14698 0.20619 -0.0609594 -0.0173723 
2.33275 1.4752 0.155831 1.35399 0.61491 -0.900611 0.27765 -1.17936 1.29119 -0.11012 0.00113767 -0.231959 
2.32192 1.53637 0.239412 1.55365 0.791081 -1.49787 0.307102 -1.25552 1.49748 0.0646541 -0.00129375 -0.29208 
2.35152 1.50729 0.487705 1.28763 0.623556 -1.67887 0.0573828 -0.848528 2.30597 0.396533 -0.154738 -0.300493 
2.35562 1.52082 -0.271561 0.697093 1.23821 -1.50262 -0.0233228 -0.43748 1.90035 0.334395 -0.047743 -0.181913 
2.35016 1.4822 -0.0348516 0.863467 1.34453 -1.86981 -0.127898 -0.0564974 1.49926 0.741719 0.0261289 -0.0929679 
2.28957 1.39056 0.0477389 0.651694 1.79327 -1.20149 -0.0468829 0.326174 1.29443 0.588441 -0.140484 -0.120893 
2.24024 1.0638 -0.16241 1.24715 1.59813 -1.0302 -0.201687 0.13254 1.59137 0.937831 0.4188 0.0998723 
2.21221 1.01332 0.288782 0.769447 1.1002 -0.0157923 -0.0124622 0.330428 1.22668 0.596757 0.472828 0.207691 
2.09819 1.2581 0.936672 1.21896 1.41286 0.0538183 1.39341 -0.313154 1.06683 0.293787 0.246426 0.168351 
1.98828 1.39761 1.0634 1.1215 1.01183 0.287065 1.89965 -0.315787 1.30742 0.885474 0.559604 0.199148 
2.09452 1.26071 1.16713 1.01318 1.13156 -0.100867 0.605996 0.238438 1.91729 1.01312 0.560244 0.285629 
1.92177 1.62185 1.54582 1.8025 2.1255 -0.988191 0.509623 0.314065 1.46781 1.21767 0.202347 0.161762 
1.94601 1.72967 1.53113 1.29929 2.46352 -0.927406 0.451025 0.338998 1.28063 0.979641 0.103844 0.166044 
1.97035 1.98942 1.64019 1.20618 1.20924 -0.665174 1.21929 -0.160571 1.34275 1.03936 0.350684 0.175846 
1.93846 2.01432 1.91767 1.22457 1.06347 0.0668509 1.55959 -0.88403 1.18006 0.651787 0.212959 0.132119 
1.97141 1.88886 2.26225 1.64502 1.75708 1.01688 1.44702 -0.313771 0.295312 0.532563 -0.0984814 -0.07703 
1.90754 2.17689 2.24947 0.980747 1.06772 0.796516 0.842619 0.497146 0.632923 0.381303 0.0119627 -0.0189255 
1.92085 2.09178 2.08984 0.020277 1.57449 1.0689 0.411051 0.646619 0.95052 0.0697474 0.282741 0.112162 
1.86635 1.76552 2.00187 -0.105668 1.90003 1.54772 1.12664 0.130061 0.381931 -0.38387 0.32206 0.323034 
1.77353 1.57926 1.95499 0.415573 2.72621 1.36027 1.53074 0.599729 -0.0211401 -0.50414 -0.0650669 0.107654 
1.74128 1.48757 2.18789 0.410454 1.67119 0.870305 1.77297 0.381673 0.409731 0.324316 0.0332478 0.139602 
1.66942 1.53971 1.82005 0.780982 1.20453 1.41722 1.77041 0.679414 0.967974 -0.0311871 0.205785 0.171346 
1.67002 1.60843 2.21735 0.46148 1.52975 1.4889 0.935801 0.973963 0.643938 0.0511138 0.761844 0.347061 
1.67665 1.86248 2.1815 0.516751 1.84327 1.0635 1.8146 1.25258 0.373259 0.0694122 0.669414 0.325426 
1.46023 2.18446 2.27597 1.30344 1.84126 1.18482 1.99836 0.967358 1.18548 -0.140773 0.628508 0.209521 
1.52333 2.11541 2.72454 1.41774 1.40053 1.7116 2.30991 0.452644 1.11122 -0.00439958 0.269164 0.151996 
1.51542 1.86581 2.72468 1.64525 1.28002 0.136098 1.6267 0.956708 0.790728 0.399799 0.53106 0.257647 
1.51296 2.17402 3.05275 1.44181 1.91976 0.371245 1.85607 1.40447 0.277345 0.381933 0.309501 0.119177 
1.5817 2.31894 2.58447 1.36517 2.55454 1.74119 1.30928 0.929034 0.180262 0.4551 0.2843 0.128358 
1.55429 2.10214 2.40404 1.4418 1.7235 1.42399 1.14299 1.69493 0.926953 0.502052 0.487549 0.199554 
1.55238 2.01696 3.20951 0.86882 1.94311 1.59071 1.3245 1.67995 0.513859 0.603991 0.324397 0.0731336 
1.33899 2.13232 2.78475 1.1705 1.99235 0.647508 1.57682 1.82179 0.970754 0.283837 0.554587 0.183828 
1.27106 1.84413 2.30095 1.07963 1.99108 0.222174 1.15726 1.55429 1.26599 0.330816 0.947601 0.304246 
1.31029 1.65224 2.87407 1.19719 1.62398 -0.341919 1.28606 1.60694 0.153915 0.798336 0.78917 0.255246 
1.29662 1.87924 2.67034 1.31019 1.36997 0.0056498 2.07713 0.808059 0.210663 0.969304 0.573854 0.237261 
1.29838 1.73806 2.58164 1.12811 1.04954 0.0201923 2.05018 1.2045 0.670583 0.986177 0.590164 0.235856 
1.25331 1.72772 2.35495 1.52073 0.70729 -0.353957 1.73859 0.895012 1.47932 0.732715 0.79524 0.32813 
1.10672 1.60072 2.27022 1.40348 1.05525 -0.338356 1.41544 1.19066 1.60064 0.761253 0.589797 0.307235 
0.974646 1.48291 2.16076 0.961896 1.23402 0.181003 1.32624 0.438784 1.2379 0.463662 0.805392 0.175681 
0.983369 1.4075 1.66438 1.18225 1.49966 0.10418 1.45833 1.10743 0.525705 -0.19391 1.02148 0.073901 
1.05529 1.24857 2.09766 1.19729 0.939925 0.118159 0.777376 0.396854 1.36045 0.689465 0.347863 0.180108 
1.0009 1.31854 3.00205 1.55923 0.78267 0.00123574 1.21136 0.988649 1.8492 0.8171 0.660295 0.409424 
1.02874 1.13978 2.48866 1.1811 1.84185 0.243684 1.64444 0.674102 1.58943 1.16001 1.00567 0.321151 
0.993844 1.45754 2.25947 1.05412 1.86097 0.545573 2.2082 1.11488 1.1619 0.831865 1.11347 0.255037 
1.00004 1.5993 2.33146 0.974962 1.60828 0.903762 1.99648 1.31662 1.16814 0.617636 1.18281 0.211853 
0.945996 1.33199 2.55255 0.87398 1.25208 0.838256 1.94307 0.887714 1.2022 1.16322 1.37879 0.196453 
0.953366 1.3111 2.42173 1.30447 1.42347 1.34817 2.14307 0.808764 0.974093 0.694351 1.4467 0.17325 
0.964641 1.43811 2.71766 1.30475 1.51283 1.55836 1.99437 0.464822 1.05796 0.707739 1.04165 0.209864 
0.886665 1.61088 2.43169 1.77197 1.9592 1.68674 2.77775 0.704972 0.295036 0.584546 1.05023 0.115175 
0.911635 1.34916 1.80807 1.64314 2.3954 1.36219 2.31092 1.16927 0.480907 0.727226 1.0648 0.198612 
0.864033 1.46911 2.20283 1.6738 2.51738 1.82598 1.93687 0.57298 0.302239 1.07186 0.902187 0.141036 
0.930009 1.44181 2.15354 1.71102 1.40145 1.0802 2.12383 0.689251 1.34579 0.910234 0.503417 0.204853 
0.858206 1.31103 2.28111 1.23963 1.87185 0.411286 2.01825 1.31201 1.50207 0.735691 0.390969 0.276899 
0.887111 1.24348 2.378 1.52823 1.83852 0.725341 1.39357 1.31504 0.961141 0.522508 0.856993 0.167063 
0.894015 1.2181 1.79509 1.20795 2.01812 0.870754 1.41113 0.643685 0.282176 0.680285 1.13906 0.0722143 
0.877337 1.13506 2.00393 0.56363 1.09178 1.78106 1.51834 0.887635 1.00597 0.765863 0.568413 0.120268 
0.830993 1.2016 2.46297 1.43344 0.980537 1.09311 1.66355 1.66167 1.54391 0.844199 0.504673 0.230267 
0.797494 1.09995 2.39989 1.09336 1.4335 0.285582 1.54167 1.72927 1.17187 1.28539 0.83785 0.121466 
0.83529 1.32644 1.95569 0.789614 2.54778 0.654216 1.54662 1.1529 0.796915 0.89202 1.15777 0.0786515 
0.870364 1.27974 2.23596 1.20908 1.63699 0.526013 1.64831 1.06394 1.29197 1.2633 0.785197 0.196978 
0.871529 1.04336 2.20429 0.677323 1.89067 1.21694 2.33387 0.979499 1.52022 0.739125 0.649576 0.243538 
0.801342 1.09314 2.09131 1.333 1.26778 0.629044 2.20015 0.594624 1.91536 0.4337 0.763334 0.183967 
0.754647 1.00627 2.3606 1.72749 1.55163 0.773418 2.04867 0.731027 1.24301 0.582609 0.551243 0.137358 
0.811896 0.75742 2.79922 1.32965 2.07557 1.83355 1.62318 0.810791 0.788255 1.00166 0.562453 0.113761 
0.887169 1.05685 2.78305 0.993942 1.5998 1.2877 1.20818 0.702079 1.03307 0.983158 0.895163 0.142823 
0.800646 1.4749 2.08604 1.04848 1.97562 1.30195 0.762973 0.660961 1.15552 0.775295 1.03759 0.0912807 
0.914207 0.980746 1.74712 1.82871 0.975179 1.26951 1.90803 0.245623 1.07358 0.210236 0.530943 0.127791 
0.737016 1.06724 2.14288 1.88723 1.00962 1.84112 2.45631 0.907464 1.11875 -0.205621 0.820808 0.1516 
0.823545 1.14093 2.21012 1.63967 1.54514 0.575533 2.16415 1.15872 0.460862 -0.210921 0.707002 0.157029 
