0.521028 1.25485 2.23154 1.42463 1.05223 0.470655 1.24588 1.31922 0.0704515 0.472738 0.377334 0.0138414 
0.534996 1.27978 1.60457 1.57411 1.53417 0.360358 0.6909 1.46653 0.473408 0.666048 0.787908 -0.0900204 
0.513602 1.34259 1.53099 2.2453 1.73539 0.276636 0.647356 1.34367 0.130525 0.824869 0.762744 -0.121137 
0.408062 1.23999 1.68659 2.48363 1.61406 1.20193 1.04135 0.729644 0.24055 0.446666 0.60033 -0.0852022 
0.474839 0.574245 1.32399 0.854467 1.66585 1.09689 1.74786 0.968885 -0.0146898 0.34744 0.472985 -0.0329257 
0.502501 1.14409 1.13576 0.585234 2.11217 0.932545 1.37218 1.15306 0.737561 0.694162 0.626958 -0.0478666 
0.580913 1.21974 1.40329 1.43187 2.40035 0.608409 0.211529 1.32779 1.04263 1.16437 0.640102 -0.0885263 
0.6568 1.28349 1.46736 1.55289 1.53584 0.832069 0.710361 1.23151 0.910025 0.973468 0.157341 0.0542877 
0.611458 1.2045 1.79092 1.38435 0.476705 1.65238 0.959925 0.987323 0.144041 0.164199 0.572089 -0.0793679 
0.669486 1.2393 1.73993 1.54695 0.412906 1.81457 0.975258 0.14176 1.45731 0.280751 0.460855 -0.00304373 
0.62919 1.04624 1.17388 1.14635 1.07021 1.62385 1.02093 -0.196861 1.5361 0.44495 0.645971 -0.0542878 
0.41416 0.922652 1.35451 1.07897 2.03306 1.69875 0.6416 0.233988 1.57509 0.425614 0.156378 0.0992633 
0.419492 0.81597 1.27195 1.08298 1.15851 1.74524 1.07199 0.327129 1.64008 0.280088 0.366774 -0.0332656 
0.453918 1.10571 1.87646 0.926392 0.831724 0.822429 0.980933 0.305785 0.79767 0.13583 0.111818 0.0842104 
0.511388 1.05205 1.58363 0.560512 0.650462 1.29963 1.4794 0.434741 0.738643 0.520209 -0.0672219 0.0138783 
0.487298 1.05056 1.60314 0.935312 1.53241 1.43662 1.14638 1.47458 1.39229 0.645739 0.239799 0.00885023 
0.496766 0.949307 1.77712 0.826809 1.84251 1.63227 1.10191 1.3087 1.29549 0.632936 0.206845 0.0670073 
0.479611 1.03776 1.74018 0.802992 1.22282 2.23769 2.16147 1.28041 0.952403 0.77048 0.115368 0.11265 
0.53713 1.30538 1.27139 1.8648 1.36722 0.996 2.34668 1.15429 0.537302 0.585343 0.3799 0.122431 
0.535904 1.18899 1.22539 1.53859 2.20971 1.19501 1.72922 0.311554 0.982479 0.675268 0.868354 -0.0260917 
0.51801 1.04177 1.39046 1.45693 1.2231 1.4296 1.48523 0.933717 1.05057 0.678179 0.665161 -0.0234162 
0.37271 0.961755 1.3093 1.37936 1.40319 1.37628 1.10182 0.869695 1.51657 0.965008 0.158295 -0.0405383 
0.310681 0.915825 1.76701 1.46211 0.930575 1.62999 0.773975 1.04525 2.23044 0.535378 0.510259 -0.0377877 
0.534349 0.783071 1.66029 0.995657 1.29175 1.12766 0.747551 0.629674 1.29156 0.881496 0.113057 0.0442152 
0.611907 0.637631 1.4817 0.813729 0.741437 -0.408811 0.864502 0.0545575 0.912048 1.44867 0.106502 0.0403485 
0.642284 1.00949 1.32036 0.5311 0.540817 -0.0483171 0.35666 0.0704174 1.33846 0.914232 0.344151 -0.0606621 
0.9596 1.32694 1.41584 0.318277 0.808424 -0.374713 0.513877 0.0460284 1.5158 1.19578 0.473445 0.0474105 
1.16989 1.28432 1.28046 0.383101 1.09692 0.0389788 -0.095244 0.984208 0.880339 0.492424 0.648702 -0.027164 
1.6234 1.67109 2.36718 0.772323 0.831381 0.271354 0.0362853 -0.138237 -0.0718793 -0.435015 -0.215783 -0.136342 
1.84018 1.82197 0.948434 1.38769 1.79482 -0.0307206 -1.81872 -1.70568 -0.750021 -0.569304 -0.283736 -0.343505 
2.65121 1.48418 0.31385 2.14354 2.15074 -0.0821003 -2.35318 -2.81332 -0.806964 -1.01045 -0.803372 -0.513275 
2.4318 1.80625 1.19101 2.34558 1.22341 -0.476015 -1.55718 -2.46703 -0.58422 -1.29983 -0.837075 -0.471567 
2.56493 1.32604 -0.308826 2.29821 1.36018 -0.390267 -1.726 -1.99174 -0.154845 -1.08485 -0.759382 -0.398433 
2.65273 1.00956 -1.0153 2.70031 1.06587 -0.856555 -2.15158 -2.49882 -0.405286 -1.0328 -0.521129 -0.343927 
2.62711 1.14026 -0.449884 1.87105 1.54842 -0.974372 -2.28159 -1.92518 -0.613288 -1.18378 -0.796327 -0.21226 
2.62533 0.674942 -0.925435 1.86324 1.13724 -1.34282 -2.49995 -2.37409 -0.391233 -0.616574 -0.359161 -0.133462 
2.72817 0.947978 -0.611124 1.67793 1.231 -1.40783 -2.49508 -2.11278 -0.705918 -1.13851 -0.72455 -0.122639 
2.69052 0.829477 -0.878035 1.20242 1.62465 -0.895971 -2.51227 -1.61105 -0.550323 -0.309181 -0.306354 -0.121389 
2.60026 0.786068 -0.657195 1.17837 1.15023 -1.17121 -2.92709 -1.82295 -0.66302 -0.775309 -0.524563 -0.0858244 
3.00236 0.00983407 -1.01104 0.536652 1.46406 -1.11563 -2.41378 -1.42851 -0.235576 -0.218682 -0.355376 -0.120837 
2.89728 0.416788 -0.806817 1.12003 1.26805 -1.68003 -2.84249 -1.71957 -0.406263 -0.486389 -0.489559 -0.096672 
3.10736 0.348345 -1.11844 0.950405 1.22688 -1.58331 -2.28601 -1.25345 0.10582 0.105135 -0.1475 -0.0587331 
2.80765 0.71738 -0.903988 0.426531 1.13728 -1.53068 -2.6273 -1.58388 -0.0220081 0.0642052 -0.217743 -0.14357 
2.60818 1.07582 -1.47825 -0.811028 0.831505 -0.344319 -1.87065 -1.3308 0.402876 0.150835 -0.196149 -0.394731 
2.7402 0.957598 -1.74905 -0.713769 0.864009 -0.589192 -1.74359 -1.42328 0.383928 0.15289 -0.212569 -0.335952 
3.0863 0.977402 -1.84112 -0.165842 1.27201 -1.61625 -1.36679 -0.87956 0.777513 0.411526 -0.380484 -0.432633 
3.05107 0.815595 -2.1112 -1.08781 1.33768 -1.0314 -1.0323 -0.67743 0.958039 0.67449 -0.352537 -0.510499 
3.01295 1.12028 -1.68741 -1.36018 1.16349 -0.996219 -0.798736 -0.521231 0.708429 0.522533 -0.394673 -0.495342 
3.12438 1.0259 -2.05901 -1.28175 1.2868 -0.382878 -0.941479 0.0352735 1.0008 0.653079 -0.539201 -0.732098 
3.03789 1.06073 -1.39757 -0.969059 1.29772 -1.11492 -1.04608 -0.331096 0.859037 0.464333 -0.587558 -0.582354 
2.97349 0.942907 -1.89786 -0.707701 1.62394 -0.468388 -0.589817 0.0912614 1.31556 0.713698 -0.613005 -0.795431 
2.7486 1.40325 -0.601132 -1.01464 0.873346 -0.0866479 -1.79403 0.0603387 0.978769 0.349733 -0.393141 -0.637882 
2.64103 1.44396 -1.00047 -0.744747 1.50005 0.26814 -0.352431 0.0837114 0.820546 0.394506 -0.270057 -0.478327 
2.66731 1.43083 -0.627779 -0.812748 1.74054 0.124784 -0.364619 -0.570337 1.10697 0.162217 -0.314823 -0.350574 
2.71905 1.20497 -0.975736 -0.382215 2.23515 0.24004 0.210728 -0.617563 1.01497 0.21398 -0.439238 -0.405751 
2.69087 1.17924 -0.688595 -0.0926471 1.9668 -0.561738 0.140988 -0.322861 1.00535 0.0875941 -0.380248 -0.137828 
2.5028 1.25998 -0.948842 -0.0448853 2.37872 0.429667 -0.268437 -0.540229 1.118 0.199161 -0.357244 -0.455689 
2.65874 1.59248 -0.746692 -0.498642 2.36686 -0.0916793 0.144385 -0.760235 1.13548 0.0538649 -0.452568 -0.341635 
2.82539 1.25412 -1.42007 -0.420116 2.64745 0.896992 -0.17381 -0.147394 0.371417 0.45602 -0.23652 -0.395414 
2.54186 1.41616 -0.920705 -0.214041 2.7292 0.764717 0.260295 -0.505373 0.879872 0.179155 -0.280052 -0.365596 
2.37328 1.25197 -0.65232 0.356846 3.3134 0.851679 -0.625362 -1.01769 0.784493 0.277708 -0.000705847 -0.232939 
2.41081 1.1292 -0.444937 0.0324865 2.67389 0.95728 -0.292832 -0.425294 0.664061 0.068567 -0.170696 -0.236381 
2.37088 0.906342 -0.365205 0.634331 2.5896 0.985703 0.0683765 0.390438 0.847518 0.113995 -0.478657 -0.394777 
2.36819 1.21214 -0.479507 0.319831 2.74916 0.997245 0.35098 0.302935 1.15042 0.0861827 -0.466687 -0.391462 
2.21736 1.7175 0.109618 -0.25523 1.76322 0.826873 0.377271 -0.166456 0.555103 0.294298 0.0844344 -0.165859 
2.43634 1.4979 -0.489002 -0.620998 2.65368 1.08872 0.681927 0.873088 0.974064 0.329968 -0.603164 -0.655296 
2.37631 1.37426 -0.582803 0.0830358 2.57727 0.816063 1.09945 0.88931 1.62297 0.297583 -0.840134 -0.757419 
2.18334 1.52509 -0.0592976 -0.0124655 1.66683 1.36331 1.04773 0.876978 1.79868 0.220419 -0.594719 -0.681448 
2.31707 1.63687 0.363892 -0.292231 1.84747 1.54856 0.509261 0.321362 1.3931 0.401904 -0.276017 -0.51938 
2.17963 1.89586 0.542007 0.197601 2.39657 0.885286 1.17442 0.22816 0.902207 0.164827 -0.281948 -0.272199 
2.12034 1.69651 0.571996 -0.220365 1.6151 0.555986 0.636521 1.0642 0.505457 0.0570988 -0.287256 -0.296789 
2.15529 1.46876 0.560746 -0.0204133 1.69852 0.360064 0.255918 0.661949 1.2357 -0.128211 -0.209951 -0.185559 
1.97176 1.31511 0.753787 0.389567 2.56617 1.11556 0.963249 -0.321686 0.934836 -0.220277 -0.423743 -0.221538 
2.08719 1.55127 0.437809 0.822764 1.7067 0.896267 0.171918 -0.324365 1.39881 -0.32982 0.05015 -0.0442966 
2.06426 1.539 0.436503 0.778213 1.92456 0.615525 0.60498 -0.401877 1.11974 0.152212 -0.144466 -0.219703 
2.03115 1.85999 0.698732 0.0209444 1.86437 -0.276117 0.734342 -0.24296 1.18186 0.453446 0.125915 0.0634463 
1.94128 1.96211 1.22214 -0.301402 1.92889 0.434389 1.19735 0.818902 0.342766 0.528543 -0.301797 -0.179856 
1.93515 1.72129 1.22623 0.0535751 2.30219 0.920245 1.1209 0.992752 0.480904 0.391861 -0.251901 -0.173501 
1.92415 1.71879 1.21811 0.532291 2.24317 1.1375 1.58181 0.974928 1.07746 0.407039 -0.409139 -0.236124 
1.89768 1.96199 1.18441 0.0737682 1.60523 0.914225 1.16216 1.0955 1.09978 0.0820939 -0.288929 -0.216365 
1.84359 1.94571 1.23197 0.361462 1.11598 1.09026 1.42002 0.780434 0.0791374 0.374353 -0.0584265 -0.0299201 
1.69654 1.51843 1.51098 1.02162 0.352826 0.354622 1.36512 -0.0249613 0.0416333 0.258839 -0.198618 -0.168792 
1.59394 1.62385 1.44238 1.08372 1.21567 0.951243 2.15197 -0.0995048 0.585367 0.0181532 -0.130114 -0.0293902 
1.54013 1.94451 1.5109 -0.0884479 1.62273 1.62762 1.48418 0.86759 0.948534 -0.465349 -0.430478 -0.187714 
1.60316 1.87935 1.6366 0.072541 1.19992 1.78316 1.53605 0.734251 1.22821 -0.0681164 0.371711 0.175479 
1.48781 1.94598 1.55291 1.17286 2.38059 0.858747 0.572611 0.448636 0.627012 0.143007 0.217708 0.0287356 
1.54659 1.80344 1.2853 1.03744 2.42149 1.12721 0.77817 0.0102318 1.08348 -0.182596 0.30619 0.0410291 
1.66513 1.88082 1.36682 1.08813 1.04677 0.92273 1.72858 -0.362049 0.979622 -0.410709 0.277627 0.0563291 
1.6496 1.78934 1.9194 1.17106 0.58045 0.603176 2.52692 -0.128842 0.963825 -0.132219 0.17334 0.0390794 
1.4727 1.68226 2.22937 0.919799 1.37089 0.688956 1.56621 0.945406 0.320104 0.183697 -0.246815 -0.109909 
1.31017 1.72078 1.71934 0.359491 1.02623 0.769592 1.12374 0.558989 0.952564 0.16527 0.0930636 -0.0143776 
1.43443 2.00482 1.5774 1.14803 2.04776 0.514061 1.5704 0.825471 0.804267 -0.241785 0.108938 0.0140641 
1.2815 1.68653 1.93968 0.489776 1.38969 0.247199 1.78455 0.314171 0.931447 -0.141409 -0.116015 -0.0306802 
1.38861 2.1033 2.25103 1.34261 0.842883 0.242708 2.39894 0.536664 0.884367 -0.00877792 0.305947 0.0319367 
1.31528 1.8117 2.64029 1.02836 1.32393 0.588878 2.38833 1.23179 1.07457 0.436983 0.551926 0.223659 
1.31812 1.67318 2.74282 1.67537 1.67088 0.567581 1.95329 1.49364 1.14083 0.0343636 0.234347 0.187432 
1.20254 1.4727 1.91045 1.0867 1.44892 -0.208113 1.2614 1.26892 0.673066 -0.426935 0.329059 0.0253767 
1.26197 2.04636 1.98288 0.98421 1.66002 1.0169 1.11315 0.91764 1.05824 0.666482 0.0750493 0.101544 
1.25669 1.9572 2.1455 1.33323 1.79342 0.815093 1.97705 0.215672 0.651342 0.434341 -0.170984 0.0622392 
1.32429 1.49881 2.17409 0.911623 1.52773 0.79109 1.56167 0.827209 0.693156 0.336044 0.173541 0.106069 
1.28522 1.65794 2.17858 1.05273 1.48485 0.922077 1.19912 0.449935 1.47723 0.834242 -0.0439623 0.166875 
1.09264 1.86489 2.29602 1.22656 1.52212 1.19684 1.6721 0.174103 1.08165 0.558635 0.449052 0.204982 
1.06935 1.50718 2.03849 1.34589 1.25807 1.34072 1.8029 0.743949 0.945603 0.541761 0.0846712 0.103035 
1.13466 1.39172 2.33576 0.792878 1.22714 1.03905 1.36605 0.215516 1.20682 0.39383 -0.387885 0.0751042 
1.03672 1.16929 2.06456 1.07126 2.1204 0.827511 1.1454 0.50513 0.860952 -0.0437201 0.322497 0.0969656 
1.1072 1.34479 1.92245 0.889518 2.44145 1.37941 0.60245 0.238971 0.411837 -0.151631 0.0485435 0.0199519 
1.20869 1.70319 1.74557 1.21067 1.82897 0.449629 1.06998 1.28654 1.65883 0.42823 0.206974 0.145989 
1.23279 1.18253 2.23889 1.29291 1.91086 1.03487 1.31308 0.677245 1.9076 0.761932 0.23189 0.267023 
1.16642 1.34882 2.00269 1.76605 1.66852 1.12534 1.6757 0.759842 1.19718 0.626048 0.304615 0.201788 
0.994831 1.56889 1.86703 1.04145 1.84978 0.805204 2.65684 0.65149 0.822785 0.753306 0.872175 0.214291 
0.96331 1.57489 1.79712 0.896719 1.87414 0.387519 0.770226 0.502963 0.821354 0.333925 0.778961 0.099562 
0.935075 1.40071 2.30496 1.08343 1.7513 -0.143709 1.43092 0.571737 0.479647 0.0386325 0.262931 0.136027 
0.908896 1.3403 2.51475 1.21376 2.42345 0.17942 1.99791 0.0968273 0.179022 0.480707 0.669331 0.147295 
0.962701 1.45792 2.00202 1.07893 1.59041 0.811454 2.58641 1.56731 0.859595 0.10013 0.907517 0.142374 
0.955768 1.31944 2.17602 0.938228 1.03701 1.27329 1.57934 1.76767 1.06221 0.0136144 0.974774 0.119624 
0.88534 1.31234 1.95092 1.08255 1.56982 0.398066 1.59664 0.777854 0.744635 0.712011 0.621261 0.121619 
0.976229 0.934138 2.15983 1.25051 1.50465 0.674942 1.90488 -0.0129294 1.18619 1.04754 0.370553 0.12377 
0.895935 1.36299 2.0362 1.47726 2.05734 -0.0324439 0.965787 1.0608 1.55132 0.662838 0.724135 0.174423 
0.77683 1.73603 1.8552 1.20488 1.88873 1.35609 1.52507 1.01716 1.1397 0.579943 0.509426 0.134664 
0.771682 1.3528 1.43421 0.830652 1.77544 1.14724 1.40514 0.496019 1.04466 1.11662 0.142817 0.126457 
0.824041 1.56118 2.05401 1.4761 1.78179 1.02788 1.78984 0.662816 1.44789 0.854212 0.253043 0.237199 
0.919655 1.52761 1.48396 2.077 2.56717 0.287829 2.12035 1.08913 1.10425 0.094283 -0.259536 0.263759 
0.70666 1.42985 0.951907 1.73004 1.69637 0.429327 0.748027 1.32397 1.24888 -0.0168457 0.27489 0.0866404 
0.683243 1.32899 1.54743 1.62359 1.35773 1.13517 1.27032 1.45898 1.54518 0.81012 0.360604 0.141484 
0.736322 1.14426 2.0988 1.46269 1.68631 0.916533 1.16049 1.06227 1.81353 0.374362 0.285356 0.193465 
0.82066 1.60888 2.07247 1.42317 1.71677 0.914493 1.24614 0.715438 0.681573 0.462271 0.587268 0.104413 
0.733163 1.70868 1.86515 0.994608 1.71364 0.285578 0.431404 1.46641 1.06295 0.630144 0.414023 0.124504 
0.831126 1.44617 1.71596 1.57221 1.70293 0.379323 0.90826 1.16022 1.35732 0.406316 0.573428 0.107235 
0.824979 1.53511 1.98136 2.67967 1.64428 0.872423 0.887013 0.0727324 1.28171 0.436121 0.289739 0.0546194 
0.851352 1.33321 1.53298 1.79956 1.07671 0.53543 1.06976 0.383778 0.955925 0.648395 0.448407 0.068096 
0.904095 1.23716 1.62414 0.723133 0.542768 1.20313 0.877874 1.0931 0.683862 0.485855 0.338879 0.0495749 
0.701116 1.03092 2.02476 1.01436 0.867486 1.32662 1.96834 1.02234 0.896489 0.312672 0.680429 -0.0418523 
0.692623 1.42135 1.61327 1.15976 1.64395 1.52694 1.27071 0.442635 1.36467 0.529116 0.497351 0.0698926 
0.704871 1.38688 1.67075 0.525721 1.83926 0.637933 1.0533 -0.180803 0.949691 0.0739722 0.406664 0.103781 
0.690068 1.15534 1.21231 1.33256 1.48672 0.2744 1.53932 1.07669 0.605845 0.262651 0.263943 0.11504 
0.631621 1.27052 1.09572 1.63018 1.40915 0.816005 1.5443 0.113858 0.768033 0.249193 0.1067 0.0684476 
0.668522 1.1984 1.56318 1.4691 1.24455 1.3165 2.08316 0.0502757 0.840651 0.469844 0.189153 0.0721306 
0.618413 1.29718 1.2727 1.68885 1.86824 1.32458 1.73919 1.33925 0.728284 0.714125 0.349371 0.164511 
