0.656298 -1.31119 2.15353 0.185006 2.82185 1.11381 -0.600618 0.612027 -0.565449 -0.615318 0.624604 -0.289173 
0.659281 -0.981604 2.24149 0.135111 4.38744 1.17142 -0.374384 0.0240202 -1.05064 -0.10585 0.672816 -0.0905116 
0.777745 0.177277 0.640135 -0.3115 2.93457 1.20639 0.420211 -0.242723 -0.896637 0.487109 0.467022 -0.287709 
0.689493 -0.371864 0.410341 0.584794 3.07769 1.17663 0.461214 0.663859 -0.881939 0.640462 0.86752 -0.180213 
0.490826 -0.809973 0.73171 0.565759 3.48065 0.364468 -0.734041 -0.122851 -0.536175 0.891783 0.356523 -0.346594 
0.500383 -0.93458 0.241695 1.11944 3.35481 -0.0449284 -1.22045 -0.207796 -0.0991266 1.21342 0.331391 -0.383912 
0.514512 -0.95442 0.30955 1.66486 3.41503 -0.777155 -0.915063 -0.0819437 -0.122073 1.1056 0.303295 -0.369895 
0.479291 -1.05764 0.148709 1.73158 3.60194 -1.09745 -1.03295 0.825436 0.6654 0.800761 0.349353 -0.282871 
0.620529 -1.54627 0.209973 2.19808 2.71796 -0.32369 0.111404 1.8663 0.17235 -0.0462656 0.32428 -0.263031 
0.739389 -1.83976 0.492591 1.75404 3.18884 -1.4038 1.16098 2.53877 -0.0291048 -0.00459314 -0.15195 -0.135317 
0.836217 -1.2871 0.61065 1.46776 3.18607 -1.1898 1.09726 2.68726 0.365713 0.384471 0.00928134 -0.168009 
1.1519 -0.0633169 0.564888 1.56291 2.51394 0.722403 0.397973 1.45358 0.0715946 0.795642 0.344646 -0.145007 
2.08035 0.207216 -0.483028 1.46755 3.32475 1.50288 0.8763 0.962946 -0.137953 0.33003 0.0305071 -0.0954282 
2.58316 -0.112357 -1.69693 0.83224 3.49772 1.51846 1.38124 0.861124 0.336741 0.204479 -0.0532128 -0.105723 
2.56869 0.527628 -1.00263 0.647426 3.18359 1.5933 1.88638 0.882172 -0.422974 0.128355 -0.0802035 -0.182643 
2.36612 0.648457 -0.852464 1.32346 3.28336 1.68591 1.63018 0.828425 -0.366868 0.283634 -0.138386 -0.231841 
2.43755 0.539218 -0.910313 1.14885 3.58874 1.6553 0.94656 1.43453 -0.212898 0.440677 -0.207148 -0.292314 
2.50979 0.447515 -1.15963 1.72622 3.08942 1.91658 0.785532 1.3576 0.149203 0.419237 -0.157669 -0.259015 
2.35875 0.228993 -0.523726 1.56815 3.45664 1.35225 1.3758 1.65596 -0.121956 0.54495 -0.112737 -0.368748 
2.2835 -0.524639 -0.387051 1.58996 3.0319 0.629527 2.31057 0.545116 -0.433595 0.454329 0.269869 -0.183368 
2.3707 -0.30176 -0.734992 1.39765 3.29322 1.35724 1.11828 0.484453 -0.112107 0.361918 0.168532 -0.170754 
2.42734 -0.0918456 -1.11303 1.2854 3.38569 1.97868 0.69569 1.53584 0.121915 0.3755 0.0650995 -0.171044 
2.30631 0.333089 -0.773658 1.26487 3.45653 1.38391 1.01104 0.860253 0.494685 0.52264 -0.30259 -0.392746 
2.38276 0.23139 -0.461918 1.65492 3.22867 1.57428 1.2174 0.42104 0.244158 0.342826 -0.144385 -0.307505 
2.41478 0.289159 -0.599638 2.16287 3.45224 1.23795 1.40785 0.992074 0.424289 0.506631 -0.122661 -0.333994 
2.2012 0.512365 -0.269916 2.2284 3.96477 1.86029 1.19916 1.05124 0.0549121 0.719841 0.0433048 -0.137405 
2.36604 0.421783 -0.0141766 2.13711 4.5922 1.5336 1.71389 1.2966 -0.334337 0.62907 0.202602 0.0169858 
2.3522 0.675271 0.0611539 2.34715 4.13275 1.78533 1.50631 1.31707 0.28979 0.548116 -0.0576644 -0.114177 
2.38055 0.801518 0.169431 2.21553 4.16833 1.44623 1.37867 1.76849 0.755898 0.544546 -0.398794 -0.248762 
2.36271 0.729106 -0.253481 2.22391 4.55755 1.31445 1.37548 1.56535 0.361375 0.603432 -0.358874 -0.19209 
2.13369 0.771134 -0.193668 1.76461 3.92043 1.22757 1.58452 1.12963 0.0691813 0.772691 -0.27887 -0.234247 
2.21966 0.508032 -0.686115 1.83299 4.11372 1.15378 1.07162 0.805199 -0.0532776 0.385708 -0.290777 -0.178288 
2.225 0.748567 0.0223462 1.74227 4.55999 1.40437 1.29886 0.676588 0.315558 0.469795 -0.445701 -0.244648 
2.13548 0.64713 0.597992 2.32007 4.43693 2.45526 1.39062 0.774313 0.29362 0.502858 -0.184075 -0.183693 
2.10211 0.647498 0.578166 2.08522 4.04184 2.6333 1.83265 0.740245 0.323994 0.815724 -0.040904 -0.180187 
2.04593 0.871263 0.710873 2.38336 3.38384 2.16872 2.26463 1.03967 0.862875 0.725852 -0.113061 -0.127809 
1.95298 1.0722 0.727206 2.65982 4.44784 2.9638 1.57617 0.361302 0.425567 0.521398 0.0690246 -0.00915956 
2.06965 1.25203 1.02507 1.54243 3.9953 2.17012 2.06016 2.00346 0.676507 0.715525 -0.462914 -0.26114 
1.96311 1.3567 0.868011 1.86464 4.04054 2.02438 1.96478 1.46616 1.34676 0.651114 -0.516493 -0.219181 
1.85882 1.24211 1.21921 2.38461 4.60719 2.7367 1.43464 0.171551 1.99791 0.555522 -0.132551 -0.0804981 
1.74233 1.34543 1.35884 2.75884 4.26879 2.30379 1.53765 0.188911 1.83355 0.542582 -0.160879 -0.0878118 
1.70666 1.38195 1.35246 2.23451 4.28257 2.30007 2.07406 -0.20572 1.66482 0.899023 -0.237117 -0.0753784 
1.78055 1.3393 1.31115 1.64714 3.85639 3.20292 1.32349 0.795463 1.00919 0.923466 -0.0988523 -0.113241 
1.71929 1.05036 1.17558 1.9799 3.22611 3.0623 1.50572 0.771218 1.52184 0.611146 0.00904665 0.0745854 
1.57873 1.19219 1.3092 2.12689 3.44266 1.91469 1.64438 1.04462 1.61193 0.542603 0.183889 0.186859 
1.59456 0.917901 1.41094 1.27123 3.51368 2.35442 1.62297 0.610449 1.07455 0.959683 0.429711 0.233701 
1.56954 0.871836 1.15328 0.806948 3.37273 2.15012 1.6155 0.610779 1.53938 1.08479 0.0869879 0.0690367 
1.44441 1.04066 1.0074 0.936778 2.82217 2.47637 0.934779 0.983541 1.79427 0.491176 -0.085771 -0.0567988 
1.3433 0.983055 1.34281 1.41711 2.76777 1.72481 1.03306 1.46989 1.27117 0.251196 -0.377889 -0.0487885 
1.41285 1.02944 1.64915 1.70984 2.93238 1.55497 0.473644 0.80935 0.901134 0.77533 0.234036 0.0383894 
1.37958 1.46792 2.27557 1.79102 2.86046 1.27277 1.65909 1.26339 0.865982 0.517151 -0.0647457 0.109021 
1.39759 1.35084 1.84327 1.78397 3.11246 2.12451 2.43456 0.085656 0.534956 0.668567 -0.170575 0.11392 
1.43797 1.3855 1.31461 1.21244 2.58309 1.86913 1.26635 0.456235 1.07529 0.342998 -0.262916 -0.0715341 
1.28457 1.24679 1.69624 1.3004 2.76869 0.817153 0.611181 0.122463 0.681261 1.08414 -0.214717 -0.107926 
1.46254 1.32472 1.95447 1.22483 3.21536 1.26042 0.640204 -0.477017 0.410565 1.15411 0.227209 0.0324522 
1.25801 1.2781 2.19995 1.76732 3.46521 1.49741 0.781439 0.186832 1.09649 0.880503 0.234829 0.107659 
1.36199 1.39811 2.17961 2.09474 2.97016 1.66734 0.938389 0.843775 1.3239 0.956154 -0.2536 0.0358349 
1.43697 1.22632 2.41667 1.8628 2.27665 1.73766 1.03322 0.582068 0.549075 0.610677 0.306955 0.103259 
1.23561 1.22815 2.1677 1.63094 2.42531 1.95077 0.743932 0.139483 0.346278 0.778572 0.619282 0.0915933 
1.20561 1.36221 1.88378 1.57702 1.67371 0.883339 1.5897 0.524391 0.665989 0.00823293 0.478204 0.0745995 
1.27374 1.63621 2.12321 1.44289 1.96069 0.724958 1.82726 0.757742 0.427854 -0.0067014 0.413665 0.107384 
1.36748 1.64357 1.93198 1.12726 2.9309 1.20176 0.672419 1.63569 0.0958313 0.991276 0.401927 0.0911668 
1.27686 1.50101 2.52826 1.62091 2.64336 2.03296 1.90581 0.997576 0.881403 1.0422 0.223954 0.23253 
1.41201 1.34009 2.40671 1.96423 2.07695 1.85731 1.78573 1.6175 1.42172 1.07485 0.0262185 0.176354 
1.37256 1.50087 2.48396 1.51136 2.2342 1.65431 1.70408 1.72974 2.05804 1.15602 -0.351223 0.168737 
1.34309 1.24214 2.51977 1.66136 2.75755 0.951403 2.06041 0.642477 2.14134 0.682728 -0.239539 0.326942 
1.3237 1.07153 2.6042 1.87561 3.4149 1.5829 1.4033 0.751942 0.662767 0.641299 0.15087 0.150828 
1.27864 1.50442 2.39738 1.18626 2.14407 1.93087 0.842518 0.610964 0.320578 0.463238 0.209622 0.0903019 
1.20272 1.75339 1.74106 1.12659 0.962409 1.89574 1.42764 0.885089 1.45471 0.536993 0.657354 0.222546 
1.21425 1.54921 1.93415 0.655552 1.56948 1.23841 2.29438 1.1004 1.11533 1.05124 0.396753 0.225845 
1.28433 1.08231 2.2012 1.16768 2.02166 0.368508 2.05291 0.457982 1.24441 1.57318 0.343535 0.263908 
1.19433 1.18799 2.0218 1.56786 2.75171 0.023511 1.75195 1.21124 0.831322 1.08971 0.459098 0.280925 
1.18273 1.39003 2.11585 1.04336 2.51138 0.740211 1.12394 1.54494 1.06885 0.618494 0.453968 0.180308 
1.2349 0.952498 1.56942 1.20742 2.34311 0.739921 1.19082 1.0201 1.15317 0.462665 0.58414 0.162246 
1.2442 0.144551 -0.0859772 1.40476 3.47081 1.3636 1.69844 -0.585926 1.07327 0.30464 0.517478 0.172191 
1.22743 0.548124 0.546597 0.827421 3.29044 1.6999 1.15231 -0.131408 0.798103 0.0324373 0.62453 0.183809 
1.12374 1.09445 1.35729 1.45296 2.19062 1.05093 1.1407 0.355531 0.758192 0.238781 0.0736066 -0.00682011 
1.13143 1.26331 1.71937 1.4593 2.44829 0.831524 0.519853 1.11695 0.749489 0.750517 0.0238526 0.0182537 
1.17269 1.3038 1.6306 1.08612 2.56294 0.638215 0.663933 1.37006 1.01031 0.718503 0.122738 0.0734511 
0.995275 1.38762 1.63738 1.04409 1.97998 1.0064 0.506667 0.0812174 0.648378 1.16422 0.173623 0.121655 
0.909784 1.24413 1.57223 1.10306 1.09526 1.13222 1.01388 0.51024 1.20142 1.13089 0.964607 0.0640246 
0.929161 0.907537 2.12424 1.27147 1.51224 0.0189849 1.0007 0.461737 1.42593 0.802222 0.829631 0.12746 
0.896253 0.987718 1.91926 1.44037 1.83019 0.436083 0.669768 0.472201 0.923015 0.901844 0.800927 0.0416781 
0.877075 1.05126 1.9041 1.25434 2.12177 0.713219 -0.0086364 0.67219 1.0628 0.306485 0.503736 0.00933531 
1.02891 1.24421 1.95135 0.341563 2.28882 1.66588 0.879676 0.608908 0.449183 -0.00414109 -0.0224652 0.0659257 
0.954919 1.34473 1.73152 0.935236 1.6576 1.48546 0.803096 0.368924 0.762855 0.375689 0.0997054 0.0731261 
0.961565 1.44388 2.02576 1.35433 1.89938 0.898665 1.30207 0.248728 0.757658 0.864366 4.7334e-005 0.158567 
0.954417 1.44141 1.3606 0.851703 2.08413 0.785249 1.4451 0.930394 0.560051 0.562609 0.9176 0.123004 
0.927706 1.26257 1.51908 1.38906 1.71183 1.31761 0.748801 0.151365 0.553384 0.00213366 0.642892 0.0583949 
0.907445 1.50714 1.92039 2.27366 2.54865 1.34984 0.218977 -0.321436 1.55016 0.353801 0.496901 -0.0142174 
0.978606 1.13355 1.36832 1.66809 1.59759 1.29986 0.501277 0.761049 1.66009 0.405132 0.570687 0.106894 
0.940916 1.20761 1.68524 1.43271 1.87813 1.19414 0.813201 -0.281766 1.23307 0.776396 0.420974 0.12475 
0.872836 1.22578 1.75475 1.77043 2.24079 0.570323 1.2381 0.391168 1.4746 0.429461 0.699945 0.125774 
0.764671 1.05766 1.25142 0.920884 1.7545 0.418693 1.17131 0.700946 0.899371 0.354322 1.02669 -0.0378561 
0.704724 0.896487 1.10208 0.951786 0.908534 1.12097 0.445328 0.355299 0.267176 -0.11476 0.534938 0.0724793 
