0.0243413 0.340215 1.54858 0.486991 -0.012558 -0.1938 0.755611 0.764757 0.38883 0.395581 0.260279 -0.419868 
0.0549786 0.619022 1.48458 1.28701 -0.479378 -1.033 0.856191 1.47934 0.872442 -0.290143 0.566547 -0.155051 
0.173815 0.461853 1.31353 0.588696 -0.258129 -0.914391 0.751952 1.353 1.24431 -0.467358 0.330707 0.0822974 
0.264604 0.438449 1.13236 -0.48934 -0.599322 0.556631 0.378647 0.34992 0.417485 0.71117 0.812981 -0.200891 
0.375934 0.144702 1.4128 -0.119211 -0.54298 -0.0927808 0.0828522 0.579357 0.645046 0.243066 0.58389 -0.0727159 
0.381254 0.022929 0.850951 0.211437 -1.05532 -0.11437 0.478383 0.000815499 0.931446 -0.110853 0.318148 0.0679872 
0.326353 0.262989 1.51773 0.413394 0.255421 -0.296533 1.07236 1.18304 0.996801 0.219989 0.401015 0.0916925 
0.449912 0.513243 1.77239 0.852021 1.21889 0.416099 1.02272 1.83274 0.824024 0.295262 0.446737 0.0287165 
0.572886 0.618269 0.974474 0.503823 1.09514 0.587833 0.60452 0.891662 -0.161411 0.428121 0.615787 0.124501 
0.729773 0.836207 1.25758 0.581672 0.565852 -0.00317517 1.06576 0.66151 1.37525 0.036953 0.994597 -0.0404557 
0.893329 1.03981 1.52417 1.2702 0.309045 -0.0559832 1.4226 0.253768 0.834443 -0.761134 0.361264 -0.0109189 
0.981828 1.33488 1.86351 0.97575 0.522016 -0.409987 1.05219 0.242889 0.484301 -0.861022 0.0860343 -0.109606 
1.26179 1.86582 2.09723 1.54022 0.974286 -0.0841675 0.75882 0.0891783 0.0423508 -0.901565 -0.0803979 -0.181296 
1.9773 2.2449 1.13217 0.728857 0.64322 -0.0600498 -0.0749592 -1.07644 -1.11412 -1.18774 -0.332718 -0.178737 
2.3833 2.42082 0.25716 0.964698 1.93296 0.114364 -0.323296 -1.97178 -0.539149 -1.35972 -0.464715 -0.344238 
2.56124 2.23484 -0.136307 1.15541 1.97344 -0.293919 -0.494439 -2.28413 -0.608303 -1.25222 -0.491293 -0.336034 
2.55796 1.9763 0.70923 0.537489 0.847885 -1.13605 -0.239735 -1.52194 -0.982303 -1.22717 -0.619144 -0.154221 
2.55718 1.99913 0.255179 -0.05064 0.568856 -0.56444 -1.13973 -1.54362 -0.68359 -1.05808 -0.441436 -0.152408 
2.4161 1.96922 0.313046 -0.105484 0.487901 -0.453227 -1.38376 -1.69687 -0.769957 -1.03566 -0.23944 -0.0478914 
2.72807 1.67365 -0.262175 -0.322526 1.01374 -0.620984 -1.19219 -1.66387 -0.631756 -0.853221 -0.481434 -0.156021 
2.61661 1.60649 0.0109065 -0.256661 0.53198 -0.729087 -1.26769 -1.68308 -0.419825 -0.719004 -0.398466 -0.173669 
2.73636 1.59081 0.0843239 -0.161397 0.520235 -1.17296 -1.30061 -1.88999 -0.107759 -0.562302 -0.46919 -0.208621 
2.49535 2.12733 0.424374 -0.432631 0.673696 -0.981049 -1.15219 -1.13399 -0.395997 -0.603885 -0.394429 -0.238016 
2.51088 2.17132 0.484323 -0.215589 -0.22616 -0.285776 -1.08395 -1.05829 0.0986553 -0.923805 -0.499829 -0.303364 
2.66124 1.81199 0.433123 -0.121988 0.266035 0.00706775 -1.03047 -1.09507 -0.00912836 -0.607821 -0.437691 -0.244309 
2.57475 2.00714 0.896968 -0.398814 0.224212 0.127614 -1.17254 -0.414546 0.176144 -0.555959 -0.321521 -0.22445 
2.60362 2.10888 1.01225 -0.985546 0.714369 -0.42674 -0.461202 -0.163531 -0.220244 -0.331842 -0.430316 -0.348739 
2.52257 2.0192 1.21378 -0.423611 1.07522 -0.347062 -0.417817 0.63024 0.279384 0.0326685 -0.384199 -0.448162 
2.44894 2.1424 0.97048 0.403719 0.885474 0.268842 0.607884 0.459737 0.851272 0.0287422 -0.45059 -0.453725 
2.33288 2.24721 0.991885 -0.281169 1.13292 0.193971 0.652623 0.423717 0.736822 -0.109588 -0.429672 -0.389845 
2.44163 2.16138 0.820895 -0.11414 1.64794 -0.0424327 0.0299897 0.538612 0.781649 -0.313227 -0.492059 -0.378539 
2.33487 2.09063 0.892879 -0.187586 2.25772 0.447308 0.14858 -0.15695 0.808921 -0.724603 -0.414486 -0.248692 
2.37465 2.05168 1.19267 -0.388121 2.18073 0.955159 0.60806 -0.475126 0.969378 -0.542255 -0.42549 -0.19812 
2.31146 2.28532 1.12746 0.26569 1.83291 0.715577 1.55059 -0.624605 0.91849 -0.371298 -0.311172 -0.160783 
2.29563 2.17433 1.12684 0.881972 2.11639 1.25004 1.9576 0.0472894 0.890497 -0.353353 -0.387893 -0.227113 
2.1623 2.10216 1.72091 1.03186 2.34935 1.52829 1.3699 0.0390185 0.324361 0.147109 -0.195101 -0.140012 
2.15787 2.21941 1.69393 0.391519 2.42433 2.25477 1.22422 -0.106299 0.258655 0.12261 -0.0827866 -0.0667378 
2.23805 2.08783 1.41702 1.05691 2.38346 1.53758 0.827027 -0.252516 0.0502012 0.15458 -0.004154 -0.0712206 
2.17112 2.05808 1.48357 0.813393 2.4005 2.16414 1.57138 0.0666159 -0.0717618 -0.0162184 -0.0580448 -0.00246192 
2.15847 2.51597 1.02029 0.747049 2.75205 1.97131 1.63445 -0.640781 1.08466 -0.354534 0.0973614 -0.0740859 
2.05961 2.53219 1.3971 0.911837 3.1994 1.15703 1.35208 -0.46944 1.27561 -0.275951 0.143073 0.0184815 
1.96928 2.44369 1.28048 1.07817 3.63868 1.54548 1.86671 0.0591532 1.33613 -0.662814 -0.00625473 -0.0496554 
1.96537 2.51844 1.43967 0.973875 3.07953 1.70469 1.9584 0.120121 1.79201 -0.776613 0.0184068 -0.100987 
1.99743 2.59613 1.82042 0.974606 2.38641 1.38392 2.59278 0.699353 1.54417 -0.890257 -0.163868 -0.0855032 
2.08762 2.75584 1.79422 1.10784 2.53743 1.88193 1.69175 -0.215502 2.24978 -0.691735 0.105308 -0.132647 
1.8426 2.47579 2.30478 1.50502 2.83617 2.0532 2.55691 -0.346216 1.10203 -0.866847 0.0665263 0.0955245 
1.81488 2.81727 2.13955 1.04237 1.99023 1.34411 3.13035 0.389221 1.10667 -1.05353 0.0150961 -0.0552485 
1.81588 2.83913 2.21446 0.757558 2.09857 0.764255 2.17358 0.263343 1.1922 -1.09717 0.241356 0.031255 
1.87952 2.55128 1.99804 0.992959 1.52774 0.894514 2.39992 -0.782996 1.36726 -0.820879 0.300294 0.192725 
1.80762 2.49835 2.10698 1.33067 1.47368 1.53334 3.07939 -0.422331 0.932294 -0.694771 0.132251 0.0663149 
1.63018 2.63748 2.56758 1.79268 1.77276 1.86868 2.58749 0.209441 0.69957 -0.997585 0.387991 -0.0135634 
1.52609 2.41056 2.45936 1.78903 2.38438 1.51508 2.6887 0.786276 1.02937 -0.38492 0.454758 0.141503 
1.58072 2.09007 2.26363 1.52396 2.27524 1.5926 2.97464 0.45211 1.21253 0.0160009 0.335419 0.253019 
1.47127 2.15672 1.71932 1.10325 2.37958 1.43045 2.81227 0.629756 1.12709 -0.450844 0.745796 0.297937 
1.45514 1.90844 1.79244 1.48516 2.19106 1.68718 2.82972 -0.16701 1.20392 -0.129279 0.680042 0.308441 
1.20901 1.52521 1.93452 1.65367 1.99883 2.34915 2.17606 0.155831 1.1546 0.41588 0.49241 0.2496 
1.00709 1.58838 2.03408 1.40295 1.76006 0.41684 2.01407 0.897043 1.84576 0.561007 0.76213 0.267637 
1.12273 1.95194 2.02314 0.551675 1.42268 0.719687 2.66318 0.531877 1.21402 0.410845 1.14339 0.255314 
1.1636 1.79548 1.66171 1.02786 1.47112 1.90426 2.56243 -0.406974 0.771619 0.470191 1.07314 0.294412 
1.10012 1.83597 2.1766 1.09484 1.37543 1.38007 2.74349 0.328676 0.106739 0.912835 0.836397 0.184011 
1.09448 1.366 2.20433 1.31141 1.76124 0.817712 1.72032 0.0444074 1.3361 0.84265 0.757796 0.247656 
1.22675 1.47415 2.16207 1.21279 1.5686 -0.274944 1.19772 0.259303 1.61527 0.524462 0.979134 0.386418 
1.18947 1.34305 1.82972 0.860735 1.42735 0.442966 1.85136 0.962825 0.744565 0.284593 1.18502 0.262752 
0.910992 1.14519 1.63739 -0.167628 1.45816 1.59032 2.82644 1.1225 0.120217 1.11461 1.0646 0.0123105 
0.934411 1.25365 1.75242 0.977777 1.66715 1.15238 2.29751 0.280471 0.67152 0.568266 1.03044 0.110976 
1.01375 1.05045 2.14107 1.44772 0.652483 0.928537 1.51617 0.790446 1.67593 0.789 0.560896 0.158982 
0.984483 1.1374 1.91008 0.841346 1.40936 1.13617 0.863271 1.50711 1.07262 0.62209 1.10204 0.0753387 
1.14966 1.26684 1.80334 0.79849 1.25973 0.255791 1.17022 1.00463 0.713592 0.518026 1.42567 0.216093 
1.1847 1.0428 1.86501 1.13732 1.04797 -0.00273961 1.42211 0.665642 1.57297 0.889059 0.91567 0.2425 
1.23238 1.4413 1.67778 0.612456 1.5046 -0.152972 0.930554 0.907719 1.60989 1.08152 0.823898 0.269065 
1.0627 1.29695 2.01558 0.154109 2.06541 0.364504 2.37371 0.919325 1.10178 0.844713 0.960166 0.289183 
1.18868 1.18593 1.94439 0.45753 1.19708 1.16246 2.10294 1.87557 1.21279 0.340166 1.27926 0.234323 
1.181 1.0245 1.72427 1.14174 1.68377 1.73495 2.24397 1.53418 0.929568 0.488238 1.02849 0.267986 
1.14378 1.29636 1.92483 1.0166 2.01728 2.11745 2.36954 1.56749 1.14224 0.55499 0.407229 0.252932 
1.09235 0.838079 1.85147 2.1753 2.95496 1.69513 2.38784 1.38029 1.08946 0.654644 0.00619865 0.329271 
1.04549 1.34493 1.82527 2.00597 2.78111 2.2197 2.00123 1.4377 1.85553 0.0241598 -0.0780751 0.323235 
1.13833 1.55571 2.15424 0.983929 2.82447 1.3868 2.29604 1.72658 1.12952 0.259173 0.36342 0.265243 
1.07533 1.2538 2.39685 1.27872 2.27562 1.35443 2.20017 1.49583 0.710478 0.672293 0.401966 0.226056 
0.959198 1.27252 1.93977 1.26301 1.69834 2.07901 2.4384 1.23404 1.86112 0.197042 0.38969 0.274046 
1.09912 1.44909 1.6462 0.195889 2.25978 1.52088 2.79788 1.38076 1.40259 -0.0549473 1.07241 0.277669 
1.15807 1.39283 1.92875 0.6668 2.28223 0.931837 2.93935 1.81277 0.517487 0.205537 1.01085 0.28181 
1.12014 1.43941 2.00934 1.50492 1.90381 1.14724 2.43911 2.15132 1.28128 0.0127051 0.742978 0.266216 
1.07858 1.42538 2.6092 2.0163 1.76087 1.11124 2.1641 1.35168 1.75067 0.193714 0.535692 0.337107 
1.03109 1.47756 2.25494 1.35918 2.27274 1.77405 2.4186 1.4873 1.31504 -0.0557891 0.76467 0.27993 
0.888544 1.49436 1.62146 0.924097 2.71142 2.07275 2.44505 1.14131 1.60854 0.0953861 0.664652 0.27017 
0.936248 1.38663 1.64646 0.819548 1.91675 1.68718 2.20404 0.995316 1.40776 0.303371 1.12321 0.15931 
1.06218 1.34518 2.19974 0.92265 1.92686 1.00755 2.23012 1.67442 1.34596 0.732214 0.519438 0.238585 
1.03454 1.70326 1.82877 0.76779 2.02642 0.517945 2.65625 1.91152 2.17423 0.625575 0.301924 0.253189 
0.904488 1.3904 1.89218 0.746037 1.98631 0.990208 2.19604 1.69221 2.2752 0.605349 0.452815 0.242439 
0.925087 1.05307 1.8422 0.628269 1.97656 1.35785 2.68083 1.26226 1.9701 0.768783 0.45626 0.239619 
1.00017 1.23987 1.54927 0.222798 1.72691 1.71104 3.42702 1.40709 1.04396 -0.0308138 1.31004 0.174251 
0.9521 1.47613 1.26076 0.459202 1.80934 1.79592 3.54197 1.28669 0.687928 0.334355 1.00273 0.159292 
0.954132 1.53271 1.30607 0.573606 2.0312 1.16906 2.86795 1.77787 0.76204 0.854897 0.602247 0.162146 
0.956019 1.32382 1.56658 0.678125 2.00844 1.79925 3.22465 1.265 1.00966 0.562233 0.405489 0.23724 
0.913303 1.32235 1.85083 0.268966 2.15327 1.493 2.37706 1.69019 1.07994 0.698309 0.566861 0.148286 
0.960859 1.25308 1.7392 0.714386 2.36659 2.22408 2.4604 1.56946 0.755574 0.107445 0.801673 0.22464 
0.947845 1.09252 1.90465 1.15088 1.69498 1.84819 1.65127 2.53131 0.663026 0.461201 0.513723 0.143992 
0.800401 1.38324 2.07841 0.804691 1.22685 1.35317 2.17551 2.20577 1.12675 0.573873 0.497237 0.0827854 
0.95145 1.28456 2.10672 0.925815 1.63565 0.640943 2.4373 1.21099 1.54922 0.671997 0.905723 0.211518 
0.86468 1.49978 2.00151 1.22106 1.92182 -0.150787 1.55591 1.44761 1.51654 0.585603 1.12552 0.176173 
0.895474 1.6943 2.12886 0.975175 1.64276 1.24842 1.40406 0.92981 1.60334 0.0672938 0.574076 0.178958 
0.893725 1.38913 2.11871 0.692471 1.43655 1.48044 2.13155 1.01984 1.52756 -0.098187 0.461612 0.182209 
1.0129 1.32136 2.09674 0.112338 2.16098 0.912396 2.21562 1.51468 0.942066 0.537378 0.319119 0.1751 
1.05165 1.06509 1.59049 1.04789 1.78509 0.902268 2.43663 1.35833 1.10033 0.844653 0.284389 0.15799 
0.865526 1.29868 1.56572 0.465738 2.15301 1.96849 2.57742 0.705463 0.712505 0.685978 0.337131 0.227027 
