0.359025 0.702094 0.884493 1.82663 0.101198 0.74739 1.19987 1.12776 0.484658 0.588383 0.0435886 -0.0715763 
0.46652 0.767898 1.41487 0.877853 0.517967 1.02166 1.55492 0.268444 0.4339 0.840298 -0.20451 -0.0557366 
0.557107 0.787226 0.811194 0.877772 0.755636 0.377231 1.18411 0.25222 0.221267 -0.0962895 -0.328506 0.270668 
0.540559 0.581172 0.915079 0.589753 0.829242 -0.256228 0.873521 0.366312 0.385536 -0.120654 0.165508 0.224115 
0.493483 0.913643 0.890801 0.335065 1.20544 0.284034 0.612446 0.319897 0.335952 0.367573 0.296867 0.0366554 
0.460712 0.8151 0.935531 0.302975 1.43953 0.778317 0.93027 0.886887 -0.262595 0.731991 0.337647 -0.205244 
0.289394 0.686648 0.611504 0.620585 1.22003 0.662559 0.498853 0.975758 0.271798 0.19492 -0.069007 0.119013 
0.359925 0.68079 0.633299 1.05973 1.69455 0.231488 0.141278 0.521907 -0.0487619 0.608047 -0.0898581 0.0758131 
0.495876 0.523584 0.77922 0.923921 1.12326 -0.180948 0.0555782 1.11849 -0.375958 0.312772 0.323441 0.0461924 
0.54549 0.467868 0.784311 0.211272 0.939129 -0.213547 0.223239 0.0676012 0.351127 0.171175 0.129897 -0.230806 
0.352316 -0.745238 2.29646 -0.101316 -0.243658 0.676141 1.36695 -0.658878 1.08031 -0.152542 -0.246114 -0.296556 
0.279502 -0.470944 1.57955 -0.276978 -0.0568843 0.502588 1.27881 -0.611869 0.915477 -1.03029 -0.37613 -0.503929 
0.317095 -0.220708 2.00467 -0.307622 0.917534 1.42024 1.15039 -0.955326 0.789783 -0.964665 -0.0352665 -0.565272 
0.148944 -0.235328 2.34004 -0.509638 0.275775 2.54361 1.54306 -1.6137 1.59509 -0.646651 -0.15852 -0.746948 
0.267213 -0.321048 1.57767 -0.137851 -0.699561 1.41364 1.59417 -0.876244 1.26199 -0.690282 -0.0924558 -0.697465 
0.522773 -0.367971 1.2609 -0.0206444 0.480131 -0.138581 1.24043 0.875309 1.13667 -1.28079 -0.261759 -0.477816 
0.642459 -0.324222 1.05407 -0.899254 -0.00184127 0.143222 1.89246 -0.0276257 1.07268 -0.381825 -0.289811 -0.512752 
0.649137 -1.02229 0.92626 -0.898735 -0.515479 -0.346686 1.62284 0.261425 0.606656 0.240064 -0.312845 -0.183964 
0.540272 -0.912934 0.873696 -0.579077 0.298752 -0.842506 0.509407 0.506029 1.09914 -0.111669 -0.0509136 -0.129565 
0.524316 -0.74138 0.539751 -0.542876 0.987553 0.198272 0.539046 -0.871105 0.448482 0.103482 0.747309 -0.236104 
0.646263 -0.711522 -0.213301 -0.777471 0.736153 0.642606 0.962296 -1.32619 0.284128 0.343752 0.863487 -0.0806796 
0.576463 -0.631206 -0.16045 -1.5423 0.82032 0.137501 0.927487 -0.655482 0.346162 0.655444 0.637806 -0.128528 
0.534652 -0.778189 -0.232044 -1.07278 0.66302 -0.896408 0.747616 -0.472757 0.415671 0.606625 0.362936 -0.377033 
0.627022 -0.933038 -0.438424 -1.53623 0.472732 0.0632644 0.771142 -0.879238 0.798233 0.899255 0.458246 -0.4962 
0.710473 -1.15246 -0.842897 -1.36531 0.227873 0.623486 0.222374 -0.260419 0.540079 0.398353 0.854704 -0.324467 
0.672163 -0.945688 -0.34422 -1.38164 0.471665 0.218334 0.302016 0.282903 0.601477 0.820086 0.67061 -0.364546 
0.796771 -0.48003 0.207331 -0.546491 1.12055 -0.174888 0.506412 0.0868701 0.678036 0.690056 0.862646 -0.569876 
0.971805 -0.198625 0.16459 -1.23742 1.40113 0.761108 0.979286 -0.568979 0.697847 0.738053 0.0685459 -0.371398 
1.08824 0.466725 0.251326 -0.594229 1.52917 1.45246 1.91865 -0.199319 1.94446 0.301916 0.38645 -0.0516653 
1.81683 1.13406 1.12834 0.274606 1.07848 0.718502 2.24925 0.680937 1.15676 0.316728 -0.463237 -0.26569 
2.36772 0.954036 -0.456652 -0.151106 1.933 0.910193 0.821922 0.87729 1.38485 0.884644 -0.144231 -0.483995 
2.50738 0.848785 -0.369731 0.0848734 1.73245 0.388236 1.07727 0.503848 1.62549 0.853611 -0.37383 -0.61347 
2.41933 0.951344 -0.0499012 0.182087 2.191 0.18622 0.904167 0.783902 1.407 0.853731 -0.560157 -0.683196 
2.39936 0.541819 -0.165913 0.901373 2.36095 0.494934 1.46953 0.902335 0.578552 0.340378 -0.512375 -0.533106 
2.33199 0.688738 -0.332773 1.23043 2.23552 0.665043 1.89901 0.672654 0.966773 0.31333 -0.598659 -0.621829 
2.36722 0.942726 -0.182944 0.470799 1.94048 1.54682 1.41651 0.244186 1.28451 0.260827 -0.618707 -0.617614 
2.37996 0.468781 -0.265042 0.687386 1.91028 0.97935 1.75441 1.14075 0.624288 0.165623 -0.531285 -0.523409 
2.39692 0.249195 -0.102247 0.33284 2.4639 0.317713 1.61875 0.880312 0.584272 0.383911 -0.580516 -0.467161 
2.31677 0.469342 -0.158055 0.95948 2.30898 0.621385 1.71775 0.890223 0.534097 0.374905 -0.439274 -0.490032 
2.21452 0.361423 -0.719754 1.72756 2.84077 1.59513 1.78734 0.12207 0.672044 -0.292904 -0.529265 -0.313874 
2.1197 0.623355 -0.608518 0.671581 3.12989 1.33845 1.65862 0.736599 0.512039 0.117558 -0.382702 -0.20891 
2.26501 0.518995 -0.748982 -0.0925088 2.71038 0.822455 1.6661 0.907184 1.06999 0.104952 -0.577331 -0.300955 
2.08758 0.399946 -0.391639 0.493852 3.02806 1.1952 2.11533 0.285125 0.772327 0.0350135 -0.724924 -0.355358 
2.05755 0.607245 -0.89979 0.919499 3.06386 1.23611 1.735 0.504139 0.867225 -0.338574 -0.619852 -0.262327 
2.11984 0.61319 -0.726131 0.685986 2.64517 1.0525 1.45181 0.628635 1.01744 0.0126744 -0.525176 -0.352337 
2.18081 0.816664 0.124715 0.686068 3.21755 2.06315 2.27371 0.845436 -0.351123 0.319454 -0.283829 -0.229938 
2.14329 0.719693 0.399429 1.3916 3.16275 1.40612 2.97886 0.931335 -0.41421 0.166949 -0.284647 -0.112932 
2.18121 0.60444 0.612546 1.78649 3.97912 1.25588 2.43615 1.44271 0.167232 0.2382 -0.539689 -0.16307 
2.18122 0.924094 0.585889 0.864902 3.73225 1.91788 1.88064 1.6099 -0.233784 0.380081 -0.236915 -0.168692 
2.1132 0.863935 0.799657 0.836607 4.00938 1.42553 1.6865 1.22229 0.696256 0.801384 -0.407282 -0.229725 
2.08941 1.05253 0.728448 0.582115 3.43362 1.89324 1.8552 1.32407 1.3338 0.818681 -0.403095 -0.298279 
2.00307 0.534777 1.08318 1.37944 4.25157 1.71006 2.27235 1.52287 0.564154 0.290404 -0.641331 -0.0709058 
1.95454 0.817291 0.487604 1.30659 3.85682 1.7426 2.01915 1.42978 0.110002 0.246659 -0.542293 -0.15381 
1.96398 0.958591 0.60453 1.26061 3.15399 2.09398 1.97447 1.24409 0.372337 0.226213 -0.475095 -0.22725 
2.01585 0.898912 1.27557 1.39432 3.55002 1.81733 2.01919 1.48083 0.791308 0.0438919 -0.729458 -0.235737 
2.08612 0.969779 1.56097 1.02491 2.89966 1.96295 2.6579 1.46621 0.663119 -0.0921171 -0.755117 -0.221284 
2.07617 1.09363 1.3782 0.726806 3.09054 1.82403 2.09208 1.30556 0.725615 0.421594 -0.584579 -0.309979 
1.8709 1.27508 1.45974 1.2295 2.46844 2.57716 1.79915 1.31821 1.11241 0.00446409 -0.559816 -0.213734 
1.74557 1.1897 1.52823 1.05782 3.22611 2.4367 1.77462 1.39069 1.31654 -0.4269 -0.489666 -0.0298346 
1.7845 1.11379 1.27959 1.18366 2.49695 1.73676 1.74086 1.36751 1.70708 0.0457122 -0.517051 -0.137421 
1.83739 1.15958 1.20579 1.56448 2.65474 2.18295 1.77432 1.37281 2.18615 0.780089 -0.767158 -0.386619 
1.63344 1.34985 1.70568 0.895776 2.85353 2.66273 2.06679 1.45484 1.29083 0.389376 -0.54863 -0.0948888 
1.6025 1.26273 1.46449 0.64546 1.78074 2.19617 2.33468 1.92907 0.617981 0.4573 -0.452754 -0.149151 
1.52348 0.951448 0.633785 0.894227 1.53708 1.74007 2.44967 1.69457 1.31707 0.315509 -0.300139 -0.0958075 
1.43408 0.85121 0.854292 0.604367 1.72806 1.88729 1.85344 1.09884 1.4616 0.278552 -0.401684 -0.132917 
1.34812 1.03389 1.09329 0.633096 2.32088 1.50936 1.77628 1.04694 0.909888 0.546714 -0.613913 -0.12601 
1.45222 1.201 1.73008 1.2526 2.11274 1.61069 1.67978 1.40451 0.861792 0.423126 -0.761046 -0.159266 
1.59805 1.65754 1.47426 0.980011 2.49737 2.61994 2.21208 1.40681 1.35922 0.110951 -0.250482 0.0241634 
1.65969 1.40338 1.8999 0.900647 2.37609 1.76136 1.40166 1.99179 1.14364 0.251704 0.012684 0.0341299 
1.53691 1.26182 1.80295 0.555295 2.59159 1.76766 1.7295 2.31465 1.04938 0.528237 0.0881124 0.0635694 
1.45819 0.913213 1.42163 0.210782 2.65275 1.68083 2.34635 1.88895 1.7293 0.582861 -0.00967262 0.165832 
1.56586 1.25672 1.73346 0.899524 1.61341 1.1684 1.54169 1.63035 1.95639 0.187126 -0.165254 0.0485683 
1.5171 1.06573 1.29488 0.495905 1.52336 0.845891 2.05824 1.69702 0.880959 0.552762 0.0611456 0.0191579 
1.44867 0.839649 1.67198 0.175169 1.72576 1.59271 2.55684 0.902079 1.09298 0.468655 -0.232441 0.109557 
1.33384 0.96615 1.3596 1.23482 2.30231 1.08494 1.78867 0.632091 1.29937 -0.0418935 -0.0514938 0.141646 
1.33009 1.08096 1.79357 1.37056 1.98384 1.01087 2.40648 0.806914 1.00171 0.294777 0.265553 0.219484 
1.33799 1.38994 2.38619 1.40129 2.1591 1.04424 2.40905 1.24623 0.847124 -0.013308 0.362188 0.24803 
1.14967 0.525275 0.360163 1.46435 3.46497 2.32878 3.40133 -0.0227611 0.495789 0.0965216 0.490214 0.507937 
0.936801 -0.0622515 -0.435116 1.29135 3.44761 2.77019 4.46444 0.0934039 0.158783 0.182214 0.670547 0.464211 
1.32719 0.508379 0.281857 1.72451 3.08395 2.12972 2.62587 0.733269 1.17367 0.235439 0.414388 0.307812 
1.22234 1.24326 1.63087 1.28332 2.76768 1.9094 1.58685 0.798203 1.56081 0.613933 0.266971 0.220038 
1.23972 0.77556 1.51225 1.26295 2.81916 1.70122 2.38207 2.30025 0.775369 0.784909 -0.263785 0.159053 
1.31515 0.584171 1.37688 1.47693 2.42561 1.16466 1.83083 1.71442 1.12156 0.748828 0.240387 0.170343 
1.33806 0.516418 1.26121 1.50034 1.75653 1.31902 2.01344 0.890847 0.765365 0.721182 0.241623 0.101007 
1.27328 0.673623 0.865971 1.80214 0.739131 1.18746 2.48854 0.764266 0.936269 0.120863 0.024703 -0.0197019 
1.22294 0.615864 1.04149 1.53715 1.51276 1.48094 2.64703 1.19174 0.757687 -0.216663 -0.27814 0.0635085 
1.2757 0.597652 0.756182 1.42857 1.47238 1.978 1.68002 1.17836 0.529282 0.353527 -0.330804 0.00837124 
0.982114 0.643943 1.35066 1.33911 1.98718 1.39508 1.97852 0.947133 1.14177 0.561425 -0.00284276 0.0959718 
0.96816 0.865151 1.39159 0.501608 2.48557 1.3171 0.928866 0.930793 1.12004 0.34903 -0.131511 0.0578182 
1.04231 0.909979 1.25832 0.274779 1.91694 1.25531 0.926137 0.122628 0.890437 0.231428 0.0537504 0.0939176 
1.04817 1.01187 1.54099 0.493532 1.868 1.00998 2.01639 1.00882 1.28966 0.0389525 0.750155 0.16471 
1.10155 0.831084 1.77379 1.0764 2.42281 1.60434 1.79601 1.11016 1.32619 0.352083 0.279055 0.211317 
1.0132 0.99422 1.5547 1.31697 1.74442 1.19204 1.85121 1.2492 1.81334 0.119259 0.212193 0.159541 
1.04066 0.847545 1.26271 0.993003 2.59391 1.49521 2.18425 1.07197 1.57522 0.225518 0.0988734 0.216931 
1.13319 0.540448 0.811457 0.413761 2.93003 2.31823 2.70866 0.745861 0.780745 0.0652102 0.708566 0.387526 
1.33125 0.0190824 0.13332 -0.0148779 3.07406 2.39408 4.07096 0.10937 -0.1755 0.472407 0.52246 0.543006 
1.10953 0.241824 0.418492 0.182694 3.44066 2.29228 2.93127 1.12338 0.480507 0.146951 0.903445 0.416792 
1.09359 0.838971 1.49348 1.07274 1.72135 0.858946 2.68109 1.93367 1.30946 1.2064 0.220393 0.103135 
1.06588 1.15384 1.1403 0.20016 1.99559 1.77904 2.69113 1.72027 0.500336 0.680558 0.450883 0.137183 
1.02265 0.810421 1.28629 0.113401 2.10751 1.60328 1.2646 1.51244 0.204076 0.80787 0.123772 0.0103601 
1.03291 1.00448 1.46432 0.556878 1.87157 1.15869 0.358046 0.772532 1.17053 0.418613 0.000907601 0.0388242 
1.08861 0.953668 0.961883 1.0786 2.23894 0.604222 0.792066 0.953624 1.02178 0.591831 -0.289005 -0.00833001 
0.911705 0.993749 1.42175 1.1539 1.99456 0.635716 1.66999 0.411388 1.38328 -0.153227 0.0629462 0.16473 
0.91959 0.87063 1.25282 0.751769 1.99482 0.893416 1.16879 0.606283 0.93753 -0.511153 -0.124853 0.142376 
0.898666 1.25097 1.12868 0.652334 1.59714 0.378633 0.569609 0.282587 0.962683 -0.148898 0.287306 0.0741331 
0.989075 1.13508 1.03179 1.58629 1.81212 -0.0481485 1.41092 1.42958 1.25194 -0.0244607 0.48879 0.158554 
0.862922 0.839003 1.80387 1.5452 2.059 0.746081 2.64652 1.40858 1.16407 0.260164 0.106163 0.266929 
0.885556 1.08392 1.54179 1.38699 1.89389 1.23464 0.861923 1.24488 1.16498 0.65732 0.0473249 0.117901 
0.862082 1.19856 1.01185 1.19394 2.94537 0.936849 1.39956 1.48893 0.780652 1.01962 0.115095 0.136011 
0.831975 0.757266 1.57356 1.02547 2.4283 0.659668 1.31339 2.10859 1.6349 0.588418 0.349855 0.0827032 
0.897176 0.653853 1.53481 1.04748 1.97218 0.532722 0.743286 1.04574 1.58764 0.335909 0.307092 0.0717659 
0.817862 0.879907 0.767944 0.755433 1.17527 0.636952 1.47783 0.483556 0.681772 0.674641 0.124006 -0.0789163 
0.863806 0.993849 1.82606 0.794356 1.56027 0.950643 1.14303 1.55643 1.22562 0.60986 0.0517162 0.121603 
0.720015 0.887366 1.82275 1.25954 1.7958 1.3999 1.00053 1.04086 2.04208 0.536295 0.525525 0.0933308 
0.796295 0.748673 1.60233 0.90447 2.08903 1.70387 1.40655 0.526758 1.70301 -0.0132823 0.549025 0.164593 
0.83912 1.02396 1.10637 1.21295 2.00699 1.72042 1.44279 0.0963906 0.494145 0.352536 0.184759 0.104608 
0.739413 1.01189 0.84763 0.345082 2.07032 1.26725 1.30454 0.176307 0.64584 0.658122 0.154278 0.0140629 
0.691401 0.915455 0.49895 0.259941 0.732771 1.26977 0.679674 1.0191 0.886689 0.939718 0.137507 -0.146962 
0.705517 0.762789 1.05986 1.05843 1.83726 0.772738 0.847653 1.38102 1.24254 0.647673 0.0349152 -0.0427276 
