0.616976 0.761167 1.09085 0.606025 0.436656 -0.551045 0.338729 0.447862 1.03169 1.14333 -0.165052 -0.147636 
0.604521 0.483675 1.31138 -0.30554 0.0787192 -0.997245 0.592372 1.31708 0.154437 0.787374 -0.216066 -0.155486 
0.532803 0.945828 0.959937 -1.29539 0.34347 -0.747687 0.447201 0.257631 0.888402 0.129966 0.341704 -0.357272 
0.596217 0.915763 0.64133 -0.831459 0.709333 0.0113943 1.71349 -0.50005 1.00647 -0.0304915 0.272295 -0.574892 
0.738825 0.666276 0.486125 -0.399815 0.704187 -0.238877 1.29564 -0.0661158 0.304851 0.0347241 0.122508 -0.323196 
0.773383 0.761653 0.0690623 -0.399601 0.797947 -0.554496 1.11912 0.895737 0.324928 -0.0927836 0.16283 -0.369045 
0.756474 0.525563 0.0754101 0.0560486 -0.300155 -0.372751 1.35929 -0.0595529 1.56571 0.090055 0.243158 -0.427522 
0.684414 0.575076 -0.0569246 -0.215616 -1.12345 -0.444932 1.28795 -0.0118656 1.63022 0.19004 -0.157343 -0.157034 
0.76231 0.53901 0.180197 -0.606082 -0.647127 -0.247531 1.28669 0.547412 1.63644 0.187084 -0.174934 -0.248099 
0.857084 0.477535 0.519066 -0.695992 0.295793 -0.187837 1.31083 0.855882 0.730754 1.03068 0.674901 -0.253132 
0.906777 0.835124 0.617877 -0.164968 -0.413116 0.218421 1.0129 0.451229 0.277086 0.0795363 0.511809 -0.11492 
0.835703 0.952139 0.812189 0.631291 0.136609 -0.0485427 0.83404 -0.219815 0.0280155 -0.254785 0.222418 -0.256681 
0.895786 1.03796 0.811429 -0.439248 0.843748 -0.352739 0.924171 -0.32606 0.526942 -0.346337 0.406562 -0.28851 
0.897204 1.08426 0.927537 0.382033 0.334287 0.330406 0.874738 0.499862 1.07256 -0.361429 -0.206064 -0.228611 
0.962285 1.15419 0.9421 0.43645 0.0759259 0.359272 0.198718 0.632483 0.365767 -0.138167 -0.201097 -0.185023 
1.1983 1.43034 1.5752 0.175611 0.824241 0.176826 0.0614249 1.16075 0.354522 0.686872 -0.408421 -0.16635 
1.32115 1.70515 2.00094 1.58174 1.98985 0.205096 0.705428 0.921553 0.333624 0.362175 -0.249302 -0.028733 
1.70107 2.03246 2.00209 2.50489 2.8363 1.02368 0.023516 -0.407518 0.295336 -0.0279829 -0.347671 -0.298056 
1.71077 1.90646 1.96356 3.00332 2.89603 0.82277 -0.265568 -0.669135 0.0422297 -0.298624 -0.262539 -0.325158 
2.15968 1.71579 1.74939 3.89605 4.32627 -0.064916 -0.0271901 -1.34702 0.329572 -1.03749 -0.587474 -0.306399 
2.20911 1.91349 1.25923 3.26602 4.73166 0.391623 0.2343 -1.53014 0.612991 -0.64926 -0.472609 -0.333917 
1.95855 2.16806 1.65516 3.18721 3.98153 0.710264 0.505938 -1.61572 0.44385 -0.780663 -0.180673 -0.346558 
2.11677 1.73154 1.13063 3.65135 4.09649 0.510609 0.628413 -1.66107 0.782295 -0.796472 -0.20332 -0.318594 
2.19635 1.73433 1.21833 3.26728 4.14351 0.601973 -0.0779418 -1.71212 0.317893 -0.984141 -0.425638 -0.333817 
1.98536 1.95796 0.955119 2.80954 4.35677 0.500552 0.132018 -1.38481 0.479371 -0.966773 -0.335008 -0.32063 
1.93511 1.80542 0.497149 2.86814 4.36118 0.418049 0.515193 -1.45572 0.390687 -0.771451 -0.24322 -0.256112 
1.84703 1.74352 1.15906 2.86084 3.72335 0.615698 0.116607 -0.531215 -0.0447153 -1.24005 -0.199288 -0.149732 
1.90752 2.01997 1.36028 2.90429 4.40516 0.775098 -0.177642 -1.53272 0.327772 -0.751698 -0.180465 -0.388213 
1.99385 2.09949 1.73507 3.20059 4.31469 0.932363 -0.68378 -1.35345 0.244382 -0.989793 -0.330551 -0.456407 
1.92832 2.2151 1.90792 3.02177 4.39588 0.702033 -0.126961 -0.946888 0.112324 -0.940067 -0.271879 -0.334846 
1.87209 2.38249 1.98171 2.93761 4.24343 1.02291 0.718601 -1.11496 -0.113631 -0.975828 -0.0488412 -0.240414 
2.04971 2.55108 1.62727 2.65159 5.07857 0.93688 1.33065 -1.3496 0.00400082 -1.27287 -0.189998 -0.127319 
1.88793 2.56907 2.10114 3.23737 4.34568 1.04747 0.542895 -1.33299 0.0109535 -0.901333 -0.120238 -0.361247 
1.9446 2.44335 1.95855 3.13145 4.66468 0.820163 0.62274 -1.21 -0.21883 -1.18796 -0.179962 -0.277143 
1.86948 2.57586 2.02278 2.71901 4.16539 0.997045 1.09927 -1.17799 -0.279868 -1.25566 -0.0495903 -0.218058 
1.89626 2.61409 1.91828 2.62029 4.06241 1.43636 1.49193 -1.101 -0.333516 -1.10765 0.0513902 -0.14078 
1.86706 2.44474 1.91444 2.43864 3.90702 1.65863 1.04902 -0.612361 -0.424423 -0.76047 0.0636691 -0.127388 
1.78695 2.40769 2.21201 2.50272 3.35581 1.56281 0.841904 -0.889245 -0.363448 -0.422927 -0.00569997 -0.18164 
1.9796 2.74181 1.98231 2.38938 3.67897 1.21405 1.03892 -1.16541 -0.593841 -0.853244 -0.145802 -0.176692 
1.94115 2.60018 2.06477 2.48245 4.03753 1.5561 0.971402 -0.879631 -0.353174 -1.33399 0.000145235 -0.185445 
2.02149 2.55462 2.03246 2.61339 4.17045 1.16201 1.128 -1.63375 0.284904 -1.28825 -0.0872807 -0.193264 
1.94926 2.65418 2.22765 2.85115 3.48421 1.01243 0.976696 -1.28589 -0.395128 -0.83438 -0.135724 -0.22048 
2.11865 2.50728 1.71482 2.3223 4.13324 1.78708 0.377228 -1.03019 -0.670735 -0.701209 0.0163245 -0.127358 
1.89066 2.76895 2.26449 2.66188 3.61361 1.31183 0.824046 -1.48728 -0.0373288 -0.788087 -0.0184823 -0.223001 
2.04081 2.70758 2.15966 2.89789 3.44003 1.20527 0.913363 -1.63887 0.563823 -0.78453 -0.0426982 -0.250068 
1.98051 2.69152 2.34764 2.47861 3.17159 0.756176 0.18381 -1.74967 0.215062 -0.833286 -0.106446 -0.194457 
1.92688 2.98021 2.26299 2.67561 3.20535 0.0734234 -0.505338 -1.93228 0.160304 -0.417475 -0.238492 -0.250487 
1.98589 2.95736 2.46793 2.58229 3.26477 0.286966 -0.388759 -1.17837 0.366153 -0.493348 -0.253069 -0.241278 
1.92287 3.03426 2.21145 2.58015 3.63822 0.605591 0.187643 -1.14033 0.636665 -0.702918 -0.106218 -0.295306 
2.00218 3.17312 2.37329 2.51481 2.63784 0.248349 -0.890636 -1.82305 0.754586 -0.418576 -0.175385 -0.288702 
1.97972 3.01279 2.3166 2.10402 1.87787 0.440775 0.00957379 -2.08844 0.256474 -0.254481 -0.142936 -0.144644 
2.06346 3.00558 2.51875 1.46496 1.79006 0.102341 0.97527 -1.28346 0.433796 0.303682 -0.0911318 0.0549303 
2.10042 2.9015 2.40831 1.0748 1.42245 -0.0634836 0.187491 0.00853819 0.621929 0.138882 0.159013 0.0715745 
2.11063 2.68135 2.79171 1.91153 1.74757 -0.221096 0.109225 -0.942817 1.04064 0.114894 -0.0443469 0.0774925 
1.9635 2.52217 2.5212 2.06037 2.18338 0.928277 1.4078 0.153958 0.881789 -0.310512 0.0129215 -0.000257916 
1.82904 2.75419 2.99525 1.61293 2.10232 0.332086 0.891689 0.160449 0.199498 -0.27934 0.0170124 0.00275024 
1.95309 2.8714 2.25488 0.0109895 0.611955 -0.736923 1.25551 1.05843 1.572 -0.194342 0.0104135 -0.200021 
2.05311 2.59849 2.12095 -0.445805 -0.421194 -0.63207 2.19677 0.769124 1.98546 0.249738 -0.147496 -0.233654 
2.16713 2.36544 2.05232 -0.163765 0.409233 -0.701598 2.28352 0.968203 1.79314 0.144516 -0.374743 -0.219746 
2.10296 2.52976 2.52575 0.507383 1.08027 0.023209 0.777321 1.55014 0.954078 0.160072 -0.0349802 -0.185037 
1.96688 2.67771 2.50526 0.97767 0.999583 -0.1656 1.11213 1.03777 1.31032 0.26653 0.056158 -0.0681978 
1.91524 2.5847 2.49975 1.09534 0.850116 0.0171138 2.1034 0.593886 1.28219 0.252516 -0.0262466 -0.0650459 
1.76464 2.69604 2.26828 0.560323 1.72528 0.607621 1.77709 1.35758 2.15514 0.459628 -0.0909912 -0.110679 
1.71631 2.76158 2.37867 0.722173 0.835542 -0.0528771 1.10644 2.12908 1.08636 0.16287 0.156832 -0.166845 
1.74124 2.49971 2.27927 -0.113755 0.80674 -0.223782 0.330987 1.793 0.832569 0.299175 0.327517 -0.072302 
1.63569 2.47464 2.50466 0.877544 0.62121 0.441125 1.17208 1.04578 1.22156 0.527114 0.208519 0.0511552 
1.66331 2.57794 2.53504 0.990456 1.12289 0.139098 1.55991 1.26709 0.847151 0.377093 0.315671 0.0954527 
1.68139 2.53302 2.47982 1.1735 1.51101 0.0101446 1.61497 1.29958 1.67489 0.134168 0.107295 0.0233925 
1.71672 2.29934 2.1807 0.973745 1.71283 1.06337 1.5723 0.795954 1.19722 0.45341 -0.183104 -0.0473801 
1.61059 2.00383 2.30469 0.880563 1.24892 1.68303 1.56669 0.985316 1.31202 0.296692 -0.198643 -0.021274 
1.59696 2.25415 2.41617 1.29008 2.08013 0.516281 1.4139 0.693608 1.10535 0.205562 -0.165521 0.010628 
1.66256 2.07104 2.62545 0.99227 1.98504 0.137638 1.23024 0.858743 1.00857 0.228552 -0.245224 -0.00203825 
1.59622 2.25956 2.65233 1.01588 1.57599 0.0681935 1.70464 1.58433 1.32013 -0.0168063 0.127432 0.0406317 
1.54056 2.20065 3.04741 1.09948 0.734022 0.0363752 2.16505 0.608774 1.26125 0.359996 0.374817 0.194252 
1.56524 1.83598 2.33775 1.27048 1.82359 0.720509 2.20637 0.750098 1.21945 0.197613 -0.357382 -0.0276202 
1.63352 2.11234 2.2687 0.987945 1.84921 0.649957 1.64646 -0.0391053 1.59916 0.288936 -0.142021 0.066473 
1.4673 1.97133 2.59881 1.17165 1.16877 0.110579 2.40995 0.447262 1.2927 0.251696 0.00227224 0.120914 
1.45586 1.89645 2.15119 2.11219 2.01437 0.648481 2.34944 0.811976 0.807054 0.453961 -0.0689368 0.0725823 
1.43558 1.64496 2.32666 1.4092 2.41939 0.921091 1.51764 0.812504 0.787439 0.580194 -0.0442265 0.0861566 
1.32607 2.13104 2.46056 1.16483 2.56133 0.556637 1.3866 0.510543 0.860482 -0.480244 0.253748 0.0393844 
1.35777 1.97367 2.27297 1.2692 2.61424 0.632501 1.95668 1.69451 0.0692887 -0.672917 0.402665 0.0355227 
1.20142 1.90738 2.08245 1.96101 2.88225 0.557523 2.00415 1.11508 0.416311 -0.222738 0.697962 0.180317 
1.30167 1.93163 2.14458 1.37923 1.73052 0.477191 2.26576 0.938179 0.605447 0.0795395 0.393979 0.124202 
1.38035 1.71267 2.38251 1.19077 1.91988 0.342051 1.32109 1.07627 0.426538 0.216975 0.224659 0.0806694 
1.44032 1.69723 2.29418 1.9074 1.46916 0.455503 1.21826 1.05878 0.442063 -0.132613 0.133545 0.0468283 
1.3667 1.92792 2.01063 2.09023 1.14497 0.686781 1.33166 0.401917 1.52825 0.252837 0.138836 0.0755959 
1.25452 1.71361 2.14457 1.58058 0.987272 1.45688 1.3839 0.531381 1.89859 0.612063 0.212943 0.20292 
1.2358 1.48257 2.0373 1.68194 2.05794 1.49271 1.71537 0.0985838 1.39791 0.84831 0.117191 0.182328 
1.0652 1.4056 2.15798 0.913753 1.54215 0.942014 0.837306 0.713706 1.64787 0.0105221 0.331021 0.149887 
1.02496 1.356 2.25778 0.860554 1.40636 0.0232692 1.0012 0.779332 0.955322 0.51551 0.521365 0.117115 
1.19723 1.13622 2.23946 0.597542 1.57801 0.190711 1.11364 1.18419 0.539688 0.910717 0.179114 0.0647533 
1.22163 1.34046 2.55989 1.00114 1.2971 0.805112 0.895485 0.608232 0.666224 0.578284 -0.208659 0.0677915 
1.24677 1.48687 2.04805 1.45198 1.48477 1.2757 0.945691 0.282592 1.22401 0.465225 0.155158 0.17062 
1.15392 1.50808 1.73186 1.30469 1.88795 1.51504 1.44905 0.111665 1.45607 0.32163 0.774801 0.237104 
1.12599 1.62517 2.18023 1.25757 1.75702 0.456489 1.83479 0.173738 0.758047 0.335193 0.770296 0.23067 
1.17102 1.33247 2.59054 1.3516 1.9303 0.942404 2.22298 0.494006 0.338404 0.0955103 0.328057 0.159379 
1.07358 1.16616 2.13994 1.65862 1.9443 0.440952 1.69716 0.189572 0.245716 -0.041176 -0.319991 0.0158839 
1.05247 1.24647 1.80682 0.618818 1.10226 0.608206 0.997515 0.446174 1.21976 -0.823949 0.39734 -0.0533344 
1.08389 1.22415 2.26948 1.09659 0.929587 0.958698 1.65613 1.30828 1.11988 0.13678 0.703062 0.150129 
1.02697 1.28734 2.82579 1.21968 1.64586 0.698724 2.08387 1.6787 0.992861 0.91378 0.316506 0.244411 
1.05484 1.50484 1.85732 0.789435 1.83811 0.798293 1.58699 1.15492 1.99644 0.860496 0.31036 0.246014 
1.02266 1.61748 1.99265 1.15836 1.56543 0.445923 1.50922 0.673917 1.55243 0.558919 0.395113 0.211305 
1.16361 1.65252 2.34595 1.10679 1.64118 0.412835 1.58255 0.283525 0.991037 0.450273 0.430037 0.220212 
1.14102 1.60747 1.91077 1.20499 2.00352 0.238778 1.24148 1.59237 0.952863 0.766672 0.641425 0.217677 
1.20859 1.4498 1.80958 1.046 1.14435 1.69971 0.88312 1.26071 1.50037 0.24183 0.90903 0.239856 
1.11339 1.70438 1.89142 0.543108 1.77712 2.23408 0.903742 1.35353 1.89456 0.152234 0.606332 0.210331 
1.10408 1.81798 1.65855 1.14801 1.63139 1.08512 1.71879 1.02009 1.40907 0.177083 0.149066 0.133986 
