0.50342 0.104116 2.11465 0.151709 2.8926 1.63975 0.834372 0.998767 0.579247 0.840976 0.665876 -0.186023 
0.299917 0.197518 2.13719 -0.193923 1.8857 1.40583 1.69635 0.675427 1.04244 1.04599 0.165318 -0.0703904 
0.295639 0.116874 1.92888 0.0336808 1.01927 0.673546 1.20252 0.940497 0.59266 0.766433 0.326202 -0.164705 
0.29967 0.391663 1.64677 0.0530386 1.55523 1.38671 1.81123 0.300789 0.232361 0.823269 0.351588 -0.34177 
0.188059 0.247969 1.90424 0.3487 2.54897 1.33041 1.7544 0.202742 0.345037 0.612545 0.329805 -0.0866985 
0.218785 -0.132728 2.16008 0.469701 1.72069 0.111394 -0.199667 0.887117 0.35056 1.23907 0.260581 -0.205668 
0.214196 -0.218926 1.90999 0.0213407 1.51985 1.45519 0.38077 0.356243 0.506807 0.982159 0.420249 -0.272755 
0.414812 0.0643812 1.75269 -0.380078 1.41329 1.30003 0.481629 0.251983 0.831346 1.07008 0.49688 -0.0907087 
0.509856 0.344031 1.38817 1.10834 1.32148 0.916679 0.512531 0.629055 1.38683 1.14006 0.254661 -0.158121 
0.634036 0.380195 1.69539 1.14607 0.463274 0.990235 0.500089 0.893131 1.74403 1.29301 0.255047 -0.163688 
0.649191 0.502736 1.87529 0.243075 0.698971 1.67154 1.17012 0.359014 0.533245 1.31878 0.765815 -0.245413 
0.534453 0.88271 1.89163 -0.0226669 0.779921 1.66312 0.452671 -0.155513 1.03969 0.390794 0.853239 -0.175895 
0.673323 1.05742 2.52032 0.810768 1.23888 1.02097 0.391829 -0.552677 0.57708 -0.205535 0.147587 0.0407349 
0.749939 1.19255 2.25298 1.33362 1.63637 0.585853 0.822414 0.353422 0.657054 -0.0267233 -0.0810396 0.100314 
0.859475 1.03318 2.45064 1.64906 1.82717 0.73317 0.558722 1.31444 0.231262 -0.440083 0.52642 0.0376109 
0.937398 1.32371 2.29732 1.6465 1.74921 0.197688 1.10629 0.975485 0.216798 -0.290949 0.589506 0.0646588 
1.47553 1.71966 2.32811 1.37245 1.308 -0.0284857 0.000796842 -0.531056 -0.180942 -0.789318 0.0862386 -0.0637749 
1.65436 2.16948 1.7243 1.19987 0.837445 -0.0348668 -1.04869 -1.10387 -0.560947 -0.460174 -0.410307 -0.265168 
2.34547 1.89923 1.38541 1.45203 0.590362 -0.786837 -1.8752 -1.76546 -0.254589 -0.381825 -0.439659 -0.297043 
2.81972 1.20418 0.482872 1.07374 1.19838 -0.921722 -1.73659 -1.92558 0.229981 -0.233609 -0.679765 -0.399854 
2.62849 1.6029 0.145784 0.875416 1.56273 -0.895893 -2.32404 -1.71919 0.267217 -0.471812 -0.711292 -0.450936 
2.84036 1.02658 -0.166214 0.750839 1.22366 -1.48716 -1.85253 -2.16889 0.360287 -0.13875 -0.637221 -0.360835 
2.71265 1.1683 -0.351008 0.752361 1.25186 -1.26103 -2.04386 -1.92379 0.656319 -0.135642 -0.57327 -0.369339 
2.95372 0.86571 -0.533441 0.950342 0.770726 -1.73253 -1.13633 -2.07858 0.628388 -0.0177671 -0.618957 -0.501982 
3.00597 0.915034 -0.632804 0.177748 0.923156 -1.78444 -0.968981 -1.72543 0.840825 0.263111 -0.519242 -0.351741 
2.89716 1.03251 -0.634555 0.179518 0.330442 -1.4783 -0.615758 -1.73351 1.32055 0.25528 -0.48232 -0.439771 
2.965 1.21813 -0.875348 -0.143158 0.533993 -1.36789 -1.44099 -0.837583 1.18031 0.367619 -0.457609 -0.467751 
3.22613 0.93446 -0.821529 -0.863704 0.509876 -1.07692 -1.42846 -0.469973 0.858288 0.500426 -0.339765 -0.414434 
3.17437 0.757494 -0.74892 -0.9797 0.278538 -1.5127 -0.710408 -0.896417 1.1335 0.883241 -0.340732 -0.458441 
3.16791 0.674578 -0.87162 -0.478511 0.534066 -1.4529 -0.645579 -0.723875 1.21404 0.819941 -0.435301 -0.596354 
3.11069 0.927751 -1.831 0.222871 0.792522 -1.5312 -0.564179 -0.51444 1.62103 0.529573 -0.382858 -0.649669 
2.97165 0.891594 -1.74437 0.184508 0.867315 -1.40398 0.249461 -0.609808 1.76866 0.402274 -0.37221 -0.669297 
2.80205 0.893189 -1.42457 0.0612447 1.38182 -0.605491 0.130704 -0.00190289 1.12307 0.297041 -0.476603 -0.563024 
2.77925 0.531884 -1.22231 0.16261 1.45547 -0.762027 1.24686 -0.45428 1.27449 0.350745 -0.408515 -0.476309 
2.65543 0.195164 -1.09363 0.153313 1.46522 0.00135002 1.781 -0.335637 1.32517 0.336896 -0.442286 -0.384272 
2.5554 0.310738 -0.988406 0.25277 1.64185 0.720131 0.938025 -0.0691462 1.58362 0.521643 -0.259948 -0.338454 
2.71582 0.259049 -0.754203 0.442882 2.41222 0.377352 0.965422 -0.103801 1.16674 0.594727 -0.34731 -0.324772 
2.64493 0.588893 -1.11684 0.616335 2.49057 0.571213 0.600521 -0.125654 1.15879 0.604459 -0.0753459 -0.273829 
2.67166 0.119512 -1.04979 0.766287 2.39793 0.234828 1.33674 -0.474589 1.29263 0.797507 -0.0071833 -0.219979 
2.74106 0.442689 -1.37777 0.700652 3.25052 0.178344 0.883304 -0.548595 1.15074 0.795293 0.04252 -0.135616 
2.71121 0.610693 -1.19166 0.280889 2.93678 0.983444 0.47054 0.556566 1.04756 0.745204 -0.1315 -0.331856 
2.43821 0.936528 -0.79087 0.934571 2.80535 0.81736 0.367719 0.534498 1.06682 0.504447 -0.264282 -0.327928 
2.49251 1.07251 -1.0206 1.10851 3.06001 1.05406 0.427911 0.634581 0.794521 0.3589 -0.389631 -0.33362 
2.5563 0.644158 -0.70382 1.40833 3.01475 0.839138 0.561019 0.888021 0.962304 0.421144 -0.496082 -0.488915 
2.35675 0.780722 -0.216457 1.16615 2.74249 0.808413 -0.259504 1.03736 1.01555 0.48841 -0.480732 -0.49208 
2.4349 0.620409 -0.215075 0.835414 2.82542 0.561403 0.222567 1.0742 0.867541 0.301173 -0.464347 -0.382777 
2.32119 1.01328 -0.367005 0.217676 2.50084 1.17261 0.778019 0.813393 0.40816 0.273795 -0.217675 -0.277941 
2.41335 1.15904 -0.183132 -0.00806128 2.53391 0.953376 0.57435 0.383563 0.603811 0.68034 -0.0336526 -0.300569 
2.47262 1.19289 -0.156374 0.0180257 2.26836 1.12435 0.156311 -0.151246 0.952473 0.710785 0.214088 -0.156753 
2.44418 1.07826 0.449695 0.30508 2.19849 0.39723 0.331664 0.140682 0.386874 0.901458 0.415514 0.0182679 
2.30238 1.50837 0.385313 0.691259 2.45899 0.454289 0.309316 0.330674 0.0457306 0.661956 0.204951 -0.0245021 
2.38315 1.56646 0.576552 1.10837 2.84379 1.10232 0.488079 -0.266767 0.35753 0.0832286 -0.0390029 -0.0788239 
2.21046 1.73304 0.814339 1.05553 2.36102 1.63519 0.67733 0.473672 0.491354 0.152548 -0.137795 -0.202746 
2.09592 1.7431 0.644545 1.36591 2.89073 1.16249 0.0389848 0.182756 0.699061 0.130901 -0.189137 -0.272114 
2.10841 1.68981 0.826436 1.12506 2.46698 1.20682 0.105156 0.389763 0.722596 0.284682 -0.216604 -0.315859 
1.96342 1.37353 1.09915 1.33305 3.24194 1.3596 0.74342 0.703285 0.5519 0.371496 -0.398362 -0.325511 
2.01691 1.53358 0.980677 0.815655 3.42796 1.415 0.692694 0.771982 0.823141 -0.0536131 -0.397371 -0.279841 
1.98431 1.56731 0.903866 0.414788 2.98035 1.31815 0.842163 0.937341 1.17904 -0.00321564 -0.353717 -0.269312 
1.97031 1.25758 1.19617 0.775185 2.5658 1.23068 1.21607 0.862633 1.52337 0.14315 -0.300442 -0.0934887 
1.96005 1.80212 1.05104 0.855516 2.48513 0.934261 1.31656 0.424942 1.28703 0.378792 -0.0479503 -0.0613353 
1.92467 2.04755 1.24603 1.26477 1.95871 1.43785 1.2644 0.804175 1.48435 0.263074 -0.228772 -0.233865 
1.87469 1.71842 1.62875 1.33561 2.70361 1.048 0.79905 1.12615 0.983283 0.656372 -0.339803 -0.258719 
1.77204 1.79518 1.55375 0.804409 2.18819 0.919038 1.47313 0.575258 0.446936 0.22517 -0.189224 -0.0864776 
1.69457 1.54746 0.894445 0.178715 2.05277 1.07715 1.94561 0.402698 0.43087 -0.100839 -0.21355 -0.0529515 
1.70018 1.74085 1.59715 0.325052 2.65079 1.04019 0.955485 0.687018 0.933008 -0.221406 -0.372417 -0.168746 
1.619 1.68568 1.32963 0.482929 2.76865 0.785281 0.70226 1.06677 1.30028 0.0358046 -0.263891 -0.150734 
1.42016 1.52756 1.55233 0.934781 1.9868 0.568852 1.14582 1.38389 1.23023 0.20494 0.115136 0.0885136 
1.25947 1.67619 1.6062 0.656798 1.63564 0.912127 1.86266 1.24054 1.91531 0.114959 0.109965 0.0962195 
1.19159 2.10142 1.58705 0.145208 1.57928 -0.0843123 2.05274 1.2636 1.63147 0.462755 0.365332 0.119595 
1.34371 1.86781 1.79255 0.385165 2.30874 0.273262 1.76039 1.51196 0.929887 0.779377 0.335247 0.203774 
1.45915 1.59712 1.88167 1.08179 2.38922 0.949974 0.63026 0.970068 1.48969 0.439592 0.66352 0.253288 
1.4604 1.73787 2.09397 1.30249 2.59206 1.01894 1.67857 0.514485 1.60765 0.413339 -0.0336691 0.157492 
1.53701 1.7386 2.37777 0.828527 3.09647 1.15876 1.39895 1.12387 0.93212 0.533107 -0.189644 0.042554 
1.61782 2.007 2.43106 0.481867 2.03378 1.64353 1.64583 1.00576 1.28968 0.613335 -0.176855 0.0347955 
1.48248 1.9543 2.48303 0.572768 1.61128 0.986714 1.29235 1.76185 1.33768 0.649832 -0.0515798 0.00871703 
1.26234 1.78627 1.90218 1.0026 2.22124 0.629172 1.27164 1.27104 1.47387 0.665808 -0.102328 0.102426 
1.21944 1.76067 1.81658 1.24316 2.11701 0.111045 0.8877 1.5095 1.01985 0.4477 0.136168 0.0839936 
1.27666 1.6934 2.18386 1.03187 1.20846 0.846222 1.02356 1.61955 0.525439 0.135907 0.196918 -0.0220923 
1.22084 1.48548 1.72745 0.531103 1.58811 0.738848 0.762116 1.36775 0.128254 -0.0274097 0.0775643 -0.129483 
1.20484 1.10809 1.94169 0.717164 0.941946 0.366965 1.9079 0.91361 0.0246306 0.831998 0.273523 -0.0952126 
1.26186 1.57108 1.95688 0.571131 0.85367 0.163726 2.08217 0.452335 0.885374 1.00563 0.31837 0.0896471 
1.40759 1.42098 2.41162 1.27421 1.88594 0.914703 1.89307 0.487805 0.946573 0.208951 0.0436076 0.147138 
1.24702 1.65284 2.53176 1.45432 1.72986 1.03681 1.57764 0.211584 0.858963 0.00410227 0.46041 0.148247 
1.30029 1.82095 2.26402 1.39595 2.21132 1.11093 2.04986 0.961286 -0.429696 -0.0760214 0.627488 0.114433 
1.25383 1.71282 2.46199 1.38633 2.15438 0.385307 1.71876 1.64167 0.694229 0.17727 0.634796 0.211104 
1.16069 1.50069 2.48802 1.71281 2.11053 1.46157 2.36386 0.958088 0.910423 0.0109328 0.724679 0.243531 
1.17262 1.17186 2.07118 0.794305 2.44615 2.28829 2.44319 0.946785 0.602923 0.186027 0.737543 0.334597 
1.25492 1.34829 2.33829 1.18935 2.35905 2.10528 1.42024 0.653764 0.626209 0.236549 0.624708 0.238528 
1.15009 1.44726 2.40865 1.85116 1.76305 0.909877 1.26348 1.29756 1.40544 0.484438 0.408277 0.233628 
1.12579 1.75085 1.82068 1.60665 1.96929 0.934987 1.33349 1.09527 1.53254 -0.00819457 0.25287 0.101543 
1.19647 1.2949 1.88667 0.841291 2.08153 1.13616 1.16021 1.23477 0.844844 0.863967 0.0808391 0.0384867 
1.14479 1.64125 2.13086 0.555068 1.38572 1.54076 1.93757 0.434418 0.624109 0.347162 0.508835 0.145188 
1.08227 1.26201 1.96432 1.57671 2.02796 0.80038 1.69214 0.761303 0.690761 0.0941605 0.221966 0.14858 
1.03393 1.33893 1.64311 1.51865 1.17713 0.880264 1.742 0.532145 0.685167 0.419576 0.179253 0.0173024 
1.01145 1.24567 1.41427 1.92885 1.17847 0.227087 2.24114 0.435807 0.257531 -0.0228365 0.472595 -0.0209677 
1.09452 1.46009 2.23332 1.2799 1.81901 0.50599 2.22761 0.848493 0.0976296 0.411124 0.17373 0.0708 
1.0354 1.33394 2.19153 1.44608 1.53131 1.08655 1.8433 0.903298 1.35507 0.321433 0.497418 0.198921 
0.973431 1.58371 2.26127 1.33626 1.25866 0.959566 1.97419 0.741415 1.12824 0.448185 0.519052 0.1437 
1.04661 1.52805 2.25013 1.58049 1.96516 0.555502 0.517092 0.826395 1.13476 0.765335 0.297566 0.163718 
1.1232 1.4842 2.15445 2.24162 2.34511 0.222791 0.810864 0.479254 0.958807 0.441438 0.359666 0.138099 
1.05749 1.53978 2.54122 1.27494 1.41295 0.721857 1.31922 0.838856 0.716143 0.921841 0.696203 0.164364 
0.956126 1.27444 2.51591 0.771036 1.46844 0.0383128 1.46321 0.238036 1.35693 1.10157 0.996635 0.257926 
0.930686 1.19046 2.43134 1.01225 1.26187 0.105625 1.67919 1.07866 1.40245 0.596106 0.409109 0.206492 
0.958771 1.25593 1.91646 1.52184 1.73778 0.482543 0.673252 1.08674 0.786569 0.380963 0.445025 0.061694 
0.994074 1.49713 2.03202 1.31331 0.819861 0.980673 1.56284 0.667533 0.775969 -0.151346 0.301154 0.00848634 
0.95309 1.23671 1.97915 1.07497 0.682797 0.330565 1.87985 0.447815 0.927577 0.50321 0.224599 0.0506816 
0.898562 1.43464 2.13128 1.35436 1.56534 -0.0761519 0.613077 0.796332 1.09063 1.03328 0.818774 0.109276 
0.901031 1.42124 2.15846 1.65203 1.93894 0.466847 0.310621 1.05134 1.00182 1.23893 0.510183 0.0881398 
0.854334 1.17929 1.88368 1.38008 2.12925 0.860576 0.665096 0.59014 1.107 0.563212 0.240171 0.0506238 
