0.539225 1.23364 1.06935 1.75419 1.14064 0.512867 0.902326 -0.00179616 1.40233 0.514631 0.436561 -0.105429 
0.559157 1.23312 1.1089 2.12854 0.886612 -0.539321 0.656931 0.879542 0.61804 0.702646 0.80158 -0.049957 
0.516914 0.921156 1.30751 1.04673 1.45562 0.904492 0.413634 0.749706 -0.204337 0.445214 0.503275 -0.126272 
0.562249 0.809529 1.71204 0.328817 1.03772 1.13376 0.324099 1.33325 -0.224904 0.380493 -0.323472 -0.0205234 
0.561971 0.693084 0.841174 0.665915 0.511222 0.416811 0.965036 0.734168 0.18845 -0.130555 -0.229549 -0.0270802 
0.539406 0.743788 1.01171 1.10047 0.791449 0.537932 1.22721 0.780147 1.17595 0.205666 -0.0958761 -0.0214718 
0.57164 0.874094 0.962878 0.238929 1.02107 -0.389419 1.16645 0.774178 0.092251 -0.0415218 -0.108908 0.0509268 
0.552632 0.660141 1.28522 -0.264465 1.2748 -0.425453 1.26715 0.282526 -0.209842 -0.233723 -0.122618 -0.12111 
0.659217 0.67276 1.05993 0.169019 0.982946 -0.168619 0.978351 -0.944028 0.0568977 0.85018 0.131622 -0.0568081 
0.826302 -0.332016 -0.38158 -0.408055 -0.349742 -0.00321106 0.977771 -0.444599 1.03484 -0.114692 0.634598 -0.260418 
0.621106 -0.0878553 0.27082 -1.77046 -0.00313737 -0.0571961 1.46312 -0.223398 0.660863 0.215029 0.041468 -0.562176 
0.361651 0.0326069 1.61491 -1.56377 0.365515 -0.444653 1.51495 0.421187 0.704575 0.132151 -0.542714 -0.730736 
0.181291 0.0895756 1.29046 -0.304955 0.837693 -0.690828 1.84839 0.598377 1.0305 -0.790096 -0.530544 -0.649803 
0.245668 -0.110592 0.676857 -1.0528 1.4703 -0.729433 1.20297 0.523285 0.660066 -0.16578 -0.358362 -0.481608 
0.359862 -0.357304 0.454442 -2.49359 0.129562 1.09166 1.55425 -0.509105 0.330409 0.202339 0.081816 -0.728055 
0.358047 -0.654431 0.711777 -2.57787 -0.713974 1.56885 1.95789 -0.844988 0.123265 0.652529 0.199062 -0.532462 
0.543222 -1.17317 0.846149 -1.45643 -0.457898 1.43602 1.33629 -0.619689 -0.282934 0.446066 0.0825648 -0.235453 
0.65467 -1.10562 1.03109 -1.02279 -0.554199 0.684422 2.15252 -0.48476 -0.0323878 0.150086 -0.0644544 -0.599144 
0.585156 -1.33395 1.03051 -0.51151 -0.154931 -0.215935 1.77729 0.712597 0.603031 -0.348317 0.24138 -0.234671 
0.406824 -1.75201 0.783063 -0.103205 -0.0492993 -0.393589 1.62495 1.16128 0.498188 -0.230714 -0.37051 -0.396579 
0.396189 -2.05099 0.31808 -0.106791 0.0287089 -0.788549 1.55592 1.74763 0.718546 0.644986 -0.353956 -0.3664 
0.581785 -1.62325 -0.123749 -0.280517 0.6476 -1.48296 0.781841 1.53734 0.819112 0.479854 -0.554732 -0.315654 
0.719178 -1.46909 0.159589 -0.522681 -0.471964 -0.425135 1.39212 1.00966 0.399997 0.590952 -0.331438 -0.194335 
0.90087 -1.46791 0.582941 -0.190485 0.508493 -0.45607 0.770048 1.72307 1.08831 -0.0260033 -0.618635 -0.158893 
0.985314 -1.63051 0.0400337 -0.344428 0.912683 0.110152 0.917326 1.39664 1.02928 -0.180233 -0.433014 0.0419822 
1.04667 -1.08338 0.331333 0.604999 0.758016 1.21215 2.69371 0.286957 0.648121 -0.332214 0.0682408 0.163946 
1.4345 -0.100318 1.39753 1.1218 2.38562 1.1309 2.59738 1.13337 0.0233375 0.104997 -0.10728 0.1058 
2.03232 0.107834 -0.411069 -0.236266 3.37448 1.55493 1.61104 1.37019 0.640801 0.190073 -0.22491 -0.0925518 
2.24081 -0.0581309 -1.31577 -0.622094 3.48962 1.9907 2.11362 1.74327 0.42149 0.093049 -0.251395 -0.0930451 
2.28684 0.0504753 -0.996014 -0.501893 3.01554 2.76236 1.89965 1.66341 -0.0234595 0.0448914 -0.0282656 -0.14941 
2.28551 0.295683 -1.06135 -0.358328 2.95605 3.20144 1.57614 1.61961 -0.182868 0.119482 0.041117 -0.153806 
2.20847 0.340663 -1.04377 0.433981 3.52389 3.04122 0.691474 1.32343 -0.397441 0.215667 0.193029 0.027727 
2.12673 0.387151 -1.0308 0.81325 3.5165 3.20568 0.814186 1.19808 -0.0877089 0.369552 0.130834 0.0169196 
2.22539 0.0773907 -0.548246 0.39293 3.6513 2.93551 1.3399 2.01788 -0.185182 0.49999 0.265346 -0.142114 
2.14216 0.263148 -0.537355 0.0105287 3.964 3.07886 1.09944 1.03865 0.59405 0.496928 0.234155 -0.030503 
2.13838 0.265244 -0.756413 0.533908 3.67274 2.7672 1.59302 0.983469 0.625678 0.509302 0.121027 -0.0135803 
1.94684 0.109709 0.136212 1.15221 4.43855 3.55648 0.868172 0.181897 0.557117 0.57982 0.329045 0.0848674 
2.02337 -0.0472823 -0.600619 1.06221 4.18861 3.10924 1.25661 1.02491 0.473711 0.75725 0.389365 0.0753734 
1.96136 0.170432 -0.948638 0.604252 3.75433 2.75423 2.0395 1.41071 0.937471 1.11984 0.277926 -0.0835361 
2.03984 0.0348691 -0.521845 1.01178 4.45739 1.93763 1.45453 1.44113 1.25671 0.936899 0.0597397 0.0325548 
1.99717 0.508294 0.0578984 1.80118 4.7231 3.19312 1.6888 0.420202 0.205268 0.929158 0.357881 0.102883 
2.02522 0.673781 0.261186 1.23953 4.59812 3.2783 1.70044 0.515756 0.449373 1.11094 0.215912 -0.0628189 
2.02874 0.997229 0.680509 0.741435 4.53967 3.08504 0.793107 1.31493 1.13559 0.862885 0.0735129 -0.226042 
2.04493 0.82623 0.643088 0.410434 4.26251 3.33573 1.40241 0.892725 1.55313 0.409747 -0.0697644 -0.0290351 
1.93032 0.780406 0.565538 0.522829 4.21483 3.0737 1.35424 1.83557 0.798548 0.816511 -0.0134869 -0.176888 
1.91111 0.638432 0.894707 1.03393 3.62978 3.35692 1.16419 1.83962 0.909102 0.658716 -0.11577 -0.201708 
1.96381 0.758657 0.713505 1.22663 3.50023 3.59965 1.008 1.96672 1.18625 0.615323 -0.281167 -0.267211 
1.89192 0.797201 0.801818 0.886268 3.82518 4.15744 0.652925 0.89661 0.883298 0.618711 0.28506 -0.029418 
1.80278 1.05288 0.621944 1.10582 4.13406 3.48491 1.54688 0.230838 1.04985 0.983651 0.191914 -0.00731906 
2.03828 0.747786 0.452147 1.49778 4.37358 2.68246 1.86469 0.600558 1.00833 1.11972 0.121708 -0.0387791 
1.97772 0.870305 0.747705 1.77679 4.54535 3.11364 1.2383 1.6176 1.17771 0.929243 -0.0568705 -0.118372 
1.87822 0.978703 0.57208 1.40419 4.03441 3.15621 2.05954 1.51554 1.30194 1.01378 -0.105025 -0.0589795 
1.87819 1.32804 0.871699 1.43179 4.39656 3.76808 2.22479 0.912938 0.923705 0.959146 0.185474 0.1032 
1.85788 1.214 1.16923 1.19623 4.60945 3.83548 1.8768 1.19527 0.902968 0.333383 0.22228 0.201752 
1.63555 1.18362 0.785103 1.45983 4.24903 3.69235 1.52827 0.455403 1.43346 0.399052 0.34 0.195411 
1.5969 1.42483 1.09154 0.413275 4.4224 3.14617 1.46611 1.24553 1.31181 0.671106 0.0850421 0.0167403 
1.72636 1.28789 0.691036 1.07319 3.85991 2.75634 2.22311 1.04544 1.27546 1.05159 -0.407299 -0.161359 
1.57046 1.22444 0.90489 1.98386 4.0025 1.80031 1.71373 1.07641 1.45553 0.994265 -0.373244 -0.0639514 
1.37889 0.722335 0.853737 2.30412 3.48379 2.25076 1.05778 0.45095 1.59097 0.570552 0.144135 0.0611087 
1.46764 0.473322 0.433329 1.00215 2.36509 2.32955 2.06128 0.968449 0.673405 0.891087 -0.282745 -0.192626 
1.47738 0.619407 1.49685 1.31534 1.47187 2.12412 1.93735 0.080647 -0.588494 0.66484 0.444136 0.0186097 
1.43404 0.989113 2.25077 2.04449 2.34283 2.2321 1.609 0.334817 -0.300472 0.678768 0.390074 0.0344169 
1.44204 0.806151 1.82909 1.51687 3.00333 2.25647 1.87964 0.876027 0.791771 0.7182 0.0864456 0.146889 
1.41306 1.08628 1.56573 2.13282 3.14779 2.01845 3.18207 0.586475 0.966084 0.310232 -0.178115 0.222154 
1.3193 0.824322 1.63593 1.60572 2.77638 1.04223 2.06434 1.08114 0.74343 -0.037403 0.63434 0.349202 
1.31684 0.773314 1.49825 1.36155 3.10279 0.96864 1.5144 0.869707 0.641855 0.900684 0.512967 0.175958 
1.49084 1.10219 1.44379 1.21313 3.21235 1.84087 1.6942 1.44898 0.655656 0.821602 0.0260912 0.0716793 
1.50332 1.28416 1.69566 1.28831 2.37311 2.3896 2.79488 1.01086 0.978326 0.65495 -0.0262439 0.170437 
1.3895 1.36872 1.44785 1.67634 3.01243 2.80246 1.60015 1.51523 0.993233 1.53517 -0.129259 0.121156 
1.47603 1.50668 1.43517 2.51496 3.2571 2.0022 0.980052 1.66662 1.21707 1.18794 0.194293 0.159574 
1.27895 1.7221 2.03403 2.01826 2.62408 1.32239 1.38846 0.816222 1.90577 1.0952 0.343594 0.276293 
1.14357 1.94268 2.2583 1.74299 2.27358 1.80328 1.85951 0.807668 1.82397 0.626653 0.582154 0.316989 
1.17883 1.9644 1.88916 1.65407 2.93488 2.18958 1.75417 1.42235 1.61686 0.567133 0.482578 0.278192 
1.26736 1.5715 1.68815 1.8665 2.94215 2.3626 1.97456 1.39517 2.17223 0.483115 0.137022 0.269001 
1.2936 1.6731 1.58567 2.03818 2.08174 2.08291 1.90638 0.725352 1.92096 0.312986 0.751815 0.269402 
1.25743 1.74512 2.3444 1.89802 2.72179 1.66422 1.32835 0.910076 1.05986 0.721177 0.73498 0.273169 
1.28332 1.68353 2.45952 1.42716 3.24076 2.38773 1.53876 1.18413 1.16785 0.94446 0.321931 0.267436 
1.29125 1.83643 2.06637 1.39641 3.25882 1.98412 1.92513 1.1844 1.4318 0.72871 0.240501 0.265992 
1.23668 1.90876 2.21738 1.80161 2.34853 1.69751 1.77057 0.736988 1.58822 1.1215 0.154389 0.276275 
1.20243 1.70978 2.26364 2.22227 2.32345 2.33747 1.38638 0.244729 1.559 0.421509 0.718056 0.251926 
1.25842 1.74355 2.56155 2.09754 2.6179 2.10486 1.01782 0.476344 1.55775 0.701084 0.611066 0.282742 
1.37098 1.61201 2.2402 1.35404 2.83156 2.04114 2.2102 1.37408 1.80236 0.649426 0.212048 0.310882 
1.21445 1.76576 2.18897 1.44355 2.45623 2.21551 2.4718 1.23129 1.38483 0.898592 0.213096 0.317987 
1.15448 1.76746 2.17336 1.76277 2.15142 2.13402 2.14246 1.00362 1.34878 0.655804 0.555996 0.293745 
1.13326 1.90637 2.44787 1.80489 2.11078 1.4704 2.76269 2.16672 0.849463 0.621119 0.34389 0.244378 
1.19692 1.92868 1.81668 1.68711 2.5948 1.2187 2.66322 1.84652 0.907654 0.527635 0.376259 0.281116 
1.19463 1.63447 1.49352 1.35165 2.59614 1.71891 1.97512 0.882468 1.64434 0.839472 0.516896 0.273583 
1.17316 1.32741 2.41764 1.762 1.98427 1.87955 1.57003 0.870792 1.44924 0.94931 0.486873 0.278785 
1.16813 1.26377 2.18678 2.33517 1.57239 1.89272 1.88628 0.581149 0.881631 0.942973 0.941085 0.226286 
1.16794 1.42089 1.93909 2.19707 1.99982 0.9798 1.45606 1.63595 1.23002 0.509708 0.852616 0.290427 
1.06291 1.54098 2.42764 2.01036 1.83323 0.863792 1.81215 1.22975 0.969896 1.00098 0.610411 0.250383 
1.16538 1.61783 2.21496 2.13257 1.74776 1.07141 1.83885 0.418005 1.23171 1.04488 0.469483 0.223678 
1.11477 1.83654 2.4957 1.6205 1.90534 1.29869 2.26295 0.605103 0.682981 0.83338 0.508661 0.204399 
1.0782 1.77545 2.16257 1.88894 1.96009 0.0997412 1.40739 1.19882 0.629451 0.960595 0.633653 0.249388 
1.01126 1.68843 2.19863 1.42597 2.27944 0.412823 1.64912 1.09912 1.51006 0.666874 0.54008 0.2776 
1.10352 2.03303 2.40211 1.82851 2.18549 1.46796 1.15431 0.671434 1.19084 0.562695 0.459865 0.213668 
1.1131 1.97453 1.9632 1.89669 2.63189 1.33832 0.976795 1.33263 0.566896 0.502364 0.8202 0.169747 
1.03387 1.83573 2.60834 1.81529 2.83257 1.74083 1.16044 0.819376 0.893916 0.413274 0.759746 0.162274 
0.954618 1.46625 2.87273 1.85754 2.61086 1.59977 1.62735 -0.0672791 1.14765 0.514922 0.782551 0.187494 
1.08043 1.76343 2.53527 1.85245 2.29998 1.70544 1.45508 -0.156047 1.03024 0.639702 0.819318 0.209033 
1.04046 1.94599 2.27423 1.32657 1.58978 1.63918 0.948127 0.755302 0.598498 0.770691 1.29 0.204154 
1.14587 1.57683 2.01191 1.31471 1.33648 1.17128 1.08888 1.34961 1.41457 1.06705 0.664171 0.243922 
1.01286 1.60874 1.85893 1.42872 2.06962 2.21601 1.3839 1.34737 1.13932 0.766325 0.475493 0.229554 
0.980955 1.67948 1.70229 1.57034 1.48818 1.40695 2.14259 1.16007 1.15329 0.306474 0.580013 0.148025 
1.06567 1.4494 2.28369 0.676962 1.51103 1.065 1.73795 0.73847 1.43092 0.719163 0.154068 0.198613 
1.14246 1.68216 2.88256 0.38027 1.54464 0.720333 2.47647 1.14927 1.18437 0.780379 0.442566 0.26261 
1.03296 1.59467 2.9686 1.33829 1.63723 1.29108 2.95615 0.94338 1.24416 0.338367 0.532267 0.252993 
1.09709 1.46472 2.3087 1.12328 2.35769 1.18348 1.30655 1.35439 1.227 0.296666 0.698485 0.221011 
1.0531 1.56226 2.19803 1.50623 1.9835 0.480895 1.1107 0.31902 1.37361 0.111798 0.874117 0.206496 
0.950626 1.37011 2.1358 1.24599 1.78216 0.912473 1.09154 0.418684 0.948124 1.10489 1.24576 0.137391 
0.911757 1.42162 2.05467 1.71699 1.64745 1.01894 1.51714 0.747361 1.18524 1.18508 0.867652 0.165096 
0.908114 1.55436 1.91659 1.66941 1.71973 1.29914 1.28412 0.838281 1.47658 0.601548 0.87473 0.161006 
1.06345 1.6011 1.81291 1.03808 1.73726 2.18018 0.0599682 0.148991 1.3492 0.763058 0.336765 0.208544 
0.912424 1.36197 2.04793 1.3584 2.48337 1.56627 0.502556 0.46735 1.90977 0.942204 0.317073 0.201163 
1.05299 1.39927 2.28167 1.28227 2.4473 0.994661 0.866559 1.16957 1.51956 0.695082 0.50081 0.225206 
1.05365 1.52269 2.05067 1.16703 1.91516 0.924959 1.48085 0.647774 0.910093 0.1054 0.196278 0.14937 
0.950687 1.4145 2.24184 1.41012 1.74457 0.815586 1.86808 0.299336 0.724993 0.753221 0.537016 0.165796 
0.949439 1.41919 2.29212 1.85407 2.44689 0.315046 2.00738 1.20951 0.811201 0.759784 0.306174 0.265699 
0.954654 1.4318 2.14772 1.38033 1.52447 0.661522 0.697731 1.50473 1.39274 0.379885 0.401877 0.180813 
0.702052 1.31995 1.83175 1.35091 1.52574 0.805223 0.623677 0.827599 1.31182 0.0555528 0.582542 0.0741994 
0.78163 1.57805 1.2454 1.13314 1.85434 1.1258 0.714538 0.493635 2.0578 0.146235 0.911246 0.00397846 
0.935269 1.70865 1.28537 0.801206 1.51421 1.71386 1.07264 0.832183 1.35908 0.377037 0.433509 0.10458 
0.946126 0.973886 1.35336 0.466807 2.43955 1.84126 0.197668 1.20335 0.799775 0.696671 0.600438 -0.0208244 
0.923724 1.17716 1.27102 0.923123 1.63794 0.646355 0.958685 0.0780773 0.52348 -0.0827116 0.754062 -0.0265267 
0.812583 1.22815 1.70382 0.846628 1.33812 1.07573 1.42003 1.16511 1.26556 -0.432863 0.561277 0.020029 
0.885867 1.24036 1.49602 1.20085 1.33963 1.71358 1.23628 0.662172 1.24419 0.554529 0.614712 0.103734 
0.812127 1.49327 1.91295 1.08937 0.944444 1.11779 1.468 0.33695 1.46938 1.03322 0.281603 0.186042 
0.679627 1.34564 1.79645 1.41139 0.985895 0.0827303 2.3368 1.05298 0.858206 0.709816 -0.0558246 0.217053 
0.701337 1.4634 1.27995 1.22569 1.66548 -0.188361 1.26389 1.56016 0.442896 1.11151 0.638401 0.0951233 
0.750316 1.55766 1.69463 0.748402 1.72797 1.05903 0.828596 -0.0216877 0.953268 1.28236 0.711079 0.0940013 
0.642564 1.13279 2.0847 1.41773 1.36571 1.57649 1.20494 0.316241 0.37157 1.05687 0.628017 -0.0746624 
0.566539 1.01386 1.92996 1.22604 1.82515 1.36709 0.894932 0.827309 0.158271 0.869831 0.147969 0.0993009 
0.624588 1.1153 1.74827 0.79913 1.88743 0.68673 1.14444 1.97532 0.62499 0.236049 0.18264 0.094919 
0.70113 1.27543 1.82159 1.08854 1.44548 0.808269 0.341064 0.709602 1.16085 0.81365 0.353475 0.100758 
0.676505 1.28801 1.53266 0.807038 1.47268 1.08653 0.487272 1.47975 1.36348 0.903628 0.197807 0.125592 
0.643637 1.25975 1.30357 0.958665 1.38905 1.16114 1.13742 1.2887 0.892049 0.373715 0.00851756 0.136898 
0.821551 1.22937 1.25553 1.38113 2.79774 0.795611 1.61347 1.03301 1.1493 0.740729 0.350925 0.155109 
0.765017 1.26275 1.30393 0.505643 2.68914 0.931862 0.728136 0.827307 1.13271 1.45918 0.847533 -0.0363596 
0.579452 1.01793 1.10782 0.738788 1.79281 1.2966 0.804864 0.912041 0.450206 0.87531 0.5907 -0.0884227 
