0.75462 1.43117 1.33594 1.04671 1.2143 0.507286 1.16137 0.699067 1.32357 0.358758 0.399535 0.0467058 
0.734697 1.51526 1.4825 0.87455 1.1997 0.521522 1.0839 0.555548 0.973438 0.295175 0.683636 -0.00487581 
0.736178 1.33244 1.91353 1.09917 1.30302 0.883707 0.789664 1.60266 0.385629 0.542443 0.107454 0.0846725 
0.782089 0.92248 1.74216 1.19069 2.07157 0.0326593 0.83132 1.60127 1.06902 0.51589 0.514133 0.08618 
0.897218 0.931221 1.84665 0.785727 1.85594 0.273634 0.930679 1.64272 1.89788 0.619289 0.473535 0.142962 
0.742027 1.13362 1.57519 0.819087 0.69321 1.0018 1.23835 0.990864 1.62481 0.536562 0.333239 0.038282 
0.598835 1.28097 1.24255 0.781507 1.05886 0.84939 1.588 0.736019 1.22478 0.766408 -0.0473124 -0.0628873 
0.549544 1.23552 1.21997 1.05424 1.409 0.0424967 1.21537 1.41291 1.00828 0.0935033 -0.139577 0.0299034 
0.616943 1.28363 1.51056 1.34855 1.52922 0.118331 1.31918 1.5179 1.27178 0.0502144 0.350338 0.0719943 
0.645222 1.35755 1.65143 1.03009 1.30015 0.37066 0.23184 0.805807 1.1299 0.878289 0.612407 -0.0494466 
0.562956 1.12681 1.57861 0.406473 0.666969 0.78544 0.0390029 1.5769 1.40518 1.13943 0.277647 -0.00652125 
0.516974 0.953366 1.37331 0.327168 1.45365 0.814009 1.6284 1.19974 1.56179 0.442391 0.450458 -0.0675537 
0.615797 1.06716 1.90278 1.52417 0.58241 0.513563 0.722975 1.10058 1.35549 0.621378 0.797548 -0.000211262 
0.658523 1.52775 1.96021 1.38439 0.856391 1.22167 0.993124 1.67816 0.99276 -0.18149 0.589828 0.0861182 
0.662787 1.69073 1.72238 1.19568 0.516619 1.67263 0.92996 0.836206 -0.41951 0.0230712 0.0474751 0.000999402 
0.936779 1.78102 1.83175 1.4394 0.363037 1.91441 0.9933 0.447319 0.0280852 0.247603 0.225676 0.0296923 
1.2915 2.31901 1.85765 0.90032 0.958009 1.73699 1.20612 1.53552 0.970445 0.0271282 -0.776109 -0.203607 
1.57535 2.11546 0.879591 0.555384 1.09192 1.63135 1.23309 0.634815 1.06185 0.131797 -1.00426 -0.4905 
1.66126 1.98271 0.785002 -0.00820259 1.5972 1.06964 1.4475 0.45414 0.77404 -0.0234811 -0.902003 -0.505818 
2.00711 1.68251 0.173905 -0.594535 2.00464 1.63942 0.825145 0.608415 0.229189 0.18458 -0.53264 -0.562278 
2.01003 1.53164 0.0752523 0.237497 1.67165 1.69216 1.20999 0.576773 0.763048 0.183634 -0.715876 -0.639291 
2.41591 0.89683 -1.85069 0.123934 2.9494 0.483253 1.78139 0.193289 1.09782 0.0870855 -0.657095 -0.524875 
2.20916 1.02475 -0.767179 -0.155008 2.54805 1.12043 1.47986 0.373359 1.15508 0.0834826 -0.741407 -0.633418 
2.16147 1.08394 -0.89747 -0.405629 2.73819 1.72658 2.59017 0.128155 0.195011 -0.0614006 -0.569316 -0.35566 
2.20131 1.66589 -0.457024 0.0454607 2.25643 1.92735 2.75067 0.636326 0.522479 0.0405749 -0.573385 -0.41294 
1.75324 1.63122 0.287433 0.449359 2.33095 1.48603 1.98598 1.09151 0.982759 0.0361477 -0.796909 -0.4117 
2.13027 1.03422 -0.590801 0.783706 3.20335 0.257448 1.67955 0.186421 0.916823 -0.0641629 -0.942184 -0.473394 
2.28836 0.742827 -1.76285 0.630092 3.53746 0.611047 1.77502 -0.281597 0.650486 -0.125152 -0.645127 -0.386851 
2.16714 1.12066 -2.07522 0.38048 3.5126 -0.0432067 2.38238 -0.294478 0.95499 -0.246727 -0.796886 -0.300563 
2.20972 0.747097 -1.94691 0.0775466 3.54105 0.293713 2.15885 -0.15726 0.835474 -0.0426987 -0.833271 -0.427738 
2.53489 0.3074 -3.15627 -0.38925 4.66135 0.794699 1.32553 0.0937383 0.625705 0.47558 -0.992801 -0.507473 
2.5153 0.367611 -2.89406 -0.633975 4.2728 1.13118 1.53711 0.552611 0.609991 0.350496 -0.908925 -0.476998 
2.70479 0.671673 -2.63093 -0.400899 3.99101 0.996566 1.34916 0.832454 0.265534 0.179512 -0.9297 -0.392465 
2.45419 0.902041 -2.05079 0.235377 3.4968 0.775527 2.14513 0.702182 0.636003 0.053451 -0.763905 -0.368577 
2.49176 1.02601 -2.37989 0.210006 3.96839 0.643866 1.96162 -0.0119785 0.58509 0.103623 -0.760611 -0.332689 
2.44982 0.758131 -2.24559 0.157602 3.93127 0.866142 1.88952 0.519441 0.620012 0.0151137 -0.907402 -0.378237 
2.43487 0.544846 -2.68918 -0.349891 4.77665 0.783504 1.84939 0.0838563 0.584356 0.508596 -0.824551 -0.24037 
2.21357 0.643584 -2.59163 -0.381605 4.43236 0.891841 2.23475 0.136845 0.664367 0.211433 -0.821312 -0.238464 
2.37096 0.657006 -2.57048 0.254951 4.71262 0.751333 1.86897 0.207243 0.824914 0.347259 -0.864796 -0.239373 
2.27928 0.556902 -2.83308 0.0370166 4.92013 0.904472 1.92287 0.0236209 0.667631 0.397681 -0.91206 -0.27186 
2.34049 0.626972 -2.396 0.113746 4.92263 0.661802 2.0816 0.0605808 0.548454 0.396885 -0.992148 -0.258638 
2.35989 0.493084 -2.4366 1.02294 5.4059 0.841293 1.93951 -0.155041 0.449564 0.257747 -0.76235 -0.0670033 
2.299 0.222827 -2.65095 0.602529 4.87868 1.28184 1.92273 0.184469 0.619303 0.272514 -0.571377 -0.146805 
2.41927 0.0094428 -2.85716 0.472696 5.04783 1.67971 1.80556 0.912078 0.910909 0.501006 -0.573468 -0.166437 
2.22925 0.0104307 -2.6473 0.581552 4.76497 1.79467 1.51162 0.893229 1.21862 0.730277 -0.319038 -0.201932 
2.25639 0.446366 -2.08348 0.93532 4.63875 1.4813 1.36882 1.01587 0.723806 0.790477 -0.423579 -0.195382 
2.16598 0.446964 -1.50395 1.45742 4.56 2.00178 0.774209 0.250471 0.609288 0.576727 -0.0344298 -0.0632979 
2.0311 0.557622 -1.27514 1.24936 4.28064 1.98362 1.77882 0.0696849 0.901883 0.203646 -0.226472 -0.101089 
2.10865 0.047264 -1.52096 -0.15904 4.4969 1.92651 2.18218 0.247962 1.38537 0.719978 -0.228294 -0.0957262 
2.09559 -0.267228 -2.36797 0.39481 5.40843 2.10873 1.82694 0.345428 0.921188 0.860979 -0.0236937 0.0203532 
2.06798 -0.0421218 -1.94834 1.08297 4.05176 1.79166 2.36457 0.542209 1.68327 0.35183 -9.46743e-007 0.00995642 
2.06523 0.348772 -0.809118 0.428092 3.0507 2.25702 2.55234 0.825227 1.82948 0.447284 -0.144244 -0.096486 
1.94035 0.771385 -0.230488 0.564555 3.73976 2.64179 1.60905 0.741849 1.14431 0.477411 -0.170863 -0.156466 
2.0103 0.870062 -0.38222 1.40509 3.57007 1.75123 1.47488 1.32488 0.513201 0.824923 -0.537327 -0.385802 
1.88993 0.624722 -0.297571 1.20654 3.45483 1.96349 1.16914 0.82246 1.02767 0.180514 -0.793878 -0.429336 
1.84464 0.246777 -1.17392 0.619375 3.44352 2.37618 1.36339 0.341478 1.74246 0.228749 -0.2189 -0.298242 
1.90376 0.290574 -0.704044 0.245354 3.62622 1.83105 1.28171 0.922738 0.492842 0.735438 -0.329415 -0.407819 
1.80124 0.305558 -0.587215 0.228116 3.81194 1.73589 1.41584 0.580155 1.11842 0.538949 -0.493334 -0.344497 
1.74813 0.432121 -0.256445 0.658403 3.23322 1.78836 1.67139 0.402497 1.0262 0.332387 -0.72367 -0.395164 
1.79959 0.610227 0.00773431 0.513291 4.19638 2.04955 0.947743 0.310395 0.471233 -0.035884 -0.600585 -0.269806 
1.89713 0.140721 0.0795923 0.358764 3.64857 1.84937 1.24191 1.28507 0.808502 0.116501 -0.630465 -0.28954 
1.6804 0.298159 -0.436183 0.487815 3.0662 1.61171 1.44483 0.987631 1.16715 -0.168573 -0.657856 -0.320513 
1.64159 0.591846 -0.425618 1.43278 2.90408 2.1733 1.67637 0.749411 0.865184 0.644734 -0.442342 -0.315897 
1.51652 0.719336 -0.465663 1.03018 3.28968 1.79807 1.06274 0.628289 0.761266 0.487619 -0.0993088 -0.177783 
1.53977 0.557728 0.22815 0.447069 3.46046 1.85788 1.37448 1.13907 1.04557 0.603503 -0.164861 -0.156837 
1.56777 0.178802 0.149914 0.0846801 2.43475 2.62601 1.76133 1.16847 1.04357 0.105541 -0.296133 -0.186046 
1.49122 0.554824 0.0257075 0.399102 3.10001 2.29582 2.42541 0.347673 1.08205 0.100208 -0.302493 -0.036156 
1.55948 0.590569 0.585226 -0.169865 3.92869 2.50003 1.80362 0.332071 0.647341 0.243181 -0.328436 0.036707 
1.62176 0.503091 0.114029 0.267707 2.8211 1.76528 2.72155 0.727973 1.17846 0.484469 -0.32642 0.00142511 
1.47289 0.915212 0.459764 0.642867 2.55476 1.80261 2.83056 1.25817 0.862336 0.424594 -0.303487 0.0596344 
1.47907 0.697818 0.786867 0.666611 2.2992 2.24208 2.62533 0.322138 1.70299 0.644163 -0.011093 0.114235 
1.48498 0.960751 0.624615 1.2557 2.67973 2.11801 1.69409 1.50986 2.37749 0.295831 -0.434557 -0.0862571 
1.48244 1.32081 0.110921 1.15539 3.22834 1.89996 1.44645 2.06505 2.34258 0.0958104 -0.579571 -0.23975 
1.48772 1.1617 0.517329 0.629158 3.9027 2.0879 0.910404 2.53798 1.53046 0.240497 -0.621608 -0.269489 
1.43755 1.14362 0.852527 0.466512 3.45723 2.26817 1.92638 1.60719 1.27355 0.722199 -0.472062 -0.055307 
1.32506 0.780992 1.02199 1.63714 3.0051 1.95171 1.97701 1.02687 1.3984 0.318275 -0.304075 0.127157 
1.15017 -0.423865 0.749946 1.69165 2.53171 1.18144 0.867813 0.265371 1.0255 0.892812 0.149226 -0.0974252 
0.784921 -0.679245 0.788052 1.59462 1.36736 1.17497 1.64696 -0.388022 0.897938 1.03924 0.0269557 -0.27251 
0.476276 -0.787578 1.11142 2.19138 1.28907 1.73576 2.70088 -0.209327 1.09354 0.918582 -0.147772 -0.289329 
0.461709 -0.795906 0.841172 2.34166 1.45705 1.94042 3.17612 0.0630951 0.804222 0.624272 0.060324 -0.149358 
0.635822 -0.551688 0.898628 1.20646 2.04786 2.25023 3.10308 0.221072 -0.505148 0.970265 0.549283 -0.0449981 
0.756541 -0.844227 1.06605 1.2811 2.50849 1.96106 2.74127 0.982893 0.0795227 0.994669 0.427787 -0.115104 
0.792854 -0.761895 0.951683 1.66311 1.16347 1.26032 2.8024 1.26363 1.81704 0.66859 0.260021 -0.332211 
0.924306 -0.4943 0.891762 2.07529 0.596756 0.372363 2.66429 1.03689 2.13493 0.806677 -0.337249 -0.265351 
0.872488 -0.619859 0.928383 2.67229 1.5362 0.86542 1.77709 0.383478 1.19355 0.312547 -0.447241 0.00310753 
0.84054 -0.431249 0.433324 2.92344 2.16665 0.394582 2.18473 0.646165 1.7685 -0.0180742 -0.188628 0.0451125 
0.869069 -0.375162 0.776672 2.22103 1.39301 -0.01032 1.97177 1.38299 2.7731 0.53569 -0.0373184 -0.223929 
0.826163 -0.113429 1.21851 1.82101 1.80136 1.03763 1.60823 1.06551 1.97613 1.2846 -0.0756074 -0.224315 
0.898873 -0.0446737 1.22874 1.31028 2.5486 0.57434 1.35867 0.816488 2.00345 1.49852 -0.177826 -0.205932 
0.914979 -0.085294 1.67012 1.30897 2.10015 0.526778 1.76944 0.503825 2.3286 1.21092 -0.257086 -0.00427149 
0.708492 -0.120487 1.23581 2.35759 1.43615 0.464933 1.10349 -0.365928 2.74094 0.482547 0.140325 -0.148846 
0.760757 -0.0710181 0.634599 2.19738 1.74811 0.591114 1.0019 0.549333 2.19903 0.757298 -0.0500843 -0.422592 
0.930966 0.312221 0.664768 1.23492 2.02489 -0.211195 0.0687732 0.514461 1.88135 1.25833 -0.202845 -0.252673 
0.882923 0.528651 0.779649 0.468854 2.12882 0.83407 0.929913 1.06299 1.07918 0.603304 0.0233535 0.0158767 
0.841252 0.156042 1.21219 0.826302 2.43926 0.769597 0.406437 1.24091 2.36995 0.953145 0.0439164 -0.165361 
0.810048 0.182634 1.72483 1.63015 2.09242 0.384416 -0.413404 0.205619 2.16592 1.27168 0.00483507 -0.28501 
0.734054 0.199555 1.93007 1.4327 1.40732 0.0791397 -1.13248 0.508689 1.44685 1.49063 0.10187 -0.461303 
0.687678 0.166711 1.56651 1.65451 2.7734 -0.163102 0.48259 1.56556 1.70244 1.41959 0.298689 -0.280468 
0.738702 0.612867 1.60043 1.45535 2.02281 1.01585 0.119811 1.74606 1.82611 0.814401 0.476932 -0.113207 
0.729223 0.530525 1.45689 1.57012 2.23357 0.462497 -0.361334 0.999918 1.58805 0.973738 0.19404 -0.25572 
0.782199 0.51909 1.6908 1.30519 3.19378 0.771321 0.719876 0.284264 2.0768 1.23297 -0.127549 0.018845 
0.739761 0.651218 1.84405 1.27419 2.86521 0.797762 -0.271265 -0.385915 2.12354 1.11621 -0.192168 -0.0993946 
0.845884 0.766955 1.54285 1.24317 2.31642 0.0239376 -0.650736 -0.15297 1.79355 1.18545 0.369964 -0.138694 
0.964077 0.458003 1.77518 1.51754 1.56129 -0.432474 -0.198668 -0.159177 1.72855 1.55882 0.11018 -0.113878 
0.791439 0.0812134 1.16589 0.77249 1.75299 -0.299403 -0.505706 1.08982 1.46868 1.3353 0.239178 -0.359138 
0.896292 0.438996 0.923389 0.837054 2.24809 -0.00766019 -0.075198 0.837293 1.74254 1.41439 0.0800632 -0.164974 
0.967662 0.661837 1.18776 0.489648 1.64399 0.141256 -0.437887 0.554492 1.93985 1.31426 0.198982 -0.0552228 
0.765043 0.944792 1.06149 0.884139 2.18515 0.0540889 -0.115616 0.861409 1.47086 0.951847 0.177756 -0.108032 
0.814029 0.803648 1.42882 0.863185 2.54064 0.139037 -0.17787 1.31384 2.03109 1.49713 0.0909666 -0.0976482 
0.800281 0.821841 1.07391 0.916638 1.73042 0.230174 -0.399655 1.79941 1.80752 1.01775 0.239002 -0.118411 
0.690437 1.11564 1.10154 0.916761 1.32952 0.395414 -0.322686 0.713817 2.19409 0.777797 0.0833849 0.0336656 
0.687976 1.16777 1.02921 0.594579 2.15776 -0.404746 -0.550909 0.467438 1.56036 0.758327 0.0633643 -0.0566038 
0.695983 1.14895 1.53697 0.967307 2.486 -0.353299 -0.813168 0.28899 1.42596 1.16215 0.369089 -0.102598 
0.758737 1.21624 1.14135 1.18003 2.00643 0.0968936 0.474583 1.03405 0.410757 1.35094 0.258352 -0.0377022 
0.774927 1.12513 1.0127 1.3298 0.892364 -0.300692 0.468639 0.558095 1.32135 0.535155 0.192657 -0.0783749 
0.806107 1.09713 1.57446 1.05815 1.54111 -0.462279 0.0445664 0.0979628 1.01525 0.759405 0.0462142 0.0519693 
0.788371 1.05201 2.05456 0.529238 1.99155 -0.793383 -0.12975 0.213327 0.0774161 0.849018 0.167264 0.0694989 
0.722617 1.07583 2.0155 0.462437 1.02006 -0.636234 -0.369299 -0.545139 0.281782 0.546774 0.11789 0.227333 
0.674 1.35586 2.16326 1.01455 0.933122 -0.973845 0.283858 -1.13563 0.25648 0.973611 0.471605 0.100229 
0.819537 1.19108 1.98541 1.90253 1.42557 -0.794791 -0.640626 -0.404907 0.289448 1.14805 0.774581 0.000653055 
0.785006 1.21815 1.73864 1.79525 1.15477 -0.497917 -0.886848 0.188909 0.332792 0.637003 0.807248 0.0441162 
0.851365 1.241 1.38058 0.547855 1.62774 -0.761889 -1.06495 0.313724 0.644314 0.751995 0.404839 0.180509 
0.714033 1.329 1.24298 0.671781 0.961074 -0.821386 -1.04163 -0.193349 0.037824 0.503575 0.460933 0.244049 
0.598408 1.01488 1.44358 0.389544 0.763028 -1.01494 -0.752272 -0.581812 0.469061 0.189434 0.424269 0.289717 
