0.431501 0.759559 1.37408 1.27255 1.18981 0.266191 1.25318 1.52286 0.0772118 -0.225911 0.471713 -0.00246968 
0.4787 0.986081 1.11838 0.442783 1.12613 0.316624 1.02926 1.35143 1.4156 0.0182589 0.363036 -0.0352894 
0.389095 0.751905 1.16677 0.290161 1.00461 0.691925 1.04546 0.915485 1.55239 1.3615 0.200568 -0.163344 
0.411641 0.65161 1.25453 1.90161 0.994693 1.25974 1.61509 0.855293 1.5325 1.1254 0.317183 -0.0758596 
0.613665 0.711814 1.47099 0.903366 1.68231 0.560787 1.46127 1.63744 1.91668 0.710676 0.754518 -0.0535831 
0.611131 0.966251 1.33685 0.880015 1.14174 1.86636 0.991509 1.40874 1.59747 0.781564 0.555346 -0.00369337 
0.588577 0.991402 1.0422 0.978723 1.25968 1.99307 1.6788 1.22436 0.512969 0.374535 0.647654 -0.0861455 
0.594095 1.06989 0.993203 1.02627 1.84063 1.02266 1.81377 0.841759 0.203336 0.720512 0.456756 -0.062714 
0.502939 0.735146 1.13655 0.752611 1.47271 0.787952 0.933675 0.753372 -0.362185 0.869371 -0.0962287 -0.167376 
0.529251 0.821537 0.776801 0.901792 1.23258 0.366072 1.00426 1.42223 0.689224 -0.173787 -0.0905068 -0.075799 
0.505326 0.422841 0.662973 0.755571 0.629137 1.41054 0.0217653 0.434529 0.104561 -0.671641 0.632483 0.195649 
0.533517 0.694665 1.08991 0.352128 1.20332 2.7155 0.607207 0.269952 0.670642 -0.0963599 0.497568 0.0124288 
0.518832 0.826838 1.03705 0.371682 1.42255 1.84863 1.17402 -0.316276 0.690898 0.709084 0.38595 -0.0664059 
0.550836 1.02753 1.20175 1.2709 1.23043 1.78341 0.573106 0.13338 0.686552 0.797857 0.483586 -0.0395334 
0.547284 1.12081 1.26093 1.2573 1.28789 1.43813 1.54581 0.226367 0.677563 0.124476 0.544264 -0.0287328 
0.556655 1.36705 1.52576 1.32614 0.333205 0.628485 1.18999 1.74643 0.840248 -0.0175718 0.617833 -0.0186485 
0.557335 0.944956 1.63676 1.44164 1.24854 1.20696 1.23561 1.02332 0.851105 0.492725 0.304639 0.00763396 
0.50952 0.95082 1.18322 1.2705 1.37474 1.35049 0.595905 0.458798 1.09677 0.499434 0.476498 -0.0864443 
0.644921 0.953989 0.959655 2.08713 0.970176 1.18586 1.68726 -0.04814 0.638152 0.276666 0.346149 0.00831108 
0.554864 0.910892 1.37941 1.55855 0.810808 0.297642 1.50532 0.873978 0.152581 0.653729 -0.0516007 -0.0653736 
0.561684 0.827836 1.62078 1.41335 1.74774 1.12113 1.34046 1.58071 0.905592 0.76044 -0.167326 0.191581 
0.706913 0.773858 2.12631 1.20181 2.00658 2.17848 2.12176 1.40946 1.19793 0.826416 0.443205 0.213585 
0.903978 1.44389 2.44537 2.34343 1.22027 0.849811 1.77556 1.37623 1.12282 0.969881 0.715476 0.23776 
0.89063 2.14168 3.02414 2.6112 2.4444 2.38002 2.03411 1.57414 0.186861 0.46488 0.763334 0.0584304 
1.24899 2.78082 3.19447 2.15642 1.8905 2.09044 2.04988 1.85824 0.495684 0.141275 0.378202 -0.0370454 
1.69685 2.69166 3.14407 2.60253 2.99412 2.29448 2.5299 0.968076 -0.322604 -0.095011 0.305997 -0.000578078 
1.60449 2.46709 2.87033 2.4908 2.83444 2.25148 1.71665 1.07173 -0.013121 0.153462 0.166247 -0.0127384 
1.75222 2.41213 2.45069 2.4314 2.52563 2.25058 2.12168 0.848752 0.11381 0.00122634 0.101911 0.0104872 
1.81024 2.46345 2.452 2.43675 2.76106 2.47069 2.36949 0.655006 0.274216 -0.395268 0.1921 0.0405227 
1.78171 2.51752 2.88421 2.44781 3.02931 2.45587 2.22046 0.98177 0.230025 -0.256505 0.251762 0.0401177 
1.89718 2.55658 2.55313 2.66432 3.0589 2.78279 2.82655 0.850951 0.0410583 -0.391851 0.341523 0.143707 
1.82059 2.64814 2.96629 2.47683 2.8055 2.90808 2.94385 1.00722 -0.024744 0.0969314 0.303566 0.11454 
1.77681 2.69512 3.22438 2.41006 3.17061 2.72732 2.65988 0.615526 0.44544 0.139725 0.318588 0.13836 
1.86218 2.56375 3.23467 2.5345 3.05234 2.77567 3.12455 0.788382 -0.0556792 0.120543 0.342748 0.1338 
1.69573 2.43558 2.56113 2.15217 2.98699 2.80918 2.41738 1.08933 0.358851 -0.113231 0.315247 0.126714 
1.95559 2.30666 2.40369 1.76791 2.69138 3.08761 2.8409 0.987754 0.0494596 -0.283304 0.095072 0.139495 
1.83153 2.52746 2.55461 2.11298 2.80811 2.88998 3.06722 0.853789 0.158947 -0.433273 0.274272 0.150777 
1.70786 2.61112 2.66636 1.84595 3.64992 2.39974 2.98982 1.02177 -0.726515 -0.0874402 0.257616 0.16014 
1.93114 2.06254 2.23273 1.19341 3.18668 1.86995 2.32942 0.526217 0.0551216 0.45696 -0.0258376 0.106629 
2.04373 1.96687 1.50583 2.04875 0.883386 0.280245 1.14458 0.346404 0.315134 1.10244 0.129702 -0.128845 
1.62372 1.67472 0.532666 2.7581 -1.49446 -0.882463 1.56914 0.902034 0.823767 -0.113619 0.877521 -0.105573 
1.81035 1.77369 0.242273 2.95769 -0.891346 -1.81863 1.20452 0.485208 1.04312 0.156982 0.64249 -0.18402 
2.12349 1.97142 0.857519 2.9145 0.4293 -1.81615 0.859667 -0.206272 1.03906 1.43449 0.345643 -0.305924 
2.17894 1.87 1.15297 3.15339 0.422032 -2.42592 0.531128 -0.502733 0.800892 1.31606 0.390122 -0.256791 
2.1582 1.81987 1.41381 2.79731 0.535136 -2.26965 -0.55357 0.00101387 0.645538 1.39096 0.0899643 -0.127717 
2.13598 1.96719 0.872865 3.39532 0.0217495 -2.63693 0.0279966 -0.896939 0.905808 0.95153 0.449219 -0.265071 
2.06052 1.86274 1.04881 2.38669 0.0574554 -2.26198 -0.0349482 -1.05059 1.11524 0.950962 0.227375 -0.198805 
1.94187 1.84844 1.07838 2.29548 -0.662755 -1.92542 -0.0965728 -0.932947 1.30972 0.604078 0.313551 -0.135076 
2.17979 1.9712 0.981924 2.74285 -0.563977 -2.05352 -0.464921 -0.890523 1.148 0.570105 0.329676 -0.180414 
2.27682 2.00466 1.36912 2.28096 -1.06561 -2.33017 0.132551 -0.608594 0.404385 0.364909 0.468425 -0.0495492 
2.22831 1.61853 1.6829 1.96789 -1.02018 -2.43572 0.164194 -0.33599 0.221297 0.461102 0.426353 0.0191838 
2.27533 1.55871 1.22757 2.06794 -0.74291 -2.438 -0.0150952 -0.547233 0.519805 0.554874 0.442538 -0.001496 
2.33107 1.74401 1.5748 1.75556 -1.18127 -2.2654 0.34423 -0.285774 0.224523 0.647835 0.613534 0.0812122 
2.30364 1.82435 1.74609 1.17499 -1.1944 -2.01769 0.300341 -0.084581 0.469901 0.687475 0.581405 0.163349 
2.41747 1.84975 1.53189 1.19339 -1.58475 -2.10162 0.7125 -0.182398 0.448338 0.640059 0.613195 0.0677326 
2.61736 1.89015 0.994937 0.878492 -1.04438 -1.65576 0.284766 -0.324156 0.984171 0.592772 0.320826 -0.0575201 
2.39839 2.16044 0.48726 0.762042 -1.17164 -1.3735 1.15558 -0.394238 1.05349 0.495371 0.414843 -0.212917 
2.47352 1.90643 0.713423 0.434222 -1.61753 -1.4324 1.38516 0.152375 0.854205 0.560793 0.283038 -0.253887 
2.5053 1.53274 -0.465776 0.652133 -0.318514 -1.17095 0.950073 -0.676025 2.04649 0.527825 0.254742 -0.437058 
2.43171 1.79989 -0.851184 -0.035789 0.720205 -0.893396 0.653359 -0.286076 2.51094 0.500185 0.0661305 -0.480383 
2.4091 1.83449 -0.135115 -0.111576 -0.351516 -0.590328 2.79539 0.31395 1.38415 -0.0124108 -0.137811 -0.401567 
2.4803 1.5237 -0.29134 -0.0174157 0.315988 -0.276453 2.73771 0.189088 1.40645 -0.0539491 -0.377471 -0.480897 
2.44659 1.52575 -0.514043 -0.0920508 0.695881 -0.312447 2.6992 0.103753 1.15309 -0.120101 -0.401224 -0.446635 
2.43865 1.46159 0.113598 0.4734 0.286337 -0.439492 3.12376 1.06818 0.280313 -0.0223812 -0.339803 -0.452287 
2.46216 1.21433 -0.730603 0.751708 1.46617 1.23936 2.02787 -0.0412332 0.649859 -0.0331085 -0.338981 -0.511828 
2.4373 0.506386 -0.27422 1.31149 1.19703 0.739145 1.99002 0.014456 0.952785 0.338311 -0.23435 -0.433368 
2.42104 0.893747 -0.204882 1.79659 1.88831 -0.309928 1.70936 0.132188 0.925426 0.554662 0.210565 -0.19491 
2.43012 0.971745 -0.653145 1.83118 2.14638 0.427562 1.6216 0.0932332 0.782653 0.583807 0.405116 -0.118188 
2.541 1.02878 -0.451166 1.55493 2.64032 0.493897 1.22043 -0.415091 0.835444 0.53185 0.211728 -0.120543 
2.39536 1.35636 -0.418781 0.855602 2.97408 1.10652 1.5002 -0.667335 0.538673 0.572533 0.284764 -0.0271306 
2.23907 1.4989 0.082572 0.735318 3.38803 0.732228 0.954645 -0.316804 0.858633 0.79822 0.00710491 -0.146281 
2.2586 1.29346 -0.0688528 0.94776 3.34563 1.56861 1.01384 0.0186326 1.07832 0.772652 -0.0811804 -0.317186 
2.22798 1.08602 0.0486984 0.965415 2.89952 1.2421 1.18496 0.503329 0.839215 1.0919 -0.0650003 -0.366908 
2.23125 1.14089 0.0384199 1.50159 2.82582 1.14359 1.28481 0.457402 0.526603 0.860502 -0.12506 -0.364525 
2.23516 1.29228 -0.301603 1.84286 2.86545 1.55716 1.61481 -0.0980813 1.24365 0.363272 -0.199327 -0.419974 
2.21306 1.07185 0.357079 1.7704 3.43746 1.20261 0.264176 0.64439 1.20848 0.573186 -0.429051 -0.398065 
2.05191 1.46982 0.123602 1.27746 3.0741 1.25804 0.660739 0.313896 1.07289 0.848514 -0.0789519 -0.28903 
2.29886 1.07699 0.0446883 1.68598 2.86921 0.561637 1.01533 0.677112 1.25974 0.938904 -0.155073 -0.345996 
2.19026 1.07758 1.13985 1.3664 2.0801 0.674862 1.04835 0.859068 1.89815 1.02098 -0.368814 -0.39116 
2.09768 1.4057 1.11996 0.386837 1.85147 1.69712 1.59851 1.55267 1.19722 0.190069 -0.176066 -0.114061 
2.12295 1.56296 0.998791 0.838485 1.78023 1.73064 1.51677 0.928761 1.95955 0.203249 -0.0696162 -0.0333129 
2.00481 1.42608 0.989944 0.85349 1.72194 1.42448 1.39686 1.26477 1.85196 0.286972 -0.0582735 -0.0309359 
2.00624 1.50481 1.63386 0.501943 3.07361 1.41609 1.82637 1.72346 1.6489 -0.602857 -0.404178 0.075791 
1.90852 1.85387 1.51458 0.750397 2.12452 1.08369 2.03373 0.942506 1.20026 0.559269 0.0494444 0.0773855 
1.91334 2.15341 1.6534 1.2854 1.55408 0.707784 1.47349 0.550561 0.824264 0.81918 0.277729 0.133494 
1.90766 2.10807 1.8222 1.75011 1.93143 0.513323 1.04832 0.382911 1.90599 1.05633 0.143722 0.0349693 
1.8141 1.74462 1.72556 1.73022 2.56981 0.899745 1.4378 1.03826 1.32163 0.903443 -0.0834181 -0.018172 
1.90043 1.92351 2.16465 0.825375 3.13447 0.590505 1.16537 1.5032 1.53837 0.785965 -0.112415 -0.00291702 
1.8368 2.04864 1.9861 0.721149 2.54404 1.91008 1.98242 1.06408 1.92867 0.458183 -0.179607 -0.0267493 
1.68262 2.01439 1.85923 1.28813 1.95873 1.83459 2.12409 0.751115 1.27069 0.379925 -0.153795 -0.00837527 
1.68127 1.92876 1.86861 0.831795 2.61568 1.35352 1.90058 0.753357 1.25051 0.0346513 -0.454591 -0.0837623 
1.58396 2.03353 1.80377 1.52287 2.77542 1.51743 2.23353 0.455262 1.02333 0.549574 -0.287349 0.0208971 
1.66559 1.99525 1.86385 1.29036 1.93727 1.51747 2.57409 0.407487 0.976374 0.530905 -0.340917 -0.0444623 
1.56438 1.90197 2.27657 0.827153 1.85682 0.771909 2.405 1.54122 0.760145 -0.17764 -0.137587 0.0018439 
1.5029 1.8044 2.68153 1.25992 2.41344 1.12262 2.60585 1.10718 0.505327 0.0248276 -0.236728 0.0402207 
1.54231 1.71444 1.95274 1.31827 2.04043 0.712049 2.29597 0.813102 0.945375 0.297002 -0.191926 0.0350291 
1.51494 1.78747 1.68706 1.02305 1.6623 1.11017 1.70373 0.497588 1.22389 0.419153 -0.101554 0.0048055 
1.33695 1.7637 1.31798 0.732529 2.0633 0.688337 1.26268 1.4297 1.6441 0.457521 0.168283 0.0251164 
1.36299 1.82625 2.16017 0.616673 2.24223 0.0535135 1.21257 2.38815 1.46586 0.599851 0.0351935 0.0623266 
1.45254 1.857 2.03579 1.10431 2.33594 0.861558 1.74537 1.18894 2.16065 0.804461 0.0530162 0.19603 
1.38506 1.78073 2.34593 1.24179 2.67178 1.25079 2.00437 1.6849 1.80699 -0.103468 0.357579 0.260579 
1.39487 1.78661 2.60111 1.01026 2.17314 1.15036 1.94373 1.85474 1.7964 0.836356 0.0115856 0.206408 
1.36013 1.47723 2.90415 1.47741 2.40761 1.05829 1.67892 1.78995 2.09842 0.968716 -0.16656 0.294203 
1.36393 1.54289 2.76343 1.25739 2.26664 1.01929 1.84008 2.34507 0.744771 0.899761 0.379315 0.180159 
1.39512 2.14224 2.59818 1.51014 2.33275 1.42978 1.99346 1.58632 1.29703 0.695266 0.207987 0.210741 
1.30669 2.18775 2.21448 1.68544 1.79168 1.49873 2.06538 0.978925 1.21686 0.619601 0.528657 0.25314 
1.31715 2.02407 2.11934 1.75311 1.77881 0.850625 2.26595 1.10286 1.73899 0.803329 0.459192 0.294705 
1.2587 1.92584 1.90585 1.93915 1.74262 1.22223 1.81122 0.914456 1.57585 0.548893 0.519068 0.23429 
1.11411 1.65023 1.79529 1.43891 1.538 0.639773 1.3328 1.73268 1.49344 0.748849 0.718999 0.222401 
1.21724 1.57649 2.20165 1.36114 0.974552 0.648905 1.05674 1.63026 1.11607 0.783962 0.651927 0.206461 
1.21614 1.3351 2.37849 0.860858 1.34839 0.260414 0.787406 0.942385 1.27628 0.579578 0.5536 0.208724 
1.14524 1.67797 2.0132 0.699055 1.46187 0.786441 0.523177 -0.018321 1.80816 0.977359 0.793527 0.319318 
1.01207 1.10061 1.74132 0.813935 2.29235 0.906829 0.962577 0.974492 2.21164 0.898377 0.972237 0.186017 
1.0686 1.33938 1.69695 1.33129 2.73636 0.304194 1.30576 0.976777 1.89297 0.252323 0.8367 0.241357 
1.06427 1.16359 2.28472 0.215751 1.67514 -0.0462655 1.53001 1.39461 1.21813 1.22873 0.77675 0.207149 
0.998102 1.40567 3.00539 0.607263 1.40878 0.637169 1.47606 1.13852 1.09725 0.74385 0.486926 0.17852 
0.901779 1.0608 2.37425 1.29569 2.2068 0.635256 1.36332 1.23683 0.782437 0.490555 0.828171 0.113622 
1.01525 1.07803 2.33812 0.62095 1.5374 0.635838 1.21289 1.13539 1.05496 1.26902 0.400788 0.115661 
1.00695 1.43263 2.08167 0.685086 0.837521 1.27165 2.09014 0.71816 1.05492 0.924069 0.363423 0.128431 
1.04046 1.40245 1.85993 1.33127 1.25476 1.14784 2.14201 1.12551 0.869006 0.46803 0.741865 0.143017 
0.980897 1.40199 2.51069 2.15384 1.6363 0.127176 2.66565 0.640735 0.499914 0.993198 0.466665 0.190132 
0.947408 1.11374 2.84336 1.47145 1.59491 0.696512 1.73168 0.818542 0.349982 1.02908 0.719723 0.104904 
0.99679 1.22321 2.27167 1.40924 2.2746 1.15573 1.84173 1.00676 0.539446 0.441278 0.774401 0.180713 
1.04133 1.21229 1.80021 1.33164 1.8182 1.13631 1.97676 1.88797 1.2857 0.451903 0.668066 0.206862 
0.968938 1.61224 2.09262 0.909002 1.25343 0.433245 1.94617 2.39044 1.74303 0.221677 0.844942 0.173845 
0.991467 1.89364 2.40704 0.465101 0.642838 0.957457 1.78977 2.41941 1.22454 0.409736 0.98779 0.0230791 
0.919473 1.60156 2.29243 0.417024 1.03893 0.538374 2.30949 0.880984 1.0037 0.652631 1.17334 0.0959327 
0.86079 1.23522 2.25416 0.775142 1.59653 0.853462 1.80796 0.219062 1.5384 1.43584 0.803967 0.186713 
0.840143 1.59455 1.97875 0.840006 1.3723 0.0636302 1.7736 0.917004 1.15061 1.52385 0.840588 0.184052 
0.953765 1.37846 2.16831 0.801505 0.980294 0.384401 1.25649 1.07848 0.743188 0.99874 0.689098 0.0967323 
0.928064 1.40448 2.70935 0.841844 1.09817 0.350227 0.112976 0.629035 1.40653 0.871808 0.927913 0.241363 
0.79305 1.26942 2.35702 1.46334 1.95363 0.451909 1.05434 1.44295 0.570817 0.810691 0.502499 0.116381 
0.814793 1.18618 2.43638 0.217612 2.31557 0.311665 1.608 0.887165 0.998893 0.938373 0.605603 0.180368 
0.936529 1.48102 2.08712 0.96568 1.99718 1.17329 1.52792 0.982953 1.16918 0.596216 0.530935 0.186119 
0.923893 1.65255 2.03706 1.02958 1.22578 0.59361 1.56159 0.856634 1.30391 0.998756 0.316902 0.228914 
1.02996 1.63203 1.98197 0.508321 0.799376 1.53305 1.1178 1.21349 1.38789 1.04903 0.98556 0.203239 
0.922751 1.83291 1.61569 0.60607 0.872995 1.77469 0.941675 0.70007 1.95434 0.581589 0.853856 0.174483 
0.761753 1.44068 1.74619 0.95333 1.10423 1.03862 1.22244 1.6351 1.01702 0.654769 0.413216 0.115125 
0.864772 1.10152 2.01938 1.58625 1.47331 0.7921 1.98814 0.854762 0.804399 0.512361 0.483676 0.159246 
0.887471 1.31618 1.4796 1.51437 1.61282 0.0202498 2.38084 1.11352 1.27836 0.439619 0.68874 0.194278 
0.754055 1.18965 1.50136 1.6062 1.02058 0.269016 2.24621 1.15658 1.79965 0.613695 0.516467 0.124334 
0.844409 0.820724 1.54543 1.11012 1.32628 0.188707 1.77451 1.10114 0.948814 0.670908 0.177596 0.066191 
