0.416626 0.503524 1.44249 -0.199536 0.686736 0.303633 1.10641 0.835858 0.672571 1.14273 0.191842 -0.115681 
0.344575 0.418746 1.88285 0.311519 0.562086 0.543948 0.840345 1.16958 1.44958 0.9616 -0.0143684 -0.0481615 
0.380003 0.666998 1.95633 1.2453 0.0485216 1.08009 0.542668 1.80603 1.3176 0.318079 0.532303 -0.00916797 
0.28456 0.969847 1.78934 0.44671 0.908767 0.249611 1.41798 1.05812 0.512514 0.58456 0.519942 -0.160458 
0.14085 1.10987 2.03156 0.622589 1.52041 -0.136108 1.80053 1.53187 0.932533 0.800726 0.274467 -0.126823 
0.0854645 0.672637 0.777482 0.130374 0.725473 -0.448421 0.934141 0.443865 0.570979 0.809826 0.640865 -0.179413 
0.205324 0.729491 1.30248 0.777191 0.291058 0.18973 0.736755 0.717085 0.913993 0.317264 0.556468 0.0288604 
0.115513 0.906277 1.84432 0.90602 0.509424 -0.269937 0.684736 1.07313 0.845863 0.623434 0.666738 -0.195451 
0.120574 0.570069 1.34738 0.73473 0.607594 0.106214 0.856512 1.12952 0.609284 0.777779 0.619755 -0.224955 
0.0333414 0.261034 1.09756 0.495715 0.940088 -0.828051 0.721068 1.47897 0.403111 0.605921 0.567723 -0.246105 
0.219401 0.311241 1.49905 -0.252028 0.674509 -0.00918684 1.43207 0.331195 1.38088 0.690689 0.426757 -0.243268 
0.25985 0.341501 1.20169 -0.0673829 1.30748 1.16034 1.61311 0.255083 0.900726 1.17291 0.629525 -0.398359 
0.239413 0.162532 1.55012 0.0826771 0.437151 0.861459 1.17462 -0.742729 1.56502 0.653241 0.394412 -0.142171 
0.381467 0.157678 0.984474 0.26026 0.913667 0.876062 1.40284 -0.0839565 0.928451 0.383824 0.447048 -0.116271 
0.365211 0.529963 0.703165 0.297099 1.11923 1.36551 1.23284 0.0954299 0.132062 -0.0575936 0.252537 0.0180022 
0.5784 1.07397 1.38391 0.297587 0.910511 0.72665 1.51095 0.0331467 0.503303 0.181105 0.315738 -0.0347524 
0.978913 0.88235 2.21421 0.428685 0.378326 0.545134 1.00839 0.0151731 0.979843 0.407288 0.566395 0.0922188 
1.18118 1.39541 2.63864 1.39735 1.17937 0.270731 0.311787 -0.148458 -0.203796 -0.349216 -0.307907 -0.160929 
1.99121 2.32888 1.64493 0.87753 0.526042 -0.121874 -0.120145 -1.68685 -1.34214 -0.995726 -0.333064 -0.156675 
2.5889 1.4832 -0.272255 1.84637 1.00336 -0.188273 -0.577584 -3.10948 -0.279599 -1.13226 -0.339308 -0.451011 
2.64343 1.80493 -1.02094 1.59991 1.78046 -0.483008 -1.41331 -2.96145 -0.307478 -1.39006 -0.460558 -0.439596 
2.39869 2.08648 -0.155852 1.21965 0.985169 -0.891269 -0.852227 -2.92694 -0.320662 -1.44378 -0.304895 -0.375 
2.52493 1.30884 -0.962131 1.13187 0.812482 -0.556187 -1.46844 -2.962 -0.351803 -0.973521 -0.125263 -0.197999 
2.58521 1.18178 -0.642754 1.11586 0.455455 -0.634427 -1.34281 -2.81166 -0.639465 -1.12998 -0.273317 -0.0866907 
2.70754 1.3402 -0.951683 0.530909 0.430053 -0.432129 -1.5046 -2.64827 -0.900889 -1.19519 -0.383534 -0.0922915 
2.55499 1.39335 -0.549465 -0.0221974 0.138381 -0.796021 -1.78263 -2.91185 -0.740824 -1.16563 -0.322337 -0.0515178 
2.59705 1.03078 -0.385169 0.884056 -0.513444 -1.29537 -1.79298 -3.15114 -0.283439 -0.854018 -0.439152 -0.191683 
2.57241 0.801502 -0.538708 1.33822 -1.48158 -1.37983 -1.27108 -3.38179 -0.302559 -0.646195 -0.343367 -0.348947 
2.59817 0.793968 -0.42915 0.53007 -1.15778 -0.866476 -1.23856 -3.47084 -0.477332 -0.375874 -0.211642 -0.181562 
2.69468 0.798745 -0.584488 0.221392 -0.425863 -0.987373 -1.47661 -3.07551 -0.310626 -0.247573 -0.164364 -0.143445 
2.66992 0.718522 -0.590398 0.463042 -0.300292 -1.59162 -1.36623 -2.7868 0.397474 -0.146604 -0.365086 -0.298814 
2.69419 0.839985 -0.462484 0.138184 -0.669634 -1.73439 -0.998841 -2.41364 1.02455 0.0780245 -0.498144 -0.443106 
2.86462 0.789394 -1.12254 -0.40059 0.173383 -1.56194 -1.43257 -1.65703 0.665122 0.0849 -0.458555 -0.397836 
2.86221 0.573314 -0.602056 0.35053 0.243419 -1.47473 -0.68772 -1.80553 0.724637 0.274862 -0.617632 -0.613925 
2.77484 0.657582 -0.425892 0.171191 0.50444 -1.6007 -0.239907 -1.37138 1.23047 0.722479 -0.430158 -0.543023 
2.50763 0.982094 -0.356246 0.213671 0.330069 -1.01394 -0.960406 -1.39709 1.08929 0.585622 -0.170092 -0.446674 
2.64186 0.68543 -0.433455 0.838578 0.0857818 -0.832307 -0.724802 -1.73167 1.1391 0.483156 -0.434919 -0.622499 
2.69204 0.994044 -0.781765 1.09524 1.21263 -0.447194 -0.631634 -1.6427 0.585904 -0.101046 -0.4855 -0.587554 
2.55575 1.15427 -1.09591 1.21658 2.27204 0.322875 -0.840463 -1.8344 0.253671 -0.212787 -0.358687 -0.501608 
2.52477 1.14343 -0.884371 0.150351 2.26683 0.649615 -1.09413 -0.911188 0.290934 -0.00905228 -0.322568 -0.38788 
2.57564 0.256985 -0.912195 0.534652 2.59193 -0.150818 0.824615 -0.748711 0.563107 0.0620772 -0.574638 -0.312944 
2.29152 0.153527 -0.763195 0.667712 2.61099 -0.106952 2.16635 -1.03854 0.791165 0.125213 -0.499485 -0.275778 
2.269 0.491362 -0.664601 0.838732 3.76103 -0.655517 0.727637 -1.25308 0.47758 0.308541 -0.364146 -0.0244063 
2.23013 0.18049 -0.760991 1.17748 3.29113 0.0641505 0.985478 -1.09725 0.597278 0.301568 -0.264566 -0.250253 
2.07687 0.3729 -0.870776 0.858427 4.00476 -0.255734 0.84827 -0.663788 0.00241493 0.626096 -0.0987212 -0.00833206 
1.91828 0.486764 -1.23565 0.830411 4.13539 -0.337957 0.980191 -0.440952 0.053101 0.872545 -0.197309 -0.0282402 
1.90119 0.631914 -0.722242 2.35983 3.88822 -0.613698 -1.07515 -0.729104 0.349011 0.458508 -0.215253 -0.179457 
1.94764 0.343422 -0.688213 2.63425 4.67066 -0.389871 -2.26383 -0.490968 0.266631 0.785949 -0.335223 -0.325222 
1.92654 0.400729 -0.681341 1.94146 4.87985 -0.244826 -0.66533 -0.267768 -0.188762 0.753287 -0.443214 -0.20336 
1.93732 0.173605 -1.13173 2.24864 4.76443 -0.661635 -0.00861733 -0.224734 0.954876 0.818859 -0.484584 -0.224418 
1.88383 0.188108 -0.198423 1.68233 4.59553 -0.642216 -0.826516 0.149911 0.694974 0.84881 -0.218855 -0.101267 
2.0242 0.300361 -0.022269 1.43951 3.90847 -0.0686404 -0.623365 -0.636511 0.592146 0.68493 -0.162595 -0.213162 
1.94881 0.342035 0.0836587 1.37831 3.6894 -0.143385 -1.44734 -0.31306 0.193944 0.674679 -0.276404 -0.39108 
1.88771 0.0279781 -0.504631 1.53642 5.46921 0.0655987 -1.73347 -0.180381 0.563974 1.24207 -0.22411 -0.422403 
1.82271 0.20908 -0.226361 1.54146 5.04457 0.125938 -1.24381 -0.425345 0.955433 1.08712 -0.153748 -0.330556 
2.01582 0.564701 -0.8736 0.71493 4.95787 0.433931 0.437908 -0.657593 0.698176 0.961447 -0.371097 -0.235423 
1.8317 0.311092 -0.654505 0.634502 5.08573 0.349961 -0.0663242 -0.189599 0.675132 1.06904 -0.307607 -0.251007 
1.91762 0.0280577 -0.35634 1.26121 4.82719 0.254327 -0.590055 -0.378777 1.07941 0.993828 -0.0517254 -0.172123 
1.97085 0.0184975 0.147949 1.54707 4.17873 0.324919 -0.399289 -0.400048 0.856095 0.936923 -0.053819 -0.222212 
2.06416 -0.0945871 -1.11109 -0.157536 4.24942 1.41469 1.40047 0.034962 0.625726 0.60963 -0.270418 -0.137565 
2.07584 0.284817 -1.70183 -0.325072 4.27953 1.79278 1.46049 0.50283 0.751972 0.506231 -0.327333 -0.269173 
1.92523 0.8869 -0.338553 0.601527 2.56795 0.450884 0.802833 1.5935 1.62708 0.258444 -0.412261 -0.182718 
1.98594 1.02168 -0.38868 0.25505 2.61994 0.580419 1.38252 1.45261 1.58904 0.421245 -0.406391 -0.255038 
1.8249 0.652004 -0.133767 0.14772 2.97717 1.82631 1.93966 0.0546665 1.6698 0.0751029 -0.548624 -0.159824 
1.91917 0.481119 0.316259 0.601614 2.82304 1.37877 1.07271 1.19375 1.7343 0.282247 -0.270514 -0.0678421 
1.7163 0.443786 0.101241 -0.118172 3.76266 2.04552 1.02375 1.21315 1.2162 0.367307 -0.220528 -0.15616 
1.66479 0.728865 0.726248 0.0533327 3.37974 2.36402 1.69718 0.978551 1.01925 0.57182 -0.254803 -0.076747 
1.48367 0.651261 0.634824 0.888088 3.31927 1.84611 1.67342 1.16732 0.627149 0.20639 -0.329925 -0.00234384 
1.44167 0.700361 0.376977 0.530384 4.06026 2.17356 1.02771 1.4782 0.798134 0.310668 -0.554087 -0.190499 
1.42806 0.931115 0.257735 0.528531 3.28227 1.88309 1.27098 0.0757942 1.57606 0.542783 -0.0341152 -0.122182 
1.27291 0.572605 0.879576 0.219194 2.61578 1.5143 1.55742 0.331177 0.802488 0.366624 -0.105367 0.00559784 
1.01426 0.531878 0.962054 0.706767 2.03441 1.50832 1.62627 0.473159 0.977265 0.781538 0.156712 -0.104307 
0.914146 0.539065 0.773838 0.453491 2.09751 1.56418 1.57167 0.408559 0.637429 1.32988 0.0483117 -0.141834 
0.922772 0.525479 1.20531 1.05656 2.28189 0.996369 0.505414 0.881261 0.569329 1.98144 0.316836 -0.223652 
0.915055 1.08494 1.07366 0.822387 2.10993 0.619602 0.0220705 0.981841 -0.00892854 2.32171 0.374147 -0.110835 
0.747148 1.09144 0.348315 0.838547 2.55645 0.566082 0.738098 1.59747 1.15119 1.58805 0.27397 -0.227362 
0.725018 1.13377 0.815381 1.18852 1.80348 1.96028 1.71784 1.00361 1.35985 0.579507 0.354841 0.00109272 
0.873196 0.650233 1.33761 0.777004 1.73237 1.73705 1.99636 0.3687 1.04873 1.29765 0.128338 -0.00961363 
0.876925 0.417031 1.48535 0.59181 2.15948 1.72667 1.48191 1.47845 0.477702 1.57711 0.117766 -0.108274 
0.69172 0.470748 1.96913 0.824484 2.44621 1.61905 1.83577 0.618063 1.28848 1.72242 -0.165984 0.0665281 
0.784938 0.319163 1.62977 0.347851 1.88888 2.37826 1.87023 0.917024 1.24414 1.09018 -0.373443 0.0848084 
0.904721 0.245258 1.23 1.20373 1.46042 2.65831 1.7798 1.46319 0.909282 0.865139 -0.405693 0.0802046 
0.736595 0.541274 1.56963 1.06411 1.56452 1.98198 2.66762 0.58903 1.37418 1.02308 0.156643 0.0732047 
0.728442 0.879071 1.44339 0.877147 1.53547 1.53748 2.46659 0.150757 1.02444 1.34239 0.904453 -0.0544303 
0.709883 0.73122 2.00698 1.06874 2.09248 1.28226 1.26754 -0.212948 1.22146 1.12226 0.647235 -0.0159155 
0.751993 0.710155 1.79731 1.00368 1.24358 1.49111 1.5766 0.363818 1.5366 0.729715 0.211821 0.00219235 
0.643148 0.63932 1.60395 0.603852 0.492647 1.93561 1.25821 0.965654 1.10875 1.04324 0.0825968 -0.246455 
0.517453 1.0722 1.98075 0.302713 0.677119 1.85047 1.96251 -0.009396 0.856885 0.825879 0.280521 -0.243061 
0.657893 0.613223 2.16703 0.236409 0.546338 1.99824 1.80934 0.65058 0.60974 1.0236 0.348159 -0.262276 
0.862669 0.355191 2.04362 0.667308 0.349781 1.06789 1.59921 1.16075 0.298662 0.910768 0.685275 -0.269468 
0.844883 0.688699 1.50742 0.805481 0.311121 1.19313 1.89993 1.39108 1.02059 0.404025 0.703072 -0.131423 
0.764655 0.89972 1.49342 1.24259 0.725599 1.37361 1.63224 1.8723 1.65949 0.0321191 0.558085 0.0337603 
0.630066 0.729489 1.59351 1.54466 1.15425 1.71207 1.10348 1.50145 2.12628 0.458988 -0.0178778 0.115046 
0.718593 1.14095 2.05522 1.42871 1.04533 0.86094 0.890149 1.13648 1.67193 0.622681 0.399434 0.139389 
0.734554 1.14882 1.81586 1.24664 1.4179 0.0887219 1.80394 1.37344 1.32557 0.781379 0.971091 0.0305385 
0.758759 1.43701 1.71878 1.19154 1.88272 -0.134401 1.92386 1.1879 0.783928 0.587084 0.426982 0.116955 
0.892122 1.12505 2.19941 1.03792 1.56779 0.367172 1.98691 0.726167 1.16463 0.737328 -0.0461212 0.196533 
0.820525 0.840451 2.38472 0.657293 2.36942 0.753126 0.825882 0.529147 0.876397 0.480613 0.255009 0.155075 
0.71631 0.856594 2.355 1.37721 2.3962 0.685121 1.18088 0.334516 1.65101 0.756837 0.681379 0.110751 
0.652957 1.01503 1.92114 1.16952 2.44938 0.395253 1.72674 0.914094 1.8027 0.685187 -0.0585251 0.290595 
0.598227 0.809824 1.90784 0.76826 2.3616 0.862766 1.77446 1.23815 0.981244 0.442799 0.385397 0.104168 
0.590629 0.759265 2.23465 1.11982 1.12819 0.511186 1.65206 1.05544 0.682513 0.21193 0.397954 -0.0154916 
0.673842 0.913168 2.51977 1.15606 0.0113519 -0.202598 2.01 0.855978 0.784196 1.24635 -0.0234817 -0.033445 
0.645162 0.814704 2.1406 1.12533 0.919514 0.131147 1.65309 0.939709 0.857936 0.602898 0.415309 0.018368 
0.607161 0.597613 1.81814 0.540099 1.64253 -0.18192 1.57316 0.608851 0.989999 0.684619 0.456043 0.0180862 
0.598714 0.789164 2.1957 0.0110904 1.60728 0.250507 1.96742 1.2803 1.17206 1.01204 0.446503 -0.0389971 
0.591038 1.29167 1.47877 0.667453 1.3655 0.102501 1.51841 1.60436 0.866588 0.391307 0.440902 -0.0484952 
0.627728 0.773799 1.564 1.09337 0.980552 0.0270354 1.67694 1.14791 0.443796 0.422739 0.528118 -0.143763 
0.558817 0.709701 2.26025 0.617368 1.14544 0.0786509 2.12584 2.13107 0.985586 0.60733 0.469209 0.012249 
0.550038 0.875864 2.42169 1.14831 1.01098 0.816786 1.88665 1.73991 1.13015 0.276258 0.876602 0.00294479 
0.563513 0.954992 2.65881 0.660264 1.55412 0.877574 2.06801 1.6071 0.870223 0.677416 0.456429 0.0808333 
0.470466 0.967976 2.36555 1.35633 0.838192 0.666309 2.29346 1.65674 0.983961 0.484394 0.50186 0.104779 
0.567105 0.860398 2.536 1.43169 0.353336 1.22077 2.19344 1.07047 1.58983 0.352649 0.535434 0.0965964 
