0.353979 0.666858 1.24805 1.36843 0.814129 0.467804 1.11412 0.98612 0.286895 0.281664 -0.175858 0.0973937 
0.395533 0.674794 1.43929 0.836309 0.892728 1.69756 -0.203478 0.827333 0.829193 0.325276 0.339895 -0.191156 
0.30037 0.645538 1.08861 1.38001 0.974416 1.8514 0.0862529 -0.0797751 1.20645 0.109927 -0.0607793 0.0586491 
0.329483 0.679292 0.890092 1.30728 1.12271 0.778243 0.968483 -0.252971 0.44447 0.772789 -0.350734 -0.0637039 
0.41463 0.602864 1.30085 0.725329 0.8836 0.420004 0.364719 0.0820534 0.451498 0.27521 -0.497793 -0.202787 
0.405067 0.943245 1.69163 1.14434 0.984733 0.555599 0.614311 0.562909 0.688999 0.194848 0.172219 -0.121594 
0.393076 0.698608 1.12384 1.00621 0.547284 1.09478 0.743514 0.44891 0.371375 -0.310392 0.258291 0.035847 
0.40626 0.6094 1.44985 0.636815 0.519887 1.46815 1.20792 0.429827 0.4265 -0.542473 0.179098 0.0355184 
0.24983 0.572422 0.541997 1.28137 0.779354 1.64199 1.42988 0.56573 0.34498 0.121608 -0.0171569 0.079975 
0.236427 0.688714 0.492622 0.961299 1.28595 0.464357 1.10518 1.53423 0.306831 0.248021 0.00522554 0.057398 
0.268843 0.850384 1.68854 0.819915 1.13399 1.16914 1.61152 1.23534 0.51842 0.419417 -0.20866 0.212499 
0.583079 0.537059 1.62708 0.908886 0.975412 1.28025 0.994469 0.566917 0.585245 -0.0946081 0.163242 0.011956 
0.72348 0.9667 1.48929 0.724608 0.641449 1.04862 1.03277 0.614729 0.426659 0.734359 0.24845 0.0265349 
1.04102 0.511062 -0.427318 -0.283502 1.2492 1.30157 1.77259 0.231336 1.11425 1.18767 0.6539 -0.13435 
1.52274 0.309814 -2.11129 -0.17586 1.74015 -0.10106 1.55203 -0.628617 1.42497 0.622164 0.490597 -0.308526 
1.46766 0.00785395 -1.12261 0.351237 1.90117 0.392896 1.26787 -0.0137948 2.06229 0.941308 0.72684 -0.221532 
1.49264 0.63529 0.363365 0.806144 2.15563 0.109448 0.988379 0.526148 1.51573 1.08353 0.598347 -0.0151438 
2.15182 1.393 -0.0704855 0.235299 1.58531 0.622831 0.0271056 0.189614 1.53309 1.4666 0.487043 -0.212581 
2.48305 1.54062 -0.450799 0.314632 2.25618 -0.0107934 0.152293 0.28804 1.58782 1.47244 0.375229 -0.169122 
2.48862 1.82516 0.161748 0.321317 1.85074 0.679526 0.209546 0.3246 2.07646 0.994869 0.170005 -0.285537 
2.41502 2.19315 0.714042 0.0157049 2.10066 0.182874 0.0968395 0.131142 1.89373 0.836111 0.245703 -0.139933 
2.32657 2.36832 0.793394 0.486015 1.33859 -0.26749 0.00232395 0.529981 1.43975 0.425579 0.188471 -0.0461803 
2.25461 2.74321 1.43598 0.251424 1.16489 -0.285142 0.380883 0.755296 0.92619 0.436314 0.193521 0.00307132 
2.1257 2.70529 1.99412 1.0961 1.40029 -0.666375 0.683131 0.874163 0.867801 0.577225 0.107106 0.0403549 
2.11933 2.65052 1.00356 1.64498 2.35749 0.355381 0.481159 0.0193206 1.86134 0.736179 0.138185 -0.220828 
2.12747 2.73339 0.539504 1.60634 2.86777 0.607253 0.149466 -0.360207 2.33285 0.333481 0.224779 -0.448769 
2.12597 2.70002 1.07147 0.969506 3.19351 0.295529 0.372536 -0.107343 1.93115 0.493863 0.103064 -0.263567 
1.99231 2.92785 1.61213 1.70818 2.83966 -0.0688241 0.754747 0.0695506 2.11543 0.0864317 0.0510866 -0.182621 
2.01901 2.81254 2.60902 1.91655 2.25461 0.302964 0.855151 0.542244 1.19043 -0.17639 -0.0147767 -0.0415575 
2.00243 2.67235 2.29131 2.20811 2.68612 0.460291 0.640808 0.0581513 1.14603 0.0262347 -0.0649873 -0.0712348 
1.92887 3.06835 2.01861 1.89206 3.53093 0.447543 -0.225947 -0.257208 1.41755 0.132845 0.0496549 -0.240625 
2.09796 2.94002 1.77401 2.16953 3.45355 0.331092 0.175137 -0.345646 1.79036 0.152519 -0.00999272 -0.245878 
2.05348 3.15457 2.01095 2.46344 3.21943 -0.0938164 1.60457 -0.0261219 0.910649 0.0814858 -0.143872 0.00335926 
1.87395 2.9212 2.47056 2.25219 3.3536 0.417094 1.47792 -0.113434 1.21694 -0.245521 -0.0623321 -0.0387908 
1.79071 3.09691 2.78598 2.05166 2.71706 0.380841 1.72111 -0.116264 0.952352 -0.211692 -0.0236003 -0.00596257 
1.75676 2.95179 2.57333 2.27388 2.61781 0.283678 1.79296 0.0688209 0.707742 -0.371571 0.024822 -0.0230058 
1.80179 2.98979 2.60322 2.29316 3.31085 0.253889 0.919718 -0.529957 1.24528 -0.101761 -0.0212634 -0.0164744 
1.89983 3.07132 2.48764 1.23917 4.03545 -0.130345 0.914051 0.301641 1.40194 -0.393615 0.0420101 -0.0423185 
1.71153 2.83209 2.79325 1.85746 2.6199 0.484938 0.698955 0.298823 0.826195 0.187748 0.0264786 0.0291478 
1.71575 3.24078 2.53496 2.11432 3.15034 0.367397 1.28702 -0.0774608 0.613325 -0.206344 0.0114631 -0.0318344 
1.71174 3.29859 2.49795 1.97296 3.9221 -0.121786 1.48037 0.323305 0.33958 -0.356559 -0.106127 -0.0452736 
1.62316 3.30072 2.58597 1.37937 4.38131 -0.797164 1.3625 0.8165 0.623642 -0.523115 -0.0347932 -0.113156 
1.6578 3.40379 3.20093 1.57403 3.14607 -0.174496 1.71521 0.995285 0.673029 -0.886043 0.295509 -0.163741 
1.71553 3.42143 2.91131 1.93151 3.78246 0.325984 0.710027 -0.0264815 0.872667 -0.513541 0.116218 -0.129536 
1.63832 3.30194 2.59294 2.49012 3.62762 0.0840403 1.46621 -0.65202 0.868019 -0.159113 -0.105853 -0.0089367 
1.7189 3.31794 2.60203 2.07645 3.26979 0.196754 2.14639 0.220812 0.377265 -0.343773 -0.0644307 -0.00894245 
1.6926 3.13204 3.22962 1.97675 3.00229 1.10285 1.41457 0.301259 0.363262 0.0627252 -0.044301 -0.0195805 
1.63058 3.34257 2.91743 2.34567 3.14983 0.171542 1.22631 0.216469 0.565349 -0.139052 0.0044738 -0.00779177 
1.7161 3.0428 3.20528 2.26262 3.31869 0.235566 1.29789 -0.0340774 0.175723 -0.313125 -0.120913 -0.0354693 
1.64536 2.88989 3.13689 2.37636 2.77258 0.773643 1.26147 -0.0576945 0.115196 -0.366786 -0.0461917 -0.103589 
1.71759 3.40961 3.02083 2.34924 3.67185 -0.00030552 1.24456 0.157108 0.18043 -0.774929 -0.115686 -0.185591 
1.7016 3.05607 3.00339 2.01656 3.27057 0.53162 1.65757 0.587166 0.105348 -0.274268 -0.0787448 -0.0813717 
1.53628 2.7046 2.80157 1.90962 2.25213 1.97678 1.49125 1.09036 0.0455737 -0.301408 0.0470397 -0.144426 
1.61009 2.80245 2.80639 1.95639 2.67508 0.481791 1.83901 1.63074 0.018366 -0.198939 0.0582281 -0.070585 
1.60825 2.46486 2.93294 2.50392 2.94917 0.436768 1.27988 0.26105 0.9143 -0.268756 0.142701 0.0876363 
1.64426 2.0989 2.84207 1.9509 3.10471 0.95023 2.14066 0.883032 0.692955 -0.0321337 0.279757 0.213215 
1.68651 2.22278 3.23692 1.63914 3.41076 1.11149 1.55287 0.443352 0.98598 -0.133577 0.112826 0.181062 
1.54616 2.33235 2.88858 1.68556 2.35251 1.63215 2.0001 1.21657 1.14591 0.0239521 0.219151 0.0928667 
1.4343 2.20493 2.72948 2.10042 2.46123 1.70729 1.50709 1.11911 1.04317 0.379086 0.100275 0.102367 
1.57545 2.27816 3.35853 1.7991 2.11987 1.68282 1.80545 0.0798458 -0.201335 0.640645 0.14756 0.0596611 
1.62695 2.04938 3.37432 2.0687 3.18626 1.44874 1.69543 -0.0800173 0.114041 0.318303 0.304245 0.156973 
1.50022 2.50538 3.11857 1.85046 3.07996 1.47095 1.53318 0.436254 0.146647 0.424363 0.252596 0.111073 
1.46712 2.58458 2.96717 1.71807 2.64336 1.73504 1.12711 0.3472 0.216085 0.346595 0.363277 0.129533 
1.59663 2.35202 3.15866 1.93137 2.28829 1.49714 1.32659 -0.0870225 0.446861 -0.121143 0.312022 0.120083 
1.42625 2.12343 3.36307 2.28716 2.73139 1.34257 1.7182 0.202233 0.83939 0.150943 0.414612 0.190299 
1.41502 2.2689 3.22702 2.27247 2.38297 1.24372 2.15885 1.38002 0.451923 -0.254043 0.716529 0.118392 
1.43214 2.10557 3.19684 2.83535 1.90235 1.51944 1.8244 0.600499 0.814951 -0.607997 0.776993 0.141433 
1.47132 1.97333 2.7353 2.31342 2.20194 0.823235 1.967 0.755857 1.46663 0.0935123 0.367674 0.251526 
1.44354 1.94313 2.5224 1.44445 2.60511 1.16181 1.64766 1.25549 1.45784 0.151971 0.490851 0.269392 
1.41847 2.20524 2.86242 1.36765 2.73359 2.18548 1.00867 0.974307 1.3744 0.681914 0.0430233 0.161086 
1.39283 2.15309 2.99193 1.45788 2.44373 2.17788 1.23245 1.2439 1.09125 0.57347 0.092122 0.140765 
1.49922 1.95625 3.35799 1.67104 2.24761 1.62258 2.01777 1.88176 1.39758 -0.0487215 0.380874 0.214418 
1.45244 1.6953 2.74056 2.11032 2.62887 1.68441 1.47877 1.90144 1.23361 0.19428 0.565824 0.288731 
1.37684 2.22869 2.80144 1.81603 2.06344 1.65867 1.99842 1.41943 0.891605 0.539781 0.560716 0.233654 
1.32048 2.15744 3.01712 2.23615 2.43713 1.33015 2.76498 1.71682 0.739828 0.435146 0.509065 0.217364 
1.26854 1.75473 2.69327 2.20015 2.58129 1.58625 1.76527 1.59101 0.593356 0.752301 0.503509 0.227336 
1.25761 1.89174 2.39476 2.12447 1.90386 1.92609 2.19634 0.600492 0.376004 0.61911 0.849636 0.228921 
1.24689 1.70137 2.40773 1.92319 2.36483 1.16957 2.07848 1.11026 1.16505 0.523195 0.391896 0.257448 
1.29551 1.59719 2.57209 1.4318 2.71747 0.735721 1.44866 2.0004 0.619956 0.574312 0.404731 0.188769 
1.27248 1.77247 2.68162 1.40183 2.97238 0.17803 1.35091 1.87221 0.962496 -0.246325 0.539016 0.218438 
1.1661 1.75464 2.21376 1.46905 2.26653 0.756183 1.39252 1.20862 0.765695 0.0755866 0.616315 0.155321 
1.073 1.77988 2.09113 1.51985 2.28236 0.671651 1.62409 0.312888 0.544718 0.633266 0.55239 0.151865 
1.06075 1.7058 2.59595 1.31127 1.72122 1.32518 1.87248 0.848858 0.807857 0.517722 0.401546 0.143603 
1.1423 1.73511 1.89538 1.80443 1.262 1.24336 1.28012 0.849686 0.987494 0.35653 1.16628 0.204321 
1.21492 1.35218 1.91662 2.01481 1.62651 1.76214 1.8082 0.790605 0.878411 0.674447 0.481161 0.184459 
1.12168 1.59273 2.12073 1.16411 2.25162 1.51013 1.36483 0.683086 1.17396 0.232109 0.210075 0.168645 
1.1302 1.77826 2.62729 1.64492 1.46266 1.16226 1.10713 0.625693 1.0879 0.729437 0.620824 0.238507 
1.23908 1.86705 2.61603 1.69495 2.4376 1.18058 1.1949 0.804307 1.30158 1.01461 0.438228 0.296573 
1.14074 1.86983 3.18386 1.47925 2.77665 1.08494 1.42645 0.411602 1.18988 0.72261 0.450927 0.319303 
1.23858 1.73793 3.06172 2.06538 2.66421 0.863312 1.63604 0.390246 0.454705 0.711361 0.413345 0.172584 
1.31596 1.72882 3.28224 1.72321 2.41801 0.809935 1.23803 0.551808 0.903953 0.804384 0.141663 0.222808 
1.1328 1.86002 2.33688 1.34399 2.63164 1.13953 1.15273 0.642976 0.756141 1.09362 0.352597 0.221697 
1.12849 1.43892 2.44077 1.48501 2.26391 0.738196 1.9149 0.965513 1.17187 0.72556 0.385569 0.264541 
1.0317 1.65278 2.41761 1.39889 2.12025 1.12661 1.38646 1.09104 0.937423 0.402297 1.13606 0.200708 
1.14965 1.55478 2.43891 1.92539 2.14568 0.717029 1.28469 1.36421 1.27594 0.0870741 0.781372 0.274515 
1.17628 1.37593 2.87314 1.49352 1.46395 0.618019 1.8228 1.00845 0.820602 0.704883 0.376642 0.197544 
1.10737 1.47218 2.39317 0.99166 1.75889 1.10389 0.925693 1.19933 0.907272 0.78502 0.101443 0.120988 
1.11809 1.14913 2.30307 1.32859 1.88438 1.08824 1.51604 1.09476 0.999976 1.39331 0.0903353 0.137107 
1.04086 1.16144 2.21141 1.47365 2.07211 0.814021 2.15621 0.86091 0.93967 0.457361 0.910891 0.233747 
1.05172 1.46802 1.93589 1.63286 2.27464 0.765083 1.5653 1.09976 1.36753 0.114015 0.807792 0.209721 
1.08648 1.66803 1.77691 1.63036 1.30584 1.07318 2.63284 1.01263 0.831761 1.02856 0.449286 0.187454 
1.04946 1.91661 2.02377 1.77905 1.2093 0.729109 2.05523 1.33139 1.03903 0.851085 0.658063 0.221969 
1.07028 1.69199 2.38677 2.20196 2.38165 1.72136 1.55299 0.862817 1.27315 0.435599 0.413393 0.22172 
0.992357 1.45788 2.27988 1.19318 2.53344 1.61311 1.86411 0.80287 1.46915 0.48827 0.585489 0.282611 
0.921609 1.7502 2.23315 0.780527 2.36723 1.62593 2.27147 1.06077 1.21882 0.383881 0.556248 0.24857 
0.970161 1.58416 2.66479 0.54744 1.85807 0.624802 1.77556 0.834478 1.49551 0.388757 0.860575 0.285676 
1.01762 1.2967 2.40383 0.746813 1.32305 0.558063 1.04586 1.53057 1.063 0.704755 0.650566 0.147083 
0.926464 1.59597 1.62779 1.75025 1.49638 0.900984 1.23876 1.58528 0.613044 0.743288 0.48833 0.157109 
0.890198 1.47739 1.77097 2.10344 2.1036 1.93775 1.82711 0.290205 1.05253 0.19791 -0.342997 0.203576 
0.950561 1.0707 1.43014 1.06388 1.91745 1.25396 2.50856 0.299245 1.84289 0.247372 0.395772 0.159473 
0.916444 1.36231 1.58651 0.59958 1.9628 0.672947 1.5197 1.37293 1.35036 0.959136 0.541844 0.116412 
0.828111 1.25421 1.81818 0.986844 1.05061 0.563001 1.04449 1.41931 0.789932 0.451033 0.25658 0.0912165 
0.794205 1.23077 1.87846 1.47161 0.761444 0.695537 1.01948 0.993872 0.557803 0.430492 0.11304 -0.0395556 
0.819158 1.5094 2.02529 1.80788 1.61463 1.1396 0.609166 0.395209 1.07096 0.667693 0.0532878 0.104277 
0.743565 1.39035 2.30608 2.00785 2.13714 0.740518 0.476012 0.908307 0.825877 0.0739767 0.0568851 0.0724186 
0.693509 1.4691 1.55696 1.70136 1.53272 0.653326 0.096345 1.09277 1.00355 0.254013 0.202297 0.0219355 
0.804042 1.4129 1.06795 1.27513 1.04713 1.08845 1.52582 0.66971 1.2885 0.578169 0.24077 0.0630264 
0.953531 1.61499 1.77927 1.17135 1.15199 0.790223 0.941902 0.966358 1.64222 0.200252 0.228743 0.151878 
0.85729 1.37691 2.08205 1.61372 0.620413 0.420449 1.18621 1.4522 1.45595 0.676773 0.208879 0.242671 
0.938761 1.41655 2.31668 1.99599 1.71379 0.0478403 0.393478 1.22281 0.55006 0.623603 0.246637 0.163361 
0.731675 1.57283 2.02416 1.24589 2.07776 0.710545 1.1848 0.790961 1.09602 1.01802 0.350212 0.166138 
0.747327 1.40033 1.57603 0.710272 1.82239 1.43553 1.1593 0.88188 0.883811 0.778883 0.14219 0.119032 
0.717385 1.1481 1.6251 1.39155 1.19509 0.612814 1.63575 0.459542 0.598022 0.309257 0.0634067 0.0362686 
0.774029 1.16817 1.87198 1.28767 0.800813 1.0742 1.73386 1.16853 0.736853 0.567606 0.315562 0.076156 
0.732019 1.4338 1.96268 0.771454 1.05601 1.73035 1.26171 0.585685 0.940837 1.08025 0.714879 0.0729121 
0.703907 1.17212 2.24125 1.56634 0.680422 0.977722 0.284688 0.120513 1.6664 0.466872 0.553491 0.109222 
0.723196 1.15234 1.62365 1.20541 1.41545 0.894468 0.894127 0.28531 0.72788 0.740435 0.316388 0.0454759 
