0.337809 0.705351 1.16832 0.278291 0.635506 0.684845 1.14634 0.102736 -0.0516372 0.57661 0.955683 -0.295616 
0.419832 0.781961 0.639684 0.729033 0.974258 0.459061 0.5528 1.0457 0.21895 0.199049 1.05044 -0.22982 
0.560733 0.869802 1.44717 1.38297 -0.0143587 0.0591718 0.266984 0.993524 0.91522 0.894579 0.850457 -0.0874062 
0.481469 0.603669 0.997178 0.415515 -0.0511353 -0.463829 0.128517 0.190413 1.28955 0.611856 1.09626 -0.122773 
0.390771 0.339188 0.918596 0.37015 -0.158737 0.0489499 0.245984 -0.274857 0.654044 -0.136704 0.991357 0.0360124 
0.501853 0.026631 0.523108 0.895784 0.867713 1.12545 0.0589874 0.761289 -0.749446 -0.0969923 0.732177 0.152094 
0.530198 0.503364 0.438577 1.03783 1.36102 0.750517 0.968694 0.519622 -0.552386 -0.503739 0.886721 0.0184441 
0.637117 1.03183 0.815556 1.25258 0.440066 0.223897 1.31086 0.636417 0.508098 -0.0754502 0.807393 -0.0808274 
0.970208 1.28663 0.942939 1.22481 0.314026 -0.892969 0.260339 -0.0898082 0.140638 -0.33091 0.266258 -0.167884 
1.1083 1.40971 1.05791 0.266994 0.931443 0.194332 0.220555 -0.254144 -0.169984 -0.754867 0.0130772 -0.203826 
1.15201 1.45185 1.40851 1.08704 1.06265 0.663782 0.225705 -0.52002 -0.417155 -0.656249 -0.0556656 -0.148002 
1.61002 2.18393 1.82112 1.39934 0.866083 0.287488 -0.349732 -1.12418 -1.2397 -1.14472 -0.221304 -0.283918 
2.44021 2.81301 0.629427 0.638511 1.74104 0.225806 -1.15829 -1.99771 -0.748821 -1.19831 -0.354455 -0.349621 
2.4894 1.86814 0.0183925 1.31531 1.58838 -0.242643 -0.829521 -2.50829 -0.236158 -1.50677 -0.512123 -0.292898 
2.62288 1.13015 -0.822761 1.71827 1.4436 -0.112803 -0.753665 -2.86 -0.1453 -1.12457 -0.389801 -0.338792 
2.58114 1.19373 -0.849661 1.3142 1.45386 -0.0200524 -1.57205 -2.58387 -0.441971 -1.00551 -0.38436 -0.205123 
2.97969 1.12874 -1.35735 1.30883 1.25851 -0.590705 -1.24565 -2.98684 -0.676136 -0.806687 -0.132743 -0.150004 
2.98283 1.0834 -1.15069 0.704467 2.0057 -1.14048 -1.85542 -2.72864 -0.650069 -0.567228 -0.339553 -0.0550191 
2.93702 1.11284 -0.85205 -0.0162409 1.7734 -0.574843 -2.05927 -2.17824 -0.885176 -0.577451 -0.383947 -0.0901128 
2.76793 1.36611 -1.06973 -0.321981 1.28968 -0.447555 -1.98212 -1.76249 -0.691604 -0.505346 -0.329377 -0.161837 
2.94526 1.26607 -1.31386 -0.305483 0.584186 -0.797722 -1.72641 -1.98057 -0.210924 -0.385173 -0.413402 -0.29675 
3.09497 1.31035 -1.58448 -0.391469 0.567736 -1.16501 -1.43282 -2.06115 0.0269879 -0.148909 -0.303483 -0.350211 
2.8485 1.47306 -1.20911 -0.674799 0.72309 -0.829575 -1.72929 -1.13718 0.178659 0.178221 -0.23509 -0.372606 
2.76361 1.32772 -1.34634 -0.917205 0.596899 -0.711693 -1.24844 -0.908582 0.805052 0.3588 -0.188127 -0.440466 
2.66106 1.47859 -1.09422 -1.01327 0.233046 -0.343959 -1.06192 -0.801547 1.14746 0.374908 -0.116667 -0.485739 
2.77099 1.11856 -1.34094 -0.917152 0.117988 -0.154429 -0.481703 -0.637428 1.52429 0.430461 -0.367865 -0.652993 
2.92401 0.703641 -1.13632 -0.424436 -0.129962 -0.33074 0.551098 -0.835735 1.44189 0.639529 -0.48159 -0.803868 
2.85748 0.937242 -1.30261 -0.272948 0.118846 0.473829 0.582711 -0.0788691 1.37431 0.418125 -0.507606 -0.782533 
2.63099 0.924614 -1.70601 -0.683286 1.21994 0.914367 1.03956 0.470221 1.3944 0.201706 -0.478975 -0.607699 
2.78961 0.318696 -1.60369 -0.0892782 1.27064 0.803131 1.68659 -0.147514 1.20596 0.290687 -0.321376 -0.440932 
2.84788 0.877208 -2.43859 -0.0627671 3.36676 -0.316813 1.68272 -0.127061 1.25583 0.144692 -0.578675 -0.206642 
2.62468 0.919665 -2.14325 0.729417 3.80142 0.141676 0.850508 -0.662251 0.71646 0.128534 -0.337641 -0.137029 
2.63826 0.317601 -1.46109 1.0545 2.85997 0.805673 1.02525 -1.00673 0.711873 0.231177 -0.0128166 -0.211886 
2.57019 0.537939 -1.42325 0.989278 2.75083 0.511879 1.01971 -0.926357 0.802986 0.114244 0.0217645 -0.136886 
2.45952 0.532619 -1.58405 0.526169 3.55232 0.612031 0.4329 -0.748441 0.701545 0.406609 0.0158991 -0.0656394 
2.54011 0.322133 -1.61535 0.961661 4.16007 1.29256 0.23684 -0.953899 0.311122 0.4397 0.0577854 -0.098857 
2.40935 -0.035016 -1.33461 0.876429 3.81065 1.3975 0.35813 -0.357889 0.39676 0.235346 -0.127682 -0.13558 
2.31868 0.279853 -1.10016 0.965192 4.59252 0.890371 0.246703 0.13741 0.0874997 0.221317 -0.388433 -0.10983 
2.35681 0.507761 -1.24015 1.11949 4.7663 0.63849 0.692065 0.219922 0.140922 0.134658 -0.634631 -0.0965699 
2.4163 0.605162 -1.40884 1.08921 4.28519 0.886209 0.765197 0.511534 0.331887 0.048643 -0.643796 -0.173851 
2.29024 0.753198 -0.838365 0.649055 4.03297 1.05641 1.09481 0.100274 0.332335 0.259704 -0.480947 -0.258778 
2.34217 0.797053 -1.21506 0.170591 3.6642 1.49649 1.0465 -0.0374892 0.3841 0.175797 -0.308492 -0.243181 
2.22465 0.273152 -0.23248 1.03665 3.01968 1.50416 1.66767 -0.429713 0.139113 -0.117617 -0.168976 -0.012201 
2.2881 0.487981 -0.357909 0.942514 2.41407 1.03185 0.961193 -0.798859 0.58163 -0.0400996 0.120318 0.117116 
2.33628 0.589904 -0.425683 0.971085 2.18422 0.659282 1.51965 -0.102251 0.281893 0.175162 0.133088 -0.027619 
2.23468 0.441719 -0.0573782 1.403 2.24951 0.696712 1.54093 -0.674864 0.251592 -0.0616351 0.132286 0.0756386 
2.24828 0.819795 0.0359248 0.91132 2.57795 1.01934 0.863873 -0.437239 0.132556 0.104941 0.198574 0.0849571 
2.18408 1.21661 -0.131219 0.395471 2.79764 1.639 1.01041 -0.10286 0.121189 0.00843209 0.0458397 -0.0316486 
2.10563 1.17019 0.332404 0.697449 2.08092 1.64462 2.21954 -0.615813 0.118958 0.226263 -0.0237803 -0.11809 
2.19237 0.96197 0.266725 0.703678 2.61264 1.1955 0.906836 0.141203 0.659474 0.12269 -0.225163 -0.193774 
2.18223 1.09053 -0.0564663 1.13553 3.75695 1.06713 0.345441 -0.091428 0.187141 -0.023394 -0.177309 -0.0802955 
1.98986 1.34738 -0.168669 0.797368 2.97132 1.27903 0.7511 -0.625109 0.366982 -0.22892 0.16274 -0.00575505 
1.99181 1.1078 -0.230137 0.428212 2.90443 1.7752 -0.131925 0.119691 0.679661 -0.307586 0.0426934 -0.123425 
2.0349 1.10868 0.251024 0.426527 2.1367 1.91641 0.175368 0.320331 1.10544 0.202395 -0.13771 -0.274897 
1.90129 0.822123 0.495614 0.437995 1.87861 1.08502 0.703898 0.135338 1.252 0.36164 -0.0387425 -0.125401 
1.82516 0.777887 0.146758 0.703266 2.24834 -0.0339525 0.333967 0.363864 1.597 0.573797 -0.271031 -0.282814 
1.75843 0.422267 0.308897 0.682515 1.77315 0.505946 0.800978 0.158806 0.911367 -0.0871743 -0.503736 -0.213867 
1.5347 0.334467 0.302471 0.883065 2.25715 0.849922 0.766098 0.536872 0.76613 -0.440836 -0.894732 -0.261912 
1.7005 0.175985 0.664398 0.759558 2.23053 -0.0683526 0.2702 0.918502 0.923839 0.331846 -0.456291 -0.241438 
1.55382 0.457338 0.618998 0.361166 2.52749 0.897986 1.45258 0.481712 0.822342 -0.153794 -0.385765 0.0184604 
1.50531 0.386657 0.25037 0.919202 2.15806 0.647238 1.68474 0.765596 1.57471 0.14175 -0.491651 -0.0644429 
1.46833 0.578766 0.797369 0.558762 2.48348 0.61474 0.94039 1.47586 1.19217 0.113895 -0.722538 -0.118707 
1.61561 0.578625 1.08133 0.448414 1.95354 0.411322 0.991496 0.614233 1.46526 0.13447 -0.325534 0.0946895 
1.65655 0.425116 0.862073 0.766205 1.85224 1.47285 1.43149 0.364714 2.20479 -0.15712 -0.0252237 0.296037 
1.44577 0.716973 1.20823 0.498247 2.13444 1.21568 1.54834 1.03161 1.67582 0.170818 0.205093 0.212149 
1.35464 0.894578 1.25998 0.523877 1.78676 1.41801 2.97142 0.817528 0.761313 0.765272 -0.450025 0.0116122 
1.3581 0.839551 1.84949 1.58002 1.34786 1.09656 2.10216 0.858399 1.22723 0.423288 -0.0875521 0.0860264 
1.42594 1.1433 1.29212 0.813827 2.27157 1.90956 1.25794 1.06728 0.885186 0.320039 0.176035 0.0829129 
1.4691 1.13859 1.3144 0.77927 1.78317 1.39587 1.34285 -0.168829 0.665441 -0.0222852 0.700611 0.249024 
1.47115 0.991193 1.80444 0.425345 1.007 1.0533 2.42039 0.246972 0.376386 0.606337 0.221347 0.0564549 
1.33351 1.08986 2.15735 0.60062 1.49815 0.66625 1.27287 1.24129 0.752249 0.638709 0.267498 0.0630753 
1.22682 1.28545 1.88258 0.928695 1.69344 0.970568 2.05794 1.12881 0.228181 0.159259 0.489694 0.105822 
1.23371 1.06295 1.92528 0.973638 1.34792 1.27031 2.17392 -0.184859 0.0177166 0.504122 0.483435 0.0489938 
1.27132 0.844941 2.05229 1.18116 0.816025 1.51762 2.25555 -0.0914844 0.711585 0.328012 0.0141843 -0.0164121 
1.14274 1.54474 1.8879 0.478233 -0.337686 0.663783 2.45337 0.262759 0.952904 0.478554 0.455222 -0.126289 
1.12735 1.24623 1.86443 0.930573 0.641491 0.7338 2.01744 -0.125958 0.626408 1.35525 0.403416 0.0198731 
1.26364 0.704743 1.69452 0.986685 1.09888 0.801688 2.21809 0.393878 0.627267 0.839233 0.682001 0.107986 
1.10189 0.799076 1.85509 0.444186 0.902847 1.56726 1.83947 0.287471 1.10182 0.703226 0.598344 0.0926083 
1.15426 0.863049 1.99596 0.310851 0.636356 0.791108 1.38661 0.76786 1.52806 1.09866 0.340657 0.0256504 
1.24591 0.919929 2.17143 0.00912924 0.362633 0.144659 1.41298 1.11164 0.895606 1.22492 0.254404 -0.0678273 
1.16953 1.05332 1.74562 0.582124 1.14931 0.134111 0.76822 0.641434 1.44425 0.915672 0.298562 0.0604229 
1.14375 1.03835 1.80396 0.778161 1.23321 1.02594 1.98875 0.369622 0.682264 0.603684 0.279436 0.0744753 
0.976968 1.29688 1.4619 -0.0155297 1.93322 0.968889 2.21649 1.53131 1.10398 0.359633 0.715969 0.0410313 
0.98002 0.982468 1.15186 1.20668 2.74911 0.0946664 0.188549 1.16965 2.75894 0.585836 0.160224 -0.0484674 
0.964978 0.930487 1.12416 1.56196 2.98836 1.0384 0.318577 0.741272 2.63351 -0.167649 0.0891326 0.00703972 
0.941917 1.07716 1.25922 1.34856 2.44675 0.750875 1.12393 0.25393 3.24802 0.138839 0.181964 0.080341 
0.877851 1.33064 1.19884 1.29792 1.89016 0.0756222 1.65468 -0.128995 3.33901 0.66752 0.324353 0.0784338 
0.797044 1.46017 1.41406 0.997769 2.38139 0.110653 1.2114 0.443927 2.58235 0.394962 0.32829 0.132026 
0.842248 1.25745 1.25729 1.3829 2.85772 -0.00661837 1.02873 0.549294 2.96799 0.475827 0.0404329 0.102522 
0.879993 1.16902 1.49909 2.06181 2.30596 -0.481935 0.773897 0.193562 2.78445 0.558615 0.0747984 0.0933752 
0.850156 1.07466 1.54769 2.4176 2.03395 -1.14664 0.134132 -0.407757 2.83455 0.34076 0.268326 0.063671 
0.780963 1.29273 2.15471 2.0347 2.3948 -0.549847 0.390809 -0.48692 2.90528 0.126503 0.0268846 0.17926 
0.712139 1.07192 1.64088 0.980009 2.39425 -0.293795 0.855904 0.100703 2.70867 -0.132532 -0.040904 0.109433 
0.719282 1.09042 1.35223 1.04165 2.59742 -0.411455 0.112978 0.00770518 2.93508 -0.210336 0.0834307 -0.121561 
0.692674 0.92089 1.25633 1.6883 2.51773 -0.335063 1.41863 0.623309 2.64925 0.611538 0.494859 0.0153271 
0.611689 0.909556 1.4616 1.72942 2.74632 0.173157 2.27091 0.725325 2.51376 -0.0528119 0.654576 0.158709 
0.638462 1.2183 1.96093 0.694041 1.57412 0.365773 1.84266 0.898918 3.02109 0.097059 0.871888 0.160412 
0.826297 1.07887 1.90749 0.164183 1.46621 0.863006 2.03198 0.138619 2.5305 0.183058 0.874475 0.202463 
0.831732 1.49384 1.40675 0.971304 2.14677 0.166504 1.36454 0.201446 2.99499 0.418921 0.573451 0.147612 
0.756409 1.486 1.59265 1.05162 2.27209 -0.31621 1.21606 0.114743 2.36764 0.410871 0.332041 0.158007 
0.750813 1.17852 1.52213 1.02425 1.92985 -0.491506 0.785323 0.172516 2.73175 0.520524 0.468174 0.0315452 
0.716103 1.1517 1.45296 1.19969 2.36602 0.235212 1.48291 0.419808 2.1847 0.318986 0.415394 0.0455351 
0.62014 1.54664 1.7407 0.626879 2.28471 0.189347 1.66359 0.369876 2.33486 0.329322 0.408625 0.123394 
0.626119 1.8403 1.72124 0.680231 2.13449 0.949841 1.11839 -0.579296 2.55727 -0.227348 0.178039 0.176921 
0.723381 1.47078 1.11677 -0.0507983 1.4371 -0.0642834 0.996891 -0.027778 2.19812 -0.390173 0.467189 0.113182 
0.728742 0.873562 1.29257 1.21578 1.8287 -0.745553 1.68256 0.0435927 2.12695 0.68397 0.925283 0.00562314 
0.666894 0.849552 1.72438 1.63792 1.39537 0.124572 2.07199 0.378039 2.07047 0.782507 0.570381 -0.0100195 
0.583034 0.867914 1.50063 0.936488 2.25301 0.477614 0.548949 1.62873 1.78681 0.987898 0.274246 -0.136898 
0.479391 0.904545 1.44381 1.30064 2.2199 0.217505 0.619203 1.19617 1.49748 0.79618 0.449999 -0.101719 
