0.400086 0.603974 1.60382 1.01664 1.33851 1.00423 0.754427 0.260625 0.344096 0.16381 0.3509 -0.0668593 
0.528032 0.825014 1.04 0.746397 1.36678 1.33006 0.167444 0.937274 0.492091 -0.0547785 0.582972 0.00199098 
0.419659 0.819286 1.10518 0.71094 1.23603 0.537673 0.441894 1.29969 0.5405 0.006971 0.45511 0.0252279 
0.410192 0.831775 1.16664 0.986753 0.771256 0.606733 0.710401 1.1013 0.540336 0.609293 0.353497 0.0249241 
0.575541 0.921121 1.02709 1.12386 1.32793 0.825424 0.943573 1.20047 0.415387 0.28604 0.132412 0.114582 
0.49638 1.04424 1.1404 1.31061 1.0305 0.0755797 0.425804 1.03952 0.295644 0.732285 -0.0602288 0.146346 
0.386735 1.02789 1.02396 1.232 1.18232 0.429387 1.45028 0.502228 0.382137 0.0570439 0.196164 0.140835 
0.309776 0.973287 0.934098 0.795266 0.353742 1.17192 1.61042 0.612709 1.43864 0.378112 0.127309 -0.14583 
0.395852 0.930058 0.425448 0.571551 0.295098 1.07702 0.479667 0.636132 0.986829 0.968738 0.430325 -0.281803 
0.454365 0.897261 0.979301 0.203867 0.713701 1.52189 0.117123 0.452123 0.758422 0.0343516 0.538637 -0.151098 
0.350496 0.834966 1.5464 1.06568 1.08421 0.76882 1.12766 0.945861 0.964892 -0.160171 -0.0829434 0.177901 
0.36781 0.665208 0.873716 1.42545 -0.0194472 -0.0779404 0.374719 -0.265067 0.852644 0.0498263 0.0247471 0.0736978 
0.382581 0.97633 0.314494 0.971554 0.718368 0.236508 0.719785 1.40175 0.421173 0.505219 0.137555 -0.090301 
0.406736 0.994788 0.980844 0.589441 0.697779 0.750715 0.352766 1.9406 1.18589 0.600639 0.112923 -0.0677546 
0.485975 0.872108 1.2186 1.09852 1.57139 0.369955 0.309515 0.820076 1.05198 0.21634 0.56143 -0.146345 
0.494104 0.972211 1.7267 1.40012 1.38816 0.0567564 1.49583 1.00751 1.00196 0.644387 0.497756 0.0165072 
0.662235 1.06143 1.85876 1.70382 1.11266 0.859924 1.33294 1.54521 1.39251 0.547218 0.625604 0.0676135 
0.899462 1.56704 2.15518 1.43802 1.83883 1.49628 1.32693 0.945361 1.67386 0.906283 0.296757 0.248551 
1.14363 2.04375 2.70801 2.01059 2.31803 2.01533 1.74766 1.14123 1.10582 0.484379 0.227074 0.200569 
1.38763 2.6966 2.80395 3.00956 2.94024 2.20415 1.88976 0.405015 0.712532 0.290518 0.221819 0.0215659 
1.58797 2.5925 2.76295 2.51404 2.82371 1.45122 1.36656 1.15046 0.922303 0.382631 -0.0461222 0.00999859 
1.73617 2.63533 2.59211 2.20933 2.99187 1.23871 0.458104 1.71562 1.89508 0.549182 -0.0335111 -0.0476005 
1.56999 2.35755 2.72247 2.76801 2.73829 1.19835 1.44334 1.89389 1.56481 0.433442 0.0218229 0.128384 
1.57425 2.2779 2.95356 2.06986 2.55759 1.52447 1.48949 1.45973 1.45049 0.883076 0.00507431 0.142221 
1.55493 2.10522 2.9028 2.77394 1.98576 1.01415 1.65312 1.99869 1.23016 0.391739 0.0885471 0.155367 
1.34655 1.92197 3.16639 3.43043 2.55416 0.0939451 2.02418 1.46694 1.50963 0.0661736 -0.173975 0.274409 
1.20884 1.32159 3.48284 3.83387 3.35384 0.197812 1.73494 0.585484 1.26744 0.000273639 -0.0762454 0.169988 
0.908463 0.775446 4.22556 3.58465 2.94326 1.00474 1.54501 0.253911 1.38854 0.313348 0.210292 0.119507 
0.681921 0.708027 4.37266 3.08835 3.0202 1.69072 1.47176 1.24088 1.09749 0.675257 0.318134 0.177491 
0.621412 0.830168 3.92154 3.35019 3.29342 0.619928 1.28806 1.93638 0.865049 0.522075 0.519413 0.166581 
0.524137 0.413279 3.30523 4.45876 3.10136 -0.328065 1.8205 2.2291 1.40465 0.288313 0.315019 0.463306 
0.486258 0.270578 3.34498 4.46031 3.91917 -0.384246 2.02238 2.0656 1.22014 0.291247 0.554333 0.39847 
0.33787 -0.33983 4.24415 3.78526 2.79164 0.0684662 1.94166 1.63844 1.61054 0.102642 0.37074 0.528641 
0.512532 -0.338909 4.15132 3.75179 2.95232 0.117585 1.42304 0.91883 1.77246 0.431724 -0.165953 0.299491 
0.683418 -0.142165 2.51329 4.37019 2.84998 0.50391 2.54779 -0.717243 1.63896 0.748555 -0.405146 0.134934 
0.596516 0.271138 1.98768 4.32526 2.16868 0.605204 2.70693 0.271359 1.22193 0.376428 0.108841 0.223405 
0.603189 0.544999 1.94448 4.18862 1.53685 0.580469 1.56995 0.850657 1.27723 0.486598 0.314362 0.0454781 
0.712122 0.465975 2.78652 2.4435 1.04658 0.783635 2.28631 1.61665 0.434943 0.292008 0.229186 0.211395 
0.876838 0.617302 2.49211 1.47824 2.11368 -0.0358861 1.85612 1.84044 -0.0622983 -0.0240477 0.865759 0.0806058 
1.39945 0.133621 1.65411 1.47504 1.64452 0.232385 2.20977 1.14901 0.424058 0.854284 -0.242444 -0.190992 
1.72196 0.0977428 1.40516 1.53772 1.53005 -0.0765553 1.60399 1.96922 0.948293 0.917505 -0.625668 -0.519866 
1.97936 0.572665 0.177425 1.29503 2.49616 -0.301378 1.50482 1.8936 1.13382 0.584659 -0.626986 -0.357433 
1.98597 0.84254 0.0555393 0.86581 2.83406 0.413831 1.46465 1.17029 0.889036 0.369622 -0.517939 -0.264713 
1.99426 0.919931 -0.101693 1.14057 2.8316 -0.533235 1.54255 1.62151 0.954729 0.756138 -0.767987 -0.373431 
2.07485 0.923223 -0.672957 1.06736 2.92653 0.49652 1.49424 0.975053 1.00502 0.461135 -0.494884 -0.335383 
2.13683 0.896985 -0.229898 0.641784 3.24746 0.210403 1.0898 1.18727 1.31163 0.186663 -0.769253 -0.313755 
2.1074 0.780861 -0.534675 0.378231 3.46127 0.777306 1.56316 1.00021 0.32133 0.350099 -0.393315 -0.136451 
2.02291 0.623966 0.0676203 0.668703 4.04395 0.0940054 1.5176 1.50671 0.431861 0.514785 -0.893742 -0.260217 
1.98711 0.801815 -0.121228 -0.259013 4.47912 0.244759 0.902735 1.34762 0.676771 0.72719 -0.735636 -0.273471 
1.98254 1.40753 -0.601547 -0.178295 4.27317 0.173029 1.30398 1.52354 1.02226 0.797356 -0.987842 -0.400418 
1.99128 1.38697 -0.722956 0.116858 4.21015 0.012494 1.45095 1.59281 1.0953 1.0642 -1.01659 -0.362498 
1.89366 1.49212 -0.439033 -0.265868 3.44635 0.302822 1.48671 1.90338 0.976749 0.678656 -0.721751 -0.334928 
1.84135 1.40202 -0.134625 -0.0801673 3.53188 0.325205 1.60543 1.79603 1.09552 0.827616 -0.83929 -0.394256 
1.88235 1.51823 -0.290799 0.340579 3.78549 0.0800627 1.0523 2.16878 1.33284 0.83018 -1.0897 -0.498659 
1.91995 1.33942 0.0885791 0.0994566 3.90812 0.903303 0.672594 2.2188 1.08393 0.575802 -0.914892 -0.631382 
1.99297 1.3267 0.364257 0.230044 3.97798 0.905433 0.523957 1.87491 1.15899 0.601536 -0.789889 -0.599795 
2.01019 1.69193 0.380511 0.295359 3.56238 1.70027 0.0955918 2.13833 1.09154 0.49837 -0.618731 -0.715219 
1.931 1.53774 0.422733 0.356017 3.05192 1.76748 -0.0615652 2.22632 0.915867 0.3489 -0.592541 -0.643316 
2.15691 1.68284 -0.0224333 0.696449 2.7554 1.50421 -0.240189 2.02567 0.812997 0.647644 -0.580782 -0.579096 
2.02745 1.66298 1.16988 0.940252 2.36423 0.930012 0.884996 1.4607 1.50272 0.189758 -0.545677 -0.387257 
1.8739 1.2731 1.23224 1.62648 2.45668 1.31777 1.46071 1.20443 2.10071 0.3383 -0.675413 -0.288654 
1.66467 1.17871 1.07225 0.361427 2.94007 0.827263 1.34285 1.64875 0.93534 0.985156 0.257707 0.103881 
1.69178 1.47773 1.5763 -0.632661 1.87577 0.632304 2.13613 1.28847 0.420239 0.938612 0.386484 0.245905 
2.03358 1.86137 1.29496 0.000342198 2.35057 0.185699 1.43384 0.481722 0.487291 1.29251 -0.0494786 -0.0319545 
2.22087 1.82259 0.5784 0.55387 2.72873 0.245564 0.308501 0.137633 0.432226 1.02796 -0.0274305 -0.232126 
2.14195 2.39259 0.593068 0.693924 2.50529 0.288637 -1.09957 -0.268696 0.842095 0.680529 0.0950391 -0.344306 
2.01362 2.37789 1.10188 0.662343 1.94672 0.201679 -0.809382 -0.379802 0.580104 0.41168 0.147577 -0.159978 
2.05981 2.68087 0.86892 0.812317 2.07917 0.361328 -2.05344 -0.223061 0.369137 0.424392 0.286151 -0.223451 
1.98466 2.56006 1.12237 1.6276 1.64839 0.305646 -2.03414 -0.738446 0.54738 0.393632 0.198019 -0.126107 
2.13819 2.62032 1.06866 1.36399 2.31478 -0.498301 -0.778914 -0.758368 0.464123 0.400156 0.0785297 -0.0740957 
2.17027 2.5022 1.03284 1.48537 2.69053 0.282717 -0.404094 0.0422257 0.931709 -0.127299 -0.192751 -0.291689 
2.13244 2.95159 1.00075 1.30139 2.112 0.745838 -1.16746 -0.294005 0.99089 -0.347633 0.166034 -0.350203 
1.95351 2.70833 1.65674 1.50307 2.04212 0.369964 -1.22405 -0.562652 0.29113 0.0138196 0.0125739 -0.18133 
1.94409 2.82454 1.85255 1.16067 2.32949 0.43737 0.285491 -0.194119 0.114385 -0.0247925 -0.0936424 -0.118349 
2.04701 2.8079 1.82858 1.52172 2.97928 1.05928 1.05848 0.378855 0.0638595 -0.368775 -0.228051 -0.171608 
1.9614 2.56852 2.31758 2.12807 2.27795 1.11122 1.02027 0.582621 0.400819 -0.344142 -0.111181 -0.125649 
2.13529 2.67614 3.06354 1.35828 3.172 0.707104 0.922253 -0.153265 0.261176 -0.103155 -0.307941 -0.0698099 
2.08295 2.63483 3.17677 1.62061 3.0256 0.233791 0.0555986 -0.573758 0.310577 -0.315354 -0.358119 -0.10356 
1.99001 2.58626 2.27861 2.08194 2.76996 1.1701 0.815726 0.320291 0.563478 -0.937862 -0.0791917 -0.124393 
2.1171 2.70684 2.5226 1.56303 2.48918 1.43615 1.02899 -0.447621 -0.030491 -1.1604 -0.27862 -0.153548 
2.02658 2.45066 2.85152 1.24215 2.0791 1.028 1.33954 0.0481963 -0.339326 -0.804949 -0.242632 -0.1058 
1.9949 2.46685 2.75691 1.62458 2.53011 1.607 0.336584 0.50594 0.17776 -0.483699 -0.0908207 -0.154194 
2.00836 2.89769 2.6577 1.35921 1.85971 0.704629 0.807947 -0.0179701 0.150282 -0.784698 -0.197523 -0.169571 
2.00222 2.77427 2.82709 1.37896 1.99443 0.389789 0.954185 0.0118527 0.0206066 -0.66774 -0.24546 -0.147469 
1.81689 2.50639 2.7438 1.69158 1.6642 0.731885 0.695346 0.43138 0.17034 -0.32266 -0.113369 -0.135614 
1.88999 2.43948 2.46228 1.55128 2.25881 -0.382156 0.0600667 0.764534 0.258832 0.341447 -0.237909 -0.114101 
1.89447 2.23191 2.85561 1.34949 2.10286 0.537936 0.326548 0.816188 0.296525 0.246852 -0.0913691 -0.10944 
1.78914 1.91366 2.66037 1.24545 1.80202 0.764322 1.01714 0.951989 0.20218 -0.484524 0.0274002 -0.0336153 
1.78333 2.04515 2.57326 1.51286 2.15701 0.53805 -0.258014 0.166514 0.0354684 -0.419538 0.0193963 -0.0728378 
1.78651 2.3352 2.50762 1.08704 1.86652 -0.12802 0.923171 -0.377379 1.19294 -0.509005 -0.141474 0.00337709 
1.6905 2.51188 2.61505 1.11636 1.49012 0.377004 1.29434 0.229302 0.623568 -0.196005 -0.0167643 -0.0413039 
1.59497 2.11966 2.88111 1.24482 1.87005 0.620988 1.53472 1.07033 0.281924 0.314525 0.281431 0.107171 
1.49465 2.07652 2.41479 1.40366 2.21347 0.61562 1.09929 0.6469 0.879682 0.640184 0.285215 0.201132 
1.55277 2.06038 2.58151 1.99472 2.5227 0.665105 1.54064 0.284382 1.30304 0.799474 0.274517 0.271781 
1.44044 2.15104 2.47936 1.9988 2.28634 0.790429 0.635682 0.528313 1.58327 0.589746 0.515739 0.290772 
1.39271 2.07295 2.49153 1.85931 2.05905 1.49841 0.967173 1.63426 1.2369 0.742766 0.249481 0.199831 
1.40139 2.14526 2.49832 1.83721 3.39879 2.11339 1.55965 1.47444 1.57242 0.761418 0.141329 0.199614 
1.50632 2.23401 2.91164 2.07443 2.70151 1.6654 1.32389 1.56341 1.62179 0.373447 0.0253213 0.115397 
1.54757 1.98342 2.96208 1.84503 2.52576 1.15886 2.24826 0.788437 1.42111 0.521853 -0.275316 0.106085 
1.56108 1.93571 2.98747 1.44628 2.41019 1.60399 1.85966 1.72542 1.5208 0.204461 -0.162327 0.0565727 
1.4665 1.90293 2.85466 1.56302 2.8988 0.569207 2.01201 1.24777 1.1858 0.218433 -0.140114 0.153323 
1.39207 1.66919 2.44838 1.08105 1.78617 -0.199295 1.48352 0.614188 0.510656 -0.230972 0.265758 0.111316 
1.41818 1.52891 2.23107 0.841363 1.99508 -0.0293861 1.7671 1.01547 0.631537 0.321574 0.314233 0.192918 
1.37991 1.66729 2.29948 1.33759 3.30571 0.846472 1.24024 1.11485 0.620926 0.448298 -0.153878 0.0450277 
1.48754 1.90538 2.29738 1.26658 2.18696 0.531356 1.31208 0.308805 1.96945 0.283807 -0.317831 0.0643221 
1.44469 2.03654 2.24164 1.05203 2.4796 1.25564 1.2091 1.16716 0.871312 0.341567 -0.249362 -0.0469893 
1.39144 2.14639 2.10399 0.375716 2.30773 1.52184 1.26897 1.25657 1.03348 0.260202 0.074613 0.0421181 
1.32125 1.94521 2.17057 1.6063 2.56069 0.223147 0.761942 1.063 1.16791 0.841508 0.180668 0.208977 
1.2767 1.7507 2.03908 1.52026 1.70866 0.923813 1.20333 0.638697 0.956296 0.779754 0.371885 0.187638 
1.27646 1.3696 2.26123 1.53351 2.05713 1.3524 1.38309 0.970304 0.886673 0.619175 0.306735 0.16655 
1.27765 1.40038 2.35364 1.0473 1.35333 0.649505 1.20796 1.22136 1.53825 0.971402 0.757312 0.306287 
1.26061 1.57084 2.15842 1.03394 1.91957 0.191513 1.71711 0.807282 1.42454 1.4879 0.539876 0.348638 
1.21869 1.89543 2.0942 0.919696 1.1882 1.27642 1.18431 0.789039 1.4308 1.05111 0.875389 0.321591 
1.27784 1.91328 2.15483 1.24614 2.06812 0.97503 1.17978 0.933757 0.954832 0.575233 0.673574 0.24084 
1.35256 1.71116 2.03231 1.27637 2.35179 1.08669 1.93091 0.562576 1.50178 0.0982051 0.203386 0.20404 
1.31504 1.48286 1.88398 1.26091 1.01238 1.06908 1.24208 0.848279 1.73217 1.09051 0.235824 0.163915 
1.2971 1.27259 1.86233 1.22262 0.83116 0.699692 1.38639 0.172072 1.18683 0.39882 0.556839 0.166583 
1.14909 1.24953 1.69576 1.29538 0.929038 0.897594 1.11949 0.148307 1.18782 0.0751683 0.0703391 0.0873853 
1.18743 1.15811 1.70119 1.24654 0.822231 0.639934 0.944947 0.487147 1.44985 0.125168 0.34244 0.079885 
1.31213 1.22783 2.24772 1.06183 1.4016 -0.0459041 0.642849 1.31532 1.11934 0.249653 0.555261 0.202843 
1.2333 1.41253 1.88114 0.476037 1.35661 1.63171 1.35283 0.765089 1.41567 0.33923 0.529141 0.170651 
1.17428 1.20043 2.22835 0.438243 1.86406 1.3121 2.947 0.836945 0.958572 0.496998 0.252972 0.269154 
1.08949 1.14716 2.55517 0.12247 2.11003 1.6886 3.27844 0.745585 0.81473 0.430211 0.680945 0.372121 
0.979466 1.27028 2.25039 0.865691 2.27626 0.904159 1.67217 1.14106 1.6732 0.24136 0.773962 0.261194 
1.0825 1.45475 1.61588 0.647104 1.23684 1.17341 2.20875 0.943332 1.39544 -0.122993 1.01079 0.146846 
1.22131 1.73351 1.95769 0.400238 1.39028 0.858276 1.2292 1.08036 1.4198 0.345704 0.965416 0.222864 
1.08736 1.66936 1.52861 0.947324 1.78508 0.302374 1.16781 1.12599 1.31662 0.758137 0.741334 0.173338 
1.0523 1.45764 1.74155 1.28139 1.60176 1.06788 1.65187 0.427328 1.73963 0.821328 0.838184 0.216157 
1.13439 1.3842 1.91872 1.25967 1.47977 0.928956 1.47292 0.0785687 1.62514 0.615645 0.818214 0.249107 
0.989107 1.35801 2.22191 0.808015 2.02362 0.941829 1.42219 0.578137 0.971261 0.586178 0.380343 0.180248 
0.993508 1.22358 2.55607 1.15106 2.05305 1.58624 1.56204 0.498988 1.18129 0.916108 0.204115 0.225059 
0.994072 1.27423 2.17974 1.16708 1.9009 1.89211 1.75695 0.656276 1.11897 0.198587 0.437579 0.19236 
1.01597 1.43463 1.93784 1.06517 1.33862 2.03652 1.18028 1.40253 1.30495 -0.152366 0.266272 0.123939 
0.926324 1.56338 1.81043 0.793145 1.24975 0.544362 1.81338 1.72872 1.17253 0.915972 0.588166 0.105721 
0.898643 1.7138 1.86735 0.998411 1.35242 0.0969744 0.83789 1.53073 0.692939 0.620421 0.961342 0.0653481 
0.869465 1.66092 1.60073 0.892211 1.3346 0.44652 0.653386 1.93554 1.06177 0.864756 0.748829 0.0773569 
0.857879 1.55196 1.23137 0.765004 1.26321 0.91466 1.5596 1.074 1.53088 0.987293 0.51375 0.0533376 
0.969135 1.1752 1.52082 0.883343 1.17107 1.20117 2.22105 1.22882 1.33122 0.906673 0.491897 0.0726263 
0.968241 1.4186 1.95762 0.718985 1.50618 1.37925 2.4458 1.02145 1.30181 1.03743 0.215814 0.203389 
0.897716 1.27649 2.06677 0.703471 1.09499 0.754837 1.01909 1.81291 2.05929 0.599566 0.261984 0.204855 
1.01897 1.35703 1.48283 1.24923 1.26784 0.400852 0.653796 1.58747 1.52335 0.730755 0.693569 0.146603 
0.889935 1.49502 1.7623 1.12504 1.23892 1.21344 1.72016 1.56186 1.12117 0.479886 0.886719 0.0926709 
0.883164 1.60241 1.28527 1.09329 1.5423 1.30461 1.97548 0.269135 1.06415 0.545121 0.360848 0.133841 
0.82915 1.38243 1.46027 0.646053 1.47338 1.05584 0.437027 -0.39885 1.07828 0.390116 0.286852 0.139703 
0.930592 1.28977 1.41495 1.46078 1.37895 1.55247 0.666271 0.79441 1.45128 0.716931 0.673996 0.111964 
0.821573 1.00369 1.57132 1.20087 1.31662 0.832434 1.30863 2.15252 1.23006 0.946762 0.0462767 0.106852 
0.820856 0.999576 1.79519 1.06209 1.97153 0.828104 2.16206 1.08956 0.176642 0.85553 -0.0979374 0.174071 
