0.517486 0.915764 1.10923 0.293532 0.709431 0.747352 0.384366 -0.0594145 0.277385 -0.808144 0.220401 0.00707128 
0.496144 0.925024 1.03927 0.548593 0.437316 0.351383 0.964661 -0.176734 0.916718 0.0662004 0.629867 -0.149284 
0.537577 1.01075 1.23563 1.47623 0.727564 -0.513648 1.03636 -0.0167111 0.493779 0.0452838 0.623201 0.0406637 
0.648849 1.05725 1.38101 1.27885 0.081907 -0.531686 0.682944 0.185686 1.04499 0.986582 0.577908 -0.0527676 
0.505429 1.0804 1.01439 0.404293 0.45746 0.672381 0.309929 -0.162707 0.611641 1.21221 0.408974 -0.297214 
0.558561 0.961496 0.909655 0.656755 1.31183 -0.0492036 0.509732 0.920977 0.211395 0.883619 -0.0294309 -0.0487185 
0.514166 0.887672 1.20605 1.13134 0.169115 -0.342474 1.81716 0.671858 0.731331 0.154826 0.101975 0.0188581 
0.580981 0.92139 1.43224 1.20978 0.635403 0.123112 1.38724 0.0686108 1.12909 0.399749 0.103777 -0.00860211 
0.775542 0.857447 0.749593 0.641088 0.952892 0.0835622 0.382041 0.236674 0.515972 0.405054 -0.0596206 -0.139441 
0.900526 0.920771 1.11922 0.391097 0.562427 -0.189388 0.633759 0.525616 0.365451 0.614374 0.00377786 -0.0456061 
1.37285 1.10126 0.528356 -0.338506 0.812624 0.0823937 1.20673 0.316823 0.430332 0.270553 0.0488005 -0.135296 
1.43069 1.28384 0.431915 -0.0888629 0.71478 -0.192218 0.361267 0.53516 0.638198 -0.599502 0.557179 -0.089032 
1.33727 1.10125 1.47666 0.622967 0.359962 -0.469225 0.700087 1.09808 0.775172 -0.289177 1.3529 0.247118 
1.63571 1.77951 1.7488 1.41471 0.924686 -0.311695 0.689939 0.877181 0.919414 0.247705 0.265828 0.0732006 
1.75458 2.52646 1.01434 1.08453 2.82223 -0.22911 -0.211483 -0.712688 1.89872 0.376291 0.260004 -0.194491 
1.74234 2.89242 0.831494 1.18636 3.54403 -0.558387 -0.274293 -0.447169 1.81468 0.470292 0.118439 -0.317745 
1.82222 2.94485 1.66287 1.47408 3.43267 -0.628248 -0.610251 0.289073 1.84035 0.221006 -0.0325012 -0.294545 
1.80853 3.22308 1.95482 1.14123 2.58741 -0.0631327 0.184956 -0.47836 1.29795 -0.072285 0.213539 -0.0963061 
1.716 2.85036 2.01868 0.763715 3.3502 0.0812857 0.865466 0.150681 1.03124 -0.530756 0.030419 -0.144669 
1.64411 2.83124 2.05733 0.992986 3.74952 0.11685 0.341701 0.168481 1.39229 -0.54618 0.185608 -0.213692 
1.48459 3.02816 2.04225 1.87555 3.88811 0.109516 0.145446 -0.387108 1.58342 -0.366099 0.170391 -0.249285 
1.41203 2.87467 1.82711 1.52259 4.06782 0.368098 0.838296 0.295922 1.76389 -0.44347 0.18257 -0.257563 
1.72065 2.66939 2.51471 0.89532 3.39008 0.987325 1.48543 0.417728 1.27163 -1.04937 0.171281 -0.0377262 
1.67597 2.77046 2.5209 1.2574 3.91717 0.497968 0.62058 0.347309 0.996484 -0.344899 0.152209 -0.07752 
1.66015 2.71413 2.77453 1.9613 3.99111 0.575455 -0.602191 0.541034 0.735003 -0.0818063 0.0772465 -0.188658 
1.74205 2.57756 2.85928 2.06954 3.25439 0.922217 -0.444663 0.420793 1.17216 -0.357475 0.192761 -0.0491025 
1.78523 2.80594 2.6993 1.71463 3.45722 0.537084 0.356614 0.0864403 1.1537 -0.779617 0.279331 -0.0198187 
1.69931 2.90872 2.5873 1.86282 3.33179 0.553019 1.08099 -0.083812 0.202753 -0.777454 0.279313 0.00362849 
1.62562 2.7156 2.74433 2.14263 3.59085 0.805518 -0.0467273 0.337601 -0.0814499 -0.347741 0.250713 -0.0935354 
1.66235 2.66768 3.09992 2.02203 3.73872 0.74353 -0.0275331 0.238205 -0.0809784 -0.403871 0.222697 -0.0822293 
1.68011 3.1227 2.80732 1.69761 4.56865 0.378387 0.131049 0.177469 0.169156 -0.673632 0.276356 -0.201873 
1.73728 3.05793 2.91454 1.82725 4.70524 0.350955 -0.426352 0.685922 0.168081 -0.410623 0.124601 -0.293675 
1.69479 2.83735 3.05416 1.47632 4.72416 0.723493 0.10117 0.677142 0.944236 -0.930333 0.363642 -0.206456 
1.7244 2.72278 3.27708 1.90095 3.92989 1.33752 -0.191802 0.473593 0.923723 -0.349741 0.207526 -0.107191 
1.66709 2.9931 3.31213 1.505 3.92039 1.23257 -0.621448 0.805816 0.0476945 -0.188597 0.282878 -0.225875 
1.79871 2.76056 3.4464 1.30966 4.21432 1.04662 -0.238148 0.4506 0.331687 -0.594504 0.237788 -0.135592 
1.74844 2.56925 3.04689 1.86796 3.14966 2.28434 0.863073 0.53113 0.170712 -1.19218 0.485173 -0.015368 
1.57897 2.80408 3.01961 2.01084 3.18871 1.05034 0.874747 0.235634 0.358743 -0.78794 0.394206 -0.0738636 
1.47429 3.10081 3.31566 2.05108 3.13664 0.851493 1.49101 -0.244661 0.310034 -0.461737 0.195003 -0.0569866 
1.55051 3.21438 3.07834 1.73674 3.46913 1.64178 1.83027 0.235404 0.236264 -0.501434 0.301806 -0.0632113 
1.50637 3.29915 3.06027 1.44063 3.59258 0.470993 1.01828 0.972591 0.0916599 -0.442011 0.37219 -0.159099 
1.44004 3.14719 3.33205 1.55568 2.748 0.567208 1.07062 1.02363 -0.0888757 -0.676696 0.562723 -0.183888 
1.5043 3.09948 3.80758 1.94147 2.84888 1.37072 1.0948 0.55796 0.446119 -0.433518 0.341291 -0.0602174 
1.4703 3.13581 3.39922 2.29018 3.43453 1.27364 0.542073 1.21385 0.453865 -0.435803 0.451851 -0.152542 
1.38845 3.10641 3.24167 2.1025 3.96495 0.907949 1.09626 0.713021 0.328621 -0.50851 0.477728 -0.163464 
1.40247 3.19296 3.53026 2.35884 3.87354 1.07201 1.02966 -0.137358 0.324321 -0.602565 0.282287 -0.173365 
1.52019 2.99675 3.14914 2.34318 3.49361 1.48772 0.921397 0.298231 -0.0442746 -0.84435 0.395568 -0.217211 
1.59054 2.79669 3.14607 2.69457 3.76111 1.10503 0.7267 0.515651 0.0818271 -0.89974 0.248329 -0.218131 
1.54057 2.74625 3.04891 2.23649 3.02485 0.804929 0.284329 0.203439 0.637495 -0.646389 0.177335 -0.116448 
1.61302 2.54615 2.56297 2.09416 2.79947 0.894152 0.0179781 0.881171 0.499711 -0.789623 0.256898 -0.126553 
1.50992 2.51727 2.71613 1.97003 3.48978 1.0354 1.10028 0.751443 -0.0161241 -0.315155 0.172178 -0.0850292 
1.51613 2.33567 2.68685 2.07749 2.93856 1.49992 0.694144 0.576147 0.513344 0.0730064 0.124425 -0.0127289 
1.49895 2.20224 2.55261 1.92165 2.18751 1.2758 0.884131 0.704586 1.49938 0.375509 0.114384 0.119755 
1.50748 2.34839 3.15104 1.8589 2.21029 0.997919 0.615316 0.47873 0.312838 0.480291 0.172143 0.0962458 
1.51022 2.4217 2.98698 2.05309 2.75774 0.357572 1.04601 0.146627 0.42144 0.40928 0.100811 0.136531 
1.55147 2.55016 2.69066 2.55511 2.3155 0.659406 2.59301 0.599216 0.495361 0.529284 0.156187 0.13153 
1.49477 2.08709 2.8025 2.41907 2.05765 1.33893 2.47977 0.580034 0.588355 0.294332 0.302793 0.10828 
1.55777 2.15271 2.31035 1.85401 2.42641 1.11311 1.60606 1.29079 1.08178 0.13454 0.133819 0.0960761 
1.56799 2.21048 2.28708 1.30658 2.63179 1.21041 1.08434 0.973027 1.05968 0.00765083 0.209327 0.079706 
1.59444 2.00021 2.48645 1.03004 2.97235 0.868496 1.27363 0.768032 1.02594 0.670159 0.00506197 0.140264 
1.47782 2.26869 3.0097 1.74815 3.07497 1.01894 1.91673 0.200282 0.67769 0.216088 0.262696 0.20825 
1.51749 2.59514 2.49915 1.45615 2.25128 1.06082 1.49057 1.18633 1.03424 0.162581 0.43596 0.140725 
1.31565 2.17928 2.60528 1.36068 1.80465 1.16866 1.497 1.27975 1.11051 0.66844 0.689729 0.279989 
1.44798 1.74253 3.18122 0.9109 2.34624 1.61556 2.23162 1.27015 0.844332 0.251871 0.648746 0.325942 
1.561 2.09546 3.18035 1.73556 1.87014 0.746302 1.02958 1.32235 0.447289 0.680535 0.631803 0.255893 
1.48952 1.98486 2.64746 1.81663 1.71366 0.954376 0.821318 1.78349 0.657147 0.73499 0.670892 0.269617 
1.4118 1.63374 2.52938 1.26948 1.938 2.02899 0.906404 1.7211 0.312741 0.891398 0.728724 0.193013 
1.48917 1.92888 2.79976 1.50253 2.68533 2.24396 1.43759 0.616732 0.183176 0.523075 0.526595 0.190335 
1.44353 2.14009 2.4956 1.83559 2.17362 1.89983 1.81679 0.204949 0.948852 0.148079 0.455398 0.185907 
1.40303 2.1944 2.54537 2.17219 1.72963 1.22517 1.7865 0.91927 0.637986 0.787066 0.41684 0.206165 
1.49138 1.84313 2.83084 1.86599 1.53747 1.71927 2.41871 1.36205 1.08092 0.714617 0.423259 0.22304 
1.44387 1.69574 2.67222 1.15841 1.83982 1.17182 2.29347 2.14779 1.37288 0.909797 0.346605 0.227754 
1.38007 1.87033 2.27743 1.43174 2.49311 1.25096 2.13595 1.98643 1.1933 0.785607 0.354112 0.259778 
1.24878 1.74329 2.46638 1.50847 2.15549 1.706 1.78063 1.64854 1.08833 1.20164 0.305884 0.262597 
1.31661 1.78809 2.35333 1.63262 2.23695 1.64995 1.41949 1.04967 1.25052 1.02859 0.49124 0.284164 
1.27627 1.81722 2.28426 1.47592 1.69661 1.92146 1.45766 1.83059 1.55219 0.792229 0.345537 0.2477 
1.34986 1.86818 2.19439 1.16194 1.8467 1.62236 2.28489 1.6802 1.21812 0.58666 0.408502 0.219242 
1.44522 1.78995 2.59523 1.34161 2.24023 1.70123 2.2023 0.531757 1.03857 0.71157 0.229791 0.246696 
1.3974 2.17227 2.94181 1.41603 2.11051 1.33238 1.63665 0.674635 1.00291 0.956409 0.121664 0.226534 
1.2448 2.15668 2.68753 1.01634 2.13865 1.35568 1.62815 0.507357 1.51378 0.509074 0.361296 0.287281 
1.17238 1.94187 2.33389 1.22956 2.09643 1.04381 1.3505 1.5029 1.26447 0.655973 0.205474 0.18896 
1.31381 1.88843 2.4294 1.74838 2.27008 0.87537 1.42856 1.08743 0.72704 1.15849 0.199204 0.208716 
1.26565 1.58083 2.10193 1.08558 1.73685 1.44685 1.61899 0.861648 1.42142 1.28925 0.253855 0.231216 
1.25407 1.4002 2.82487 1.51492 1.53706 1.32956 1.85328 0.391962 1.28069 0.662339 0.210448 0.222658 
1.17193 1.64274 2.48489 1.46607 2.60252 0.807417 2.09023 0.725668 1.2072 -0.0950152 0.615008 0.282789 
1.21695 1.62257 2.21036 1.29747 2.1873 1.12575 2.44375 1.1752 1.25575 0.158994 0.762544 0.30357 
1.22277 1.3559 1.99734 1.25352 2.24841 1.50315 2.22398 1.2335 1.79003 0.406324 0.513616 0.316391 
1.17374 1.59036 2.401 1.05114 2.36431 1.59208 1.96135 0.978565 1.79504 0.812781 0.209887 0.325329 
1.17846 1.57573 2.48871 1.7423 2.61082 0.32522 1.49396 0.919379 0.781286 0.62975 0.767931 0.27268 
1.23561 1.62482 1.96618 1.50334 2.18326 0.945046 1.35439 1.22962 1.16679 0.460105 0.801471 0.24705 
1.36766 1.79858 1.75232 0.73062 1.74847 1.07139 2.07885 0.63224 1.41423 0.0243456 0.89902 0.303064 
1.17244 1.52237 2.24181 1.52202 1.73123 1.05879 2.89908 1.19648 0.322156 0.869403 0.559899 0.198015 
1.11386 1.76291 2.41089 1.56692 1.94167 0.711399 2.62192 0.829139 0.565553 0.847626 0.574252 0.227006 
1.05655 1.54553 2.32913 1.59982 1.89149 0.281401 1.60782 0.706393 0.983323 0.639888 0.733476 0.192482 
1.07459 1.55439 2.30034 1.94315 1.49052 0.441022 1.31893 0.717635 0.866168 0.33741 0.475199 0.117746 
1.10316 1.76741 2.29463 1.20517 1.33697 0.613249 2.1088 0.36284 1.05725 0.452787 0.248399 0.153014 
1.06143 1.75116 2.61501 0.985021 1.70999 1.41787 1.14304 0.945696 1.05143 0.894612 0.596928 0.23254 
1.12508 1.91116 2.43995 1.05325 2.19027 1.25849 0.710768 2.20121 1.08661 0.796223 0.407701 0.163757 
1.11138 1.51486 2.19562 1.17727 1.91365 0.178482 1.90034 1.74858 1.02088 1.14735 0.488224 0.25954 
1.12479 1.47655 2.26021 1.6468 2.04698 0.948446 1.1711 0.804468 0.759637 0.898513 0.73306 0.192294 
1.12612 1.45743 2.01495 1.83919 2.136 0.937486 1.78326 0.729612 0.913641 0.959885 0.43845 0.192765 
1.04801 1.23531 2.40277 1.72226 2.07485 0.252224 1.53741 1.0853 0.668213 1.03583 0.747423 0.187572 
0.950154 1.39976 2.64799 1.28122 1.89267 0.876818 1.62798 0.615648 1.26566 0.561721 0.54809 0.234641 
1.01924 1.58842 2.67876 1.25407 1.37112 0.943883 1.78161 0.491343 1.57363 0.697662 0.214745 0.286323 
0.882796 1.51038 2.46471 1.11077 1.62682 1.46204 1.78245 1.39833 1.1333 0.902905 0.40153 0.212733 
1.01116 1.45483 2.09944 0.721967 1.37588 1.64168 1.40957 0.749818 1.21229 0.394177 0.829685 0.179067 
0.873921 1.5259 1.78651 0.577826 1.24709 1.069 2.64261 0.536619 1.02801 0.48316 1.09998 0.0751481 
0.984954 1.62634 1.94206 0.779345 2.37492 0.23634 1.45037 0.54303 0.427499 0.276188 0.647392 0.155208 
0.992369 1.60288 2.01736 0.608763 1.10762 1.70663 1.25714 0.141691 1.12977 0.271982 0.572088 0.163654 
0.882016 1.28753 2.37255 0.600925 1.14995 1.28403 1.29266 0.789057 1.00228 1.23924 0.894417 0.102024 
0.986416 1.56104 2.18639 0.860167 1.19894 0.427884 1.86029 0.695439 1.08134 0.908131 0.506514 0.188356 
0.915408 1.53791 2.17078 1.30043 1.64765 0.172643 2.00948 0.051617 0.775892 0.176473 0.28265 0.168919 
0.952564 1.13229 1.78977 0.615327 1.63122 0.236594 1.47372 -0.205461 0.594647 0.3694 0.248354 0.139646 
0.976176 0.990878 1.80534 0.736755 1.82764 0.0392208 1.74655 0.676622 1.37244 0.525136 0.283139 0.221615 
0.894352 1.32796 1.87401 1.01922 1.73977 0.202811 1.23023 1.61295 1.11676 1.14082 0.244531 0.169649 
0.979618 1.32476 2.12374 1.26559 1.5256 0.0608765 1.21129 0.554983 0.928591 0.792153 0.903249 0.175531 
0.977714 1.29622 1.85409 0.677288 0.882985 -0.00538847 1.83613 -0.0918505 0.527946 0.477566 0.632665 0.155087 
0.908324 1.33605 1.4028 1.20971 0.840556 0.349821 0.978023 -0.114543 1.332 0.400225 0.144625 0.0666236 
0.839228 1.31394 1.54422 0.84259 0.759634 0.862616 0.13873 0.774558 0.717835 0.523328 0.779758 0.0163999 
0.755823 1.13013 1.33061 1.44263 1.18665 1.00881 0.520163 1.45362 1.01883 0.334708 0.197482 0.075116 
0.752312 1.30261 1.59344 1.22754 0.651055 1.06865 1.57876 1.45432 0.943134 0.561787 0.187957 0.0874613 
0.830831 1.38998 1.39243 1.64809 -0.0286339 1.54232 1.16538 0.951777 1.76561 0.640965 0.50686 0.0503649 
0.70148 1.27646 1.85685 0.903022 -0.192065 0.848855 0.537627 0.983733 1.09474 0.833114 0.716492 -0.0217018 
