0.864481 0.894744 1.53625 0.896218 0.279218 -0.514429 1.16855 1.19619 0.678697 0.333721 -0.0230104 -0.125471 
0.832379 0.688585 1.31786 1.04662 0.872742 0.153806 1.38979 1.2553 0.0960361 -0.231563 -0.156493 0.0828475 
0.886744 0.635156 1.13733 0.537473 1.283 0.786749 1.50633 1.385 0.451695 0.665329 0.199517 -0.0399877 
0.70927 0.359216 1.35485 0.418227 1.22279 0.832123 2.06711 -0.240793 0.512989 0.928427 0.207826 -0.0886034 
0.851242 0.799663 1.86485 -0.0277958 0.312791 0.580911 1.43729 0.296548 0.691676 1.73174 0.00568407 -0.0685912 
0.944963 0.892228 1.6033 -0.0545534 -0.0303493 1.36075 1.82951 -0.244904 0.199213 1.35431 0.222603 -0.045197 
0.900757 0.436065 1.32473 0.163079 0.197219 0.824989 1.25634 0.259172 0.510543 1.06759 0.417069 -0.181031 
0.822962 0.318637 1.54323 0.53814 0.299711 1.03396 1.38824 -0.0515725 1.18572 0.923686 0.462335 -0.1408 
0.602106 0.496772 1.75198 0.730312 0.10505 1.08917 0.954749 0.0320159 1.90374 0.979688 0.230421 -0.140125 
0.407144 0.531384 1.79738 0.412963 1.02976 -0.210851 1.12602 0.473709 1.30438 1.52146 0.0382979 -0.273589 
0.724949 0.356889 1.78396 -0.230302 1.13522 0.468829 1.34383 0.431981 1.08428 1.1361 0.0114078 -0.060246 
0.723932 0.411564 1.31384 0.284106 1.25902 0.881116 0.873239 0.181039 0.202612 1.18977 -0.135818 0.00135283 
0.626846 0.177429 1.347 0.787352 1.50342 1.08002 0.907514 0.778849 0.19938 1.02215 -0.0997192 -0.0621706 
0.653177 0.0373637 1.12491 0.573104 1.4896 1.21968 1.173 0.748628 0.298365 0.608056 0.0625368 -0.101818 
0.814159 0.293137 0.724693 0.00670617 1.58438 -0.679851 1.01885 0.674777 0.87987 0.553865 0.318657 -0.239306 
1.0074 0.426651 0.8014 -0.348737 0.450145 -0.0591672 0.552591 0.56194 0.359138 0.623995 0.538893 -0.13531 
1.08275 0.992163 1.70126 -0.135616 0.064463 -0.167515 0.692822 0.0929465 0.897784 0.0838263 0.444853 0.00339206 
1.09025 1.25636 1.34876 0.359248 0.608405 -0.463867 0.332043 -0.108327 0.494998 -0.00825476 -0.0155371 0.0301302 
1.22359 0.980346 1.16268 0.419728 0.723531 -0.427649 0.55395 0.59389 -0.0498221 0.21919 0.228924 -0.026652 
1.7023 1.82611 1.84694 1.37021 1.84818 0.296905 0.423055 0.2917 -0.19592 -0.747154 -0.330382 -0.200675 
2.57842 1.43049 0.364495 1.78224 2.6342 -0.311928 -0.706809 -2.27874 0.626991 -0.496791 -0.712319 -0.480708 
2.70179 1.61419 0.44877 1.99065 2.23507 -0.448825 0.0469803 -2.7079 0.865135 -0.633118 -0.69209 -0.551955 
2.73254 1.93698 0.0228641 1.22498 2.23709 -0.384593 -0.188685 -2.83345 0.835456 -0.759028 -0.546926 -0.516242 
2.8422 1.65678 -0.283155 1.08546 2.17831 -1.26488 -0.222064 -2.7384 0.763583 -0.590241 -0.705661 -0.48825 
2.65297 1.88538 -0.51123 0.61621 1.76128 -0.990671 -0.9789 -2.46714 0.85723 -0.876591 -0.636841 -0.521818 
2.74691 1.60463 -1.04245 0.833496 1.71359 -1.31868 -0.984054 -2.77177 0.640291 -0.865453 -0.529709 -0.439401 
2.91425 1.40462 -1.16694 0.796505 1.62135 -1.5429 -1.26357 -2.75095 0.380904 -0.490768 -0.459333 -0.411013 
2.89552 1.34819 -1.08489 0.256572 1.18831 -1.19299 -2.10863 -2.11901 0.188315 -0.223042 -0.512892 -0.399425 
2.72668 1.37163 -0.97337 -0.0514915 1.20413 -0.964588 -2.57386 -1.8217 0.142506 -0.0531591 -0.332602 -0.318495 
2.85507 1.29747 -0.941995 -0.316431 0.628503 -1.14457 -1.90963 -1.80776 0.532736 -0.105275 -0.502418 -0.421202 
2.86871 1.19033 -1.13807 -0.433198 0.350325 -1.21782 -1.63293 -1.61322 0.777768 -0.00962754 -0.489677 -0.442879 
2.86288 1.20496 -1.23112 -0.392462 0.241474 -1.4845 -1.41869 -1.77124 1.04159 0.0815277 -0.419743 -0.467459 
2.95456 1.32605 -1.12405 -0.602918 0.286451 -1.09018 -1.43343 -1.03559 1.07541 0.485541 -0.236901 -0.432989 
3.11031 1.13951 -0.750563 -0.749678 -0.0600606 -1.18289 -0.670795 -1.21268 0.999246 0.685786 -0.189296 -0.443765 
3.17733 0.979 -0.554244 -0.708006 0.238203 -1.9516 -0.339869 -1.20677 0.888466 0.796198 -0.355531 -0.491424 
3.00803 1.50133 -0.980978 -0.125879 0.534687 -1.12323 -0.615706 -0.583611 1.06184 0.210381 -0.55736 -0.65889 
2.89 1.64805 -0.711248 -0.079145 0.447056 -0.763078 -1.08441 -0.301438 1.24339 0.333615 -0.606846 -0.746256 
2.83972 1.52227 -0.378927 0.0291127 0.513074 -0.236772 -0.759318 -0.214515 1.17932 0.388349 -0.536479 -0.714036 
2.85781 1.11747 -0.697831 -0.22074 1.41304 0.13986 -0.633429 0.678217 0.740188 0.381091 -0.484467 -0.63431 
2.66208 1.09043 -1.06232 -0.358684 1.43345 0.872239 -0.0956662 0.411565 0.498747 0.299543 -0.283447 -0.46058 
2.74505 0.819152 -1.85151 0.0727331 2.38676 1.38837 -0.0415077 0.448861 0.279138 0.33222 -0.281582 -0.372988 
2.98168 0.472031 -2.24955 0.377898 3.28402 1.54793 0.0154231 0.556227 0.503708 0.383304 -0.395594 -0.418498 
2.84991 0.170256 -2.46084 0.410564 3.51243 1.59127 0.0628111 0.612303 0.88312 0.658586 -0.313141 -0.453773 
2.84226 -0.0425384 -2.84404 0.432911 3.79408 1.48828 0.356597 0.209357 1.19046 0.820423 -0.216986 -0.475885 
2.70546 -0.0928107 -2.70261 0.606006 3.79729 0.934054 0.779052 -0.30033 1.3544 0.781151 -0.0803007 -0.385489 
2.73897 -0.0967176 -2.65518 0.719007 4.25667 0.468566 0.917537 -0.657301 1.26898 0.644092 -0.212255 -0.286285 
2.56407 0.280524 -2.60624 0.580677 3.98566 0.78715 0.763316 -0.87752 1.06312 0.604147 -0.0882803 -0.335698 
2.58497 0.325593 -2.68552 0.452276 4.63537 0.613034 1.00667 -1.01253 1.06629 0.723133 -0.160846 -0.202565 
2.57166 0.0118578 -2.49714 0.152439 4.42569 0.983544 0.851486 -0.112838 1.15025 0.871024 -0.298756 -0.324144 
2.52056 0.230279 -2.83496 0.27726 4.39713 1.09224 1.04372 0.111192 1.25524 0.824623 -0.349509 -0.36761 
2.47982 0.3312 -1.96575 0.0671785 3.43823 1.55401 0.775619 0.367306 0.755878 0.554709 -0.21244 -0.338212 
2.39147 0.708819 -0.922248 0.169142 2.56738 1.3249 1.25452 0.180885 0.933733 0.526704 -0.122459 -0.304019 
2.37894 0.864151 -0.624504 0.0223487 2.57852 1.34738 0.583263 0.0879945 0.66042 0.916477 0.344636 -0.129139 
2.49178 0.795747 -0.736468 0.0402318 2.15664 1.30132 1.24586 -0.332523 1.00148 0.637468 0.0937473 -0.177563 
2.4729 0.994842 -0.396893 0.222424 2.08451 0.858672 0.846382 -0.0382456 1.51213 0.735325 0.0443774 -0.165098 
2.43161 1.32109 -0.57515 0.791412 2.46682 0.856834 0.302707 -0.807944 1.0446 0.793793 0.430616 -0.0670685 
2.41184 0.843632 -0.773556 1.0639 3.02226 0.966367 0.485689 -0.790888 0.549868 0.47756 0.169727 -0.103694 
2.23643 0.905253 -0.334234 -0.0821218 3.11061 0.777868 0.368442 -0.839868 0.308762 0.613457 0.0669583 -0.0937023 
2.17699 1.05475 -0.671587 -0.307965 2.42621 0.821254 -0.286159 -0.765892 1.01018 0.660967 0.36689 -0.111045 
2.10961 0.855014 -0.8212 -0.309616 2.66351 0.582506 0.214536 -0.24933 1.06869 0.765345 0.173285 -0.192271 
2.09238 1.19034 -0.877512 0.046526 3.13661 -0.00773541 0.23884 0.37906 1.40433 0.815169 -0.10924 -0.201576 
2.224 1.21377 0.0171855 0.428549 2.83087 0.207725 0.626413 0.81242 1.8504 0.610942 -0.365449 -0.254498 
2.14455 0.798763 -0.0378799 0.476701 3.14515 0.755923 0.633263 0.692081 1.57984 0.669217 -0.289772 -0.225267 
2.16101 0.768563 -0.235228 0.246271 3.01307 1.04528 0.550833 0.174356 1.54828 0.620059 -0.00521882 -0.102837 
2.07946 0.879906 -0.247484 0.814231 3.12766 1.37255 1.07339 0.0976855 1.48693 0.568686 -0.0465759 -0.14612 
1.96607 1.01121 -0.45714 1.17156 3.61844 1.55216 1.53614 0.351902 1.29379 0.697088 -0.0597201 -0.148098 
1.93411 1.04843 -0.0135736 0.942169 3.74314 1.48656 1.24978 0.287298 0.985561 0.526457 -0.269171 -0.197902 
1.88561 0.986857 -0.00919083 1.27695 2.67886 1.47198 1.00745 -0.1811 1.15073 0.279204 0.0810051 -0.102258 
1.85572 1.31922 0.217461 0.408016 2.85288 1.35235 0.743512 0.062037 1.29603 0.251003 0.0450808 -0.142182 
1.7469 1.22369 0.746367 0.546809 2.67445 1.48455 0.653816 0.48557 1.55745 0.477365 -0.325835 -0.302713 
1.73095 1.11005 0.907803 0.446077 2.55754 1.58064 0.777855 0.265093 1.3057 0.592006 -0.209934 -0.184651 
1.77528 0.811022 0.475972 1.1517 2.9633 1.76334 1.40691 0.363759 1.67095 0.670558 -0.323046 -0.19126 
1.72396 0.754083 0.755061 0.905958 3.03604 1.29293 1.38606 0.520853 1.95939 1.11542 -0.307972 -0.169237 
1.63833 0.670409 0.555081 0.227588 3.21551 1.26114 0.826719 0.307253 1.21499 1.14994 0.355854 0.0401457 
1.42301 0.914963 0.376194 0.292896 2.2 1.84754 1.65079 -0.969579 0.292428 0.839554 0.0189473 0.0324086 
1.50747 0.835275 0.691683 0.362891 1.31169 0.163906 0.886794 -0.998642 1.19974 0.723408 0.232656 0.0649117 
1.53263 0.893755 0.865833 0.838479 1.31638 1.14431 0.824009 -0.72415 1.70583 0.302574 0.00806179 0.00727665 
1.4563 0.803025 0.985209 0.0766034 1.26375 0.163512 0.458223 0.00198783 1.62553 0.507267 0.184532 0.139453 
1.50022 1.06237 1.24506 0.159108 1.57633 0.599135 0.665947 1.16048 0.191459 0.868505 0.990453 0.27338 
1.65666 0.862778 1.258 -0.139627 1.35886 0.323651 0.655212 0.450929 0.287259 0.857471 0.179764 0.0362486 
1.71259 0.691347 1.7672 0.748763 1.55927 0.205017 0.780383 0.943724 0.324831 0.771867 -0.012237 -0.158894 
1.51966 1.04949 1.71537 1.25506 2.12558 0.50965 2.02108 0.837722 0.888809 0.091138 -0.0173106 0.174142 
1.29419 0.586651 1.19653 1.0804 2.25074 0.577667 2.03359 1.53193 0.62861 0.541032 0.3608 0.156962 
1.35333 1.15257 1.57175 0.756621 1.50283 0.760374 1.37528 1.14637 1.11614 0.708117 -0.0110857 0.0609632 
1.28798 1.10581 1.28325 1.07555 1.17373 1.04004 1.41004 0.965763 1.39508 0.691705 0.188338 0.0828504 
1.19326 0.894977 0.86305 0.692996 1.59213 1.25865 0.81471 1.58626 1.86301 0.181893 0.324229 0.0182073 
1.19203 0.952026 1.59742 0.690449 1.83498 0.653375 0.758827 1.22939 1.06455 0.0928169 0.654092 0.0808558 
1.1398 1.04865 1.75421 0.874894 2.23644 1.02471 1.49272 0.438547 0.453678 0.560447 0.279798 0.129667 
1.22417 1.2898 1.44293 0.867389 2.20682 1.76561 1.2717 1.07987 0.363741 0.825648 0.773684 0.200007 
1.27223 1.19488 1.72124 0.760297 1.27596 1.24181 0.867803 0.354435 0.572333 1.10368 0.80837 0.202126 
1.22136 1.1258 1.88452 1.44615 1.80082 1.06188 1.21438 0.771764 1.18268 0.552448 0.155637 0.129982 
1.21673 1.23335 1.78002 1.20312 1.5716 1.63384 1.51796 1.44171 1.23653 0.637842 0.0822101 0.143386 
1.16084 1.38879 1.95937 1.43923 1.58054 1.45453 1.59986 0.341625 0.677478 0.435309 -0.183049 0.0965287 
1.1105 0.926744 1.86134 1.44697 1.62254 1.17176 1.00186 -0.0900511 0.521604 -0.437444 0.0478583 0.058195 
1.19279 1.29471 1.52787 0.325866 2.22747 0.778772 1.63132 0.999229 1.43032 0.0316314 -0.0270393 0.133861 
1.14527 1.1219 1.61639 0.850959 2.28272 0.75441 1.8935 1.01558 0.527854 -0.20182 0.660721 0.24259 
1.12561 1.39243 1.44375 1.46887 2.30195 0.483213 1.6144 0.993662 1.09303 -0.0361853 0.584447 0.145343 
1.20764 1.24516 1.71218 1.05896 2.20766 0.661496 1.82445 1.70999 0.629589 -0.288733 0.514416 0.166262 
1.19783 1.10485 1.57572 1.2637 1.15945 1.07698 1.28112 1.99447 1.02524 -0.142815 0.791086 0.187197 
1.19099 1.42953 1.54918 0.67912 2.02817 1.27453 0.550793 2.14393 0.9683 0.636865 0.387413 0.0423383 
1.1449 1.38472 2.02439 0.846785 2.84178 0.714509 1.38232 1.69477 0.657742 0.371743 0.860368 0.205671 
1.16564 1.16711 1.90472 0.658887 1.80922 0.333808 2.31696 1.06808 0.949206 0.650518 0.813307 0.285663 
1.12493 1.29959 2.19456 0.836062 1.57276 0.828098 2.29756 0.816607 0.793858 0.568521 0.440213 0.176257 
1.093 0.859491 1.65969 1.07576 1.40032 1.3452 1.12348 0.683202 0.847714 -0.0387945 -0.134128 0.110052 
1.15922 1.18431 1.57102 1.60045 0.897374 1.13222 1.223 0.811344 1.12819 0.140148 -0.318721 0.0180571 
1.21467 1.32382 1.41988 1.41751 1.07848 1.25832 1.27946 0.12729 1.01666 0.100491 -0.0540732 0.0364112 
1.16051 1.41552 1.88181 0.250212 1.86676 1.31112 2.16543 0.547928 1.25261 -0.118613 0.101476 0.208601 
1.17029 1.21562 2.22575 0.483363 1.26967 0.778204 0.958307 0.469922 0.190206 -0.206904 0.336584 0.0794022 
1.01055 0.850752 1.89482 0.139643 1.30351 0.727487 1.90832 1.03423 0.553406 0.508136 0.444652 -0.0179369 
1.04762 1.0787 0.947384 1.08752 1.84377 0.435047 1.10095 1.16206 0.770976 0.467903 0.737734 0.060141 
0.960172 1.45752 1.41537 1.02059 1.57609 0.139139 0.825944 1.31753 0.711108 0.934235 0.7951 0.132048 
0.895661 1.5577 1.44517 1.41695 1.18578 0.199811 1.2028 1.31878 0.0391966 0.703938 0.522707 0.125703 
0.995778 1.55891 2.09343 1.82405 1.25121 1.21083 2.09591 0.666574 0.851938 0.0100461 0.371407 0.120384 
1.00961 1.37876 2.42215 1.47188 1.89429 0.731992 1.98552 1.07901 1.17278 0.0861513 0.265646 0.23259 
1.02007 1.14869 2.09309 0.898428 1.38619 0.341825 1.56572 1.44201 1.18532 0.867204 0.235376 0.172367 
1.07489 1.20105 2.39397 0.33106 1.15947 -0.0396412 2.4364 1.31168 1.63137 0.881778 0.0344513 0.228374 
1.10248 1.48434 2.32926 1.06204 0.998574 -0.0957394 1.1747 0.758205 0.93738 -0.151168 -0.130566 0.127314 
1.06431 1.28479 1.74273 1.67625 0.932994 0.258918 1.11169 1.45651 2.13022 -0.360878 0.60737 0.227665 
0.930515 1.21811 1.80083 1.28605 0.553409 0.525559 1.37949 0.838212 1.85532 0.106807 0.226519 0.199673 
0.915395 1.31276 1.85853 0.31471 0.2321 1.32056 1.68123 0.559204 1.35316 0.145841 0.413362 0.0635013 
0.816752 1.35513 1.91502 0.565106 0.904606 0.376498 1.04303 0.697477 0.586509 0.53127 0.387305 0.0508909 
0.783449 1.11816 1.54869 0.628607 1.73741 0.381016 1.48435 0.517759 0.85815 0.196779 -0.0545939 0.149991 
0.874905 1.15448 1.52913 0.913205 1.40316 0.595318 1.36923 1.04369 1.11608 0.104008 -0.123049 0.122363 
0.906794 1.19438 2.01312 0.650722 1.75242 0.377309 1.04223 -0.0470355 0.50111 0.614928 0.181468 0.113668 
0.879193 1.41419 1.48381 0.286373 1.93208 0.596891 1.07847 0.00957752 -0.276238 0.0217117 0.187873 0.0890115 
0.984522 1.4566 1.52453 0.810192 2.31272 0.656786 1.47447 1.36351 0.549445 -0.575969 -0.132095 0.0675204 
1.00828 1.29223 1.68967 1.12433 1.47321 -0.00909836 1.10155 1.34745 1.01268 0.32999 0.711421 0.145286 
1.0179 1.4985 1.72496 1.44536 1.49427 1.2496 1.67573 0.675244 1.40195 0.634136 0.798622 0.193366 
1.02732 1.4285 1.46853 1.51352 1.12989 1.60374 1.55764 1.60535 1.84569 0.510645 0.293796 0.182376 
0.868819 1.36723 1.57289 0.924037 1.6014 0.89412 2.29503 0.821057 1.20135 0.416258 0.35312 0.177736 
