0.584703 1.02602 1.74303 -0.271297 1.25509 1.42383 1.4961 1.09189 1.19572 0.655956 0.177217 -0.0278609 
0.537613 1.19278 1.09595 -0.38556 0.361689 0.564323 1.06633 0.386662 0.929161 0.722913 0.0380842 -0.2101 
0.595055 1.26885 0.956097 -0.607639 0.430392 -0.134661 1.71739 1.24102 0.616 0.15881 0.245141 -0.230663 
0.381531 1.02039 1.03841 -0.515773 1.68078 -0.184775 1.46412 2.19881 -0.38142 0.380381 0.276336 -0.212803 
0.327332 1.33595 1.07883 -1.11797 1.35557 0.493328 1.51344 1.76476 0.253919 0.853546 -0.233137 -0.0424676 
0.358466 1.33387 0.733226 -1.11982 0.868783 -0.519903 2.22408 1.69068 0.161206 0.491558 -0.0464924 -0.246449 
0.39942 1.4337 0.10002 -0.233095 0.146763 -0.174577 1.32769 0.792628 0.305361 0.531094 0.276197 -0.277452 
0.286487 1.59929 -0.159143 -0.771172 0.836712 0.0523681 1.40405 1.37873 0.0347486 0.528126 0.0871068 -0.0976734 
0.375162 1.18735 -0.656536 -0.47416 0.646103 -0.518939 1.70707 0.801274 0.586965 0.581263 0.0401135 -0.249674 
0.5528 1.03944 -0.706274 -0.439006 0.701402 -0.785532 1.59228 0.357965 0.349574 -0.0587587 0.0468153 -0.0517594 
0.728353 1.17545 -0.0489597 -0.686739 0.116964 -0.0214253 1.28339 1.16421 0.701763 -0.549098 0.422878 -0.196187 
0.767273 0.719256 0.110148 -1.26795 -0.234234 0.545348 1.97314 1.15392 1.31525 0.0572048 0.0442074 -0.0877863 
0.923559 0.749767 0.221585 -1.57267 -0.978805 0.416758 1.01081 0.637901 1.12129 0.484163 0.052275 0.0503904 
0.828203 0.740186 -0.228022 -1.73416 -0.231519 -0.294757 0.843032 0.344713 1.76731 0.256869 -0.253809 0.0519956 
0.854558 0.794742 -0.481892 -1.39751 0.503637 -0.518132 0.0915601 0.326577 1.15895 0.0131384 -0.179973 -0.109566 
0.839235 0.703893 0.416555 -1.14599 0.00711746 -0.822656 0.430962 0.799488 0.683026 0.596032 0.0128973 -0.0533145 
0.860461 0.971883 0.2976 -1.16867 0.442421 -1.1258 1.03726 1.05882 1.04427 0.694349 -0.00644333 0.0459931 
0.692702 1.18181 0.618122 -0.503184 0.527319 -0.121724 1.47403 0.681837 1.10325 0.25784 -0.31303 -0.0743723 
0.777978 1.20493 1.14051 -0.0319315 0.791249 0.0614489 1.93524 0.45769 0.365833 -0.149793 -0.379044 -0.0552689 
0.930332 1.45722 1.60612 0.163387 1.01141 -0.436752 1.06521 1.05354 0.327929 -0.297169 0.233888 -0.111494 
1.0733 1.80773 1.50405 1.32855 1.88512 0.452503 1.40882 0.399279 1.02479 0.260935 -0.0470891 0.0279902 
1.64067 2.46047 3.01591 2.43362 2.76875 0.239374 1.19578 -0.336563 0.97106 0.0394539 -0.396167 -0.0588972 
1.49229 2.32833 2.52459 2.43463 2.23 1.17362 0.755263 0.0412235 0.0548682 -0.280014 -0.113612 -0.174034 
1.79994 2.9054 2.80373 2.51682 3.03301 0.633174 0.605658 -0.0877196 0.286261 -0.446581 -0.271692 -0.228634 
1.90869 3.14686 2.94239 2.20543 3.75619 -0.21124 1.15464 -0.145095 0.545182 -0.46973 -0.414428 -0.134832 
1.83224 3.25704 2.91499 2.37176 3.83824 0.268484 0.738284 -0.457353 0.224154 -0.371673 -0.418434 -0.236183 
1.79757 3.35935 3.21504 2.50211 4.35878 0.269149 0.198225 -0.619709 0.113448 -0.039184 -0.621325 -0.287298 
1.79246 3.03033 3.24479 3.08537 3.70599 0.710122 -0.263161 -0.499591 0.169318 0.0599943 -0.645187 -0.345552 
1.68394 2.97634 3.24412 2.83204 3.46109 0.631814 0.0006312 -0.234264 -0.356133 -0.0976166 -0.57472 -0.32707 
1.75518 3.25526 3.11214 2.63049 4.53693 -0.0171394 -0.589611 -0.76733 0.122352 -0.137109 -0.780404 -0.439797 
1.75859 3.00959 2.88311 2.92311 4.53577 -0.450685 0.447749 -1.55229 0.186887 -0.204524 -0.8688 -0.309884 
1.70417 3.17576 2.92574 2.5507 5.40414 -0.887195 -0.106456 -1.30262 0.111442 -0.386612 -1.01924 -0.425022 
1.58231 3.06286 2.94844 2.70329 4.88492 -0.672654 -0.0266088 -1.24228 -0.326188 -0.450974 -0.922439 -0.429801 
1.59342 2.8795 2.78439 3.08395 4.35128 -0.638807 0.261429 -1.57766 -0.116157 -0.422787 -0.869926 -0.37977 
1.60942 2.82644 2.98577 2.99423 4.54361 -0.728142 0.139296 -1.4963 0.078788 -0.397764 -0.959985 -0.370684 
1.51208 2.65727 2.90726 2.73358 4.51952 -0.45882 -0.0427251 -1.13691 0.259506 -0.156166 -0.795305 -0.343323 
1.4816 2.50838 2.72747 2.82976 4.23006 -0.393731 0.491555 -1.02773 0.717682 0.190827 -0.770324 -0.207516 
1.53291 2.5984 3.0129 3.16036 4.30551 0.480907 0.859342 -0.464998 1.11306 0.203071 -0.48334 -0.166552 
1.71426 2.86468 3.19577 3.68951 5.23646 -0.0048666 0.578535 -0.959704 1.33358 0.101308 -0.834067 -0.317299 
1.72249 2.90969 2.95724 3.6101 5.07961 -0.0054845 0.108245 -0.717922 0.756425 0.283318 -0.872768 -0.384969 
1.67176 3.08697 3.25924 3.25393 5.3088 0.13002 0.0927555 -0.431384 0.574929 0.459307 -0.881807 -0.331178 
1.64593 2.68101 3.25934 2.99053 5.04185 0.719957 0.205868 -0.470516 1.1602 0.579894 -0.582583 -0.25203 
1.47103 2.5086 2.68421 2.75963 4.48437 1.12016 0.165361 -0.00704811 1.00959 0.71218 -0.384052 -0.220929 
1.55652 3.02794 2.64365 3.056 5.36869 0.0514159 -0.147582 -1.15467 0.878272 0.25091 -0.678174 -0.437362 
1.58167 2.78378 2.7648 3.36678 5.31495 -0.228581 0.323712 -1.78354 0.383751 0.00988211 -0.812395 -0.453745 
1.54455 2.7088 2.63327 3.26351 4.26496 0.348814 0.233938 -1.38197 0.0898692 -0.0067745 -0.531446 -0.406524 
1.5844 2.85334 2.4709 2.88047 5.14366 0.125859 0.0364484 -1.23103 0.291502 0.258826 -0.614995 -0.405481 
1.56855 2.65986 2.21967 2.66421 5.22094 0.114187 0.414789 -0.969087 0.998742 0.655711 -0.55116 -0.263408 
1.70498 2.6577 1.48606 2.86179 5.14806 -0.0965544 -0.153311 -0.963694 0.860965 0.385663 -0.449251 -0.386269 
1.65869 2.47647 1.56932 2.88248 4.70492 -0.0383217 -0.352355 -1.18188 0.728014 0.271502 -0.331069 -0.382779 
1.67381 2.45759 1.69148 2.90977 4.63745 -0.2933 -0.553728 -1.35223 0.681886 0.0284157 -0.400824 -0.41747 
1.89734 2.36037 1.29573 1.80117 5.57206 0.331962 -0.356013 -0.87399 0.832106 0.101577 -0.249285 -0.420037 
1.84183 2.1871 1.16797 1.67539 5.14838 0.496565 0.117002 -0.542571 1.00819 0.580537 -0.287893 -0.343214 
2.02782 2.2656 0.835878 1.12563 5.70733 0.252045 0.235549 -0.816732 0.793386 0.445224 -0.401077 -0.306823 
1.94052 2.21043 0.9843 1.39318 4.64632 0.978393 0.194874 -0.955245 1.24157 0.151181 0.00279278 -0.322656 
1.92647 2.0454 1.18041 0.987426 4.65299 2.15609 0.809466 -0.397661 1.46014 -0.0185506 0.0630705 -0.236264 
2.04577 2.20959 1.25166 0.832207 4.01463 2.15997 1.06794 0.532981 1.48153 -0.0217427 -0.084164 -0.269631 
1.9962 2.33021 1.70825 0.914663 2.65715 1.43967 1.30117 1.10025 1.13527 0.552952 -0.165749 -0.185941 
2.07569 2.36746 1.82463 0.633214 3.19476 0.964253 0.993216 0.941994 0.836835 0.319576 -0.066257 -0.0774257 
1.76914 2.14189 2.14152 1.07705 3.05086 1.44074 0.43663 -0.0572503 0.410005 -0.184471 0.484673 0.200268 
1.79101 1.62405 2.33664 1.2593 3.53443 0.405964 0.0952742 -0.345622 0.618181 0.391527 0.00276787 0.106949 
1.8673 1.96661 2.23625 0.272262 2.57157 -0.453189 -0.256347 0.0772136 1.29801 1.14293 -0.0437788 0.0716129 
1.97374 2.42279 1.77932 -1.07184 0.107466 -0.627398 0.625813 0.254006 1.62238 0.262111 -0.065084 -0.0939756 
1.98957 2.11947 1.46277 -0.384589 -0.386056 -1.07159 1.4078 0.291963 1.89773 0.295708 -0.0942596 -0.174973 
1.96211 1.84477 1.36616 0.0439304 0.977534 0.0845166 1.23968 0.389887 1.32764 0.919315 -0.0514796 -0.136053 
1.8715 1.45817 1.4025 -0.159652 2.13726 -0.267287 0.76737 0.363768 1.73988 0.864626 -0.590037 -0.299285 
1.58623 1.65944 2.64808 -0.403316 1.92776 1.62571 0.0577386 0.286037 1.04859 0.555698 -0.425252 -0.11579 
1.56664 1.76021 2.57655 -0.13323 1.02064 1.65159 0.813382 0.429017 1.01556 0.693823 -0.410117 -0.0536226 
1.68094 1.95434 2.21331 -0.54313 1.51929 1.32066 0.881795 0.698056 1.6646 0.8868 -0.278809 -0.046083 
1.85865 1.97545 1.64265 -0.907438 1.39219 -0.123866 1.59317 1.43147 1.86701 0.812394 0.0269806 0.0365682 
1.79534 1.80415 2.10886 -0.0694311 -0.0948094 0.131543 1.67146 1.72385 0.580365 0.747718 0.555 0.0948031 
1.75899 2.05976 2.1142 0.584712 1.24767 0.500093 1.16299 1.30513 1.4605 0.572429 0.0446239 -0.0049913 
1.73975 2.17895 1.77776 0.553246 2.10987 0.706703 1.08412 1.46314 1.00678 0.721614 -0.22189 -0.149396 
1.66641 2.1737 1.91549 0.103022 1.87709 -0.256139 0.961609 0.946958 0.992539 0.409062 -0.0109305 -0.00256567 
1.68375 2.0204 2.37017 0.169268 0.723854 0.452356 1.52286 0.902541 0.264807 0.234242 0.0703812 -0.0551786 
1.69318 2.11993 2.49075 0.324655 1.47804 0.973302 1.12042 1.20034 1.02862 0.260799 0.0730875 -0.00873988 
1.66479 2.43473 2.52373 0.827994 1.48879 0.518679 1.09126 1.1704 1.49631 0.155693 0.262589 0.0744896 
1.687 2.14234 2.74407 1.05225 1.49745 0.732723 1.96246 1.13077 1.24839 0.0305708 0.154225 0.101078 
1.6558 2 2.50487 1.15422 1.26122 0.36007 1.97907 0.931747 1.14081 -0.0432235 0.275729 0.143021 
1.71534 1.95875 2.28443 0.418706 1.80475 0.576794 1.29613 0.654225 0.851887 -0.460575 0.19342 0.12772 
1.62828 2.01585 2.23257 1.15254 1.96667 0.811608 1.06727 0.751189 1.9039 0.130532 -0.111787 0.00699592 
1.5748 1.99651 2.27583 1.38051 1.69409 0.0833089 -0.114602 0.969054 1.93223 -0.00372976 0.181919 0.120474 
1.55308 1.87219 2.96258 0.964207 1.67503 0.0196312 0.544552 0.860717 0.682848 0.278811 0.317218 0.172733 
1.55924 1.79426 2.64342 0.798682 1.86429 0.828246 1.75384 0.745294 0.726149 0.8274 0.10618 0.15862 
1.44341 1.85194 2.48491 1.41148 1.30335 1.22923 1.30267 0.212276 0.964992 0.598309 0.44856 0.236452 
1.44077 1.62126 2.79552 0.87523 1.02339 0.611637 1.77524 0.809499 1.12353 0.903603 0.730604 0.343804 
1.38827 1.97671 2.55488 0.933063 1.39413 0.362329 2.87998 1.03262 1.00752 0.738696 0.351657 0.223755 
1.35293 1.96436 2.19806 0.924852 1.68422 0.603333 1.75512 1.08805 1.86763 0.272991 0.212635 0.17589 
1.43778 1.73526 1.99102 1.04739 1.17161 1.18133 1.57957 1.01438 1.39012 -0.153139 0.389136 0.131065 
1.4546 1.52105 2.1096 0.800066 1.02935 0.916238 0.789616 0.991908 0.295821 0.510273 0.282501 0.0267561 
1.33758 1.74594 1.71295 0.393641 1.03261 0.318136 0.33981 0.539329 0.0214083 0.410492 0.620664 0.162387 
1.37025 1.48132 2.16846 0.396535 1.04941 0.279785 0.467934 0.603651 0.0770416 0.15731 0.251765 0.0259446 
1.31221 1.62573 1.79084 1.04733 0.675141 1.46866 0.553488 0.201354 -0.0733037 0.28259 0.503651 0.0961695 
1.45011 1.6711 1.94636 0.628496 1.71556 1.36596 0.275356 0.689855 0.644164 0.236284 0.934734 0.262055 
1.34281 1.66294 1.37527 0.220349 1.82037 0.428355 1.61511 0.911796 1.13919 0.582148 0.877254 0.275625 
1.27791 1.39057 2.1599 1.02799 1.57886 -0.413924 1.669 0.481741 1.00028 0.463137 0.43428 0.224459 
1.26652 1.46502 2.41651 0.878174 1.14342 -0.276521 1.73121 0.687712 1.08493 0.417637 -0.0253428 0.111098 
1.29756 1.34976 1.86341 1.23722 1.83472 0.115892 1.51386 1.10517 1.61305 0.341836 -0.278668 0.0803079 
1.22766 1.33582 1.81655 0.940748 1.49284 0.942955 0.933985 0.607052 0.601707 0.0311435 0.243547 0.0442042 
1.26324 1.50685 2.16234 0.10274 1.72025 1.65518 1.33647 0.0328502 0.822171 0.645219 0.125124 0.205222 
1.28769 1.44632 1.66087 0.0489592 1.35257 0.649583 1.67543 -0.546494 0.608628 0.636117 0.291557 0.237691 
1.31817 1.51193 1.53704 0.335461 1.47943 -0.308983 1.18059 0.0941698 0.436092 0.636766 0.576256 0.270246 
1.32708 1.61118 1.60841 -0.355389 1.20167 -0.363152 1.3749 0.811973 0.272531 0.964888 0.732951 0.25576 
1.08844 1.31665 1.5167 -0.0230554 2.11984 -0.0394516 1.40053 1.44412 0.88871 0.574092 0.929883 0.176812 
1.14152 1.28541 2.13354 1.19593 1.27301 0.635021 1.36428 0.771218 1.68853 0.287639 0.548974 0.259157 
1.24446 1.25044 1.78913 1.34021 1.41067 0.253585 1.10427 1.0101 1.13854 0.187378 0.402376 0.171506 
1.06617 1.45232 1.57413 0.211662 1.8306 0.224885 1.16442 0.305338 0.195865 -0.382536 0.490838 0.079813 
1.06651 1.29655 1.85001 0.291189 1.20531 0.203759 1.00488 0.152565 0.144866 0.120906 0.724567 0.0940484 
1.06921 1.08058 1.70385 0.262498 1.05368 -0.102975 0.755643 0.863401 0.819956 0.587572 0.712049 -0.0433197 
1.01186 1.20365 1.25101 0.250639 1.16641 0.287682 1.38595 0.806424 1.26977 0.328636 0.543698 0.0283673 
0.90306 1.20832 1.80425 1.12417 0.624386 0.339576 1.56108 -0.0606453 0.897116 -0.303058 0.768728 0.0925546 
1.02734 1.25064 1.76877 1.27204 0.860742 -0.273988 1.61344 0.41983 0.98204 0.330053 0.332042 0.14395 
1.04975 1.56387 1.60716 1.04644 0.840508 0.329112 1.72063 0.074835 1.20056 0.402893 0.5679 0.122284 
1.12762 1.15362 1.51808 0.784407 -0.10351 1.35254 0.946917 0.755663 1.10351 0.245885 0.746428 0.159202 
1.09894 1.06564 1.6835 0.992867 0.674614 0.527941 1.21036 0.17931 0.317939 -0.824383 0.564543 0.0688495 
0.907668 1.28854 1.44971 0.808973 1.78713 0.354949 1.04747 0.368897 0.391646 -0.111568 0.315353 0.082489 
0.841321 1.29254 1.52331 1.1548 1.40196 0.170817 0.784697 0.16127 1.05597 0.450576 0.458116 0.0548635 
0.947665 1.24277 2.04727 0.830133 0.424841 -0.0667196 1.05825 0.634277 0.663644 0.965546 0.412272 0.0962436 
0.92745 1.45996 1.69734 0.602944 0.72948 0.0690831 0.863564 0.340836 0.19473 1.07903 0.436425 0.167458 
0.758536 1.24914 1.42149 0.525084 1.03588 -0.121162 0.479143 0.535378 0.319012 0.84397 0.331158 0.136068 
