0.501854 0.746197 1.38175 1.00344 1.14314 1.17361 0.899373 1.97491 1.12774 0.690169 0.164125 0.028926 
0.449421 0.678825 1.24987 1.22573 2.12103 1.17213 0.774451 1.19057 1.19484 0.251427 -0.114832 0.194094 
0.440888 0.738006 1.28908 0.889049 2.11611 0.575873 0.738747 0.630352 0.720076 0.0170942 -0.0539887 0.303462 
0.369433 0.762568 1.1057 0.614825 1.35004 1.43888 0.504208 1.03864 0.263017 0.259377 0.366218 0.0700584 
0.376474 0.875315 0.401094 1.05853 0.90697 0.940608 1.17422 0.747844 0.568634 0.245635 -0.127545 0.141071 
0.464292 0.726967 0.566919 1.04433 1.14499 0.226357 0.694315 0.406266 0.537978 0.624509 -0.177696 0.182816 
0.510109 0.787771 0.92722 0.489351 0.964624 0.741084 0.744147 1.30637 1.06245 0.418671 0.146185 0.0599577 
0.470018 0.66145 1.20282 0.591244 0.514822 1.41022 1.34012 0.92841 1.48038 0.106771 0.158136 0.0529921 
0.545121 0.655975 1.09666 0.850117 0.866145 0.93394 0.856181 0.247282 0.436825 0.353781 -0.243481 0.107099 
0.357407 0.976112 1.09486 1.13291 0.63818 0.754646 0.371372 -0.474548 0.204286 0.0947718 0.0731645 -0.0134683 
0.485144 1.13476 1.40837 1.49122 0.610514 0.88899 0.934605 0.13127 0.777953 0.845008 -0.101767 0.0323403 
0.4218 1.24999 0.89168 1.56591 0.587306 0.721996 1.63616 -0.176456 1.0445 0.433174 0.187574 -0.0576459 
0.282233 1.16727 0.873225 1.22538 0.994686 0.738527 0.910248 1.52414 1.22588 0.369104 0.0893014 -0.103261 
0.229121 0.938363 1.19549 1.35964 1.4183 0.556854 0.10684 0.75217 1.2306 0.446971 0.0775907 -0.137481 
0.271501 0.571516 1.46629 1.00322 1.12502 1.23233 0.123584 -0.00842015 0.736677 0.537799 0.538042 -0.057623 
0.294258 0.908748 1.09692 1.53223 0.621434 0.145254 1.16602 0.568663 0.345393 0.227745 0.653245 0.052824 
0.376052 0.691005 1.38108 1.2393 0.531615 0.561319 1.04312 -0.00314644 0.577645 0.00118909 0.52219 0.0838685 
0.467946 0.854294 1.57014 0.848974 0.928217 2.31973 1.38315 0.365875 0.768183 1.21462 0.675164 -0.138617 
0.57377 0.867681 1.55303 1.77605 1.28906 2.41681 0.528236 1.11639 1.24107 0.843936 0.521527 0.0261604 
0.522035 1.05523 1.83117 2.2267 1.23664 2.14377 2.62707 1.77538 0.532478 0.973106 -0.052647 0.347321 
0.469563 1.35525 1.87999 1.70142 1.87956 2.08123 2.48103 1.40866 0.287239 0.597831 0.19245 0.283895 
0.725595 1.7963 2.50909 2.29493 2.2845 2.95678 2.53705 1.06141 0.391414 0.60863 0.511476 0.232657 
1.12502 2.40151 3.09267 2.97132 2.65993 1.81033 1.70292 0.706472 0.402743 0.795446 0.298795 0.0971285 
1.52554 2.64503 2.82345 2.61426 2.84179 1.33446 1.70323 0.464339 0.0265137 0.345146 0.253059 0.0749346 
1.81437 2.61249 2.06719 1.67856 3.13511 2.14629 1.82683 0.0774809 -0.321199 -0.779098 0.476621 0.212067 
1.80139 2.30194 1.61775 1.91645 3.05435 2.50901 1.96322 0.421683 -0.252805 -0.593102 0.453539 0.24121 
1.78574 2.15854 1.68582 1.88872 2.88432 2.30606 2.00147 0.585254 -0.335163 -0.832449 0.425683 0.22645 
1.91174 2.57851 1.73451 1.67515 4.14634 1.46824 2.0879 0.472967 -0.32261 -0.875403 0.109372 0.170942 
1.82584 2.70705 2.03353 2.20952 3.3538 1.99705 2.83071 -0.787372 -0.143147 -0.835274 0.322903 0.139265 
1.64211 2.46431 2.37638 2.18132 2.49632 1.95621 2.1656 -0.182034 -0.14094 -0.327411 0.284743 0.0540908 
1.7376 2.73794 3.12544 2.26104 3.54273 1.89539 2.59381 -0.379348 0.657087 -0.325638 0.262489 0.147899 
1.62799 2.4482 3.24211 3.00251 3.57781 2.35517 1.81761 -0.119217 0.731672 0.4101 0.322311 0.0776936 
1.71104 2.35547 3.12591 2.81009 4.05339 1.52665 2.42949 0.237309 0.321141 0.076699 0.370989 0.17761 
1.59272 2.69455 3.24938 2.04222 3.80994 1.59316 2.52293 0.106147 0.0515013 -0.4664 0.370987 0.078003 
1.56968 2.69609 3.25695 2.89767 2.97192 1.40244 1.08602 0.35155 0.08895 -0.0614202 0.178954 -0.0527497 
1.76737 2.7746 3.38932 2.62984 3.80692 1.4163 1.77235 0.0345535 -0.247095 -0.350126 0.108223 -0.0432925 
1.81754 2.7367 3.09416 2.30078 3.69975 1.30001 2.05327 -0.570671 -0.671947 -0.348151 -0.00900294 0.00940918 
2.02774 2.59705 2.72114 1.73006 3.34261 1.19486 2.49992 -0.99621 -1.16473 -0.865877 -0.212778 0.117046 
2.00206 2.44574 2.6621 1.53983 2.35398 1.71778 1.91968 -1.17773 -2.1821 -0.739464 -0.224065 -0.0405673 
2.09097 2.40885 1.76118 1.7769 2.70747 1.27145 0.768754 -0.519617 -2.65122 -0.966292 -0.203641 0.0177012 
2.18442 2.74821 0.869725 1.21396 3.13859 1.25811 0.399629 -1.38345 -2.25518 -1.32722 -0.307729 0.0474685 
2.00948 2.63285 1.17831 0.802148 2.91163 0.769956 0.687619 -1.95878 -2.15799 -1.31842 -0.251741 0.0743054 
2.10499 2.73121 0.750708 0.46722 3.61689 0.336022 0.154667 -2.21413 -1.78497 -1.43594 -0.300293 -0.0271561 
2.00064 2.86119 0.91741 0.318743 2.81314 -0.11893 0.0174486 -2.72022 -1.63748 -1.28568 -0.236031 -0.0176613 
2.08694 3.15075 -0.118308 0.0375603 3.29762 -0.645142 0.989436 -2.96934 -1.48467 -1.52381 -0.392961 0.146674 
2.15638 2.67398 -0.0471643 -0.0899045 3.17073 -0.716064 0.560765 -3.03801 -1.22045 -1.88672 -0.294136 0.138969 
2.08577 2.83862 -0.158127 0.205822 2.45242 -0.974568 0.87792 -3.17177 -1.29163 -1.78088 -0.0877729 0.26087 
2.01916 2.68894 -0.384771 0.00514928 2.78564 -1.02825 0.14134 -2.96919 -1.21896 -1.36636 0.0695381 0.261338 
2.10331 2.31183 -0.84932 -0.224263 2.91617 -1.37654 -0.299575 -2.73704 -0.937864 -0.920632 0.00282532 0.318358 
2.17914 2.20656 -1.2998 0.0125169 3.1948 -2.03294 -0.648991 -2.56025 -0.494837 -0.607877 -0.367011 0.265798 
2.33397 2.40397 -1.45816 0.350781 2.62149 -2.6983 -0.948044 -2.39765 -0.110851 -0.20257 -0.477059 0.242377 
2.40198 2.63788 -1.89714 0.257339 2.17945 -2.52602 -0.856179 -1.91298 -0.24414 -0.0678578 -0.599672 0.320617 
2.40597 2.31381 -1.8089 0.470415 1.9497 -2.0919 -1.43933 -0.855115 -0.156619 0.0409451 -0.74534 0.152504 
2.5009 1.86518 -1.81 0.428382 1.96818 -2.05015 -1.21576 -0.800164 0.448425 0.0981578 -0.435908 0.10391 
2.6197 1.80089 -1.88712 0.849532 2.14691 -2.28704 -1.20423 -0.720018 0.796573 0.19402 -0.443846 0.112947 
2.4547 1.3718 -1.75853 0.391639 2.52688 -2.1691 -0.902413 -0.420569 1.01351 0.456798 -0.456506 0.0355554 
2.53052 1.25629 -1.92408 0.274923 2.89402 -2.56109 -0.552493 -0.559364 1.30254 0.590324 -0.555416 0.0858257 
2.49872 1.02361 -1.65264 0.281564 2.8404 -2.42567 -0.833906 -0.46139 1.32717 0.759495 -0.443654 0.00729983 
2.60463 1.0224 -1.42108 0.208788 3.20759 -2.57788 -0.585441 -1.06259 1.23079 0.925144 -0.441664 0.0376363 
2.5107 1.29465 -0.710637 0.259481 3.06784 -1.41039 -1.26349 -0.444664 0.185371 0.709047 -0.314274 -0.110335 
2.67982 1.59817 -0.238686 0.670421 3.00976 -0.825611 -0.585028 -0.187404 -0.774063 -0.178704 -0.402953 0.106022 
2.46475 1.72728 -0.189419 0.547648 2.59663 -0.431347 0.322526 -0.806361 -0.481313 -0.774902 -0.392809 0.128286 
2.4035 1.45738 -0.254223 0.650176 3.0423 0.209916 -0.257414 -0.448622 -0.264385 -0.578154 -0.248359 0.131461 
2.32879 1.47308 -0.253949 0.518009 3.27726 -0.269267 0.017266 -0.544305 0.0721417 -0.360573 -0.191299 0.22571 
2.36099 1.31342 -0.190468 0.862251 3.60067 -0.728098 0.202067 -1.17111 0.744231 0.162127 -0.178751 0.180944 
2.24438 1.39854 -0.0813922 0.518545 3.34195 -0.16288 -0.425138 -0.0327945 0.103626 -0.197895 0.0296682 0.320128 
2.35364 1.5704 -0.337402 0.0224828 2.85244 -0.00512987 -0.0710796 0.240829 0.182624 0.543454 0.301446 0.296893 
2.39737 1.60218 -0.256538 0.377256 2.39854 0.169774 -0.19602 0.392873 0.90899 0.59609 0.179033 0.0590643 
2.37082 1.24818 0.223588 0.947074 2.48736 0.238752 0.277408 0.33938 0.703571 -0.154172 -0.136283 0.132124 
2.29183 1.15957 1.00969 1.22226 3.28261 -0.0115679 -0.0877134 0.441902 0.284451 -0.387254 -0.411566 0.0601044 
2.31024 1.61218 0.980768 0.613 2.80838 -0.391839 0.439993 0.213621 0.566619 0.032837 -0.202826 0.162259 
2.44881 1.6943 0.440869 0.893619 1.79553 -1.14047 0.178555 0.466605 1.71462 0.785245 0.0779188 0.0815985 
2.24426 1.51906 0.531426 0.486525 2.38213 -0.0611696 -0.483586 0.883329 1.02386 0.529075 0.103169 0.0373813 
2.14831 1.3676 0.883068 0.823633 3.94622 0.821849 -0.28683 0.567154 0.249739 -0.322257 0.173882 0.265469 
2.03267 1.58054 0.943109 1.67934 3.49766 1.16512 0.16091 0.969781 1.09074 -0.177042 -0.0876421 0.0151059 
2.13366 1.7063 0.882097 2.18669 2.7825 0.5776 -0.356501 0.895639 1.17264 0.243913 -0.00882813 0.0542892 
2.13463 1.21321 1.29987 1.39559 2.92764 0.39156 -0.332602 -0.0188562 0.670511 0.169238 0.326326 0.28886 
2.13853 1.53917 0.805162 0.561438 2.83801 -0.120509 -0.280992 0.155961 1.07707 0.701268 0.469632 0.281034 
1.99249 1.75035 1.03139 -0.0568014 2.22192 0.0684052 -0.332409 0.688425 1.17967 0.422511 0.507656 0.169562 
1.91978 1.66688 1.76866 1.40429 1.43431 0.102923 0.73335 0.262716 0.566446 -0.158973 0.13774 0.140073 
1.87967 1.71918 1.76174 1.34939 2.54455 0.514339 0.728862 -0.555732 0.793935 0.279918 0.00270462 0.0576303 
1.8766 1.974 1.6419 0.564 2.17591 0.673443 0.98265 -0.678719 0.567881 0.68469 0.359542 0.273521 
1.73763 2.03923 1.80077 0.330132 1.79028 1.05293 1.0834 -0.0914164 0.837937 0.616972 0.46967 0.315549 
1.72678 1.95416 1.55091 0.32763 1.72473 0.784089 1.00594 0.092638 0.937253 0.660835 0.380482 0.238468 
1.71658 1.75381 1.59592 1.10001 2.03549 0.775113 0.616658 -0.0820949 1.27521 0.582038 0.446251 0.223528 
1.65357 1.72682 1.65094 1.0821 1.84675 0.0132561 0.705616 -0.0147813 1.98735 0.912459 0.552302 0.324851 
1.7898 1.96839 1.54459 1.32479 2.04605 0.577643 1.18898 0.0927158 1.29622 0.813368 0.383055 0.206666 
1.68048 2.02835 1.7585 1.24666 1.54366 1.14577 1.26371 0.110526 2.02504 0.611025 0.541577 0.258792 
1.73834 1.75963 1.72559 1.31686 1.76353 0.856272 1.02431 0.26034 1.90614 0.566014 0.559408 0.301832 
1.74602 1.92694 1.54972 1.33461 2.04886 1.08246 0.627688 0.554815 1.35123 -0.159631 0.627568 0.279439 
1.71303 1.92085 1.31893 0.955575 1.90792 0.916655 0.866565 0.0777778 1.38442 -0.221427 0.854388 0.369417 
1.57149 1.78999 1.70334 0.350519 1.48903 1.33939 2.04696 0.0778797 0.612177 0.63834 0.74036 0.431356 
1.44033 1.48297 1.98684 0.45195 1.52475 1.23094 1.58101 1.38706 0.821022 1.0282 0.71438 0.251927 
1.56916 1.63779 1.8105 0.017773 1.9637 1.24396 1.39294 0.836804 0.440133 1.10575 0.860928 0.391159 
1.48247 1.51963 2.11092 0.587091 1.9124 1.44542 1.64701 1.06826 0.940227 0.836323 0.54123 0.271037 
1.51045 1.40463 2.09523 0.990627 1.79202 1.23326 1.74909 0.641133 0.400932 0.573794 0.4681 0.229982 
1.56209 1.72248 1.5987 0.832702 2.14144 0.311371 1.66405 0.580943 0.630402 0.672573 0.500463 0.31059 
1.44804 1.97584 1.69747 0.910212 1.90141 0.84317 1.33367 0.846982 0.940181 0.559118 0.457699 0.212133 
1.34647 2.02289 1.71307 1.16697 1.93677 0.609558 1.51709 0.242101 0.984022 0.442793 0.417418 0.21338 
1.39157 1.93944 1.99454 0.848229 2.03733 0.181968 0.627629 1.1258 1.22439 0.742384 0.443595 0.217108 
1.20768 1.64375 1.93681 0.907067 2.26544 0.325311 1.13154 1.18847 1.31318 0.863035 0.651873 0.266147 
1.1655 1.67377 2.05919 0.611737 2.68988 0.700791 1.64636 0.991076 1.21938 0.60761 0.775591 0.302573 
1.28253 1.67586 1.90029 0.45365 1.79892 0.27696 1.94177 0.531519 1.63678 0.498073 0.816956 0.359492 
1.27905 1.46373 1.839 1.20383 0.896912 -0.538361 1.70435 0.454302 1.50738 1.05842 0.991652 0.367925 
1.29842 1.47147 1.88593 1.50785 1.46923 0.179109 1.82528 0.56221 1.79466 0.710562 0.12374 0.207776 
1.16402 1.67066 1.88489 1.49355 1.10199 0.404684 1.63869 0.52153 1.40637 0.864892 -0.409027 0.112281 
1.21663 1.62792 2.08286 1.38527 1.34634 -0.380155 1.33255 0.388355 1.02375 0.0076936 -0.40577 0.0847554 
1.21582 1.67016 2.16685 0.980503 1.15111 -0.651766 0.532452 0.874693 0.957153 0.408447 -0.224932 0.121242 
1.28117 1.2411 1.84844 1.22507 2.3003 -0.057903 2.16747 0.937448 1.41948 0.361061 0.276626 0.322883 
1.18645 1.2473 1.96874 1.32856 1.93654 -0.473489 1.49095 1.00832 0.827358 0.447672 0.0241184 0.219594 
1.08471 1.28125 1.83603 0.321091 0.86806 -0.287947 1.35726 0.354094 1.05671 0.561226 0.551336 0.192948 
1.15679 1.16387 1.51187 0.535223 0.839928 -0.39287 1.52957 -0.450399 1.01405 -0.410631 0.416161 0.0518074 
1.10531 1.63504 1.6367 0.540092 1.94221 1.06808 1.10967 0.553146 0.875725 -0.0491871 0.244008 0.0728115 
1.12922 1.68179 1.59409 0.346199 2.35742 0.868823 1.19112 1.62671 1.24785 0.829693 0.292011 0.121507 
1.09149 1.22903 1.36484 0.7857 1.55804 0.446206 1.08077 1.77042 1.41258 0.518344 0.162245 0.0682724 
1.05715 1.42716 1.94035 0.966015 0.981328 0.349272 1.34661 1.25889 1.45553 0.77664 0.584989 0.174316 
1.09195 1.86983 1.7943 1.19605 0.976808 0.441853 1.79905 1.24337 0.398256 0.86517 0.602541 0.156668 
1.05507 1.65815 1.52311 1.11117 2.27842 0.0991219 2.21306 1.53601 0.259332 0.351616 0.395843 0.18287 
