0.350827 0.639917 0.874148 0.984177 0.516729 1.41349 0.410576 0.665133 1.31423 0.353744 0.0279547 0.170297 
0.407847 0.235848 1.46458 1.14957 -0.471897 0.851044 0.345628 0.511122 1.75323 0.6389 0.534526 -0.161482 
0.194825 0.575985 1.73089 0.933875 -0.278514 2.0346 1.46939 -0.00137134 0.885003 0.190538 0.516234 -0.228655 
0.222702 0.579047 1.718 0.87507 0.492023 1.708 1.14717 0.355637 1.23021 0.0123072 0.62023 -0.0995573 
0.277555 0.916184 1.24863 0.969781 1.54894 0.496157 0.983075 0.295766 0.208812 0.864897 0.687887 -0.0754576 
0.410556 1.04132 0.903471 1.38845 1.02594 0.079571 1.75423 0.828482 0.260738 0.968977 0.552491 -0.00416217 
0.344156 0.646192 0.917818 2.11508 1.29812 1.14566 1.2394 1.81172 1.04166 0.213146 0.43456 -0.0272164 
0.199724 0.554173 1.32977 1.16557 0.916117 1.28588 1.72781 1.81648 0.265257 0.0590631 0.287717 -0.0179444 
0.189449 0.668027 1.61122 1.06786 0.26284 0.90652 1.66095 1.70643 0.471691 0.350619 0.510246 -0.197317 
0.232135 0.734811 1.71705 1.6559 1.30864 0.852169 1.74924 1.35265 0.670786 0.281101 0.227189 0.0412393 
0.38872 0.431167 1.56826 1.88767 1.81121 1.45239 0.88266 1.12261 0.528354 0.236752 0.0833646 0.212085 
0.432225 0.268337 1.39716 1.4265 0.871366 1.14495 1.25301 1.34109 0.514666 0.60737 -0.0556649 0.0911603 
0.243377 0.319187 1.28279 1.44978 0.00343784 1.67091 2.03811 0.852951 0.406055 0.264307 -0.0108878 0.192709 
0.265172 0.363441 1.33574 1.42595 0.450528 1.12566 2.17833 0.669719 0.878865 -0.0263812 0.154945 0.224601 
0.196438 0.464818 1.27802 1.13738 1.00639 2.00688 0.922077 1.2988 0.402275 0.832152 -0.037156 0.12313 
0.262342 0.690654 1.22716 1.51967 1.23184 1.85411 0.918546 0.862425 0.943255 0.392317 0.21794 0.0512387 
0.206052 0.729365 1.63096 1.84529 1.204 0.761688 0.956268 1.39076 0.932735 0.254195 0.476706 -0.140648 
0.132057 0.691969 1.69283 1.11819 1.23862 0.876338 1.56651 1.78555 -0.15006 0.441928 0.307184 -0.107545 
0.295011 0.87377 1.46535 1.28835 1.61604 1.10441 1.253 1.12409 1.10959 -0.131186 0.0749834 0.250882 
0.31967 0.695527 1.84667 1.3922 2.46165 1.60354 1.92274 1.30594 1.61276 0.442464 -0.0697315 0.370005 
0.425536 0.985173 2.23364 2.19009 2.44186 0.941044 2.27512 1.4846 1.01931 0.725285 0.283613 0.312843 
0.48909 1.26714 2.57814 1.99073 1.89024 1.95431 1.69377 1.42703 0.933749 0.938742 0.636234 0.151718 
0.609775 1.71502 3.20554 2.52159 2.4424 2.38233 2.37405 0.909139 0.608027 0.759878 0.527223 0.146914 
0.771084 1.75589 3.90201 3.16985 2.50476 3.05957 2.6555 1.33194 1.01999 0.739012 0.458006 0.269833 
0.770129 2.16528 4.13301 4.26082 2.45476 2.46415 1.82527 1.53242 1.69165 0.182912 0.503148 0.268895 
0.86402 2.3799 4.4131 3.03173 2.26064 2.2843 2.27477 1.2313 1.17361 0.81465 0.115202 0.28783 
1.03003 2.34913 4.12274 2.91036 2.56126 2.11675 1.58542 0.941879 0.575515 0.767991 0.205476 0.0720458 
1.10982 2.20072 3.68353 2.69222 2.59799 1.50201 1.39746 0.637594 0.327328 0.36256 0.272536 -0.0250974 
1.18124 2.59044 4.33849 3.06134 2.78342 1.13897 1.13551 -0.620178 0.152257 -0.0787053 -0.132806 -0.212361 
1.29575 2.42053 4.06414 2.79884 2.94 1.51804 0.753901 -0.934115 -0.127432 -0.0792733 -0.0727491 -0.27283 
1.44386 2.20431 3.60858 3.07912 3.76488 1.29069 0.584796 -1.25454 0.137147 -0.106224 -0.0012521 -0.27465 
1.63016 1.99915 2.94316 2.84121 3.84285 1.21166 0.503153 -1.05794 0.261271 -0.00466117 0.124939 -0.126434 
1.76265 1.54252 2.74502 2.89511 4.39198 0.712274 0.30253 -1.29059 0.673886 -0.50406 0.0491437 0.0273819 
1.84713 1.41421 2.00963 2.62167 5.01152 0.147468 0.559458 -1.30594 0.615858 -0.595213 -0.0561421 0.205393 
1.83417 1.38404 1.65856 2.47428 5.23685 0.0709252 -0.207279 -1.50135 0.599784 -0.812956 -0.0241291 0.121892 
1.91006 1.25727 1.19139 1.99983 5.45104 -0.677121 -0.255115 -0.954824 -0.172125 -0.296787 -0.331824 0.211358 
1.92437 1.18121 0.973885 1.98924 5.18859 -0.83458 -0.100744 -1.35283 0.306701 -0.537368 -0.380774 0.272581 
2.06461 1.25385 0.710001 2.28783 4.34381 -1.20824 0.233293 -1.99262 0.215613 -0.862129 -0.36105 0.281012 
2.13168 1.43591 0.615573 1.42688 4.24578 -0.881586 -0.110039 -2.45741 0.159899 -1.11141 -0.414159 0.278761 
2.05892 1.74575 0.119281 1.43036 3.86744 -0.869037 -0.129269 -2.00093 -0.086988 -1.04587 -0.244177 0.140608 
2.08099 1.62159 -0.373128 1.85448 3.72242 -1.00688 0.0218753 -1.56827 0.19874 -0.848949 -0.339865 0.0802244 
2.23557 1.30377 -0.111507 1.79665 3.36668 -1.8461 -0.147055 -1.95477 0.421459 -0.683693 -0.343575 0.20237 
2.16624 1.35683 -0.0220862 1.62548 2.6058 -2.3119 0.173918 -1.48392 0.142905 -0.540146 -0.036128 0.402855 
2.13658 1.27908 0.232484 1.26058 2.07201 -2.57556 -0.095355 -1.05881 0.0605004 -0.412651 0.113272 0.564935 
2.28573 0.486552 0.360571 1.63852 1.33721 -2.86778 0.557884 -1.22349 0.484129 -0.208327 0.188282 0.551578 
2.2292 0.399102 0.305895 1.63137 0.848025 -3.16898 1.46898 -1.05991 0.288029 -0.147544 0.582489 0.602018 
2.18624 0.544928 0.26157 1.83114 1.55452 -2.99612 0.0381317 -1.12414 1.2378 0.276741 0.0840714 0.234983 
2.23166 0.674115 0.31292 1.37687 1.21304 -2.09911 0.322762 -1.33642 0.825733 0.539056 0.14449 0.0025879 
2.1079 0.817491 0.299206 1.06669 1.07885 -2.41084 1.02897 -1.19726 -0.133904 0.796717 0.49275 0.107565 
1.9772 0.48133 0.013463 1.60864 1.75769 -2.96408 0.52714 -0.0853789 0.332488 0.247228 0.327852 0.350105 
2.11865 0.0748914 0.187663 1.92967 2.25451 -2.33754 1.10725 0.180355 0.55542 0.223824 0.477695 0.583164 
1.95538 0.132808 1.17941 1.69883 2.33006 -1.46018 0.381164 -0.103134 0.938386 0.588183 0.249325 0.430296 
1.8833 0.427761 1.18139 1.3029 2.38579 -0.382011 0.931808 -1.25863 1.04229 0.356902 -0.323412 0.182357 
2.03234 0.715454 1.42814 0.527452 2.42089 -0.5066 0.713219 -0.623162 1.14167 0.328285 -0.423528 0.257424 
2.01301 1.09546 1.37159 0.854968 2.00226 -1.17211 0.319888 -0.478642 1.04488 -0.218918 -0.166067 0.346827 
1.98721 0.99753 1.10849 1.72851 1.97261 -0.959488 0.470859 -0.281826 1.02201 0.136118 -0.11242 0.089828 
1.7904 0.849911 1.75144 2.01249 1.9933 -0.495929 0.461027 0.0393504 0.281602 -0.126941 0.159668 0.198798 
1.84578 0.833492 1.8671 1.62628 1.79813 -0.114527 -0.275226 0.211698 0.749772 -0.294505 0.420394 0.432007 
1.66287 0.916593 1.89212 1.45398 1.50142 0.238651 0.185918 -0.575033 0.980608 -0.00115041 0.760216 0.471604 
1.69021 1.24787 1.9631 1.43874 1.64455 0.186411 0.705937 -0.653567 0.545065 -0.263375 0.434742 0.308054 
1.66369 1.19332 2.13198 1.24274 1.38376 -0.130837 1.9606 0.661343 -0.199999 -0.648662 0.361917 0.259865 
1.63423 1.22217 1.99445 1.63576 1.46781 0.449772 1.53798 0.707674 0.639278 -0.277208 0.372035 0.238566 
1.62631 1.21534 1.76023 2.12945 1.49487 0.83992 1.53239 0.6281 1.12009 0.0229411 0.440396 0.241633 
1.62758 0.829861 2.33027 1.25072 1.45902 1.80112 1.30258 0.566032 0.895708 0.135075 0.627382 0.384782 
1.64814 1.05223 2.42607 1.27489 1.84639 0.310999 2.12846 0.476656 0.362939 0.376188 0.466128 0.339185 
1.63864 1.23303 2.3486 1.38451 1.17112 0.312984 2.2393 1.0113 0.183322 -0.397701 0.718331 0.35694 
1.61869 1.20534 2.73771 1.13209 1.14641 0.803856 1.22974 0.955247 -0.0690383 0.0373722 0.828802 0.267162 
1.59921 0.98321 2.93896 1.38954 1.30095 1.2702 0.938948 0.963728 0.572678 -0.0141532 0.651944 0.304529 
1.5058 1.02115 2.70347 1.38053 1.06854 1.18953 2.05606 0.718009 0.319571 -0.210525 0.649026 0.288348 
1.45986 0.919629 3.07223 1.93626 1.74724 0.460978 1.76916 0.156883 0.413168 0.650574 0.462465 0.218993 
1.48456 1.07845 3.03407 1.46009 0.85505 0.187427 2.13539 0.171028 0.769887 0.548185 0.439989 0.277725 
1.35052 0.821012 2.74916 1.1482 1.00588 0.797493 2.31768 1.08421 0.661722 0.243649 0.468994 0.167036 
1.24287 1.07142 2.75658 1.00863 1.32999 1.24868 2.00644 0.856656 0.461404 0.0972228 0.901346 0.17757 
1.28589 0.786393 2.77068 1.39018 0.829772 0.345229 1.56199 0.675769 1.06889 0.170648 0.772772 0.310759 
1.29808 0.725307 3.29449 1.48584 0.913556 1.23954 1.65098 0.944067 1.20882 0.35784 0.431761 0.293713 
1.25278 0.999463 2.88668 1.7252 1.48042 1.1115 1.594 1.34454 0.506841 0.249227 0.428253 0.15385 
1.23224 1.2495 3.33913 1.71282 1.13248 0.441759 0.610524 0.675928 0.879606 0.281444 0.361219 0.226913 
1.22774 0.92796 3.23977 2.12812 1.66954 0.893726 1.14648 0.915267 1.12348 -0.253407 0.529467 0.325088 
1.19169 1.11605 3.04154 1.49829 0.979777 0.976728 0.947372 1.5294 0.909382 0.0512524 0.4813 0.160783 
1.18944 1.11135 3.16507 1.19265 0.465181 0.819153 1.11318 0.632368 0.638381 0.600914 0.454271 0.0694173 
1.17548 1.36949 3.26931 1.74921 0.909386 0.201991 0.679889 1.18281 0.796505 0.212947 0.485961 0.209021 
1.01283 1.08847 3.98048 2.46329 1.3013 0.733519 1.13898 1.58283 0.0710185 0.60199 0.282243 0.0804859 
0.971015 1.07737 4.15201 1.63217 1.34798 1.17276 1.93667 1.01936 0.39575 0.716226 0.252354 0.109067 
0.845451 1.08365 3.79969 1.01886 1.64666 1.24169 1.87689 1.11829 0.405459 0.467481 0.517438 0.0609153 
0.73417 0.511745 3.41397 1.34552 1.93557 1.64344 1.01497 0.671939 0.706192 0.603652 0.177059 0.00250484 
0.861257 0.8218 3.35166 1.80806 1.56134 1.09585 0.749591 0.155005 0.377529 0.0629833 0.541556 -0.0588394 
0.993284 0.975863 3.23235 1.54886 1.30519 0.377072 1.606 0.542033 0.0962745 0.0541304 0.19282 0.00359776 
0.947284 0.991059 3.01653 1.60922 0.643129 1.29387 1.36476 0.32275 1.08201 -0.27312 0.338768 0.134326 
0.710124 0.887231 3.45694 1.60201 0.920687 0.396917 1.0212 1.17039 1.44285 0.249186 0.211954 0.300089 
0.719491 0.925181 3.21914 1.21992 0.934611 0.377118 1.81644 1.59611 1.10798 0.534283 0.526239 0.202783 
0.784239 0.988541 3.41578 0.957467 0.524474 0.920778 1.4718 1.16102 0.756423 0.310151 0.599263 0.060341 
0.698498 0.728234 3.69011 1.35885 1.00804 0.714342 2.03778 1.70867 0.61875 0.402228 0.828672 0.115111 
0.605409 0.736753 3.90341 1.47755 0.238498 0.241325 1.63506 1.71803 1.34595 0.301434 0.743711 0.401016 
0.687712 0.862339 3.38089 1.01627 0.710274 0.549713 1.71094 1.05083 1.27811 0.290112 0.161357 0.367378 
0.742799 0.707747 2.94467 1.58843 0.97094 1.06866 2.27927 0.842767 0.77589 0.268607 0.268039 0.195025 
0.880003 0.42564 3.81183 1.90816 1.15305 0.911355 2.30563 1.11616 0.631469 0.869441 0.54199 0.173221 
0.767718 0.713234 3.94308 1.77513 1.14123 1.5085 1.97953 1.66098 0.174853 0.788893 0.81836 0.0281542 
0.647005 0.80362 3.79522 1.91313 1.05901 1.50795 2.22333 1.90165 0.607286 0.404601 0.399867 0.301502 
0.545395 0.729989 3.32943 2.27217 1.04429 1.43505 2.02845 1.51042 1.18565 0.114731 0.620575 0.329374 
0.709256 0.529595 3.38314 1.94654 1.20725 1.20986 1.52424 1.65745 0.971736 0.857624 0.236541 0.234559 
0.681827 0.598034 3.31395 1.64222 1.12474 1.33934 2.20673 2.10801 1.14307 0.406534 0.442207 0.352215 
0.597236 0.89605 3.30234 1.88168 1.54759 1.17738 2.40598 1.71426 0.987766 0.171095 0.775367 0.299164 
0.695242 0.637417 3.09581 1.81336 1.02854 1.50366 2.6954 1.09239 1.15185 0.347108 0.553735 0.257297 
0.619392 0.410538 3.29841 1.63153 0.661629 1.22809 2.24886 1.06286 0.712616 0.658336 0.489066 0.122002 
0.370619 0.573777 3.67137 2.1516 1.51387 1.04923 1.03364 2.2849 0.635204 0.425615 0.522982 0.254806 
0.577112 0.530636 3.11875 1.83762 1.33302 0.70448 1.16282 2.72709 0.253051 -0.020497 0.817231 0.153567 
0.529479 0.625564 3.1141 1.236 0.727812 0.608374 1.19034 1.9288 0.0556746 0.208766 0.660804 -0.097282 
0.531693 0.728668 2.70347 1.46932 0.484412 1.28023 2.01714 1.61577 0.356748 0.37049 0.458328 -0.0528377 
0.61352 0.35098 2.6883 1.55239 0.974728 1.70992 1.29338 1.29631 0.616105 0.388282 0.239608 -0.00330151 
0.545581 0.339498 2.4601 1.39953 0.387331 1.39266 1.29366 1.58706 1.83762 0.577337 0.111021 0.0690666 
0.44802 0.47851 2.84082 1.14195 1.02274 0.778812 1.67261 1.87936 0.745959 0.836911 0.368923 0.0689604 
0.418842 0.691689 2.97167 1.45798 1.06537 -0.179595 1.53834 1.36857 0.405866 0.603752 0.401588 0.114385 
0.471619 0.907101 2.46861 1.54379 0.612503 0.371848 1.86334 1.058 0.873988 -0.000864027 0.658247 0.0338688 
0.529521 0.465901 2.50821 1.70414 0.952054 1.81942 2.3994 0.987069 0.621419 0.175117 0.729682 0.10922 
0.466708 0.558506 2.72043 1.51514 0.920352 1.816 2.52691 1.35761 0.865248 0.344692 0.535136 0.174291 
0.548869 0.765567 2.64792 1.2967 0.886544 1.9396 1.62238 2.26842 1.17358 0.370925 0.719445 0.141097 
0.413234 1.05479 2.58001 1.03189 0.865296 1.52796 1.30102 1.4663 1.09255 0.614257 0.679734 0.0270676 
0.456912 0.691304 2.74099 1.01212 0.799325 1.97648 1.59167 0.810771 0.775527 0.34884 0.650343 0.032534 
0.432739 0.541544 2.44246 1.43836 1.13057 1.84703 2.07386 0.830052 -0.265503 0.541398 0.525584 0.0391227 
0.444297 0.593255 2.84476 1.47403 0.553775 0.723842 1.76689 1.55739 0.212087 0.765047 0.291108 0.0928418 
0.299332 0.365203 2.34365 1.59514 0.717059 0.949016 0.984099 0.971607 0.661502 0.252967 0.115741 0.160253 
0.363799 0.574801 2.19807 0.781128 0.444846 -0.147783 0.620686 0.437954 0.567628 0.278174 0.53209 0.00838587 
0.531999 0.901088 2.17941 0.668711 0.110015 0.827907 1.5212 0.263989 0.605516 0.696231 0.429922 -0.0563749 
