-0.148587 0.552094 0.782664 -0.54066 -0.737734 1.52471 0.433215 -0.276805 0.416454 1.24755 1.05931 -0.302578 
-0.188171 0.5847 1.44715 -0.422324 -0.643405 0.38909 0.271507 0.589262 0.743626 1.28496 0.854391 -0.378278 
-0.0834249 0.0913728 1.64328 0.178115 -0.616861 0.109885 0.61016 1.23027 1.27185 0.949647 0.412935 -0.0827112 
-0.143864 0.398239 2.03135 0.0872561 -0.295155 -0.178576 1.26199 1.40389 0.901359 0.677306 0.254639 -0.115497 
-0.072302 0.532665 1.26511 -0.192811 0.516439 -0.62581 1.15438 0.95824 0.379238 0.67402 0.590346 -0.300139 
-0.132075 0.362041 0.826869 -0.371031 0.568991 -0.688788 1.41786 0.667784 0.980467 1.03042 0.419178 -0.0888743 
-0.254234 0.299385 1.39078 0.391504 -0.193722 0.0870419 0.875886 0.520869 1.46718 1.22329 0.0957147 -0.12183 
-0.290963 0.0368529 1.66007 0.793573 -0.466067 0.123436 0.15222 0.894427 1.1067 1.00764 0.421785 -0.158412 
-0.25623 0.0805365 1.52388 0.393581 -0.68037 -0.127323 0.16696 1.53731 0.806064 1.18658 0.561254 -0.0947172 
-0.143478 0.0635244 1.49068 -0.462683 -0.518811 0.0104683 0.885092 1.44264 0.260081 1.69579 0.374685 -0.0541988 
-0.227864 0.344746 1.24177 -0.0651868 -0.229055 -0.058019 1.11729 0.352472 0.228555 1.36323 0.73082 -0.0368487 
-0.116559 0.0480239 1.2702 0.543844 -0.0409331 0.497937 1.34613 0.712105 0.569296 0.686497 0.189671 0.0684006 
-0.0507687 0.170947 1.29176 0.549186 -0.469051 0.605784 1.17635 1.26648 1.4292 0.481235 -0.109784 0.158698 
0.0425675 -0.000572441 1.58645 0.0275756 -0.379378 0.883913 1.29057 0.50899 0.661674 0.747599 -0.13098 0.16693 
0.0746023 -0.265603 1.74977 0.71692 0.676511 1.08412 1.32292 1.0842 0.10622 0.65393 -0.312936 0.0630106 
0.331776 0.109281 1.31699 0.344892 0.151248 0.126911 0.651926 0.571011 0.181483 0.681793 0.030714 -0.00804633 
0.678205 0.975208 1.518 0.701708 0.693665 -0.000800998 0.607858 0.515073 0.220256 0.649108 0.116723 -0.0298874 
1.05714 1.34043 1.37904 0.775651 0.746105 0.157865 0.181487 -0.466536 -0.320155 -0.157108 -0.348249 -0.197623 
1.94246 1.84401 1.29667 1.98752 2.04234 0.202613 -1.81626 -1.96162 -0.441709 -0.753231 -0.439108 -0.435115 
2.52435 1.37718 -0.154844 2.08264 2.42159 0.358538 -1.48565 -2.77825 -0.156622 -0.876394 -0.578203 -0.51038 
2.53203 1.61577 -0.242998 1.63657 2.13012 -0.0431828 -1.78849 -2.84534 -0.130758 -1.09258 -0.635215 -0.50171 
2.41997 1.61118 -0.374645 1.8125 1.66997 0.0553038 -1.7248 -3.11597 0.0310408 -1.45747 -0.571413 -0.524668 
2.25057 1.78763 -0.281094 1.77016 2.18933 -0.207488 -1.80393 -2.33007 -0.229974 -1.56542 -0.606945 -0.433818 
2.20857 1.56708 -0.0992995 2.04326 1.19937 -0.732311 -1.84669 -2.68315 -0.457542 -0.931827 -0.230846 -0.333907 
2.24595 1.02276 0.213752 2.92406 0.228764 -1.51964 -2.07547 -2.69588 -0.6192 -0.607081 -0.265907 -0.409101 
2.49749 0.556705 -1.47864 2.1502 -0.164252 -0.507156 -1.52307 -2.6812 -0.362739 -0.532579 -0.129274 -0.397073 
2.59374 0.422225 -1.58108 2.28361 -0.10696 -0.654624 -1.77378 -3.04204 -0.409125 -0.562748 -0.142385 -0.342708 
2.44429 0.872533 -0.718263 1.35334 -1.2452 -0.261199 -1.47686 -2.89356 -0.168913 -1.19422 -0.620711 -0.153735 
2.62153 0.713764 -0.904598 0.884739 -1.49351 0.395948 -1.83949 -3.07575 -0.244151 -0.00844298 -0.449073 -0.171563 
2.44151 0.892773 -0.0930178 -0.144399 -0.345399 -0.948606 -2.47519 -3.06067 -0.29704 -0.575319 -0.269417 -0.0464648 
2.531 0.600304 -0.947229 -0.467438 -0.0166085 -0.404726 -1.9023 -2.86236 0.603629 0.133849 -0.0811233 -0.150326 
2.63367 0.462763 -0.979866 -0.0386874 -0.151846 -0.810143 -1.482 -3.4496 0.328281 0.120439 -0.148484 -0.224958 
2.59721 0.540449 -0.654014 0.226398 0.5098 -1.06589 -1.68558 -2.39135 0.602697 0.468031 -0.151884 -0.36751 
2.70361 0.306116 -0.704876 0.195564 1.042 -1.30967 -0.84982 -2.70363 0.509985 0.665515 -0.213534 -0.389509 
2.63799 0.610791 -0.879464 0.179266 1.2994 -0.727206 -1.05799 -2.20115 0.632617 0.500946 -0.0880302 -0.348685 
2.68707 0.496183 -0.783901 0.513901 1.673 -1.00607 -1.26113 -1.62348 0.734955 0.425754 -0.337576 -0.392527 
2.56701 0.637858 -0.692416 1.10397 1.55485 -0.885282 -1.48661 -0.972054 1.06086 0.423481 -0.545298 -0.623579 
2.71663 0.62449 -1.09459 0.6205 2.01754 -1.15349 -0.333509 -0.549887 1.30295 0.330848 -0.808055 -0.714338 
2.59895 0.671999 -1.23403 0.196878 1.71089 -0.880731 0.990446 -0.47591 1.22561 0.093904 -0.669768 -0.586535 
2.44128 0.685938 -1.07792 0.421753 2.1927 -0.838469 1.26516 -0.475286 1.02177 -0.0524334 -0.573395 -0.342203 
2.53158 0.601381 -1.64874 0.708591 2.76599 -0.432455 1.21615 -0.00746684 1.21838 -0.209814 -0.723041 -0.375293 
2.3409 0.658681 -1.21069 0.848509 3.00424 -0.116196 1.08659 -0.185506 1.06507 0.120627 -0.469506 -0.315523 
2.40747 0.286484 -1.48038 0.962445 3.81002 -0.425979 0.569265 -0.245474 0.9886 0.420579 -0.501465 -0.250481 
2.41826 -0.081484 -0.986667 0.704905 3.50362 -0.162031 0.976943 -0.208773 0.735358 0.552198 -0.392009 -0.21136 
2.20059 -0.163529 -1.23992 1.6131 3.94787 0.260442 -0.0760088 -0.957734 1.25555 0.707426 -0.0527786 -0.228123 
2.30383 -0.11667 -1.68552 0.938865 4.58271 0.217541 0.00621905 -0.0773772 0.836936 0.891478 -0.281567 -0.222682 
2.32423 -0.531325 -1.21189 0.406217 4.73884 0.105701 0.241556 0.265842 0.635397 1.07901 -0.374348 -0.223825 
2.36256 -0.0624708 -1.55091 1.22401 4.65197 -0.0616355 -0.30866 -0.0717198 0.559047 0.780196 -0.396897 -0.227393 
2.22065 -0.00588942 -1.4361 1.81962 3.90887 0.611435 0.234363 -0.35058 0.723327 0.537946 -0.17588 -0.28018 
2.1109 0.0931939 -1.60228 1.34635 4.40543 0.515897 0.900846 -0.0748357 1.13723 0.75894 -0.292908 -0.239613 
2.06901 -0.0806171 -0.910595 1.38465 4.34796 0.156519 0.674718 0.221193 1.42237 1.02888 -0.176128 -0.138139 
2.03352 -0.266243 -0.253403 1.14541 3.83368 0.796904 1.59261 -0.160934 1.20486 0.898741 -0.27764 -0.104755 
2.00688 -0.00012611 0.173815 1.22641 3.39073 1.10063 0.898521 -0.457427 1.14655 1.15872 -0.0811297 -0.262716 
2.01351 0.161271 -0.231925 1.79844 3.38409 0.819963 0.157038 -0.698333 1.61109 1.08656 0.226892 -0.171779 
1.97399 -0.00806868 0.0402342 1.20578 4.51667 0.208304 -0.169052 0.0151723 1.66694 1.34692 -0.0729898 -0.120012 
1.85684 0.0326829 0.389159 0.937478 4.44068 0.56868 0.199305 0.0492268 1.08398 1.44613 0.263936 -0.0119208 
1.78208 -0.0580928 0.199104 1.23622 4.3997 1.53132 0.907643 0.44172 0.220052 1.10883 0.274937 -0.0466991 
1.91643 0.392663 0.0862094 1.17979 4.00579 1.94996 0.82523 0.160165 0.284322 0.574496 0.0223386 -0.0714159 
1.96947 0.381667 -0.09688 1.39603 3.94523 1.61214 1.60012 0.222174 0.806748 0.792583 0.0111209 -0.052328 
1.93298 0.474964 0.390615 1.28663 3.4608 1.22338 1.56198 0.206218 1.38229 0.679875 -0.206716 -0.0737261 
1.98588 0.798243 0.438739 1.14579 2.99514 1.57039 0.748212 0.460461 1.28315 0.402406 -0.357379 -0.267895 
2.10081 0.792663 0.643469 1.51674 3.69454 0.991404 0.222572 0.229542 0.95942 0.624887 -0.221167 -0.223141 
1.90739 0.746444 0.682189 1.3811 3.93818 0.651061 0.251022 0.329568 1.21703 0.899428 -0.0660483 -0.111816 
1.73552 0.732805 0.441603 1.25404 3.37987 0.170004 0.606654 0.690355 1.61394 1.66904 0.126748 -0.163845 
1.53558 0.679196 0.75055 1.35981 3.42546 0.979241 -0.054056 0.785407 1.6524 1.20039 0.0639464 -0.21518 
1.4991 0.756914 1.12326 1.30191 3.53251 1.54702 1.04279 0.241747 1.36288 1.1924 -0.285207 -0.158559 
1.5364 0.574587 1.22005 0.726056 3.92635 1.04803 1.03941 -0.355432 1.34975 1.37043 -0.188552 -0.038643 
1.30319 0.51078 1.05473 0.469943 3.74861 1.26527 0.218859 0.777882 1.16843 1.50062 0.333037 -0.205048 
1.21968 0.568011 1.03552 0.887149 2.89722 2.28165 1.16887 0.02615 1.57924 1.29852 -0.19108 -0.0773196 
1.18251 0.627495 1.50457 1.61629 2.55966 2.10446 1.40441 0.0670307 1.41729 1.00614 -0.606763 -0.0432649 
1.05524 0.709562 1.85282 1.80725 2.06686 0.705604 1.02518 -0.127723 0.95457 1.80506 -0.120613 -0.147755 
0.932588 0.644381 1.93137 1.3466 1.28931 1.67916 1.40332 -0.370908 0.803144 1.33838 0.297033 -0.145112 
0.804321 0.635626 1.72374 0.746574 2.31677 1.20931 0.897107 0.678594 1.06708 1.21474 -0.186403 -0.149949 
0.708994 0.596974 1.56162 0.753693 2.47322 1.23483 0.413932 1.15499 0.702614 1.0638 0.257474 -0.30043 
0.535518 0.821166 0.961525 1.21746 2.02699 1.33196 1.08691 0.544668 0.352612 1.1859 0.327476 -0.325211 
0.534462 0.99657 0.93594 1.25138 1.31881 0.982722 0.739992 0.255517 0.573234 1.59292 0.173702 -0.330359 
0.419002 0.959938 1.15507 1.17927 1.22997 0.774407 1.23817 0.125644 0.542345 1.63631 -0.108378 -0.227422 
0.24595 0.970869 1.69787 1.1992 1.8547 1.18691 1.64225 0.896592 0.478634 1.42438 -0.103667 -0.0450812 
0.48849 1.02995 1.97766 0.734818 1.24421 0.973576 1.46889 1.80707 0.203063 0.777256 0.443277 -0.144697 
0.428399 1.06354 1.71046 1.51121 1.35176 1.22401 1.69232 0.265895 1.11854 0.917743 0.674836 -0.20631 
0.394571 1.204 2.02866 1.79428 1.5522 1.19906 1.66788 0.209127 0.875316 1.72923 0.599732 -0.206887 
0.331085 1.32316 2.02748 1.4417 1.23625 1.37842 1.39448 0.171332 1.5189 2.14639 0.277525 -0.110044 
0.371632 1.1427 2.29544 1.32098 0.95626 0.857063 1.92894 0.549857 1.85209 1.88955 0.173346 0.00859287 
0.333101 0.999059 2.56646 0.68058 1.61699 1.25156 1.37178 1.01078 1.68519 1.86053 0.419761 -0.128647 
0.359801 1.24079 2.39204 0.979144 0.991871 1.16766 0.733671 1.34258 1.48968 1.29479 0.7775 -0.202221 
0.354915 1.47281 2.65469 0.929645 1.40887 0.799289 1.38536 0.672354 1.07991 1.33011 0.486923 -0.0190875 
0.569505 1.24651 2.56386 0.48655 1.92829 1.0837 2.09095 0.118852 1.13777 1.19604 0.420834 0.113503 
0.676349 0.674094 2.65335 1.05384 1.36655 0.354198 1.69995 1.24654 1.14559 0.722573 0.434427 0.00939003 
0.63729 0.625087 2.72315 1.19471 1.19961 1.03629 1.88926 -0.138887 1.26252 0.764351 0.559437 -0.0766511 
0.705426 0.665901 2.55245 1.13917 1.11522 1.23753 1.87315 0.831841 1.15777 0.741215 0.497769 -0.00569254 
0.580456 0.897817 2.61527 1.09139 1.83974 0.577973 1.16464 0.315753 1.16318 0.568916 0.648535 -0.063978 
0.529458 1.06907 2.54114 1.70146 2.10083 1.45124 2.11975 0.814634 0.824163 0.204204 0.526702 0.117725 
0.670746 0.748017 2.05185 1.24121 2.31185 0.604027 1.54532 1.03921 0.682438 0.626165 0.670386 -0.0522917 
0.51839 0.88578 2.25693 1.30951 1.75868 0.198724 1.29571 1.05134 1.54042 0.158675 0.0243924 0.125788 
0.431353 0.917472 2.43698 2.10311 1.25455 0.566485 1.64075 1.11406 1.2343 0.264266 0.596916 -0.0164954 
0.60316 0.924542 2.37933 1.68792 1.784 0.700632 0.977744 1.48937 0.781605 0.297201 0.988207 -0.0735379 
0.671924 0.806611 2.81154 1.87122 1.69511 1.46454 0.965611 1.63458 1.19774 -0.280544 0.918446 0.141192 
0.649823 1.11219 2.47712 1.85666 2.24998 0.932315 1.73823 1.53765 1.58518 0.230029 0.505443 0.281488 
0.673998 1.00728 2.1922 2.62739 2.07748 0.730681 2.54998 0.574395 1.41832 0.545754 0.68979 0.167024 
0.689104 1.04929 2.55857 1.5857 2.60761 0.813985 2.01112 1.06557 1.25669 0.164141 0.563398 0.2641 
0.646546 0.870356 2.7264 1.04323 1.27054 1.35652 2.29494 1.269 0.887586 0.797004 0.695503 0.0291714 
0.5148 1.03581 2.35208 0.511249 1.3534 1.91364 2.38303 1.06281 0.785299 0.496083 1.01891 -0.147676 
0.52721 0.79231 2.56907 0.816839 1.57066 0.721269 2.09738 1.95074 0.722073 0.336088 0.438407 0.151073 
0.423013 0.704922 3.21021 1.36572 1.27471 0.691083 2.29365 1.78738 0.534645 0.885203 0.372047 0.124569 
0.390052 0.927157 2.97168 1.73614 1.21318 0.456872 1.61775 0.631903 1.23623 -0.139913 0.60309 0.128464 
0.274786 1.24559 2.277 1.82197 1.28414 1.09172 1.09545 1.13056 2.14741 0.262796 0.618852 0.091867 
0.276128 1.26829 2.46873 1.4317 1.90437 1.46567 1.51461 1.28031 1.32405 0.482457 0.485295 0.132969 
0.435353 1.14061 2.64774 1.15452 1.88375 0.277298 1.38858 1.12412 1.38844 0.561138 0.187618 0.250348 
0.333646 1.2395 2.72482 1.04653 1.26139 1.16283 1.92674 1.74886 1.52542 0.487162 0.551285 0.158039 
0.452254 1.1495 2.75582 1.75358 0.995035 1.21027 2.00508 1.18435 1.31753 0.288237 0.407594 0.189573 
0.511158 1.10073 2.29512 1.12935 1.86747 0.951596 1.70068 1.10945 0.758424 0.73459 0.461315 0.0832823 
0.462846 1.00752 1.83736 1.73842 1.64747 0.921729 2.3539 0.998712 1.1597 0.4414 0.547781 0.146215 
0.517288 0.893949 2.25925 1.68896 1.43056 1.82838 2.40418 0.621578 1.19152 1.10997 0.638468 0.0574363 
0.5103 0.768914 2.59142 1.459 1.16479 1.70007 1.71106 1.77899 1.20496 0.638776 0.51468 0.163706 
0.52461 1.08743 2.7986 1.5059 0.459732 1.49732 0.875198 1.5806 0.956306 0.346486 0.603778 0.108389 
0.498472 0.977521 2.47215 1.50013 0.99704 0.4937 1.30192 0.695912 1.19046 0.274013 0.336588 0.0891196 
0.416262 0.616548 2.14111 1.48033 0.381624 0.438546 2.47107 0.871754 0.859254 -0.441619 -0.0271214 0.276149 
0.474082 0.355859 2.40447 0.942731 1.03513 0.945056 2.51987 0.82405 0.956818 0.104893 0.155126 0.214141 
0.440082 1.02206 2.15403 1.3959 1.03907 0.943017 2.44983 1.37362 1.00504 0.158408 0.223992 0.185177 
0.243639 1.13853 2.39492 0.919505 1.7155 1.00492 2.25404 1.57326 0.900589 -0.120276 0.289599 0.182902 
0.338693 1.01453 2.11007 1.14292 2.04625 0.871912 1.22337 1.07765 0.710088 0.526007 0.305677 0.0514628 
0.347618 0.892264 2.08739 0.956653 2.16007 0.622153 1.43056 1.35157 0.575403 0.374336 0.601802 -0.00300066 
0.310421 0.995662 1.94568 1.41703 1.64812 0.0667273 2.029 1.64563 0.950357 0.774755 0.556591 -0.0284117 
0.474908 1.0479 2.09989 1.71722 1.51341 0.5538 1.77514 1.48472 1.59439 0.464499 0.371936 0.206382 
0.5879 0.854229 2.4607 1.67794 1.22809 1.155 2.16722 1.31135 1.53383 0.852589 0.144829 0.285991 
