0.509786 0.953667 1.46872 1.41073 2.07507 1.24971 0.618681 1.87078 1.33803 0.523753 0.212432 0.0542508 
0.366246 0.806724 1.09335 1.11203 1.62144 1.29454 0.947561 1.40014 0.840691 0.0358428 0.22641 0.0286434 
0.408102 0.718561 1.12194 1.14318 1.50746 1.30877 1.28386 0.623806 0.587128 0.509366 0.126687 0.0679041 
0.410158 0.702794 1.51218 1.25259 1.19728 1.0812 1.31881 0.359128 1.07403 0.948277 0.0239522 -0.026927 
0.426709 0.584431 1.08383 1.40026 0.881626 0.411277 1.29971 -0.0367794 0.771391 0.291741 -0.0808879 0.111978 
0.460213 0.706644 1.03309 1.23942 1.47373 0.825128 1.23526 1.05165 0.497028 0.72912 0.333295 -0.0684216 
0.501115 0.914339 1.30345 0.604414 0.678429 1.57012 1.14106 0.915981 1.03506 0.270394 0.31417 0.0701849 
0.464884 0.848201 1.80849 1.32214 1.22058 0.659251 0.934981 1.65602 2.50271 0.10657 0.464424 0.0821284 
0.342533 1.06939 1.55956 1.0421 1.71478 0.328713 0.839954 1.68652 1.56024 0.518731 0.158899 0.043457 
0.415924 1.18835 1.19669 0.553608 1.58049 0.983431 0.911382 0.597688 0.26294 0.163948 0.617598 -0.163054 
0.404901 1.35468 1.44021 1.2827 0.865489 1.00876 1.7245 0.265165 1.21657 0.732043 0.531575 -0.0846744 
0.386384 1.0541 1.13188 1.78877 1.36012 1.34732 1.48709 1.05278 1.1185 0.854588 0.341164 -0.0574556 
0.334571 1.08442 1.78361 1.01052 1.3539 1.52479 1.41124 1.58209 0.91143 0.261709 0.189311 0.152555 
0.342197 0.993376 1.51296 0.66686 1.15963 1.14702 1.09954 1.63633 1.02668 -0.288456 0.193804 0.139218 
0.516509 1.24225 1.30473 1.06505 1.14327 1.38516 0.775221 0.62395 1.30534 -0.0721226 0.545521 0.000665552 
0.475617 1.26515 1.21818 1.3085 1.69344 0.738257 0.849637 0.0782141 1.08144 0.527102 -0.180876 0.203634 
0.520232 1.0346 0.92487 1.53346 2.73461 0.791707 1.28318 1.20337 0.772092 0.788331 0.145494 0.0848674 
0.45909 0.839742 0.866248 1.86356 1.75734 1.00316 1.5818 1.2669 0.96694 0.353547 0.40479 0.00770164 
0.483276 1.00163 1.29554 2.01686 1.60973 1.60507 2.07887 1.38687 1.601 0.46369 0.703729 0.00894106 
0.666044 1.36856 1.64544 2.18307 2.05845 1.48146 1.55816 1.4766 1.56504 0.414157 0.801232 0.122421 
0.936905 2.07501 2.91506 2.6092 2.69057 2.26097 1.611 1.94188 1.20886 0.399072 0.389527 0.2807 
1.2603 2.55336 3.02523 3.2445 2.83596 2.48252 1.5265 1.00193 0.993602 0.697866 0.30066 0.154028 
1.34137 2.55066 2.506 2.76837 2.66821 2.68631 1.70497 0.89305 0.59151 0.25315 0.513596 0.112101 
1.40281 2.99472 3.21398 3.2099 3.28936 1.79241 1.22528 0.652728 0.474267 0.127562 0.371515 -0.011281 
1.55625 3.20337 3.42771 2.54723 2.75424 2.19141 2.15486 -0.0528173 -0.552018 0.339226 -0.0710511 -0.0494082 
1.64206 2.95818 2.90647 2.69411 2.59007 2.29209 1.35629 0.219722 -1.01441 -0.577633 0.191224 -0.167649 
1.75101 2.82382 2.84205 2.83966 2.57676 2.07971 0.941369 -0.0508356 -0.544675 -0.650359 0.0938587 -0.162644 
1.85983 2.91694 2.97268 2.66743 3.19349 2.08839 0.907031 -0.238113 -0.809026 -0.347938 -0.0681209 -0.173081 
1.97505 2.72514 2.64485 2.78206 3.42421 2.35073 0.828263 -0.745825 -0.451801 -0.530904 0.0708428 -0.122117 
2.11812 2.48035 2.45266 1.92447 4.02021 2.1827 0.582625 -0.896462 -0.427622 -0.944729 0.0390989 -0.0491997 
2.08481 2.21654 1.99261 1.94099 3.49246 2.21537 0.721906 -1.44023 -0.552708 -0.851438 0.101012 0.00513175 
2.19952 2.1162 1.03296 1.81861 3.48992 1.97338 0.272544 -1.51262 -0.610821 -1.24305 0.0145576 -0.0276269 
2.30323 1.7804 0.680923 1.52468 2.85283 2.08336 0.258242 -2.29039 -0.159932 -1.52666 -0.167552 -0.031211 
2.41053 1.766 0.616326 0.443415 4.06949 1.4721 -0.258708 -1.9987 -0.635074 -1.41043 -0.415362 -0.044712 
2.47269 1.79379 0.595149 0.285781 3.85031 1.65289 -0.239051 -2.44318 -0.437911 -1.61772 -0.456345 -0.0226154 
2.58807 1.63371 0.521064 0.407047 3.45889 1.12604 -0.24662 -2.71176 -0.723079 -1.44512 -0.632167 -0.0181034 
2.64647 1.84032 0.00936868 0.200543 3.3997 0.829651 -0.750824 -2.30993 -1.28663 -1.36974 -0.58239 -0.131463 
2.56393 1.85135 -0.224753 0.180831 3.22241 0.0539345 -0.672281 -2.8032 -0.998708 -1.47909 -0.581122 -0.0583127 
2.45364 1.45025 0.104591 0.622032 1.9917 -0.00745973 -0.129617 -3.49948 -0.0489244 -1.75659 -0.517584 0.0345927 
2.56854 1.52964 -0.151576 0.240275 1.79154 -0.111495 -0.106943 -3.6215 -0.191968 -1.54599 -0.414519 0.0622029 
2.68737 1.60007 -0.836299 0.0401474 2.53618 -0.797232 -0.569452 -2.40934 -0.445575 -0.955355 -0.462713 0.0576667 
2.73826 1.60965 -0.948099 0.159188 2.23926 -1.75101 -0.23477 -2.29372 -0.151984 -0.90177 -0.433229 0.219334 
2.6129 1.64427 -0.866639 0.385457 1.67735 -1.66837 -0.859212 -1.48273 -0.0909761 -0.941909 -0.430103 0.134905 
2.70771 1.84164 -1.69497 0.306752 1.6082 -1.74253 -0.807936 -1.15656 0.348376 -0.683766 -0.490877 0.0327363 
2.63033 1.7653 -1.66561 -0.0618446 0.724242 -0.943618 -1.00487 -0.801113 0.232278 -0.500356 -0.230495 -0.0217321 
2.73509 1.636 -2.06278 0.219786 1.20047 -1.36687 -0.627629 -0.904304 0.778431 -0.283091 -0.221271 -0.108795 
2.69236 1.47138 -1.7018 0.276936 1.17078 -1.37521 -0.874653 -0.915206 0.711877 0.147728 0.014713 -0.0795482 
2.6769 1.43057 -1.87587 0.373685 1.24714 -0.734942 -0.861553 -0.626232 0.337954 0.12591 -0.0298071 -0.0783998 
2.76728 1.22135 -1.7981 -0.00291914 1.5926 -0.51728 -0.0266545 -0.97755 0.490645 0.221585 0.120264 -0.125922 
2.64248 1.24789 -1.00229 -0.489127 1.24981 0.398088 -0.654482 -0.245934 0.334035 0.453058 0.170949 -0.138024 
2.64519 1.60542 -0.767922 0.0162697 2.10081 -0.163348 -0.481877 0.143419 0.28464 0.265588 -0.17781 -0.0908147 
2.52246 1.68241 -0.497922 0.342362 2.49708 0.683148 -0.703252 -0.46458 0.0221775 -0.519946 -0.410063 -0.187579 
2.53477 1.3438 -0.231257 0.654682 2.70336 0.529682 0.0216352 -0.821189 0.0800051 -0.690203 -0.561246 -0.173943 
2.48314 1.36155 0.188694 0.450747 2.33213 0.648235 -0.502192 -0.341945 0.175857 -0.365991 -0.388531 -0.2128 
2.51914 1.49875 0.242065 0.182664 2.92967 0.104064 0.548526 -0.586314 0.0508881 -0.0218504 -0.392617 -0.0902702 
2.40621 1.75847 0.141547 0.530968 2.25296 0.715892 0.469448 -0.720659 0.0176473 -0.364839 -0.113542 -0.0200868 
2.5175 1.54507 0.377109 0.000381736 2.42927 0.577689 0.313328 -0.42487 -0.147959 -0.155066 -0.0695305 0.083721 
2.41101 1.63712 0.174563 0.40062 2.40972 0.0203531 0.824782 -0.248609 0.166023 -0.0779341 -0.182747 0.0474999 
2.52594 1.54368 -0.00376676 0.932409 1.75333 -0.251565 0.168034 -0.251233 0.0389063 -0.0287927 0.14499 0.211917 
2.33008 1.7982 0.380018 0.782144 2.00047 0.271512 -0.0135555 -0.66213 0.385357 0.00524219 0.0404073 -0.00524937 
2.26223 1.71229 0.795993 0.571609 2.03018 0.300836 0.28336 0.0161078 0.118205 0.0832952 -0.171056 -0.108119 
2.37586 1.77959 0.391557 0.72844 2.35222 0.169226 0.448929 -0.389395 0.450096 -0.085949 0.00678617 0.122845 
2.20656 1.78656 0.701202 0.300885 2.71582 0.778535 0.434094 0.139978 -0.0212024 -0.064179 0.17496 0.197943 
2.19756 1.60053 0.508768 -0.38465 2.6545 0.62474 1.25088 0.208755 0.21119 0.130471 0.180438 0.328743 
2.0376 1.90735 0.738501 -0.200175 2.35426 0.35955 0.988255 0.281501 0.616974 0.421051 0.350461 0.255253 
1.92257 1.77912 1.04644 -0.0838356 2.5242 1.26709 0.994567 0.0422563 0.040296 -0.211582 0.349782 0.277541 
1.97196 2.34762 1.09531 0.299832 2.13912 0.896536 0.820273 -0.253612 0.643682 -0.108155 0.302759 0.130703 
2.01985 2.11776 1.10863 0.386297 1.64631 0.342295 1.21471 -0.13859 0.792142 -0.202542 0.127248 0.122275 
2.10306 1.98458 0.565257 0.130977 1.72408 0.306592 0.326949 0.322655 1.25908 0.00362254 0.257929 0.06646 
1.94179 2.16044 0.749789 0.325102 2.1877 1.12699 0.102811 0.227394 1.00537 -0.187057 0.351402 -0.0146601 
1.87155 1.75618 0.976466 0.304088 1.69998 0.67253 0.742447 0.0707692 1.08703 -0.253459 0.147488 0.0685983 
1.76243 1.70017 0.808896 -0.00822122 1.75628 1.49621 1.36423 0.148612 0.991031 -0.455659 0.239093 0.141278 
1.82402 2.10524 0.987138 -0.128394 1.64935 1.6027 1.20658 -0.059481 0.0918064 -0.468201 0.372923 0.254871 
1.80748 2.00801 1.16819 0.220445 1.86124 1.43041 0.145649 0.134474 0.137374 -0.136449 0.250568 0.053244 
1.73063 1.84743 1.56051 0.148082 1.73008 0.634499 0.848314 -0.477014 -0.0620315 -0.297713 0.37015 0.245167 
1.77733 2.00202 1.21006 0.655673 1.78679 -0.0071904 1.69472 -0.403732 0.601066 -0.206104 0.279807 0.225346 
1.65313 1.89198 0.788177 0.368821 1.26427 -1.20882 0.266554 0.122206 -0.107914 0.171786 0.18209 0.0899323 
1.72201 1.90441 1.71061 0.112781 1.16213 -1.03515 0.202728 0.519622 0.936146 0.682621 0.286974 0.15877 
1.60924 1.77473 2.06831 0.242279 1.57634 -0.474778 0.318056 0.86233 1.36783 0.951471 0.375755 0.214031 
1.42064 1.75278 1.43922 0.879059 2.0114 0.0756259 1.22515 0.38738 0.576272 0.256803 0.601198 0.227004 
1.48395 1.76705 1.33317 0.121773 2.17921 0.105594 1.90933 0.289572 0.00226788 0.814475 0.715745 0.429839 
1.41523 2.05389 1.35402 0.524761 2.68189 0.756795 1.66146 0.359117 -0.0021383 0.209576 0.606579 0.283304 
1.50026 2.00581 1.87909 0.811882 1.84948 0.639168 1.50196 -0.303789 0.241396 0.139699 0.430483 0.229537 
1.55284 1.86454 1.98114 0.853921 1.32599 0.54445 1.21961 -0.0247395 0.329709 0.431739 0.234199 0.138683 
1.52744 1.58254 1.89493 1.26289 0.863114 0.664034 0.835526 -0.0579803 0.77194 0.286718 0.350791 0.135626 
1.51714 1.50954 1.62494 0.715348 1.65937 0.894224 1.71654 0.188328 1.02581 -0.055921 0.526973 0.267636 
1.37163 1.60012 1.50157 0.487733 1.50308 0.23423 1.97796 1.12413 0.889172 -0.260727 0.432143 0.107598 
1.25272 1.80915 1.05118 0.323617 1.79902 0.357218 0.934511 1.12908 0.413053 -0.384467 0.845901 -0.0220084 
1.33163 1.77935 1.33772 0.0554392 0.80192 0.0620541 1.24578 0.390606 0.645773 -0.795393 0.707041 -0.011842 
1.31952 1.40035 1.79364 0.609406 0.403721 0.411848 1.28662 -0.0707758 0.554588 -0.142989 0.440394 0.0508113 
1.20985 1.59659 1.97584 1.00004 1.06223 0.209958 1.06496 0.344314 1.02648 0.0434859 0.181643 0.0993252 
1.15247 1.91422 2.02809 0.701416 1.45445 0.04537 1.3258 0.139889 1.14145 0.499948 0.55412 0.22646 
1.15127 1.33484 1.87485 0.899156 0.816301 0.112568 0.76123 -0.508372 1.20349 0.800359 0.373108 0.114752 
1.1951 1.28475 1.6973 0.596991 1.51941 0.312034 0.280597 0.578352 0.6612 0.637971 0.458721 0.0251997 
1.23265 1.7592 2.00024 0.55059 1.17004 -0.116114 1.45219 0.96081 0.217218 0.381465 0.589513 0.096535 
1.30095 1.40336 2.29801 0.83602 2.25222 -0.54977 1.36577 0.765137 0.283343 0.366538 0.398444 0.276129 
1.24166 1.5319 1.72604 1.05059 1.87996 -0.277952 0.807186 1.26087 0.489886 0.227055 0.282556 0.156814 
1.14217 1.63382 1.95367 1.43885 1.10386 -0.188771 1.62429 1.3388 1.24278 0.243467 0.329997 0.175614 
1.09328 1.57818 1.55048 0.91535 1.24712 -0.139452 1.40803 0.988176 0.988346 0.0531645 0.694565 0.11744 
1.09953 1.52098 1.67004 0.821175 1.33126 0.577716 2.0032 1.22459 0.67735 0.0211482 0.722364 0.110199 
1.16621 1.14946 1.95814 0.763077 1.62977 1.02065 1.71635 1.45813 0.492334 0.481043 0.538636 0.141756 
1.16159 1.44349 1.79671 0.419181 1.20156 0.926221 1.67439 0.672204 0.407682 0.582075 0.496834 0.1742 
1.17797 1.55211 2.22672 0.378 0.150005 0.941241 1.54855 0.403135 0.45621 0.361313 0.60598 0.103536 
1.11918 1.65246 2.0624 0.862659 0.348694 0.36878 0.74984 0.376139 1.6266 0.430153 0.459624 0.208812 
1.25045 1.80707 1.28708 0.965886 0.741569 -0.798007 0.96532 0.956283 0.849044 0.368418 0.751664 0.237537 
0.940131 1.59075 1.59008 1.22769 0.722726 -0.260306 0.251223 1.29508 1.11964 0.276294 0.574147 0.145745 
1.06095 1.55312 1.64573 0.938584 1.29381 0.0218979 0.633279 1.32108 0.538088 -0.185455 0.107936 0.0300781 
1.17521 1.13636 1.9362 0.839657 0.172784 -1.05187 0.843768 0.320241 0.161121 0.0408875 0.118119 0.0589862 
0.948613 1.53783 1.50652 0.214331 0.421317 -1.13557 0.0116082 0.61897 -0.0553843 -0.0698901 0.175358 0.0619829 
1.01142 1.55115 1.41014 0.689388 0.378787 0.821087 0.673694 0.00383992 0.23891 -0.113023 0.199028 -0.0349824 
1.10809 1.6517 1.65713 0.268989 -0.318618 0.851558 0.358063 -0.187735 0.69901 -0.346441 0.480611 0.0720803 
1.00683 1.25658 1.42784 0.654361 -0.248948 1.64377 0.594615 0.0881268 0.869051 -0.444915 0.136929 0.130711 
0.920453 1.36241 1.80919 0.460009 1.04698 0.987409 0.895863 0.536921 0.52094 -0.135954 0.226355 -0.0162565 
0.92535 1.37859 1.18525 -0.0130744 1.00663 0.288359 0.947439 0.84005 0.856198 -0.180847 0.217814 0.0474433 
0.965147 1.68445 1.55036 0.907927 0.874896 0.428567 1.15721 0.931985 0.723201 0.837459 0.345695 0.160771 
0.938631 1.41611 1.03955 1.3738 1.12551 0.249522 1.34866 1.34693 0.541583 0.479278 0.113376 0.170692 
0.967332 1.27764 1.21141 0.997349 0.93397 0.0537697 1.43362 0.410053 0.595892 0.936515 0.213324 0.100089 
0.709219 1.05642 1.31992 0.514466 0.961675 -0.227891 1.05374 0.146694 0.627072 0.401004 0.38053 0.10609 
0.631068 1.21445 0.690928 0.444182 1.11169 -1.079 0.726267 1.16893 0.397433 0.770898 0.273796 0.215459 
0.881193 1.07994 0.839422 0.854541 0.915861 -0.272049 0.96228 1.62581 0.88498 0.0415769 0.407773 0.0854262 
0.911854 0.766067 1.32436 0.141939 0.712338 0.653607 1.05997 1.47629 0.614547 -0.241513 0.7847 -0.032228 
0.79161 0.931296 1.37455 -3.56984e-005 0.71388 0.0845877 0.868721 1.16687 0.406425 -0.138024 0.541527 -0.0695916 
0.691321 1.14722 1.5485 0.753177 0.641266 -0.849586 0.54099 1.2804 0.141707 0.201528 0.29176 0.0786273 
