0.593786 0.809569 1.62812 1.15415 0.796264 0.339333 0.461937 0.179271 0.513556 0.244749 -0.515267 0.20677 
0.599831 0.85079 1.30098 0.669224 0.238886 1.03979 1.43419 -0.29213 0.57795 -0.600555 0.0420047 0.219405 
0.471018 1.02011 0.93037 0.689426 0.0902592 0.431767 0.948633 -0.0843733 0.692768 -0.868101 0.239302 0.0598665 
0.494813 0.871703 1.1474 0.388336 0.634536 0.197762 1.2955 0.169426 0.127351 0.788861 0.210092 -0.195996 
0.510823 0.0409437 1.36572 1.00654 -0.50218 -0.281256 1.83184 0.20963 0.500322 0.818782 -0.180073 -0.0380269 
0.248071 -0.864965 2.35243 0.938174 -0.737523 -0.257614 0.815806 -0.62385 0.891198 1.03138 -0.130735 -0.0200509 
0.101177 -1.2483 1.79011 1.3613 -0.491107 -0.355083 0.819849 0.226287 0.311732 0.792782 -0.137058 0.120494 
-0.167425 -1.27196 2.68657 0.932988 -2.7242 1.19046 2.20303 -0.100588 0.126468 0.793411 -0.133525 -0.0493666 
-0.506822 -1.30838 3.42889 0.655725 -3.38425 2.58222 2.23099 -1.50108 0.840728 1.09452 -0.553792 -0.0155538 
-0.737852 -1.2346 3.51956 0.162163 -2.59501 3.37965 1.91473 -1.50786 1.24729 0.738273 -0.651063 0.198128 
-0.866094 -1.11604 3.65972 0.81468 -2.81035 2.06831 1.15764 -1.89908 1.71706 0.896147 -0.448671 0.222495 
-0.92552 -0.857962 3.90417 0.824733 -1.62271 1.82246 0.589178 -2.07093 1.71524 1.13826 -0.454724 0.259451 
-1.02637 -0.772303 2.88975 0.332701 -1.17989 1.44728 0.236926 -0.262644 0.879968 0.949636 -0.388436 0.159113 
-1.0047 -0.811891 2.47829 0.46143 -1.20956 1.54217 1.19136 -0.721972 0.596109 0.541274 -0.430864 0.095152 
-1.05529 -0.803572 3.50343 0.47592 -0.892567 0.259869 1.84965 -0.802767 0.686136 0.612187 -0.313154 0.169882 
-1.18234 -1.02822 4.0908 0.37098 -0.650683 0.103622 1.83829 -0.1847 0.519064 0.629672 -0.103156 0.151412 
-1.2034 -0.503838 3.04652 -0.264371 -0.552411 0.505909 1.27957 0.472931 0.722587 0.821643 0.0298313 -0.120576 
-1.32976 -0.571582 3.22883 -0.627429 -1.06793 1.12018 0.930234 0.567548 1.05945 0.879002 0.0472361 -0.0452902 
-1.40383 -0.933545 3.56987 -1.13914 -1.60948 1.79416 1.48687 0.0582051 0.507243 1.09344 -0.483176 -0.0168124 
-1.41924 -1.44058 3.49962 -1.2473 -0.864628 1.88759 1.21554 0.141665 0.802863 0.567236 -0.423714 0.0609613 
-1.37323 -1.3425 3.38575 -1.89534 0.020972 1.19755 1.44189 -0.164717 0.619062 0.505756 -0.399497 0.0117152 
-1.31017 -1.09461 3.70111 -1.5176 -0.866657 1.90854 1.09261 0.289378 0.396639 0.447085 -0.219681 -0.0549253 
-1.06137 -1.03252 3.8736 -0.863855 -2.28406 2.96743 0.969821 -0.68458 -0.387197 1.0355 -0.650042 -0.133014 
-0.805395 -1.51694 2.76541 0.11994 -1.89696 0.0265198 1.53605 0.554308 -0.218659 -0.0547939 -0.201047 -0.319188 
-0.339552 -1.54195 3.15823 0.0286324 -1.50861 -0.102643 1.03684 0.824921 0.199332 -0.236254 -0.554552 -0.23723 
0.119039 -1.04886 2.5661 -1.03587 -0.816756 1.48215 1.12018 -0.142404 -0.316026 0.51459 -0.321447 -0.254018 
0.432518 -0.555164 2.97939 -0.97705 -1.37005 1.62441 1.4834 -0.472926 0.471317 0.57338 -0.105939 -0.0390311 
1.02587 0.356592 3.72916 -0.724773 -0.352011 2.6633 1.44591 -0.747853 0.61295 0.387767 -0.173319 -0.0880397 
1.87768 0.244961 1.88916 -1.72116 -0.440185 1.60881 1.45476 -0.976541 0.521656 0.484051 -0.0470751 0.288949 
1.96735 0.263729 1.67508 -1.90446 -0.0226545 1.48919 0.801404 -0.115833 0.00857934 -0.125183 0.305382 0.232915 
2.38015 -0.516221 0.27052 -1.04574 0.998414 1.15917 -0.475408 -0.082266 1.33045 -0.327043 -0.227901 0.355246 
2.37237 -0.304717 -0.117654 -1.42347 1.20413 1.22075 -0.510867 -0.0878576 1.43867 -0.478269 -0.192302 0.39156 
2.34799 0.087825 -0.140024 -1.48701 0.826229 1.09504 -0.110114 -0.59202 1.05238 -0.465843 -0.174881 0.2916 
2.47462 -0.119905 0.269994 -1.835 1.96427 1.10584 -1.25176 0.296914 1.01725 -0.416809 -0.145825 0.0793971 
2.47245 -0.108539 -0.015203 -1.91018 1.75878 0.585357 -0.855962 -0.163442 1.27124 -0.130455 -0.413413 0.133593 
2.23939 0.206073 1.67553 -1.2794 0.108386 -0.131207 0.287435 -0.798121 1.08335 0.460668 -0.615682 0.139901 
2.37637 0.28752 0.931597 -2.01191 1.13216 0.00122021 0.060105 0.499414 1.09833 0.231807 -0.122251 0.341319 
2.40149 -0.0832278 2.11416 -1.88336 0.338434 0.22199 0.645831 0.0507096 0.819879 1.11174 -0.22979 0.354901 
1.96208 0.753491 2.26327 -1.0254 -0.293776 0.339969 0.158342 -0.785397 0.598825 1.13369 -0.0243174 -0.0958707 
2.15105 0.64816 2.17336 -0.161395 0.8027 1.20215 0.684271 -0.97749 0.129367 0.199956 -0.351755 -0.0218699 
2.22555 0.736915 2.43818 0.0101403 0.395734 1.08333 0.13644 -1.17246 0.992822 0.703901 -0.47274 -0.0913358 
2.2768 0.953456 1.90482 0.112084 0.299946 0.618016 -0.324293 -1.01026 0.722002 0.575503 -0.0422567 -0.0160621 
2.36056 0.832938 2.09176 -0.763256 0.616119 0.48572 0.0971952 -0.660582 0.475719 0.427742 -0.247326 -0.00398557 
2.36373 0.724802 1.64296 -0.90528 0.491517 -0.0834331 0.264236 0.344581 1.01463 0.301084 -0.167649 0.0697944 
2.51303 0.546961 1.74253 -1.30856 0.890957 -0.295975 -0.247904 0.104466 1.14245 0.875056 -0.255764 -0.00301438 
2.3764 0.681606 1.61357 -1.06391 1.07289 -0.373342 -0.819166 0.874395 0.688672 0.183036 -0.0986505 -0.23208 
2.38536 0.678428 1.10653 -0.517608 1.07206 -0.514886 -1.45503 0.671972 1.3959 0.612502 0.0566741 -0.224818 
2.23392 0.606394 0.613174 -0.635965 0.4044 0.0444263 -0.305093 0.538395 0.979109 0.0209417 0.0693462 -0.0206833 
2.47284 0.736502 0.336489 -0.525644 1.47034 -0.3066 -1.21893 0.678181 1.24258 0.143477 -0.262662 -0.251974 
2.36097 0.779046 0.0685365 -0.66034 1.78838 -0.694735 -0.562803 0.00197828 1.48136 0.0244874 -0.523898 -0.164686 
2.33356 0.426374 0.814051 -0.291444 1.15159 -1.0669 -0.0218477 -0.450475 1.87216 0.418118 -0.854901 -0.133554 
2.27151 0.734859 1.01366 0.539861 0.573956 -0.666962 0.204135 -1.15558 1.51888 0.316961 -0.67407 -0.287136 
2.27249 0.7946 1.36268 0.946087 0.681942 -0.0472385 0.239227 -0.142906 1.17913 0.0481417 -0.513816 -0.185813 
2.1906 1.13365 1.83333 1.10451 0.516554 -0.516361 -0.327272 -0.313714 1.93971 0.961801 -0.306656 -0.200264 
2.14318 1.08878 2.33629 0.850738 0.123978 -0.527604 0.652498 0.52559 1.46053 0.959499 -0.00329301 -0.0438262 
1.9738 1.64293 2.50819 0.945299 0.175557 -0.285222 0.644886 1.08719 1.42009 0.80553 0.061253 -0.0523024 
2.09025 1.51457 1.8879 0.503145 1.27647 0.275329 0.886749 0.861782 1.29561 0.290468 -0.0659107 -0.00358911 
2.05581 1.35413 1.48101 0.392653 0.822519 0.10249 0.586499 0.860393 1.79969 0.715121 0.284572 0.1154 
1.96031 1.76435 1.82387 0.776648 0.763871 0.471213 0.398471 0.86959 2.087 0.658139 0.0760669 -0.0173614 
2.03356 1.80141 1.99035 0.346762 0.721588 1.04544 1.07449 0.575231 1.2694 0.903164 0.194538 0.0595754 
2.14355 1.72389 2.10078 0.425518 0.692014 0.818715 0.943358 0.0942821 1.42438 0.639604 -0.0183511 0.0302062 
1.96918 1.7106 1.7026 0.649085 1.60325 1.12864 0.875371 0.963527 0.636268 -0.487536 -0.0846973 -0.00672239 
1.93985 1.70733 1.88955 0.950423 1.33609 1.11604 1.26667 0.855799 0.641165 -0.749481 -0.146135 0.00712589 
1.87226 1.76707 1.70907 1.20595 0.99307 0.998449 1.25127 0.85598 0.79639 -0.97315 -0.304904 -0.111235 
1.83095 1.57858 1.98709 0.737357 1.07169 0.606132 1.22748 0.936645 0.592571 -0.243168 -0.277471 -0.152858 
1.7816 1.33363 2.41564 0.98226 0.952622 0.434651 1.22344 1.29634 0.261117 -0.0116993 -0.0352852 -0.120557 
1.57594 1.64965 2.41489 1.5039 0.880038 0.886091 0.991796 1.51485 0.296051 -0.0659478 0.0558261 -0.0761684 
1.65558 1.70512 2.07237 0.640094 0.562745 0.251111 0.446042 0.964957 1.36795 -0.0574584 0.264198 0.0626247 
1.73918 1.5714 2.14562 0.942239 1.02835 1.94538 1.68506 0.336839 0.184734 -0.150014 0.282369 0.182106 
1.60954 1.80138 2.33795 0.762049 1.92042 1.71125 1.97436 -0.2549 -0.0135377 -0.23936 0.144908 0.176107 
1.50401 1.54661 2.24321 0.775655 2.09549 0.353461 1.20124 0.825572 1.20173 0.0924529 0.35267 0.245953 
1.49263 1.85631 2.16951 0.907313 1.80974 0.10399 0.273506 1.30259 1.63569 0.533218 0.251526 0.127463 
1.40352 1.89963 2.26392 0.717872 0.447154 -0.0642962 0.244962 1.28208 1.38819 0.702615 0.392085 0.12305 
1.45167 1.81406 2.51582 0.445798 1.40562 0.574294 1.47031 0.18614 1.11823 0.529732 -0.0586473 0.118053 
1.46216 1.3515 2.18275 1.15004 1.09353 0.682391 1.70002 0.24648 0.606953 0.10092 0.125615 0.0425385 
1.4711 1.58847 2.50115 0.61186 0.363818 0.414853 1.77767 0.935656 1.01403 -0.150861 0.379804 0.0859576 
1.12094 1.80793 2.01548 0.725966 1.08413 -0.127115 0.532039 1.03266 0.689998 -0.374169 0.567126 -0.0143446 
1.16922 1.47928 2.00563 0.723996 1.31919 0.925631 0.950906 0.555473 0.488929 -0.209713 0.463084 0.0763599 
1.41447 1.15192 1.62266 0.0393214 2.09017 1.98476 1.39162 0.811212 0.20883 0.610204 0.542111 0.202876 
1.45261 1.20266 2.13433 0.0124442 1.41876 0.529414 1.91614 0.958553 0.418955 0.838682 0.17535 0.0908948 
1.41291 1.27505 2.2493 0.594983 1.8184 -0.343109 1.96857 1.89424 0.900454 0.00542743 0.0529581 0.167823 
1.33881 1.02388 2.03283 0.508047 1.43166 0.674776 1.59411 1.136 0.937192 -0.669233 0.652229 0.322876 
1.31502 1.25881 2.301 0.2189 0.680407 0.309206 1.8886 1.23609 0.304827 -0.0339501 0.616415 0.07272 
1.16543 1.40399 2.06221 0.30185 1.07711 0.553917 1.56479 0.560108 0.976194 0.524043 0.880893 0.173568 
1.30567 1.21546 1.63905 0.649522 1.25766 1.49535 1.42782 0.43035 1.12822 -0.110439 0.864809 0.267958 
1.20971 1.29042 1.42686 1.22203 1.75134 0.13621 1.27793 1.27054 2.15919 0.126479 0.865788 0.261421 
1.23811 1.65519 1.8629 1.26548 2.16637 -0.285303 0.768652 1.40083 1.80587 0.312358 0.583919 0.264783 
1.00983 1.53959 2.56436 1.29596 1.93251 0.842792 0.740958 0.062681 1.30735 0.445232 0.417291 0.215724 
1.18448 1.27028 2.49749 0.483445 1.97686 0.29814 1.21131 0.909493 1.18097 0.880174 0.633845 0.284547 
1.19528 1.42205 1.76938 1.53386 1.63149 0.365279 1.42422 1.4816 1.43727 0.92829 0.553296 0.238068 
1.13414 1.02997 1.72567 1.09829 2.00544 0.578253 1.68199 1.69871 1.31426 0.75759 0.251104 0.176434 
1.06348 1.13658 1.83894 0.977844 1.71036 0.474471 1.76081 0.64483 0.861181 0.267575 0.217287 0.174568 
1.11935 1.09173 1.33853 0.65743 0.902014 0.765849 1.59678 0.53294 1.29683 0.040409 0.403271 0.053624 
1.13572 1.1259 1.86947 1.02545 1.47651 0.454685 1.24867 0.445195 1.21813 0.0714682 0.493202 0.167809 
0.981623 1.32932 2.35787 0.772406 1.49607 0.189227 1.31549 0.59589 1.56172 0.503794 0.679481 0.254932 
1.07444 1.16058 1.82062 0.881496 1.28628 1.03618 1.10679 0.871519 0.88907 0.395043 0.848032 0.135412 
1.03349 1.00136 1.60422 0.707255 1.80898 1.33208 1.86976 1.05813 1.04535 0.267495 0.373666 0.0682188 
1.10885 1.14388 1.38876 0.534214 2.5205 0.887183 1.21409 1.03355 1.14439 0.262332 0.109432 0.105185 
1.19283 1.16706 1.55581 0.686886 1.17921 0.833147 1.43172 1.27278 1.72393 -0.166548 0.859257 0.238897 
1.21074 0.998727 1.61913 1.2135 0.796388 0.195665 0.416987 1.01436 1.83722 0.0877672 0.909538 0.313044 
0.929307 0.663531 2.07471 1.35372 0.909647 -0.381717 0.321461 0.719713 1.42171 0.370091 0.437722 0.222318 
0.971942 0.951569 1.78817 1.73116 0.627175 -0.828518 0.32217 0.617333 1.41344 0.0423522 0.523366 0.23374 
0.903529 1.08339 2.07663 1.11567 1.17994 -0.478957 0.789931 1.30156 0.221435 -0.319481 0.348472 0.128834 
0.872243 1.02361 1.58507 0.492674 0.660421 -0.611451 1.08782 1.02821 0.465763 0.178196 0.199584 0.121558 
1.15794 1.11937 1.45747 1.21936 0.905157 -0.163631 0.624549 1.35388 1.62524 -0.10169 0.229023 0.129745 
1.19513 1.03269 1.32599 1.18846 1.12402 -0.199204 -0.103934 -0.0836743 1.71528 0.115057 -0.0176628 0.0906918 
1.14163 0.705362 1.34912 0.674246 1.46064 -0.0222217 -0.0497569 -0.102915 1.52376 -0.254138 0.337875 0.199173 
1.11608 0.782631 1.45328 0.0293119 0.822443 -0.783124 0.784772 0.0281974 0.292524 -0.0489587 0.0736345 0.0342168 
1.10192 0.730365 1.43627 0.0463119 1.31612 -0.336391 0.022877 0.0399101 0.715339 -0.17423 -0.0492256 0.0604993 
1.15516 0.697723 1.45717 0.0078551 1.05272 -1.35247 0.165902 1.07684 1.01108 0.131658 0.060314 0.0530571 
1.07418 0.899549 1.57023 0.239251 0.537828 -0.999745 -0.173238 1.14823 0.832069 0.668287 0.222019 0.0604184 
1.15214 0.44854 0.983383 -0.356015 0.546304 -0.289097 0.36302 0.0615146 0.908397 0.65189 0.0733221 0.224175 
1.13068 0.637117 1.19614 0.342485 0.536006 -0.817616 0.685323 0.293339 1.30967 0.329009 0.180142 0.268805 
1.0566 1.01277 1.41733 0.790697 0.548484 -0.765854 0.661507 1.06982 0.366482 0.712426 0.594881 0.136055 
1.09699 1.2167 1.1186 0.491571 0.807856 -0.469328 0.579723 1.41321 0.360759 0.119421 1.11028 0.203183 
