0.609111 0.853668 1.53555 1.78246 0.772014 0.473108 2.00666 0.886816 0.904245 1.20404 -0.396764 0.113072 
0.704094 1.23514 1.42711 1.2188 0.460591 0.267888 1.42489 1.46262 1.15086 1.50817 0.330618 0.0337469 
0.720401 0.890648 1.4177 1.23698 0.213133 0.850289 0.771864 0.95188 1.23195 0.509808 -0.0274197 0.0437023 
0.765569 0.641818 1.42276 1.20749 0.496991 0.327404 0.582335 0.222735 0.950757 -0.0692357 -0.162699 0.046274 
0.795549 0.836061 1.22156 1.0165 0.583089 0.569638 0.712969 0.530072 1.1605 0.754542 -0.0246459 0.054674 
0.811231 1.0107 1.02517 0.750312 0.802835 -0.459897 0.148065 0.324103 1.03868 0.805672 0.717246 0.0860728 
0.823465 0.903098 0.886041 0.59758 0.763052 -1.19383 0.504942 1.07347 0.310619 0.8772 0.717525 0.0371867 
0.730468 1.01274 1.0284 0.196519 0.305741 -1.21531 0.0938443 0.356881 0.403636 1.04462 0.306459 0.0221173 
0.789873 1.12921 1.1754 0.304191 0.147395 -0.15147 0.360155 0.802415 0.0648063 0.851987 0.256479 -0.00194465 
0.796077 1.28551 0.800716 0.278647 0.161263 -0.680824 0.77248 1.15464 -0.1597 0.814872 0.530268 0.0381957 
0.816371 1.17936 0.800471 1.04617 -0.629029 -0.041293 0.880324 0.0846819 1.05232 0.750269 0.455544 0.0155613 
0.834817 1.35694 0.910938 0.575406 0.998921 0.479223 0.511028 1.11411 1.17074 0.76506 0.495468 -0.0311553 
0.688565 1.12701 0.964378 0.175891 1.02279 0.0490054 1.0308 0.79168 0.39027 1.01588 0.160105 0.0285551 
0.76938 1.11004 1.42559 0.269389 -0.000185531 -0.110463 1.02491 0.434391 0.921027 0.849959 0.609966 0.0364299 
0.939738 1.4177 1.57836 0.291056 0.641143 -0.543031 0.110483 0.848579 1.05752 1.13509 0.62384 0.15501 
0.982069 1.20647 2.14433 0.591572 0.475004 -0.875473 -0.211237 0.617811 0.646937 0.637203 0.424926 0.159402 
1.74916 1.28433 -0.753575 0.0335835 1.41258 1.32927 -0.200699 -1.29419 0.347578 0.245625 0.601177 -0.126477 
1.91251 1.22976 -0.852109 0.738031 1.69101 0.883445 0.214071 -1.93871 0.388152 -0.00764648 0.532143 -0.186416 
1.59493 1.29074 0.323141 1.07904 1.76012 0.697932 0.792434 -0.899801 0.899173 0.123527 0.572143 0.0481818 
1.65376 2.08466 1.87454 1.18903 2.68344 1.63417 1.0867 0.666646 0.482614 0.267179 0.107165 0.0145259 
1.80498 2.86259 1.36859 1.76124 3.14281 0.308216 1.25651 -0.781446 1.20064 -0.245206 0.237578 -0.0338388 
1.9508 2.83793 1.86649 2.22109 2.68349 0.292281 1.14924 -0.636343 1.30327 0.188471 0.0406423 -0.070268 
1.99198 2.75499 1.98589 2.52226 1.91803 0.583668 0.79626 -1.15469 1.90507 0.00504783 0.179716 -0.155255 
1.68468 3.0058 2.00931 2.49668 1.86049 0.962883 0.631909 -0.672943 1.33266 -0.11599 0.201304 -0.109931 
1.54276 3.27955 1.99855 2.36139 2.48835 -0.0200609 0.774339 -0.116203 0.788489 -0.190245 0.093508 -0.0561355 
1.67449 3.06943 2.10852 2.64342 2.51778 -0.382783 0.92628 -0.444574 0.52942 -0.406444 0.0307468 -0.0286443 
1.81766 3.26002 1.6056 2.3602 2.56305 0.0186486 1.12264 -0.798937 -0.142856 -0.649985 0.0600127 -0.00209004 
1.72178 3.37605 2.09176 1.69885 2.8821 0.104844 0.848869 -1.34434 0.268977 -0.623469 0.145255 -0.0225307 
1.64223 3.46722 2.22104 1.66119 3.03836 -0.547186 0.16348 -1.00987 0.607077 -0.847654 0.242636 -0.144314 
1.65278 3.44037 2.54332 1.46925 2.34134 -0.251173 0.138381 -0.524185 0.189153 -0.927866 0.274382 -0.132192 
1.7069 3.20355 2.52017 2.1598 2.90273 -0.223703 0.0167687 -0.580829 0.217172 -0.330499 -0.0118237 -0.0403996 
1.70378 3.41309 2.58338 2.51218 3.33366 -0.428128 0.448629 -0.452978 0.288411 0.114079 -0.239228 0.038758 
1.77561 3.33787 2.73166 1.67877 3.28889 0.545516 -0.0113474 -0.171003 0.658189 -0.0698249 0.176381 -0.0431868 
1.62227 3.07786 2.66537 2.23086 3.09857 0.51379 0.691072 -0.403244 0.903243 0.0919082 0.0633945 0.0329817 
1.55446 3.32783 2.58536 2.90705 3.64467 0.266424 0.510507 -0.702314 1.3384 0.0184375 -0.0319209 -0.0566234 
1.58649 3.34131 2.47196 3.02281 2.66096 0.624028 1.01625 -0.438589 0.970077 0.0422808 0.0715423 -0.0152177 
1.6512 3.19549 2.64516 3.02688 2.45181 0.803229 1.62087 -0.328962 0.458099 -0.00218575 0.0540722 -0.0283404 
1.66383 3.13037 3.22046 2.67692 2.88282 0.848898 1.22461 -0.171132 0.466931 -0.142038 -0.0483864 -0.0541603 
1.719 3.16173 3.01222 2.54429 2.94114 1.18378 0.82953 -0.166616 0.315236 -0.275104 -0.0247941 -0.1143 
1.64975 3.53495 2.7119 3.00373 2.73981 1.08736 1.17253 -0.304498 0.154725 -0.555891 -0.00655078 -0.211012 
1.58726 3.29016 3.1782 3.19598 3.19326 0.643553 1.0881 -0.391218 0.271804 -0.653322 -0.0989083 -0.229359 
1.60583 3.43993 3.1801 3.34048 3.32457 0.367066 0.752223 0.116471 0.512386 -0.736792 -0.0527025 -0.213852 
1.61927 3.38235 2.47739 3.01879 2.97428 0.444271 1.21913 -0.279106 0.754473 -0.241206 0.024048 -0.077193 
1.6186 2.99038 3.05997 2.66775 2.87571 0.769689 0.932302 -0.390213 0.936333 -0.280754 0.0217397 -0.0383023 
1.63462 3.07134 3.31739 2.13854 3.01634 0.285989 0.947839 -0.308909 0.642095 -0.477135 -0.0503412 -0.0297655 
1.73165 3.13031 2.97293 2.27691 2.74223 1.09558 0.920197 -0.246573 1.00734 -0.813489 0.149116 -0.130358 
1.78834 2.79889 2.88419 2.62108 3.5907 1.35547 0.938621 0.382012 0.68815 -0.207357 0.0866796 -0.0643036 
1.78967 2.99246 3.19898 2.10636 3.45369 0.931299 1.25949 0.638305 0.747519 -0.541417 0.167732 -0.0281043 
1.78552 2.89499 3.41826 2.24141 3.3814 1.13121 1.88631 0.481734 0.974821 -0.391792 0.218562 0.0963259 
1.82529 2.47517 3.2264 2.11904 2.77855 1.89415 1.84073 1.034 1.02459 -0.18899 0.345841 0.167608 
1.80227 2.70401 2.96306 2.10496 3.05313 1.20857 1.81198 0.885312 0.513686 -0.240075 0.375863 0.158277 
1.64398 2.55348 3.08239 2.46483 2.63842 1.63293 1.67666 0.619376 0.436093 0.317558 0.342964 0.134726 
1.59611 2.72971 2.92167 2.409 2.21186 1.66295 1.3221 0.65674 0.836072 0.293417 0.357078 0.149522 
1.53754 2.68161 3.06309 2.46187 2.41874 1.21051 1.44964 1.07104 0.895233 0.0374726 0.499997 0.153354 
1.71798 2.34732 2.684 2.11412 2.59133 1.02596 1.68065 1.03522 1.15875 -0.0188025 0.500594 0.260591 
1.63205 2.18159 2.61317 2.1029 2.29796 1.29153 1.13262 -0.0466464 0.69275 0.384331 0.628363 0.296853 
1.49789 2.35891 3.19499 2.27344 2.36712 0.944882 1.76898 0.765294 1.09995 0.225275 0.325347 0.200966 
1.55578 2.55646 2.77662 2.08356 2.06196 0.458404 1.92058 1.36476 0.450182 -0.00503245 0.38087 0.101501 
1.44302 2.70412 2.44769 1.75388 1.58918 0.9032 1.76604 1.54627 0.708331 0.0328693 0.373439 0.0118745 
1.36678 2.44931 2.71529 1.53734 2.06847 1.14074 1.79411 0.953215 1.14922 0.271284 0.0976283 0.0781231 
1.34327 2.2428 3.04531 1.68855 2.16594 0.798378 1.29345 0.217533 1.09746 0.534823 -0.0393845 0.155906 
1.35964 2.1223 2.39684 1.77703 2.16851 1.14567 1.21275 1.08742 0.750503 0.275306 0.363424 0.110715 
1.30121 2.46913 2.50746 1.84644 1.90734 1.25803 0.993167 1.0959 1.64337 0.307755 0.505878 0.212483 
1.37789 2.39498 2.63895 1.77044 2.37549 1.47857 1.7211 0.754945 1.30575 0.135648 0.456703 0.18968 
1.48371 2.17902 2.27142 1.87557 1.8722 1.30435 1.68797 1.89274 1.08568 0.0659472 0.225389 0.0908461 
1.44064 2.05697 2.5036 1.77662 1.86779 1.39622 1.45498 1.83988 1.36659 0.00543158 0.230447 0.109541 
1.31287 2.22352 2.72565 1.31817 2.16525 1.16971 0.861013 0.7498 0.682009 0.1611 0.388129 0.100432 
1.28371 1.68284 2.35718 1.6785 1.13314 0.496112 1.37842 0.456045 0.940163 0.315925 0.224635 0.0889917 
1.31303 1.53267 2.58402 1.58653 1.09783 0.423017 1.20477 0.508164 1.35253 0.509082 0.0798248 0.160292 
1.26324 1.80121 2.63355 2.04403 2.3469 0.629771 0.956477 0.686813 1.02826 0.196877 0.551556 0.211074 
1.34939 1.95524 2.42095 1.75314 1.77794 0.454594 1.88793 1.34651 1.54766 0.188164 0.373133 0.218261 
1.36003 1.97428 1.9951 1.87456 2.50815 0.607726 2.38404 1.31956 1.22946 0.0229529 0.193543 0.173843 
1.35856 1.93784 2.44196 1.75952 1.86175 0.926384 2.13982 0.690483 1.13962 0.616606 0.329101 0.218041 
1.30574 2.08524 2.64371 1.78705 2.52789 0.589675 2.24282 1.13914 0.878295 0.558689 0.14932 0.222112 
1.33299 1.98361 2.1643 1.83174 2.67813 1.15722 1.43052 1.93521 1.04028 0.109462 0.320324 0.156081 
1.31503 1.90492 2.17095 1.51783 2.74345 1.22584 1.29601 1.99989 1.27863 0.0488246 0.499468 0.180967 
1.35799 1.67526 3.09668 1.14181 2.55637 0.721819 2.13044 1.17319 1.4585 0.745219 0.0620214 0.35218 
1.316 1.67281 2.99165 2.03745 1.57882 0.268068 1.69796 0.757388 1.41452 1.15001 0.33648 0.364627 
1.38891 1.72679 2.42127 2.11113 1.88964 0.520663 2.0469 0.678904 1.9819 1.07968 0.238087 0.318725 
1.36052 1.73598 1.81669 1.68073 1.70758 1.42494 1.54456 0.869128 2.00975 1.29658 0.153062 0.204728 
1.23838 1.8854 2.10933 1.69857 1.82113 1.14715 1.12552 1.0762 2.17083 0.747003 0.271209 0.257246 
1.2317 2.06568 1.8887 1.80679 1.07941 0.987877 1.84633 1.19993 1.23918 0.869076 0.328437 0.191592 
1.21514 1.68271 1.12025 1.44665 1.50675 0.993235 1.84731 0.840112 1.08193 0.681718 0.134172 0.0892382 
1.1596 1.75325 1.61064 1.09227 1.66278 0.634483 0.911793 0.487367 1.51713 0.572992 -0.00458295 0.107771 
1.01126 1.77125 2.05127 0.855322 1.755 0.179767 0.752489 0.734943 0.63304 0.476969 0.340511 0.114914 
1.27024 1.95151 2.11281 0.1512 2.12385 0.391463 0.504029 1.03285 0.569741 0.0871959 0.662702 0.0883246 
1.267 1.53659 1.57541 0.795833 2.08554 1.28567 0.999569 1.22704 1.545 0.367123 0.0607922 0.0399132 
1.17667 1.84477 1.81449 0.694062 1.29123 1.74522 0.668615 0.740056 1.00441 0.257876 0.100679 0.0290025 
1.33178 1.62956 2.2078 0.622965 0.956909 1.5231 1.06756 0.988984 0.995467 0.8274 0.452182 0.144486 
1.22183 1.57829 1.61431 0.918354 1.29074 -0.106668 1.39251 1.79639 1.68794 0.893953 0.510803 0.150515 
1.20975 1.62689 1.53432 1.03531 1.51353 0.630769 1.32822 1.26791 1.63653 0.922643 0.258356 0.1029 
1.17079 1.64257 1.93994 0.954168 1.23987 1.5741 1.49771 0.572518 0.703511 1.10326 0.0385494 0.101897 
1.16858 1.41709 2.53155 1.29764 1.29251 1.03094 1.39856 0.940655 0.625705 1.22227 0.1597 0.109931 
1.18526 1.33991 2.43742 0.808411 1.93678 0.81671 0.936868 1.76496 0.638577 0.953485 0.579715 0.125421 
1.16638 1.41699 2.07157 0.0738403 2.03469 0.818745 0.361279 1.64402 1.23425 0.860255 0.776192 0.107658 
1.06478 1.35842 2.09221 0.604835 2.05338 -0.241697 0.696314 1.5402 1.05986 0.907557 0.618872 0.18446 
1.05883 1.59027 2.11744 0.796907 1.46157 0.285829 1.02603 0.77737 1.18754 0.58653 0.68458 0.202283 
0.955232 1.72194 2.21737 0.496728 0.863923 0.69351 1.2175 0.641481 0.710716 0.151346 0.536289 0.064504 
1.00149 1.33365 1.58504 1.07617 0.595381 1.01676 1.5257 0.603383 1.50347 0.0910027 0.493608 0.124947 
1.09815 1.04019 1.83332 1.05363 1.72975 1.05545 1.63499 0.734765 1.25773 0.468859 0.490779 0.203256 
1.01783 1.34953 1.46441 0.454551 1.57962 0.810431 1.85594 1.01159 0.0888689 0.0904783 0.259969 0.100315 
0.924542 1.31083 1.72714 -0.143163 0.989025 1.01597 1.32423 0.0723013 0.890538 0.251552 0.367907 0.151117 
0.954097 0.840433 1.37616 0.615051 1.09817 0.939678 1.20921 0.466289 1.32021 0.715508 0.488297 0.106245 
0.865362 1.1883 1.61612 0.773316 1.59539 0.983033 2.12773 0.829089 1.04857 0.647433 0.0888173 0.142504 
0.980817 1.55027 1.67243 0.962718 1.89596 0.6336 0.824325 0.921829 1.72743 1.15505 0.288337 0.17655 
0.973883 1.81822 1.73186 0.433449 0.915615 0.747148 0.484606 0.161463 0.980674 0.759396 0.405733 0.219417 
