0.333458 0.619912 0.84367 0.82966 1.3825 0.630209 0.763207 0.499562 0.425452 0.367925 -0.251614 0.0348405 
0.461216 0.798389 1.18904 0.703946 1.6619 1.22726 0.367596 0.058717 -0.0504912 -0.319666 0.0798962 -0.0126336 
0.415851 0.929175 1.40648 1.26471 1.76035 0.882553 1.13989 0.786495 0.467204 0.256343 0.390369 -0.0851285 
0.509782 1.30721 1.43011 1.59999 1.61078 1.14864 0.988403 0.579719 1.14676 0.347243 0.061673 0.0950096 
0.49252 1.22584 0.947297 0.963085 0.885319 1.13836 1.19352 0.648813 0.571822 0.545233 0.392624 -0.0870454 
0.473271 1.38776 1.11184 1.48003 0.657362 1.30341 1.92796 1.91201 -0.0128719 0.713944 0.630822 -0.0956177 
0.55261 0.848554 1.19278 1.29043 1.62697 1.78645 1.24902 1.66479 -0.0434028 0.403106 0.0491587 0.16499 
0.631864 0.916462 0.964135 1.2426 1.75679 1.23354 1.26926 -0.0242138 0.439643 0.419767 0.42924 0.115253 
0.484044 1.13762 1.38715 1.26712 0.792912 0.852027 1.12173 0.365713 0.556072 0.853136 0.557485 -0.000990951 
0.610639 1.29341 1.26789 0.859053 1.20819 1.80891 1.2409 0.570921 0.466071 0.484401 0.572995 0.0211705 
0.493263 1.12097 1.20324 0.471049 0.892053 0.812573 1.01429 0.805361 0.0077499 0.981278 0.881535 -0.276863 
0.477018 0.973967 1.05795 0.89938 0.764077 0.461601 0.200857 1.12979 0.288626 0.740421 0.119812 -0.173369 
0.605854 0.705329 1.23034 0.996811 1.18451 1.4821 0.282353 0.9961 0.592513 0.361726 0.162393 0.0657572 
0.610801 0.712235 1.41169 0.945787 1.29774 1.59936 -0.273372 1.18569 0.871171 0.658535 0.211707 0.0339934 
0.561209 1.15682 1.73531 1.1678 1.51493 0.858587 0.708821 0.915072 0.812963 1.03056 0.586067 -0.0925927 
0.569472 1.19515 1.25857 1.19053 1.86004 1.44393 1.38859 0.535732 0.501643 0.116134 0.204996 0.0698867 
0.597165 1.14639 1.28462 1.44781 2.00077 0.860611 0.538653 -0.062036 0.496096 0.505215 0.0569093 -0.0409634 
0.6676 1.02362 1.36962 1.09913 2.06487 0.695469 0.947387 0.147176 0.482824 0.272292 0.504076 -0.0916558 
0.609057 1.10983 1.28376 1.32143 1.47007 0.54503 0.750463 0.777459 0.793715 -0.267579 0.600277 -0.114748 
0.594667 1.1792 1.46597 1.22804 0.521731 0.533885 0.613011 1.02291 0.754439 0.254297 0.479509 -0.0158812 
0.727341 1.13035 1.20314 0.423291 -0.026143 -0.0373046 0.593032 -0.0165547 0.146363 0.650031 -0.0847073 -0.150486 
0.665477 0.669035 0.748973 -0.808666 0.251623 -1.1701 1.08165 -0.643893 -0.493061 1.44624 0.580031 -0.230838 
0.512641 1.08086 1.62009 -0.785685 0.860442 -0.308984 1.11689 0.169374 -0.194471 0.93716 0.233211 -0.589486 
0.480435 1.21731 1.9106 -0.883692 0.24355 1.02073 1.59071 0.194957 0.157735 0.532533 -0.635426 -0.515225 
0.790758 1.04823 1.41466 -1.4125 -0.199726 1.80979 1.8619 -0.188336 0.366098 0.576835 -0.879193 -0.46236 
0.67496 0.306612 1.26474 -1.18512 0.702811 1.18518 1.95925 -0.0947141 0.2706 0.687287 -0.661 -0.63873 
0.777849 -0.14873 0.745083 -0.708797 -0.373981 1.09445 2.76203 -0.70236 0.0701733 0.394078 -0.243094 -0.699905 
0.627017 -0.769599 1.09631 -0.409065 -0.0283779 1.72881 2.18849 -0.25281 -0.436119 0.181793 0.0393178 -0.522983 
0.463822 -1.62754 -0.254743 1.09634 0.802049 0.980349 0.916922 0.551999 1.23167 0.0574304 -0.0815124 -0.152753 
0.504451 -1.88004 0.508588 1.81493 1.90017 1.16137 0.626245 -0.124189 0.268287 0.7452 0.0707229 -0.196415 
0.666243 -0.815662 0.375355 1.29568 1.8685 1.2774 1.12085 0.541263 0.285578 0.997124 0.30924 -0.238759 
0.48772 -0.640592 0.442448 1.31234 2.24079 1.84446 0.778559 0.269235 0.0990264 0.777963 0.302952 0.0210515 
0.492821 -1.02406 0.42597 0.913605 1.99781 0.90174 0.657985 0.445893 0.765296 0.547842 0.292076 -0.145141 
0.427496 -1.69938 0.0604114 0.655973 2.45156 0.397129 0.100875 0.682377 0.638038 0.44502 0.586792 -0.291782 
0.52334 -1.81825 -0.794004 -0.252387 1.77825 0.638054 0.0999825 0.991547 0.898628 0.381627 0.0275039 -0.327338 
0.742987 -1.94503 -1.1421 -0.0298914 2.07805 0.783809 0.533586 0.626227 0.405607 0.672532 -0.11877 -0.151609 
0.890059 -1.64086 -0.606779 0.276647 1.35155 0.107745 1.47819 1.1546 1.23811 0.556573 -0.248815 -0.23773 
1.02576 -1.28985 -0.29625 0.0604979 1.86767 -0.148906 1.12964 1.4917 1.74042 0.507213 -0.578145 -0.20719 
1.0068 -1.0502 -0.156056 1.49585 2.61075 0.525123 1.04164 1.17157 0.243825 -0.0868437 -0.163693 0.146419 
1.36442 0.00653184 0.131741 2.47369 2.76709 1.23068 0.524154 1.36882 1.487 0.160154 -0.0424365 0.0259934 
2.24184 -0.05936 -1.07597 0.916246 3.54531 2.76613 0.0383593 1.07164 0.657011 0.245922 -0.017305 -0.06579 
2.44863 -0.476267 -2.02633 0.360569 4.4687 2.79697 0.236731 1.35747 0.653606 0.292371 -0.152222 -0.126739 
2.37051 -0.48204 -2.25714 0.77584 4.06894 3.41896 -0.0952248 1.43543 0.618215 0.257236 -0.201355 -0.069653 
2.14194 -0.0284537 -2.17257 0.822039 3.69315 3.41151 -0.208397 1.85705 0.509829 0.374624 -0.255019 -0.0456924 
2.26421 0.0708097 -1.84395 1.0065 3.61254 3.10766 -0.0436561 2.01852 0.363895 0.337019 -0.268063 -0.0158456 
2.25005 0.160955 -1.64689 1.3758 3.90259 2.80498 0.0380656 1.26741 0.367239 0.439173 -0.0327522 0.0718266 
2.18951 0.448795 -1.53019 1.53037 4.52513 2.98185 -0.222664 0.324589 0.471833 0.802536 0.317901 0.0766816 
2.11613 0.359848 -1.69584 1.55058 4.45104 2.72078 0.301972 0.95747 0.729162 0.777686 0.0820204 0.0545468 
2.05954 0.343422 -1.40524 1.20325 4.67716 2.90346 0.269059 0.934401 0.37097 0.70658 0.20244 0.090727 
2.12299 0.179943 -1.1386 0.963227 4.34531 3.36589 -0.691444 1.28772 0.684107 0.530326 0.255867 0.0394238 
2.23874 0.188045 -1.2589 1.28215 4.46681 2.71533 0.0565691 1.31925 0.663198 0.63322 -0.0528932 -0.0667423 
2.18535 0.218107 -1.49815 1.65817 4.65895 2.5853 0.301592 1.22729 0.569846 0.697312 -0.0920459 -0.00557527 
2.07839 0.486987 -0.809975 1.96036 4.85042 3.33304 -0.416115 0.466809 0.459912 0.595529 0.308191 0.117064 
2.1728 0.391101 -0.172871 0.603104 4.68285 3.53611 0.0366024 0.914887 0.63283 0.333486 0.316505 -0.0183626 
2.15305 0.23339 -0.474084 0.315479 4.4115 3.67337 0.570774 1.35735 0.739641 0.418622 0.249201 -0.0484004 
2.12962 0.11151 -0.65248 0.411127 4.44169 3.38987 0.366949 1.86696 1.01335 0.41022 0.178394 -0.0372739 
1.98672 0.435871 -0.544998 0.574285 4.37096 3.96818 0.60854 1.17526 1.1285 0.449715 0.346402 0.0514055 
1.94623 0.768777 -1.05296 0.262416 4.64931 3.48221 1.14931 0.952213 1.34712 0.742811 0.431213 -0.0224024 
2.00386 0.517183 -1.14038 0.598839 4.78895 2.82893 1.37701 1.0022 1.29095 0.997665 0.316413 0.0416577 
2.02924 0.6422 -0.541261 0.478805 4.88936 2.71342 0.882652 1.38949 1.36477 0.658777 0.131544 0.00619234 
1.90197 1.11976 0.14529 0.850398 5.18911 3.39792 1.26623 0.886476 1.0983 0.58668 0.266693 0.036766 
1.91201 1.10503 0.628791 0.919368 5.18887 3.65471 0.99094 1.0349 1.36839 0.455334 0.258752 0.00806117 
1.91411 1.04076 0.222523 0.688599 4.58977 3.49795 1.32704 1.04677 1.53643 0.328381 0.0866912 -0.0121504 
1.88263 1.21952 -0.00631663 1.0123 4.91946 3.0184 1.99037 0.826324 1.12098 0.718731 0.0394395 0.033573 
1.82225 1.03082 0.125885 0.969959 4.62882 3.37796 1.44847 0.93968 1.02795 0.526284 0.27914 0.112759 
1.83033 0.899002 0.14255 1.06345 4.56943 3.16113 0.770179 1.50492 1.71398 0.0679959 0.111504 0.0638951 
1.82653 1.1674 0.415421 1.72541 5.28865 3.04201 0.407458 0.73584 1.5925 0.420396 0.396827 0.0377883 
1.6951 1.14268 1.41948 1.75997 5.35998 3.5943 -0.0064544 0.728648 1.98587 0.318522 0.455864 -0.00218033 
1.76929 1.05871 1.10314 1.46865 5.85447 3.79761 0.30315 0.448625 1.64996 0.0761348 0.513753 0.0845569 
1.77772 1.27262 0.806442 1.206 5.08979 3.91938 1.1055 0.8287 1.38196 0.170136 0.202174 0.0154344 
1.90073 0.73747 0.448827 1.4763 4.49973 3.97187 0.620579 0.465889 1.1274 0.394734 0.326484 0.103651 
1.84097 0.678877 0.0188795 1.45718 4.54022 3.42302 1.12204 0.0375488 1.33226 0.580087 0.408155 0.146211 
1.88891 0.731841 -0.183223 2.02365 4.86494 3.34223 0.798579 0.46694 1.13014 0.686313 0.215064 0.0416984 
1.93239 0.82249 0.371035 1.81988 5.2869 3.9632 0.844813 0.0639679 0.865168 0.707523 0.495594 0.113681 
1.99866 0.687801 0.996451 1.0458 5.17423 4.16867 0.96279 0.364436 0.803367 0.625404 0.481182 0.140638 
1.8261 1.00041 1.08294 1.61496 4.75754 3.59028 1.22229 1.30919 1.25569 0.696749 0.0356185 -0.0119987 
1.66309 1.14562 0.975728 2.04159 4.73445 3.19748 1.22387 1.12139 1.86704 0.711978 -0.185927 -0.0532212 
1.59203 1.23859 1.13925 1.77523 4.77598 3.39277 1.73385 0.724733 2.12417 0.694298 -0.209716 0.0294985 
1.68574 1.25779 0.989129 2.3975 4.67774 3.44374 2.2037 0.445505 1.73601 0.543221 0.0940019 0.153154 
1.67321 1.32508 1.27124 2.24041 4.64053 2.93423 1.76663 0.880792 1.73105 0.699359 -0.114265 0.0304603 
1.64397 1.39005 1.27353 1.88084 5.05559 3.10631 1.92229 0.508537 1.61836 0.55457 0.0460526 0.124913 
1.68648 1.27825 1.17161 2.3276 4.21288 2.55672 2.4963 0.805457 1.40625 0.490107 -0.00479291 0.177257 
1.55049 1.29274 1.23555 1.69696 4.43592 3.16156 2.39009 0.706711 1.8138 0.853953 -0.38916 0.0806613 
1.56699 1.49705 1.16477 1.59811 4.57897 3.01338 1.27181 0.942269 1.22817 0.396504 0.187353 0.0635439 
1.58727 1.26275 1.27028 1.65059 3.95741 2.14293 1.6365 1.03893 0.962014 0.392491 0.0346552 0.113711 
1.48007 1.16867 1.03545 1.78561 4.00912 1.76069 1.54276 0.623265 1.6394 0.296494 -0.143234 0.0501127 
1.35052 1.42981 0.929176 1.33368 3.40216 2.3201 1.49755 1.37994 1.53189 0.252773 -0.31209 -0.00344965 
1.34994 1.39998 1.4798 1.47036 3.55222 2.59107 1.37743 1.78618 1.78934 0.536326 -0.272374 0.0897615 
1.41408 1.29223 2.08451 1.41208 3.76888 3.4125 1.74007 2.01489 1.65413 0.544242 -0.0267746 0.252315 
1.40323 1.518 1.81563 1.6794 3.49337 2.69775 2.51897 1.5314 0.923328 1.19529 0.0792772 0.28927 
1.40437 1.58374 1.41843 1.7674 2.65022 2.56012 1.68991 1.46296 1.34688 0.836642 0.434911 0.266325 
1.27494 1.371 1.63305 1.91023 3.2455 2.08663 1.41126 1.71985 1.43494 0.827279 0.410234 0.2631 
1.32881 1.53171 1.87998 1.98175 3.16897 2.02187 1.64427 1.29627 1.45731 1.0843 0.321451 0.261392 
1.29321 1.52087 2.21774 2.30806 2.82641 2.07583 1.12723 1.6375 2.00505 0.968916 0.107054 0.260202 
1.24244 1.83885 1.90181 2.67661 3.15267 1.61534 1.10623 1.37724 1.72306 0.989449 0.299827 0.245957 
1.21702 1.68594 2.29677 2.26507 3.15906 1.61807 1.16308 1.33041 1.58345 0.958472 0.385179 0.270596 
1.21767 1.5243 2.39129 2.25168 2.79227 1.9744 1.48238 0.985749 1.65484 0.878529 0.423127 0.29578 
1.31873 1.50874 2.32163 2.07726 3.09844 1.85059 1.77847 0.699594 1.62655 0.645706 0.537227 0.326928 
1.36462 1.76143 2.62341 2.01787 2.57457 1.59527 2.25995 1.43343 0.950426 0.684629 0.408552 0.264967 
1.4123 1.72742 2.27035 1.57195 2.62696 2.03909 2.2519 1.44743 1.40255 0.441778 0.19917 0.234469 
1.35973 1.97121 2.23988 2.16038 2.50279 2.48686 2.40344 1.63596 1.47076 -0.0954739 0.37063 0.219041 
1.26772 1.82103 2.54999 2.29521 3.2777 1.75144 2.02841 0.595337 1.78376 1.01633 -0.0265917 0.275452 
1.33431 1.67886 2.47803 2.27299 3.20241 1.34316 1.80584 0.993588 1.32736 0.789054 0.372462 0.285884 
1.19306 1.43008 2.21733 2.1136 3.03258 2.08069 2.17403 1.61844 1.25147 0.829883 0.201307 0.321249 
1.18566 1.53659 1.94512 1.8024 2.74844 2.10248 1.79089 1.12258 1.59099 0.826154 0.386201 0.294744 
1.23336 1.82809 2.29691 2.30782 2.22515 2.05991 2.14166 0.470586 1.46568 0.637604 0.612394 0.279614 
1.27072 1.72984 2.53808 2.24205 2.14799 1.94816 2.28906 1.40516 1.82951 0.164839 0.522874 0.330029 
1.29486 1.69309 2.18735 2.14611 2.92663 1.91218 2.11195 1.11153 1.70003 0.435206 0.451358 0.314643 
1.28854 1.70453 2.55236 2.15311 3.00812 1.58237 1.26032 1.21647 1.63617 0.673756 0.405551 0.278944 
1.33626 1.67604 2.16545 1.51702 2.76394 2.08497 1.10095 1.63281 1.75959 1.19868 0.0628826 0.195406 
1.24744 1.68356 2.3931 1.03413 2.76276 1.2311 1.67964 0.907792 1.82435 0.949218 0.328871 0.351384 
1.14975 1.59885 2.16355 1.39 2.81407 1.69788 1.7059 0.524899 1.69599 0.616379 0.739207 0.334269 
1.17516 1.42909 2.54094 1.72433 2.6489 1.13361 2.46129 0.757069 1.19563 0.914689 0.443547 0.342133 
1.24066 1.64252 2.50411 1.6662 2.44624 0.862601 1.90856 1.10136 0.911349 0.36155 0.449903 0.241408 
1.25152 1.46149 2.95556 1.68177 2.37621 1.31753 2.10749 0.729074 1.6617 -0.148408 0.419935 0.368898 
1.11361 1.41158 2.62041 2.05575 2.01055 1.78717 2.31556 0.855192 1.40691 0.364306 0.191115 0.260435 
1.11094 1.29612 2.6119 1.67367 2.83155 1.44069 1.422 1.25179 1.88017 0.444404 0.270776 0.334219 
1.06935 1.54232 2.52896 1.00636 2.86441 1.2036 2.21718 1.44688 1.71059 0.442775 0.205154 0.364454 
1.15324 1.80566 2.2009 1.22616 2.16865 0.350941 1.63187 0.874306 0.979735 1.19062 0.560106 0.309719 
1.21902 1.83558 2.50667 0.875976 2.54818 1.10335 1.71147 0.943716 0.841949 0.56197 0.778213 0.287677 
1.10025 1.75503 2.71776 1.69339 3.11095 1.76307 1.36502 1.51346 1.28731 0.246929 0.560017 0.2344 
1.0566 1.80307 2.46127 1.40881 2.90025 1.58567 1.51381 1.59834 0.811578 0.646652 0.516293 0.210006 
0.999881 1.56425 2.49925 1.32295 2.18851 1.15198 1.50617 1.05097 0.719122 1.05141 0.939876 0.197532 
1.12947 1.40235 2.33802 0.888148 2.26795 1.63641 1.21386 1.37143 0.97308 1.355 0.673313 0.218725 
1.17112 1.47717 2.5399 1.22565 1.82455 1.21475 1.36736 1.29552 1.64752 1.15628 0.444533 0.300723 
1.12432 1.45847 2.53533 1.27015 2.26018 1.64294 1.6259 1.03645 1.29558 0.878076 0.445947 0.280332 
1.181 1.33186 2.23836 1.57677 2.98503 0.694207 1.14915 1.27172 1.67092 0.830561 0.397074 0.279467 
1.00603 1.14797 2.24828 0.869046 2.54282 0.183873 1.11031 1.6142 1.93353 0.990424 0.781602 0.264279 
0.990751 1.48164 2.25565 0.844725 1.65048 0.25718 1.34273 1.11193 1.15167 1.30959 0.996165 0.22399 
0.927384 1.36378 2.20134 0.67242 1.48617 0.802605 0.844701 0.924108 1.17135 0.778723 0.563673 0.155342 
1.02997 1.44173 2.4039 1.28531 1.78692 1.18006 0.999457 1.12276 1.04882 0.913321 0.554362 0.186297 
1.07244 1.55089 2.15384 1.98704 1.72987 0.909119 1.21068 1.0467 0.735275 0.505222 0.706952 0.178681 
1.04022 1.62856 1.88125 1.28698 1.59514 0.517008 0.851203 0.736217 0.988508 0.284981 0.984484 0.147605 
1.18179 1.38068 1.89005 1.23013 1.57279 1.06242 1.60253 0.207313 1.13586 0.504908 0.674959 0.21756 
1.20163 1.8495 2.31231 1.10763 2.0214 1.18663 0.71814 -0.0737882 1.05925 0.446146 0.868856 0.266559 
1.04126 1.49719 2.32376 1.06178 2.21126 1.28257 1.51431 0.944905 1.04946 0.780063 0.869558 0.242193 
0.949461 1.20135 2.60217 1.25014 1.57074 0.625492 1.36238 0.8938 1.26465 1.39289 0.973172 0.215222 
1.06767 1.47409 2.78966 1.73127 0.805241 0.130447 1.48792 0.775522 1.24187 0.636766 0.93689 0.285975 
1.18139 1.49062 2.34973 1.4578 0.971911 -0.671102 1.73893 0.645904 1.72862 0.652505 0.85805 0.380627 
1.12959 1.60714 2.0687 1.09983 1.18125 -0.2329 1.17198 1.35486 1.16864 0.319124 1.01979 0.238213 
1.10071 1.89294 1.98971 1.42347 1.03522 0.187303 1.68725 0.770174 1.19225 0.538083 0.432362 0.179904 
0.94129 2.05952 1.89548 1.18193 1.43185 1.1293 1.37839 0.321972 1.32033 0.730934 0.320782 0.204267 
1.0472 1.46207 1.85518 0.622047 1.55443 0.872729 1.16626 0.220193 1.03629 0.879114 0.85035 0.191553 
1.04878 1.47602 2.3472 1.10094 0.607381 -0.274844 0.782409 0.120635 1.21907 0.413327 0.546269 0.263287 
0.960796 1.5949 2.88722 0.882442 1.03096 -0.0893275 1.00299 0.756155 -0.217667 0.723194 0.580011 -0.00203977 
0.919669 1.6764 2.31042 0.749171 0.748858 0.710121 0.783757 -0.168283 0.605582 0.015412 0.50774 -0.0407036 
0.936015 1.49997 1.34081 0.69058 0.987556 -0.187442 0.215999 0.456061 0.348093 -0.0995216 0.0848605 -0.0276167 
1.07457 1.33281 1.59247 0.415293 1.31442 0.700432 1.21892 0.850937 0.694036 0.554169 0.105939 0.088562 
0.930314 1.46535 1.98523 1.1078 1.81194 1.17337 0.846765 0.47061 1.47961 0.0381571 0.0876208 0.188139 
0.926904 1.48453 1.72573 1.25038 2.06571 1.10049 0.830388 0.09071 1.01733 -0.477297 0.380678 0.0817961 
