0.595089 1.23925 1.31058 0.0232752 0.624457 0.053421 1.20002 -0.144702 0.482756 -0.260832 -0.223412 -0.0560619 
0.500986 1.50616 1.39685 0.552395 0.319947 1.04241 1.816 -0.642308 1.02455 -0.00337578 0.21781 -0.111571 
0.478533 1.27647 1.42832 0.651351 1.12925 0.528351 1.50648 -0.387122 1.67077 0.0577949 0.454315 -0.017608 
0.503827 1.25228 0.628519 0.536058 0.614764 -0.141145 0.69352 -0.556908 1.34905 -0.0536988 0.167693 -0.0615261 
0.542036 1.34007 0.7143 -0.557929 0.639435 -0.931586 1.15938 -0.406007 0.14425 0.309787 0.322654 -0.16453 
0.43311 1.39012 0.64277 -1.09182 0.0442442 -0.965111 0.430767 -0.0775422 0.292717 0.301294 0.274569 -0.179254 
0.459103 1.52929 0.427586 -1.64296 0.283918 -1.44793 0.639439 -0.897296 0.368104 0.0966149 0.523313 -0.0716728 
0.529002 1.42238 -0.0901686 -0.810284 1.04753 -1.0455 1.11535 -0.29931 0.796305 0.350665 0.533021 0.120445 
0.581178 1.53006 -0.0187214 -0.386504 0.633212 -0.668879 1.29198 -0.205392 0.995927 0.438304 0.367216 0.106074 
0.723558 1.27396 0.571009 -0.491866 0.855767 -0.317684 1.47368 -1.30845 0.865572 0.593885 0.422815 0.179393 
0.781932 1.38871 0.325723 -0.65937 0.543527 -0.337434 1.42514 0.130079 1.26153 0.414388 -0.0324631 0.105561 
0.757994 0.940609 -0.0249941 -0.911351 0.244372 -0.463835 1.076 0.531855 1.01555 0.355892 -0.144495 -0.124352 
0.987172 0.757606 0.283257 -0.600401 0.45753 0.113383 2.09179 -0.569358 1.43527 0.730639 0.162453 -0.111512 
0.965506 0.911124 0.279462 -0.239707 -0.678932 -0.211819 1.34766 -0.463255 1.74158 0.483534 0.225407 -0.104609 
0.905177 1.47832 0.170936 -0.789761 -0.248093 -0.441026 0.76386 -0.0763367 1.08713 -0.189652 -0.353084 -0.314953 
0.975945 1.28771 0.47334 -0.709065 0.331282 -0.24457 0.566821 -0.118388 0.854488 -0.0943133 -0.265696 -0.173482 
0.950497 1.41802 0.629118 0.444957 0.587974 0.0530075 0.943916 0.175031 0.426245 0.121218 0.385248 -0.227769 
1.03756 1.73366 1.53954 0.89032 0.814958 -0.045176 0.205174 0.277072 0.282073 0.0812622 0.0576016 -0.0985642 
1.1317 1.91305 1.34756 0.38948 0.690177 -0.863882 0.172624 0.896426 0.452055 0.061198 -0.31007 -0.133753 
1.45358 2.20077 2.13537 1.90307 2.05564 0.512417 1.11265 -0.330412 0.156054 -0.302267 -0.238785 -0.17101 
2.18645 2.30141 1.23023 3.26493 3.24937 -0.017227 0.772637 -0.850862 0.653631 -0.544149 -0.273169 -0.259921 
2.06019 2.46178 2.22709 2.70458 3.21142 0.872901 0.65118 -1.35089 0.215578 -1.1775 -0.312883 -0.280058 
2.03977 2.55703 2.25192 2.32048 3.05116 1.73753 0.487635 -1.33834 0.916314 -1.05182 -0.139367 -0.255269 
1.88216 2.39963 2.05638 2.97881 2.94644 0.945732 0.387708 -1.21425 0.210999 -0.972665 -0.194493 -0.337197 
1.91699 2.40271 2.42875 3.06312 2.95401 1.15942 1.12756 -0.930576 -0.365595 -0.874207 -0.177659 -0.270753 
1.71523 2.64087 2.51204 3.20707 2.90644 1.38957 0.240289 -1.03283 -0.0416093 -0.641953 -0.256694 -0.406885 
1.88619 2.4374 2.42887 3.70115 3.28219 0.875571 0.124776 -1.04857 -0.172622 -1.02943 -0.345976 -0.443202 
2.03534 1.96616 2.06027 3.46485 3.90171 0.633125 -0.0867811 -0.613868 -0.154679 -0.829607 -0.384602 -0.296608 
2.01873 1.85427 1.69173 4.02846 3.82278 0.540189 -0.00945998 -1.23503 -0.108407 -0.886574 -0.22858 -0.33743 
1.92465 2.0278 1.98998 3.47339 3.39757 1.15372 0.130999 -1.24525 -0.700671 -0.793283 -0.0637106 -0.30505 
1.77319 2.16611 2.18357 2.98865 3.28013 1.22198 -0.133463 -0.797107 -0.410415 -0.678814 -0.093407 -0.314917 
1.96204 2.14928 1.77592 3.4961 3.69042 1.07091 0.0209187 -1.23638 -0.113636 -1.01924 -0.150279 -0.34163 
1.95686 2.266 1.83653 3.21099 3.55213 1.73118 0.129939 -0.842429 -0.357977 -1.04031 -0.0468784 -0.266702 
1.86708 2.4341 2.13129 3.09657 3.69097 1.82067 0.296905 -0.814327 -0.269117 -1.03111 0.0317911 -0.293649 
1.92452 2.50175 2.2767 3.07399 3.83407 1.82182 0.115806 -0.920152 -0.251912 -0.946344 -0.0705385 -0.342768 
1.87156 2.79726 2.51574 2.87423 3.34462 2.28024 1.17539 -0.842724 -0.837011 -1.35345 0.0309117 -0.272983 
1.9168 2.66332 2.28011 3.23994 3.97582 2.1408 0.566846 -0.903621 -0.222588 -0.908109 0.055979 -0.311012 
1.78441 2.45394 2.34439 3.11523 3.66736 2.19365 0.803562 -0.36221 0.00881587 -0.555351 0.17117 -0.191469 
1.90704 2.57778 2.37428 3.19413 3.57312 1.35735 0.71575 -1.31804 0.326798 -1.04427 -0.0742818 -0.320385 
1.87898 2.61142 2.39883 2.84735 3.77591 0.64451 0.522306 -1.38015 0.11446 -0.993887 -0.254429 -0.316657 
1.8448 2.7276 2.43082 2.66803 3.97746 0.808896 0.976811 -1.25796 0.157356 -1.23646 -0.139609 -0.278976 
1.853 2.89604 2.69582 2.62808 4.25501 1.26811 1.12184 -0.904792 0.37374 -1.10851 -0.0717507 -0.27616 
2.03284 2.80432 2.7531 2.43265 4.19585 1.62793 1.01604 -0.581073 -0.240966 -0.759211 -0.180968 -0.210822 
2.00547 2.77658 2.59907 2.54842 3.97496 1.91435 0.572974 -0.267461 0.0340363 -1.12375 -0.0421824 -0.241467 
1.79326 2.80382 2.92986 2.78218 3.35403 1.67212 1.0487 -0.276926 0.161964 -1.08861 0.0462996 -0.235028 
1.87448 2.92379 2.54985 3.09614 3.94879 0.958143 1.77972 -0.938786 0.522892 -1.07093 -0.0488936 -0.220626 
1.82004 2.78661 2.46759 3.34113 3.51208 0.695426 1.29169 -0.595336 0.773012 -0.427625 -0.0586511 -0.167129 
1.84719 2.95157 2.80627 2.8732 3.37099 0.371276 1.3761 -0.190087 0.735332 -0.509514 -0.127176 -0.0986611 
1.87168 2.93079 2.58025 3.06529 3.11892 0.715081 1.20609 -0.997877 0.629815 -0.725662 -0.0717715 -0.205778 
1.7853 3.00426 2.93015 2.93663 2.72347 0.684156 1.34306 -0.97346 0.264685 -0.795796 -0.111247 -0.210351 
1.86261 3.12883 3.55526 2.64502 2.93662 -0.0593151 0.00666938 -0.837257 0.118978 -0.388232 -0.50282 -0.154314 
1.83287 3.01235 3.04321 2.84805 2.14059 0.0827661 0.00262594 -1.05924 -0.172927 -0.371076 -0.403186 -0.186873 
1.92291 2.95809 2.45695 2.36097 2.07088 0.956005 0.472268 -1.71874 0.195435 -0.25199 -0.144284 -0.156366 
2.09468 2.61992 2.68746 1.86164 1.69325 0.70489 0.334639 -1.46931 -0.304523 -0.178864 -0.107609 -0.0113519 
1.89532 2.96225 2.85089 2.18278 1.30823 -0.0394143 0.640252 -0.788552 -0.0674978 -0.47289 0.0416367 0.00790465 
2.10336 2.91553 2.56405 2.71623 1.91582 -0.167527 1.32811 -0.606043 -0.0961967 -0.0905248 -0.0393694 -0.00538424 
2.04927 2.96403 2.95906 2.75564 2.52023 0.143139 1.66958 0.453236 0.395674 -0.291627 -0.105548 -0.0379326 
1.94244 3.31611 3.02967 2.71369 2.91502 0.136771 0.931154 0.130006 0.946093 -0.137961 -0.056293 -0.0240093 
1.87053 3.0136 3.06794 2.00701 2.43446 0.0287745 0.763341 0.183568 0.480434 -0.408594 0.0713209 0.0383789 
1.7839 2.62078 3.38522 2.45079 2.22091 0.467083 0.469575 -0.223521 0.451854 -0.109663 -0.231577 -0.0610215 
1.84945 2.59857 2.70704 1.60389 1.51983 0.0850164 -0.0675564 -0.00959206 0.391835 -0.547234 0.0076992 -0.0524773 
2.01218 2.37863 2.59385 1.33253 1.00209 0.277423 -0.14007 -0.494274 0.138873 0.0654535 -0.0422604 -0.0175681 
1.93091 2.46246 2.74351 1.02418 1.30666 0.559319 0.207846 -0.5073 0.596709 0.554067 -0.0148317 0.0719326 
1.80763 2.33022 3.03168 1.71488 1.36808 0.767334 0.520992 0.258563 0.417391 0.277214 0.0627437 0.0507032 
1.88455 2.21477 3.72015 1.81785 1.31996 0.606146 0.599015 0.148654 0.444406 -0.068338 0.0695947 0.107607 
1.7811 2.3529 2.8252 1.56492 1.81373 -0.00848788 1.20213 0.0243817 0.032373 0.122018 0.234906 0.192954 
1.69546 2.27376 2.43478 1.6868 1.71542 0.0565024 0.451333 0.0496551 0.741884 -0.0852633 0.381334 0.210393 
1.66338 2.25172 2.63952 1.72548 1.36687 0.445393 0.86645 -0.074481 1.7249 -0.419295 0.156739 0.116553 
1.60366 2.47413 2.27476 2.03434 1.9755 1.07394 1.77285 0.0561245 1.41351 -0.44106 0.120522 -0.0320227 
1.60768 2.44225 2.39563 2.04709 2.09909 1.69254 1.10994 0.227851 1.36374 -0.428744 0.430313 0.0964752 
1.62152 2.07044 2.82037 2.15613 2.15393 0.782137 0.96846 0.465657 0.827117 -0.270043 0.565794 0.264686 
1.6131 2.20705 3.18671 2.03082 2.06098 0.111324 0.452285 1.21208 0.714161 0.0374448 0.53058 0.282129 
1.53732 2.10647 2.99772 2.35569 2.58498 0.912495 0.769292 -0.0382329 0.107241 0.153951 0.116028 0.0112613 
1.51257 1.8041 3.12893 1.71305 2.31863 0.379839 0.318507 -0.334547 0.041877 -0.0731869 0.328133 0.105508 
1.46035 1.76702 2.94389 1.89733 1.96418 0.751911 0.72103 -0.418556 0.775918 -0.292943 0.430097 0.186055 
1.54999 2.1874 2.76455 1.88183 1.71726 0.509287 0.92915 0.191384 0.451658 -0.647173 0.253137 0.0228659 
1.39137 2.48444 2.85609 1.5131 1.82442 1.16681 1.65401 -0.2252 0.554005 -0.107014 0.0859427 0.00868452 
1.40134 2.05888 2.56724 1.17803 2.55738 0.954885 0.968819 -0.461499 0.328404 0.0883172 0.151141 0.0712352 
1.39051 1.96408 2.90834 0.591702 2.05631 0.8106 0.514184 0.977055 0.489146 -0.0653765 0.382703 0.0366934 
1.26799 1.65241 2.5677 0.775685 1.62829 0.810625 1.24193 1.88713 0.766347 0.0658623 -0.199465 -0.0995228 
1.26241 1.84013 2.10484 1.74622 1.51024 0.487781 0.749788 0.489487 0.761213 0.146647 0.011726 -0.0285647 
1.29186 1.97777 2.33104 1.69551 1.29787 0.21896 1.36529 -0.0874686 0.516433 0.610725 0.168265 0.0721819 
1.31593 2.00587 2.38672 1.69139 1.67211 0.881156 1.55702 0.303391 0.986165 0.328049 0.12536 0.103443 
1.36475 2.15653 2.22693 1.73576 2.38657 1.02112 1.31015 0.306879 1.71447 -0.109213 0.193981 0.0878112 
1.41937 1.81527 2.63098 2.20575 2.23994 0.798796 1.87764 0.445306 1.38647 -0.0132978 -0.0701379 0.103153 
1.30032 1.93556 3.11143 1.56067 2.36304 1.09094 2.39721 1.88378 0.494854 -0.0489249 0.107416 0.0365522 
1.30565 1.86395 2.69846 1.39217 1.83588 0.685086 2.13628 1.10602 0.377944 0.0774909 0.397438 0.104492 
1.16328 1.5364 2.21548 1.07128 1.00978 1.31154 1.14019 0.35238 1.09206 -0.146366 0.620836 0.130402 
1.15088 1.5065 2.50787 1.11604 1.4953 1.50278 1.00203 0.375566 1.45391 -0.138574 0.195692 0.15097 
1.23992 1.55127 2.22774 1.29002 1.45634 0.476305 1.63074 0.291108 1.66879 -0.383815 0.307002 0.182012 
1.27344 1.45217 2.41404 1.0012 1.77905 0.53078 1.87429 0.40163 1.37515 0.0908541 0.362916 0.279825 
1.21723 1.47401 2.50776 0.47587 2.07808 0.311742 1.36741 -0.0883864 0.639889 0.808379 0.00228794 0.230086 
1.09545 1.52981 2.02874 0.458117 1.72949 -0.306262 0.519785 0.0484272 0.764521 0.266376 0.109992 0.0864527 
1.08637 1.65098 1.94353 1.30878 1.22316 0.0803545 1.10854 -0.31942 1.18635 0.205059 0.314809 0.13759 
1.11469 1.50113 1.762 1.50922 1.74331 0.186376 0.362454 0.0957202 0.955275 0.791724 0.65115 0.103276 
1.11378 1.42797 2.18936 1.75261 1.76263 0.53164 0.826583 -0.120392 0.645073 0.975257 0.419916 0.080346 
1.10235 1.36346 1.99798 0.29412 1.52485 0.310553 1.43241 0.579188 0.0818224 0.447197 -0.0486641 0.0801846 
1.15954 1.27292 2.08298 0.676387 1.78707 0.728598 1.95371 0.821016 0.973096 0.533749 0.328622 0.216058 
1.21946 1.377 1.74015 0.636603 1.44729 1.22043 1.72256 1.17476 1.27533 0.276991 1.05453 0.252921 
1.14269 1.16254 1.83109 1.22558 0.516569 1.24785 1.92716 1.59292 1.54062 -0.0968631 0.978268 0.219703 
1.12615 1.22423 2.50236 1.11474 0.789443 0.912214 1.69363 1.10897 1.95108 -0.0387491 0.341986 0.293186 
1.15487 1.50768 2.68074 0.710484 1.06332 0.222038 0.879645 0.860809 0.43314 0.12184 0.279616 0.111922 
1.00877 1.74672 2.37811 0.537087 1.51026 0.0912538 1.36868 0.824417 -0.256207 0.181205 0.731102 0.0057653 
0.953498 1.6278 2.41413 1.06906 1.23536 0.745864 0.788869 -0.319907 0.105447 -0.215092 0.775729 -0.0302207 
0.975863 1.64466 1.97995 1.34948 1.36915 0.525378 0.640175 0.0841258 0.266662 0.608422 0.253666 0.020137 
1.04593 1.7806 2.01952 0.986472 1.90795 0.471724 1.46218 0.867415 1.03441 0.616986 0.120492 0.169144 
1.00388 1.69144 2.10388 0.56857 0.916861 0.675193 0.98882 0.272147 0.510051 0.489851 0.878152 0.13347 
