0.293065 -0.0797878 2.35192 1.05617 -0.206222 -0.49049 0.866306 1.00009 -0.216833 -0.118595 0.743414 0.0339855 
0.22988 -0.138033 2.04952 1.40858 -1.04771 -1.4896 1.20455 0.603493 0.923951 0.0529244 0.453396 0.148704 
0.141974 0.129325 2.32394 1.61694 -0.793365 -1.08088 1.10003 0.48037 1.28579 0.23986 0.0667704 0.0799268 
0.152835 0.0884494 2.86238 1.67447 -0.864605 -0.408351 1.35902 0.502706 0.112972 0.0569913 0.0325539 0.0735531 
0.030507 -0.0435966 2.64929 1.53698 -0.332484 -1.28044 2.23471 1.16206 0.122148 0.164103 0.285083 0.218544 
-0.172376 -0.210536 3.30489 0.259801 0.186984 -0.940951 1.3969 1.09725 0.70955 -0.672645 0.655976 0.10154 
-0.176115 0.470404 2.70876 0.958617 -0.500009 -0.147063 1.42343 0.399768 1.37236 -0.74726 1.38201 -0.577126 
-0.462486 0.841344 2.05271 2.41575 0.279456 -1.20155 2.30219 0.798895 0.0218698 0.289488 0.734747 -0.64355 
-0.620881 0.823805 1.71586 2.06695 0.896254 -0.161505 1.0605 0.957646 -0.583926 1.35796 -0.194167 0.0698563 
-0.435063 0.76642 1.81786 2.54724 -0.510511 0.657139 0.984093 0.584515 -0.411201 0.321839 0.0194991 0.248844 
-0.346109 0.7186 2.09964 1.69239 -0.162446 -0.270144 1.89767 -0.687208 0.2954 -0.112409 0.0221609 0.218834 
-0.493148 0.642744 2.22741 1.25533 -0.0508043 -0.580731 2.70156 -1.14788 1.29026 -0.399931 0.0321767 0.19958 
-0.478499 0.580344 2.31935 1.20934 0.560974 -1.91543 2.83099 -0.235414 1.18883 -0.0873231 0.570617 0.00183857 
-0.465697 0.451228 2.61847 2.05519 -0.163075 -1.05707 3.24194 -0.244287 1.3703 -0.544889 0.706336 0.0399338 
-0.601629 0.655399 2.28869 2.25476 0.0626318 -0.5873 3.67174 -0.123603 1.13864 -0.410839 0.640565 0.0504964 
-0.576602 0.570046 2.66837 1.48497 -0.0134743 -0.583152 2.76984 0.421799 1.19367 -0.455859 0.628148 0.0615787 
-0.45951 0.458597 2.58188 1.77573 -0.230159 -0.625953 2.11127 0.171477 1.47411 -0.338376 0.346638 -0.0778728 
-0.495697 0.306305 2.49797 1.44477 -1.11773 -0.450917 2.91683 -0.605896 0.659934 -0.06117 0.563575 -0.152028 
-0.399582 0.302875 2.46629 0.769271 -0.550638 -1.52592 2.55322 0.0965721 0.799644 0.0937461 0.587681 -0.0696391 
-0.351478 0.373632 2.40724 0.391953 -0.657372 -2.35495 2.58774 0.961373 1.13964 0.275006 0.479501 0.174749 
-0.248416 -0.180603 2.2882 0.869705 -1.02432 -1.30326 2.35251 0.973504 0.468866 0.249844 0.546171 -0.232497 
0.00238528 -0.1383 1.86661 1.07851 -1.26132 -1.28096 2.23787 0.679166 1.13269 0.656914 0.94822 -0.432416 
-0.0039206 0.291223 2.32171 0.725499 -0.505564 -1.01558 2.95946 -0.0391709 1.42046 0.215695 0.5351 -0.103144 
0.281592 0.669636 2.05784 1.26284 0.5866 -1.0534 2.87684 0.740347 2.00412 0.25664 0.594854 -0.105272 
0.76792 1.06724 2.15198 0.930089 0.710122 0.198582 3.16019 0.368441 1.49758 0.745017 0.158575 3.84799e-005 
1.76033 0.440098 0.154032 0.594352 1.14241 -0.524653 2.57071 0.333175 1.85815 0.550701 0.169374 -0.0325819 
1.69706 0.392036 0.30419 0.857411 0.824975 -0.968156 3.22864 0.215571 1.8451 0.45706 0.299223 -0.0177247 
1.3933 0.85914 1.06878 1.63613 0.689156 -0.591443 3.93088 0.442822 1.60777 0.0972597 0.449133 0.0173373 
1.26463 0.834992 0.975679 1.44551 1.41943 1.03564 4.43764 0.0466094 0.602475 -0.332035 0.381251 0.133883 
1.73008 0.323494 -0.426721 1.26895 1.62539 0.481404 2.72641 -0.0597473 2.37007 0.239367 -0.138156 -0.366109 
1.78534 0.492871 -1.70205 2.06618 1.55877 0.263664 1.61996 1.08876 2.0008 -0.136768 -0.167406 -0.483557 
1.64815 0.600688 -0.969089 1.8118 1.86275 -0.438327 2.52845 0.878716 2.28251 -0.193538 -0.113416 -0.240609 
1.68744 0.675194 -0.488378 1.3023 1.82285 0.597349 3.04071 0.320648 1.92354 0.0423915 0.0596517 -0.151751 
1.4834 0.723315 0.0758974 1.31051 0.938737 1.18858 2.68107 1.03314 1.96954 0.265833 0.0946547 -0.188105 
1.7501 0.735417 -0.968436 1.7684 1.32479 0.510183 2.0405 1.16987 1.56064 -0.00548547 -0.315947 -0.436635 
1.96339 0.372741 -1.91225 1.59703 2.61785 1.29139 1.79219 0.959411 1.98443 0.148959 -0.395356 -0.472065 
1.96565 0.415041 -2.3674 1.47868 2.87641 1.62204 1.85959 0.781731 2.12783 -0.0708232 -0.408633 -0.499039 
1.87647 0.554126 -1.33961 2.13812 2.48649 1.31861 2.779 0.925003 2.05312 0.0509425 -0.307402 -0.43835 
1.83647 0.578292 -1.34607 2.54396 1.98818 1.88438 2.45606 1.54057 1.22067 0.240052 -0.45601 -0.409038 
1.74171 0.941096 -0.707608 2.13478 1.77535 2.10818 2.30581 1.15101 1.86574 0.213301 -0.318682 -0.344835 
1.72493 1.25787 0.255579 1.44587 1.96225 1.21079 3.42959 0.747812 1.55008 0.555067 -0.402678 -0.271064 
1.67259 0.902418 0.310342 1.12116 2.06417 1.19947 2.66859 0.563223 2.78791 1.16918 -0.441599 -0.389924 
1.56921 0.811304 -0.0547282 1.09977 2.42367 1.63645 2.67837 1.02503 2.31223 0.772607 -0.385312 -0.26558 
1.77509 1.02444 0.308084 1.00442 1.62057 1.31357 3.31428 1.16101 1.99548 0.0594554 -0.378417 -0.195107 
1.6861 1.1689 -0.494445 0.761921 2.11492 0.758146 2.46939 1.49125 2.64868 -0.269621 -0.372058 -0.317117 
1.45655 0.708684 -0.329743 0.928481 2.55411 0.839995 2.58856 1.54779 2.65174 0.531255 -0.205834 -0.21696 
1.4505 0.75736 -0.0803912 1.06397 2.24018 1.23072 2.36637 2.25886 1.833 0.754712 -0.161801 -0.108081 
1.69973 1.00001 0.282129 0.937412 2.8691 0.696303 2.20972 2.23562 2.15178 0.487386 -0.547548 -0.141926 
1.70559 0.761395 0.530977 0.772063 2.46382 0.483356 2.98278 1.76354 1.99139 0.912168 -0.4634 -0.116019 
1.43849 0.694296 0.443502 1.02117 2.41775 0.86918 2.2221 2.23623 2.38171 1.13035 -0.268073 -0.127382 
1.55156 0.948491 0.488749 1.26628 2.76988 1.11401 2.31442 1.75774 2.0109 0.827971 -0.265326 -0.0356386 
1.58519 0.988133 0.842563 0.889799 2.37365 1.70976 2.95001 1.24278 2.25008 0.477827 -0.332881 0.0168297 
1.5752 1.14967 1.2315 1.4302 2.11204 1.94285 2.52212 1.38195 1.57247 0.650047 -0.597604 -0.121541 
1.52578 1.18892 0.282121 1.1977 2.44026 1.86959 2.52424 1.18856 1.65586 1.14521 -0.360074 -0.144314 
1.54189 0.841887 0.0500476 1.02046 2.83768 1.09508 2.76424 1.86547 1.92864 0.808585 -0.263373 -0.0361082 
1.53193 0.884983 -0.167774 0.839941 2.36052 1.25827 2.61295 2.03822 2.26577 0.259687 -0.144907 -0.0563066 
1.43289 0.771322 0.341783 0.623406 2.04898 1.25357 2.86458 1.65624 2.36567 0.633503 -0.0393628 -0.0479121 
1.36905 0.813384 0.410207 0.435298 1.77877 1.65977 2.97811 2.27563 2.15072 0.0732875 0.0958253 0.0141341 
1.68368 1.273 0.834959 -0.0221875 -0.378217 0.361808 2.28507 1.83205 1.69753 0.427406 0.886715 0.235482 
1.21481 0.754711 2.16157 -0.0141312 -1.67718 -0.708646 0.984627 1.91673 1.10422 0.852042 1.30312 0.148328 
0.410146 0.233942 1.68464 0.341063 -2.18141 -0.647253 1.6745 1.03137 1.87683 0.366065 1.2589 -0.100704 
-0.132707 -0.0602426 1.08956 0.795565 -2.68957 -1.02876 1.85083 2.30391 1.41744 0.151327 1.15295 -0.264083 
-0.242499 0.0577119 2.1835 0.897709 -2.45471 -1.37171 2.38984 2.55716 0.760546 0.0877588 0.760469 -0.413613 
-0.244218 -0.0414105 1.91071 0.642517 -1.84512 -1.34199 2.68233 2.13593 1.44151 0.0990745 0.727004 -0.495928 
-0.202577 -0.0790925 1.53035 0.607549 -1.25222 -0.987147 2.18068 2.47348 2.19521 -0.152522 1.01788 -0.546731 
-0.12392 -0.047684 2.06748 1.27597 -1.32513 -0.543942 2.01418 2.86519 2.19015 -0.00724697 0.85368 -0.541032 
-0.0985375 -0.136265 2.29041 1.52029 -1.51381 -0.600334 2.19713 2.91239 2.04763 0.112007 0.841435 -0.433926 
-0.215111 0.0155838 1.78567 1.81728 -1.38298 -1.62171 2.5449 3.53625 1.11448 -0.238526 1.36192 -0.502552 
-0.328267 -0.0185639 2.35206 1.07839 -1.97061 -0.872568 2.7749 2.41022 1.96416 -0.0822668 1.01876 -0.286513 
-0.214311 -0.376691 2.92888 1.08507 -2.46846 -0.564935 2.95206 2.11096 2.17819 -0.121054 0.975467 -0.174903 
-0.235028 -0.43394 2.20809 1.09609 -1.87616 -1.26921 2.80908 2.06173 1.9111 -0.43126 0.917445 -0.229039 
-0.317384 -0.44699 2.66445 0.780906 -2.03143 -0.493446 2.09337 2.00569 1.51335 -0.0790729 0.587097 -0.107504 
-0.376612 -0.636649 2.05822 0.696059 -1.50587 -0.672901 1.89459 2.62987 1.20377 -0.00486926 0.6657 -0.269882 
-0.310578 -0.653417 1.81909 0.990257 -1.18225 -1.35524 1.77389 2.6811 1.96836 -0.701066 0.778479 -0.286504 
-0.374388 -0.792653 1.66559 1.15232 -1.90005 -1.10823 1.61653 2.61862 1.95378 -0.517423 0.893225 -0.278902 
-0.270778 -1.04879 1.85066 1.95113 -1.54189 -1.27035 2.26138 1.85857 1.66826 -0.359874 1.25543 -0.248132 
-0.287113 -1.08468 2.17355 2.38506 -0.646328 -1.15292 2.32963 1.7546 0.643703 -0.142856 1.03974 -0.206522 
-0.181665 -0.744184 2.35206 2.3092 -0.527559 -0.979196 2.75582 2.29346 0.991754 -0.714747 1.3937 -0.344135 
-0.242005 -0.651625 2.25839 2.03782 -0.701049 -0.683012 2.74545 2.08509 0.767039 -0.610183 1.30768 -0.257146 
-0.377458 -0.690774 1.04895 0.866818 -1.01236 -1.69697 1.86792 1.59623 2.15695 0.0796576 1.19178 -0.314659 
-0.211451 -0.2305 1.29014 0.694827 -1.30711 -1.83851 2.09944 1.36766 2.10794 0.54974 0.97026 -0.241444 
0.0353295 -0.401336 0.727026 0.789479 -1.09375 -1.2856 1.61845 1.32689 1.59859 0.853297 1.24435 -0.393275 
0.0952875 -0.417563 1.30267 0.91432 -1.10886 -0.747878 1.22223 1.62438 1.97281 -0.0119019 1.51668 -0.36918 
0.0801508 -0.263089 1.69026 1.4848 -0.899074 -1.09806 2.68028 1.80328 1.00994 0.179566 0.863856 -0.178407 
0.142799 -0.627163 1.80334 1.07941 -1.39515 -1.26071 2.36931 1.91254 1.23402 0.428864 0.831735 -0.260668 
0.173695 -0.327698 1.94001 1.8745 -1.70866 -0.996388 2.17243 2.59824 1.49261 0.171097 1.0045 -0.395887 
0.350624 -0.241667 2.10063 1.99994 -0.853961 -1.46393 2.43178 2.90373 1.84021 0.159526 1.0627 -0.28853 
0.471689 -0.21151 2.03706 2.47884 -0.636968 -0.833593 2.96977 2.75879 1.767 0.66266 0.820216 -0.266452 
0.458311 -0.0827545 2.18495 2.22153 -0.540833 -0.785502 3.43402 1.82492 1.43413 0.596073 0.448258 -0.0686821 
0.320617 0.108537 2.52638 2.27234 0.05757 -0.342367 2.93323 1.25577 1.51258 0.687508 0.687029 -0.171306 
0.365798 0.088822 2.42423 2.1422 0.0772661 -1.22279 3.39526 1.48511 1.73405 0.568984 0.641979 -0.0546251 
0.531749 -0.0180047 2.0887 1.51952 0.575113 -1.8182 3.3955 2.32006 1.6023 0.773245 0.587716 -0.0264015 
0.585005 -0.0135968 2.01725 1.61161 -0.488655 -0.522806 2.72425 2.46105 1.55063 1.03037 0.41618 -0.165593 
0.663057 0.0858159 1.70351 1.5347 -0.845512 -0.375966 2.32645 1.79224 1.61206 0.661538 0.706147 -0.222781 
0.635292 0.306737 2.10811 1.97596 -0.131812 -1.32397 2.58205 1.41625 1.75976 0.785387 0.608033 0.015326 
0.508251 -0.0647366 2.29451 1.63604 -0.175332 -1.24004 2.2065 1.09422 0.840165 0.715834 0.806492 -0.0677233 
0.59666 0.120312 1.52458 1.9903 -0.443004 -1.45763 2.17766 0.3453 0.384082 0.61171 0.670043 -0.0945536 
0.583511 0.343141 2.09869 2.09686 -0.642477 -0.156971 2.24107 1.22454 1.01893 0.269245 0.767204 -0.0492465 
0.685668 0.328079 1.58462 1.03513 -0.873174 0.0296964 2.48523 0.538195 1.23899 0.126805 0.562566 -0.17261 
0.707656 0.245113 1.58691 1.14617 -0.578027 -1.40113 2.86156 0.610954 1.01924 0.824208 0.572531 -0.0867042 
0.645134 0.173923 1.71076 0.956194 -1.08558 -1.2393 2.75984 1.11524 1.22286 0.87965 0.336557 -0.196237 
0.779945 0.401384 1.92223 1.39839 -0.663407 -1.56115 1.62261 1.23122 0.854069 0.934634 0.163157 0.0802766 
0.861072 0.490115 1.97565 1.31935 0.686367 -0.765577 1.29243 1.80879 0.971746 0.426159 0.591994 0.16588 
0.822274 0.463867 2.19606 1.71813 0.79979 -0.902383 1.8085 0.289614 1.23779 0.878115 0.193507 0.157949 
0.709908 0.256536 1.8901 1.42995 0.172558 -0.799857 1.93331 0.900757 1.82993 1.15016 0.705496 -0.0948178 
0.781103 0.40876 1.56418 1.20449 -0.336226 -0.462345 1.96327 0.726573 1.16152 0.912469 0.690291 -0.207198 
0.958239 0.361326 2.48122 0.306475 -0.590299 -0.809535 2.53466 0.895329 0.937615 0.828126 0.278697 -0.0156647 
0.943002 0.495364 2.72064 0.378558 -0.874897 -0.574944 2.58365 1.15534 0.934267 0.930565 0.0469645 -0.0721145 
0.880865 0.567169 1.95476 1.48758 -0.627818 -0.502525 2.73008 -0.201617 0.448399 0.294933 0.323057 -0.110866 
0.973885 0.988589 1.81471 1.65296 0.767467 0.00396038 2.56926 0.794852 0.844141 -0.272521 0.43269 0.11425 
0.949346 0.876513 1.85463 1.46963 -0.464367 -0.219351 2.63292 0.641731 0.303365 -0.268089 0.296693 -0.0706694 
0.833351 1.19423 1.89703 1.12788 -0.359662 -1.00187 1.85485 0.594218 0.206481 0.183623 0.101414 -0.0159527 
0.974951 0.815081 2.57216 0.631298 -0.669395 -0.794376 1.42161 0.438655 0.167672 0.0208563 0.106914 0.00140746 
1.07135 0.803109 2.29502 0.546497 0.275239 -0.318286 1.27099 1.21854 1.56885 0.209792 -0.0943027 0.172672 
1.06659 1.20341 1.69898 1.49409 0.226403 0.386738 0.722187 1.15851 0.941764 -0.10184 0.209984 0.152245 
1.04316 0.921656 1.76241 1.21546 -0.168629 0.622816 0.205303 0.312741 -0.322018 0.117042 0.402343 -0.00410428 
