0.583196 1.27192 1.33816 0.868243 1.64321 1.03317 0.467316 1.38857 1.08593 0.215764 0.785539 0.00214354 
0.374934 0.964913 1.64145 1.17369 1.75173 1.63856 0.288091 0.992241 1.60286 0.599408 0.509478 -0.0125987 
0.58595 1.17986 1.24329 0.907022 0.879805 0.129397 0.314668 0.698021 1.20858 0.240588 0.567726 0.08363 
0.53627 0.886347 1.20361 0.938071 1.70241 1.25806 0.686069 0.115492 0.511053 0.179055 0.286839 0.184616 
0.483805 0.895927 1.609 1.33342 2.28044 0.622719 2.27203 0.733723 1.02442 0.543241 0.780662 0.0318073 
0.590194 0.847573 1.67462 1.1011 1.01805 0.453256 2.03508 0.883106 1.27191 0.151212 0.906674 -0.033987 
0.484873 0.806066 1.43942 1.08481 -0.397726 1.34912 1.33198 -0.0918942 1.67202 0.616149 0.382511 -0.165443 
0.464438 0.861462 2.14714 0.941183 0.259108 1.65864 1.14105 0.883802 1.4507 0.728915 0.137453 0.00807506 
0.421479 0.807945 1.77464 0.811805 0.77394 1.21178 1.3178 0.798514 0.902104 0.456617 0.456331 -0.129494 
0.379402 1.16797 1.62185 0.320497 1.28289 0.808667 1.72978 0.39554 0.972919 0.483279 1.12588 -0.322611 
0.354593 1.42067 1.43689 0.868929 0.216309 0.594034 1.40199 0.708717 1.0734 0.626739 0.618929 -0.197687 
0.336774 1.19805 1.46939 0.837325 1.06234 0.940666 1.07954 0.390229 1.12948 0.40003 0.421563 -0.114848 
0.520637 1.0428 1.42072 0.853639 0.886185 -0.314197 1.16588 -0.315276 1.40349 0.867538 0.705361 -0.0428099 
0.415309 1.027 1.41428 1.76838 0.623401 -0.104408 1.05832 0.0550308 1.01492 0.527046 0.974651 -0.264427 
0.319811 1.0571 1.13703 1.39703 0.689202 0.498631 0.732613 0.972563 0.569156 0.200639 0.685017 -0.0453544 
0.195523 1.40163 1.50856 1.17126 0.717286 -0.0166535 0.136271 0.708236 0.658471 -0.10481 0.647956 -0.0740131 
0.122746 1.45383 1.41074 0.657272 1.06972 -0.709597 0.949414 0.953035 0.503577 -0.703051 1.01807 -0.29034 
0.133278 1.36643 0.795385 0.480288 1.12421 -0.0501477 1.50434 0.271241 0.809948 -0.136989 0.90977 -0.208426 
0.116595 1.61326 0.89098 0.875218 2.00414 -0.194048 2.21376 0.586928 1.5325 0.652878 0.604873 -0.148388 
0.108332 1.46465 1.60642 0.863868 1.42437 0.0345308 2.72522 0.297537 1.25455 0.156332 0.663334 -0.0513316 
0.0859031 1.37273 1.40127 -0.0634099 0.292664 0.407894 1.5323 -0.938901 0.701144 0.728131 0.735566 -0.118712 
-0.00206089 1.68821 0.890725 -0.382263 -0.196143 0.00957436 1.56166 -0.714171 1.42836 0.0578094 0.568309 -0.263761 
-0.0935617 1.80516 0.936442 0.368947 0.218901 0.451217 1.19325 0.449524 1.83114 -0.267643 0.655389 -0.309695 
-0.0867066 1.29958 1.15784 0.0489219 0.349734 0.0369727 0.438448 -0.273177 1.37723 0.370984 0.799844 -0.335035 
-0.0008989 1.083 0.852743 0.384364 0.111181 -0.375953 0.481101 -0.187493 0.706574 0.550161 0.567273 -0.215157 
-0.031651 1.42605 1.58377 0.717228 1.02421 -0.582079 1.92407 -0.078998 0.957178 -0.068044 0.558141 -0.0540868 
-0.0727776 1.62826 1.68848 0.468874 0.99218 -0.447985 1.17096 0.0444401 0.850479 0.690181 0.45194 -0.226334 
0.086187 1.2404 0.901877 0.138222 1.40025 0.0016911 1.92038 0.831912 0.515344 0.027298 0.809381 -0.274527 
0.22044 1.2387 1.48127 0.400431 1.22304 0.2522 1.63473 0.287812 0.0582548 0.556738 0.254719 -0.057475 
0.548564 1.38075 1.59695 0.557598 1.20652 -0.00871531 1.36468 -0.0601728 0.582704 0.339263 0.303561 -0.0680715 
0.688013 1.41267 1.15237 0.0802873 0.375876 -0.162299 1.46747 -0.0850041 1.11221 -0.175729 0.251243 -0.112049 
1.03214 2.21019 2.16094 1.97455 1.43136 0.124384 0.352899 -0.54826 -0.427277 -0.952773 -0.0411764 -0.352239 
2.1843 2.05807 -0.11211 0.80914 2.63274 0.396645 -1.18454 -2.04612 -1.11564 -1.59415 -0.315908 -0.211406 
2.29013 2.37398 -0.0611531 1.1764 2.73756 0.927575 -1.03406 -2.41128 -1.03111 -2.38171 -0.519873 -0.408405 
2.19907 2.33389 -0.294077 1.29077 2.40645 0.21339 -0.37439 -1.94757 -0.604667 -1.97036 -0.408322 -0.288288 
2.45741 1.98437 -0.901597 1.47496 2.25133 -0.654845 -0.416479 -2.70304 -0.435127 -2.08245 -0.482929 -0.210989 
2.34089 1.38918 -0.576927 1.2972 1.37028 -0.0410357 -0.2653 -2.76954 -0.333356 -1.33902 -0.135524 -0.190358 
2.59334 1.21408 -1.69894 1.15659 1.5658 -0.526094 -1.11903 -2.97671 -0.537329 -1.20305 -0.0567061 -0.116876 
2.5322 1.70649 -1.35749 0.598008 1.63889 -1.1666 -1.11434 -3.09433 -1.06577 -1.65315 -0.310482 -0.0127347 
2.56323 1.25119 -1.76464 0.788823 1.18685 -1.13722 -1.14919 -3.41263 -0.43729 -1.30105 0.160452 0.0111149 
2.50136 1.1318 -1.05417 0.842067 0.360668 -1.39204 -1.15537 -3.70062 -0.406636 -1.50391 -0.0971565 -0.095436 
2.53159 1.42862 -0.879065 0.0376175 -0.0673386 -0.951905 -1.32803 -3.23108 -0.383411 -1.05603 -0.0621373 -0.0892662 
2.53375 1.3429 -1.00098 -0.635062 0.14096 -0.562155 -1.36002 -3.317 -0.843861 -1.3857 -0.130813 0.088247 
2.50239 1.17611 -0.691241 -0.640526 0.763272 -0.320888 -0.777706 -3.21626 -0.79079 -1.27137 -0.26871 0.0704634 
2.45475 1.25335 -0.623796 0.193009 1.02226 -0.915243 -0.451291 -3.05927 -0.337576 -0.764248 -0.154552 -0.160567 
2.41072 1.4784 -0.762014 -0.427485 1.55745 -0.516088 0.115038 -2.45184 -0.525325 -1.18986 -0.478466 -0.139666 
2.55516 1.38731 -0.752805 -0.248845 1.34293 -0.693176 -0.653526 -2.32986 -0.139978 -0.54108 -0.305177 -0.220648 
2.55606 1.68292 -1.02678 -0.741842 1.31952 -0.154909 -0.760415 -1.8485 0.694903 -0.207872 -0.124802 -0.376782 
2.59779 1.7653 -1.06495 0.0719608 1.67849 -0.31216 0.0946325 -2.38548 0.373466 -0.154607 0.0351181 -0.372659 
2.49378 1.89074 -0.579753 -0.0804885 1.1562 -0.81387 0.334477 -1.69189 0.332627 -0.0404435 -0.158079 -0.354319 
2.48255 1.72741 -0.694148 0.0754734 2.36644 0.484721 0.209123 -2.34441 -0.108127 -0.780292 -0.303846 -0.31583 
2.38789 1.8787 -0.905767 0.259713 1.99384 0.367215 0.757571 -2.00931 0.0922155 -0.640447 -0.219765 -0.40862 
2.4019 1.19675 -1.13245 0.737418 2.45633 0.464239 1.29067 -1.85724 -0.183817 -1.00071 -0.229561 -0.11797 
2.28543 1.15413 -0.910406 0.808722 2.58828 1.07446 0.952269 -1.90929 -0.0162538 -0.836293 -0.0824149 -0.0945085 
2.21001 1.10148 -0.894931 1.37694 3.3541 0.783151 0.908606 -1.43065 0.270172 -0.437614 -0.14856 -0.167904 
2.18123 0.897232 -1.17433 1.7561 2.72448 1.06144 1.66272 -1.22244 0.227211 -0.39955 0.0837886 -0.261987 
1.91451 1.05714 -0.927769 1.59111 3.48431 0.924415 1.34792 -1.37736 -0.264141 0.012384 -0.0140335 -0.164154 
2.02146 1.04277 -0.81452 0.823841 3.8645 0.591648 0.768123 -1.00838 -0.244851 0.222901 -0.24101 -0.147785 
1.84901 0.864341 -0.53618 1.21362 3.75828 -0.0267229 1.02472 -0.249609 -0.0261884 -0.0943413 -0.574749 -0.0428701 
1.82538 0.841553 -1.06568 1.34904 4.10168 0.204763 1.15778 -0.932466 0.329345 0.0171172 -0.227209 0.0311022 
1.86692 1.12808 -1.4921 1.18144 4.52114 0.80866 0.590828 -1.59191 -0.10003 0.259008 -0.200942 -0.121957 
1.73142 0.900226 -0.957349 1.81194 4.89746 0.809642 -0.26931 -1.45839 -0.363689 0.524646 -0.218227 -0.190442 
1.906 0.252077 -0.935499 2.06799 5.21116 0.802456 -0.302589 -1.20573 0.00794376 0.710676 -0.145781 -0.206822 
1.84389 -0.0244242 -1.03482 2.11413 5.4082 0.99899 -0.573622 -0.816364 0.545596 1.01893 -0.00650996 -0.244591 
1.9271 0.277107 -1.79137 2.6866 4.7684 1.06407 0.184153 -0.951781 1.24326 0.812657 0.23657 -0.228957 
1.88373 0.255109 -1.05915 1.94772 4.925 0.731815 -0.0253346 -0.343003 1.2008 1.17478 0.115808 -0.145079 
1.99977 0.00191499 -0.919 2.1511 5.92207 1.07977 -0.543154 -0.369355 0.453761 1.3255 -0.00861553 -0.235646 
1.97811 -0.0571139 -0.817692 1.67134 5.28046 1.31361 0.287458 -0.234072 0.408145 1.1122 0.0248568 -0.170637 
2.10229 -0.0951915 -1.90234 1.30364 6.03696 1.38268 0.560233 -1.33633 0.649323 1.26837 0.207084 -0.0429405 
2.01702 0.0607356 -1.56535 1.07853 5.95542 2.21842 0.148252 -0.933069 0.0920079 1.25882 0.3312 -0.107923 
1.94749 0.483577 -0.236738 0.948238 4.95467 2.99548 0.937315 0.0781349 -0.346032 0.563514 0.00116797 -0.0973274 
2.06867 0.571961 -0.605155 0.740388 4.1748 2.94931 1.50066 -0.0495171 0.466094 0.307414 -0.0713222 -0.0890769 
2.0219 0.545061 -0.545112 0.0832782 3.62848 1.93369 1.28007 -0.0803131 1.94328 0.808856 0.226456 -0.0121722 
2.12207 0.740549 -0.53488 -0.369075 3.27849 1.88473 1.3862 0.107238 1.62056 0.964551 0.169986 -0.153035 
1.92965 0.585652 -0.222159 -0.0614044 3.37884 2.54597 0.78613 -0.0280243 1.05831 0.276515 -0.412623 -0.339178 
1.78012 0.706552 -0.490216 0.298715 3.82082 2.2812 1.57857 0.0855413 1.73554 0.287627 0.0155461 -0.0705777 
1.76944 0.436518 -0.65816 0.459386 3.71968 2.04684 2.02363 -0.094671 1.94367 0.239907 -0.328156 -0.17368 
1.69571 0.145667 0.348567 0.54857 3.81982 2.05571 2.00223 0.7186 1.60245 0.423217 -0.571353 -0.013757 
1.55357 0.418233 0.275081 0.562032 3.77004 2.38517 0.950354 0.266571 1.51845 0.251367 0.0752845 0.0337533 
1.46267 0.386003 0.548298 0.932611 3.65227 1.89362 0.927817 -0.156803 1.22578 0.642694 -0.195265 -0.0987306 
1.351 0.501247 0.355774 1.06617 3.21163 2.19869 0.790393 -0.0427573 1.06414 0.86417 -0.040748 -0.120118 
1.4009 0.242648 0.147126 1.86045 3.12869 2.98203 0.693645 -0.301572 1.15575 0.695655 0.30937 0.0231119 
1.30004 0.397141 1.09023 1.70217 3.72268 1.64854 0.799322 -0.295021 1.11516 0.823549 0.35524 0.0683471 
1.29039 0.677052 1.46894 1.40347 3.20396 0.901424 0.898629 -0.503206 1.04415 1.50894 0.485004 0.0492063 
1.32296 0.573814 0.582517 1.76697 2.87504 2.77537 1.55636 -0.548256 1.01288 1.46626 0.202212 -0.0182368 
1.17096 0.856157 0.992163 1.36931 2.50459 2.41962 1.00806 0.405021 1.38804 0.907757 0.490543 0.0730877 
1.33245 0.618857 0.723347 0.574272 3.22132 1.61648 0.809287 0.41068 1.95675 0.804537 0.331415 -0.0116216 
1.37952 0.515959 1.04618 1.58819 3.21087 1.37805 0.835737 0.613532 1.65116 1.26228 0.045573 -0.0808606 
1.44942 0.526561 0.535884 1.23238 2.82737 1.98431 2.03694 0.124964 1.85007 0.801121 0.0207535 0.00176382 
1.41672 0.770173 0.516973 1.05473 3.02387 2.03731 1.8738 -0.670549 1.86832 0.341303 0.150332 0.0988058 
1.25269 0.837124 0.787604 1.60516 3.22982 0.796834 1.84933 -0.46899 1.65153 0.55971 0.601398 0.194176 
1.16855 0.897962 1.03017 1.04289 2.97224 1.01019 1.23884 -0.377178 2.35931 0.792589 0.52516 0.0847395 
1.17005 1.12271 0.798981 1.21302 2.95042 1.01906 1.47733 -0.288576 2.42174 1.03194 0.224731 0.00580204 
1.23409 0.96353 0.550992 1.58619 2.78848 1.25697 2.49537 -0.326773 2.53465 0.588037 0.11915 0.0200976 
1.14622 0.940643 0.503808 1.50039 2.51362 0.800213 2.29334 -0.345416 2.195 0.229501 0.113908 -0.0530003 
0.968534 1.04312 0.853665 0.81872 3.529 0.315114 1.32825 -0.138084 1.89723 0.641261 0.820182 0.0234699 
1.05619 1.09706 1.15225 1.00008 3.5309 0.272126 0.712029 -0.502531 1.86242 0.373826 0.993211 0.0515603 
0.952221 1.29106 1.17301 1.41325 2.89071 1.12482 2.49705 -0.342549 1.69821 0.00540495 0.396723 0.195965 
1.0232 1.2498 1.36167 1.26192 2.61149 0.44445 2.6172 -0.305904 1.41245 0.0310401 0.538536 0.289084 
0.895577 1.56906 1.51329 1.03988 2.05999 1.30678 2.49529 -0.403208 1.17876 -0.0895318 0.466373 0.139136 
0.891419 1.30097 1.54996 1.16074 2.61099 1.1513 1.6991 -0.683545 1.44942 0.566348 0.330474 0.0935734 
0.980491 1.41029 1.33816 0.361314 2.30257 0.75084 2.38415 0.0936406 1.662 0.398643 0.505408 0.226382 
0.912622 1.14108 1.62573 0.857482 2.04087 0.499222 2.11685 -0.291312 1.48912 0.375083 1.08986 0.132327 
0.815807 0.830007 1.6404 0.945757 1.90834 -0.0489322 1.88837 0.14257 1.29593 0.670757 0.631806 0.0629433 
0.693674 1.02378 1.83314 0.951461 2.39572 -0.573207 1.57911 0.169798 2.30013 1.06557 0.65139 0.0928694 
0.616515 1.21919 1.70271 1.21396 2.61109 -0.0249859 1.03151 0.167167 2.0359 0.893231 0.560136 -0.00886092 
0.677338 1.06203 1.85724 1.1092 2.54405 -0.0950225 1.60583 0.0713565 2.34753 0.870511 0.921026 0.0326326 
0.744954 1.05485 2.18939 1.00225 1.45161 -0.10441 1.99535 -0.483978 2.08526 0.860437 1.09848 0.0471972 
0.851895 1.0987 2.07629 0.693859 1.14511 -0.393506 1.60763 -0.555084 1.53836 0.625303 1.19179 0.0962608 
0.761585 1.22627 1.46202 0.594302 2.60249 -0.412248 1.37382 0.327833 1.60693 0.534857 0.907425 -0.032603 
0.769129 1.17978 1.47796 0.346841 2.37625 -0.237051 1.54001 0.311272 1.79333 0.159111 0.815958 0.0142596 
0.955105 1.49917 1.54341 0.200575 1.59328 0.5122 1.7371 -0.0982229 2.31804 0.620402 0.614417 0.22333 
0.823454 1.55464 1.87705 0.182815 2.13886 0.27051 2.58391 0.403104 1.03799 0.518404 0.934029 0.159807 
0.783711 1.32561 2.53968 0.258443 0.931642 -0.285045 1.68737 -0.310632 1.73324 0.479678 1.15306 0.161172 
0.621407 1.30304 2.65261 0.6661 1.00285 -0.489316 1.36869 -0.456121 1.46682 0.39101 0.747728 0.0767749 
0.619328 1.33763 2.07197 0.932393 1.42671 0.154936 1.24175 0.213679 1.39305 0.591614 0.725625 0.00433424 
0.86976 0.909238 1.71799 0.670545 0.93429 0.480107 1.07013 0.436586 0.903354 0.902879 0.716899 -0.00143115 
0.865668 0.929807 2.5769 0.541385 1.2207 0.640995 1.05105 1.30722 0.996674 1.14564 0.30558 0.030596 
0.750129 1.50194 2.16899 0.975866 1.17119 0.229161 1.5097 1.3868 1.26869 0.657843 0.347898 0.150153 
0.691982 1.43149 2.32641 0.914565 1.36578 -0.530123 1.65722 1.28563 0.579828 0.759179 0.336411 0.1651 
0.706872 1.12962 2.47194 0.981746 0.742554 -0.47827 1.79641 0.77025 1.64353 0.617816 0.515938 0.252741 
0.792017 1.02389 2.38562 0.768513 0.497887 0.295686 1.56083 1.40396 1.33705 0.718076 0.710086 0.0829091 
0.708004 0.849048 2.34938 0.572269 0.933549 0.0838449 0.853528 1.34878 1.49307 0.79779 0.458937 0.0470666 
0.664405 1.1944 2.19576 -0.264549 0.835989 0.396856 0.428694 1.72562 1.1912 0.53533 -0.137093 0.0279673 
0.568771 1.22524 1.91132 0.473838 1.46074 -0.180517 1.53154 2.0559 1.85455 0.406158 0.379095 0.119173 
0.743043 1.07651 1.95324 1.23334 1.12796 -0.346753 1.13351 0.838643 1.43124 0.540768 0.499076 0.0581457 
0.756631 0.808468 2.25982 1.05725 0.7352 0.0882408 0.448294 0.435717 1.10361 0.808549 0.000359086 -0.0125954 
0.687754 1.05003 2.32836 1.5644 0.897837 0.0337647 0.101865 0.929961 0.73184 0.581994 0.417383 0.0375247 
0.608428 1.25882 1.37655 0.680287 0.807651 0.0138888 1.08594 0.28185 0.672089 0.95179 0.66769 -0.0500975 
0.671529 1.43028 1.45569 0.851757 1.3373 0.324253 1.10986 0.762397 1.68964 0.957488 0.720898 -0.00587928 
