0.440921 0.898035 1.48772 0.507038 1.41879 1.11849 0.371908 0.653516 -0.18341 1.05086 0.359409 -0.168033 
0.501357 0.992012 1.2219 0.0420423 1.24457 1.52719 1.02926 -0.268382 0.428569 0.581984 0.39077 -0.0225199 
0.555556 1.08751 0.868531 0.0825331 1.59335 1.38413 1.53776 -0.27005 0.675789 0.453268 0.530175 -0.094218 
0.564899 0.785032 1.50263 0.792683 1.30681 0.381123 0.638559 0.336474 0.689496 0.724216 0.107287 -0.0135906 
0.534032 0.592548 0.984853 0.845209 0.338885 0.0367459 0.207404 1.20824 1.19926 0.641015 0.229814 -0.0145135 
0.512256 0.723764 1.01674 0.821739 0.100322 0.339721 1.35133 0.989739 1.30485 0.74031 0.183542 0.0117568 
0.553297 0.62008 1.12915 0.617057 0.208604 1.30994 1.13313 0.834502 0.983858 0.595258 -0.0872058 0.0920006 
0.776521 0.616832 0.743963 0.479555 -0.287333 0.860376 0.030653 -0.461709 1.87592 1.19917 0.127909 -0.0504033 
0.809563 0.658773 0.752497 0.550108 0.469287 0.804639 1.05636 0.676222 1.83845 0.771411 0.453142 -0.19337 
1.04759 1.39579 1.1042 0.980512 0.92537 0.507199 0.816029 0.371817 0.759022 -0.341965 0.147863 -0.0513707 
1.14341 1.46162 1.7037 1.05134 0.164673 0.609276 0.273584 0.54804 0.236929 -0.134256 0.413097 -0.00374301 
1.41508 1.84508 2.22575 1.3622 1.12707 0.275753 0.345864 0.139492 0.184997 -0.0394948 -0.173487 -0.068229 
1.68422 2.40996 2.09252 1.30255 0.629915 0.057596 -0.765289 -1.09145 -0.980104 -0.488945 -0.389157 -0.231099 
2.28191 2.88527 1.65508 1.6899 0.598292 -0.90834 -1.15226 -2.08276 -0.516853 -1.19283 -0.508779 -0.366105 
2.3573 2.80491 2.24894 1.90453 0.302883 -0.70867 -0.9872 -2.4486 -0.0655436 -0.998202 -0.524828 -0.330443 
2.16186 2.58492 2.56717 1.30163 0.58027 -0.508804 -1.4107 -1.07816 -0.297147 -0.517714 -0.302294 -0.113871 
2.40719 2.93819 1.82481 0.310308 0.121328 -0.778835 -1.17356 -1.3261 -0.122971 -0.46003 -0.147648 -0.105305 
2.54748 2.39351 1.72645 1.25343 1.0004 -1.10667 -1.73522 -1.26319 -0.441564 -0.093334 -0.257157 -0.185726 
2.734 1.74538 0.385234 1.13065 1.05142 -1.19235 -2.5999 -1.06824 0.0387907 -0.108863 -0.422144 -0.24906 
2.60906 2.07742 1.14843 1.44813 0.805385 -1.78956 -2.07281 -1.60776 0.256879 -0.234279 -0.4375 -0.248289 
2.66439 2.21422 1.00744 0.0342155 0.458244 -2.18719 -1.49692 -1.04763 0.401946 -0.0116645 -0.204077 -0.062834 
2.61703 1.99785 0.848582 -0.170784 0.365024 -1.03654 -1.3879 -1.03223 0.0226498 -0.0669645 -0.0686821 -0.0680264 
2.70196 1.63544 0.166279 -0.0803155 0.749381 -1.54685 -1.8827 -0.90529 1.09102 0.470366 -0.18529 -0.260673 
2.60793 1.62333 -0.235372 -0.322444 0.977523 -0.683919 -1.77 -0.625728 0.818606 0.373361 -0.134393 -0.315532 
2.84605 1.19246 -1.27232 -0.822618 1.05055 -1.41326 -1.87388 -0.965693 0.852615 0.541044 -0.366146 -0.492879 
2.73586 1.66118 0.439315 -0.502131 0.909118 -1.50852 -2.64671 -0.916068 0.776547 0.535441 -0.302429 -0.533934 
2.69162 1.99958 0.336939 -0.743977 0.375059 -1.02173 -1.20544 -0.515404 0.460725 0.425927 -0.137136 -0.39362 
2.36313 1.94668 0.294715 -0.272132 0.0742123 -1.40843 -0.949932 -0.768574 0.859391 0.255612 -0.219359 -0.392631 
2.45546 1.75324 0.260173 -0.990994 0.207655 -1.44693 -0.487693 -0.263794 0.429873 0.292517 -0.280916 -0.361908 
2.3987 1.6597 0.253266 -0.695293 -0.345814 -0.574127 -0.396908 0.131261 0.361037 -0.171344 -0.447186 -0.447414 
2.43804 1.7849 0.528315 -0.999545 -0.534853 -0.196883 -0.324047 0.563817 1.19866 -0.167732 -0.385873 -0.427015 
2.31927 2.35377 1.43689 -0.270372 0.451412 -0.0923313 -0.358288 -0.390726 0.527317 -0.18045 -0.325834 -0.316982 
2.47142 2.53013 0.885917 0.356481 1.08897 0.069893 0.30218 -0.896679 1.02117 -0.350958 -0.285669 -0.366618 
2.41351 2.36907 0.747231 0.19169 1.01553 0.390488 0.942718 -0.207144 0.445594 0.485898 -0.0270284 -0.19273 
2.42738 2.17414 1.09197 0.0247397 0.924322 0.705184 1.45386 0.162034 0.093186 0.219497 -0.181612 -0.1699 
2.2831 2.04924 0.852297 -0.331043 2.01924 0.938015 0.332817 0.313079 0.743297 0.867594 0.48814 0.0951977 
2.57253 1.51433 -0.186462 -1.08367 2.8419 1.61176 1.06756 0.577547 0.730892 0.91867 0.244698 -0.149398 
2.22069 2.05956 0.825381 -0.911822 2.5847 1.74136 1.2683 0.364926 0.9741 0.302786 -0.085039 -0.197611 
2.13708 2.05701 0.498242 -0.367988 2.57663 1.10756 -0.0356776 -0.378939 1.40399 0.0368083 0.0132385 -0.355179 
2.28083 1.53375 -0.055497 -0.0985506 2.91143 1.94921 1.01735 -0.343174 1.24886 -0.0682802 -0.471077 -0.500085 
2.25264 1.5129 -0.0827218 0.127027 2.44208 1.55185 1.23996 -0.280168 1.55178 -0.0988527 -0.402892 -0.410603 
2.2775 1.37986 -0.713969 0.292491 2.22482 1.7443 1.15095 0.0657657 1.2716 -0.0099697 -0.383199 -0.49453 
1.94505 1.8329 0.970905 0.333409 2.07036 1.14279 1.17414 0.295218 0.892713 -0.0913472 -0.530015 -0.351608 
1.92209 2.15343 1.46498 0.415298 1.66963 1.33417 0.819811 0.446363 0.332126 0.316022 -0.178672 -0.1589 
2.08255 2.29234 1.58364 0.153007 2.23182 0.980658 1.33396 0.676427 0.924138 0.549498 -0.152256 -0.135405 
2.15829 2.45491 1.5007 0.513535 1.71844 0.995841 1.42083 0.626704 1.7884 -0.0671423 -0.136933 -0.197131 
2.17767 2.21927 1.20841 1.01139 1.55053 1.03516 1.3824 0.326533 2.14485 0.268012 -0.148916 -0.292583 
1.94702 2.28057 1.96459 0.923385 1.34685 0.413085 1.09227 0.960153 1.49028 0.040663 -0.155828 -0.158181 
1.88935 1.9701 1.9166 1.2203 1.69519 0.699803 0.936062 0.450421 0.888532 0.557092 -0.032702 -0.0477081 
1.7319 2.10905 2.1215 1.40896 1.77977 1.13968 2.34868 0.803546 0.852327 0.727473 -0.215393 -0.0393089 
1.67804 2.50395 1.65427 1.34782 1.76548 0.640732 1.26463 0.47662 1.35667 0.934771 -0.253271 -0.0738066 
1.57914 2.11622 1.73411 0.437694 1.19588 0.260647 0.937397 -0.185826 0.485923 0.298241 0.101066 0.0471984 
1.51006 1.63723 1.99509 0.4455 0.884146 0.227816 1.51525 1.27351 0.668177 0.173607 0.203398 -0.0159562 
1.49456 1.7618 2.52158 0.274573 1.4575 0.442673 1.56835 1.39599 1.18129 0.220275 0.0165617 0.031872 
1.66591 1.96587 1.93844 0.411784 0.483222 0.928903 1.48836 0.134135 1.23791 0.23083 0.489185 0.240604 
1.68018 2.07086 2.14148 1.72364 0.841288 0.617139 1.56582 0.454261 1.11113 0.442366 0.0416383 -0.00394731 
1.69992 2.15293 1.63512 1.11066 1.33115 1.21144 1.13417 1.32508 1.78381 0.595399 0.270421 0.0674924 
1.64748 1.90948 2.01699 1.14623 1.26672 1.085 -0.0393977 1.22922 2.14926 0.489767 0.479838 0.213675 
1.53863 1.77998 1.98623 0.827826 1.70073 1.37616 1.44248 1.52292 2.02836 0.174166 0.264791 0.146731 
1.48454 1.94293 1.85188 1.59288 1.69485 0.66117 2.47658 0.690349 1.89849 0.490795 -0.0771115 0.0753058 
1.45628 1.80317 1.81655 1.78718 1.98581 0.499889 1.25081 0.466347 0.712437 0.30636 0.453173 0.196082 
1.59558 1.73158 1.99517 0.599384 1.90314 0.733327 0.926855 1.94639 1.08271 -0.223762 -0.222178 -0.140466 
1.49862 1.83495 1.98943 0.639134 1.80088 0.706988 1.00295 0.990269 0.710862 -0.454113 -0.13937 -0.0995884 
1.33702 1.9634 2.3099 1.24151 2.04905 1.38906 1.68906 0.420139 0.796833 -0.393525 0.440195 0.105685 
1.25268 1.64319 1.47523 0.641877 1.70138 0.842131 1.83839 2.15767 2.03342 0.0501091 0.597178 0.112988 
1.32467 1.91986 2.1008 0.683328 2.18475 1.00026 1.48468 1.74866 1.64415 -0.184345 0.557507 0.128254 
1.28625 1.80567 2.08513 0.97525 2.13655 1.79932 1.42969 1.51393 1.30545 0.215218 0.381454 0.162575 
1.37375 1.69704 2.46938 0.439964 1.32811 1.48011 1.27973 1.31676 0.805296 1.26038 0.555899 0.206278 
1.22341 1.77086 2.34043 0.456411 1.78675 1.07524 1.52882 0.560222 0.597515 1.56687 0.57508 0.294078 
1.25153 1.78767 2.38506 1.0975 1.68919 1.30765 1.54317 -0.0090867 1.47304 0.660724 0.273722 0.250939 
1.25697 1.73531 1.69315 1.23061 1.76129 1.51759 1.49572 0.452505 1.17671 0.859101 0.0360883 0.0986385 
1.10258 1.38437 1.31875 1.1749 1.14347 0.123066 1.40562 0.960242 0.78449 0.987716 0.170797 -0.0191349 
1.30969 1.67731 1.93754 0.717581 1.79666 -0.175849 -0.0331802 1.3096 0.978421 0.884711 0.247336 0.0534106 
1.23343 1.89832 2.27669 0.640213 1.06743 0.0050009 0.222371 1.17817 1.5716 0.683529 0.728335 0.237767 
1.01731 1.64364 1.73773 1.59439 0.827123 0.240911 1.59025 0.826666 1.10793 0.767342 0.629733 0.127671 
1.04206 1.71197 1.96931 1.87372 1.06211 0.353556 1.7754 0.803717 1.28263 0.796397 0.0288514 0.18912 
1.00994 1.81323 1.91754 0.937059 1.54924 -0.0896783 1.27119 1.08186 0.93333 1.16864 0.264642 0.213183 
1.05456 1.75782 2.19134 0.878859 1.6546 0.330885 1.95926 1.05374 1.04866 0.491602 0.423278 0.168824 
1.186 1.40598 2.25752 1.51315 0.968986 0.392202 1.19081 0.780405 1.44714 0.0450727 0.90558 0.268211 
1.18103 1.12724 1.86144 1.44738 1.27597 1.42421 1.46078 0.453854 1.63967 0.208154 0.437453 0.161095 
1.05531 1.3064 2.28973 1.63316 2.29526 0.825203 1.93736 0.875214 0.600157 0.48684 0.10228 0.121907 
1.0108 1.21217 1.95618 1.20056 2.37069 0.580848 1.00466 1.12675 0.605069 0.588258 -0.195089 0.0275221 
0.965206 1.61527 1.5525 0.498925 1.74334 0.966134 1.896 1.18924 0.593763 0.583384 0.098806 0.0390752 
0.886449 1.14897 2.00021 0.491254 0.677746 0.435517 1.45597 0.484755 0.965797 0.903538 0.0401681 -0.0318717 
