0.497448 1.13281 0.669626 0.325171 -0.0560283 1.03553 0.579255 0.767306 0.323443 0.994709 0.449613 -0.100962 
0.540427 0.786424 0.551653 0.311998 0.808746 1.54504 0.181453 0.503727 0.0965801 0.421466 0.0163373 -0.101107 
0.536953 1.11263 1.08707 0.126353 0.761825 0.394207 0.820076 0.754237 0.978545 -0.281628 0.564317 -0.0522286 
0.538068 0.890244 1.04996 0.501529 0.273386 -0.437557 0.676065 0.476997 0.0227575 -0.309146 -0.0119065 0.16193 
0.52263 0.422969 1.2355 0.458935 0.352363 1.24428 0.836801 0.438271 0.275442 0.213521 0.413949 -0.0315955 
0.521335 0.76659 1.3081 0.585483 0.577924 1.28399 1.08981 0.195379 0.212382 0.0697109 0.151062 0.0342254 
0.521321 1.17177 1.11555 0.865758 1.13831 1.03797 0.368263 0.316101 0.267236 0.277341 0.233622 0.0390948 
0.417122 0.52519 0.707413 0.702375 0.48116 -0.12801 0.302237 0.0360804 0.172845 0.228019 0.353231 0.0485104 
0.426754 0.686514 0.516939 0.656159 0.660196 0.77597 1.50052 0.0874668 0.238911 0.165286 0.258319 -0.0840074 
0.364177 0.740605 1.16977 1.03817 0.287378 0.967545 1.21084 1.14764 1.25867 0.457114 -0.21887 0.110844 
0.4734 0.663259 0.986525 0.90126 0.378106 0.692457 1.52091 0.9581 0.666926 0.401534 -0.346422 0.218027 
0.638208 0.347604 0.805012 0.00872477 0.623141 -0.0313711 0.855186 0.0926601 -0.376407 0.298575 -0.287558 0.0501152 
0.605404 0.28164 1.21055 -0.228476 0.0535045 0.599918 0.501804 -0.422393 -0.14812 0.086323 -0.0915641 -0.19807 
0.777276 1.048 -0.617 -0.379336 -0.237677 1.10515 1.01312 -1.50745 0.173229 0.510268 0.632448 -0.408893 
0.721207 1.09002 -0.757047 -0.0541792 -0.0148099 1.34257 1.67629 -1.52891 0.238769 0.817021 0.418577 -0.591266 
0.850554 0.785413 -0.721354 0.261973 0.131044 0.730432 1.53495 -0.98943 0.861811 1.01383 0.402304 -0.691756 
0.924003 0.251103 0.123635 0.668878 0.379259 0.658359 1.36534 -0.560639 2.20099 1.29174 0.684816 -0.644246 
1.52022 1.40365 0.466217 0.34901 0.776504 -0.0529309 1.995 0.516872 2.11979 0.835395 0.34067 -0.112778 
2.13536 1.93175 -0.972271 -0.326514 2.45791 0.00725342 0.807924 0.0772182 2.52512 1.05487 0.266915 -0.42818 
2.37415 1.98516 -1.50098 -0.2887 2.14247 0.0980137 0.757585 0.139059 2.92573 1.08959 0.395403 -0.467483 
2.2192 2.35447 -0.618139 -0.72136 2.09557 -0.170403 0.384912 0.767468 2.64823 0.93444 0.377359 -0.40299 
2.08389 2.55147 -0.229098 -0.0691577 1.39935 -0.727072 1.0482 0.98111 2.05895 0.817202 0.24852 -0.12895 
2.07983 2.50004 0.12139 0.501754 1.72982 -0.784752 0.718199 0.507428 1.84437 1.21321 0.244964 -0.0727947 
2.2192 2.71896 0.165614 0.0831928 1.17815 -0.444683 0.293396 0.76543 2.00614 0.855831 0.426214 -0.12703 
2.03049 3.37865 -0.272417 -0.703961 1.68295 -1.06101 0.969058 0.561496 1.87962 0.595505 0.434328 -0.175973 
1.86397 3.44018 0.0160008 0.20225 2.33824 -1.23575 0.451028 0.0717667 2.06289 0.858739 0.434283 -0.196331 
1.83506 3.39828 0.167998 0.404221 2.32597 -1.71114 0.206422 0.371497 1.9393 0.914986 0.294137 -0.101764 
2.01728 3.20489 0.10569 0.16866 2.19443 -1.62385 0.710083 0.809992 1.52972 0.836456 -0.0801351 -0.0332363 
2.12923 2.9987 0.703913 0.0871023 2.89344 -1.53747 0.390766 0.247187 1.0619 1.08731 -0.116111 0.0427326 
1.9577 3.14891 0.304494 0.483249 2.7414 -1.18543 0.423957 0.493835 0.784712 0.894875 -0.252323 -0.00357832 
1.73685 3.40639 0.769647 0.462826 2.77196 -1.26553 0.951863 0.826269 0.992861 0.771273 -0.298881 -0.0617885 
1.90141 3.12219 1.81601 0.583732 2.41628 -0.91386 0.280291 0.385815 1.49239 0.738036 0.103665 -0.0208426 
1.84023 2.76834 1.72648 0.846511 2.16743 -0.480403 0.556891 0.393142 1.57112 0.33822 0.0345133 -0.0743884 
1.85764 2.68072 1.02512 1.04563 3.24241 0.155682 1.36679 0.119315 1.52441 0.799485 -0.181879 -0.123167 
2.02992 2.83134 0.821281 0.55252 3.39829 -0.056922 1.04541 0.255251 1.3098 0.515511 0.0285568 -0.0661609 
1.98985 3.04448 0.812096 0.00612956 3.34948 -0.401147 0.67811 0.289598 1.10588 0.175575 0.156876 -0.114908 
1.79976 3.21072 1.93354 0.652996 3.65043 -1.02169 -0.15575 -0.501112 1.13047 0.575317 0.17499 0.0540942 
1.80802 3.00165 1.65915 0.885205 3.19258 -0.878995 1.52681 0.089446 1.3162 0.0988522 -0.0889805 0.0773734 
1.59527 3.21943 2.04832 0.470969 3.01177 -0.724247 1.32341 0.800581 0.851612 0.652516 -0.174554 0.0536901 
1.67185 2.99475 2.54817 0.821856 2.61416 -0.759623 1.12803 0.527438 1.16004 1.0166 -0.246002 0.166589 
1.73392 3.04306 2.11861 0.805786 2.14654 -0.36964 2.22119 1.22685 0.670191 0.264886 -0.129537 0.0188151 
1.80532 3.07073 2.02812 1.1596 3.14554 -0.311038 1.39201 1.45453 0.943329 0.315443 -0.100015 -0.0158541 
1.88679 2.753 2.664 0.766373 3.79928 0.102219 1.36434 1.37918 1.24587 -0.0932035 -0.0486315 0.00738721 
1.89606 2.88982 2.1951 1.22614 2.78973 0.0330036 1.06069 1.22621 1.25589 -0.138847 0.115736 -0.0298039 
1.71218 2.8146 2.35686 1.28928 2.29599 0.0981493 0.947985 0.965503 0.514896 0.0603106 0.0723347 -0.00735141 
2.024 2.69366 2.4325 0.0964429 2.99621 -0.570828 0.993428 0.880837 0.422692 -0.0487029 -0.287327 -0.0247553 
1.84865 2.69514 2.86916 0.47547 3.11784 -0.513591 0.114955 0.840134 0.579468 0.349598 -0.106873 -0.0490237 
1.73143 3.02984 2.8759 1.19705 2.83985 -0.0503051 -0.387273 0.674452 0.964403 -0.115306 0.128909 -0.107558 
1.78746 2.60453 2.73375 1.50519 2.43445 0.454502 0.457598 0.756622 1.20958 -0.334484 -0.0501884 -0.103961 
1.7723 2.40806 2.79935 1.57044 2.13687 0.819078 1.21735 0.760405 0.332964 -0.262168 -0.141653 -0.127321 
1.69722 2.62088 3.10932 1.63038 2.13179 0.539896 1.20929 1.14422 0.984927 -0.289647 0.0629937 -0.0401718 
1.69105 2.43307 2.84191 1.43376 1.83774 0.320055 1.07334 1.43112 0.574266 0.438585 0.0018284 -0.0122946 
1.83642 2.5147 2.4676 1.0581 1.77285 0.471571 1.71841 1.67828 0.862045 0.476872 0.0139158 -0.0311495 
1.8071 2.72202 2.78424 0.810378 2.23369 0.0877556 1.19361 1.57208 0.872452 0.690777 -0.0105725 -0.0162269 
1.87189 2.38721 3.10889 1.18535 2.45393 0.4659 0.775906 0.724976 -0.0696471 0.297594 -0.131433 -0.0818046 
1.73931 2.34077 2.53923 1.79543 2.37245 0.0608728 1.72802 0.314968 0.806072 0.142556 -0.256035 -0.00668545 
1.67632 2.52053 2.80106 1.60028 2.34302 -0.147425 1.7647 1.27576 1.099 0.471728 -0.200162 0.0425361 
1.61099 2.48413 2.77205 1.38796 2.20836 1.24464 1.39811 1.00126 0.542175 0.403821 -0.0125895 0.0107316 
1.5862 2.48143 2.79581 2.00304 2.0605 1.09158 1.36725 0.725934 0.523621 0.175407 0.136294 0.0420424 
1.60888 2.46355 2.44804 2.47849 2.24519 0.964257 2.46151 0.143804 0.530075 0.638386 0.0852508 0.088675 
1.64447 2.10926 2.96597 2.01647 1.66491 0.647307 1.81676 0.861719 0.920129 0.440414 0.143323 0.11138 
1.54633 2.05235 2.41008 1.95235 2.30522 1.19508 1.4379 1.143 0.945421 0.17797 0.194789 0.101744 
1.50498 1.84941 2.13632 1.91703 2.75961 1.98892 2.02306 1.19552 0.877354 0.348787 0.0647371 0.119318 
1.46811 1.93084 1.92307 1.5952 2.94325 1.16555 2.02517 0.75321 1.73572 0.605462 0.124973 0.206072 
1.50902 1.96028 2.28549 1.3767 2.19963 0.405046 1.43407 1.33915 1.78644 0.57128 0.343567 0.268029 
1.54785 2.01514 2.63202 1.5409 2.04098 1.14263 1.64991 1.771 1.34619 0.495091 0.243462 0.167024 
1.45084 2.39832 2.50216 1.98384 2.45383 1.52353 2.50536 1.89484 0.807634 0.104475 0.157828 0.0686024 
1.56302 2.4149 2.65373 1.7311 2.89378 1.11477 1.87716 1.32053 0.744389 0.360691 0.193093 0.128645 
1.46855 1.81227 2.83804 1.6553 2.50235 1.16588 1.48989 1.13479 0.978093 0.500199 0.307046 0.208268 
1.36855 1.68685 2.58449 1.90993 2.47988 1.36308 1.4344 1.29575 1.84033 0.273223 0.28295 0.273303 
1.37656 1.9958 2.29918 1.65973 3.21915 1.36084 1.41682 1.55147 0.828361 0.425536 0.629153 0.236449 
1.51385 2.13744 2.69141 1.31357 2.34122 1.44808 1.62648 1.99789 0.82297 0.774295 0.475825 0.203482 
1.4572 2.26432 2.5082 0.835216 2.20604 0.558516 0.68612 1.23925 2.21803 0.857897 0.671725 0.367588 
1.33923 2.32016 2.48654 1.26798 2.20393 -0.0688641 0.6248 1.87908 1.6723 0.759454 0.734487 0.344684 
1.4442 2.29822 1.77483 1.51276 2.27379 0.465347 0.998912 1.8012 1.27056 -0.0226404 0.940011 0.246679 
1.47814 1.7826 2.37906 1.10335 2.14279 0.737985 1.23433 1.82526 0.529167 0.609039 0.611922 0.206465 
1.37514 1.71714 2.31851 1.34279 1.66774 0.088813 1.10631 1.26841 0.523853 0.758579 0.406399 0.150773 
1.29224 1.66332 1.90247 1.5327 2.0693 0.41049 1.6207 1.27244 0.103585 0.602582 0.437524 0.159374 
1.38333 1.61335 2.06211 1.63254 2.30285 0.247448 1.9925 1.21184 0.503183 0.507116 0.0720649 0.165202 
1.33423 1.49753 2.54344 0.898844 2.10605 0.542344 1.45721 1.60514 0.0728535 1.18243 0.289844 0.0951071 
1.36697 1.77147 2.25188 0.897803 1.21236 0.29273 1.48432 0.82175 0.788646 1.21565 0.534371 0.259593 
1.38009 1.37292 1.78629 1.26655 1.37756 0.803825 1.67853 0.233763 1.45026 0.877191 0.533338 0.235743 
1.36037 1.10772 2.53247 1.39947 1.86887 1.26297 0.877633 0.597251 0.848705 0.827249 0.540864 0.190871 
1.24679 1.44692 2.38059 0.398159 2.0882 1.36131 1.169 0.287119 1.40078 1.37819 0.570815 0.336956 
1.28996 1.71401 1.97638 0.648751 1.71813 0.637356 1.48888 0.449173 1.50736 0.622063 1.07006 0.383171 
1.18241 1.89179 2.15523 1.33784 1.55762 0.411746 1.87826 0.0486208 0.419514 0.882527 1.02476 0.280039 
1.38263 1.79961 2.26984 1.21555 1.78825 0.4471 2.16559 0.435304 0.823544 1.07093 0.556643 0.32078 
1.4326 1.68773 2.27003 1.33625 1.79887 0.0996667 1.77543 0.789406 0.982497 1.3134 0.534564 0.332781 
1.33708 1.63479 2.1308 2.26627 1.45873 -0.23376 1.79881 0.831998 0.983293 0.906758 0.570412 0.291955 
1.27738 1.55029 1.57108 1.5956 1.20617 1.83863 2.99664 0.644767 0.523341 0.888514 0.612696 0.199819 
1.1202 1.51795 2.19947 0.902398 1.66738 1.38993 1.33685 1.0698 1.4398 0.841399 0.47395 0.231391 
1.26117 1.6621 2.14599 1.19621 1.6473 0.646684 0.824392 0.800483 1.72293 0.100885 0.291719 0.17479 
1.3622 1.69657 2.03286 0.645036 0.594132 0.644364 1.8984 0.866591 0.897004 0.649859 0.793146 0.199854 
1.26098 1.81596 1.96156 0.724901 1.893 -0.184341 1.2059 1.32037 0.798266 0.511096 1.0207 0.263426 
1.16047 1.40632 2.16829 0.250827 2.58107 0.553232 0.826185 0.941095 0.0667622 0.805525 0.897501 0.12235 
1.09912 0.939295 2.41817 0.334838 1.5975 0.595269 -0.327333 0.706068 1.2626 0.91971 0.757163 0.113222 
1.13636 1.29757 2.1753 0.418426 1.52815 1.26952 0.614813 0.914641 1.08208 1.03154 0.559131 0.142387 
1.23698 1.53242 2.01547 0.875247 2.1683 1.30266 1.1447 1.37942 0.777697 1.31945 0.256757 0.136895 
1.16291 1.58558 1.94338 1.0996 1.87128 1.08452 1.40006 1.74659 0.542789 0.753487 0.789872 0.173371 
1.16565 1.55499 2.12355 0.682404 1.70452 0.874573 1.39964 1.40209 0.336621 0.222853 1.34911 0.182609 
1.13791 1.31248 1.90219 0.778927 2.1522 1.96143 1.68981 0.798445 0.69728 0.628975 1.0064 0.262449 
1.23908 1.32485 2.05706 1.14798 1.48663 1.25291 0.988212 0.259204 1.69143 1.11218 0.98573 0.328019 
1.12096 1.4988 1.59425 1.67427 1.00862 0.776605 0.244371 0.974952 1.88422 0.722635 1.2872 0.245972 
1.05534 1.36315 1.68316 0.963224 1.04614 0.25993 1.05041 1.97381 1.73427 0.843653 0.504686 0.159147 
1.14921 1.26626 1.87566 1.08058 1.41038 1.25445 1.77095 0.980663 1.35237 0.772401 0.440207 0.18106 
1.05177 1.42246 1.66117 0.996968 1.4884 0.836179 1.26035 1.1155 0.953209 1.00962 0.863522 0.148606 
1.06038 1.06807 1.53683 1.05884 1.75041 1.25845 0.19393 0.962992 1.16542 0.596001 0.565978 0.116954 
1.10968 1.17901 1.86434 0.320264 2.02766 0.625345 0.34954 0.806246 0.564301 1.50677 0.999099 0.134969 
1.10677 1.7497 2.212 0.459061 0.659506 0.520679 1.33642 0.66344 0.352007 0.867768 1.14149 0.155911 
1.10809 1.35323 1.47926 0.575886 0.924826 0.991438 1.1357 0.401281 0.831915 0.324041 1.47817 0.196664 
0.926896 1.14216 0.989105 0.952926 1.69817 0.81623 1.58673 0.111441 0.885756 -0.04123 0.430036 0.0617583 
0.868664 1.42645 1.77268 1.18049 1.32389 0.883041 0.965756 0.340883 1.28359 -0.0134156 0.152491 0.11293 
1.03458 1.24182 1.7462 1.14006 1.24398 1.27321 0.741171 0.0315208 1.26158 0.415469 0.470308 0.117133 
0.961813 1.50918 1.82824 1.0127 0.95121 1.75766 0.848122 0.142323 0.582466 0.361269 0.799818 0.117876 
0.904252 1.4737 2.00337 1.22291 1.16826 0.907476 0.847135 0.372901 0.967584 0.771707 0.144514 0.15309 
0.873409 1.22549 1.65877 0.889341 1.77904 1.21027 1.02507 1.49177 0.730897 0.750977 0.235978 0.0883205 
0.891424 1.57733 1.59829 0.872267 1.5927 0.529639 1.11319 1.17905 0.910566 0.535586 0.392516 0.0901138 
0.884554 1.20396 1.8687 1.19879 1.47259 1.12716 1.20939 0.405431 0.835294 0.743106 0.230977 0.0779225 
0.939359 1.21522 1.89801 1.10421 1.20751 0.662745 1.11433 1.05036 0.644718 0.741133 0.806865 0.0921561 
0.890157 1.36361 1.9739 1.27968 1.44098 0.562772 1.2591 0.649161 0.294695 0.385797 0.487362 0.0576385 
0.781729 1.52199 1.62344 0.877611 1.53914 1.13538 1.68395 0.437455 0.966527 0.501008 0.310629 0.0928278 
0.668609 1.38306 1.5457 1.55715 0.801796 0.910353 0.820287 0.463777 0.349889 0.483117 0.0414837 0.11464 
0.633508 1.49377 2.07562 1.46149 1.07183 1.38494 0.650633 0.0471401 0.72728 0.243191 0.0521407 0.113782 
