0.334199 0.596199 -0.450981 -0.683442 -0.164178 0.135796 1.63709 0.473959 -0.0570285 1.29988 0.0724582 0.104775 
0.168867 0.353083 -0.562155 -0.130211 -0.172356 -0.190561 0.378547 -0.023224 -0.00350577 1.05622 0.234005 0.0913101 
0.126892 0.504269 -0.072375 -0.924097 -0.325017 0.225774 1.16259 0.28837 0.188615 1.57474 0.571316 0.103466 
0.170889 0.284188 -0.511413 -0.742495 0.410528 -0.279109 2.46895 -0.33727 0.16511 2.13557 0.340211 0.0240391 
0.346055 0.227587 -0.701744 -0.824991 0.556897 -0.163316 2.07609 -0.377427 0.482893 2.13338 0.0506157 0.00152251 
0.411077 0.0496008 -0.675217 -1.30897 0.884901 -0.442074 1.28857 -0.207963 0.226066 1.84211 0.109293 0.171492 
0.383695 -0.00454313 -0.903733 -1.6585 0.018699 -0.311907 1.78146 -0.705914 -0.419332 1.08964 -0.108778 0.0588689 
0.318806 -0.0377795 -0.662644 -0.98453 -0.0209013 0.14823 0.941426 -1.34335 0.40998 1.3637 0.343947 0.027953 
0.382059 0.149457 -0.580546 -0.849915 0.0821786 -0.54316 0.810464 -1.51726 0.901875 2.20435 0.194549 0.0810536 
0.733533 0.191909 -1.1173 -0.474562 -0.527964 -1.23926 0.782924 -0.922745 0.414782 1.48243 -0.0697339 0.078798 
0.760784 0.160783 -0.519514 -0.972593 -0.632478 -1.01963 1.66467 -0.944519 -0.139604 1.5826 -0.378393 -0.0644108 
0.732069 -0.0626279 -0.561017 -1.50839 -0.307489 -0.45497 1.75305 -0.595951 0.104621 1.67708 0.0549246 -0.0284075 
0.789829 0.161621 -0.22132 -1.20654 -0.575021 -0.0720242 0.584604 -1.0471 0.396593 1.17218 0.0207979 -0.101417 
0.798912 -0.16773 -0.293924 -1.48331 -0.530118 -1.02745 0.11591 -0.830132 0.170007 0.916788 0.543041 -0.167228 
0.912364 0.172429 -0.670783 -1.21157 -0.706162 -1.13641 0.852797 -1.15978 -0.0674197 0.936979 0.524063 -0.190843 
0.909693 0.18264 -0.473194 -1.85064 -0.708715 -0.720917 1.69155 -1.04567 0.529169 1.17762 -0.347079 -0.168109 
0.863991 0.579771 -0.655145 -1.33082 -1.10596 -0.543364 1.41308 -0.839257 0.591703 0.920107 -0.368905 -0.110906 
0.822088 0.966929 -0.0238787 -1.72155 -0.808661 -1.23874 1.34431 -0.313642 -0.255084 0.795142 -0.14282 -0.193517 
0.957998 0.573049 -0.0426698 -1.29849 -0.334911 0.0226337 2.01305 -0.506007 0.0457735 0.955088 -0.225055 -0.372474 
1.10584 0.151993 0.157134 -0.772918 0.0982796 -0.353427 1.14263 -1.37678 0.335615 1.31543 0.0816304 0.000363508 
1.12788 0.22911 0.20035 -0.81973 -0.0953279 -0.918094 1.00127 -0.533754 0.465849 1.16938 0.47061 0.191043 
1.1674 0.269397 1.30064 -0.0805949 0.528371 -0.966639 1.67981 -0.716963 0.595431 1.02435 0.413288 0.186859 
1.30433 0.812922 1.21978 0.223515 0.71539 -0.125535 1.76376 -0.805728 0.801753 0.747018 0.323259 0.137332 
1.31648 1.68583 1.6256 0.178233 1.08013 -0.478378 1.37099 -0.257176 0.964123 0.353182 -0.0477278 0.157288 
1.48785 2.00709 2.22694 1.3038 1.38119 -0.0632788 1.93459 0.74214 1.06233 0.233016 -0.394981 -0.0743111 
1.65827 2.54354 2.61964 1.98632 2.61926 0.410329 1.03083 0.0794442 0.790332 0.198043 -0.436556 -0.1316 
1.71979 2.55722 2.41767 2.28946 4.63552 0.365489 0.988379 0.123556 -0.0810573 0.216329 -0.446994 -0.154177 
1.70371 2.34959 2.40631 2.66867 4.02529 0.227011 1.10807 0.271072 0.647198 0.217643 -0.462868 -0.121845 
1.69615 2.13047 2.53471 3.11333 3.74975 -0.211529 1.06775 -0.285598 0.537508 0.802984 -0.664086 -0.17478 
1.67305 2.00063 2.89899 3.53332 3.88933 -0.718284 0.990323 -0.411185 0.320904 0.772706 -0.838414 -0.209877 
1.57243 2.11087 3.09717 3.6602 3.97728 -0.727314 -0.0438704 -0.0854441 0.590998 0.245739 -1.03037 -0.268018 
1.52352 2.2232 2.71093 3.17111 3.90434 -0.664328 0.170917 0.0864497 0.443093 0.389189 -0.868774 -0.187361 
1.60665 2.39049 2.82718 3.32251 4.28816 -1.03892 0.160703 -0.102609 0.617575 0.107359 -0.97327 -0.175164 
1.5683 2.13942 2.71194 3.47493 4.17803 -0.789164 0.39879 -0.0636619 0.494718 0.216492 -0.845828 -0.193894 
1.73049 2.33191 2.03042 2.94877 4.86106 -0.108845 0.827541 -0.326688 -0.14384 -0.381727 -0.375426 -0.138286 
1.78309 2.31112 2.54155 2.68372 4.28872 0.198275 1.74993 -0.277031 -1.28315 0.239211 -0.308721 -0.0501979 
1.57282 2.4758 2.75511 2.80252 4.1707 0.158269 1.44362 -0.425384 -0.485721 0.165919 -0.378692 -0.130526 
1.68033 2.81551 2.88791 3.06954 4.14562 0.080167 0.848545 -0.206357 -0.4015 -0.467675 -0.451538 -0.267898 
1.82798 2.77859 2.57061 3.00185 4.57587 -0.29849 0.719516 -0.239164 -0.359088 -0.601071 -0.611818 -0.234329 
1.68451 2.59608 2.69781 2.62962 3.42977 0.298493 0.725032 -0.41333 -0.677041 -0.276152 -0.365769 -0.239725 
1.65551 2.78208 3.04321 2.81997 3.58458 -0.105011 0.846897 -0.731262 -1.199 -0.185246 -0.647503 -0.300259 
1.61555 2.59197 3.08867 3.15142 4.24004 -0.854517 1.23412 -0.892764 -1.51309 -0.477404 -0.709606 -0.284237 
1.61732 2.62521 2.74853 2.86571 4.14566 -0.523102 0.77661 -0.878326 -1.16567 -0.597288 -0.552374 -0.289627 
1.67417 2.63443 2.3427 2.72875 4.79404 -0.745544 0.734893 -0.652506 -1.3944 -0.51765 -0.64349 -0.18777 
1.66242 2.98142 2.48032 2.36668 4.74357 -0.544188 0.960943 -0.820142 -1.3298 -0.468424 -0.715627 -0.21426 
1.64228 2.51739 2.09142 2.71722 5.16284 -0.512975 0.792811 -0.654267 -1.1095 -0.35745 -0.477727 -0.138197 
1.56201 2.44131 2.00539 2.92365 4.70629 -0.53056 0.736947 -0.545639 -0.635574 -0.334294 -0.388347 -0.147594 
1.49851 2.84571 2.12338 3.13285 4.88773 -0.74228 0.428191 -0.248829 -0.578678 -0.208202 -0.680463 -0.232667 
1.55665 2.89105 1.54926 3.048 5.01981 -0.42843 1.05242 -0.398065 -1.18236 -0.173006 -0.590724 -0.0223887 
1.52086 2.68818 1.95875 2.64988 4.42513 -0.0407617 1.26486 -0.535847 -1.01038 0.0298594 -0.373593 -0.0677573 
1.42641 2.58506 1.58432 2.45853 5.3097 -0.350446 1.11059 0.0481914 -0.575663 0.356779 -0.523767 -0.0128138 
1.58749 2.26533 0.935447 2.64278 5.10698 0.531887 0.904535 0.348069 -0.108606 0.370737 -0.397508 -0.0303264 
1.57888 2.29771 1.25727 2.40855 4.58391 0.57956 0.673726 -0.0718397 0.0663654 0.531695 -0.3317 -0.143421 
1.73938 2.39189 0.480365 2.13988 5.83621 0.115323 0.0898599 -0.544384 0.098053 0.14954 -0.41867 -0.242876 
1.81749 2.3305 0.736851 2.1077 5.68475 -0.407625 -0.0851209 -0.88738 0.0197306 0.183024 -0.555513 -0.207789 
1.90067 2.4035 0.547938 2.63657 5.97217 -1.24532 -0.312729 -1.25675 -0.097539 0.320638 -0.9942 -0.0905394 
1.93752 2.37344 0.252878 2.54223 5.66797 -0.918423 -0.806549 -1.15472 -0.0713367 0.27462 -0.865263 -0.190247 
1.85066 2.36022 -0.0681937 2.35498 5.35379 -0.531093 -1.03196 -0.988534 0.0923593 0.327584 -0.652243 -0.27892 
1.97577 2.18047 -0.115173 1.92361 5.0223 -0.363201 -1.29268 -0.691499 -0.174716 0.563925 -0.584874 -0.240701 
1.92244 2.0277 0.288803 2.31691 4.07462 -0.296675 -1.1265 -0.643489 0.275266 0.546301 -0.383438 -0.276834 
1.96455 2.08251 -0.491325 1.93907 4.1697 0.114522 -1.18192 -0.455901 0.29405 0.793983 -0.373038 -0.298123 
2.01131 2.03089 -0.10414 1.676 4.04896 0.0713234 -1.27054 -0.425386 0.155499 0.744423 -0.316307 -0.329256 
2.04338 2.09715 -0.195613 1.39969 3.76306 0.162033 -0.871358 -1.05015 0.242237 0.427223 0.0144339 -0.214875 
2.15226 2.02807 0.0159156 1.77343 3.13588 -0.151894 0.240612 -1.16466 0.188385 0.338192 0.0601818 -0.0639902 
2.1145 2.12972 0.254324 0.643356 3.80092 -0.210194 0.613959 -0.367284 0.143929 0.254309 -0.353069 -0.0375695 
2.05204 2.00294 0.652851 0.799373 3.16519 -1.36972 -0.0871879 -0.342759 1.09799 0.299584 -0.452067 -0.0772791 
1.83681 1.69406 0.601939 1.28754 3.35968 -1.05358 -0.581029 0.0137661 0.93899 0.650144 -0.682036 -0.27444 
1.75273 1.63932 0.713064 1.2227 3.37553 -0.520471 -0.438157 0.282792 0.326913 0.24277 -0.632102 -0.282855 
1.82405 1.43302 1.12243 1.04213 2.70363 -0.522503 -0.030288 0.177092 0.71524 0.233648 -0.329407 -0.134614 
1.85626 1.56786 1.11794 0.738068 2.52112 -0.618025 0.318836 -0.0223127 0.985644 0.531611 -0.219115 -0.0609733 
1.73771 1.38731 1.02073 0.525762 1.74079 0.568131 -0.161761 -0.0471631 0.674008 0.685157 0.15651 0.0199138 
1.64943 1.43004 0.562279 1.18056 1.67498 0.292427 -0.254288 -0.456039 1.08176 0.462921 0.201605 -0.011005 
1.6526 1.45317 0.812166 1.05825 1.29783 -0.0094789 -0.581849 -0.186824 1.30958 0.191515 -0.16802 -0.208707 
1.75468 1.75091 1.16141 0.194554 0.846857 -0.0588774 0.0517487 0.157742 1.24692 -0.0599744 -0.0305138 -0.1224 
1.76951 1.56068 1.15805 -0.741884 1.35281 0.648423 0.72426 1.21335 1.15844 0.610153 -0.282902 -0.310699 
1.91553 1.18878 0.979125 0.418114 1.52044 0.487108 1.18433 0.487062 0.77931 0.906257 -0.00300897 -0.120511 
1.72843 1.18942 1.18259 1.05335 1.82859 0.217212 0.835269 0.744658 1.24354 0.8996 -0.119361 -0.112574 
1.81581 1.24589 1.03577 0.0907993 0.530012 0.487226 1.52642 1.56649 1.44236 0.0718298 -0.109387 -0.133927 
1.71605 1.21123 0.766942 -0.186661 1.14516 0.103412 0.692285 1.19449 1.91753 0.450397 0.138932 -0.135865 
1.6881 1.1517 1.00857 -0.527532 1.21943 0.162947 1.55985 0.843633 1.70112 0.890119 -0.261497 -0.236188 
1.82806 1.35696 1.46318 -0.819436 0.428435 0.387949 1.64164 0.556494 1.33185 0.442184 0.0190717 0.0104841 
1.79844 1.59653 1.43253 -0.392713 0.840001 0.529906 1.93619 0.525671 1.20316 -0.162142 -0.0578021 0.0378209 
1.71678 1.78635 1.25669 -0.449572 2.83758 0.630764 1.05697 1.12919 1.75833 0.421304 -0.369713 -0.237171 
1.80697 1.68722 1.48683 0.139731 2.61371 0.882998 0.760912 0.300281 1.57291 0.39826 -0.0525527 -0.00792127 
1.78557 1.62796 1.61515 0.740015 2.24776 0.0361958 1.11707 0.491545 0.986806 0.415428 0.0815952 0.158801 
1.66021 1.59048 1.71133 0.73095 1.60633 -0.661738 0.611993 1.56784 -0.17431 0.546512 0.669544 0.309225 
1.5776 1.49205 2.06476 0.295986 2.23259 -0.250988 0.88433 1.22034 0.286313 0.936492 0.405459 0.188764 
1.53796 1.647 2.21343 0.533363 1.98263 0.250393 1.47461 1.15206 1.32861 0.517394 -0.235664 0.0209642 
1.38021 1.82987 2.49092 0.752854 2.83741 0.400746 0.412632 1.53254 1.30078 0.115718 0.141773 0.0464835 
1.3864 1.55152 2.43917 0.60658 2.17401 0.29158 -0.0751237 0.196842 1.39753 0.753996 0.578068 0.28694 
1.40522 1.72333 2.43129 0.223856 1.95164 0.416369 0.5919 0.751798 1.45945 0.364032 0.426614 0.252916 
1.25697 1.58657 1.78633 0.126087 1.95436 1.05539 1.15466 1.54115 2.01214 -0.0599292 0.0642401 0.0579839 
1.27772 1.60845 2.11974 1.1364 2.36112 0.853207 1.15416 1.10265 1.34625 -0.137321 -0.0691783 0.0953188 
1.27929 1.43126 2.23532 1.24164 1.18516 0.744092 1.80759 0.354286 1.29019 0.440717 0.10105 0.149503 
1.17094 1.55309 2.40939 0.2698 1.78152 0.0412969 0.828326 0.566902 1.16573 0.669968 0.509877 0.208298 
1.25555 1.26221 2.04507 0.319232 1.96337 0.3166 0.570294 0.273794 1.00217 0.681226 0.776522 0.193535 
1.17428 1.1647 1.86779 0.508229 1.5049 0.479467 1.29811 -0.185967 1.20123 0.520856 0.747205 0.182068 
1.12333 0.964377 1.63262 0.332466 1.87026 0.460755 1.94364 1.29721 0.81215 -0.03965 0.354469 0.0743459 
1.26402 1.04385 1.66463 0.642374 1.65065 0.477833 0.267048 0.862125 0.514441 0.401646 0.257696 -0.0292489 
1.08324 1.43988 1.4514 0.11752 1.4319 0.167346 0.841745 0.987335 0.710927 0.484957 0.42854 0.00346306 
1.02478 1.61937 1.57283 0.0229682 1.19204 0.0272439 0.89725 0.623123 0.1689 0.64551 0.430665 0.0205301 
1.18541 1.59094 1.69675 0.394596 1.02452 -0.290998 0.784078 0.805445 0.165051 0.46931 0.619946 0.103526 
1.20021 1.24912 1.66234 0.487737 0.220984 -0.041944 1.37175 1.15512 0.169641 0.467743 0.688972 -0.00268024 
1.08514 0.999031 1.7984 0.132272 0.0063458 -1.55033 0.506176 0.82329 -0.0652379 0.696526 0.662888 0.0399986 
1.10861 0.900137 1.26229 0.358049 0.315181 -1.97896 0.577861 0.65307 0.161509 1.01911 0.322984 0.183499 
0.959891 0.809179 0.969952 0.498046 0.389471 -0.685731 0.986898 0.167003 0.693813 0.710359 0.291571 0.0894116 
0.959148 0.94932 1.41232 0.159116 1.01291 -0.510402 1.26063 0.0199901 0.577969 0.938095 0.835494 0.126316 
1.03441 0.891518 1.84372 -0.347165 1.42953 0.887528 1.07027 0.152711 0.838307 0.032511 0.391806 0.193567 
1.10908 0.891463 1.3495 -0.241475 1.38767 -0.150227 0.527497 0.778483 0.7569 -0.515132 0.223367 0.219381 
1.01142 1.23777 1.29891 0.190621 1.33324 0.37964 0.53343 1.08719 0.349189 0.0545548 0.302492 0.110694 
0.995069 1.07474 1.4685 0.528684 1.86166 -0.113834 0.812267 0.886832 0.0235561 0.100332 0.337625 0.104341 
1.00713 0.957896 1.84627 0.391995 1.16435 -0.21546 1.17176 1.8398 1.15926 0.212665 0.0758986 0.10581 
0.968673 0.683309 1.60108 0.111246 1.40465 1.18607 1.37791 0.882912 1.12002 0.887405 0.548034 0.0444188 
1.00138 0.953024 1.18353 0.105759 0.951198 1.34963 1.07442 0.522172 0.824081 0.661399 0.229977 0.0350685 
0.977871 1.16909 1.22113 -0.397913 1.13367 1.57031 0.741313 0.706486 0.952695 0.962143 0.257304 0.0468182 
0.961755 0.678311 1.43778 0.0917454 1.43633 0.635483 0.753357 0.667864 0.341316 1.36743 0.0671665 -0.0379764 
