0.941557 0.86711 1.65691 0.23541 1.38308 -0.0536791 1.95165 0.547336 0.613396 0.39982 0.143605 0.121569 
0.897923 0.759006 1.68867 0.269472 1.30607 0.518656 1.48037 0.736939 1.15709 0.140169 0.237926 0.0711868 
0.87172 0.751744 1.64516 -0.0683873 0.518095 0.348829 0.808206 0.927738 0.677946 0.195363 0.0333395 0.0289361 
0.90444 0.86975 1.50686 0.665203 0.999569 0.00433141 0.449902 0.920723 1.12422 0.334104 0.112511 -0.00315551 
1.02137 -0.101217 0.708037 0.119174 0.136744 0.65468 0.984748 -0.0408423 0.339128 -0.745788 0.749068 0.137352 
0.667643 0.0351978 0.740493 0.0174471 0.587716 -0.601429 0.962223 0.192536 0.0861539 -1.21738 0.362502 0.0690899 
0.434207 0.0317549 0.978338 0.567141 1.03652 -1.29833 1.32619 0.47961 0.650883 -1.52416 -0.277919 -0.074595 
0.441537 -0.466391 0.558339 0.744891 2.28941 -1.3887 1.89501 0.302086 0.415221 -0.985369 -0.100006 -0.0186889 
0.790196 -0.141025 0.324471 0.178018 1.59716 -0.580941 2.40922 0.911871 0.556866 -0.612062 0.0782333 -0.366995 
0.857921 -0.62496 0.712475 -0.00627929 1.48795 -0.29772 1.53231 0.522932 0.193015 0.00270904 0.116737 -0.220781 
0.8069 -0.205442 0.866851 0.477049 1.01858 -0.789483 1.34356 0.160402 0.941676 -0.603617 -0.124279 -0.211255 
0.874564 -0.0137272 0.365039 0.120583 0.834567 -1.17317 2.06317 0.18289 1.34086 -0.417371 -0.40852 -0.154108 
0.959821 -0.150987 0.447 -0.148403 1.52704 -0.125526 2.40899 -0.322264 0.949978 -0.573318 -0.311445 -0.0174223 
0.872539 -0.042686 -0.0950478 -0.626745 2.1676 1.27659 2.03774 -0.628666 0.685351 -0.899151 0.300502 -0.0799028 
0.74571 0.141566 -0.511709 -0.479974 1.97198 1.3095 2.43961 -0.538253 0.341346 -0.898277 -0.0824085 -0.195159 
0.806686 0.188235 0.330488 -0.764973 1.56547 1.07879 2.50732 -0.0606234 0.674447 -0.16216 -0.349639 -0.276719 
0.597976 0.00277408 0.429762 0.176135 1.57376 0.399181 2.19948 -0.0460523 0.739535 -0.752259 -0.0232656 -0.0240977 
0.489492 -0.22836 -0.957726 -0.218191 2.04525 0.530264 2.2056 0.0786304 0.249444 -0.179696 0.101948 0.143949 
0.601439 -0.542761 -1.03886 -1.15158 2.45548 0.602529 1.89211 -0.400892 0.87489 -0.0669817 0.0814991 0.34352 
0.750039 -0.968766 -0.714503 -1.13864 2.32622 0.545687 2.02508 -0.759428 0.202584 -0.0826101 -0.00380337 0.277525 
0.929281 -0.854904 -0.494589 -1.06862 1.92796 1.26431 1.92856 -1.20651 0.411289 0.397283 0.234183 0.244395 
0.991282 -0.230842 -0.144795 -1.02512 2.1394 1.1711 1.84504 -0.111253 0.498408 -0.702269 0.178092 0.0911905 
1.06647 -0.0734845 0.258754 -0.934495 2.32297 0.434205 1.66636 0.926789 1.02938 0.38127 0.198366 -0.201205 
1.08436 0.139094 0.813187 -0.394907 1.84296 0.914709 2.31935 1.53538 0.821634 0.499384 0.449336 -0.121949 
1.35184 0.334681 0.890467 0.959513 2.35359 2.12062 3.05174 0.759257 1.17122 -0.139445 -0.139925 0.237139 
1.63816 0.610735 -0.527065 2.06208 3.53136 1.50907 2.37629 0.652765 1.61073 -0.094783 -0.497985 -0.103126 
1.83798 0.0856484 -1.29036 1.99661 4.02167 0.34192 2.19288 1.03616 1.54793 -0.24757 -0.734956 -0.0529721 
1.8063 -0.294885 -1.44949 2.50076 3.71912 0.138654 2.44996 1.48871 1.39194 -0.402179 -0.771728 -0.140319 
1.52453 -0.118593 -0.981347 2.26478 3.33463 0.270481 2.51652 1.72641 1.04425 -0.026693 -0.718722 -0.140088 
1.36871 -0.196216 -0.881445 1.97758 3.57941 1.12206 2.10305 1.62231 1.05044 0.00561211 -0.461748 -0.0121053 
1.36505 -0.0303153 -1.00224 1.59759 3.70983 1.05146 2.6378 1.70278 1.05619 0.150436 -0.40908 0.0487567 
1.60057 0.232461 -1.4054 1.31885 4.10317 1.20697 2.14945 1.29297 1.58194 0.181052 -0.563835 -0.142276 
1.79202 -0.318805 -1.27442 1.59791 3.70103 1.51351 1.50237 2.11817 1.29548 0.358156 -0.55792 -0.266867 
1.75956 -0.253179 -1.31633 1.31942 4.15033 1.3798 1.69178 1.68883 1.19911 0.267269 -0.459708 -0.127361 
1.78512 -0.0181862 -1.16547 0.622986 4.66145 1.36122 1.64377 1.19504 1.29358 0.42988 -0.423906 -0.094191 
1.8151 -0.056485 -0.708704 0.729825 4.69009 1.68369 1.02434 1.23336 1.38313 0.682627 -0.46046 -0.277749 
1.87121 -0.00168428 -1.16484 0.490389 4.3838 2.545 0.531409 1.41356 1.20658 0.554198 -0.316002 -0.399961 
1.90955 -0.0758368 -1.09901 1.38675 4.50399 2.25204 0.734037 1.32952 1.02224 0.702782 -0.312299 -0.248836 
1.80629 0.0472522 -1.35631 1.2889 4.60021 2.82859 0.137974 1.72124 1.17581 0.658007 -0.0627868 -0.0704342 
1.62316 0.0461099 -0.626489 1.72371 4.12704 2.2015 1.31818 1.94275 0.62049 0.695781 -0.0505968 0.0702578 
1.65836 -0.275497 -1.07451 1.38444 3.92515 1.87067 1.95138 2.51614 0.918593 0.573552 -0.147451 -0.00421971 
1.70349 -0.0367297 -1.70181 1.58798 3.78562 2.50648 1.75646 2.05546 1.50139 0.498718 -0.169324 -0.0374973 
1.70542 0.454667 -0.983986 1.77644 3.61074 2.17609 1.94009 1.89699 1.15175 0.536742 -0.358377 -0.0273853 
1.68694 1.0027 -1.19994 1.62724 3.93282 1.75586 1.79479 1.83671 1.43009 0.469146 -0.740445 -0.145492 
1.66586 0.603554 -1.42243 1.94785 4.13789 1.25561 1.70858 1.82988 1.32114 0.589071 -0.851723 -0.106372 
1.7714 0.426193 -0.734539 1.30604 3.58923 1.71208 1.94188 1.86614 0.848752 0.215032 -0.411107 -0.00192192 
1.85212 0.629702 0.0631273 1.32444 3.76391 2.40798 1.49411 1.94559 1.00009 0.950855 -0.501861 -0.329191 
1.83123 1.01144 0.449651 2.07054 4.22933 2.93151 1.65924 1.69181 1.21539 0.535796 -0.553242 -0.14986 
1.82543 0.848753 0.51379 2.15569 4.34832 2.88229 1.68429 2.04586 1.55051 0.472176 -0.478489 -0.0229459 
1.64802 0.753596 0.762996 2.93609 4.15048 2.52095 2.07094 1.99467 1.256 0.951587 -0.360906 0.091997 
1.61068 0.911687 0.918086 2.22624 4.92335 2.9882 1.4624 1.18215 1.62994 0.723563 -0.210284 0.0611562 
1.52193 0.753139 0.432274 1.34641 4.6039 2.51421 0.907589 1.63869 1.36259 0.663783 -0.373523 -0.119024 
1.55239 1.08634 0.495348 1.78469 3.90563 2.53495 1.39987 1.68301 1.76801 0.840798 -0.592402 -0.158118 
1.61136 1.18869 0.730181 1.84128 3.48011 2.43678 1.73449 1.82474 1.97833 1.11368 -0.561615 -0.162165 
1.51357 0.983338 0.447264 1.57661 4.15136 1.75356 0.764326 2.17516 2.08313 0.778521 -0.204294 -0.0554689 
1.46343 0.723181 0.232451 1.88946 4.2388 1.57124 0.542699 1.76594 2.07512 0.763169 -0.152744 -0.0311757 
1.5047 0.876668 0.26217 1.46418 3.57557 1.8152 1.30546 1.15136 2.21971 0.111431 -0.456048 -0.126537 
1.4541 0.951722 0.778535 0.897439 3.43055 1.31879 0.82375 1.84085 2.40091 -0.0859055 -0.654904 -0.222171 
1.4573 0.796615 1.38712 1.08353 3.25528 1.92822 0.855485 2.01892 1.74652 0.245496 -0.595647 -0.137499 
1.56839 0.71256 1.41091 1.47454 3.75193 2.06742 1.2868 1.9037 1.35572 0.646533 -0.566567 -0.12097 
1.39425 0.611328 1.23488 1.95115 3.94023 2.61083 1.07433 1.18877 1.60227 0.458643 -0.358321 0.0799609 
1.39379 0.852445 0.661221 1.21901 3.19976 2.38201 1.84373 1.25756 1.39033 0.331831 -0.0319947 0.135308 
1.50388 0.970861 1.12433 1.00995 2.99219 1.73833 1.539 1.42634 2.11133 0.321875 -0.33718 -0.000198222 
1.46823 1.01973 1.72902 1.51135 3.07659 1.38018 1.61037 1.50889 1.46006 0.800525 -0.305585 0.0473788 
1.32415 0.88472 1.92007 1.3302 4.28506 2.213 0.912605 1.48507 1.53296 0.566179 -0.545219 0.0104352 
1.26941 0.885375 1.74885 1.02925 3.17204 1.85954 1.12075 1.00868 1.91856 -0.204603 -0.42363 0.107608 
1.32993 1.37591 1.35991 0.835047 3.36391 1.63042 1.71965 1.45981 1.77528 0.147108 -0.302645 0.0765919 
1.38636 1.32032 1.32577 0.977757 3.74863 2.1288 1.98844 1.38033 1.99442 0.407918 -0.287287 0.131626 
1.34782 1.33923 1.57109 0.835539 3.22596 2.36945 2.06075 1.25263 2.70721 0.527829 -0.361182 0.180666 
1.28753 1.44437 1.81409 0.798137 2.4604 2.8569 2.98265 1.4388 1.09963 0.184518 0.199056 0.334326 
1.36869 1.11307 1.74096 0.76644 1.54097 2.06172 2.49489 1.85395 1.38594 0.558841 0.013926 0.11503 
1.26066 1.03291 1.09713 1.26379 1.64662 0.76646 1.24585 1.30799 1.74015 0.268118 -0.291443 0.00543239 
1.12044 1.27363 1.28502 1.38731 1.39063 1.46189 1.88543 0.788744 2.19386 -0.287813 -0.478389 -0.00490144 
1.13452 1.26825 1.60462 1.61135 1.99584 1.09363 2.33488 0.54532 2.04514 1.03639 -0.187289 0.171324 
1.25295 1.47438 1.97909 0.973594 2.35489 1.18639 1.99579 0.843677 1.62016 0.759295 0.144757 0.249246 
1.19464 1.72892 1.8292 1.21776 2.3632 1.2762 1.5834 0.651521 2.12901 0.614895 0.227765 0.23582 
1.30885 1.45348 1.76595 1.32981 2.46944 1.28379 1.20835 1.52903 1.99625 0.285656 0.47044 0.232287 
1.28019 1.18788 2.09521 1.49204 1.97125 0.849177 1.82718 1.90134 2.06649 0.678973 0.159286 0.271565 
1.21594 1.25146 2.21666 1.51296 2.9365 0.707308 1.47021 1.96816 1.28267 0.806886 0.228822 0.256432 
1.24967 1.22024 1.96683 1.41176 2.77933 1.28402 1.15624 1.76215 1.19986 0.555078 0.464102 0.206845 
1.12281 1.18125 1.79207 1.64649 2.21656 1.22396 1.65017 1.37491 1.7575 0.516119 0.371029 0.232692 
1.14506 1.61702 1.77223 1.40244 2.28933 0.944199 2.03272 1.41393 1.4174 0.548675 0.671811 0.267037 
1.13656 1.29936 2.00576 1.3612 2.4699 0.77282 2.13311 1.0241 1.47863 1.0848 0.608756 0.319934 
0.984162 1.4344 1.67484 1.71798 2.6469 1.15599 1.77727 1.21606 1.74648 0.941589 0.5166 0.266367 
1.09314 1.6193 2.24303 1.80266 2.10885 1.39308 1.55111 0.838209 1.27381 0.732381 0.671527 0.253117 
1.04643 1.58083 2.53479 1.84521 1.76224 0.978473 1.8904 0.427622 1.49408 0.584915 0.632719 0.265251 
1.14542 1.29553 1.68567 1.62892 2.1132 0.66642 1.82269 0.542184 1.35807 1.28821 0.488201 0.199227 
1.06874 1.50596 1.63607 1.12504 1.22357 1.42732 1.06504 1.44358 1.1586 1.04828 0.973591 0.191779 
0.943764 1.38422 2.66155 1.08349 1.17519 1.23777 1.60833 0.83869 1.7389 1.29736 0.601157 0.284287 
1.08753 1.23802 2.54475 1.52235 1.41689 0.971914 1.75856 0.948397 0.670768 1.63234 0.528866 0.155432 
1.00537 1.46369 2.1636 1.15264 1.90297 0.956701 1.80774 0.986489 0.41725 0.342834 0.450385 0.129831 
1.0707 1.66827 2.28346 1.51576 1.52837 0.660621 1.04509 0.60464 1.07542 0.494748 0.465406 0.168804 
1.24314 1.54807 2.27258 1.49307 1.93154 0.407531 1.54643 1.01826 1.65101 0.663389 0.444603 0.295354 
1.17878 1.42042 2.33531 2.06856 1.6491 0.57035 1.66159 0.576116 1.26496 1.07277 0.385061 0.227608 
1.15097 1.32498 2.0441 1.1907 1.35101 1.02685 2.07439 0.853803 1.16246 0.364289 0.559408 0.197203 
1.13894 1.55042 1.86741 1.25064 1.26355 1.34941 1.25605 0.537372 1.73336 0.39381 0.699941 0.206449 
1.10036 1.34035 2.28104 1.51482 2.06313 0.076837 1.35198 0.643344 1.54419 1.10239 0.468383 0.281272 
1.18534 1.70141 2.0186 1.95749 1.20462 0.0786273 1.33063 -0.0479415 1.83722 0.917597 0.701615 0.293804 
1.18256 1.56846 1.44805 0.99735 1.19404 1.03553 1.56787 0.899051 1.43242 0.755532 0.685605 0.197754 
1.20361 1.47705 1.86929 0.700472 1.15308 1.56254 0.982995 1.231 0.503211 0.968059 0.61957 0.163154 
1.12497 1.38706 1.91463 0.990729 1.91538 0.741809 1.26784 0.860072 0.544037 1.10182 0.168974 0.148469 
1.10175 1.28909 1.61622 1.33692 1.50403 0.59936 1.73299 0.249908 0.568256 1.0464 0.289552 0.13794 
1.17921 1.52474 1.67036 1.16138 1.67072 1.05923 1.22623 1.30074 0.336215 0.64722 0.902017 0.193601 
1.13864 1.31595 1.9363 1.4534 1.54452 0.937658 0.637743 1.14221 0.897369 0.68565 0.71961 0.168941 
1.06081 1.38729 1.75282 1.19985 1.21831 1.11988 1.00027 -0.00123658 0.625142 0.301515 0.0311917 0.121495 
0.952807 1.74401 1.62198 0.404132 0.472999 1.43659 0.875229 -1.20637 0.144026 0.440343 0.371301 0.171508 
1.00459 1.26154 1.81138 1.30113 0.542047 0.593708 0.348415 -0.321622 0.974101 0.302396 0.650911 0.138722 
1.0602 1.50202 1.5643 0.989492 0.851025 0.385301 1.00694 0.105521 1.32114 0.0660813 0.836236 0.168568 
1.10163 1.53946 2.16081 0.85537 1.34425 0.524669 1.37623 -0.122083 0.727286 0.302786 0.392358 0.181678 
1.00975 1.60443 2.02656 1.28375 2.25937 0.0501213 0.0652464 -0.379157 1.54373 0.244911 0.362831 0.173744 
