0.455024 1.11292 1.79287 0.854843 1.35918 1.67966 1.27917 1.4654 0.954047 1.48208 -0.310809 0.168424 
0.516996 1.20498 1.66408 0.965792 1.99972 0.901857 1.83496 1.51997 0.988725 1.5843 0.389278 0.00456013 
0.557891 1.31781 1.60294 0.986831 1.29662 1.45543 0.840032 0.819259 1.30216 1.13988 0.435335 0.00978748 
0.450167 1.04363 1.45918 1.01556 0.934146 0.878275 0.246333 0.764721 0.500737 0.0913716 0.370659 -0.0921586 
0.394543 1.04916 1.30251 1.18295 0.986443 -0.0483981 0.943496 0.818012 0.719271 0.000233748 0.587652 -0.0378309 
0.618886 1.20808 0.93982 0.984972 1.11258 -0.249755 1.62276 0.369175 0.540017 0.781851 0.694856 0.0486735 
0.510052 1.08293 1.35755 1.6809 1.31673 0.679862 1.26732 1.69137 0.814142 0.975532 0.637401 -0.056936 
0.25698 0.885487 1.18382 1.13679 1.39788 1.39411 2.20306 1.69446 0.668317 0.451678 0.162549 -0.0835875 
0.393434 0.764008 1.22233 1.27054 1.77432 2.32547 2.13109 1.69701 0.119804 0.39068 0.474048 0.0767347 
0.560772 0.926679 1.10862 1.71441 1.64308 1.04865 1.05906 1.50562 0.303523 0.0637391 0.721665 0.065708 
0.500893 1.05421 1.57854 1.56366 1.75536 1.22897 1.25882 1.32083 0.845104 1.19879 -0.000567317 0.176656 
0.397984 1.05378 1.73505 1.00609 1.47152 1.41639 1.52357 0.821111 0.166762 0.606431 -0.10061 0.236464 
0.454141 1.14401 1.45577 1.32522 0.7893 -0.193208 1.3584 1.04322 -0.258945 0.854168 -0.0405075 0.138288 
0.457242 1.06593 1.14614 1.01182 -0.299766 0.41464 1.01198 0.594963 -0.799495 0.442442 0.235438 -0.0327135 
0.511978 1.00254 0.970246 0.855425 1.01362 0.540864 0.790699 0.540448 0.852683 0.260235 0.787602 -0.124025 
0.481048 1.08694 1.49297 0.891622 1.56785 1.12824 1.60159 0.746605 0.508351 0.533019 0.54999 -0.0735039 
0.417303 0.990909 1.53325 1.09946 1.95109 1.66947 1.3507 0.645734 0.597383 0.0649439 0.655732 0.0152868 
0.374019 0.837825 0.98793 0.834708 1.73673 1.07566 0.952138 0.308696 0.711557 0.817549 0.292041 -0.0738233 
0.3451 0.947676 1.01092 1.24597 1.4375 1.6834 1.35464 0.164006 0.507766 1.11669 0.0969862 0.0332212 
0.576796 0.798706 1.3711 1.68011 0.82963 2.09337 1.42928 1.34843 1.14947 0.453512 -0.0186391 0.133051 
0.543346 1.00502 1.92714 0.993133 1.56004 1.09128 0.430652 0.874824 1.90809 0.736828 -0.264197 0.18388 
0.590967 1.47634 2.59661 1.46924 1.61759 1.12356 1.44411 1.55397 1.62077 0.643184 0.303945 0.299631 
0.922346 1.91231 2.18196 2.60273 2.15129 1.4269 1.88427 1.51091 1.25055 0.49172 0.175862 0.274178 
1.27963 2.56828 3.12861 3.10251 2.82246 2.19471 1.54299 1.51767 0.803852 0.249687 0.484856 0.0969127 
1.52139 2.97396 3.48851 2.86684 2.90456 1.49878 1.64872 0.487172 0.298017 -0.183804 0.323147 -0.0449668 
1.64647 2.74946 2.82773 2.8402 2.44923 1.74418 1.13361 0.0473487 -0.0213012 -0.558012 0.351434 -0.0510859 
1.92662 2.69477 2.0477 2.4815 2.92026 1.80858 1.28706 -0.293407 -0.20996 -1.23166 0.238294 -0.00173791 
2.12519 2.28989 1.36858 1.92294 3.58727 0.9435 0.421251 -0.548001 -0.346261 -1.17457 -0.212453 -0.0441098 
2.34164 1.99246 1.08118 1.65728 4.08567 0.904195 -0.130022 -1.11224 -0.072712 -1.22217 -0.490233 -0.109012 
2.4111 1.74574 0.66164 1.93028 4.0661 0.755277 -0.098765 -1.52971 -0.0754611 -1.15074 -0.527545 -0.0814031 
2.41215 1.55325 0.327407 1.49066 3.99585 0.463458 -0.211585 -1.54281 -0.148296 -1.01505 -0.619955 -0.0883346 
2.60364 1.40407 -0.170981 1.87522 3.72255 -0.239942 0.705769 -2.36565 0.265379 -1.09782 -0.585757 -0.0272665 
2.5725 1.42778 -0.0548939 1.65392 3.35348 -0.460208 0.409696 -2.25914 -0.019209 -1.23486 -0.606627 0.0472091 
2.53229 1.44883 0.0836615 1.34939 2.87269 -0.566075 -0.0680602 -1.54184 -0.591008 -1.44135 -0.653557 0.148311 
2.60824 1.54636 -0.367459 1.15391 2.90246 -1.25242 0.544306 -1.35219 -0.588235 -1.43873 -0.741356 0.249178 
2.70689 1.33544 -0.637259 1.31861 2.58445 -1.29147 -0.0701012 -1.66499 -0.308423 -1.30893 -0.633328 0.141438 
2.7667 1.21815 -0.543124 1.04637 2.17562 -1.14685 -0.947528 -1.35268 -0.350488 -1.06942 -0.682841 0.0618581 
2.58919 1.25841 -0.514399 0.800588 1.72646 -1.1838 -1.27913 -1.31424 0.0140885 -0.882726 -0.536233 0.0207038 
2.63875 1.17307 -1.22136 1.25219 2.03283 -1.97972 -0.76328 -1.98865 0.769783 -0.704328 -0.368251 -0.0645486 
2.81618 1.17293 -1.60335 1.10073 1.8308 -2.1594 -1.05594 -2.07516 0.793206 -0.551302 -0.235748 -0.00138096 
2.96067 0.934254 -1.71799 1.39463 1.98192 -2.70718 -0.886194 -2.03963 1.14765 -0.384766 -0.188513 -0.0253157 
2.89817 0.844795 -1.74051 1.20638 2.47593 -2.75603 -0.79045 -1.98319 1.32907 0.0408555 -0.0956275 0.0819467 
2.7807 0.736669 -1.51154 1.16674 2.56224 -2.55102 -0.555373 -1.70069 1.29274 0.126306 -0.10277 0.150725 
2.8102 0.309019 -1.22378 1.73878 2.50532 -2.58803 0.131584 -1.40247 1.04572 -0.0127972 -0.01463 0.206519 
2.77677 0.324377 -1.14131 1.63947 2.53924 -0.970457 -0.0962198 -0.506058 0.531004 -0.0789635 -0.162218 0.00463305 
2.77587 0.495963 -1.25877 1.22862 3.02727 -1.1492 0.0447377 -0.597792 0.717386 0.0831571 -0.289482 0.0173017 
2.73206 0.684038 -0.898145 0.207421 3.64268 -1.32719 -0.154199 -0.448111 0.471198 0.601445 -0.479975 0.0900086 
2.68837 0.96278 -0.954269 0.396813 3.59605 -1.21608 -0.121329 -0.841062 0.980168 0.73701 -0.444497 -0.0513733 
2.61874 1.22319 -0.948957 0.290497 3.23783 -0.400851 0.313034 -0.729875 0.497687 -0.0935881 -0.487711 0.03948 
2.5917 1.29627 -0.829309 0.456371 2.86544 -0.454994 0.609096 -0.452266 0.335003 -0.372918 -0.482795 0.111007 
2.64938 0.854704 -0.619663 0.700195 3.04298 -0.112678 -0.070873 -1.27547 0.434147 -0.025953 -0.19596 0.17129 
2.60804 1.08411 -0.814506 0.266049 3.25045 0.523433 -0.340424 -0.853771 0.466029 0.214408 -0.0518276 0.0846468 
2.61183 1.23072 -0.425654 0.191365 2.57544 0.86137 0.105254 -0.161352 0.57512 0.0673634 0.0156226 0.147569 
2.58143 1.02676 -0.0667095 0.436873 2.7041 0.127296 0.0360372 -0.196079 0.381575 0.390103 0.00640631 0.065592 
2.5058 1.35938 -0.144804 0.242395 2.11858 -0.972827 1.45763 -0.972506 0.122341 -0.126015 -0.0757033 0.32154 
2.38706 1.46862 0.045726 0.271499 2.00778 -0.797105 1.10573 -0.591349 0.72711 -0.241122 -0.284917 0.123581 
2.44561 1.2141 0.28631 0.631858 2.43324 0.146507 -0.173175 -0.465418 1.04985 0.101786 -0.26035 -0.0542614 
2.3063 1.35782 0.223426 0.3853 3.47478 0.484241 0.523607 -0.447205 1.26198 -0.140965 -0.141512 0.20643 
2.26885 1.43716 -0.193787 0.623219 4.04429 0.861847 0.362236 -0.254804 1.21069 -0.288103 -0.320617 -0.0167628 
2.31911 1.16564 0.421238 0.177417 3.22099 0.456155 0.312598 0.340382 1.31615 -0.0443752 -0.393314 0.0283844 
2.30587 1.03508 0.541349 0.688624 2.84979 0.524951 0.965812 0.510449 1.19738 0.113517 -0.4519 -0.0801644 
2.27692 1.26231 0.506349 0.951157 2.07359 1.73569 0.384415 0.176491 1.13461 -0.285159 -0.116742 0.0441582 
2.11683 1.36996 0.899919 0.205424 3.91788 1.4458 0.976205 0.193064 1.303 -0.145365 -0.196002 0.0839315 
2.19334 1.47004 0.802579 0.712559 3.08972 0.758929 0.91179 0.0257615 2.01202 0.0211207 0.0378473 0.231593 
2.21251 1.36021 0.53271 1.27529 2.28776 0.954552 1.56674 -0.12347 1.90876 0.520439 0.286127 0.131129 
2.01744 1.33803 0.595175 1.15543 2.85568 1.24603 1.04294 1.16297 1.69576 0.323768 0.0578319 0.0590534 
1.93932 1.57864 0.801811 0.885783 3.21125 1.36953 0.824547 1.11392 1.32246 0.0282659 0.216642 0.130331 
1.93145 1.63836 0.611907 1.05709 3.22565 1.27838 0.323586 0.497752 1.93106 -0.092523 0.249871 0.0375449 
2.03386 1.54621 0.794159 1.20666 2.38989 1.45628 -0.202106 0.0158966 2.20784 -0.00821968 0.434613 0.195994 
1.97008 1.48321 1.26087 0.560643 1.49914 1.54773 0.973895 0.344035 1.33562 0.176094 0.469216 0.338283 
1.86982 1.46886 1.28001 0.537791 2.73793 0.949922 1.08024 0.6176 1.07903 0.582651 0.334291 0.218896 
1.76938 1.2825 1.52671 0.847427 3.28122 1.35035 1.62494 0.617403 0.988869 0.236821 0.147853 0.253582 
1.77709 0.828009 1.35997 0.816121 3.74093 1.3185 1.40578 0.884918 0.537546 0.268119 -0.0162723 0.185852 
1.68913 1.23151 0.588401 1.36826 2.83535 0.7691 1.22724 0.229266 0.744434 0.327047 0.506815 0.271477 
1.57079 1.49368 1.36383 1.77704 2.51994 0.872079 0.258378 -0.654421 0.991039 0.63401 0.556126 0.135286 
1.61306 1.48753 1.96466 1.09379 2.6462 1.15363 0.629781 -0.190864 0.943236 0.702555 0.294927 0.167181 
1.51501 1.61809 2.0429 1.09321 2.50689 1.10804 1.58509 0.566409 0.58687 0.415706 0.0780029 0.128218 
1.5161 1.48904 1.54573 1.27817 2.0729 1.16097 1.18351 -0.179365 1.06448 0.644425 -0.0281556 0.0583372 
1.6208 1.15774 1.65119 1.29802 2.84399 1.33178 0.466023 -0.162954 1.41194 0.21349 -0.229416 -0.00916639 
1.4994 1.18435 1.822 1.82537 2.09073 0.418835 0.790817 -0.166362 1.45624 -0.00339609 -0.54888 -0.0638675 
1.42867 1.39245 2.05043 1.43156 2.10717 0.77422 1.25741 0.212385 0.542804 -0.0843043 -0.0693103 0.0725823 
1.3664 1.47602 2.14799 1.28013 2.76778 1.16599 1.3587 0.896745 1.0886 -0.0231195 -0.0183012 0.145882 
1.32795 1.76808 1.98943 1.44622 1.88699 1.90972 1.26806 1.33106 0.740168 0.36365 0.280264 0.146136 
1.27251 1.45658 1.88309 1.01366 2.05749 1.78727 1.263 0.575359 0.435892 0.0459268 0.437212 0.132476 
1.24112 1.58491 1.83583 1.39844 1.84843 1.9902 1.70036 0.46264 1.0331 -0.375755 0.28072 0.114187 
1.1656 1.68464 2.15758 0.953103 1.4353 1.99881 1.26464 0.782026 1.08658 -0.230502 0.535334 0.154183 
1.13391 1.69689 1.98999 0.494451 1.8704 2.41939 1.95503 0.38936 0.664847 -0.31344 0.66528 0.228254 
1.07939 1.60441 1.66742 1.36966 2.3708 1.76798 1.90608 0.864975 1.11158 -0.326574 0.0212066 0.135822 
1.18496 1.33453 1.67831 0.316862 2.0409 0.0578301 0.670381 0.617606 0.701073 0.33286 -0.11915 -0.0274552 
1.12157 1.55292 1.6235 0.384261 1.58458 0.0157452 2.26837 0.362821 0.00458497 0.719319 0.370764 0.139331 
1.07568 1.61364 1.68434 0.656408 1.62476 0.411254 1.95173 0.88988 0.484356 0.309187 0.706076 0.0835978 
1.21401 1.34018 1.76914 0.80476 1.47956 0.816588 1.53931 0.826763 1.21894 -0.207445 0.72617 0.187941 
1.01613 1.5056 1.74866 0.942732 0.659083 1.67794 1.55326 1.3194 1.23957 0.209578 0.985435 0.113234 
0.967437 1.19926 2.14834 0.87359 1.39057 1.18203 1.44659 0.97596 1.08279 0.591414 0.635047 0.109513 
0.92864 1.41399 2.09261 0.6481 1.75435 0.444745 1.21536 1.35829 1.57083 1.21745 0.601763 0.198975 
0.97761 1.60348 1.96797 1.21629 1.37849 0.555715 1.71495 1.20277 1.08964 1.19728 0.833331 0.21356 
1.11175 1.70704 2.17328 1.37371 1.73748 0.912119 1.74046 0.687799 0.619015 1.09798 0.851383 0.247754 
1.23865 1.13006 2.23794 1.44505 1.87332 1.13598 1.71236 0.586263 0.837367 1.1823 0.559239 0.199799 
1.08678 1.36454 2.24889 1.17836 1.9038 1.14743 2.05116 0.0202388 1.17817 0.850508 0.378005 0.248967 
1.10468 1.70022 2.1836 0.631999 0.945086 0.891374 2.0793 0.731755 0.751111 1.06786 0.94231 0.211304 
1.02682 1.65256 1.81575 1.04673 1.25746 0.574885 1.86436 0.465625 0.94306 0.993435 1.18053 0.216704 
1.08901 1.19564 1.9668 1.32254 2.29814 0.571485 1.70106 0.333095 0.976148 0.29452 1.11235 0.260145 
1.05169 1.21746 2.02425 1.16238 2.14574 0.515209 2.24662 0.741431 0.668777 0.830392 0.854623 0.209843 
1.1181 1.20777 1.64097 0.897379 1.3766 0.415323 1.78208 1.16605 1.44783 0.0431442 1.00291 0.206647 
1.01504 1.71546 1.80211 0.672065 0.693305 0.664055 1.18499 1.08209 1.21309 0.197394 1.5109 0.0859672 
1.00536 1.33208 2.0631 0.597088 0.658375 0.670556 1.18573 -0.176254 1.79322 0.699123 0.876734 0.180551 
0.973436 1.53173 1.29698 0.170868 1.47997 1.89095 2.48049 0.164311 0.501086 0.670709 0.610172 0.156062 
0.918949 1.36533 1.30351 0.475455 1.45963 1.60667 2.33507 0.362722 0.343131 0.298753 0.800501 0.0510062 
0.844508 1.23601 1.67379 0.62779 1.69403 0.852735 0.615324 1.18941 1.77715 -0.0444796 0.45614 0.102643 
0.834027 1.33689 1.69534 0.0902791 1.15883 0.761848 1.1084 1.03441 1.41599 0.268605 0.439985 0.0838186 
0.898307 1.14712 1.15959 0.381328 1.09582 1.76027 2.06814 0.984919 0.745295 0.31263 0.887117 -0.00430369 
0.821155 1.0108 1.0649 0.720632 0.926167 1.88022 1.01736 1.1425 0.613674 -0.145853 0.851941 -0.0986349 
0.827937 1.13816 1.55957 0.449798 0.789137 0.989762 0.426155 1.43163 0.645605 0.0855739 0.499641 0.0447178 
0.789548 1.17488 2.07145 0.639907 0.842297 1.06213 1.4652 1.70893 0.738205 0.137375 0.27247 0.0571143 
0.786684 1.29041 1.66062 1.16131 1.905 0.217714 1.29993 0.875956 -0.273958 -0.351993 0.899619 -0.0338523 
0.73373 1.04382 1.58982 1.44391 1.37129 -0.110565 1.25483 0.698825 0.663542 0.138524 0.49904 0.126295 
0.690519 1.27003 1.81694 0.863229 1.393 0.484731 1.81122 0.855477 0.683267 0.537714 0.371309 0.0661236 
0.737857 0.954471 1.73369 0.653743 1.38721 -0.178525 1.23436 0.839413 1.18001 0.709364 0.752741 0.0209874 
