0.444699 1.19161 0.874128 1.96729 1.94463 0.197714 1.54835 1.04848 0.754849 0.699562 0.444415 0.0539711 
0.500198 1.34895 0.937677 1.35635 1.417 0.389001 0.446307 1.76005 0.337601 -0.0484601 0.518057 0.0159956 
0.598844 0.774797 0.761305 0.613334 1.78401 0.75441 0.207685 1.19135 0.170834 0.172446 0.43918 -0.000488973 
0.51064 0.795922 1.38574 0.996211 2.2219 0.851564 1.72136 0.0982053 0.522388 0.565014 0.361456 0.147979 
0.593927 0.873224 1.75167 1.05533 1.45303 1.24322 1.75286 1.12822 0.370631 1.18582 0.312441 0.0148057 
0.522747 0.952105 1.74561 0.678422 1.06829 0.846571 1.66826 0.759868 1.21782 1.01144 0.363908 -0.0574637 
0.504863 1.05181 1.43819 0.648652 1.4501 0.387932 0.798372 1.45111 0.801123 1.09738 0.520244 -0.103247 
0.554108 0.987301 1.48913 1.04935 1.77867 1.13617 0.929076 1.5239 -0.115922 0.176696 0.361337 0.114864 
0.51592 1.05042 1.66434 1.66487 1.60901 1.19574 1.32176 0.590001 0.771062 0.178364 0.502405 0.0635391 
0.648885 0.647744 1.22542 1.10709 1.36019 1.07058 0.661346 0.991778 0.936618 0.604535 0.578066 -0.0936189 
0.645923 0.718881 1.95304 1.02072 0.886669 0.640092 1.08462 1.15573 1.17267 0.959121 0.115452 0.0395746 
0.602655 1.07729 1.84251 1.33768 1.17926 0.301685 1.13766 0.804717 0.869641 1.21652 -0.0328054 0.126524 
0.723402 0.957587 1.44932 0.234349 1.54994 0.197837 0.58846 0.401589 0.0453581 0.923586 0.141899 0.130228 
0.723997 1.01661 1.34672 1.00906 0.937972 1.80443 0.674794 0.234034 0.0898207 0.599572 0.124338 0.142643 
0.780216 1.09542 1.4017 1.25693 1.46208 0.727322 0.517218 0.911059 0.969362 0.608823 0.805328 0.02343 
0.861073 1.07465 1.69286 1.21846 1.62741 0.843784 0.617471 1.36285 1.46172 0.66387 0.723386 0.0686257 
0.824688 1.6151 1.49712 0.704673 1.32848 0.757761 1.06034 1.30581 1.43565 0.604329 0.573646 0.0867461 
0.947433 1.58791 2.00125 1.10755 0.181211 -0.671931 1.41613 1.60909 0.71696 0.738119 0.527712 0.210718 
0.868936 1.71216 1.98035 0.859334 0.638477 -0.231722 0.696137 1.31954 0.948038 1.0611 0.680524 0.21652 
0.852328 1.53625 2.12545 1.00163 0.715528 0.986156 0.516142 1.01295 -0.161187 0.944935 0.578962 0.0213962 
0.702373 1.28739 1.27064 0.998237 1.14049 0.213424 0.472618 1.38889 1.28436 0.609044 0.332681 -0.0152042 
0.956318 1.49999 1.18336 1.08045 0.872307 -0.411408 0.639867 0.999121 0.325286 0.271344 0.200892 0.0269687 
1.18276 1.85732 1.0206 0.670732 1.19904 0.324442 0.770984 0.558608 -0.0388849 0.302612 0.804287 0.122101 
1.54386 2.48425 1.61001 1.78882 1.57701 1.03889 0.943307 -0.377373 -1.05635 -0.315655 -0.278017 -0.146182 
1.87171 2.3288 1.86531 1.51447 1.55618 0.942768 -0.324723 -1.38929 -1.56199 -0.917134 -0.373007 -0.271286 
2.51641 2.20836 1.45876 1.07547 2.05737 1.53589 -0.601927 -1.83314 -1.78501 -1.73073 -0.653906 -0.251499 
2.65451 1.79988 1.21138 1.18147 3.09798 1.20864 -0.915385 -2.07368 -0.95926 -1.30661 -0.770936 -0.36565 
2.65583 1.77664 0.386511 0.772406 2.74431 1.08235 -1.46543 -2.45662 -1.40515 -1.42418 -0.594761 -0.277615 
2.64975 1.60372 0.281833 0.671685 2.79929 0.703289 -1.66553 -2.03158 -1.50825 -1.43101 -0.724971 -0.299545 
2.63266 1.73655 0.973344 0.576579 1.55 -0.32943 -1.75308 -2.2864 -0.941689 -0.82653 -0.451314 -0.193485 
2.66337 1.66942 0.441136 0.544877 1.43951 0.32543 -0.952336 -1.79986 -1.43397 -1.00174 -0.202474 0.0631416 
2.46655 2.04497 0.733621 0.426512 1.32853 0.67402 -0.37467 -1.45529 -1.88503 -1.10643 -0.202128 0.0736683 
2.38977 2.39296 1.06235 0.578909 0.859695 0.434426 -0.195372 -1.71909 -1.44138 -0.701241 -0.23358 -0.0627566 
2.48839 2.77769 1.79294 0.882282 0.800479 -0.458873 -1.27978 -2.15579 -0.996621 0.176982 0.00563286 -0.0305138 
2.56956 2.8922 1.82015 0.589923 0.916227 -0.637481 -1.74074 -1.27386 -0.705514 0.308754 0.133289 0.00973801 
2.53952 2.55112 1.61737 0.048184 0.893288 -0.0941983 -0.678475 -0.914267 -0.457874 0.26089 0.256888 0.150606 
2.53037 2.68847 1.42979 0.480606 0.599547 -0.377722 -0.112606 -0.59458 -0.589597 0.386568 0.121518 0.0515414 
2.68152 2.70369 1.54997 0.331012 0.533996 -0.242665 -0.0988027 -0.102037 -0.477763 0.390395 0.070536 -0.0591722 
2.60711 2.52121 1.73998 0.388631 0.773794 -0.485755 0.303912 0.0450978 -0.0582097 0.719451 0.0207105 -0.176118 
2.5031 2.87253 1.47709 -0.386145 0.454655 0.321337 1.15818 -0.194555 0.174805 0.740003 -0.0864158 -0.132828 
2.43439 2.84521 1.69985 -0.10586 0.430532 0.136567 0.621076 1.0622 0.777383 0.494851 -0.235625 -0.383547 
2.40844 2.51558 1.60198 0.192805 0.0276333 0.647493 0.883653 1.06893 1.06179 0.389515 -0.311373 -0.413941 
2.45075 2.63966 1.21515 -0.0205136 0.18073 0.94834 1.70315 0.888806 1.09247 0.193391 -0.416339 -0.44352 
2.38271 2.54036 1.53966 0.0851164 0.508939 0.60978 1.71412 0.749918 0.600623 0.0360197 -0.496823 -0.391547 
2.26978 2.56845 1.23479 -0.0967467 0.975832 0.969433 1.99974 0.841594 0.348818 -0.0817602 -0.660808 -0.422177 
2.22595 2.32296 1.11793 0.308342 1.08766 1.32078 1.94514 0.446418 0.235174 0.128207 -0.458217 -0.325685 
2.25642 2.0519 0.439742 -0.218273 1.34758 2.30933 2.07362 -0.0184191 -0.0163789 0.00594485 -0.35792 -0.242193 
2.34795 1.07297 -0.756955 -0.0648619 2.95571 2.22782 0.916983 -0.842855 -0.319392 -0.0988448 -0.0620722 -0.192763 
2.65301 0.687528 -1.28116 -0.425274 3.39397 1.86677 0.934149 -0.343765 -0.384679 0.175757 -0.0158072 -0.13238 
2.40576 0.71863 -0.843033 0.610402 3.62002 2.3568 0.220192 -0.776609 -0.0263083 0.345244 0.163268 -0.171324 
2.40116 0.691014 -1.58008 0.707233 4.22535 1.92066 0.926125 -0.664736 -0.0981519 0.48323 0.11652 -0.0965724 
2.34052 1.05808 -0.224546 0.992651 3.68868 2.13973 1.55903 0.182613 -0.161293 0.369032 -0.162139 -0.228881 
2.39161 0.682093 -1.06171 1.17146 4.18831 1.65555 1.22025 0.312018 0.216131 0.487313 -0.178874 -0.177815 
2.26274 0.352371 -0.675541 0.966434 4.95702 2.00376 0.539361 -0.437887 0.188081 0.882068 0.240619 -0.0228073 
2.48535 -0.281719 -2.52932 0.763873 5.13303 2.89655 0.52239 0.00673199 0.925217 1.32465 0.447078 -0.100731 
2.24107 0.393294 -1.6168 0.840729 4.79429 2.23767 1.14782 -0.454612 0.728096 0.937695 0.392018 0.0443731 
2.41149 0.551478 -1.4738 1.28369 4.85045 2.17366 0.906132 -0.723374 0.54049 0.887527 0.46151 0.0816968 
2.15511 0.516288 -0.828904 0.491054 4.5764 2.81108 1.06097 -0.440756 0.415293 0.691245 0.425185 0.0899477 
2.27505 0.372636 -1.66465 -0.907054 3.95905 2.80654 1.8398 0.574769 0.698721 0.509528 0.170314 -0.0313682 
2.38106 0.101889 -1.08193 -0.000524874 3.71957 2.94218 1.31935 0.505571 0.722549 0.511578 0.107559 -0.0678191 
2.24516 0.386381 -0.895805 -0.0980577 2.85257 2.30498 1.56287 0.886803 1.47604 0.767635 -0.220208 -0.451607 
2.07615 0.34133 -0.958265 -0.154236 2.89098 2.0074 2.13777 1.30188 1.64791 0.719664 -0.225542 -0.360904 
2.06739 0.914205 -0.697267 0.283874 2.12915 2.4372 1.92421 1.18597 1.54873 0.819193 0.117038 -0.211236 
1.99172 0.962352 -0.65117 -0.355576 2.05769 2.36014 1.67951 1.20097 1.25548 1.0419 0.548643 -0.028777 
1.94855 1.06019 -0.698878 0.374213 3.9353 2.74017 1.75277 0.470919 1.09855 0.636839 0.355233 0.055935 
2.00736 1.15801 0.16157 0.463171 3.78063 2.2618 1.48055 0.103502 1.45642 0.712935 0.277987 0.0405644 
1.74908 1.02766 0.346425 -0.0239 3.34866 2.75892 2.05618 0.172334 0.532144 0.802032 -0.0228938 -0.00166882 
1.89729 0.888951 0.332006 0.465144 3.99988 2.66543 1.7272 0.0200967 1.13677 0.663791 0.225304 0.110506 
1.90105 0.876323 0.272357 0.74386 3.43889 2.82155 2.03648 0.0998778 0.46862 0.70593 0.127581 0.00571807 
1.73817 0.9096 -0.221385 -0.12387 2.85761 2.75861 2.57961 0.322575 0.254166 1.03125 0.0994918 -0.0275161 
1.74987 1.01913 0.226717 0.230143 2.41422 2.64945 2.45879 1.03887 -0.105305 1.19063 0.162863 0.0157524 
1.72178 0.894684 0.380007 0.339515 2.99273 2.41384 1.8532 1.21533 0.229718 0.850849 -0.00457661 -0.0696359 
1.7147 1.05389 0.81355 0.219996 3.21823 1.96305 1.9213 1.48555 1.16798 0.862342 -0.265647 -0.132136 
1.63387 1.45475 1.17371 0.936455 3.15614 2.4252 1.87217 1.21339 1.12352 0.812644 -0.18313 -0.0188745 
1.73369 1.22852 0.671629 0.685039 2.98423 2.60807 1.61209 1.51947 0.616001 0.910139 0.0961557 0.00375999 
1.79186 1.03723 1.20764 1.008 2.37861 3.50122 2.04487 1.19631 1.37638 1.02297 -0.333763 -0.14798 
1.77792 1.12476 1.263 -0.0540111 1.92617 2.76591 1.76576 1.09468 1.27573 1.22437 0.0673205 -0.0440331 
1.63231 1.41843 1.23754 0.335232 1.93672 2.01479 1.62144 1.17787 1.34347 1.31517 0.282344 0.0803314 
1.48917 1.33094 0.903489 1.162 2.25598 1.66548 1.62697 0.626377 1.42829 1.09374 0.452225 0.138013 
1.59029 1.43325 0.526004 1.07336 1.94488 2.49082 2.54485 1.11774 1.39094 0.806735 0.00974669 0.0306378 
1.5417 1.60987 0.534606 1.175 2.45834 2.47145 1.91652 0.437373 1.85818 0.400932 0.410128 0.088902 
1.50289 1.26317 1.08578 0.478622 2.38222 2.58088 1.83568 0.667256 1.5056 0.509734 -0.0486325 0.0719687 
1.38784 1.12651 1.40006 0.896281 2.78108 2.71479 1.9197 1.20644 0.996938 0.330841 0.0582241 0.18024 
1.32443 1.31738 1.11287 1.29015 2.63086 1.70424 1.92282 1.12888 1.05255 -0.0596803 0.0418808 0.128669 
1.47396 1.20072 1.52561 0.861839 2.50617 1.49577 1.57376 0.857733 0.540745 0.193098 0.166726 0.124813 
1.28676 1.29255 1.22882 0.943366 2.51953 1.48335 1.71299 0.543334 1.03635 0.318101 0.907741 0.284979 
1.29134 1.51413 1.86462 1.30048 2.55492 1.94409 2.04924 0.366636 1.41651 0.0935975 0.373344 0.253115 
1.36116 1.48749 2.11883 1.12666 2.29501 1.66629 2.67177 0.574698 0.978026 0.845042 0.23205 0.272678 
1.30666 1.70898 2.07925 1.0652 2.03558 1.40845 2.42957 0.668011 0.618334 0.894502 0.307331 0.23107 
1.23375 1.7445 2.11468 0.806675 2.01904 1.91725 2.46489 0.906718 0.649035 0.501983 0.00416096 0.162346 
1.22758 1.65864 2.14127 1.3533 2.2529 2.01571 2.04514 0.346788 1.43362 0.661289 0.249785 0.262546 
1.30971 1.5686 1.84553 1.15747 1.62136 0.981568 2.58849 0.7013 1.26387 0.776691 0.485282 0.23586 
1.21059 1.15012 1.5004 0.487667 1.05547 1.8789 2.63156 1.02073 1.24373 0.301506 0.317062 0.107945 
0.966005 1.00522 1.56214 0.874246 2.02788 1.7596 2.20633 0.310749 0.504758 0.212833 0.255374 0.112501 
0.902271 1.08846 1.82081 0.803046 2.41149 0.931937 2.04723 0.865177 0.698682 0.540364 0.523479 0.173123 
1.05627 1.24466 1.7231 0.58659 2.77085 1.06814 1.40567 0.886531 0.739797 0.24287 1.19761 0.190203 
1.12967 0.938233 1.36629 1.23198 2.32252 1.19785 1.36816 0.916198 1.37493 0.876777 0.761577 0.146696 
1.04845 1.26573 1.97347 1.01679 1.9841 0.563306 0.927248 -0.0395634 1.18812 0.716291 0.762309 0.189182 
0.863125 1.50134 2.087 1.05883 2.52088 0.362403 1.0709 1.48895 1.28694 0.0792916 0.808674 0.11053 
0.888342 1.34335 1.74462 0.935304 1.43905 0.94111 1.29933 1.14758 2.07736 0.648654 0.616419 0.11573 
1.04535 1.37094 1.66219 1.37502 1.31491 0.417107 1.6726 0.83126 1.87987 0.208747 0.560261 0.163588 
0.969534 1.53049 2.09549 0.998594 1.08973 0.811263 2.20206 0.715273 1.30513 0.0326609 0.305891 0.132085 
0.914802 1.5168 2.18221 0.668534 1.24203 0.96476 2.40282 0.609677 0.555591 0.502206 0.294494 0.0812328 
0.878402 1.60948 1.95816 1.06802 0.599838 1.15331 2.40446 1.02692 1.08992 0.392351 0.528392 0.0364463 
0.908548 1.71928 2.04222 1.32021 0.725672 0.802615 1.49089 0.451309 1.64054 -0.29432 0.240956 0.0798914 
0.753909 1.28173 1.58208 1.02109 0.592006 0.643807 1.33661 0.91769 1.24824 0.256153 0.203817 0.0885874 
0.809567 1.29571 1.9621 1.11238 0.665259 1.089 1.66219 0.654202 0.863112 0.317145 0.858958 0.0165658 
0.889994 1.24004 1.59756 1.19327 1.79888 0.111784 1.55388 1.00255 0.796407 -0.226662 0.841083 0.0965466 
0.75279 1.52829 1.96823 1.21959 1.43955 1.13673 1.8164 0.76746 0.654213 0.160813 0.799079 0.00358183 
0.74173 1.54416 2.53917 1.16606 1.95001 1.03639 1.58427 0.360119 0.43949 0.71719 0.275102 0.0201155 
0.825805 1.48799 2.31792 1.99269 2.03247 0.218772 1.11819 0.400594 0.60155 0.0611312 0.291278 0.0311161 
0.795102 1.4277 1.51541 1.71134 1.02618 1.04605 1.29886 1.03746 1.13908 -0.217415 0.438748 -0.0148816 
0.767049 1.06609 1.33301 0.62421 1.30607 -0.107399 0.523434 0.79828 1.17147 -0.090603 0.456689 -0.129403 
0.803427 0.913938 2.22391 0.796193 1.73559 -0.0743018 0.853529 -0.154356 0.810049 0.9275 0.0936883 0.0509878 
0.806939 1.29973 2.38004 0.80815 1.2464 0.818643 1.32002 0.913758 0.522146 1.21212 0.65158 0.042583 
0.772054 1.48744 1.79911 2.27885 2.15852 0.21201 1.33891 0.792384 0.991955 0.0721272 0.692841 0.0837958 
0.614777 1.00194 2.00707 1.5928 1.67747 0.579845 1.19841 0.668159 0.213334 -0.0464698 0.249234 0.04284 
0.576807 0.968536 1.61501 0.64815 1.34499 1.19082 0.733548 0.409614 -0.115179 -0.749953 0.00182828 -0.00144173 
0.674686 1.16213 2.24294 1.12259 1.43991 0.872704 1.18854 0.269519 1.10283 0.350262 0.100732 0.114973 
0.827628 1.55063 2.09094 1.69109 1.48885 0.995726 1.16992 0.0958009 0.807311 0.767799 0.538985 0.0955322 
0.783147 1.40126 1.66673 1.77979 1.64294 1.12863 0.772986 0.311834 0.940313 0.50376 0.206878 0.09044 
0.736151 1.50555 1.88483 1.46341 1.55943 1.07213 1.1464 0.998287 1.22123 0.429529 0.270566 0.165302 
0.694903 1.22429 1.95293 1.68 1.27148 1.32641 0.337648 -0.235933 0.693177 0.227202 0.394423 -0.00486246 
0.662371 1.15031 1.88205 1.16333 1.04711 0.763338 0.298314 0.122646 1.19349 -0.143999 0.101154 0.0175379 
0.643365 1.32246 1.3879 1.3867 1.47959 1.09318 0.216503 0.754347 1.63836 0.118357 0.156635 0.0735468 
