0.549082 0.863055 1.6874 1.35655 1.35319 1.77129 1.42034 2.02244 0.860825 -0.107294 0.65198 0.114868 
0.558203 1.10264 1.20358 1.4115 2.03067 1.47334 0.89146 1.29697 0.715281 0.270862 -0.102328 0.226615 
0.632403 1.29136 1.32852 1.35627 1.1 0.741682 0.434241 0.637562 0.578242 0.372608 0.0125084 0.146044 
0.586548 1.22384 1.42715 1.40694 1.27009 1.03402 0.761758 1.37662 1.77197 0.338856 0.439784 0.006539 
0.538422 1.09434 1.28932 1.93115 1.12097 0.223496 1.21264 0.888672 1.1471 1.21768 0.691922 -0.24238 
0.582982 0.917025 1.47087 1.58953 1.13774 1.24102 1.19304 0.524963 1.05031 0.506999 0.701648 -0.157817 
0.641095 0.953555 2.20785 1.75826 1.14205 1.37181 0.994504 -0.136059 0.688366 0.265033 0.699566 -0.114161 
0.596767 1.26948 1.37367 1.65983 0.686901 1.21252 1.947 1.32917 0.612331 0.512894 0.580731 -0.0451332 
0.623169 1.18094 1.29974 1.11821 1.62585 1.21246 1.09686 1.87398 1.03382 0.0622594 0.537855 0.0106187 
0.550681 1.36346 1.47804 0.829796 1.67078 1.41142 0.519019 0.860829 1.4776 -0.0431419 0.415609 0.0741143 
0.545458 1.29479 1.70008 0.917756 0.649123 1.63144 0.860428 1.04982 -0.0438963 0.248325 -0.124934 0.0948978 
0.576293 1.16436 1.68178 1.23884 0.694551 1.56549 0.676709 1.31347 -0.1647 0.0827041 -0.00507448 -0.0978341 
0.727921 1.45294 2.07575 1.10309 1.42569 0.833706 1.06363 1.68786 0.827712 -0.149313 0.0393888 0.0186547 
0.90018 1.70736 2.08425 1.55217 1.87298 1.79154 1.23556 0.891201 1.35407 0.333012 0.235622 0.17577 
1.23394 2.69633 2.39558 2.90255 2.41671 2.42474 1.85802 0.97361 1.0641 0.735911 0.129115 0.185948 
1.77174 2.95607 2.99084 3.19837 2.46469 1.80433 1.49321 1.11717 0.740337 0.0616821 0.160502 -0.00284788 
2.05378 2.93676 3.02948 2.9921 2.74766 1.04994 1.2759 0.90788 1.4307 -0.287143 0.0556443 -0.0223636 
1.63521 2.40261 2.82519 3.00742 2.57383 1.6452 1.12976 1.17045 1.15164 0.286809 -0.113879 -0.016866 
1.7864 2.43152 2.81808 2.86662 2.39785 1.48592 1.05123 1.2292 1.53928 0.650166 -0.125052 -0.00302861 
1.89558 2.30147 2.79934 3.13641 2.89739 0.890816 0.701675 1.29172 2.18577 0.612949 -0.191692 0.012791 
1.7327 2.24585 2.75163 3.65891 3.66287 0.746142 0.923006 1.2429 1.58726 0.38689 -0.211348 0.0284908 
1.64552 2.17819 2.65894 3.82457 2.96265 0.839585 0.750791 1.34401 1.91678 0.582987 -0.358013 0.0347286 
1.55489 2.22909 2.19155 3.55641 3.00924 0.594283 0.769904 1.51471 2.05528 0.632197 -0.50485 0.0123194 
1.46138 2.14235 2.34229 3.39264 3.27484 1.05386 0.846563 1.9059 1.34771 0.318429 -0.31072 0.0446634 
1.34 1.65107 2.7898 4.01856 2.41325 0.941452 1.17461 1.44554 1.59153 0.232667 -0.503472 0.111344 
1.33142 1.43925 2.3459 4.06005 2.6581 1.10701 1.66785 1.38882 1.63788 0.2543 -0.31128 0.133982 
1.18936 1.71237 3.0034 3.58867 2.55465 1.79779 1.43388 1.82285 1.62121 -0.200137 0.234756 0.285789 
1.0607 1.58725 4.30508 2.86214 1.71975 2.14691 1.43014 2.28693 0.935622 0.304303 0.433924 0.300941 
0.903265 1.28436 3.61018 3.16674 2.78198 1.48715 1.34964 2.41731 0.991457 0.631522 0.0305484 0.380308 
0.722379 1.05822 4.69253 2.74504 2.36589 1.11684 1.3391 2.51939 0.168649 0.824537 0.233182 0.206809 
0.358122 1.10991 3.91853 3.61008 2.2301 0.363331 1.35719 1.93898 0.341814 0.822505 0.661303 -0.00524853 
0.216959 1.06608 3.21463 3.12664 1.86035 0.0970609 1.46247 1.88504 0.695554 0.536816 0.901954 0.0170816 
0.16818 1.22406 3.80855 3.31875 2.48165 1.02713 1.32294 1.27696 0.763537 0.177141 0.408997 0.0717116 
0.186205 1.23534 3.75404 4.44645 3.0612 0.913331 1.40932 0.708567 1.4323 0.494153 0.190487 -0.217016 
0.205155 1.11963 4.24808 4.40483 2.88748 -0.306443 2.23706 1.24223 1.03142 0.356314 0.412242 -0.0145879 
0.246146 1.34871 3.60275 4.64935 2.4245 0.233644 1.73324 2.05952 0.898593 -0.340913 1.01525 0.0602137 
0.14354 1.26211 4.65136 3.79594 2.10816 0.596784 1.79355 1.99752 0.148754 0.509976 0.85225 -0.111428 
0.175677 1.32653 3.95591 3.36953 2.02131 0.262676 1.58063 1.36109 0.47277 0.752428 0.812987 -0.20468 
0.307988 1.34538 3.45592 3.53762 2.63405 0.0273391 1.59926 1.2476 0.722769 0.288101 0.754435 -0.083121 
0.612823 0.713817 3.42898 4.96561 2.75488 -0.46916 2.66959 1.08665 0.428184 0.202749 0.619905 0.00838476 
0.756019 0.419236 3.2543 4.45435 2.01095 0.172248 1.78383 1.9892 -0.31855 0.38348 0.664806 0.0603555 
0.774415 0.656669 2.875 3.58567 3.23424 0.600584 0.368352 1.83588 0.490689 0.27525 0.414427 0.00323839 
1.01484 0.644304 2.08788 3.626 2.84314 0.729666 1.50594 0.506544 1.12322 0.0858629 0.110555 0.123645 
1.38928 0.710668 0.880208 3.10974 2.08328 1.19357 1.86522 0.788532 0.914808 -0.318259 -0.033757 0.0805438 
1.69761 0.814196 0.607122 2.48668 1.67217 0.829699 1.4053 1.49468 1.54977 0.384634 -0.545449 -0.250606 
1.79484 0.861053 0.351172 2.77626 2.09764 1.06638 1.40035 1.57659 1.31198 0.357523 -0.648173 -0.303674 
1.867 0.907157 0.408502 2.4774 2.02228 1.68926 1.55767 1.10675 1.18323 0.224034 -0.461979 -0.254062 
2.0019 0.81339 0.208357 2.12856 1.95073 1.75527 1.47751 1.24938 0.849414 0.485915 -0.28743 -0.261764 
2.02236 0.705189 0.0138598 2.02578 2.48123 2.89414 0.940447 0.947568 -0.057247 0.406184 0.0200833 -0.00663481 
1.90785 0.871758 -0.192766 2.52113 2.37287 3.1528 0.574714 0.610318 0.466196 0.368204 -0.147216 -0.0361911 
1.85186 1.04785 -0.445246 2.48112 2.44742 2.7233 1.27042 0.57669 0.135919 0.251604 0.0284323 0.0112096 
1.95173 1.12157 -0.717165 1.83102 2.96351 1.71411 1.26435 1.32607 0.215334 0.600271 -0.322078 -0.128868 
1.99475 1.05123 -0.838334 2.68096 2.68057 2.11193 1.58318 0.989981 0.352467 0.249177 -0.248323 -0.156237 
1.97713 1.02434 -0.565361 2.48851 2.49051 1.87335 1.51584 0.794872 0.741692 0.389231 -0.397032 -0.380213 
1.8662 1.37802 -0.940094 3.04242 1.58028 2.44566 1.62028 0.587592 0.820866 0.386873 -0.283446 -0.502288 
1.84948 1.35601 -0.507459 2.52541 2.07161 1.28349 1.35709 1.6377 1.26159 0.838309 -0.846839 -0.536304 
1.83407 1.18146 -0.372759 2.08741 2.2396 1.70459 1.13072 1.47738 0.739139 1.02656 -0.81384 -0.528482 
1.96248 1.20443 -0.165384 1.98939 2.19064 1.45853 1.08902 1.71466 1.16128 0.869421 -0.836748 -0.602389 
1.91806 1.2246 0.346934 2.28991 2.05929 1.14638 1.06612 2.23479 1.15032 1.31619 -0.960691 -0.641502 
2.08466 1.2456 0.274155 2.09149 2.24379 1.64224 0.724648 2.23519 0.784064 1.19814 -0.626461 -0.525539 
2.15564 1.25339 0.255547 1.87686 3.01211 1.90686 0.891247 1.54829 1.33099 0.921655 -0.491801 -0.490355 
2.06634 1.22513 -0.0434417 2.20428 4.01357 1.57617 1.31057 0.803699 1.54029 0.393303 -0.315185 -0.166895 
1.98679 1.29786 0.267164 2.22489 2.61058 1.77704 1.68557 1.3239 1.53435 0.430258 -0.273461 -0.179957 
1.89014 1.50713 0.507151 2.6516 2.62696 2.49233 1.41313 0.587853 1.61276 0.422978 -0.142456 -0.208458 
2.17189 1.80223 0.908914 1.19368 2.30863 0.965226 0.270034 1.35467 1.74746 0.817945 -0.14807 -0.301949 
2.4059 1.845 0.624598 1.41387 2.07967 0.577117 0.17278 0.971948 1.60726 1.1343 -0.0670168 -0.373415 
2.34349 2.01174 0.509902 1.36227 1.6221 0.678178 -0.226927 0.704482 1.52529 1.11495 0.0165879 -0.347062 
2.3924 1.87187 0.963132 1.5644 1.63107 -0.169781 -0.498021 0.258974 1.84702 1.0071 -0.0154336 -0.29043 
2.25853 2.40371 1.1859 1.4432 1.65789 -0.419134 -0.754808 0.0680346 1.46302 0.734721 0.0875248 -0.161327 
2.33633 2.54214 0.713081 1.29631 1.1763 0.079479 -0.567698 0.188434 1.12716 0.313438 0.0693187 -0.167955 
2.06445 2.23378 1.4242 1.45376 1.1765 -0.184051 -0.667755 -0.333014 1.24655 0.582362 0.134702 -0.0889035 
2.19679 2.46126 1.23844 1.23285 0.891621 0.0677445 -0.528374 -0.0943927 1.09968 0.0659683 0.143751 -0.0743973 
2.22163 2.50107 1.53354 0.856811 0.76771 -0.0563867 0.00249286 0.300492 0.0687342 -0.0901569 0.0620814 0.00782196 
2.13478 2.66086 1.97866 1.16323 0.986894 -0.318076 -0.507718 -0.163547 0.0754228 0.0831367 0.129863 0.0490881 
2.09805 2.82503 2.1506 1.4068 1.15349 -0.0512468 -1.0001 -0.110746 0.464975 0.189089 0.147515 0.0202154 
2.11688 2.76944 2.2096 1.52247 1.14212 0.198526 -0.398526 -0.0697373 0.936525 0.109124 0.0940175 -0.0331318 
2.26979 2.46136 1.74821 1.53604 2.38074 0.185748 1.76502 -0.0396143 0.928908 -0.0804848 -0.219872 -0.0761045 
1.99658 2.47511 1.90872 1.86987 2.90426 0.740487 0.955304 0.0645862 0.917145 0.304048 -0.1575 -0.143093 
2.01866 2.67068 2.05373 2.12106 2.47373 1.59675 1.38281 0.402023 1.56424 0.0163294 -0.0272693 -0.156918 
1.86899 2.48419 2.27876 1.78428 2.55196 1.71236 1.64931 1.48376 1.28954 -0.334854 -0.134658 -0.146753 
1.83997 2.29591 2.01214 1.71241 2.9815 1.42854 1.02882 1.08561 1.07291 -0.0598844 -0.251186 -0.201619 
1.87058 2.26034 2.3312 1.775 1.98579 1.19631 0.469165 0.811599 0.479143 -0.161396 -0.269195 -0.213256 
1.81782 2.17119 2.41987 1.58506 1.19592 0.718022 0.637872 0.220244 0.218678 -0.0154098 -0.262555 -0.196446 
2.01332 2.33726 2.31644 1.36735 1.85024 0.865426 1.13815 -0.0168342 0.631612 0.42855 -0.121972 -0.0762351 
2.16007 2.63663 2.15145 1.18201 2.59389 0.47861 0.971452 0.0851127 0.387227 8.07499e-005 -0.193359 -0.0817693 
2.0178 2.63873 2.2482 1.57428 2.06055 -0.25864 0.670558 0.448569 0.0175251 -0.0166826 -0.246631 -0.112398 
2.03908 2.49185 2.49071 2.01448 1.67617 0.116799 0.641534 0.467889 0.412631 0.0819152 -0.144739 -0.106577 
1.92066 2.3423 2.8113 1.69056 2.06454 0.647668 0.228369 0.667795 0.542455 0.308844 -0.164773 -0.140136 
1.88651 2.57086 2.466 0.942122 1.73629 0.912827 0.700712 0.645902 0.19129 -0.389266 -0.182195 -0.207992 
1.91859 2.43832 2.64005 0.454035 2.17802 0.888881 0.912129 0.223441 -0.255081 -0.341099 -0.311079 -0.170084 
2.06066 2.35483 2.79373 1.04219 2.30349 1.00157 0.855909 0.546158 -0.181055 -0.169353 -0.205065 -0.158012 
2.04545 2.1115 2.15331 1.43289 3.03985 1.00973 1.13144 0.313174 0.542812 -0.461149 -0.350228 -0.135642 
1.87414 1.93321 2.42738 1.2049 2.38832 1.18941 0.682797 -0.8508 0.652931 -0.0749103 -0.292582 -0.0757123 
1.69957 1.86208 2.24179 1.56377 2.41835 0.521495 -0.0949251 -0.788893 1.13957 0.344736 -0.423586 -0.166224 
1.83718 1.92713 2.31352 0.866376 2.72655 0.28175 0.59005 0.23098 1.43556 0.361627 -0.195589 0.0281369 
1.82986 1.96506 2.11483 1.24897 2.54952 1.18553 0.667287 0.81002 0.850224 0.792287 -0.176193 -0.147932 
1.64579 2.02774 1.92493 2.06356 2.47599 0.107693 1.11538 0.00219423 0.805937 0.3996 -0.347817 -0.114995 
1.63997 1.94358 1.99664 1.6418 2.45075 0.0659312 0.773538 0.0734513 0.309921 -0.393005 0.0333737 0.00470225 
1.59987 1.79658 1.41214 1.02116 2.2842 1.16248 0.778123 0.408007 0.529048 -0.396153 0.0536037 -0.0509307 
1.61695 2.05513 2.11194 1.31037 2.23552 1.4362 1.81278 0.164004 0.81316 0.491593 -0.300505 -0.0301959 
1.51335 2.48058 2.94857 1.72672 2.75102 0.620205 1.30573 0.931947 0.450868 -0.326679 -0.00409317 -0.0839254 
1.52129 1.95497 2.66804 2.07988 3.16716 1.34156 1.58689 1.35672 0.713165 -0.0571049 -0.0887674 -0.00107333 
1.50143 2.00659 2.62799 1.79975 2.23604 1.43915 1.80037 0.601243 0.817804 0.314115 0.0446359 0.0827353 
1.52839 2.2551 2.38546 2.0827 1.30034 2.32543 1.79522 0.3751 1.15813 -0.243295 0.0916481 0.00655362 
1.41124 2.54444 2.21708 1.39397 2.0131 1.99592 1.70262 0.84257 1.34975 -0.391837 0.188601 -0.0348398 
1.403 2.28252 2.40425 1.06797 2.37377 1.10401 1.4952 1.18409 0.383794 -0.631079 0.2966 -0.0784333 
1.58519 1.865 2.39889 1.34758 1.93499 0.815211 1.59992 1.1304 0.596539 -0.334249 0.119607 0.0524636 
1.39518 1.80074 2.0997 1.37013 2.42973 1.51885 1.55984 1.08171 0.981659 0.382588 -0.100596 0.0797539 
1.30936 2.13095 2.8098 1.30086 1.99147 1.1092 1.59507 0.401018 0.302398 -0.185742 0.515244 0.0935729 
1.34219 2.06933 2.72729 0.740363 2.66234 1.38905 1.58084 -0.166987 -0.01665 -0.145651 0.0247858 0.0603948 
1.53719 2.07026 1.77349 0.9261 1.96396 0.800841 1.43229 -0.404987 0.417623 0.136461 -0.210138 -0.0179902 
1.49475 1.53629 1.82201 0.821949 1.84997 -0.0470298 1.55748 0.573058 0.930883 0.801905 -0.0439922 0.114828 
1.42255 1.76079 2.42595 0.656545 1.99598 0.76953 1.04552 0.874464 0.737305 0.653785 -0.329117 -0.0227672 
1.45863 1.94436 2.30651 0.0178717 1.89666 0.684088 0.590416 0.824139 0.598835 0.49092 0.317008 0.121232 
1.421 1.9931 1.74197 1.36093 1.88882 0.826888 1.54361 0.456626 0.561019 0.297025 0.324137 0.142727 
1.25749 1.80345 1.83826 1.07459 1.64317 1.78614 1.50442 1.08006 1.0235 0.191189 -0.127565 0.0277934 
1.34249 1.80326 2.51012 0.584626 1.66397 1.52698 1.50528 0.968182 0.542446 0.390937 -0.0419273 0.0372311 
1.2575 1.77012 2.17351 0.71448 2.05707 1.06614 1.43747 0.624315 0.562578 0.258336 -0.116584 0.00611681 
1.25751 2.08633 1.8117 0.746963 2.27257 0.792154 2.16706 0.707037 1.03457 -0.113917 0.180735 0.0853242 
1.37121 1.79371 1.79113 1.101 1.63267 0.591662 1.72556 -0.00693341 0.238706 0.161393 0.1687 0.0760856 
1.37587 1.77463 2.4627 1.34901 1.9645 1.11882 1.06951 0.897067 -0.0433977 0.15836 0.403334 0.0661418 
1.39822 1.8503 2.44703 1.35154 2.09687 0.443256 0.937366 1.39355 0.754086 -0.223671 0.343687 0.108559 
1.34702 1.85189 2.11031 1.15865 1.58463 1.28299 1.10435 1.62559 1.25574 -0.426548 0.196032 0.0159164 
1.35619 1.83646 2.04654 0.952867 1.87902 1.45213 1.36795 1.57404 1.56251 -0.258338 0.0152783 0.0309071 
1.3844 1.44752 1.51697 0.616625 1.27026 1.93193 1.24773 2.1131 2.01172 -0.285973 0.114021 0.02643 
1.26849 1.40552 1.76855 0.551439 1.43542 0.354603 0.767989 1.37322 2.23824 0.24127 0.597855 0.175375 
1.17011 1.71784 2.11342 1.01818 1.99451 0.332666 0.5521 1.26785 1.05543 -0.0541202 0.267776 0.0598553 
1.30004 1.67217 1.87085 0.392077 1.49572 0.659353 0.844617 0.944495 0.437099 0.477802 0.379482 0.102142 
1.32372 1.5269 1.83738 0.737169 0.329762 0.638237 0.610722 0.612964 0.255632 0.47633 0.169939 0.0688769 
1.31144 1.00203 1.93451 0.844664 1.63139 0.915444 1.01406 1.26887 -0.188168 -0.0310259 0.242929 0.0331095 
1.27194 1.01587 1.58354 0.740132 1.18234 0.635307 1.31637 1.16459 1.19581 0.52147 0.608943 0.166923 
1.24664 1.60008 1.96134 0.79168 1.20076 1.07226 1.39188 0.538238 1.12094 0.282842 0.662283 0.199267 
1.27555 1.46523 1.91484 0.856045 2.13504 1.35872 0.761477 0.196981 1.11306 0.221697 -0.0155478 0.0781896 
1.3434 1.17116 0.976019 0.840329 2.42187 1.40885 0.540675 -0.06697 1.21994 1.16892 -0.0701376 -0.0722157 
1.19031 1.23278 0.748802 0.510194 1.58329 0.473043 1.3357 0.368804 1.51651 0.505344 -0.0264114 -0.0285548 
1.24829 1.31166 1.48204 0.426719 1.66849 0.800193 1.01547 0.57297 1.19504 -0.128898 0.155361 0.0439569 
1.13265 1.09153 2.054 1.17887 1.46481 0.458647 0.163436 0.4622 0.825085 0.5274 0.422538 0.00801157 
1.0021 1.12823 1.28602 0.606035 1.06097 0.743435 1.59388 0.466853 0.849727 -0.073838 0.0332061 -0.0325808 
1.21002 1.47112 1.98867 0.472823 0.573298 1.01953 1.9583 1.10116 0.973837 0.309943 0.126038 -0.00237968 
1.21427 1.56916 2.06859 0.761776 0.84437 0.181083 0.862287 0.823131 1.31589 0.527327 0.138279 0.103618 
1.21744 1.67589 1.97551 0.901676 0.267305 0.0144146 0.764864 0.787006 0.286594 -0.119998 0.153563 -0.00160339 
1.20087 1.63107 1.96616 0.721526 -0.229349 0.500489 1.33368 0.813368 0.860829 0.242834 0.676677 0.0788815 
0.925805 1.48772 1.84286 0.527731 0.584073 0.493145 0.931752 1.09787 1.0434 0.376238 0.312759 0.0546142 
0.871733 1.51189 2.0635 0.451967 1.25052 0.428391 0.807766 1.05979 0.438323 0.390464 -0.0545013 0.0686276 
0.90239 1.70402 1.60318 0.997988 1.1939 1.14114 1.48084 0.881834 0.735145 -0.244264 0.554471 -0.0245232 
1.00435 1.41589 1.70082 1.05834 0.92459 0.757469 1.02038 1.29638 0.429568 -0.030644 0.605234 -0.0391452 
1.04815 1.67385 1.62681 1.22571 1.31212 0.987675 0.674745 0.79586 0.52309 -0.33119 0.319211 -0.0756282 
