0.5195 1.19694 1.24162 0.558819 0.75816 0.995486 0.580808 0.105114 0.0474902 0.0797295 0.630868 -0.132047 
0.53689 1.03571 0.717214 1.01081 0.0789201 0.0611624 0.084298 0.635732 0.753163 0.946998 0.128967 -0.113782 
0.438342 0.924551 1.26749 0.565224 0.542183 0.588346 -0.113517 1.19456 1.13829 0.294999 0.0545983 0.0275582 
0.57182 0.643267 1.41992 0.480157 0.669132 0.360529 -0.32543 0.888103 1.09639 -0.291453 -0.0174029 -0.0499059 
0.573501 0.728958 1.5824 0.242724 0.790711 -0.0642691 -0.114619 0.751809 0.339474 -0.207967 -0.133891 -0.220634 
0.671734 1.19627 1.2576 0.817288 1.32156 -0.695752 -0.221123 -0.445673 0.0941884 0.0981283 0.218443 0.069552 
0.556866 0.970977 1.35567 1.19554 1.8855 0.823421 1.03186 0.016201 0.359338 0.648418 0.117452 0.0532021 
0.582567 1.04747 1.6893 1.30514 1.37359 0.347196 0.707396 0.858081 0.305428 0.406207 0.036626 0.0570119 
0.590193 0.881565 1.51288 1.41519 0.813469 1.09894 0.867467 0.483926 0.255076 0.602139 0.27082 -0.0319122 
0.645333 1.03431 1.34463 1.58387 0.359878 1.07962 0.639521 0.887973 0.448389 -0.0761771 0.157797 0.0346976 
0.54119 1.22557 1.41966 0.937989 0.855456 -0.34399 0.183166 0.886065 -0.284235 -0.05129 -0.0694226 0.0164489 
0.460789 1.15803 1.21036 0.665999 0.124079 -0.144496 0.0735603 0.514466 -0.224132 0.495127 0.0211934 -0.00298354 
0.665019 1.10562 1.39201 0.966186 0.0744681 0.0982505 -0.0883116 0.144572 0.724729 -0.0150948 0.198073 -0.15169 
0.652213 1.48394 1.35237 1.46154 0.473405 0.16367 0.0897273 0.085855 0.048183 -0.181182 0.213478 -0.211549 
0.835785 1.34737 0.880129 1.37707 0.862998 -0.939282 0.530416 0.430907 0.0023178 0.212264 0.0728832 -0.0974817 
0.988617 1.4666 1.04762 0.198432 0.670764 0.0260414 0.744605 0.889187 0.255248 0.426378 0.41663 -0.0986086 
1.50731 2.00373 0.711459 -1.16539 1.51301 -0.252137 0.504546 0.213617 2.06291 -0.222298 0.182429 -0.296816 
1.55845 2.03285 0.994277 -0.876085 1.65143 -0.207278 1.18016 -0.0875488 1.66679 -0.0978863 0.031547 -0.0891646 
1.53933 2.00894 1.71434 0.926459 0.926866 -0.0509138 0.635855 0.879216 1.38354 1.20794 0.0767746 0.0543225 
1.89993 2.30876 1.37184 1.01671 2.41937 0.0218075 0.125988 0.0682872 1.3554 1.40735 -0.0240728 -0.140208 
1.90012 2.69045 1.82441 1.11167 3.08235 -0.397969 -0.418753 0.131882 1.31968 1.06254 -0.0230004 -0.095628 
1.91932 2.3486 1.39283 1.14563 3.52169 0.144443 -1.06575 -0.154226 1.50309 0.830934 0.171738 -0.23278 
1.79567 2.45789 1.67741 1.03734 4.07815 0.211398 -1.40267 -0.0487879 1.5822 0.0565353 0.22132 -0.390946 
1.87551 2.45382 1.97181 1.21382 3.81516 -0.273803 -0.555087 -0.0270819 1.38289 -0.0138454 -0.127716 -0.19872 
1.67655 2.56102 2.36133 0.387373 4.19552 -0.562307 0.0709576 0.496444 0.878318 0.320186 -0.0643054 -0.0418727 
1.67053 2.74782 2.14579 0.73523 3.68028 0.12721 0.564919 0.0263038 1.32989 -0.0775852 0.139383 -0.0415102 
1.69774 2.55814 2.19857 1.48448 4.33272 -0.280903 0.455334 -0.680164 1.41767 0.017299 -0.133507 -0.0119389 
1.67263 2.3715 2.44431 1.66887 4.1748 -0.223846 0.00545721 0.170338 1.63396 -0.150295 -0.167146 -0.0606772 
1.65097 2.6154 2.34465 1.3685 4.17368 0.171466 0.0581127 1.02577 0.533918 -0.405138 0.180169 -0.162126 
1.74656 2.70897 2.49096 2.00873 3.50807 0.726866 -0.167162 0.397986 0.287607 -0.0186193 0.144431 -0.063538 
1.56572 3.0985 2.9391 1.58357 2.85767 0.515299 0.614208 0.313491 0.384967 -0.680794 0.404868 -0.0650947 
1.59807 2.97998 3.01445 2.02635 3.90629 -0.213095 -0.353426 -0.0477994 0.905129 -0.160449 0.0240174 -0.0229241 
1.77837 2.73559 2.80977 1.86205 3.65189 0.289455 -0.531077 0.27603 0.545063 -0.119899 0.110547 -0.0525721 
1.7273 2.7094 3.1831 1.27679 3.70903 0.647329 0.302368 0.0363567 0.488702 -0.44129 0.222278 0.0551467 
1.8487 2.71188 3.11656 1.15091 2.90576 1.36347 1.21253 0.445787 0.557304 -0.835958 0.284544 0.0991513 
1.77233 2.5797 2.47628 1.86435 3.74242 1.65636 0.228057 1.28012 0.55572 -0.461612 0.414949 -0.0605938 
1.70525 2.64965 2.91916 1.57043 3.25941 1.86658 0.974092 1.09669 0.405277 -0.549603 0.40858 -0.0155342 
1.66607 2.53681 2.94648 1.76056 2.89786 1.50397 1.02399 0.728778 0.806224 -0.0619776 0.217939 0.0487188 
1.53649 2.64905 3.60046 2.18597 3.7705 1.09511 0.83508 0.429652 0.613998 -0.447051 0.285347 -0.0167487 
1.51993 3.08122 3.36516 1.83301 3.8147 1.11681 0.970662 0.302659 0.888836 -0.635072 0.424845 -0.0648052 
1.59887 2.73041 3.30774 1.82085 4.14001 0.734172 1.14286 0.546305 0.432174 -0.0783326 0.1322 0.0238521 
1.55949 2.62949 2.89496 1.88627 3.66933 1.47839 1.27921 0.809594 -0.0119342 -0.240774 0.351594 -0.033245 
1.53778 2.9179 3.24045 1.83231 3.45915 1.75908 1.00921 0.922594 0.122887 -0.637663 0.520217 -0.139031 
1.45915 3.13207 3.13084 1.71685 3.61124 1.37286 0.883845 0.668093 1.03355 -0.143769 0.349115 -0.0323972 
1.54208 2.70205 3.07971 2.38743 2.86972 1.36301 1.17139 0.71764 0.545161 0.0183061 0.229473 0.0255952 
1.54361 2.9991 3.32131 2.17783 2.08005 1.21558 1.93836 0.746898 0.728229 -0.596916 0.488019 -0.0616476 
1.68241 3.05629 3.16442 1.89411 2.17546 1.9063 2.72362 1.20445 0.127951 -0.672646 0.361251 -0.120798 
1.49189 3.2606 3.38811 1.93497 3.22086 1.84004 1.67981 1.1784 0.225808 -0.311334 0.478616 -0.114942 
1.49532 3.00567 3.47983 2.00579 3.59735 1.46633 1.84672 0.965682 0.553146 -0.00573216 0.334783 0.0233629 
1.54258 3.14391 3.66912 1.97641 3.32489 1.23919 2.43357 0.18531 0.567284 -0.0143532 0.146607 0.0823169 
1.52978 2.91714 3.51128 2.13765 3.04075 1.07665 1.67619 -0.00273642 -0.100152 -0.122063 0.101642 -0.0327352 
1.62003 2.72654 3.51224 2.5339 3.58564 0.540628 1.51801 -0.0742117 -0.0404467 -0.417767 0.00368627 -0.0513622 
1.70428 2.80888 3.51755 2.20645 3.12789 1.28334 1.30669 -0.413635 -0.0941952 -0.569273 -0.0307862 -0.110377 
1.66377 2.91016 3.39304 1.94515 2.1947 1.7137 1.29006 -0.332561 0.366895 -0.264228 -0.0168065 -0.0364841 
1.63686 2.53352 3.42982 2.2684 2.05102 1.2933 1.53853 -0.176565 0.39541 -0.35269 0.127332 -0.020795 
1.61975 2.54511 2.9897 2.16193 2.06889 0.922421 1.14157 0.437955 0.034938 -0.118356 0.186137 -0.00970727 
1.54577 2.40376 3.77875 1.87467 2.14335 0.628704 0.912598 0.916259 0.0700895 -0.198974 0.303467 -0.00363965 
1.51698 2.14951 3.63713 1.751 2.33967 1.14198 1.01247 0.436624 0.00412544 -0.111391 0.265985 -0.00116464 
1.45299 2.24022 2.79202 1.04782 2.45358 1.04221 1.3525 0.606352 0.362682 -0.378416 0.0907148 -0.0216034 
1.43994 2.12541 2.55272 1.419 1.42702 1.47895 1.89903 0.601778 0.942549 -0.259747 0.0385983 -0.0122339 
1.46889 2.30982 2.63932 0.751434 2.75383 1.08214 1.36909 1.35261 0.322628 -0.168429 0.113479 -0.0760245 
1.43606 2.20025 2.33501 1.29259 2.00781 1.61599 1.11689 1.16965 0.465626 -0.313713 0.0369133 -0.100609 
1.39506 2.11485 2.30525 1.48785 2.37882 0.348773 0.84003 0.259936 1.18924 0.737067 -0.358574 0.0384694 
1.47808 2.0647 2.98988 2.13769 2.36054 0.357163 1.10202 0.870862 0.897646 0.37167 0.0407163 0.152587 
1.54944 2.01908 2.8345 1.78928 2.75953 1.26963 1.45351 0.727387 1.44401 -0.066331 0.373169 0.253111 
1.50743 1.78397 3.2473 1.88142 2.64415 1.61332 1.60099 1.4375 1.38659 0.564556 0.297904 0.267856 
1.38445 1.90898 2.84608 2.08078 2.45162 0.753269 2.12898 2.03739 0.840649 0.515704 0.530106 0.287335 
1.32303 2.27653 2.72518 2.21586 1.99065 1.15076 1.89176 0.516404 1.01818 0.305914 0.795218 0.255673 
1.31413 2.17077 2.46433 1.78992 1.91931 1.82908 1.63628 0.829771 1.32395 0.172208 0.802767 0.259029 
1.23388 1.75341 2.34038 1.31991 2.38586 1.38281 2.2039 1.57225 1.4308 0.589122 0.415681 0.290692 
1.34856 1.8702 2.43982 1.49137 2.14692 1.28957 1.99459 2.07401 1.24847 0.322946 0.471714 0.226713 
1.44232 2.05463 2.50053 1.53473 1.68095 1.46454 1.1823 1.05497 1.52099 0.158818 0.474417 0.211276 
1.2902 1.86156 2.79866 0.932533 1.85761 1.73882 1.93279 0.0465765 1.30735 -0.115523 0.0521689 0.178321 
1.24475 1.89863 2.47186 0.924234 1.46697 0.750955 2.32073 0.127128 1.21031 0.357904 -0.149569 0.0855363 
1.45181 1.48054 2.48694 1.21248 1.50447 0.722682 2.31935 0.652591 1.09909 1.08767 0.11156 0.157493 
1.30926 1.69886 2.42117 1.32497 1.07813 1.81477 2.13226 1.75853 1.49545 0.504838 0.362629 0.196096 
1.27496 1.96207 2.79905 1.1991 1.52463 1.90428 2.49171 1.6885 0.963484 0.632566 0.16867 0.136646 
1.25107 1.7747 2.81567 1.22873 2.29186 1.43284 3.11073 0.965523 0.931882 0.998758 0.0292747 0.272915 
1.29978 1.91457 2.71091 1.61243 1.62481 1.78174 2.68263 0.573882 1.28785 0.428517 0.495278 0.249222 
1.34257 1.71961 2.1208 2.25908 2.1466 1.8283 2.4137 1.72177 1.53268 0.199965 0.25686 0.238083 
1.38739 1.51795 2.42266 1.7823 1.72841 2.13268 2.79202 1.28364 1.00938 0.284266 0.19172 0.179984 
1.36321 1.49122 2.36616 1.76981 1.64422 2.28908 2.43014 1.04594 1.002 0.538941 0.226685 0.189138 
1.3125 1.67145 2.46753 1.00626 1.4918 1.25991 2.32661 1.21677 0.889647 0.495797 0.727653 0.245479 
1.1262 1.80814 2.8997 1.12543 1.60873 0.612851 1.07827 0.984791 1.4637 0.991162 0.500816 0.350613 
1.21104 1.61233 2.7443 1.60424 1.71513 0.50698 1.37733 1.80957 0.764898 0.47139 0.606126 0.220669 
1.20006 1.52161 2.20746 1.20422 2.3673 0.524198 1.56766 1.54368 0.515841 0.920754 0.44366 0.179475 
1.1111 1.54799 2.44507 1.30474 2.03518 0.771341 1.73487 0.691018 0.637864 0.641336 0.494272 0.145959 
1.13016 1.55027 1.74632 0.945137 1.54414 0.310503 1.85992 0.192262 1.29455 0.460633 0.664092 0.125254 
1.10981 1.62964 1.86245 0.67816 2.07724 0.209851 1.27942 0.763635 0.765005 0.693652 0.480437 0.10434 
1.15855 1.53822 2.32418 0.724019 2.5172 0.566523 2.17536 0.424624 1.25663 0.688207 0.148098 0.303304 
1.18098 1.70516 1.99542 0.940644 2.15781 0.824583 2.21655 1.25798 1.56409 0.180335 0.489954 0.233133 
1.15657 1.65605 1.80174 1.34398 1.79868 0.753765 2.6019 1.22482 0.966478 0.248641 0.639694 0.213629 
1.25394 1.72364 1.98617 0.688535 1.55242 1.33443 2.22353 1.02248 0.88093 0.203514 0.701787 0.204612 
1.21341 1.60253 2.23623 0.751241 1.81067 1.33612 2.07573 1.41058 0.722031 0.31255 0.195935 0.105645 
1.17001 1.47341 2.63839 0.618892 1.30952 0.714945 2.18066 1.02269 0.569848 0.577498 0.375782 0.0876573 
1.04563 1.50676 2.24691 1.59641 1.30307 0.193494 1.90054 0.814771 0.949308 -0.0976953 0.488531 0.135468 
0.971926 1.80431 1.19904 0.797033 1.80761 -0.381436 1.8362 0.92108 1.05575 0.0911156 0.652737 0.109217 
1.04366 1.72883 1.18397 0.599959 1.21719 0.519633 1.89975 0.474044 0.611371 0.736785 0.762037 0.113379 
1.05607 1.67341 1.80754 0.717004 0.332188 1.16059 1.69265 0.446344 0.291612 0.438685 0.695973 -0.0204986 
1.05669 1.73206 1.85493 0.724777 1.08841 0.602464 0.959654 0.352781 0.583055 0.375286 0.384772 0.026414 
1.10676 1.76223 1.84775 1.15936 0.909443 0.153331 1.17866 -0.178219 0.0587645 0.257604 0.256966 -0.0104742 
1.09606 1.38203 1.91737 1.24525 1.31103 -0.590116 1.38418 0.711909 1.03248 0.360707 0.108722 0.188118 
0.972705 1.42525 1.77968 0.842362 1.50699 0.268409 1.37253 0.709602 0.600518 0.264852 0.0975426 0.0728158 
1.03987 1.55251 1.81125 0.107621 1.98503 0.680486 2.05985 0.956549 0.172729 0.000138277 -0.00211539 -0.00574441 
1.10387 1.36272 1.38319 0.879008 1.74513 0.0740078 1.62596 1.82279 -0.18641 -0.0988917 0.209851 0.0084637 
0.896389 1.41866 1.83576 1.01133 1.02995 -0.2032 0.150735 1.08423 0.315982 0.334705 0.192393 0.0892249 
0.868952 1.477 1.62534 0.695709 1.1992 -0.0713738 0.603811 0.443128 0.636536 0.733902 0.104109 0.155086 
0.813491 1.41044 1.11372 0.821716 0.754112 -0.413308 0.698891 0.130143 0.238759 -0.265343 0.260224 0.0165982 
0.819951 1.70162 1.35013 0.949866 1.32124 0.550374 1.66086 1.06083 0.847446 -0.228497 0.33647 0.0730095 
0.983109 1.74231 1.74107 1.03804 1.43078 1.0205 1.42034 1.18213 0.734604 -0.673836 0.537456 0.0222332 
0.791292 1.47725 1.88709 0.9925 1.61928 0.840584 1.52098 1.23221 0.5438 -0.332534 0.131905 0.0805589 
0.949152 1.52571 1.40137 1.68433 1.09836 0.928622 1.63074 0.868184 0.89572 0.492729 0.634105 0.0622154 
0.946393 1.51911 1.60688 1.59694 0.872805 0.536136 0.638631 0.536591 0.155685 0.0721148 0.649527 0.0396718 
0.711529 1.30629 2.19619 1.29933 0.800458 0.469303 0.771735 -0.0336648 0.693637 0.528395 -0.140105 0.050201 
0.704168 0.756614 1.43427 0.639844 0.578654 0.992928 -0.141183 -0.377201 0.350986 0.510558 0.103116 -0.0108004 
0.71699 1.32319 1.08819 0.713989 1.1573 0.405467 -1.02127 0.169807 0.608148 0.339572 0.536098 -0.0152743 
0.753128 1.59924 1.39736 0.500579 0.833363 0.405786 0.26135 0.764567 0.778128 0.306572 0.146038 -0.0366003 
0.829737 1.37466 1.45516 0.975797 0.601027 -0.240157 1.33716 1.18417 0.946582 0.783924 0.174707 0.0768832 
0.900378 0.554351 0.376878 1.62202 1.51261 0.528225 0.747197 0.503265 0.324679 0.718548 0.206918 0.0424902 
