0.602992 0.862349 1.0615 1.18521 1.91085 0.982337 0.353161 0.631677 0.44671 0.503191 0.604173 -0.0286947 
0.557885 0.891282 0.954457 1.02613 1.85051 0.911284 1.14363 -0.248377 0.964651 0.586003 0.221962 -0.0344102 
0.498186 1.04985 0.581571 0.851554 1.44792 0.608734 1.62898 0.32379 1.32763 1.15334 0.683988 -0.264048 
0.572925 1.10081 1.05594 1.02789 0.480462 0.623254 0.433671 0.4235 1.01191 0.845775 0.694476 -0.150224 
0.762441 1.24788 1.149 0.900814 0.211862 0.624934 0.81085 0.774993 1.34007 0.76533 0.319228 0.018888 
0.804033 0.851011 1.59746 0.819502 0.212022 0.376504 1.55805 0.476802 1.6618 0.610362 0.543909 -0.00077148 
0.916343 1.2495 1.37848 1.18612 0.440397 0.928907 0.904505 -0.354585 0.960655 0.0592015 0.24668 -0.0919433 
1.09148 1.61764 1.40579 0.706667 0.553186 0.1831 -1.17217 -0.0265351 0.848256 0.0483287 0.0569755 -0.150681 
1.1735 1.76489 2.03028 0.939496 1.64886 0.218466 -0.000513708 0.311627 0.76552 -0.112294 -0.257779 -0.0974914 
2.25412 2.39712 1.78369 1.91413 2.39281 -0.628307 -2.13543 -1.82552 0.0454992 -0.161595 -0.541036 -0.458451 
2.76555 2.30309 1.58844 1.31245 2.53352 -0.417638 -2.04454 -1.75865 0.561841 -0.220025 -0.693605 -0.547481 
2.78106 1.92137 2.00826 2.06776 1.66258 -0.532364 -1.44539 -2.48314 0.781391 -0.0772075 -0.856603 -0.495269 
2.53379 1.87801 1.29351 1.67758 1.55605 -0.422201 -1.86949 -1.83184 0.642264 -0.300018 -0.605909 -0.419811 
2.75956 1.67518 0.840603 1.14205 1.77222 -1.08356 -2.28075 -2.40261 0.471873 -0.325537 -0.812343 -0.487002 
2.95901 0.98847 -0.116438 0.964694 1.99423 -1.02207 -2.02803 -2.17817 0.161267 0.137362 -0.48785 -0.365499 
2.97673 0.766413 0.350607 0.64416 2.04289 -1.37622 -2.58257 -2.12147 0.0311986 0.237499 -0.577642 -0.378905 
2.87502 0.631097 0.430854 0.8267 0.195322 -0.666358 -1.15433 -3.01831 0.591012 0.47274 -0.831152 -0.556897 
2.98166 0.408724 -0.336933 0.643886 0.692301 -0.888798 -1.42236 -2.59031 0.390202 0.452292 -0.468128 -0.36819 
3.02025 1.07016 -0.444506 0.0614694 0.179577 -1.35969 -1.8127 -2.16866 0.671472 0.240676 -0.454078 -0.370242 
3.10738 0.669411 -0.881512 0.362302 0.645561 -1.02443 -1.19723 -1.66177 0.81678 0.628432 -0.228075 -0.367952 
3.04787 0.779461 -0.394543 0.0679626 0.0734053 -0.809023 -0.931679 -1.89639 0.966556 0.722279 -0.349298 -0.442571 
2.9312 0.471077 -0.91968 0.000851403 0.0375705 -0.569076 -0.290144 -1.21304 1.6711 0.871019 -0.388187 -0.493378 
3.06608 0.232504 -0.751472 0.0440514 -0.0345362 -1.49401 -0.230985 -1.18763 1.4314 1.04199 -0.438485 -0.557769 
2.97242 0.642586 -1.49804 -0.424775 0.631832 -1.55511 -0.243471 -0.96192 1.71022 0.605831 -0.549193 -0.614604 
2.73894 1.00525 -1.53308 -0.776505 0.925594 -0.298575 -0.862783 0.0500065 1.81632 0.650809 -0.473648 -0.671808 
2.76155 0.927683 -1.56905 -0.872698 0.918858 -0.0540736 -0.125072 -0.0636503 1.77062 0.576862 -0.51454 -0.748712 
2.63854 0.981952 -1.46214 -0.805738 0.815557 0.544013 0.47193 -0.235782 1.86657 0.417757 -0.474859 -0.765589 
2.8286 0.830129 -2.00476 -0.949529 1.65781 0.853066 0.943384 0.280335 1.52157 0.542711 -0.49413 -0.754389 
2.65391 0.959179 -1.72157 -0.893461 1.47421 1.77457 0.906902 0.235952 1.16221 0.416011 -0.257879 -0.61366 
2.76579 0.735073 -1.90608 -0.455236 2.2139 1.63136 1.22006 0.368377 0.825596 0.531802 -0.0859616 -0.422417 
3.09244 0.635061 -1.96486 -0.234272 2.54781 1.13859 1.50826 0.252972 0.794627 0.450007 -0.156427 -0.362394 
3.01899 0.859326 -1.72201 -0.321033 2.69766 1.19265 1.05699 0.139133 0.728259 0.49292 -0.195696 -0.360892 
2.70267 0.759052 -1.77904 -0.339495 3.29584 1.08309 1.1279 -0.369147 0.878126 0.697098 -0.0346909 -0.234022 
2.68015 0.895673 -1.72649 -0.283223 2.66874 1.4985 1.05086 -0.471804 0.912781 0.610979 0.111826 -0.27016 
2.79576 0.674654 -2.04705 0.345822 2.27363 1.67507 1.32909 -0.242784 0.835411 0.375587 0.10066 -0.255965 
2.57071 0.692038 -1.63265 -0.145511 2.51538 1.69272 1.87019 0.0647467 0.875347 0.260272 -0.192484 -0.356468 
2.5966 0.971259 -1.04694 -0.408531 2.54289 1.80183 1.48404 0.354705 0.729208 0.177351 -0.289921 -0.309655 
2.65119 0.942064 -0.637148 -0.543019 3.03446 1.6049 1.01508 1.00589 0.364279 0.223137 -0.334484 -0.314706 
2.73265 1.13488 -0.847888 -0.469583 2.72105 1.92556 1.47018 0.639674 0.324347 0.202825 -0.277636 -0.326253 
2.65646 1.0699 -0.745177 -0.612662 2.6445 1.8248 1.49521 0.790057 0.894553 0.283196 -0.40999 -0.414922 
2.53562 1.02748 -0.701333 -0.351366 1.94482 1.25914 1.49666 1.00176 1.41122 0.106507 -0.532509 -0.394739 
2.53219 1.33055 -0.460612 -0.88602 1.37489 1.17539 0.861638 0.566847 1.67506 0.425062 -0.0400843 -0.2208 
2.44792 1.51316 -0.72341 -0.690183 1.18011 1.5043 1.0515 0.631764 1.53794 0.632128 0.36902 -0.0447923 
2.34925 1.10704 -0.108197 -1.18206 1.22753 1.51963 1.38266 0.245871 2.0813 0.546042 0.192073 0.062584 
2.31059 1.25409 0.00612628 -0.677391 1.83209 1.00843 0.873893 1.11634 1.72833 0.549446 0.113229 -0.0777489 
2.24241 1.21054 -0.0971676 -0.318928 2.41792 1.53114 0.802495 0.570628 1.34942 0.54846 0.118035 -0.116354 
2.20735 0.904833 0.30388 -0.152878 2.17502 1.60957 1.22305 -0.0327795 1.71496 0.343423 -0.0319823 0.0603445 
2.22602 1.34499 0.315785 -0.170106 2.1486 1.07276 1.67603 -0.085262 1.18654 0.125512 -0.139342 0.0183692 
2.21204 1.61813 0.347953 -0.193743 1.54727 0.588044 1.86207 0.545879 1.20568 -0.190881 -0.32501 -0.11629 
2.21269 1.59701 0.637056 -0.348843 1.2849 1.43954 1.46272 0.651435 1.0579 -0.18512 -0.244071 -0.125806 
2.0324 1.37677 0.263722 0.0996339 1.67541 1.11027 1.80584 0.192923 0.830762 -0.163019 -0.10714 -0.00304542 
2.04831 1.25554 0.286577 0.0433043 1.4763 1.36437 1.56538 0.159847 0.719594 0.36654 0.312992 0.158693 
2.05986 1.47023 -0.0202501 0.106997 1.53637 1.55028 1.06318 0.318232 1.28594 0.266589 0.211059 -0.0080092 
2.10507 1.41874 0.804953 -0.660208 1.69791 2.01133 1.22943 0.409542 1.23863 0.0709087 0.0316914 0.0627123 
2.05807 1.63563 0.885102 -0.39703 1.53493 1.2157 1.77995 0.721142 1.47151 0.508864 0.0397674 0.00756773 
1.87752 1.70552 0.840159 -0.505731 1.46724 1.56181 2.54457 0.95445 1.11122 0.235294 0.0120165 0.0792037 
1.86357 1.57198 0.995701 -0.226887 2.27085 1.446 1.38951 1.20365 0.586985 0.204446 -0.0745413 -0.0900296 
1.9919 1.17147 1.06529 0.0139805 2.08177 1.76004 1.72155 0.878038 0.258857 0.350575 -0.108274 -0.110939 
1.99113 1.42871 0.678812 -0.138625 2.16908 1.1959 1.60756 0.360346 1.04077 0.376308 -0.0744712 -0.0627549 
1.84832 1.46789 1.10927 0.562105 2.38377 1.01087 1.35741 0.846668 1.04437 0.612788 0.0356563 -0.00775196 
1.76525 1.74691 1.24058 0.167545 1.98443 1.04576 1.73829 1.13503 1.18215 0.427484 0.0456035 0.0344025 
1.83686 1.38738 1.39424 0.121196 2.04866 1.64412 1.5007 1.47754 0.865925 0.0708319 0.274978 0.169369 
1.71753 1.50298 1.61996 0.53614 1.70181 1.3383 2.47096 1.75534 0.871592 0.311378 0.280866 0.189839 
1.70643 1.5309 1.18382 0.197958 1.629 1.70624 2.27338 1.5189 1.73509 0.585608 0.378875 0.186591 
1.70606 1.63698 1.40213 0.229205 1.30326 1.81589 2.35169 1.33593 1.04383 0.393477 0.235243 0.156995 
1.68972 1.66192 1.84078 -0.240686 1.9629 1.28697 2.12058 1.3159 1.28988 0.868699 -0.0338083 0.0891735 
1.64291 1.61543 1.4429 -0.147379 1.76737 1.04183 2.21083 1.34003 0.667385 0.434614 0.460933 0.274001 
1.58972 1.51941 1.56 0.0577784 1.58845 1.18929 2.13834 0.756293 0.17314 0.494766 0.499456 0.285793 
1.5519 1.30183 1.26957 0.2638 1.53409 0.579487 1.26897 1.04262 1.38765 0.370227 -0.0254857 0.0161295 
1.56606 1.05471 1.03022 0.334847 1.27105 -0.0333457 0.261459 0.160512 0.610117 0.251522 -0.32116 -0.167313 
1.3472 1.24677 1.07627 0.710485 1.3025 -0.001589 1.00043 0.211757 1.39154 0.958205 -0.243162 -0.0479263 
1.29492 1.2747 1.74922 0.0836968 0.995114 0.989491 1.47229 0.330513 1.64262 1.2526 0.194521 0.179401 
1.24022 1.14361 1.58505 0.202185 0.792244 0.827736 0.697699 0.22515 1.30412 0.171064 0.504492 0.182681 
1.23804 1.45061 1.23947 0.235208 1.03751 0.573442 0.8936 0.170456 0.365463 -0.120515 0.697027 0.176418 
1.36621 1.71045 1.30141 0.428418 1.2127 0.868153 1.30853 1.59611 0.803873 0.390496 0.477075 0.0975282 
1.20596 1.67386 1.76311 0.483534 1.6034 1.14376 1.80065 1.13737 0.651728 0.27515 -0.137795 0.054871 
1.23745 1.69095 1.64554 0.59807 0.935322 1.57414 1.93469 1.32185 1.16275 0.108024 0.266079 0.0796441 
1.22867 1.59222 1.54142 0.847572 2.39496 0.823516 1.0496 2.01985 0.960745 0.677408 0.41066 0.121906 
1.16519 1.60254 1.78875 1.13239 1.90291 0.783434 1.9044 1.63441 1.5246 0.434552 0.316848 0.189295 
1.1862 1.80624 1.87844 1.32259 2.21199 1.3114 0.994707 0.597901 1.16619 0.151656 0.517771 0.155464 
1.16615 2.02892 1.56475 1.44126 2.67602 1.14968 2.15502 1.88202 1.15094 -0.303251 0.122172 0.0902402 
1.23573 1.37767 1.22713 0.960144 2.6938 0.852391 2.25685 1.8055 0.920903 0.203025 0.282959 0.203471 
1.2213 1.52492 1.68119 0.847214 1.14603 0.774738 2.47464 1.12657 1.1839 0.166455 0.258775 0.0860208 
1.23405 1.54594 2.01405 1.39579 1.28279 0.740138 1.84833 0.939629 1.87653 -0.00547232 0.136649 0.134001 
1.15308 1.50113 2.34453 1.46133 2.54036 0.760808 1.74143 1.63174 1.01299 0.300164 0.203266 0.220567 
1.10522 1.33151 2.18036 0.58421 2.72259 -0.12673 2.17994 1.1192 0.802375 0.675062 0.270847 0.30143 
1.11195 1.29561 1.85331 0.475509 1.39021 0.128676 1.5685 0.470994 0.641042 0.308183 0.378775 0.0866315 
1.19206 1.61564 1.56766 1.39597 1.08714 1.38117 0.718972 -0.0495465 0.584929 -0.510004 0.634198 0.0334489 
1.27225 1.60406 1.83924 1.11683 1.63972 1.13074 1.406 0.0553927 1.44583 -0.182987 0.343734 0.13628 
1.24135 1.47591 2.56739 1.35649 2.23246 1.18122 1.64682 -0.0181669 1.46057 -0.00358645 0.234233 0.25429 
1.12452 1.47267 2.2777 0.730307 2.3473 0.556019 1.34938 0.4495 1.25743 -0.029436 0.179752 0.220069 
1.12817 1.19928 2.28131 0.465492 1.30003 0.121384 1.45717 1.14475 1.28889 -0.31678 -0.187618 0.162736 
1.15175 1.42443 1.73278 0.952781 1.92326 0.875009 2.02182 1.60636 0.859179 -0.0447014 0.0688828 0.122252 
1.13471 1.32262 2.14932 1.35645 1.80666 1.2332 2.45198 1.74693 1.06287 0.148807 0.0227296 0.192471 
1.06647 1.94928 2.35567 1.01199 1.34292 1.06758 1.84743 1.03347 0.405188 0.414131 0.44434 0.0693199 
1.02244 1.79822 1.78707 1.24354 1.6305 0.458112 0.825816 0.769637 0.349468 0.511688 -0.0804397 0.112257 
1.09929 1.4487 1.66737 1.33855 2.10291 0.922673 1.12331 1.20182 0.501603 -0.146673 0.192641 0.102836 
1.00942 0.988611 1.74547 1.37325 2.36026 0.811685 0.40792 0.965196 0.266155 -0.050949 0.499177 0.0668361 
1.00659 1.28252 1.71629 1.11845 1.89146 0.328144 1.19491 0.943101 0.707649 0.663417 0.529985 0.133803 
0.97911 1.6257 1.98034 0.550246 1.49604 1.21288 2.14262 0.680679 1.15979 1.06338 0.190279 0.223836 
0.98748 1.53694 2.26759 1.16726 1.27051 0.84548 2.67335 0.0753185 1.14013 0.949761 0.38813 0.19098 
0.847717 1.2946 1.27976 1.40443 0.891353 0.854653 2.08003 0.341518 0.418893 0.0376062 0.252246 0.035101 
0.749247 1.50705 1.79747 0.719574 1.42282 1.0044 2.30865 0.934285 0.883713 0.514651 0.288199 0.0495408 
0.973354 1.20964 2.09756 0.214826 1.1417 1.52122 1.54509 0.734516 0.54946 0.385643 0.341991 0.0112421 
0.916017 1.01658 2.2685 0.535866 1.0369 1.03152 0.681556 1.01006 0.819795 0.67294 0.43933 0.0260634 
0.946245 0.881395 2.11589 0.820958 1.69406 1.02914 0.582268 0.602863 0.838805 0.373753 0.178472 0.0805668 
0.876916 1.39078 1.60225 0.950213 1.57354 1.10125 0.142187 -0.0786502 0.629227 -0.0268345 0.161093 0.0965323 
0.81078 1.63093 1.73292 0.743202 1.08047 1.44789 1.52095 0.0026951 0.347661 0.156259 0.279077 0.0535773 
0.638721 1.06331 1.15694 1.31763 1.08774 0.832521 1.33965 -0.00491556 0.794017 -0.333899 0.526783 -0.0568724 
0.620468 0.948965 1.38722 1.16334 0.524098 0.245908 0.0194501 0.454851 0.181431 -0.056484 0.165288 -0.217188 
0.718594 1.09659 1.78169 1.49475 0.839138 0.693387 1.05629 1.12812 0.586503 0.247556 0.662617 -0.0353779 
0.856014 1.36925 1.58391 0.90336 1.05723 1.21024 1.68499 0.653442 0.38129 0.0742847 0.525847 0.0194298 
0.836369 1.58175 1.61605 0.648197 1.06825 0.639282 1.30527 0.356897 0.843322 0.365912 0.41049 0.103289 
