0.688711 0.9778 1.24184 0.0016842 0.26831 -0.263766 0.174466 0.607696 0.417002 0.287652 0.777413 0.0328604 
0.615707 1.00658 0.80803 0.568308 0.322395 -0.451269 -0.232157 0.494608 0.504879 0.314311 0.935315 -0.030629 
0.573213 1.02378 -0.0648058 -0.125447 0.515305 -0.790246 0.0326817 0.783432 0.285325 0.383417 0.809742 0.0777603 
0.485914 0.858773 0.685054 0.238285 0.633086 -0.232046 0.441008 0.581139 0.866001 0.217627 0.361265 0.158544 
0.665268 0.75967 1.39124 -0.0695663 0.194327 -0.821778 0.414825 0.461086 0.335585 0.563039 0.361867 0.0597827 
0.685809 0.998016 1.60847 -0.128996 -0.494649 -0.387711 1.14266 -0.00569397 1.00763 0.0593656 0.177241 0.0657031 
0.645075 1.11311 1.16604 -0.323581 -0.0570588 0.140534 1.17447 0.631303 0.712726 0.246983 0.467 0.0531517 
0.760317 0.832043 0.8456 -0.851635 0.522777 0.670374 0.855483 0.68427 0.510967 0.252312 0.414236 -0.0105784 
0.73268 0.692906 0.925524 -0.565667 -0.094446 -0.0292934 -0.0446012 -0.872991 -0.358529 0.946839 0.0689791 -0.0664993 
1.23246 1.06089 -0.0789726 -0.906876 -1.27922 -0.0750254 0.997905 -0.124953 -0.044351 0.19003 0.0983197 -0.254877 
1.18544 1.39919 -0.678356 -0.466581 -0.511358 -0.391851 2.26119 -0.866907 0.367658 -0.257076 0.312506 -0.340712 
0.846032 1.51861 -0.131994 -0.685961 0.324391 -1.00089 2.21568 -1.12259 0.730384 0.788037 0.387385 -0.27783 
0.859122 1.38923 0.762435 -1.49198 0.112664 -1.25048 2.28022 -0.39025 1.27446 1.34834 0.368669 0.0400394 
1.18389 0.957013 0.284032 -0.521064 -0.737265 -1.36338 1.53251 0.808255 1.54993 0.50103 0.910594 0.144323 
1.56 1.4814 0.97256 0.642601 0.640383 -0.352652 1.53516 1.14263 1.45901 0.279355 0.501102 0.0746857 
1.99475 1.91452 0.569017 0.641001 1.79459 0.128959 -0.048495 -0.0380904 1.56867 1.36254 0.295416 -0.172338 
2.20257 2.17786 0.411793 0.000350989 2.90118 -0.444522 -0.619491 -0.229665 1.60728 1.23378 0.30147 -0.195599 
2.19679 2.7831 1.10569 0.183976 2.65597 -0.506021 -1.48977 -0.0202878 1.19002 0.913521 0.368622 -0.244688 
2.04222 3.02409 1.53435 0.635829 2.48933 -1.10521 -0.984467 -0.0875238 0.684618 0.770393 0.109032 -0.0579735 
1.93891 2.99407 1.61316 1.03738 2.36236 -0.989339 0.359973 0.40281 0.564411 0.365985 -0.188264 -0.0400196 
1.82288 2.85964 1.8588 1.66537 2.5678 -0.764186 -0.294762 -0.271286 0.738706 0.221102 -0.132088 -0.0635244 
1.83804 2.50185 1.90755 1.71384 2.54614 -0.974048 -0.285984 0.313187 0.715058 -0.345053 -0.197018 -0.0750263 
1.87183 2.51163 2.36844 0.876403 3.23344 -0.875777 -0.341702 0.38071 0.744237 0.117131 -0.297111 -0.131304 
1.67797 2.32142 2.441 1.05975 3.36427 -0.238926 -0.0545859 0.439945 0.583116 -0.176481 -0.277152 -0.175399 
1.76084 2.30982 2.25662 1.34339 2.54423 0.414069 0.283929 0.471644 0.439997 0.211026 -0.261 -0.170999 
1.8769 2.62932 2.66299 0.789185 3.45432 0.00104205 -0.138632 0.980052 0.635883 -0.385645 -0.0948734 -0.229534 
1.7525 2.78173 3.02223 1.16755 4.14911 -0.073819 -0.182484 -0.109376 0.544502 -0.405377 -0.193932 -0.167243 
1.62559 2.74472 3.10136 0.736772 4.73268 0.293319 -0.782416 0.0565429 0.538876 -0.247557 0.0332647 -0.280818 
1.87976 2.85164 2.72723 0.930732 3.92245 0.297868 -1.03235 -0.204064 0.812049 -0.195628 0.0572933 -0.255743 
1.89519 2.87604 2.74267 1.32374 3.74699 -0.000364498 -0.828254 -0.103575 0.094805 -0.190667 -0.175921 -0.255199 
1.91172 2.9898 2.95223 1.42799 3.77903 0.849079 -1.29321 -0.44794 0.126541 -0.77972 -0.00712186 -0.370944 
1.85867 2.91678 3.14234 1.38851 3.77822 0.226847 -0.940198 -0.232475 0.146794 -1.41387 -0.0566893 -0.352857 
1.93095 2.97147 2.95659 1.34272 3.59519 0.0779847 -0.777592 0.00077471 -0.00406591 -1.54598 -0.124687 -0.380488 
2.00783 2.79238 2.9113 1.32634 2.82363 0.385263 0.00159653 0.015999 -0.349353 -1.09478 -0.243806 -0.226322 
1.88909 2.82466 2.9163 1.79476 2.34582 0.393706 -0.0833655 0.260485 -0.38694 -0.680544 -0.163559 -0.202163 
2.02976 2.58217 2.99822 2.0838 2.95146 0.133412 -0.235074 0.199003 -0.360482 -0.415308 -0.298205 -0.187206 
2.03416 2.39444 3.08845 1.82242 3.36295 0.700323 -0.0281581 0.68903 -0.190216 -0.884185 -0.179804 -0.180176 
1.9661 2.61385 2.78466 1.11765 2.88874 0.664722 0.866474 0.799756 0.246458 -0.533945 -0.130577 -0.110612 
1.85439 2.58216 2.95692 2.14933 3.35806 0.706996 0.0113308 0.182792 0.672645 -0.319411 -0.126998 -0.127842 
1.80654 2.59488 2.89376 2.21554 4.04361 1.22882 -0.0230079 -0.230511 0.583211 -0.432995 -0.0114261 -0.194324 
1.85048 2.48647 2.92167 2.1695 2.83844 1.52195 0.260168 0.471473 0.0121526 -0.739644 0.0369231 -0.132219 
1.76859 2.6242 3.55958 2.01428 2.98876 1.69853 0.20358 0.235673 0.356254 -0.95526 0.0885897 -0.133977 
1.80735 2.83468 3.09216 2.01601 2.7946 1.69325 1.06569 0.898271 0.206473 -1.12576 0.223326 -0.142138 
1.92618 3.04653 3.15351 2.28651 3.45077 1.38532 0.159027 1.12237 0.299254 -0.856041 0.10177 -0.229157 
1.96508 2.79667 2.96958 2.26894 3.2555 1.42715 0.571421 0.615708 0.370497 -0.407791 0.00989949 -0.11428 
1.95648 2.50141 2.8863 2.93642 3.42671 1.81007 0.322968 -0.063952 0.76432 0.0640107 -0.0380571 -0.132004 
1.89044 2.85949 2.90977 2.89343 2.62 1.28354 0.470383 -0.313218 0.495111 -0.514174 -0.0412086 -0.132853 
2.0843 3.00931 3.74873 1.39131 3.22316 0.805265 0.998939 -0.460255 0.439513 -0.693161 -0.317569 0.0125718 
1.84039 2.90053 3.67193 2.30352 2.24931 1.37316 1.20183 0.0489341 -0.414636 -0.693112 -0.143826 -0.223537 
1.78418 2.95587 3.64086 2.32746 2.39558 1.30207 1.19648 0.339622 -0.561296 -0.732501 -0.0829869 -0.260631 
1.77569 2.84543 3.6419 3.0721 3.85062 1.18525 0.582696 0.361397 -0.0374043 -0.31575 -0.191761 -0.237397 
1.77076 2.72603 3.4751 2.68517 3.2332 1.0765 0.934215 0.716281 -0.020255 0.0216574 -0.0811367 -0.105818 
1.77575 2.70944 3.32286 2.54252 2.74483 1.33737 1.4489 0.807482 -0.0332837 -0.058204 0.0832208 -0.0462783 
1.71796 2.80547 3.45954 2.14964 3.37902 1.09941 1.18151 0.722734 0.258486 -0.249894 0.108814 -0.0387492 
1.75989 2.89351 3.22497 1.68768 2.9243 0.967521 0.944221 0.417841 0.341916 -0.408433 -0.0274314 -0.0982662 
1.61306 2.88044 3.2496 1.70123 3.36441 0.89124 0.333837 0.0246276 0.527274 -0.505493 -0.0177115 -0.132822 
1.5768 2.45516 3.30098 1.80203 2.86094 0.440993 -0.368592 -0.0141656 -0.0748405 -0.648925 -0.171778 -0.216747 
1.52963 2.18956 3.29954 2.2826 2.30481 1.16264 -0.33769 -0.435539 -0.250992 -0.99004 -0.020933 -0.256837 
1.56944 2.19073 3.48331 2.15913 2.55014 1.0424 0.606437 -0.0713635 -0.189756 -0.461942 -0.053662 -0.169336 
1.59539 2.17857 3.42854 1.4232 2.59975 1.06721 0.821543 0.726792 0.160276 -0.0112886 -0.101948 -0.106433 
1.56183 2.3158 2.91079 1.57449 2.80552 0.918113 1.20276 0.638099 1.29666 0.162277 -0.221382 0.0110764 
1.54542 2.32418 2.81374 1.96933 2.68785 1.07705 1.08034 0.883555 1.9496 -0.193524 0.176348 0.123883 
1.44172 2.23127 3.31927 2.2195 2.325 1.6695 0.756819 0.506239 0.894213 0.414513 0.103205 0.12089 
1.61983 2.14321 3.24716 2.14081 2.42654 1.51182 1.42764 -0.14007 0.0375678 0.753396 0.00672019 0.0249479 
1.55226 1.96224 2.89686 2.23063 1.91027 1.07148 1.23911 0.502936 0.999644 0.119723 0.0744409 0.0949735 
1.49049 2.36406 2.37403 1.70731 1.52744 1.00117 1.04464 0.804803 0.816279 -0.375156 0.248301 -0.00673706 
1.4286 2.38014 2.52247 1.83506 2.06222 1.36458 0.9876 0.25618 0.632062 -0.443006 0.466554 0.0254835 
1.48196 2.00342 2.81519 1.61897 1.9033 1.63341 1.39588 -0.0779093 0.669154 0.459196 0.191802 0.130618 
1.46171 1.75716 2.72273 1.80951 2.02258 1.43672 2.01996 1.12565 0.92421 0.501985 0.048736 0.103874 
1.56711 1.8869 2.88547 2.2633 1.74979 1.29211 2.02931 0.734425 0.946899 -0.315743 0.339523 0.154616 
1.51685 2.08938 2.80592 2.15406 1.81074 0.994114 2.42378 0.601562 0.898784 0.000873796 0.257702 0.109578 
1.4051 2.05212 2.48912 1.6603 2.51963 1.74781 2.37782 1.02535 1.46204 -0.100004 0.373525 0.212162 
1.34633 1.85513 2.7105 1.3837 2.58878 1.60408 1.82369 1.32653 1.28913 0.567494 0.219003 0.23233 
1.37426 2.1121 2.92226 1.25696 2.27878 0.805892 1.23523 1.26214 1.50064 0.461474 0.250559 0.232897 
1.40571 2.10245 3.00225 0.8573 2.00225 2.00173 1.27955 0.980838 1.63789 0.599416 0.211988 0.269679 
1.32621 1.77936 2.9452 1.46709 1.39656 1.77953 1.95853 1.72886 0.780911 0.110275 0.198319 0.0661354 
1.37908 1.69226 3.00382 1.45451 1.44174 0.958946 2.07705 1.13565 0.625584 -0.209954 0.223016 0.0657588 
1.17912 1.77491 3.23027 1.42525 1.4112 0.993272 1.15028 0.873771 0.655532 0.386752 0.25213 0.112335 
1.16132 1.71448 2.48554 1.40635 1.82004 1.59985 0.824168 0.690761 0.827977 0.280775 0.131896 0.106906 
1.20327 1.63401 2.27988 1.32571 2.03788 0.774733 0.85707 1.25855 1.63941 -0.0192072 0.124264 0.161036 
1.22788 1.84355 2.34552 1.16914 1.70071 0.96238 1.48875 1.65413 1.86843 -0.0498213 0.510703 0.198225 
1.17619 1.52867 2.44405 0.311234 1.41049 1.7031 1.41407 1.89324 1.17473 0.301629 0.249925 0.101488 
1.20847 1.47938 1.84389 0.851246 1.65223 1.21422 1.35931 1.81643 0.842092 0.563485 0.759462 0.164116 
1.17864 1.61932 2.04281 0.552768 2.21953 1.51149 2.29934 0.446479 1.52503 0.329791 0.395838 0.293058 
1.1761 1.64696 2.36475 0.723998 1.78825 0.375606 1.70638 0.142029 0.2311 -0.157643 0.307368 0.0827502 
1.20371 1.89735 2.16244 0.0489687 1.48092 0.84144 1.9401 0.265049 0.574559 0.269632 0.255156 0.109215 
1.19692 1.62464 1.96098 0.717287 1.62369 1.79872 1.45908 1.00796 1.2983 0.33479 0.368041 0.153423 
1.14721 1.81296 1.69415 1.16691 1.25878 1.51884 1.24262 0.868387 1.62433 0.249499 0.868118 0.172234 
1.11174 2.01023 1.97889 1.01746 1.24679 1.30471 1.47353 0.587708 0.977744 0.332288 0.455429 0.133482 
1.13143 1.75848 2.31671 0.99484 1.55692 0.694789 1.42938 1.2644 0.406037 -0.136485 0.639261 0.0840512 
1.07364 1.68312 1.72988 0.969812 1.1647 -0.503379 1.02654 0.931706 0.748677 0.782759 0.985816 0.216607 
1.01211 1.4065 0.948847 0.334124 1.75903 -0.156218 1.53639 0.993401 0.655288 0.85421 0.719078 0.0286224 
1.02413 1.06501 1.68549 0.175426 1.95883 -0.0491688 1.54851 1.39871 0.840106 0.0377152 0.315881 0.0222402 
1.05183 1.10325 1.58687 0.725057 1.38837 0.17239 1.27596 1.35385 0.920792 0.0788789 0.500741 0.042907 
1.14672 1.19891 1.94608 0.827103 1.01769 2.05627 1.40119 0.780439 1.17873 0.299276 0.726105 0.193057 
1.1288 1.58172 1.7894 1.36493 0.259101 0.976316 0.827084 0.0808506 1.64436 0.578489 0.804891 0.186195 
1.12788 1.43459 1.98099 0.642238 1.30499 0.836887 0.767681 0.906779 1.2739 0.362014 0.745994 0.175065 
1.079 1.57136 2.01538 0.533693 1.98834 0.452952 1.44147 0.760039 1.25995 0.617608 0.425123 0.216514 
1.08142 1.39127 1.66785 0.98925 1.67168 1.51537 1.92334 1.14554 1.09882 1.0782 0.559691 0.182387 
0.968101 1.58388 1.81129 0.803945 1.61328 1.37916 0.963246 0.854221 0.541373 0.732511 0.865354 0.0761526 
1.08143 1.5423 1.70152 0.9015 1.21033 0.338103 0.7249 0.854998 0.996506 0.000438087 1.1057 0.110123 
1.13529 1.02107 1.63283 0.545261 1.47581 -0.044495 -0.0390099 1.37532 1.59509 0.208792 0.667412 0.10644 
1.05838 1.32789 1.64507 0.256662 1.73718 0.313138 0.79219 1.08927 0.812245 0.105919 0.357935 -0.0552351 
1.12435 1.47847 1.76552 -0.212093 1.30065 0.210523 0.585629 0.218047 1.32226 0.878744 0.715288 0.173346 
1.11581 1.5417 1.53753 -0.0974731 0.189385 0.412298 0.254119 0.683146 1.30844 0.785452 0.346452 0.0904169 
1.12505 1.23436 1.32033 0.496586 -0.302128 0.557152 0.847832 -0.45923 0.649332 -0.048212 0.198542 -0.0173561 
1.0996 0.890411 1.54768 0.303214 0.487238 -0.352097 0.784084 -0.0255261 0.666542 -0.379868 0.374047 -0.0507419 
1.04717 1.24412 1.8665 0.811513 0.778382 -0.243203 0.768991 1.18839 0.652446 0.809114 -0.0819429 -0.00143511 
1.04108 1.41093 1.89935 0.717198 0.781898 -0.905905 0.397731 1.23729 -0.0260978 1.272 0.328049 0.12119 
1.16614 1.69583 1.59418 0.0215072 0.364757 -1.05512 0.897501 0.494646 -0.442317 1.02201 0.568232 0.213295 
1.09771 1.63595 1.19036 1.05673 0.49495 -0.71763 0.977127 1.09645 0.424278 0.681446 0.644261 0.166881 
