0.361219 0.530608 1.83674 1.57903 0.740887 1.62065 0.720654 0.724709 0.593135 -0.0156801 0.322194 0.143049 
0.379232 0.623322 1.86448 0.9814 0.892116 1.13499 0.980593 0.786008 0.628745 0.346559 0.42219 0.0567256 
0.254973 0.323187 2.23698 0.9649 0.207749 -0.176425 1.30782 1.44678 0.504639 0.610599 0.283687 0.0551355 
0.257631 0.770608 2.09448 0.995778 -0.638119 0.356128 1.21309 1.36674 1.21849 0.939022 0.406559 -0.0685481 
0.290133 0.687219 1.82322 1.45005 -0.731397 0.51851 0.679717 1.12341 1.16092 0.616666 0.552615 -0.0485114 
0.275537 0.331266 1.16457 1.34422 -0.462992 0.133353 0.365202 1.01462 1.07343 0.0576289 0.331318 0.244859 
0.299357 -0.334882 1.70803 0.590536 -0.00289963 -0.247149 0.326125 1.09904 0.3737 0.630295 0.115172 0.301488 
0.246638 0.14117 2.54363 0.833481 0.893345 1.64043 1.54729 1.23707 0.56813 0.771663 -0.342661 0.098724 
0.164136 -0.0275875 2.43063 0.0987898 -0.203347 0.954958 1.1874 0.735409 0.636519 0.526872 -0.457972 0.118594 
0.310262 -0.00323092 1.70781 0.354317 -0.311231 0.197495 0.917733 1.22594 0.624093 0.734504 0.127119 -0.0628161 
0.210283 -0.105127 2.12979 0.702658 -1.15181 -0.464065 1.75883 1.65504 1.10294 0.652581 0.224198 -0.0967385 
0.169999 0.0138125 2.25363 0.572062 -0.832549 -1.08836 1.69324 0.963299 1.03622 0.493048 -0.0648809 -0.0063316 
0.236363 0.140301 2.35589 0.769488 0.53434 -0.299157 1.31933 1.28133 1.2766 0.601503 0.192083 0.00554095 
0.288835 0.343653 2.7241 1.09504 0.198159 -0.362418 0.801201 2.15053 1.3512 -0.0626449 0.459956 0.316077 
0.415307 0.601296 2.11888 1.43365 0.0120465 0.216679 0.256727 1.76427 1.63592 -0.318309 0.496627 0.15157 
0.557656 0.916893 2.47927 1.77071 0.770682 -0.403533 1.19447 1.00763 0.915333 0.0981549 0.379188 0.14546 
0.719318 1.51234 2.59129 1.08186 0.257028 0.360191 1.2724 1.29089 1.01697 0.288945 0.371319 0.144233 
1.08204 1.5805 2.53731 1.14024 0.121921 0.566551 0.283439 -0.58018 0.239625 -0.336331 -0.133777 -0.0869672 
1.56554 2.26494 2.53359 1.24418 0.213279 -0.413833 -0.72927 -1.2449 -1.06151 -0.874768 -0.45045 -0.310436 
1.94026 2.24379 2.31801 1.35098 0.0394073 -0.888766 -0.594124 -1.41616 -1.32644 -0.837014 -0.545507 -0.324331 
2.27851 1.65194 1.3671 1.05511 0.642811 -1.24476 -0.552329 -1.49441 -0.949049 -0.844658 -0.411912 -0.143439 
2.25535 1.33479 1.22992 2.06275 0.746229 -1.52332 -0.649381 -2.37982 -0.708364 -1.20902 -0.609406 -0.278648 
2.23942 1.11922 0.641393 2.48045 0.44149 -1.79055 -0.350208 -2.63908 -0.555517 -1.29945 -0.431985 -0.386238 
2.33531 1.00744 0.510141 1.73746 0.157012 -1.77988 -0.705938 -2.36832 -0.699513 -1.19763 -0.496612 -0.242764 
2.24553 1.06253 0.312303 1.37368 -0.329935 -1.27189 -0.625193 -2.2262 -0.57901 -1.08442 -0.399121 -0.246007 
2.25294 1.13433 0.154335 1.76447 -0.615863 -1.42301 -1.08342 -2.88875 0.00461 -1.16466 -0.305802 -0.265137 
2.35659 0.823602 0.493866 1.48851 -0.195879 -1.85227 -1.08164 -3.14498 -0.115349 -0.955369 -0.465594 -0.113942 
2.27028 0.818966 0.65414 1.51547 -0.418361 -2.18045 -1.54799 -2.48226 -0.943345 -0.48426 -0.0571362 -0.103514 
2.3085 0.981012 0.834307 1.26543 -0.197637 -1.72362 -1.54876 -2.58321 -1.05256 -0.404052 -0.192673 -0.212151 
2.27974 0.847474 0.954482 1.19098 0.271813 -1.19102 -1.4705 -2.05375 -0.361308 -0.29881 -0.550384 -0.384568 
2.46244 0.698032 0.574953 0.955629 0.16325 -1.19154 -1.80012 -1.9662 0.187433 -0.0528699 -0.570824 -0.396593 
2.55532 0.481656 0.167086 0.99354 0.123793 -1.4744 -1.41988 -2.16042 0.207496 0.27212 -0.305575 -0.36493 
2.41825 0.680993 0.248803 0.687775 0.967599 -1.09277 -1.01179 -2.32566 0.230055 0.389469 -0.215615 -0.334812 
2.31441 0.824108 0.378239 0.726428 1.72726 -0.479263 -1.18505 -1.38741 -0.097489 0.532839 -0.178457 -0.448358 
2.35387 0.569517 -0.0177624 0.317052 1.94161 -0.217965 -1.12 -0.737216 -0.0176034 0.436554 -0.21561 -0.478561 
2.31282 0.609194 -0.110614 0.306859 1.36656 0.112024 -0.0288749 -0.68749 0.455941 0.413475 -0.43773 -0.589713 
2.35659 0.584299 -0.0467664 0.523454 1.77901 0.64078 0.111437 -0.950968 0.607198 0.285051 -0.593829 -0.623756 
2.34868 0.929314 -0.0253657 0.766452 1.23309 0.0361987 1.1605 -1.08205 1.17736 0.402716 -0.643019 -0.765969 
2.30206 1.08306 -0.0557902 0.320298 1.55983 0.820187 1.0162 -0.359288 0.577684 0.170185 -0.539629 -0.555142 
2.27915 1.10869 0.0878786 0.221354 2.54478 0.395447 1.6416 -1.00206 0.543965 0.354497 -0.611345 -0.432696 
2.26957 0.850391 -0.000616556 0.273293 3.11223 0.315281 1.97438 -1.22935 0.285186 0.223307 -0.648191 -0.209363 
2.21925 0.555992 0.258539 0.845069 3.03433 0.798228 2.09198 -1.5641 -0.0103654 0.0649211 -0.438955 -0.0956476 
2.14335 0.434897 0.160514 0.92713 2.77078 0.825905 1.51713 -1.33667 0.429991 0.433349 -0.37817 -0.312503 
1.96152 0.30827 0.0306324 1.509 3.31614 0.773719 1.10502 -1.37439 0.162396 0.437014 -0.0199032 -0.190319 
1.89975 -0.0507988 0.402247 1.01257 2.59945 1.5027 1.45392 -0.919326 0.20662 0.727781 -0.246063 -0.350814 
1.77568 -0.197467 0.449187 2.14355 3.3146 2.23284 0.948246 -1.68321 0.0388122 0.738009 0.00641442 -0.259947 
1.89411 -0.153986 0.978176 1.40225 3.84858 1.08245 0.795962 -1.35101 -0.289767 0.86473 -0.115186 -0.168549 
1.70599 0.217913 0.0216671 2.16523 4.93692 0.750729 0.254819 -1.21147 0.0357029 0.544212 -0.120063 -0.140612 
1.6832 0.101159 0.366567 1.62114 4.16819 1.51094 1.22284 -1.43708 0.128669 0.771548 -0.146215 -0.140994 
1.53429 0.0683749 0.886088 1.51611 4.14239 1.51287 1.04384 -1.26545 -0.664803 1.2814 -0.165504 -0.244821 
1.58896 -0.124242 1.05656 1.76777 4.57417 1.13885 0.622134 -1.48582 -0.44717 1.10749 -0.16243 -0.207697 
1.60274 0.176595 1.23548 1.54603 3.6969 1.13075 0.957855 -1.45409 -0.409596 0.966064 -0.197214 -0.195795 
1.53661 0.14746 0.390589 1.6698 5.03027 1.32178 0.365366 -0.767961 -0.15927 0.906551 -0.0552053 -0.108824 
1.64969 -0.0527121 0.389893 1.23908 4.58518 0.733206 0.531582 -0.00243295 0.581591 1.03648 -0.145222 -0.11969 
1.60941 -0.471493 0.568899 1.825 4.12327 1.43143 1.60194 -1.03219 0.235699 1.12106 0.119354 -0.0253632 
1.6192 -0.619496 0.677004 1.27411 3.74202 1.74296 1.87852 -0.588427 0.0974257 1.27151 -0.10461 -0.173077 
1.55577 -0.364163 0.545349 1.4339 4.35306 2.21731 1.70123 -0.479804 -0.246772 1.22117 -0.108204 -0.143421 
1.47194 0.0924943 0.594 1.4002 4.60963 2.02745 1.56482 -0.810505 0.306205 0.974144 -0.132602 0.0260801 
1.53879 -0.0206138 1.04253 1.21344 3.77655 2.98374 1.2545 -0.164461 0.0668294 1.1683 0.00468204 -0.164139 
1.61411 0.0527805 0.736858 2.04102 3.10534 2.3053 1.83417 -0.953871 0.57422 1.02836 -0.029588 -0.193349 
1.58218 0.333897 0.85433 1.23011 1.95324 1.4343 1.8486 0.887561 1.18623 0.988986 -0.392046 -0.324737 
1.50029 0.464415 0.959986 0.850656 1.96202 1.4966 1.77526 0.95147 1.28428 1.76058 -0.444429 -0.458091 
1.426 0.537969 1.04145 1.16281 2.30661 1.62731 1.77014 0.122901 1.36397 0.615012 0.0149114 0.00742399 
1.66861 0.478137 1.20644 0.744916 2.6731 1.85939 0.87533 0.462778 1.41892 0.270406 -0.111394 0.00460158 
1.48779 -0.202752 1.28973 1.3164 2.35154 2.11155 1.9085 0.392395 0.589875 0.351901 -0.0488357 0.035869 
1.30286 0.287487 1.85231 1.65266 2.92909 1.76363 1.59761 -0.325068 0.374012 0.829806 0.26366 0.0304396 
1.30364 0.621365 1.88381 1.04805 3.49824 2.02822 2.30968 0.0627226 0.00883474 0.752942 -0.247342 0.131935 
1.42081 0.85069 2.07154 1.0847 3.2131 1.76072 1.37245 0.0638143 1.31831 0.313821 -0.220478 0.148383 
1.1748 0.750324 1.91154 0.941454 2.88179 1.3259 1.51114 1.06181 0.973173 0.0616751 0.245243 0.181086 
1.12049 0.563776 2.40921 1.48759 3.47663 1.62192 0.74325 0.616166 0.186522 0.685952 0.0872338 -0.0615133 
1.14856 0.901094 2.93376 2.19027 2.80259 1.06381 1.00094 -0.432664 0.751463 0.889572 -0.138452 -0.0611502 
1.24665 0.834945 2.78823 2.04178 1.89839 1.24901 1.55535 0.303051 0.0666954 0.858192 -0.00571992 -0.0839899 
1.32885 0.70563 2.62097 1.77219 2.73698 1.22316 1.50014 0.459463 0.239176 0.853508 0.113114 0.0383812 
1.18815 0.892996 2.6698 2.71626 3.4139 1.65299 1.34966 -0.239816 0.808852 0.524984 0.12336 0.0386137 
1.04804 0.889303 2.55405 2.43053 3.82534 1.52888 1.362 0.908671 -0.041391 0.355605 0.360554 0.0799838 
1.1803 0.886258 2.73264 1.69309 2.93263 2.03689 1.71391 0.886971 0.000659668 0.389522 0.254427 0.104771 
1.10452 1.02849 2.58561 1.25953 2.31738 1.36364 2.07262 0.697495 -0.0443424 0.680668 0.431159 0.0938996 
1.01981 1.09226 2.95035 1.32446 2.34904 0.96365 0.886426 1.53703 0.585299 -0.214929 0.135319 0.0721299 
0.951198 0.987269 3.21448 1.50321 1.93528 1.64923 0.384 1.09398 0.210847 0.401464 0.445288 -0.0687085 
0.944274 1.1474 2.99571 1.57252 1.98464 1.33946 1.57572 1.72507 -0.354481 0.527271 0.302316 -0.0344905 
0.938807 1.14645 3.27034 1.83957 2.73253 1.9282 2.12902 1.04675 -0.328908 0.643681 0.491482 0.0289264 
0.948073 1.22958 3.07367 2.21753 2.32486 1.85853 2.25052 0.566622 0.647787 0.606661 0.226075 0.180114 
0.92398 1.09249 3.64767 2.81937 1.859 1.53103 2.8566 0.5362 0.601655 0.593179 0.179064 0.148802 
0.911694 1.32459 3.48289 2.93528 1.52206 2.11557 2.80333 0.632072 0.556712 0.346521 0.392904 0.0891784 
0.856577 1.36487 3.50771 2.33723 2.19001 2.26125 2.04346 0.6186 0.320032 0.542003 0.547 0.0356362 
0.79626 1.23024 3.56382 3.10151 1.9447 1.91072 2.33835 0.176648 0.801891 0.724399 0.541153 0.0340257 
0.753508 1.56895 3.23924 2.48795 1.14608 1.28676 2.38424 0.948874 1.2741 0.525302 0.495699 0.26024 
0.770862 0.980256 3.39646 1.74956 1.15074 1.09351 2.66979 1.53197 1.0876 0.562571 0.628533 0.275816 
0.704435 0.859295 3.62982 1.26981 0.709456 0.774853 2.88935 0.462739 1.66162 1.17401 0.694882 0.241991 
0.849309 0.830561 3.86887 1.5433 1.32509 1.7073 2.27681 0.709887 0.847925 0.548889 0.966316 0.160078 
0.718061 1.14409 3.24748 1.50126 1.82956 1.83667 2.30088 1.19482 0.798828 0.239428 0.782482 0.183049 
0.656951 1.15193 3.07826 1.99465 1.08076 1.20058 2.70786 0.897356 0.768758 0.167735 0.368805 0.135556 
0.600757 0.788116 2.95486 1.71099 1.89572 1.84157 2.45895 0.523329 0.14303 0.359454 0.0844442 0.103307 
0.641611 0.992777 3.13877 1.73672 1.43716 1.40464 2.48147 1.18259 0.127563 -0.072752 0.441124 0.0528722 
0.578904 0.984386 3.25861 2.3118 1.65726 0.10251 2.70432 1.2695 0.388244 0.229826 0.648775 0.181029 
0.610515 1.00583 3.35782 2.0446 1.78657 0.811979 2.00507 2.01181 0.260383 0.210451 0.714991 0.152791 
0.518709 0.747854 3.22954 1.89465 1.65701 0.676236 2.20516 1.25366 0.695744 0.243596 1.16371 -0.0306287 
0.573505 0.917614 3.76443 1.54408 1.49229 1.28921 2.38823 0.922561 1.08457 0.508259 0.700821 0.194961 
0.686581 0.941796 3.0544 1.64534 1.48392 0.297558 2.51453 1.54311 1.07592 0.73296 0.400433 0.280792 
0.620579 1.07503 2.81361 1.92039 0.763366 0.0920519 2.1965 1.50915 1.50307 0.24305 0.696377 0.213855 
0.587868 1.1663 3.20716 1.56395 0.437501 1.26399 2.4987 1.56895 1.29441 0.188863 0.86458 0.145852 
0.460867 1.04192 3.18712 2.36907 0.945213 1.4192 2.36546 1.71366 1.06448 0.690204 0.488797 0.332193 
0.471216 0.955532 3.25615 2.6381 0.933599 0.797323 2.07289 1.53831 1.2086 0.54606 0.525068 0.34047 
0.321925 1.05404 2.83978 2.17987 1.39003 0.600141 2.11531 0.810634 0.918245 0.718789 1.06034 -0.141985 
0.46498 0.946361 2.88653 2.02493 0.825523 1.26672 2.59068 1.21428 0.949839 0.543723 0.757749 0.123656 
0.469497 0.76364 2.99886 1.68866 0.751554 0.55757 2.37325 1.69447 1.2282 0.547857 0.698934 0.171919 
0.464354 0.776788 2.70669 2.13927 1.30093 -0.0147087 2.18251 1.94829 0.96101 0.320317 0.868797 0.139193 
0.372434 0.772594 2.76432 2.29605 1.38276 0.633189 2.07206 1.2399 1.57407 -0.0356362 0.52764 0.281521 
0.432271 0.737204 2.82341 2.14947 1.52681 1.41525 1.97421 1.08839 1.33873 0.317145 0.0767206 0.378186 
0.493601 0.927375 2.90433 2.21877 1.15902 1.35069 2.10346 0.709123 1.20971 0.670333 0.594849 0.119395 
0.570432 0.917921 3.13803 1.58923 1.80442 0.929427 1.33635 1.78125 1.47717 0.231844 0.330319 0.376839 
0.605819 0.828673 2.86564 2.03098 1.38697 1.207 1.27508 1.36736 1.84862 0.321568 0.488083 0.296933 
0.381695 0.775367 3.03339 2.18021 1.12939 0.783165 2.0635 2.09346 1.28963 0.977956 0.170938 0.406846 
0.473374 0.419456 3.24111 1.97587 0.542768 0.943976 2.47676 1.76873 0.836997 0.8458 0.292951 0.2491 
0.391053 0.457989 3.07785 1.30609 1.2065 0.949743 1.71919 1.17943 1.40097 0.899401 0.0871376 0.203486 
0.351279 0.735124 3.2163 1.0582 1.90146 1.66516 2.08516 1.23478 1.83068 0.253899 0.510902 0.359563 
0.366636 0.94389 3.23159 0.784443 1.3598 2.04371 2.04128 1.0239 1.48929 0.188013 0.915652 0.121234 
0.294238 0.620114 3.11382 1.39915 1.10155 1.44602 2.50784 0.833434 1.29865 0.96365 0.208132 0.155001 
0.369216 0.420465 2.3723 2.07306 0.781346 0.652852 2.6829 0.165403 0.913888 0.0929076 0.0450232 0.183559 
0.352739 0.469742 1.89696 1.1704 0.290242 1.14186 1.43857 1.19957 0.173905 0.511562 0.312612 -0.175933 
0.231193 0.878085 2.12668 0.526764 0.989157 1.53483 1.27346 1.60207 0.812618 0.574686 0.500434 -0.166734 
