0.647828 1.19499 1.15979 0.735438 1.4141 0.878028 0.0438472 0.932974 1.06438 0.722032 0.903457 -0.117098 
0.547225 1.20474 0.978759 0.550652 0.618466 0.829399 0.231521 0.0382241 0.503312 0.511485 0.665844 0.0395094 
0.610367 1.09576 0.85437 1.31324 0.804278 0.524858 0.359921 -0.163957 0.17095 -0.144923 0.049044 -0.0705215 
0.616331 1.41257 1.41592 0.443445 1.75166 0.755746 -0.26381 0.976422 1.0232 0.769934 -0.121022 0.130753 
0.748948 1.59172 1.78237 0.612615 0.870353 1.15729 0.964365 0.908999 0.912988 0.767435 0.14595 0.103154 
0.691791 1.49712 2.0175 1.42946 -0.0773595 0.648459 1.46724 0.508185 0.99981 0.30988 0.261422 -0.136157 
0.721026 1.33961 1.46019 1.12083 0.916985 0.0843986 1.40908 0.719166 0.448207 0.243601 0.167161 -0.240938 
0.798627 1.5107 1.16348 0.951902 1.70779 -0.502222 1.62722 1.28822 0.374048 0.283385 0.414675 -0.0907288 
0.784437 1.4974 1.13534 1.06086 1.45112 0.401505 1.71474 0.157804 1.18121 0.463587 0.019582 0.0105588 
0.609699 1.55613 1.4115 1.16595 1.03845 1.54906 1.08912 0.199159 0.927031 0.573218 0.0513441 -0.0190631 
0.670085 1.09208 1.87122 0.958844 1.81995 1.30811 0.60932 0.759105 1.21085 0.459119 0.264762 0.0272177 
0.694514 1.2902 1.67186 0.830834 1.33301 0.473007 0.334524 1.10468 0.898219 0.489227 0.507596 -0.0162994 
0.594142 1.18917 1.461 1.73498 0.526942 -0.117678 0.861099 0.85939 0.524635 0.855408 0.314249 0.0580012 
0.572696 1.38807 1.2103 1.48362 -0.016853 -0.513967 0.935383 -0.206892 0.960501 0.319252 0.463208 -0.165953 
1.08721 1.79304 0.785808 0.658974 0.857893 1.46812 0.682629 0.725549 1.43665 -0.292616 -0.372646 -0.241474 
1.47214 1.80873 0.254314 0.2829 1.71708 2.36497 0.606196 0.422415 1.84652 -0.256776 -0.718154 -0.587184 
1.67364 1.16077 0.109998 -0.089986 1.91541 2.16051 1.0799 0.0766992 0.667122 0.0760777 -0.662175 -0.505683 
1.87637 1.508 0.422959 0.348968 2.2338 1.94918 1.75499 0.476328 0.555111 0.382527 -0.672801 -0.465927 
1.90938 1.89262 0.311342 -0.117748 2.06992 1.84608 2.16211 0.642937 0.603146 0.474262 -0.720753 -0.469884 
2.00091 0.924763 -0.661503 0.723272 2.03665 1.15748 2.17817 0.20194 0.609968 0.528598 -0.433787 -0.569149 
2.21934 1.10656 -0.624078 0.287006 2.78274 1.03877 1.72447 0.478057 0.526936 0.476891 -0.675287 -0.622811 
2.19533 1.65657 0.211241 -0.109567 3.1719 1.63352 2.21798 0.565787 0.401238 0.437996 -0.662472 -0.452034 
1.8367 1.56654 0.479999 0.607693 1.97714 1.95874 2.81695 0.595827 0.13617 0.284963 -0.723027 -0.341388 
1.90936 0.916315 -0.160666 0.516086 2.19625 1.7497 1.38982 0.197106 1.85937 0.374598 -0.600227 -0.571343 
2.34778 0.874501 -0.623447 0.46027 2.94174 1.04919 0.943123 0.820688 1.26542 0.440196 -0.901762 -0.819291 
2.41302 0.773913 -1.49513 0.315322 3.97627 1.31973 0.651396 1.10684 0.0633275 0.512722 -0.781756 -0.582914 
2.38131 0.639496 -2.0071 -0.0787789 4.24034 1.1013 0.83202 0.979018 0.349519 0.638136 -0.855668 -0.558285 
2.22374 1.40266 -0.443301 -0.187521 3.84404 0.791507 1.15627 1.52209 0.274986 1.01676 -0.86558 -0.650754 
2.345 0.888763 -1.32501 -0.24524 4.40895 0.752518 0.617895 1.7593 -0.140865 1.09367 -0.876084 -0.619664 
2.35684 0.693429 -1.98483 -0.27073 3.7628 1.28522 0.483704 1.28739 0.21646 0.634585 -0.821725 -0.653949 
2.54063 0.649691 -2.34681 -0.289028 4.13099 1.05729 0.532571 1.40326 0.34082 0.735284 -1.02911 -0.697633 
2.62624 0.631463 -2.23721 0.703865 4.29719 1.1814 0.253383 1.19975 0.65475 0.68085 -0.983636 -0.676292 
2.46978 0.448951 -2.10195 0.277308 4.05777 1.24502 0.346861 1.18097 0.433521 0.667275 -0.823069 -0.666041 
2.60429 0.307923 -2.58229 0.371997 4.6394 1.49012 -0.00963916 1.22266 0.458848 0.683956 -0.973286 -0.65968 
2.50157 0.444784 -2.63991 0.75899 4.93959 1.37136 0.0131384 0.754886 0.293404 0.780671 -0.944629 -0.537941 
2.28553 0.122394 -2.60501 0.497164 4.35439 1.46101 0.524126 0.865969 0.657778 0.527451 -0.78134 -0.532452 
2.47216 0.298172 -2.318 0.538301 4.6423 1.33478 0.399041 1.03995 0.436667 0.639241 -0.773077 -0.46388 
2.30877 0.27476 -2.42658 0.44863 4.35868 1.34511 0.667662 0.899218 0.721831 0.576127 -0.703685 -0.427479 
2.4548 0.393261 -1.53429 0.763488 4.26665 1.30717 0.73721 0.901961 0.398836 0.385777 -0.621426 -0.381842 
2.3514 0.46797 -1.87674 0.382867 4.31664 1.70057 0.047875 1.4172 0.139858 0.511576 -0.776832 -0.500067 
2.32247 0.795363 -1.64305 1.06031 4.01366 2.2186 0.33783 1.06351 -0.135748 0.388189 -0.645558 -0.358658 
2.3151 0.810198 -1.44043 0.970801 4.42643 2.00182 0.465752 1.12557 0.00179873 0.40371 -0.681824 -0.342582 
2.28964 1.03772 -1.40886 1.23645 5.04508 2.50413 0.691694 0.190997 0.116899 0.578466 -0.356811 -0.26402 
2.35797 0.818138 -1.02831 0.722686 4.52315 1.82515 1.24011 0.622649 0.553233 0.646098 -0.385575 -0.291494 
2.23443 0.769338 -1.18767 1.00431 5.52769 1.40531 1.48626 -0.101543 0.367843 0.858923 -0.290897 -0.0210966 
2.16338 0.838157 -0.572994 0.904342 4.92514 1.66063 0.899427 0.432961 0.700413 0.659806 -0.300026 -0.177951 
2.09639 0.462946 -0.449637 0.789264 5.49494 1.73826 0.31873 0.196841 0.495185 0.82577 -0.177032 -0.190953 
2.11606 0.493699 -0.513968 0.0448586 4.41167 2.35426 0.161904 1.177 0.648395 0.603391 -0.151229 -0.424132 
1.99415 0.785372 -0.824387 0.472974 4.0887 1.90403 0.755332 1.31042 1.03449 0.371024 -0.453771 -0.327749 
2.14027 0.469876 -1.01281 0.726184 4.7163 1.96075 0.184491 0.934614 0.778361 0.873224 -0.165599 -0.292911 
2.22078 0.545769 -0.746169 0.444737 4.83425 2.41127 0.498011 1.21527 0.460553 0.825522 -0.248447 -0.399207 
2.08254 0.703447 -0.336553 1.10901 4.6873 2.56069 0.576756 0.648869 0.752465 0.479433 -0.252925 -0.245046 
2.1941 0.257627 -1.48094 1.40977 4.93958 2.16253 0.706903 0.328666 1.01028 0.913048 0.0584529 -0.0650866 
2.21609 0.118727 -2.11619 1.23371 5.56576 1.80924 0.451601 0.500331 1.05354 1.34965 -0.0762582 -0.152976 
2.08222 0.298228 -1.53277 0.899446 5.05938 1.2788 1.15618 0.616007 0.920785 1.09291 -0.222011 -0.0993848 
2.1271 -0.468292 -2.59884 1.24916 5.08455 1.62441 0.683442 0.678875 1.37933 0.865385 -0.314403 -0.263139 
1.96341 -0.311043 -1.55548 0.869854 4.41096 1.55217 1.31046 1.3451 1.86019 0.678858 -0.442613 -0.285916 
1.87039 0.271796 -0.0790982 1.08915 4.35685 2.02329 1.0341 0.902594 1.41755 0.717603 -0.25576 -0.145026 
1.86879 0.049097 -0.769081 1.72168 3.7314 1.68731 1.13685 0.68351 1.54689 0.428575 -0.151804 -0.061133 
1.77952 -0.0223659 -0.603095 0.734808 4.42186 1.46443 0.817471 1.02462 1.27082 0.739287 -0.0569905 -0.0839618 
1.67883 0.426309 -0.364195 0.242786 4.33067 1.38317 0.694368 1.00972 1.12313 0.658131 -0.0752867 -0.173177 
1.76045 0.424694 -0.288367 0.590106 3.79856 1.78066 0.579939 0.864039 1.54326 0.706716 -0.0146579 -0.204654 
1.50122 0.320611 -0.0562231 1.14669 3.49248 2.28463 0.106154 1.38334 1.28904 0.360276 -0.346434 -0.294779 
1.57298 0.306493 0.107203 0.356819 3.6178 2.02927 -0.00275556 1.1707 1.77115 0.485354 -0.133907 -0.372654 
1.69795 0.367385 0.309365 0.524027 3.77617 2.11849 0.0413624 0.420692 1.34359 0.482364 -0.194534 -0.318847 
1.62607 0.538136 0.299188 1.20149 3.64756 1.9874 -0.14231 1.19625 0.883369 0.361907 -0.0929416 -0.184756 
1.57134 0.709114 -0.232745 0.920033 3.99741 1.88179 0.569658 0.594001 1.16513 0.232682 -0.125658 -0.18953 
1.52355 0.367398 -0.713247 0.48404 3.99379 2.23717 0.95868 0.594673 0.787541 0.337506 -0.170001 -0.245664 
1.46808 0.444455 0.0303587 0.0495669 3.84382 2.35637 0.726893 1.48748 0.889408 0.900005 0.0206381 -0.305134 
1.53313 0.423536 0.373614 1.06075 3.80515 2.20535 1.10305 0.692362 1.65569 0.799731 -0.13897 -0.0878941 
1.4969 0.545818 0.733047 0.881413 4.04254 1.28519 1.2789 0.661399 1.51352 0.871858 -0.285943 -0.0261709 
1.36039 0.769142 0.826549 1.80907 4.09077 1.81171 1.35343 0.1982 1.54597 1.13827 -0.277136 -0.0320963 
1.3234 0.995332 0.594943 1.64298 3.42532 1.88179 0.940597 1.01078 1.4081 1.46512 0.197604 0.0114002 
1.44048 1.03234 0.406681 1.19721 2.56694 2.84313 1.58049 1.21985 1.36312 0.839147 0.123065 0.0735407 
1.43919 0.975048 1.09694 1.41522 3.28898 2.73183 1.36442 0.694278 1.54098 0.953019 0.0765255 0.0874879 
1.4295 1.34061 0.852906 1.17141 3.39668 2.35043 1.36495 0.322871 1.97971 0.25943 0.120675 0.053012 
1.35242 1.09584 0.855734 1.78629 3.11795 2.38099 1.40662 0.630132 1.87057 0.381104 -0.274081 0.0122335 
1.42846 1.2752 1.20136 1.70913 3.58629 1.27361 1.60291 0.938261 1.68812 0.738134 -0.406405 0.00622345 
1.45542 0.921109 1.32874 1.843 3.15672 1.39221 1.31165 0.65874 1.47782 0.964729 -0.258891 -0.0472067 
1.80038 0.250511 -0.00346219 1.33397 2.75677 1.79162 1.26768 0.0166821 0.861641 1.06334 0.453749 -0.0319076 
1.88076 -0.348744 0.144637 0.558724 1.7978 1.95184 0.783451 0.0593924 0.609196 0.998475 0.131917 -0.357194 
1.61452 0.0707018 0.839528 0.312223 0.963792 1.8375 1.3575 0.505981 1.72561 1.64637 -0.370488 -0.524756 
1.45504 0.492699 1.12924 0.0946546 0.915171 1.70932 1.60497 1.55208 2.25337 1.20401 -0.245148 -0.245268 
1.27642 0.535226 0.0374082 0.812896 1.87776 1.97574 1.80316 1.59031 2.07777 1.06058 0.335748 -0.150468 
1.15833 0.752054 0.95664 0.438657 2.03369 1.76683 1.71513 1.51266 1.1323 1.17961 0.569273 0.0380178 
1.30792 0.854349 1.21786 0.736803 2.26745 1.6093 1.29538 0.564615 1.74227 1.37887 -0.151242 -0.0297782 
1.2434 0.889735 1.03816 1.50718 1.76822 1.70497 1.40478 0.265872 2.08577 1.44315 -0.295311 -0.0791374 
1.24827 0.876404 0.893529 1.52877 1.83433 1.74361 1.59143 -0.0906076 2.19568 0.968423 0.0704171 0.00600929 
1.21819 0.735034 1.36293 1.23145 2.56284 0.545671 1.05828 1.26867 2.18661 0.822262 0.191679 0.144947 
1.22447 0.633834 1.33826 1.00211 3.00135 0.848887 0.82312 1.12077 1.63038 0.712428 0.297944 0.108632 
1.23731 0.546037 1.04106 1.42261 2.26128 -0.235232 0.613622 0.658861 1.72581 0.870838 -0.00934642 0.0119737 
1.15154 0.785844 0.872987 1.35395 2.19211 0.106544 0.743767 1.17766 1.93986 1.1502 -0.23112 -0.041634 
1.05048 0.8243 0.783092 0.645655 1.81078 0.420354 0.830171 0.695959 2.12937 0.509089 -0.0744893 -0.0698443 
1.06149 0.748582 1.31779 1.46627 1.30101 0.296357 0.972896 0.920879 2.15674 0.910706 0.182435 0.0195465 
1.08169 0.664886 1.86429 1.32887 2.24939 0.540769 -0.431818 1.67313 1.67569 1.27864 -0.208184 -0.0326969 
1.08959 0.90556 1.33672 0.958191 2.37771 0.35795 -1.03633 1.2462 1.8562 0.813718 -0.101497 -0.101466 
0.958279 0.884965 1.62916 0.959311 2.50999 -0.134758 -0.153714 0.377212 1.58502 0.513993 0.160982 -0.0575764 
1.08777 0.772995 1.51431 1.61572 2.80951 -0.266784 -0.0979437 0.30829 1.91284 0.582077 0.417089 0.0802028 
1.09664 0.769876 1.80171 1.16162 2.62225 0.340373 -0.282189 0.417632 2.08613 1.31294 0.396377 0.0634247 
1.10834 0.916981 1.38177 1.31993 1.77998 0.706759 0.0656499 0.0275553 2.16247 1.42163 -0.423731 -0.0451875 
1.10168 1.17714 1.57752 0.629906 1.5585 0.539909 1.2113 0.200949 1.16928 1.20493 -0.278931 0.0845225 
1.03483 0.949045 1.5447 0.932028 2.06078 0.236929 0.313256 0.951221 1.83538 1.85144 -0.183811 0.0302918 
1.05239 0.946552 1.47405 1.75534 2.4957 -0.598787 -0.569047 1.2337 1.24577 1.5636 0.151369 0.00623016 
1.00323 0.864461 1.0748 1.49702 1.24661 -1.06486 -1.04919 0.0231082 0.881577 1.54878 -0.400586 -0.0657676 
1.03211 0.879801 0.692393 1.3123 1.81721 0.153788 -0.0243858 0.0827723 1.90807 1.13461 -0.140739 -0.0930317 
1.12018 1.01933 0.934343 1.14262 1.79958 0.589796 0.0825358 0.220715 1.91114 0.437724 -0.183045 -0.00844038 
0.961425 0.839005 1.36887 1.42417 1.67016 0.0775633 -0.0891055 0.33915 2.00761 1.01445 -0.395354 0.0401954 
