0.605728 1.59068 1.32631 0.85464 0.200599 0.602308 1.37492 -0.267015 1.13864 0.331904 0.497414 -0.0903644 
0.552868 1.11521 1.50295 1.13128 0.338001 0.777199 1.47962 0.0151599 0.191861 -0.0100861 -0.0647195 -0.0740248 
0.588803 1.17746 1.21895 0.452182 1.06453 1.15887 1.40013 -0.254585 0.259376 0.7642 -0.327297 0.00681334 
0.582504 0.950974 1.91911 0.86736 1.57191 0.374421 0.804832 1.2255 1.00145 0.626973 0.0295024 0.0756718 
0.588332 1.17605 1.57886 1.67894 0.684973 0.275315 1.16919 0.755201 1.28962 -0.267799 0.24103 0.210879 
0.618609 1.14977 1.79598 1.37295 1.81405 0.71369 1.92343 0.971256 1.45495 0.0870411 0.0258424 0.256511 
0.623191 1.01628 1.18598 0.934616 1.95708 0.801326 1.94248 0.993265 0.958061 0.549487 0.301477 0.042286 
0.642392 0.851856 1.32243 1.71696 1.36902 0.727977 1.28024 1.5125 0.832349 0.341162 -0.28879 0.243747 
0.691297 1.24382 1.76814 2.25036 2.20819 1.07235 1.22814 1.17116 0.0768918 0.48269 -0.426288 0.223172 
0.906028 1.72086 2.2802 1.66271 2.36906 0.943468 1.12059 1.20024 0.492866 0.537058 0.218966 0.120157 
1.10128 2.20652 2.80255 2.49036 2.49624 2.12242 1.58373 1.58022 0.807254 0.118954 0.196762 0.103689 
1.59421 2.72749 3.26457 2.92204 2.52594 2.11067 1.3521 0.820013 0.768255 -0.148832 0.222669 -0.0165664 
1.74728 2.94663 3.35733 3.01026 2.36449 2.14108 1.49355 0.86591 0.383449 -0.00634007 0.0985506 -0.0585963 
1.91148 3.23212 3.40453 3.32546 2.59431 1.59099 1.55473 1.02361 0.562651 -0.109047 0.108334 -0.0525817 
2.14105 3.39089 3.7175 3.42851 3.1813 0.973236 1.49827 0.82549 0.909009 -0.12678 0.0426121 0.00419008 
1.97483 3.5394 3.79619 2.78082 3.34431 1.47372 1.85393 0.304273 0.582776 0.257265 -0.0410438 0.0246465 
1.9374 3.1224 3.84487 2.98883 2.3056 1.21967 2.52187 0.900486 0.32608 0.127397 0.172691 -0.0201947 
1.7558 2.66567 3.5543 2.97454 2.71697 1.78397 1.8928 0.845507 0.221549 0.343718 0.165138 0.00713969 
1.7355 2.54304 3.2586 3.17929 3.33329 1.66463 1.67839 0.68397 0.618066 0.318177 0.195682 0.0516629 
1.52043 2.36169 2.71127 2.51123 2.7967 1.7734 1.6457 1.33643 0.754436 0.279293 0.157896 0.0608393 
1.58971 2.43721 2.75389 2.44619 2.74311 1.87205 1.99158 1.27132 0.798141 0.180862 0.214191 0.073218 
1.58954 2.35678 3.10839 2.76299 2.6898 2.23089 1.70111 1.2744 1.1236 0.559006 0.299354 0.169382 
1.82081 2.69988 3.77799 2.84848 2.57415 2.14906 1.60567 1.33768 1.04515 0.00767892 0.467966 0.179338 
1.7123 2.47698 3.45148 3.6077 3.26572 1.7899 1.51827 1.30089 1.4248 0.0727185 0.480393 0.230144 
1.50891 2.07839 3.07308 2.70286 2.82175 2.13467 2.46238 1.68162 1.28347 0.292804 0.610732 0.307373 
1.20255 1.09107 1.97209 3.14805 3.71627 1.30187 1.21674 0.465111 2.33836 0.364412 0.533053 0.24928 
1.11048 0.313945 0.798743 2.69976 3.44293 0.339741 0.713392 0.752429 2.94478 0.536092 0.893412 0.107276 
0.841128 0.28783 1.20017 2.29824 4.65314 0.657097 0.74513 0.45401 2.4569 0.272289 0.234909 0.172452 
0.280986 0.123892 2.05594 1.99023 4.23179 0.172937 1.07768 0.157393 1.64742 0.165508 0.334408 -0.0286754 
0.015598 -0.016871 2.35941 3.55192 3.72303 0.518037 1.29115 -0.325506 1.87432 -0.0648909 0.929247 -0.198835 
-0.158035 0.0507886 1.27581 3.87283 3.37238 1.51485 1.99514 -0.163685 1.29643 0.502185 1.31132 -0.0863774 
-0.19665 -0.250503 1.0779 3.26263 4.21569 1.32433 1.90416 0.240915 1.55603 0.514217 1.17283 -0.107168 
-0.0590463 0.249763 1.94133 3.32059 4.74688 0.579094 1.30056 0.266782 2.21707 0.210647 0.700193 0.152523 
0.0789015 0.147453 1.54334 3.54994 4.10743 1.05465 1.79841 0.0379246 1.94018 -0.299083 1.03712 0.300401 
0.0760011 0.165934 1.92326 3.14797 3.88674 0.77643 1.84481 0.0469308 1.73699 -0.128367 1.07462 0.103782 
0.308241 0.0466519 1.21352 2.57088 4.6662 1.16091 0.87984 -0.606892 2.10235 0.0109542 0.380083 0.183756 
0.624877 0.264707 -0.0478727 2.8754 3.70854 1.18375 1.10362 -0.327074 1.88013 -0.226974 0.288003 -0.074273 
1.09711 0.233415 -0.55781 2.48232 3.12107 0.650774 1.82458 0.169887 1.93369 -0.28127 0.250801 -0.108139 
1.55406 -0.324899 -0.947973 1.4051 3.80762 1.53306 2.13527 -1.08866 1.7543 -0.0115328 0.328232 0.096037 
1.70062 -0.586898 -1.15628 0.939285 4.27497 1.75544 1.41816 -0.921398 1.68072 0.202182 0.0713787 0.0580726 
1.79947 -0.59007 -1.8588 1.2969 4.11047 1.95383 1.20741 -0.762312 2.24345 0.202178 0.0800233 -0.182838 
1.87205 -0.614306 -2.07537 0.975168 4.34476 2.02803 0.957446 -0.436541 2.37369 0.394839 0.0250306 -0.247235 
1.87954 -0.595758 -1.79672 0.365159 4.69892 2.04031 0.787247 -0.352815 2.30889 0.641216 0.00415217 -0.237746 
1.88863 -0.480972 -1.8446 0.68304 5.39825 1.51328 0.68922 -0.495761 1.97434 0.802055 -0.0691193 -0.16265 
1.83841 0.0419247 -0.840338 1.56603 5.31979 1.18928 0.519818 -0.360316 1.09048 0.777161 -0.0363046 -0.0390782 
2.0224 -0.458671 -1.66549 0.883037 4.97441 0.642884 1.20028 -0.206958 1.94383 0.96243 -0.33194 -0.180898 
2.01844 -0.379034 -1.34046 0.738153 4.22599 1.14415 1.33988 0.254302 2.20832 0.827114 -0.267826 -0.212901 
1.99976 -0.733821 -2.03784 0.845816 4.58431 1.93964 1.22969 -0.352823 2.54218 0.788395 -0.126488 -0.285969 
1.86445 -0.266892 -1.98164 0.81974 4.58681 1.76649 0.728956 -0.167523 2.69672 0.712682 0.0773189 -0.340731 
1.97338 -0.124572 -1.46216 0.970333 5.0251 1.84693 0.0822046 0.277081 1.47763 1.1317 0.194216 -0.186175 
2.04162 0.106168 -1.37176 1.47911 4.28588 2.24806 1.00913 -0.357763 1.47319 0.840512 0.329263 -0.0961733 
2.15945 0.0832528 -1.43376 1.24439 4.18976 1.93298 0.958377 0.30663 1.56858 0.953211 0.154221 -0.13246 
2.28883 -0.118866 -1.70797 1.45218 4.29941 1.49546 0.770532 1.00588 1.64982 0.954328 -0.0584849 -0.15162 
2.31458 0.0893161 -1.89924 1.14951 4.43558 1.3406 0.910181 1.13507 1.49541 0.841802 -0.192 -0.111676 
2.37415 0.0901497 -1.60437 0.836711 3.63467 1.67005 1.44674 0.937404 1.58704 0.677212 -0.074143 -0.126973 
2.35745 0.484225 -1.40055 1.00645 3.83272 0.910607 1.40063 0.902995 2.12042 0.920622 -0.342801 -0.333203 
2.07035 0.615285 -0.189805 1.28668 3.60613 0.837209 1.51861 0.705838 2.23362 1.00721 -0.434235 -0.344085 
1.88719 0.655949 0.0457753 0.475453 3.21766 1.27988 1.19572 1.3587 2.81244 0.854447 -0.368972 -0.32021 
1.98984 0.488493 -0.320772 0.922658 3.39407 1.83686 1.00135 0.948739 2.51963 0.714618 -0.24079 -0.241478 
1.7812 0.48697 -0.888131 0.82327 3.03174 1.33261 0.911553 0.838644 2.42562 0.655852 -0.114423 -0.341491 
1.70316 0.771095 -0.700897 0.295876 2.95827 1.20045 0.827601 0.881939 1.84421 1.04627 0.126438 -0.304355 
1.78973 0.90452 -0.203786 0.472715 2.43021 0.30488 1.03884 0.208531 2.76293 1.11168 0.0833979 -0.301169 
2.48404 1.43433 -1.1839 -0.335532 1.79554 -0.122056 0.135702 0.44285 2.61121 0.765701 -0.106762 -0.426243 
2.4509 1.12039 -0.609304 0.0313748 1.69653 0.131914 -0.187414 0.320785 2.84351 0.762824 -0.157649 -0.354099 
2.72348 1.08194 -0.98765 0.57868 2.14542 -0.0433868 -0.570214 0.0607101 1.46638 1.04129 0.203905 -0.109829 
2.7002 1.53137 -0.879617 0.103797 2.19484 -0.485173 0.0882839 -0.764194 1.42732 0.838354 0.23098 -0.0756922 
2.35568 1.53308 0.145532 0.502459 2.77895 -0.22241 -0.14621 -0.0205503 1.42401 0.759574 -0.124884 -0.232746 
2.29783 1.74422 0.675077 1.15178 2.80392 0.363424 -0.3323 -0.202819 1.60012 0.425367 -0.342244 -0.430407 
2.31977 1.45859 0.664444 1.00027 2.62441 -0.239775 -0.0561075 -1.07654 1.32435 0.398901 -0.200225 -0.174789 
2.21441 1.79276 0.665971 0.99922 2.089 -0.663496 -0.40019 -0.948495 1.14169 0.22011 -0.0258385 -0.122676 
2.20526 1.44165 0.70546 1.14117 2.24659 -0.225056 -0.143148 -0.0481332 1.49104 0.493252 -0.307163 -0.310012 
2.40527 1.54041 1.15005 1.21169 3.20709 0.0673898 -0.840581 -0.239652 1.37293 0.0564837 -0.57435 -0.318131 
2.29472 1.25812 0.990891 0.777276 3.12547 0.458686 0.370749 -0.0280389 0.54918 0.291466 -0.351981 -0.220515 
2.06268 1.45551 0.457906 0.65322 1.9906 0.603368 0.744075 0.643463 0.623237 0.386412 -0.0608771 -0.108905 
2.14921 1.33939 0.526084 1.27195 2.68729 0.875932 0.0119316 0.978614 1.48348 0.89218 0.062151 -0.132919 
2.02169 1.62337 1.06576 1.09756 2.71948 0.696857 -0.466675 1.25317 1.52323 0.95723 0.0062207 -0.215806 
1.90667 1.59668 1.44319 1.47711 2.70376 0.828918 0.00737756 0.281356 1.98054 0.602639 -0.498252 -0.36983 
2.08037 1.8355 1.87143 1.86122 2.66883 1.53008 0.290094 -0.791571 1.71652 0.203087 -0.336448 -0.268658 
2.09025 2.14077 1.87812 1.06599 2.80796 1.67601 0.072373 -0.1231 0.735375 0.381397 0.00784694 -0.181851 
2.1032 2.16026 1.4183 0.793229 2.408 1.4909 1.54446 0.305082 1.96907 -0.313686 -0.291902 -0.231544 
1.91929 2.07554 1.25384 1.2474 2.23297 1.9397 0.903373 0.403293 1.84925 -0.296964 -0.295728 -0.333238 
2.10508 1.90596 0.946412 1.21592 3.59441 1.57185 0.897644 0.628367 1.75647 0.422687 -0.374781 -0.410888 
2.04616 1.74898 1.29425 1.00158 3.53281 0.985634 1.10216 1.12548 0.811919 0.545234 -0.533616 -0.333962 
1.82643 1.78324 1.8347 1.88605 2.88284 0.655584 0.737355 0.533879 0.198441 0.123873 -0.290423 -0.177635 
1.87323 1.87093 1.92023 1.11597 2.65721 1.10589 0.347832 0.151741 1.01796 0.136739 -0.343557 -0.260085 
1.93368 1.89389 2.50143 1.6957 2.83524 0.402723 0.0163142 0.254871 1.43907 0.760791 -0.456645 -0.242599 
1.84558 1.81617 2.0153 1.78419 2.3929 0.378456 -0.126099 0.890695 1.13065 0.472116 -0.372767 -0.234481 
1.79504 1.94373 1.84818 1.40438 2.40136 0.875848 0.385416 1.04424 0.945822 0.668931 -0.152474 -0.148955 
1.66795 1.46447 2.23719 1.29583 2.51949 0.514441 -0.0788669 0.998658 1.32157 1.09513 0.0343875 -0.0318583 
1.49764 1.04854 1.69098 1.30546 1.70677 0.416443 0.985802 0.8018 0.31887 1.26846 0.146072 -0.0713209 
1.54719 1.70865 1.54052 1.08244 1.75819 0.848602 0.474294 0.365969 0.81522 1.03936 0.325989 0.0980468 
1.67763 1.52485 1.88173 0.736022 2.30291 0.614827 0.399815 0.983621 1.23848 0.294714 0.298103 0.117419 
1.68679 1.6329 2.21052 1.42795 2.19291 1.15028 1.27774 0.232686 1.25396 0.0850166 0.0691549 0.130648 
1.5167 1.49927 2.09587 1.56603 2.41715 1.53674 1.69693 0.76081 1.33219 -0.164469 -0.169647 0.0677513 
1.46199 1.51402 2.29598 0.566277 1.85926 0.704525 1.55282 1.44299 0.619571 0.160033 -0.0718289 0.00741165 
1.49886 1.9055 2.29667 1.18475 2.15498 0.546756 2.0506 1.18363 0.940301 0.797945 0.218499 0.212312 
1.44732 1.60383 2.41091 1.4825 1.12826 0.812192 1.87967 0.844536 0.862995 0.214871 0.647264 0.235315 
1.32531 1.10845 2.0832 1.32063 0.942094 0.535441 1.49013 1.00586 0.108358 -0.663211 0.185089 -0.00837239 
1.47325 1.71847 1.6252 2.30883 1.65846 0.39551 1.45785 0.722605 1.11198 0.0580837 0.040453 0.0265991 
1.44137 1.76467 1.82352 1.27811 2.73188 0.603222 0.25284 0.845284 0.950644 0.514804 0.0156531 -0.0193375 
1.57386 1.73832 1.8818 0.854465 2.00372 -0.0527926 1.41562 1.35108 -0.0610091 0.611497 0.464981 0.201764 
1.40268 1.60126 2.1044 1.72716 2.50508 0.213951 1.68378 1.0449 0.935714 0.138996 0.321618 0.220243 
1.25119 1.43913 2.42111 1.22664 1.3723 0.185892 0.940427 0.572372 1.43276 -0.0574843 0.240769 0.158048 
1.34417 1.4978 2.77184 1.15265 1.22917 0.152189 0.488999 0.877851 1.01597 0.237958 0.519706 0.220857 
1.39573 1.17654 2.26775 1.56078 1.65365 0.247329 0.978829 0.52788 0.916011 0.335651 0.496807 0.232466 
1.2862 1.65787 2.35369 1.35078 1.79378 0.109923 1.18169 1.03211 1.64291 0.868737 0.104434 0.236071 
1.22761 1.82513 2.48647 1.21848 1.11815 0.148136 1.62961 0.855529 1.95676 0.0819264 0.00685864 0.153299 
1.19897 1.39433 1.9842 1.18585 1.75607 0.688063 1.90599 1.15372 0.34588 -0.265503 0.53535 0.0708546 
1.39636 1.66018 2.4344 0.882279 2.11144 1.28248 1.55189 1.06361 0.363812 -0.0768945 0.516025 0.15035 
1.28868 1.75068 2.03833 1.08206 2.93222 1.64072 1.65864 0.65074 1.08697 0.027758 0.196596 0.168037 
1.09346 1.28961 2.05818 1.86246 2.06918 0.367701 0.935126 0.642582 0.481306 0.146406 0.0505788 0.0462443 
1.11777 1.49855 2.4029 1.34916 1.64883 1.11028 1.28451 1.09802 0.24435 0.597191 0.240635 0.0483789 
1.40862 1.48036 1.55503 0.793547 1.70402 0.9372 1.11962 0.873133 0.844264 0.973039 0.186774 0.0781788 
1.49815 0.597107 0.656356 -0.00896036 1.33451 1.07202 1.22088 0.882839 1.14066 0.258376 -0.104523 -0.0587593 
1.30939 0.910723 0.739237 0.460805 0.931141 -0.197639 2.03436 0.425264 0.385206 0.496034 0.17261 0.0548863 
1.291 1.49032 1.25421 1.26446 0.799329 0.15097 1.87905 0.976549 0.331592 0.586897 0.249001 0.0666775 
1.34733 1.58246 1.56076 0.999058 1.21407 0.81669 1.88751 0.812033 1.25589 0.20068 -0.0119201 0.0367564 
1.22933 2.02431 1.36304 1.07467 1.0914 -0.248155 1.67551 1.09762 1.80381 0.160844 0.164937 0.0538313 
1.2228 1.57882 1.32368 0.952359 1.67281 0.437413 1.58018 0.771303 1.44052 0.264683 0.359068 0.119753 
