0.746011 1.59632 2.0472 2.03343 1.11603 0.563914 0.700228 1.56722 1.29406 0.999972 0.42341 0.226025 
0.74717 1.55825 2.15959 1.32949 0.66082 0.488329 0.435898 1.24436 0.962844 1.16592 0.444456 0.156991 
0.829498 1.55379 1.71558 1.36908 0.57405 0.0396472 1.10508 1.18696 0.900186 1.05094 0.33872 0.0833342 
0.733631 1.19431 1.66795 1.66111 0.797207 0.781278 2.06029 0.197026 0.641399 0.585333 0.402952 0.0393982 
0.671022 1.4309 1.89147 1.39593 1.06516 1.0634 1.92031 0.601474 1.01753 0.861134 0.493562 0.0751223 
0.743578 1.73932 1.50018 0.699022 1.2599 0.0763796 0.776869 0.438394 0.807172 1.19867 0.622281 0.0876916 
0.764002 1.31103 1.55492 0.891384 1.25417 0.130358 0.0448433 0.845564 0.70341 0.896565 0.922539 -0.0275774 
0.71484 1.33552 2.2467 1.60048 1.44577 0.909009 0.500517 0.56583 0.269352 0.543669 0.924035 -0.125975 
0.684586 1.24717 2.07312 1.12176 0.775197 0.120995 0.727424 1.19042 0.442374 0.730202 0.576792 0.0228109 
0.702046 1.08609 2.23036 0.955003 1.36686 0.736642 1.84987 1.06665 1.34195 0.80268 0.831429 0.0432637 
0.766436 1.11784 2.05843 1.13205 2.09634 0.172318 1.54404 -0.180216 1.1059 1.33627 0.54068 0.1088 
0.61854 0.802672 1.75014 1.31812 1.44285 -0.0397034 0.208201 0.330343 0.970694 1.1229 0.51555 -0.175388 
0.621787 0.956796 1.39087 1.07397 1.67163 -0.240165 0.787436 1.10565 0.974996 0.730713 0.544995 -0.0797342 
0.576529 0.981538 1.46126 0.388183 0.658537 0.637051 1.36973 1.06483 0.961486 1.06601 0.466869 -0.209955 
0.511432 0.854414 1.73458 0.714415 0.594018 1.07945 1.50303 0.457646 1.38242 1.26366 0.27852 -0.241348 
0.519275 0.98608 1.61343 1.13637 0.845761 1.40496 1.72007 0.215005 1.75308 1.4984 0.86334 -0.28955 
0.67649 0.939787 1.48906 1.34437 0.652428 1.50473 1.44374 -0.326314 1.82711 1.7126 0.51957 -0.174718 
0.755759 0.980182 1.26306 0.201392 0.557672 1.51936 1.19039 0.523485 0.915262 1.06544 0.00533442 -0.0885635 
0.95244 1.36521 1.37609 0.615092 0.700542 -0.273708 1.18954 0.0974137 0.700794 -0.354037 0.0899336 -0.174101 
1.04233 1.78663 1.25222 0.795955 1.4515 -0.124567 1.35867 0.418366 0.578905 -0.158284 0.407032 -0.024293 
1.2541 1.53726 1.62347 1.64354 1.64651 0.484108 1.57032 0.567018 0.602226 0.218198 -0.221229 0.00235932 
2.28579 1.9104 1.63965 1.49789 1.8348 0.373093 -0.866685 -1.8688 -0.569147 -1.15769 -0.548432 -0.2604 
2.61235 2.07147 0.638417 1.05268 2.01265 0.152223 -1.56175 -1.89512 -0.815397 -0.867552 -0.514418 -0.334206 
2.6498 1.79668 0.915005 1.24325 1.69343 0.0610078 -1.58042 -2.4695 -0.629016 -0.896094 -0.614857 -0.356212 
2.66995 1.28158 0.0306248 1.61552 1.66669 -0.00517943 -1.83332 -2.33948 -0.553667 -0.930245 -0.621528 -0.265702 
2.89078 0.697535 -0.20854 1.42535 1.92545 -0.716422 -1.56338 -2.61285 -0.779968 -0.995435 -0.813713 -0.210362 
2.5923 1.19 -0.326419 1.14328 1.32181 -0.223609 -1.37743 -2.4796 -0.47793 -1.23212 -0.546188 -0.10896 
2.85881 0.730602 -0.257835 0.679119 1.63004 -0.475816 -2.34859 -2.42607 -0.906932 -0.836057 -0.497727 -0.0249668 
2.82936 0.310154 0.073497 1.01181 0.88079 -0.527918 -1.28058 -2.97133 -0.692365 -0.329912 -0.469054 -0.0997321 
2.9249 -0.124441 -0.340852 1.27881 0.463976 -0.127475 -1.35692 -3.04629 -0.657593 -0.0519746 -0.445487 -0.133515 
2.90641 0.372851 -0.246338 0.733476 0.966475 -0.87569 -1.08639 -2.61318 -0.40617 -0.0149793 -0.254416 -0.0778242 
2.97644 0.165697 -0.743231 0.825859 0.739266 -0.311521 -1.59108 -2.60943 -0.355067 0.0525477 -0.190471 -0.0639358 
2.95307 0.617591 -0.752435 0.713084 1.16303 -0.283405 -1.38446 -1.76833 0.161924 0.420887 0.0772214 -0.0852718 
3.13326 -0.0994091 -0.597961 1.07887 0.486515 -0.383696 -1.26973 -1.98353 0.0482743 0.758655 0.0762386 -0.173899 
3.05875 0.266127 -0.650121 0.673078 0.466345 -0.280717 -0.694312 -1.71256 0.347425 0.735547 0.00348763 -0.248685 
3.14779 0.356553 -1.70808 0.610772 0.750026 -0.0699518 -2.04169 -1.31218 0.400341 0.768642 0.0517375 -0.247773 
3.10857 1.09193 -1.32663 0.459995 1.43257 -1.03458 -2.2018 -0.806347 0.44916 0.511011 -0.283686 -0.401549 
3.30512 0.910964 -2.21904 0.199076 1.83123 -0.58204 -1.48148 -0.81005 0.917056 0.802693 -0.151742 -0.470703 
2.87861 1.21779 -1.51481 -0.186091 1.43077 -0.464753 -0.985352 -0.748165 0.503321 0.1581 -0.498222 -0.531203 
3.1081 0.728968 -2.30277 -0.107817 1.77113 0.117697 -0.82042 -0.0231338 0.962007 0.556799 -0.52762 -0.687862 
2.94884 0.840266 -1.79713 0.110223 1.78602 0.404154 -0.546913 0.208512 1.06515 0.523532 -0.530502 -0.655512 
2.84296 0.313118 -3.16338 -0.0158723 2.37265 0.372642 0.702076 -0.37702 1.545 0.372885 -0.402403 -0.710299 
2.78263 0.706561 -2.3884 0.00916618 2.15783 0.448745 0.46745 0.0660303 1.41115 0.372539 -0.661696 -0.820316 
2.74015 0.656845 -2.28722 -0.651362 2.62632 0.441386 0.585536 -0.0466974 0.397512 0.182857 -0.587038 -0.498668 
2.82168 0.700604 -2.03568 -0.863969 3.74454 -0.104136 1.89797 -0.400944 0.478197 0.403514 -0.750004 -0.162431 
2.50137 0.00588698 -2.83387 -0.212799 4.46997 0.979328 0.949641 -0.628447 0.704315 0.675914 -0.300461 -0.284889 
2.67875 -0.0437207 -2.58969 -0.131228 3.94839 0.444738 0.939572 -1.0861 0.382823 0.283948 -0.42621 -0.254902 
2.67502 0.261015 -2.28036 0.00331325 3.44595 1.3164 -0.0952954 -0.80384 -0.013171 0.26962 -0.260261 -0.364316 
2.51721 0.0636948 -2.41621 -0.0911824 3.73157 2.08847 0.395794 -0.192167 0.38629 0.480858 -0.169268 -0.393538 
2.67069 0.3283 -1.76085 0.0776064 3.62035 1.41255 -0.526125 -0.903127 0.173126 0.617954 0.00730192 -0.311348 
2.49596 -0.0335882 -1.61066 0.35974 3.90683 1.33051 0.126214 -1.17035 0.31914 0.616575 -0.0239444 -0.286422 
2.41176 -0.305388 -2.23501 0.418069 4.64192 1.09513 0.475319 -1.2335 0.623841 0.78082 -0.0877849 -0.247569 
2.53724 -0.249201 -2.52336 0.70818 4.83552 1.35559 0.388333 -1.247 0.429181 0.610715 -0.129991 -0.285014 
2.54273 0.368976 -2.30493 0.497769 3.38318 1.16151 0.681412 -0.978999 0.973749 0.363458 -0.0486439 -0.295164 
2.60639 0.224075 -2.06639 0.533573 3.67962 1.01363 0.875724 -0.67244 1.13892 0.734776 0.105216 -0.143023 
2.37439 0.291268 -1.57608 0.0650698 2.84793 1.29482 0.613832 -0.0776764 1.45964 0.477948 -0.0227305 -0.145454 
2.25484 0.731366 -1.55845 0.139246 2.70104 2.22528 0.956529 -0.00271431 1.20523 0.229426 -0.0268441 -0.286836 
2.35879 0.870452 -0.757846 0.103844 3.21722 1.67694 -0.0747971 -0.780119 0.729577 0.56722 0.232566 -0.153506 
2.37051 0.645802 -1.02796 0.12282 2.82996 1.29342 0.185741 -0.185584 1.2429 0.35102 -0.113335 -0.210141 
2.26924 0.640621 -1.43354 0.044521 3.14139 1.47271 0.361624 -0.310195 0.881688 0.532238 -0.0067598 -0.296979 
2.25808 0.648559 -0.733896 0.236522 3.32373 0.17009 -0.246614 -0.763798 1.20417 1.03022 0.162265 -0.144169 
2.11895 0.683752 -0.494229 0.0957004 2.64506 0.467575 -0.257987 -1.10444 1.49624 0.43179 -0.0881754 -0.278225 
1.98222 0.643171 -0.705911 0.0140764 2.38194 1.65946 0.872912 -0.21268 1.05646 -0.262099 -0.360223 -0.269598 
1.8021 0.705585 -1.00794 0.255658 2.45358 1.86177 0.888822 0.19653 1.49079 0.278936 -0.0957396 -0.389812 
1.99032 0.508148 -0.756897 0.374317 2.51618 1.64404 1.11493 -0.560807 0.609825 0.236591 -0.295562 -0.34282 
1.97252 0.365468 -0.259984 0.819495 2.86314 1.41989 0.728557 0.0998921 1.07653 0.577109 -0.17625 -0.226808 
1.77516 0.441943 0.413326 0.594528 2.40994 0.682901 1.07321 -0.246406 0.928902 0.818387 -0.276263 -0.228003 
1.73886 0.360296 0.302659 0.458894 2.88844 0.637621 0.621402 0.129983 0.85961 0.567424 -0.338262 -0.236882 
1.79379 0.518836 0.168426 0.303921 2.87955 0.702363 0.395004 -0.0223212 0.287438 0.0910375 -0.459011 -0.234098 
1.76351 0.635521 -0.195039 0.430116 2.73108 1.27691 0.569067 -0.329788 1.10557 0.0635072 -0.453906 -0.332535 
1.62129 0.46972 0.165843 0.76492 2.3648 0.845896 0.322776 -0.413403 1.09724 0.66126 -0.492566 -0.446069 
1.6522 0.339632 0.374879 0.428784 1.99884 2.03368 0.744342 0.536015 0.895576 0.968703 -0.530267 -0.502055 
1.64717 0.459616 0.285375 -0.308227 2.24481 2.46243 1.17489 0.49966 0.909708 0.534962 -0.269983 -0.296122 
1.54331 0.320828 0.460499 -0.1107 2.594 1.85102 1.08692 0.6178 0.888859 0.89752 -0.462892 -0.330962 
1.55281 0.12376 0.439196 0.586588 2.43981 1.74015 1.45467 0.785892 1.23114 1.19924 -0.277564 -0.368676 
1.54403 0.311136 0.592454 0.681051 2.02389 0.986203 1.63095 1.15057 1.27474 0.737032 -0.431012 -0.281483 
1.40944 0.651497 0.688542 0.502513 1.91783 0.690549 1.5168 0.820431 0.0180115 0.450728 -0.394087 -0.168237 
1.44207 1.25244 0.87523 0.272409 1.70246 1.41388 1.76421 0.405905 -0.746095 0.242484 -0.165316 0.0398122 
1.3693 0.893872 0.127241 0.98411 1.71827 1.05038 1.30135 -0.144809 0.89705 0.209539 -0.179525 -0.140737 
1.48823 0.561348 0.0949412 0.474264 1.79183 -0.133132 0.635547 0.448793 1.80923 0.597338 0.081484 -0.0570093 
1.4848 0.166152 0.929466 -0.444286 0.483863 1.32516 0.916543 0.270152 0.158963 0.165961 -0.120017 -0.128766 
1.41136 0.800219 0.862169 0.140764 0.524079 1.25523 1.58753 -0.0768133 0.107526 -0.0534101 0.618489 0.192746 
1.44699 0.82783 0.797014 0.148291 1.31388 0.609577 0.271817 0.671343 0.293564 0.153339 0.256156 0.0143301 
1.29754 0.756926 0.94172 0.480931 1.34977 0.468774 0.799646 0.773881 0.865019 0.398766 0.167974 -0.064355 
1.23371 0.89112 1.20628 0.793119 1.53885 0.297742 0.689055 -0.243896 1.00035 1.04861 -0.257127 -0.151295 
1.2002 0.925949 0.463229 -0.0771698 2.23391 0.12748 0.585943 0.155092 0.584579 0.267742 -0.499581 -0.204207 
1.21737 1.24107 0.299622 0.991467 2.10147 0.938866 0.74305 0.785206 0.858108 0.435136 0.172389 -0.0262149 
1.2313 0.991752 0.607907 1.24585 1.33265 1.10217 2.15281 0.761685 1.13587 0.185423 0.230122 0.0165258 
1.15761 0.772995 1.01075 0.686946 1.68451 0.81857 1.80774 0.20021 1.27619 0.491556 0.143349 0.050529 
1.09851 1.015 0.751144 0.963098 1.23722 1.00254 1.5083 -0.112833 0.360747 -0.356279 0.244775 -0.0591405 
1.10342 0.990966 0.726361 0.868619 1.2091 0.158825 1.09115 0.241721 0.733558 -0.168199 0.402349 -0.0129993 
1.11093 1.21413 0.870986 0.778227 2.08877 -0.3703 0.764882 -0.0724217 0.823626 -0.182485 -0.234162 0.0186971 
0.955193 0.939425 1.72067 0.881321 1.82928 1.0426 1.15599 0.333094 0.305195 0.533634 0.0805007 0.0294982 
0.803534 0.519274 1.37441 0.812096 1.63138 0.579786 0.934711 0.734939 0.448897 1.00963 0.391369 -0.216675 
0.911463 1.172 1.06808 0.0842678 1.32324 0.305782 1.04887 0.419957 0.972196 0.470413 0.129393 0.00147588 
0.897742 1.34219 1.73811 0.1611 1.74675 1.27625 1.46528 0.807081 0.822154 0.419688 -0.216079 0.0855878 
0.951188 1.20171 1.48508 0.356124 1.5103 0.77271 0.619886 0.581484 0.624582 -0.266323 0.500873 0.00366489 
0.892392 1.23729 1.4647 0.0603581 1.89717 0.69918 2.13877 0.758603 0.210432 -0.362745 0.577502 0.0883442 
0.974719 1.0344 1.64608 0.720584 1.66515 0.589035 1.49147 -0.0701579 0.904317 -0.24669 0.232764 0.193678 
0.866609 0.83001 1.5174 1.03234 1.94846 0.272565 1.40984 0.181148 0.288638 0.64032 0.398304 0.112777 
0.80215 0.77319 1.02056 0.395553 1.17102 0.299744 1.35514 0.281716 0.351198 0.397245 0.104095 -0.110622 
0.752427 0.874956 1.67578 0.183737 1.63271 -0.707648 0.842301 -0.28218 0.464831 -0.354618 0.138607 -0.0492053 
0.760523 0.714824 2.14454 1.21186 1.48667 -0.0508412 0.427899 0.178195 0.594145 -0.346811 0.299487 -0.0333265 
0.731074 1.01101 1.48437 0.888981 1.2041 0.266455 1.29367 0.0798802 1.09136 0.459043 0.46944 -0.00451583 
0.901109 1.32213 1.37068 0.603969 1.04835 0.25352 1.07439 0.0317765 0.416869 0.376803 0.191226 0.0996873 
0.842694 1.36242 1.24539 1.34316 0.885288 0.0322295 0.972622 0.763393 0.505925 0.0826905 0.167321 0.0307586 
0.730719 1.15365 1.82368 1.39902 1.46359 0.263681 1.14098 1.30968 0.68423 0.480706 0.718393 -0.0113419 
0.844511 0.814236 1.50937 1.47645 1.22127 0.484017 1.09457 1.45803 1.12519 0.510013 0.737419 0.0496625 
0.765296 1.16608 1.58946 2.02575 2.01657 0.504367 0.280901 1.08755 0.753945 0.035593 0.269493 0.0522843 
