0.808662 1.23534 1.67724 0.0241203 0.778188 0.6873 0.448774 0.381168 0.0272616 0.948439 0.198742 0.0479326 
0.872761 1.27664 1.30256 1.29157 0.24702 0.240487 1.17798 1.15277 0.994658 0.261322 0.622182 0.0143946 
0.948496 1.31905 0.836343 0.90232 -0.708989 -0.196608 1.56093 0.96497 0.422598 -0.139077 0.594527 0.0233074 
0.819907 1.0167 1.22512 0.0482966 -0.63356 -0.113331 1.13193 0.0860124 0.101736 -0.0380213 0.139678 0.0167472 
0.843325 1.24267 1.3789 0.613893 -0.764439 -0.111139 0.0387572 -0.330132 0.996077 0.0711359 0.0825917 0.0917422 
0.793135 1.29346 1.44316 0.462243 -0.319328 -0.65943 -0.373199 0.213829 0.347195 1.30945 -0.245877 0.21445 
0.916467 1.0687 1.45906 0.30802 0.438242 -1.1532 -0.089721 0.89402 0.919334 0.914464 0.48461 0.192249 
0.915782 1.07352 1.4392 0.75923 -0.489812 0.480112 0.444434 0.848136 0.634695 0.604472 0.561012 0.108892 
0.797792 0.827025 1.25867 0.363574 -0.523763 0.150774 -0.134022 0.529389 0.677655 0.304241 0.869788 0.0382346 
0.72395 1.08599 1.13913 0.508642 0.330261 -0.0116928 0.385541 0.295507 0.253836 0.855114 0.611911 0.131161 
0.841455 1.26742 1.30833 0.694145 1.37399 0.415517 0.339437 0.384596 1.03895 0.636494 0.564328 0.0812474 
0.882437 1.11552 1.36006 0.17184 1.12251 0.185681 -0.0621325 0.581463 1.10552 0.643002 0.47206 0.0536503 
0.665732 1.43561 1.2025 0.164779 0.633361 1.31969 0.83222 0.756867 0.216631 1.23764 0.628398 -0.0639163 
0.774233 1.29497 0.944549 0.374857 1.18699 0.367933 1.39028 0.0114398 -0.440259 0.71501 0.468472 -0.0175241 
0.879453 1.29459 0.490293 0.723656 1.43612 -0.0185048 1.85268 0.576988 0.937044 0.244002 0.0259882 0.040363 
0.825352 0.857739 0.812389 0.213849 0.62313 0.121685 1.07974 0.493499 0.888943 0.403681 0.0466197 0.0718104 
0.850842 1.25415 0.995538 0.272748 0.706926 -0.247756 0.379652 0.609688 1.39489 1.03876 0.25537 0.0904271 
0.816445 1.11363 1.17018 1.01326 0.677038 -0.35331 0.96567 1.41672 0.540457 1.01386 0.172882 0.0422253 
0.977573 1.0088 0.730402 0.574324 0.879719 0.0474792 0.533242 1.45833 0.68599 1.04988 -0.0723975 0.0615083 
1.03533 1.10193 0.929083 -0.0865146 -0.0239069 -0.643846 -0.0695625 0.54113 1.03452 0.629119 0.258713 0.0884815 
1.13854 1.20073 -0.0386397 -0.873838 0.626849 0.337123 -0.465307 -0.222917 -0.487668 0.671613 0.683466 0.104977 
1.63649 1.52537 -1.00695 -0.82438 2.31732 -0.02809 -0.667485 -0.9848 -0.0396465 0.110437 0.84913 0.105149 
1.60633 1.28426 -0.101966 0.809222 1.56077 -0.195888 0.560274 -0.214645 -0.0267751 0.189884 0.755829 0.270276 
1.38711 1.87119 1.40966 1.34733 1.23544 0.555253 1.33137 0.528049 0.078762 0.249959 0.553057 0.132559 
1.73169 2.91266 0.462676 1.50764 3.33454 0.998571 0.908269 -0.590737 1.0373 0.268451 0.412521 -0.0872513 
1.51502 3.43119 1.0803 1.15796 3.84164 0.677646 0.168626 -0.569169 1.25763 0.136987 0.447724 -0.338639 
1.60495 3.11437 2.13651 1.00019 4.28716 0.342352 -0.557077 -0.251812 1.26086 -0.451267 0.403018 -0.410951 
1.55141 3.28263 2.06852 2.11262 3.35132 -0.157982 -0.124316 -0.366036 1.29372 -0.460292 0.164081 -0.249118 
1.65583 3.48604 1.29268 3.68442 3.26595 0.00614243 0.185379 -1.40628 1.2026 0.0865054 -0.061122 -0.247601 
1.66727 3.52694 1.7848 3.06441 3.10838 0.240194 0.538866 -1.01493 0.736483 0.14945 -0.0926865 -0.0829834 
1.53102 3.29513 2.19147 2.28365 3.84871 0.525072 0.158353 -1.02848 0.997614 0.141763 -0.0328263 -0.147827 
1.63372 3.23523 2.05023 1.72482 4.30166 0.522197 0.307558 -1.01049 1.15807 -0.0308228 0.114964 -0.215952 
1.84507 3.01627 2.11429 2.06783 4.30343 0.350355 0.715382 -0.552751 1.16126 -0.395843 -0.0144435 -0.178237 
1.8656 3.00298 2.56408 2.80446 3.81819 -0.126586 0.461783 -1.06904 1.09584 -0.191256 -0.246923 -0.127088 
1.76876 3.09691 2.69361 2.70935 3.54848 0.151497 1.30609 -1.21989 0.93583 -0.541075 -0.0789334 -0.0786829 
1.75777 3.47841 2.1855 2.52603 2.95434 0.388965 1.79592 -0.872637 0.784608 -0.395691 0.103674 -0.0410571 
1.69354 3.19874 3.01183 2.05632 3.22616 0.775635 1.82032 -0.285461 0.020461 -0.3462 -0.0464693 -0.0308925 
1.66879 2.83654 2.85227 2.12655 2.45964 0.362303 1.28933 -0.440344 0.182267 -0.126294 -0.044951 -0.00282965 
1.6554 2.90654 2.7239 2.18873 2.26928 0.845391 0.828731 -0.449984 0.259263 -0.383969 0.0647174 -0.0683185 
1.69994 3.13637 2.84318 2.43068 3.41506 0.927107 0.67998 -1.12078 1.08665 -0.540586 0.0557281 -0.129982 
1.65991 3.1521 2.86917 2.38264 3.58333 0.871398 1.14528 -0.366523 0.408517 -0.640916 0.0536408 -0.157073 
1.76377 2.81962 3.16558 2.0794 4.07144 0.949185 0.974192 -0.0499744 0.354873 -1.04842 0.0688209 -0.136959 
1.78085 2.93893 2.2943 2.14185 4.31785 0.541778 1.36257 0.162716 0.272713 -0.384583 -0.0576043 -0.0498952 
1.47915 3.31781 2.88853 2.51853 4.25087 0.373307 0.856663 0.490826 0.884805 -0.467867 0.183972 -0.1831 
1.49255 3.18718 2.93896 2.31557 3.65252 0.958839 1.47224 -0.0856627 0.955089 -0.554201 0.312926 -0.0794067 
1.57982 3.11775 3.26646 2.09951 3.32324 1.21222 1.56435 -0.207678 0.882977 -0.405223 0.213191 0.0162552 
1.68314 3.28493 3.6145 1.53942 3.66372 0.818868 1.91721 0.70441 0.208232 -0.413039 0.142019 -0.0406049 
1.60594 3.17559 3.61222 1.74091 3.75134 1.08057 1.54218 0.520884 0.806273 -0.936955 0.446242 -0.0720416 
1.47428 2.90205 3.32344 1.996 3.86343 0.999931 1.78858 0.536614 0.795408 -0.310327 0.305663 0.028842 
1.72583 3.20162 2.8668 1.97524 3.40741 0.61483 2.51272 0.155416 0.723178 -0.418346 0.0778852 0.0465957 
1.87308 3.07398 3.26729 1.96245 4.12715 0.909127 1.42179 0.208146 0.819247 -1.14843 0.098528 -0.0712603 
1.74903 3.01393 3.01542 2.35831 3.62237 0.99828 1.69477 -0.0845926 0.21776 -1.16006 0.161375 -0.122675 
1.72853 2.82323 2.90089 2.72232 3.19005 0.893432 1.57618 -0.310877 0.220983 -1.00891 0.0830123 -0.134482 
1.73435 2.93427 3.08558 2.17289 2.91499 1.01372 1.92767 0.184104 0.439369 -0.518707 0.0156133 -0.067751 
1.64345 3.12006 3.06673 1.75042 2.49689 1.39592 2.58169 0.651121 0.332498 -0.469084 0.11366 -0.0974974 
1.71717 2.84367 3.13273 1.8046 3.01957 1.86829 2.16387 0.74453 0.408305 -0.731671 0.296231 -0.00668862 
1.62794 2.88894 3.49759 2.36326 3.54792 1.2498 2.11465 0.515517 -0.000179587 -0.35923 0.137219 -0.0643477 
1.61079 2.62231 3.23434 2.47376 2.73959 1.95558 2.22201 0.678332 0.08567 -0.603581 0.339233 -0.0650708 
1.82673 2.46152 3.1559 2.33333 3.30957 1.57086 1.89007 0.844936 -0.123162 -0.589729 0.246798 0.0433788 
1.75164 2.68337 3.46178 1.99905 3.16851 1.20433 1.36409 0.92873 -0.128557 -0.581402 0.167536 -0.0815555 
1.70081 2.4178 3.52798 2.19968 2.87372 0.93123 1.12546 0.969609 0.900363 -0.211208 0.13394 0.0760509 
1.66665 2.30289 3.21672 2.13514 2.17495 0.88992 0.900919 1.17468 1.15523 0.395919 -0.00279902 0.0693995 
1.69141 2.39085 3.11782 1.82305 2.6734 1.10984 1.6495 1.44237 1.59474 0.580351 0.146701 0.168077 
1.55657 2.41633 2.8205 1.40193 2.63371 1.36004 2.32774 1.56563 1.77416 0.591007 0.0854033 0.170645 
1.60476 2.70848 2.71728 1.84873 2.33879 1.35009 1.99275 1.0981 2.46042 0.793116 0.189361 0.207363 
1.52571 2.46602 2.91425 1.99754 2.85219 1.685 2.19458 1.22331 1.68557 0.386938 0.287111 0.216864 
1.52171 2.35653 3.11776 2.05796 2.77904 2.05567 1.90574 0.950086 0.60917 0.446926 0.373716 0.162516 
1.43854 2.26746 2.96424 2.20528 3.03217 1.25325 1.82881 0.752796 0.371768 0.249541 0.661918 0.216242 
1.58717 2.29621 3.14475 1.96202 2.56594 0.760635 1.6204 0.850675 0.875118 0.0629979 0.499792 0.264382 
1.46438 2.36494 2.76481 1.9519 2.8875 0.932259 1.39714 0.789386 0.942722 0.579046 0.308325 0.218547 
1.23684 2.38191 3.34172 1.81719 3.10569 1.08033 1.75979 1.49593 1.02519 0.25242 0.238922 0.149125 
1.23348 2.0637 3.14817 1.5031 1.68493 0.733354 1.78007 1.15424 1.71702 0.108333 0.0552277 0.188116 
1.26196 2.06312 2.65594 1.70993 1.24121 0.833714 1.59084 0.706868 1.77591 0.110573 0.24135 0.153263 
1.3493 2.26813 2.54981 1.4559 1.866 0.559073 1.53531 0.99567 0.835618 0.778845 0.1855 0.192343 
1.26533 2.35621 2.89493 2.04429 2.62021 1.04121 1.28735 0.49695 0.970493 0.600039 0.295429 0.220483 
1.22646 2.4265 3.47727 1.82009 2.46022 1.19571 1.41607 0.903636 0.952262 0.606282 0.299049 0.241517 
1.29933 2.15822 3.1671 1.61172 2.43582 1.33698 1.64115 1.63552 0.573568 0.795496 0.484089 0.201395 
1.31698 1.9148 2.96685 1.70724 3.1484 1.16629 2.67305 1.04086 0.333007 0.554521 0.539927 0.282085 
1.28453 1.96912 2.46035 1.54421 3.04821 1.10506 1.7796 1.23818 1.44479 0.291959 0.165046 0.219086 
1.13581 1.57952 2.31635 1.0995 2.90857 1.2342 1.71213 1.49356 1.0409 0.00853124 0.190395 0.191916 
1.1314 1.35096 3.12618 1.62334 1.54834 0.682798 1.92229 1.435 1.02941 -0.326559 0.426699 0.221915 
1.27798 1.68725 2.98027 1.79156 2.35709 0.194716 1.44602 1.19634 1.04614 -0.0290812 0.292165 0.239495 
1.25464 1.73723 2.63448 2.23931 1.79116 1.70346 1.43011 0.201289 1.32662 0.188777 0.499171 0.192557 
1.19205 1.74301 2.49786 1.83722 1.99765 1.4271 1.21258 1.48889 1.84415 0.102748 0.32254 0.24695 
1.213 1.97194 2.28324 1.46957 2.35532 1.07763 1.33326 0.932247 1.58928 0.236691 0.75768 0.261185 
1.19359 2.03081 3.08427 1.8699 2.29329 1.1475 1.69371 0.891985 1.44088 -0.211472 0.505557 0.218678 
1.08645 1.73107 3.12498 1.481 2.1252 0.667697 1.65329 1.46428 1.00006 -0.132839 0.420087 0.211121 
1.14144 1.3737 2.73441 0.970103 2.16429 0.92078 1.28738 1.55065 0.667491 -0.262389 0.13778 0.127346 
1.10402 1.66954 2.69649 0.888779 1.86483 0.0286746 1.48339 1.44982 0.796146 0.153308 0.387507 0.133282 
1.23208 1.77591 2.39007 1.33945 1.29855 0.440546 1.82197 0.650727 1.53298 -0.025181 0.507077 0.178843 
1.32191 1.93217 1.89099 1.70663 1.10264 0.797653 1.45944 0.707957 1.32079 -0.200209 0.81317 0.147446 
1.32745 1.8609 2.66928 0.887093 1.71689 1.55341 1.95888 1.38775 0.780278 0.710401 0.342668 0.166645 
1.27807 1.80503 2.55144 1.05448 1.63025 1.48547 1.6296 0.512152 1.54661 1.44446 0.0979819 0.307657 
1.18225 1.71418 2.32815 0.938223 1.54445 0.553016 0.984857 0.81871 1.4192 1.0454 0.301823 0.266324 
1.24624 1.63437 2.43294 1.56373 2.05522 0.329741 1.63093 0.885876 1.214 0.832147 0.160055 0.258799 
1.21985 1.8603 2.70314 1.42956 1.53024 0.551776 1.23545 1.547 1.29542 0.0155281 0.678823 0.233131 
1.19431 1.84059 2.02684 1.03869 1.68568 -0.0599533 0.99625 1.61293 1.3373 -0.149634 0.666515 0.138746 
1.1307 1.56703 1.97312 1.29709 1.97283 -0.228923 1.28347 1.01434 1.03544 0.150527 0.0530913 0.121584 
1.12638 1.65339 1.71802 0.771673 2.19092 0.538687 1.7111 1.4591 0.700142 0.170926 0.362842 0.0723751 
1.18103 1.6102 1.59573 1.25488 1.99308 0.875256 1.51531 0.694196 0.936499 0.0797374 0.44019 0.0959805 
1.08996 1.69565 2.00524 1.4978 1.89265 0.340483 1.09494 0.531075 1.25953 0.884052 -0.113378 0.172795 
1.12357 1.72732 2.46858 1.39446 1.55677 0.0896668 1.30252 0.0821675 0.759733 0.746302 -0.179797 0.176356 
1.22498 1.62447 2.16694 1.16073 1.68956 0.862729 1.27868 1.04837 0.877551 0.271311 0.31192 0.129463 
1.21077 1.4863 1.69596 1.81885 1.6018 1.08003 1.06917 1.07737 0.331373 -0.110889 0.599088 0.143624 
1.12968 1.39832 1.63629 1.52023 1.74542 0.363253 1.37803 0.44196 -0.099932 -0.257165 0.926802 0.0986473 
1.03706 1.46541 1.68274 1.27796 1.30745 1.14804 1.22963 0.539855 0.157213 0.446369 0.42669 0.0231381 
1.12458 1.49519 2.23599 1.35481 1.41583 1.54548 0.844132 0.611417 0.38072 0.588591 0.354797 0.0965222 
1.10998 1.50237 1.76314 1.97486 1.25515 2.19182 0.71555 0.572521 0.760073 -0.44826 0.507453 0.107735 
1.13036 1.57141 2.17153 1.64576 1.34534 2.00698 0.53913 1.09237 1.04256 0.0312628 0.605252 0.188241 
1.1666 1.5413 1.94635 1.11282 1.33596 0.212153 1.82125 1.35749 0.849109 0.438784 0.181535 0.13949 
1.04482 1.72701 1.49845 1.27935 1.69721 1.11732 2.75912 1.0251 1.28539 0.663284 0.20918 0.193597 
0.971262 1.81668 2.24492 0.952731 2.11509 0.892458 1.90593 0.272079 1.02488 0.638961 0.6294 0.239005 
1.03144 1.81061 2.7596 0.864215 0.685576 0.910895 1.04465 0.47248 1.38545 0.368303 0.19154 0.230191 
1.06914 1.87081 1.71524 1.29861 1.29096 1.35808 1.61564 0.421927 0.367834 0.161747 0.716507 0.111396 
0.843356 1.47381 1.70458 1.11172 1.64572 1.28509 1.61946 0.947613 0.113207 0.293069 0.0552327 0.0444873 
0.798429 1.63793 2.25342 1.27051 0.723943 0.371766 1.11179 0.154422 -0.0945241 -0.185433 -0.0745325 -0.0388521 
0.861396 1.63441 2.1851 1.21062 1.68344 0.279958 0.881309 0.431646 0.219691 0.584502 0.46175 0.0883024 
0.928915 1.59356 1.80747 1.69741 1.80971 0.405481 0.75802 0.706339 0.622436 0.0871575 0.543326 0.0513812 
1.06237 1.61153 1.83362 1.64981 1.84642 0.490198 1.14682 0.549137 1.18254 0.277575 0.565171 0.150838 
1.01319 1.5213 1.71287 1.05725 0.586602 0.761126 1.18207 0.308595 1.21767 -0.0180457 0.564425 0.113295 
0.875583 1.38947 1.57983 0.953803 0.860043 1.274 1.4633 0.338613 0.838777 0.00132093 0.670169 -0.00994748 
0.984196 1.29982 1.88608 1.59201 1.22768 1.08889 1.04709 0.54331 0.755449 -0.0845981 0.662036 0.0767468 
1.03489 1.45593 1.43388 1.01771 1.24309 0.546296 1.11165 1.18095 1.21484 0.652247 0.583557 0.123087 
