0.811895 1.26081 2.10566 1.80177 0.990499 1.18658 1.18992 0.970845 0.271249 1.07443 0.244764 0.0489469 
0.832223 1.5268 1.91152 0.312431 1.23521 0.8459 1.54029 0.549329 0.699702 1.7402 0.329206 0.105199 
0.734148 1.25472 1.66799 0.766775 1.47932 0.967254 0.702779 0.686659 1.07222 0.669804 0.217793 -0.00919776 
0.725842 1.18057 1.51615 1.09377 1.41678 1.10604 0.881038 0.843952 1.27829 1.05673 0.489708 -0.0115615 
0.785544 1.42293 1.04478 0.634932 0.572232 0.510355 0.966247 0.940289 1.05981 1.1698 -0.0348346 0.0334747 
0.701911 1.36576 0.998407 -0.00442117 0.189632 0.382553 0.452218 0.344483 0.783811 0.351928 0.180588 -0.081256 
0.628404 1.13613 1.60214 0.421893 1.05734 1.06214 0.753378 0.45047 0.729132 0.649657 0.454113 -0.0654258 
0.642697 1.29 1.79842 0.756389 1.08512 1.32162 0.919301 1.1148 0.77991 0.943298 0.0597318 0.0878397 
0.723877 1.23012 1.50439 0.633107 1.36084 0.548964 1.39386 1.88965 1.02419 1.07918 -0.132958 0.038208 
0.659642 1.32312 1.47823 0.998407 0.469605 -0.0839132 1.29047 1.19417 1.24303 0.507332 0.111335 0.0926739 
0.59433 0.885507 1.34182 1.12641 0.270933 0.0738325 0.621396 1.02512 0.820049 0.172413 -0.0953643 -0.0538599 
0.657045 0.904857 1.77887 1.09112 1.0864 0.736952 1.9859 0.875831 1.31038 1.16337 0.252532 0.0103248 
0.649187 1.06765 1.62505 0.798469 1.23319 1.00956 1.59124 0.855559 0.856432 1.44714 0.185907 0.0469136 
0.65201 1.3633 1.83818 0.646976 1.23475 1.49376 1.72728 0.514575 0.695745 0.637142 0.0439981 0.112643 
0.554756 1.66319 1.90718 1.13862 0.790628 1.71088 2.10083 0.494618 0.849569 0.173324 0.477832 -0.00931734 
0.484072 1.21429 1.74892 1.41788 1.65859 2.13321 1.49284 -0.0361059 -0.23364 -0.0934375 0.581732 -0.035294 
0.646897 1.40377 1.43796 1.37279 1.44096 2.10932 0.85256 0.0315518 0.0541294 -0.5824 0.35661 -0.0423649 
0.62896 1.5354 1.52322 1.19203 1.19475 1.08596 0.668528 1.0955 0.687384 -0.46697 -0.162272 -0.0547119 
0.904848 1.87089 1.93045 1.80934 0.833698 0.466003 1.08499 1.73981 0.51256 -0.00532207 -0.421759 0.0667701 
1.1918 2.08481 2.0082 1.81728 0.683877 0.895381 1.48182 1.09987 0.334265 -0.360825 0.233783 -0.0504108 
1.62552 2.58166 2.5966 2.11799 1.61641 1.75228 0.860671 -0.336006 1.23762 -0.670399 -0.153365 -0.161704 
1.83635 2.9257 2.9395 2.41966 1.46588 0.268865 -0.539601 -1.06937 -0.825852 -0.780064 -0.644204 -0.377852 
2.45233 2.65617 1.0023 2.20643 2.59572 0.00442262 -1.5014 -1.67005 0.137937 -1.04414 -0.764359 -0.649071 
2.47005 2.40147 0.805944 1.82086 2.86785 -0.134898 -1.57722 -1.52877 0.418654 -1.00552 -0.879349 -0.668627 
2.65503 2.22322 1.01111 2.11575 2.02015 -0.705993 -1.24766 -2.13817 -0.0122627 -0.952485 -0.794344 -0.522141 
2.65914 2.24838 0.780745 1.26346 1.80148 -0.106698 -1.32489 -1.92362 -0.22764 -1.18722 -0.839993 -0.510288 
2.4012 1.86319 0.245187 1.11981 2.24197 -0.374343 -1.62007 -1.48336 -0.0418637 -1.28172 -0.926213 -0.50035 
2.15827 1.90616 0.504465 1.32468 1.8054 -0.839368 -1.60027 -1.27569 0.204198 -1.26958 -0.799551 -0.463875 
2.31099 1.87468 0.26216 1.56745 1.49907 -1.05794 -1.10626 -1.70357 0.0451749 -1.49083 -0.80934 -0.418989 
2.4318 1.66208 0.0239766 1.92219 0.930444 -1.3173 -0.955438 -2.22893 0.150898 -1.26471 -0.618584 -0.472197 
2.63213 1.67195 -0.334816 1.62835 0.836306 -1.28996 -1.24612 -2.15004 0.212135 -1.2285 -0.764339 -0.517037 
2.4809 1.83057 0.0552872 1.34561 0.725038 -1.66924 -1.24302 -2.15978 0.398764 -0.990944 -0.584386 -0.437088 
2.53033 1.8164 0.447375 1.55976 0.988704 -2.2087 -1.64353 -1.88708 0.31706 -0.84325 -0.682394 -0.317475 
2.6462 1.81339 0.374576 1.26871 0.363406 -1.61944 -2.03242 -1.95565 -0.0835349 -0.867408 -0.668193 -0.331805 
2.51878 1.7859 0.909815 2.02544 0.25516 -1.98563 -2.61628 -2.52912 -0.0473553 -0.224422 -0.493249 -0.411769 
2.82802 1.41844 0.875522 1.25144 0.757593 -2.41813 -2.8364 -2.23079 -0.212559 0.030645 -0.452239 -0.346925 
2.46898 1.88394 0.671134 0.882455 0.84865 -2.17485 -3.39407 -1.69032 0.112994 -0.0128267 -0.530269 -0.409982 
2.55405 1.70105 0.583383 0.604152 0.644597 -2.1106 -3.08432 -1.97794 0.549736 0.166869 -0.447739 -0.429199 
2.25538 1.98391 0.822168 0.671505 0.246151 -1.47868 -2.5238 -1.69869 -0.0646294 0.270867 -0.20948 -0.310923 
2.50713 1.94639 0.411434 0.0193327 0.262776 -1.5411 -1.71307 -0.665559 0.56673 -0.140077 -0.35142 -0.316023 
2.69971 1.77157 0.213631 -0.274106 0.735133 -1.8173 -1.61037 -0.285456 1.46865 0.622345 -0.26803 -0.376007 
2.76067 1.76389 0.233299 0.0441955 0.64806 -1.5338 -0.612323 -0.763366 1.32367 0.437072 -0.281603 -0.349564 
2.55244 1.60192 0.548682 0.332061 1.00918 -0.704334 -1.30345 -0.161344 2.01057 0.687929 -0.461514 -0.61991 
2.65989 1.45725 0.467275 0.631604 1.44009 -0.915268 -0.993113 -0.261748 1.70412 0.69001 -0.538576 -0.605788 
2.54481 1.72473 0.147872 0.34769 1.56203 -0.931038 -0.719641 -0.255491 1.90541 0.557876 -0.488417 -0.581178 
2.4826 1.56321 -0.0243668 0.344006 1.29195 -0.137606 -0.734987 -0.0241659 1.64139 0.374332 -0.352558 -0.466581 
2.44455 1.39104 0.00105012 0.614063 1.55239 0.669663 -0.349173 -0.302248 1.13704 0.332304 -0.102189 -0.277546 
2.60837 1.66095 0.0348637 0.977145 1.52251 0.199435 0.0138819 -0.365623 1.22248 0.0644426 -0.256183 -0.286524 
2.6973 1.65384 0.105119 0.7518 1.97994 -0.325044 0.150203 -0.144519 0.804015 -0.140272 -0.406722 -0.151613 
2.60346 2.03584 -0.510092 0.121015 1.9046 0.373288 0.028102 -0.176727 0.681792 0.111133 -0.146215 -0.237328 
2.53934 1.79419 -0.123714 0.15224 1.46308 0.62837 -0.192109 -0.434361 1.06342 -0.0263599 -0.187308 -0.29798 
2.60867 1.4978 -0.0134014 0.00434462 1.57024 0.692862 -0.638676 -0.0322507 1.38129 0.107266 -0.478378 -0.48923 
2.50104 1.6304 0.157964 -0.306411 1.85891 0.427122 -0.867223 -0.139173 0.734624 -0.19524 -0.31446 -0.296781 
2.43512 1.87635 0.134296 0.164948 2.64253 0.674122 -0.365957 -0.349152 0.47453 -0.166222 -0.395628 -0.396248 
2.353 2.02648 0.4933 0.422192 2.13091 0.120544 0.340941 -0.697605 1.22145 -0.352427 -0.401955 -0.33231 
2.23145 2.03821 0.420449 0.498069 1.81852 0.0105896 0.184961 0.0684104 0.972081 -0.243752 -0.568475 -0.456988 
2.29663 2.05294 0.631679 0.863267 2.16073 0.313811 0.286538 -0.844399 0.850359 -0.253079 -0.406432 -0.380889 
2.2078 2.18374 0.809034 0.812653 1.90277 0.0496856 0.612902 -0.187018 1.01901 -0.243069 -0.458332 -0.349149 
2.31236 2.3371 0.739537 0.172683 2.11723 -0.00539963 0.233282 0.417813 1.69593 -0.296984 -0.421033 -0.411898 
2.35252 2.0629 0.865857 0.258849 1.75152 0.508797 1.03532 0.993775 1.3254 0.06326 -0.368228 -0.299343 
2.11802 2.27531 1.23438 0.134095 1.58965 0.759509 1.91167 1.52565 1.00325 0.201771 -0.442917 -0.317701 
1.86643 1.90647 1.3116 0.840206 1.07491 1.36755 1.60006 1.2255 1.10306 0.123437 -0.416525 -0.294118 
1.89184 2.10871 1.72574 1.25076 1.69171 0.581767 0.64884 0.19281 0.914539 0.163693 -0.21907 -0.175548 
1.84481 2.15528 1.88565 1.09988 2.60415 0.678378 0.0923291 0.524392 0.726907 -0.0136199 -0.0856735 -0.126125 
1.85055 1.90959 2.73141 0.782742 2.1834 0.59712 0.381472 0.659514 0.4437 0.206177 -0.155044 -0.0875817 
1.81097 2.19394 2.49957 1.59568 2.00956 0.690619 1.28033 0.403533 1.45139 0.476499 -0.285296 -0.0723039 
1.77349 2.27405 2.44608 1.12174 2.23519 1.48856 0.836696 0.537791 1.60806 0.100577 -0.0430067 -0.0140818 
1.74806 2.1136 1.96226 1.54437 1.88294 1.73741 0.761411 -0.0245774 2.2313 0.366481 -0.0263509 -0.0243116 
1.75162 2.09674 1.73 1.5892 2.64062 1.55511 1.11509 0.516556 1.60479 0.367198 0.114481 0.0202168 
1.63743 2.23549 2.09953 1.30631 2.11182 0.486776 1.63474 1.21941 1.13304 -0.141917 0.277916 0.131423 
1.78971 2.01587 2.32791 1.70148 1.66053 0.631974 1.30911 1.15219 0.34525 0.331474 0.354001 0.170698 
1.59312 2.066 2.43677 2.00569 1.27941 0.865013 1.67391 0.718716 0.754374 -0.113685 0.369844 0.116964 
1.56437 2.01803 1.97678 1.57011 2.48081 1.59344 1.89202 1.17643 0.690696 0.146506 0.159082 0.110041 
1.61517 2.24777 2.1908 0.967238 2.45725 1.60433 2.22471 0.935957 0.451163 -0.0921922 0.155018 0.124278 
1.64118 1.8311 2.39661 1.19643 2.07055 0.701095 2.30815 0.614684 0.642418 0.880533 -0.00513131 0.14497 
1.51469 2.08059 2.57815 1.47945 1.80969 0.914068 2.32998 0.467185 1.17891 0.862799 -0.0880573 0.146807 
1.44273 2.2455 2.65803 0.951376 1.69194 1.79431 1.44558 0.613906 0.792102 0.437485 0.319619 0.203231 
1.55228 2.26676 2.71549 0.583237 1.01281 1.08679 1.48805 0.451558 1.38565 -0.0590422 0.716243 0.326595 
1.51129 2.20571 2.88898 0.969254 1.84042 0.538384 1.41054 0.549843 0.851527 -0.114078 0.4134 0.204743 
1.35076 1.98455 2.73691 1.74899 2.00138 0.699666 0.854909 0.191913 0.204172 0.187911 0.0494161 0.0487237 
1.52907 1.95164 2.72756 1.0397 1.99549 1.15192 0.925427 0.993176 0.4492 0.500237 0.019244 0.0297673 
1.44975 1.37724 2.83887 1.79759 2.36579 1.00509 0.886154 0.926219 0.8725 0.137224 -0.0570833 0.0835845 
1.42488 1.25021 2.80791 1.56584 1.84989 0.971573 1.23281 1.41412 1.21373 0.486842 0.0147671 0.156795 
1.27926 1.689 2.32535 0.889423 2.20765 0.27739 1.73518 1.43577 1.37793 0.64967 0.321492 0.267197 
1.18709 1.67158 2.37494 0.720499 2.81098 1.2155 1.55959 1.54636 0.804743 0.000457272 0.847993 0.19938 
1.18477 1.95766 2.53205 1.58145 2.38602 1.30915 1.01853 0.365111 0.757692 -0.0863717 0.862896 0.135977 
1.24529 1.99128 2.08853 1.41167 1.95016 0.824566 0.964259 0.348699 1.07187 -0.138486 0.483967 0.0893881 
1.18562 1.61587 1.98062 1.14963 1.55621 1.04563 1.35601 0.442549 -0.0425262 -0.115214 0.986897 0.109511 
1.13786 1.88235 2.02743 2.09115 1.59427 0.176758 1.70525 0.693943 0.429822 0.142214 0.416482 0.115589 
1.08251 1.60055 2.49843 1.30641 2.12069 0.685335 1.01585 0.50435 1.18902 0.0543893 -0.313883 0.121123 
0.934056 1.66988 1.94728 0.889688 1.86015 -0.110659 0.789438 0.836403 0.875264 0.0924279 0.0650332 0.00545367 
1.06452 1.85327 1.91695 0.910778 1.56327 0.933455 1.06242 0.86009 1.42426 0.0843272 0.847295 0.139523 
1.18583 1.68144 2.07288 0.994142 1.70185 0.663846 1.13502 1.3879 0.85682 0.540592 0.993825 0.228053 
1.07722 1.49199 1.97123 1.25948 2.01593 0.538498 1.57787 0.665851 1.05707 0.713864 1.24196 0.250892 
1.06677 1.64437 2.43649 1.78315 1.5748 0.58148 1.6328 1.03786 0.724768 1.06491 0.695512 0.222945 
0.973445 1.44467 2.54979 1.57509 1.35588 0.0944201 1.84584 1.67744 1.26392 0.979357 0.593809 0.299685 
1.09538 1.56817 2.78498 1.3409 1.83331 0.834803 2.14534 1.3603 1.07267 0.364288 0.39799 0.236871 
1.2137 1.63998 2.21442 1.11302 1.78559 1.08014 1.68481 1.22798 1.03679 0.319584 0.232625 0.158398 
1.14689 1.60685 2.02842 1.5735 2.12349 1.3411 1.08809 0.635147 0.820262 0.206959 0.245936 0.132589 
1.07045 1.39801 2.57079 1.36197 1.79942 1.55901 1.61029 0.185793 0.858498 0.466123 0.639232 0.189295 
1.13328 1.59112 2.27024 0.762687 1.77369 1.2466 0.618423 0.676255 1.34739 0.77031 0.233796 0.169903 
1.09693 1.6703 2.32379 1.07832 1.62734 0.501949 1.64653 0.618988 1.18056 0.655189 0.63269 0.233491 
1.10476 1.3495 2.2328 1.81482 1.45999 1.01757 1.80747 0.914681 1.03538 0.645592 0.980296 0.227397 
1.07655 1.63839 2.47493 1.82238 0.60337 0.835224 1.63044 0.369946 1.33423 0.544268 0.925245 0.210033 
1.06699 1.84041 2.41693 0.878974 1.44994 0.182131 2.06543 1.23076 1.06298 0.626763 0.658172 0.211869 
1.08194 1.6807 1.76844 0.899353 1.66414 -0.2928 0.937807 1.63629 1.18069 0.949706 0.682471 0.215124 
1.12937 1.31645 1.82044 0.821408 1.48002 0.799843 0.769247 1.70182 1.3144 0.416259 0.669459 0.111015 
1.07011 1.28092 1.7455 1.40972 1.87446 0.908608 1.72766 1.0027 1.06717 0.54123 0.666692 0.172817 
1.08014 1.41422 1.60833 1.15762 1.73337 0.571406 1.88672 0.966558 0.405883 0.779238 1.02493 0.1764 
1.16258 1.51818 1.736 0.840938 1.94882 0.467614 2.21253 1.24046 0.620882 0.980021 0.637969 0.22994 
0.960657 1.46955 2.43256 0.646542 1.59957 0.810297 1.70712 0.785134 0.509503 0.370655 0.25839 0.122515 
1.07614 1.38509 2.15471 0.847649 1.32068 0.319971 1.7141 1.02743 0.926098 1.01608 0.423318 0.164775 
0.993171 1.61998 2.10845 0.471973 1.72653 0.0178708 1.15612 0.872918 1.41558 1.22862 0.567225 0.261567 
