0.778478 1.28606 1.28948 1.25473 1.73511 1.34533 1.64958 1.33941 0.205849 -0.108798 0.0757575 0.0936987 
0.697097 1.23436 1.16603 1.40953 1.25607 0.971014 0.657981 0.830227 0.875267 0.681326 0.0741243 0.0615587 
0.713157 1.07034 1.32502 1.13196 1.215 0.734131 1.459 0.236098 0.892314 1.08559 0.068417 0.0512555 
0.659296 1.1147 1.18196 0.681664 0.888782 1.41242 1.69767 0.253678 1.47369 1.24301 -0.022459 0.034449 
0.625732 0.942336 1.11191 0.533126 0.742881 1.39354 1.33133 0.635102 -0.0582758 0.726467 -0.0404346 -0.143666 
0.547947 1.03121 1.23226 0.682582 1.20197 0.829671 0.463382 0.547359 0.436619 1.03611 -0.219629 -0.0752914 
0.685577 1.23023 1.50514 1.0514 0.919229 0.418088 0.3552 0.986817 0.605493 0.936143 0.0723614 0.042418 
0.498718 1.44964 1.3795 1.10595 1.70791 0.442222 0.723238 1.3191 0.470787 0.439724 0.261484 0.0089618 
0.511835 1.26673 1.28026 1.29994 1.14611 1.30064 0.248344 0.740453 0.646368 0.2257 0.122942 -0.0320081 
0.478058 0.922144 0.62836 0.623698 0.782104 1.15462 0.55878 0.266538 -0.0550549 0.57521 0.147405 -0.319737 
0.4218 1.05396 0.514874 0.428058 0.902565 -0.194744 -0.0565364 0.924172 0.430104 0.183832 0.155704 -0.394704 
0.391609 0.958866 0.744528 0.0705677 0.907306 -0.738975 0.499635 1.16892 1.38713 0.780371 -0.308772 -0.0195946 
0.50774 1.17574 1.04242 0.46304 0.494233 0.44735 0.258085 -0.18514 0.471193 0.916672 -0.33615 -0.016365 
0.499346 1.08039 1.13016 -0.220482 0.619152 0.510824 0.090845 -0.554592 -0.0788419 1.15099 0.141656 0.0862647 
0.558197 1.04067 0.492848 0.466527 0.664124 1.32474 0.293987 0.599804 0.208487 0.0403359 0.307636 -0.00741198 
0.69874 1.20888 0.568487 0.551709 0.19161 1.25317 0.397762 0.261047 0.0578374 -0.222825 0.17337 -0.059593 
0.890235 1.0607 0.845504 0.24525 -0.151199 1.11362 0.509844 0.373848 0.34245 0.359509 0.300458 -0.0193801 
0.928826 1.0793 1.49809 0.741487 0.362815 0.237652 0.570309 -0.0795127 0.415551 0.213645 0.0621463 -0.100716 
1.09283 1.27562 1.69528 1.18394 0.897833 0.0252116 0.485804 0.0302065 0.788658 -0.668793 -0.228171 -0.0634659 
1.22217 1.39912 1.6233 1.28308 0.903992 0.528163 0.34807 0.214635 0.229583 -0.175887 -0.277483 -0.126019 
1.90172 1.8132 1.00469 1.31507 1.62222 -0.126138 -1.44065 -0.882996 -0.0563837 -0.350729 -0.415336 -0.362884 
2.43877 1.9204 0.513206 1.24332 1.97689 -0.389614 -2.07324 -1.46818 -0.0624423 -0.970205 -0.754158 -0.454031 
2.55215 2.1699 0.552164 0.825392 1.18741 -0.81019 -1.5964 -1.35591 0.151093 -1.0067 -0.704927 -0.398537 
2.55409 1.88533 0.650904 1.14407 1.19846 -0.997088 -2.03622 -1.24064 0.0566335 -0.762236 -0.694329 -0.347887 
2.72225 1.13447 0.027158 1.50815 1.26529 -1.11085 -1.9159 -1.26806 0.21789 -0.481715 -0.722834 -0.34309 
2.80549 1.20137 -0.113932 1.31207 1.04962 -1.69435 -1.58349 -1.64972 0.301313 -0.718065 -0.706725 -0.18195 
2.76019 1.40329 -0.574701 0.668801 1.02152 -0.927931 -1.4688 -1.75012 0.309482 -0.842791 -0.633188 -0.178949 
2.67717 1.53551 -0.675567 0.125391 1.02303 -0.378696 -1.75763 -1.54146 -0.0724298 -0.927457 -0.586078 -0.184508 
2.96869 1.41605 -0.715402 -0.0549138 1.08679 -0.851536 -1.59073 -1.67292 -0.182675 -0.503362 -0.6027 -0.304492 
3.05694 1.50351 -0.509486 -0.257692 0.681185 -0.971473 -1.84078 -1.92791 -0.118043 -0.21508 -0.459764 -0.360317 
3.08548 1.43655 -0.987691 -0.160488 0.57155 -1.15892 -2.0969 -1.7531 -0.0555047 -0.0609864 -0.401188 -0.392083 
3.00575 1.23291 -1.46256 -0.266303 0.46163 -1.30249 -1.8124 -1.62426 0.208478 -0.242285 -0.569571 -0.429602 
2.99054 1.04885 -1.44678 -0.51463 0.313739 -1.04665 -1.55147 -1.21573 0.60968 -0.00563064 -0.540342 -0.457774 
2.964 1.04877 -1.35912 -0.897843 0.526141 -0.716203 -1.57335 -0.623319 0.944539 0.377151 -0.370463 -0.442217 
2.99636 1.02348 -1.74584 -1.1648 0.316082 -0.46868 -0.645205 0.0776515 1.56963 0.458994 -0.526604 -0.598683 
3.03499 0.963679 -1.4755 -0.621885 0.396426 -0.916544 -0.625217 -0.178737 1.73125 0.78807 -0.356135 -0.621163 
3.1342 1.20222 -1.4299 -0.625451 1.16796 -1.24186 -0.615454 0.140356 1.64053 0.811915 -0.480365 -0.599994 
3.2062 1.06074 -1.24627 -0.416344 1.4619 -0.881143 -0.137444 0.0810251 1.26018 0.61791 -0.54288 -0.623079 
2.90915 1.42765 -1.13608 -0.414276 0.931913 0.127662 -0.252041 0.243268 0.862879 0.34326 -0.467445 -0.619318 
2.92469 1.51903 -1.29457 -0.326095 1.27029 0.19211 -0.0507941 0.308082 0.795322 0.368442 -0.391494 -0.510631 
3.15974 1.032 -0.921774 0.320545 0.774245 0.137154 0.986884 -0.406671 0.563945 0.311459 -0.0497511 -0.338836 
2.80632 1.08986 -0.527537 1.00537 1.2123 0.331055 0.825567 0.0392101 0.50688 -0.0273871 -0.230218 -0.286806 
2.78728 1.26905 -0.634015 0.252274 1.8832 0.644678 1.41619 -0.0280959 0.708027 0.0850525 -0.2801 -0.293777 
2.90159 0.711339 -1.17744 0.438519 2.21819 0.211007 0.80477 0.196307 0.945899 0.42916 -0.106959 -0.187455 
2.67138 0.584156 -1.29515 0.187774 2.34462 0.269363 0.467212 0.252625 1.44359 0.856717 -0.0688019 -0.333932 
2.7608 0.743645 -0.978885 0.0745266 2.67033 0.0137389 0.505488 0.813001 1.13779 0.537202 -0.454379 -0.351668 
2.85219 0.944454 -0.931302 0.46462 3.23673 0.284394 0.686086 0.563258 0.994111 0.325653 -0.665169 -0.387968 
2.62649 1.10442 -0.674973 0.481188 2.48323 0.989637 0.51798 0.517217 0.984848 0.586234 -0.349648 -0.513302 
2.66153 1.04958 -1.1354 0.796749 2.9786 0.665909 1.28165 0.0690207 1.03298 0.480314 -0.307315 -0.429239 
2.76711 1.0119 -1.34065 0.718051 3.15141 0.600418 1.20581 0.564427 1.07852 0.476135 -0.464616 -0.449879 
2.64462 1.16056 -0.962731 0.256849 2.74761 0.963386 1.32716 0.859291 0.849267 0.449769 -0.482063 -0.479916 
2.63544 0.931689 -0.460997 0.0255497 2.21813 1.19849 1.29859 0.287615 1.46056 0.512335 -0.500581 -0.517177 
2.63526 1.30727 -0.928817 -0.131062 2.17099 0.560141 0.49782 0.964499 1.49981 0.581037 -0.466762 -0.50327 
2.53977 1.28021 -0.958286 0.0621521 1.75418 0.760156 1.12921 0.987014 1.54343 0.302518 -0.341844 -0.349592 
2.49651 1.11536 -0.692924 0.0312936 1.54081 0.415469 1.36349 0.843151 1.82817 0.414359 -0.215424 -0.265005 
2.40802 1.10991 -0.358865 -0.09042 2.35276 0.0104587 0.541105 1.07426 1.43456 0.691469 -0.348116 -0.34578 
2.44215 1.3223 0.0336123 -0.257837 2.10281 0.324302 0.246684 1.26196 0.976184 0.180888 -0.43077 -0.325317 
2.42127 1.59234 -0.0849402 -0.471318 1.96829 0.331762 0.727709 0.852784 1.42069 0.0675248 -0.406988 -0.289598 
2.22433 1.61849 0.446251 -0.337421 2.37063 0.837396 0.663317 0.820202 1.68239 0.254725 -0.317471 -0.35714 
2.37175 1.6572 0.240672 -0.184669 1.91653 0.630543 0.318203 0.285476 1.60878 0.205872 -0.225116 -0.274875 
2.18469 1.66543 0.349384 0.625866 2.65762 -0.027882 0.858673 -0.265097 1.34094 0.411852 -0.382387 -0.269015 
2.22052 1.71615 0.462545 0.409189 2.1622 -0.0199825 1.04612 0.314342 1.01949 0.459067 -0.228859 -0.152359 
2.25105 1.24091 0.636759 0.387585 1.1209 1.01144 0.880881 -0.356251 0.732167 0.492461 0.160101 0.0027744 
2.14174 1.09436 0.550118 -0.540925 1.82884 -0.407376 0.689166 0.445675 0.950032 0.31044 -0.22956 -0.0199042 
1.9626 1.47153 1.07451 0.193282 0.353782 -0.179032 1.17338 0.645197 1.35938 0.141359 0.197943 0.0660918 
1.96452 1.77315 0.706459 -0.14073 0.741096 0.780935 1.46661 0.306602 1.53857 0.473264 0.0386181 -0.149031 
2.00241 1.89918 1.04744 0.145055 1.4376 1.07348 1.63968 0.832465 1.13867 0.245889 -0.236087 -0.206374 
1.90604 1.8721 1.26795 0.370927 1.69965 0.95392 1.71293 1.20823 0.98567 -0.336224 -0.236578 -0.114341 
1.9811 1.59877 1.81356 -0.496669 2.44002 1.29161 0.856876 0.558841 1.08706 0.339036 0.110124 0.114566 
2.06317 1.63838 1.85891 -0.430554 1.78839 1.11997 1.73294 1.14984 1.27084 0.558154 -0.110619 0.00788069 
1.89937 1.62041 1.65453 0.270396 2.08699 0.584295 1.7034 1.40259 1.36735 0.466726 -0.250809 -0.0810451 
1.8022 1.80898 1.75751 0.210756 2.00287 -0.246548 1.36133 0.802065 1.21163 0.295201 0.0819627 0.174055 
1.73678 1.68156 1.81841 0.963385 1.40986 0.0145382 0.971902 0.981677 0.477473 0.932506 0.139307 0.0398983 
1.58278 1.74294 1.7523 1.29563 0.773844 0.19256 1.13576 1.18332 0.986466 -0.0803032 0.396517 0.122546 
1.60757 1.59156 1.67684 0.251548 0.999812 0.572239 1.53513 0.537601 1.24421 -0.0875242 0.14181 0.0780919 
1.63438 1.50535 1.60214 0.501899 1.87264 1.22303 1.59012 0.570188 1.38634 0.254697 0.148127 0.139811 
1.72236 1.39795 2.05166 0.0292405 1.76902 1.1942 1.67692 1.10172 0.294787 0.524635 0.308028 0.164686 
1.52993 1.5122 2.13634 0.36427 2.04035 1.30824 1.87213 1.91808 0.616962 0.0308584 0.461941 0.181254 
1.48453 1.56877 2.30661 0.251475 1.16723 0.942257 1.9659 1.72449 1.54048 -0.0422869 0.467106 0.202355 
1.42712 1.48918 1.46607 -0.247803 1.23995 0.816442 2.05823 1.76676 1.35109 0.418455 0.440673 0.129008 
1.40529 1.58516 1.52621 0.286237 0.829952 1.19801 1.64602 1.28683 1.86352 0.54632 0.431796 0.137261 
1.44781 1.87504 1.63871 0.81619 0.670783 1.24473 1.03414 0.399417 1.6195 0.562761 0.665288 0.249751 
1.59426 1.36895 1.86318 0.189836 1.02832 0.692566 0.691538 0.799247 1.51818 0.300265 0.434108 0.201656 
1.34572 1.69338 1.66521 0.311223 0.852337 -0.525987 1.42755 0.792968 0.966737 0.190308 0.0278763 0.0776667 
1.28024 1.4814 1.46685 1.6634 0.775467 0.161766 1.53436 0.915436 1.28606 -0.0904765 -0.0635509 0.0429779 
1.14896 1.0843 2.15468 1.19096 1.01182 0.549021 2.09178 1.53369 1.39438 0.00118472 -0.118095 0.12025 
1.25372 1.31983 2.43702 0.630175 0.977401 0.289569 1.76677 0.706608 1.00163 0.256912 0.156871 0.121527 
1.2107 1.54279 2.01964 1.47388 1.14471 -0.095167 2.11553 0.309762 0.845442 -0.34807 0.0550463 0.0541232 
1.21397 1.45853 1.76269 0.663356 0.945597 0.692964 1.64712 -0.0184183 0.952202 -0.0416184 -0.184458 0.0175799 
1.23696 1.24187 1.90882 0.109176 1.50426 -0.0148522 1.09159 1.0456 1.34894 0.331634 0.0114023 0.0942823 
1.16413 1.24214 2.0907 0.0819185 0.921066 0.748527 1.19508 0.65759 0.867181 0.439127 0.171417 0.0941007 
1.19929 1.23416 2.27503 -0.00382963 1.37902 0.303255 0.896462 0.752484 1.04398 0.619287 -0.184027 0.130113 
1.22433 1.43605 1.76201 0.064144 2.00901 0.217458 1.60311 0.619087 0.834849 0.716831 0.342208 0.225596 
1.21017 1.57447 1.76787 0.313638 1.94827 0.777519 2.08476 0.286695 0.779534 0.812449 0.373332 0.245919 
1.15758 1.29058 2.11542 0.595066 1.2635 1.0939 0.85429 0.972634 0.409141 1.22031 0.402538 0.0603787 
1.22602 1.44332 2.08833 1.02355 1.38118 0.234852 0.339896 1.02249 0.934896 1.13789 0.0254605 0.102412 
1.15827 1.7982 1.48411 0.837316 2.10276 0.0595401 0.820928 0.946973 1.47538 0.038638 0.196789 0.0326122 
1.20144 1.43767 1.83506 0.6361 2.28933 0.436811 1.30189 1.37378 1.10534 0.29919 0.707666 0.200276 
1.15096 1.2144 2.20474 1.04994 1.44941 1.92879 2.09517 1.01971 0.952102 0.309664 0.515291 0.203233 
1.24655 1.38762 1.5536 0.977353 1.17106 0.973933 2.5175 1.25212 0.547079 0.153516 0.190939 0.0658394 
1.23059 1.8077 1.21173 0.799603 1.45511 0.0867789 1.61022 1.65001 0.689828 0.0867455 0.509553 0.0537349 
1.06233 1.58774 1.54732 0.673094 1.19988 0.860376 1.42877 1.22474 1.33219 -0.133173 0.71962 0.0218049 
1.05071 1.27856 2.06396 1.00177 1.38203 0.407204 1.24224 0.289415 0.943875 0.576292 0.933648 0.145484 
1.16279 1.12221 2.11554 0.621372 1.0198 0.624079 1.82647 0.506605 0.938859 0.59001 0.729424 0.15796 
1.1076 1.04192 1.86856 0.71493 1.86679 0.468779 0.713842 1.32646 1.2909 0.574652 0.286829 0.089754 
1.14872 1.16205 1.85749 1.1807 1.52001 0.537697 0.893959 0.93915 1.45553 0.908935 0.266252 0.149382 
1.09752 1.29298 1.69274 1.52745 1.5039 0.550151 1.02994 0.893097 1.13959 0.57458 0.639607 0.160852 
1.0799 1.43022 1.3598 0.955522 1.53565 0.856749 1.46168 1.11529 1.21698 0.300756 0.904033 0.0987919 
1.16364 1.31932 1.58539 0.445627 1.70529 0.581463 1.23818 0.4124 1.03743 0.963482 0.653474 0.193958 
0.975214 1.2719 1.82054 0.460576 1.48063 0.00680675 1.10144 0.801414 1.45963 0.274167 0.451022 0.13293 
1.0747 1.3814 1.93481 0.539063 1.41093 0.726678 0.889846 0.96635 1.01131 0.379251 0.421399 0.12958 
0.990063 1.55778 1.80332 1.33383 1.41913 1.53854 1.60725 1.64545 0.84846 0.389203 0.467586 0.143787 
0.975032 1.39249 1.81077 1.12238 1.83089 0.814341 0.957407 1.16814 1.43619 0.336357 0.370658 0.164543 
0.910775 1.07398 1.41624 0.306207 0.989643 0.93114 1.7214 1.4038 0.982036 0.701656 0.691806 0.0122134 
0.832106 1.23253 1.45346 0.776969 1.1798 0.457448 1.66331 0.653174 1.2611 0.813448 0.261741 0.0200107 
0.883575 1.02032 1.86432 0.594728 2.09185 1.68025 1.26424 1.01736 0.719178 -0.0270667 -0.265598 0.129669 
0.921012 1.14352 1.9382 0.802816 1.68962 0.967551 1.62436 0.191689 0.843405 0.39032 0.276985 0.10828 
0.854657 1.42925 1.82493 1.82563 1.41307 0.649976 1.88876 -0.124801 0.999811 0.499216 0.531517 0.0583491 
0.741446 1.64749 1.7228 1.80927 1.86917 0.748456 1.44336 0.550255 0.248976 0.345384 0.689352 -0.0319018 
0.962744 1.6327 1.26374 0.913254 1.29957 0.551294 1.11947 0.716968 1.01421 0.4479 0.525306 0.0694631 
0.904326 1.4054 1.75166 0.79516 1.34889 0.477313 1.48765 0.69988 1.35169 0.504967 0.361242 0.115825 
